# Liste des scalaires : TEMPS pmat 
0.00000000000000e+00 1.00000000000000e+05 
7.22956891292051e-05 1.00000000000000e+05 
1.39473830159771e-04 1.00000000000000e+05 
2.09658797050056e-04 1.00000000000000e+05 
2.76117114236646e-04 1.00000000000000e+05 
3.20638761908019e-04 1.00000000000000e+05 
3.55139419127559e-04 1.00000000000000e+05 
3.84466703006835e-04 1.00000000000000e+05 
4.10882456555236e-04 1.00000000000000e+05 
4.35440253196211e-04 1.00000000000000e+05 
4.62453829501285e-04 1.00000000000000e+05 
4.92168763436865e-04 1.00000000000000e+05 
5.24855190766004e-04 1.00000000000000e+05 
5.60810260828056e-04 1.00000000000000e+05 
6.00360837896314e-04 1.00000000000000e+05 
6.43866472671397e-04 1.00000000000000e+05 
6.91722670923989e-04 1.00000000000000e+05 
7.44364489001840e-04 1.00000000000000e+05 
8.02270488887476e-04 1.00000000000000e+05 
8.65967088761676e-04 1.00000000000000e+05 
9.36033348623296e-04 1.00000000000000e+05 
1.01310623447108e-03 1.00000000000000e+05 
1.09788640890364e-03 1.00000000000000e+05 
1.19114460077945e-03 1.00000000000000e+05 
1.28874595967971e-03 1.00000000000000e+05 
1.39427742078060e-03 1.00000000000000e+05 
1.50221628787590e-03 1.00000000000000e+05 
1.61553425737442e-03 1.00000000000000e+05 
1.73457348070783e-03 1.00000000000000e+05 
1.85733677968567e-03 1.00000000000000e+05 
1.98616223838818e-03 1.00000000000000e+05 
2.11872938704566e-03 1.00000000000000e+05 
2.25541689819591e-03 1.00000000000000e+05 
2.39772133018592e-03 1.00000000000000e+05 
2.54485627308998e-03 1.00000000000000e+05 
2.69657390129092e-03 1.00000000000000e+05 
2.85238267869048e-03 1.00000000000000e+05 
3.01245336051893e-03 1.00000000000000e+05 
3.17812497445941e-03 1.00000000000000e+05 
3.34903914085749e-03 1.00000000000000e+05 
3.52550659026100e-03 1.00000000000000e+05 
3.70726992321156e-03 1.00000000000000e+05 
3.89587589613349e-03 1.00000000000000e+05 
4.08975108536924e-03 1.00000000000000e+05 
4.28959471139946e-03 1.00000000000000e+05 
4.49516060408130e-03 1.00000000000000e+05 
4.70839016598449e-03 1.00000000000000e+05 
4.92856382960675e-03 1.00000000000000e+05 
5.15483884145420e-03 1.00000000000000e+05 
5.38810296190154e-03 1.00000000000000e+05 
5.62716466634009e-03 1.00000000000000e+05 
5.87020744914522e-03 1.00000000000000e+05 
6.12048136571333e-03 1.00000000000000e+05 
6.37286430389575e-03 1.00000000000000e+05 
6.63255113912380e-03 1.00000000000000e+05 
6.89402088723651e-03 1.00000000000000e+05 
7.16407723384116e-03 1.00000000000000e+05 
7.43326730659798e-03 1.00000000000000e+05 
7.70315999145558e-03 1.00000000000000e+05 
7.97338676293493e-03 1.00000000000000e+05 
8.24754349101091e-03 1.00000000000000e+05 
8.52473894207811e-03 1.00000000000000e+05 
8.79743166169952e-03 1.00000000000000e+05 
9.06542722558323e-03 1.00000000000000e+05 
9.32941417110488e-03 1.00000000000000e+05 
9.59006889331367e-03 1.00000000000000e+05 
9.84672896855384e-03 1.00000000000000e+05 
1.01000478587883e-02 1.00000000000000e+05 
1.03507238529467e-02 1.00000000000000e+05 
1.05988653543767e-02 1.00000000000000e+05 
1.08301245690066e-02 1.00000000000000e+05 
1.10372524135840e-02 1.00000000000000e+05 
1.12311447309418e-02 1.00000000000000e+05 
1.14168789149367e-02 1.00000000000000e+05 
1.15959982592403e-02 1.00000000000000e+05 
1.17699724328115e-02 1.00000000000000e+05 
1.19396720038728e-02 1.00000000000000e+05 
1.21055028689026e-02 1.00000000000000e+05 
1.22685655424062e-02 1.00000000000000e+05 
1.24290640641542e-02 1.00000000000000e+05 
1.25880576373732e-02 1.00000000000000e+05 
1.27458295057495e-02 1.00000000000000e+05 
1.29033890672218e-02 1.00000000000000e+05 
1.30609438683009e-02 1.00000000000000e+05 
1.32190579037857e-02 1.00000000000000e+05 
1.33776701971389e-02 1.00000000000000e+05 
1.35373327972590e-02 1.00000000000000e+05 
1.36986081724015e-02 1.00000000000000e+05 
1.38613473123735e-02 1.00000000000000e+05 
1.40260837672663e-02 1.00000000000000e+05 
1.41924735726671e-02 1.00000000000000e+05 
1.43607734197199e-02 1.00000000000000e+05 
1.45305025108663e-02 1.00000000000000e+05 
1.47017718688759e-02 1.00000000000000e+05 
1.48740945591859e-02 1.00000000000000e+05 
1.50476154634442e-02 1.00000000000000e+05 
1.52219234099316e-02 1.00000000000000e+05 
1.53972789668971e-02 1.00000000000000e+05 
1.55733174868259e-02 1.00000000000000e+05 
1.57503050860402e-02 1.00000000000000e+05 
1.59277761230495e-02 1.00000000000000e+05 
1.61061150560321e-02 1.00000000000000e+05 
1.62850174689936e-02 1.00000000000000e+05 
1.64648777234831e-02 1.00000000000000e+05 
1.66453717873699e-02 1.00000000000000e+05 
1.68269271756880e-02 1.00000000000000e+05 
1.70092772651034e-02 1.00000000000000e+05 
1.71929304078457e-02 1.00000000000000e+05 
1.73776636809992e-02 1.00000000000000e+05 
1.75640007984725e-02 1.00000000000000e+05 
1.77517168053895e-02 1.00000000000000e+05 
1.79413088386584e-02 1.00000000000000e+05 
1.81325600279425e-02 1.00000000000000e+05 
1.83259309615863e-02 1.00000000000000e+05 
1.85212149522264e-02 1.00000000000000e+05 
1.87188105093103e-02 1.00000000000000e+05 
1.89165309290176e-02 1.00000000000000e+05 
1.91149119144492e-02 1.00000000000000e+05 
1.93136799296933e-02 1.00000000000000e+05 
1.95133977414092e-02 1.00000000000000e+05 
1.97138040600293e-02 1.00000000000000e+05 
1.99154373043397e-02 1.00000000000000e+05 
2.01180549113688e-02 1.00000000000000e+05 
2.03221568700722e-02 1.00000000000000e+05 
2.05275173746012e-02 1.00000000000000e+05 
2.07344821048892e-02 1.00000000000000e+05 
2.09427557390081e-02 1.00000000000000e+05 
2.11527443451824e-02 1.00000000000000e+05 
2.13642052707315e-02 1.00000000000000e+05 
2.15775042859430e-02 1.00000000000000e+05 
2.17924210676110e-02 1.00000000000000e+05 
2.20092826916613e-02 1.00000000000000e+05 
2.22278760711826e-02 1.00000000000000e+05 
2.24479818975827e-02 1.00000000000000e+05 
2.26686789098310e-02 1.00000000000000e+05 
2.28904247924656e-02 1.00000000000000e+05 
2.31129403999328e-02 1.00000000000000e+05 
2.33366671148466e-02 1.00000000000000e+05 
2.35613041805691e-02 1.00000000000000e+05 
2.37872688531683e-02 1.00000000000000e+05 
2.40142560470165e-02 1.00000000000000e+05 
2.42426693894500e-02 1.00000000000000e+05 
2.44722262908869e-02 1.00000000000000e+05 
2.47033258647426e-02 1.00000000000000e+05 
2.49357193297220e-02 1.00000000000000e+05 
2.51697882754547e-02 1.00000000000000e+05 
2.54052892787063e-02 1.00000000000000e+05 
2.56425624066645e-02 1.00000000000000e+05 
2.58805880777220e-02 1.00000000000000e+05 
2.61199670442064e-02 1.00000000000000e+05 
2.63601799073068e-02 1.00000000000000e+05 
2.66018914033305e-02 1.00000000000000e+05 
2.68445716253506e-02 1.00000000000000e+05 
2.70888713735036e-02 1.00000000000000e+05 
2.73342529449514e-02 1.00000000000000e+05 
2.75813741576838e-02 1.00000000000000e+05 
2.78296829941283e-02 1.00000000000000e+05 
2.80794701950717e-02 1.00000000000000e+05 
2.83303110615976e-02 1.00000000000000e+05 
2.85825262093238e-02 1.00000000000000e+05 
2.88357921070214e-02 1.00000000000000e+05 
2.90904450458174e-02 1.00000000000000e+05 
2.93461098550406e-02 1.00000000000000e+05 
2.96031133852504e-02 1.00000000000000e+05 
2.98610426779598e-02 1.00000000000000e+05 
3.01202316645091e-02 1.00000000000000e+05 
3.03802545607722e-02 1.00000000000000e+05 
3.06414663093012e-02 1.00000000000000e+05 
3.09034302492145e-02 1.00000000000000e+05 
3.11665173928554e-02 1.00000000000000e+05 
3.14302677048381e-02 1.00000000000000e+05 
3.16950479920337e-02 1.00000000000000e+05 
3.19603768013931e-02 1.00000000000000e+05 
3.22266454558883e-02 1.00000000000000e+05 
3.24933766853709e-02 1.00000000000000e+05 
3.27610021001561e-02 1.00000000000000e+05 
3.30290544357498e-02 1.00000000000000e+05 
3.32979744888035e-02 1.00000000000000e+05 
3.35673651862236e-02 1.00000000000000e+05 
3.38373180629572e-02 1.00000000000000e+05 
3.41076674442560e-02 1.00000000000000e+05 
3.43785330368990e-02 1.00000000000000e+05 
3.46498529254651e-02 1.00000000000000e+05 
3.49217259302968e-02 1.00000000000000e+05 
3.51940405107448e-02 1.00000000000000e+05 
3.54668821381422e-02 1.00000000000000e+05 
3.57401192176796e-02 1.00000000000000e+05 
3.60138541034561e-02 1.00000000000000e+05 
3.62879630533934e-02 1.00000000000000e+05 
3.65625473921390e-02 1.00000000000000e+05 
3.68375036165367e-02 1.00000000000000e+05 
3.71129539340642e-02 1.00000000000000e+05 
3.73884786142899e-02 1.00000000000000e+05 
3.76640262330062e-02 1.00000000000000e+05 
3.79396686915811e-02 1.00000000000000e+05 
3.82154221323178e-02 1.00000000000000e+05 
3.84913700550884e-02 1.00000000000000e+05 
3.87675161379788e-02 1.00000000000000e+05 
3.90439296312994e-02 1.00000000000000e+05 
3.93205867217422e-02 1.00000000000000e+05 
3.95975354433077e-02 1.00000000000000e+05 
3.98747482180505e-02 1.00000000000000e+05 
4.01522659781615e-02 1.00000000000000e+05 
4.04300672600929e-02 1.00000000000000e+05 
4.07081885009160e-02 1.00000000000000e+05 
4.09866273695704e-02 1.00000000000000e+05 
4.12652988547573e-02 1.00000000000000e+05 
4.15443138037150e-02 1.00000000000000e+05 
4.18235048737563e-02 1.00000000000000e+05 
4.21030810625988e-02 1.00000000000000e+05 
4.23828864260835e-02 1.00000000000000e+05 
4.26630993282271e-02 1.00000000000000e+05 
4.29435787671586e-02 1.00000000000000e+05 
4.32244793862015e-02 1.00000000000000e+05 
4.35056702041997e-02 1.00000000000000e+05 
4.37872797714123e-02 1.00000000000000e+05 
4.40691807722403e-02 1.00000000000000e+05 
4.43514888545928e-02 1.00000000000000e+05 
4.46339851707262e-02 1.00000000000000e+05 
4.49166416548044e-02 1.00000000000000e+05 
4.51993011374648e-02 1.00000000000000e+05 
4.54821103123076e-02 1.00000000000000e+05 
4.57649119154704e-02 1.00000000000000e+05 
4.60478498603459e-02 1.00000000000000e+05 
4.63307688885703e-02 1.00000000000000e+05 
4.66138134796103e-02 1.00000000000000e+05 
4.68968429795060e-02 1.00000000000000e+05 
4.71800012732662e-02 1.00000000000000e+05 
4.74631482005835e-02 1.00000000000000e+05 
4.77464123994439e-02 1.00000000000000e+05 
4.80296691974391e-02 1.00000000000000e+05 
4.83130482641373e-02 1.00000000000000e+05 
4.85964481251299e-02 1.00000000000000e+05 
4.88800005668942e-02 1.00000000000000e+05 
4.91636136474032e-02 1.00000000000000e+05 
4.94474110359368e-02 1.00000000000000e+05 
4.97312994010533e-02 1.00000000000000e+05 
5.00153944071900e-02 1.00000000000000e+05 
5.02996057142103e-02 1.00000000000000e+05 
5.05840540847784e-02 1.00000000000000e+05 
5.08686393558850e-02 1.00000000000000e+05 
5.11534760609984e-02 1.00000000000000e+05 
5.14384588460734e-02 1.00000000000000e+05 
5.17237037601453e-02 1.00000000000000e+05 
5.20091063599307e-02 1.00000000000000e+05 
5.22947855125639e-02 1.00000000000000e+05 
5.25806357577311e-02 1.00000000000000e+05 
5.28667784530925e-02 1.00000000000000e+05 
5.31531038356596e-02 1.00000000000000e+05 
5.34397342695259e-02 1.00000000000000e+05 
5.37265453425799e-02 1.00000000000000e+05 
5.40136720226613e-02 1.00000000000000e+05 
5.43009814006600e-02 1.00000000000000e+05 
5.45886034144603e-02 1.00000000000000e+05 
5.48764106908237e-02 1.00000000000000e+05 
5.51643950777079e-02 1.00000000000000e+05 
5.54523948397429e-02 1.00000000000000e+05 
5.57403430950460e-02 1.00000000000000e+05 
5.60284400419824e-02 1.00000000000000e+05 
5.63163215885647e-02 1.00000000000000e+05 
5.66044964798422e-02 1.00000000000000e+05 
5.68922850508066e-02 1.00000000000000e+05 
5.71804159320291e-02 1.00000000000000e+05 
5.74681182246607e-02 1.00000000000000e+05 
5.77561573757421e-02 1.00000000000000e+05 
5.80437960023402e-02 1.00000000000000e+05 
5.83317599793013e-02 1.00000000000000e+05 
5.86193455993432e-02 1.00000000000000e+05 
5.89072264546210e-02 1.00000000000000e+05 
5.91947359321094e-02 1.00000000000000e+05 
5.94825074917688e-02 1.00000000000000e+05 
5.97699083518959e-02 1.00000000000000e+05 
6.00575377363000e-02 1.00000000000000e+05 
6.03447989876205e-02 1.00000000000000e+05 
6.06322598259460e-02 1.00000000000000e+05 
6.09193272059581e-02 1.00000000000000e+05 
6.12065924442525e-02 1.00000000000000e+05 
6.14934409413940e-02 1.00000000000000e+05 
6.17805073230195e-02 1.00000000000000e+05 
6.20671548611969e-02 1.00000000000000e+05 
6.23540396749514e-02 1.00000000000000e+05 
6.26405212129617e-02 1.00000000000000e+05 
6.29272298318097e-02 1.00000000000000e+05 
6.32135448299963e-02 1.00000000000000e+05 
6.35000804775882e-02 1.00000000000000e+05 
6.37862488109443e-02 1.00000000000000e+05 
6.40726407206748e-02 1.00000000000000e+05 
6.43586919952172e-02 1.00000000000000e+05 
6.46449609594146e-02 1.00000000000000e+05 
6.49309064031699e-02 1.00000000000000e+05 
6.52170603832785e-02 1.00000000000000e+05 
6.55029042198189e-02 1.00000000000000e+05 
6.57889390352301e-02 1.00000000000000e+05 
6.60746741214832e-02 1.00000000000000e+05 
6.63605913496350e-02 1.00000000000000e+05 
6.66462319681431e-02 1.00000000000000e+05 
6.69320419386289e-02 1.00000000000000e+05 
6.72175928548346e-02 1.00000000000000e+05 
6.75033239145645e-02 1.00000000000000e+05 
6.77888216110938e-02 1.00000000000000e+05 
6.80745148883336e-02 1.00000000000000e+05 
6.83599832809078e-02 1.00000000000000e+05 
6.86456542568971e-02 1.00000000000000e+05 
6.89311085864141e-02 1.00000000000000e+05 
6.92167692953967e-02 1.00000000000000e+05 
6.95022326630277e-02 1.00000000000000e+05 
6.97879109522326e-02 1.00000000000000e+05 
7.00734182566836e-02 1.00000000000000e+05 
7.03591526333302e-02 1.00000000000000e+05 
7.06447529869913e-02 1.00000000000000e+05 
7.09305864843755e-02 1.00000000000000e+05 
7.12163140657561e-02 1.00000000000000e+05 
7.15022723312389e-02 1.00000000000000e+05 
7.17881337380789e-02 1.00000000000000e+05 
7.20741984426093e-02 1.00000000000000e+05 
7.23601731945151e-02 1.00000000000000e+05 
7.26463240109121e-02 1.00000000000000e+05 
7.29323990963111e-02 1.00000000000000e+05 
7.32183477615207e-02 1.00000000000000e+05 
7.35044373185825e-02 1.00000000000000e+05 
7.37905207162030e-02 1.00000000000000e+05 
7.40767837641227e-02 1.00000000000000e+05 
7.43630718051657e-02 1.00000000000000e+05 
7.46494936054979e-02 1.00000000000000e+05 
7.49359834311657e-02 1.00000000000000e+05 
7.52225856724313e-02 1.00000000000000e+05 
7.55092639263765e-02 1.00000000000000e+05 
7.57960599991712e-02 1.00000000000000e+05 
7.60829352213786e-02 1.00000000000000e+05 
7.63699269309649e-02 1.00000000000000e+05 
7.66569859260924e-02 1.00000000000000e+05 
7.69441573668835e-02 1.00000000000000e+05 
7.72313565108407e-02 1.00000000000000e+05 
7.75186395175175e-02 1.00000000000000e+05 
7.78059204863846e-02 1.00000000000000e+05 
7.80932585269638e-02 1.00000000000000e+05 
7.83805732327915e-02 1.00000000000000e+05 
7.86678968707893e-02 1.00000000000000e+05 
7.89552441167003e-02 1.00000000000000e+05 
7.92425362440112e-02 1.00000000000000e+05 
7.95298868955848e-02 1.00000000000000e+05 
7.98171259851349e-02 1.00000000000000e+05 
8.01044165589790e-02 1.00000000000000e+05 
8.03915909571336e-02 1.00000000000000e+05 
8.06788244415580e-02 1.00000000000000e+05 
8.09659467997619e-02 1.00000000000000e+05 
8.12531425610071e-02 1.00000000000000e+05 
8.15401924426933e-02 1.00000000000000e+05 
8.18273456918349e-02 1.00000000000000e+05 
8.21143507174612e-02 1.00000000000000e+05 
8.24014777919254e-02 1.00000000000000e+05 
8.26884713081020e-02 1.00000000000000e+05 
8.29755916741399e-02 1.00000000000000e+05 
8.32625834772012e-02 1.00000000000000e+05 
8.35496953736385e-02 1.00000000000000e+05 
8.38366922121398e-02 1.00000000000000e+05 
8.41237862886184e-02 1.00000000000000e+05 
8.44107637502901e-02 1.00000000000000e+05 
8.46978271007289e-02 1.00000000000000e+05 
8.49847801112084e-02 1.00000000000000e+05 
8.52718176673208e-02 1.00000000000000e+05 
8.55587570675145e-02 1.00000000000000e+05 
8.58457919204257e-02 1.00000000000000e+05 
8.61327437267923e-02 1.00000000000000e+05 
8.64195346833423e-02 1.00000000000000e+05 
8.67065476853194e-02 1.00000000000000e+05 
8.69934194896671e-02 1.00000000000000e+05 
8.72805302531221e-02 1.00000000000000e+05 
8.75674761592550e-02 1.00000000000000e+05 
8.78547173926024e-02 1.00000000000000e+05 
8.81417427677105e-02 1.00000000000000e+05 
8.84290374516392e-02 1.00000000000000e+05 
8.87160893052594e-02 1.00000000000000e+05 
8.90033554002578e-02 1.00000000000000e+05 
8.92903869306543e-02 1.00000000000000e+05 
8.95776019918178e-02 1.00000000000000e+05 
8.98645936319675e-02 1.00000000000000e+05 
9.01517525266984e-02 1.00000000000000e+05 
9.04386979095592e-02 1.00000000000000e+05 
9.07258002462193e-02 1.00000000000000e+05 
9.10126987378174e-02 1.00000000000000e+05 
9.12997454061719e-02 1.00000000000000e+05 
9.15866024361301e-02 1.00000000000000e+05 
9.18736161305292e-02 1.00000000000000e+05 
9.21604492941957e-02 1.00000000000000e+05 
9.24474603020541e-02 1.00000000000000e+05 
9.27342983016810e-02 1.00000000000000e+05 
9.30213256062747e-02 1.00000000000000e+05 
9.33082018332943e-02 1.00000000000000e+05 
9.35952758774411e-02 1.00000000000000e+05 
9.38819897416826e-02 1.00000000000000e+05 
9.41691621406974e-02 1.00000000000000e+05 
9.44560198239655e-02 1.00000000000000e+05 
9.47432883888040e-02 1.00000000000000e+05 
9.50302326308252e-02 1.00000000000000e+05 
9.53175121934627e-02 1.00000000000000e+05 
9.56045219535517e-02 1.00000000000000e+05 
9.58917790702375e-02 1.00000000000000e+05 
9.61788213928491e-02 1.00000000000000e+05 
9.64661388902514e-02 1.00000000000000e+05 
9.67532209329833e-02 1.00000000000000e+05 
9.70405407961245e-02 1.00000000000000e+05 
9.73276316943421e-02 1.00000000000000e+05 
9.76149398589579e-02 1.00000000000000e+05 
9.79020274765327e-02 1.00000000000000e+05 
9.81893462329955e-02 1.00000000000000e+05 
9.84764554301480e-02 1.00000000000000e+05 
9.87638307998005e-02 1.00000000000000e+05 
9.90509989298692e-02 1.00000000000000e+05 
9.93384338009396e-02 1.00000000000000e+05 
9.96256611892263e-02 1.00000000000000e+05 
9.99131491134750e-02 1.00000000000000e+05 
1.00200430483824e-01 1.00000000000000e+05 
1.00487947705877e-01 1.00000000000000e+05 
1.00775185228609e-01 1.00000000000000e+05 
1.01062781656543e-01 1.00000000000000e+05 
1.01350166069319e-01 1.00000000000000e+05 
1.01637840557827e-01 1.00000000000000e+05 
1.01925353153754e-01 1.00000000000000e+05 
1.02213116999827e-01 1.00000000000000e+05 
1.02500745387241e-01 1.00000000000000e+05 
1.02788582261708e-01 1.00000000000000e+05 
1.03076288355318e-01 1.00000000000000e+05 
1.03364173906024e-01 1.00000000000000e+05 
1.03651929098796e-01 1.00000000000000e+05 
1.03939848852438e-01 1.00000000000000e+05 
1.04227639722150e-01 1.00000000000000e+05 
1.04515562711705e-01 1.00000000000000e+05 
1.04803371442272e-01 1.00000000000000e+05 
1.05091350612900e-01 1.00000000000000e+05 
1.05379170083641e-01 1.00000000000000e+05 
1.05667155624729e-01 1.00000000000000e+05 
1.05954969658279e-01 1.00000000000000e+05 
1.06242940946004e-01 1.00000000000000e+05 
1.06530741037823e-01 1.00000000000000e+05 
1.06818700727224e-01 1.00000000000000e+05 
1.07106493187110e-01 1.00000000000000e+05 
1.07394213460263e-01 1.00000000000000e+05 
1.07681960228074e-01 1.00000000000000e+05 
1.07969835664506e-01 1.00000000000000e+05 
1.08257584412875e-01 1.00000000000000e+05 
1.08545410093686e-01 1.00000000000000e+05 
1.08833102947571e-01 1.00000000000000e+05 
1.09120883759141e-01 1.00000000000000e+05 
1.09408551721749e-01 1.00000000000000e+05 
1.09696286435698e-01 1.00000000000000e+05 
1.09983934429774e-01 1.00000000000000e+05 
1.10271571176396e-01 1.00000000000000e+05 
1.10559166783484e-01 1.00000000000000e+05 
1.10846710173112e-01 1.00000000000000e+05 
1.11134220062343e-01 1.00000000000000e+05 
1.11421681827441e-01 1.00000000000000e+05 
1.11709119427851e-01 1.00000000000000e+05 
1.11996521852646e-01 1.00000000000000e+05 
1.12283914062904e-01 1.00000000000000e+05 
1.12571285603735e-01 1.00000000000000e+05 
1.12858656418101e-01 1.00000000000000e+05 
1.13146017060629e-01 1.00000000000000e+05 
1.13433384067741e-01 1.00000000000000e+05 
1.13720763204378e-01 1.00000000000000e+05 
1.14008122773349e-01 1.00000000000000e+05 
1.14295459821187e-01 1.00000000000000e+05 
1.14582827732697e-01 1.00000000000000e+05 
1.14870149984248e-01 1.00000000000000e+05 
1.15157528996196e-01 1.00000000000000e+05 
1.15444852114092e-01 1.00000000000000e+05 
1.15732172778231e-01 1.00000000000000e+05 
1.16019514704790e-01 1.00000000000000e+05 
1.16306778464822e-01 1.00000000000000e+05 
1.16594160459951e-01 1.00000000000000e+05 
1.16881381910162e-01 1.00000000000000e+05 
1.17168734865546e-01 1.00000000000000e+05 
1.17455925606481e-01 1.00000000000000e+05 
1.17743274953355e-01 1.00000000000000e+05 
1.18030466854259e-01 1.00000000000000e+05 
1.18317830969594e-01 1.00000000000000e+05 
1.18605035829533e-01 1.00000000000000e+05 
1.18892422123166e-01 1.00000000000000e+05 
1.19179648711394e-01 1.00000000000000e+05 
1.19467051987870e-01 1.00000000000000e+05 
1.19754331709066e-01 1.00000000000000e+05 
1.20041830555317e-01 1.00000000000000e+05 
1.20329229550999e-01 1.00000000000000e+05 
1.20616780939308e-01 1.00000000000000e+05 
1.20904172876118e-01 1.00000000000000e+05 
1.21191742269124e-01 1.00000000000000e+05 
1.21479169931651e-01 1.00000000000000e+05 
1.21766828876543e-01 1.00000000000000e+05 
1.22054387714921e-01 1.00000000000000e+05 
1.22342068303663e-01 1.00000000000000e+05 
1.22629600077052e-01 1.00000000000000e+05 
1.22917249907832e-01 1.00000000000000e+05 
1.23204769987515e-01 1.00000000000000e+05 
1.23492401530771e-01 1.00000000000000e+05 
1.23779922231012e-01 1.00000000000000e+05 
1.24067553465011e-01 1.00000000000000e+05 
1.24355090344005e-01 1.00000000000000e+05 
1.24642740313600e-01 1.00000000000000e+05 
1.24930308314437e-01 1.00000000000000e+05 
1.25217993389616e-01 1.00000000000000e+05 
1.25505622715688e-01 1.00000000000000e+05 
1.25793388396141e-01 1.00000000000000e+05 
1.26081154281955e-01 1.00000000000000e+05 
1.26369079721854e-01 1.00000000000000e+05 
1.26657080411399e-01 1.00000000000000e+05 
1.26945284548781e-01 1.00000000000000e+05 
1.27233634838361e-01 1.00000000000000e+05 
1.27522243002356e-01 1.00000000000000e+05 
1.27810655631103e-01 1.00000000000000e+05 
1.28099234724472e-01 1.00000000000000e+05 
1.28387617316123e-01 1.00000000000000e+05 
1.28676163371165e-01 1.00000000000000e+05 
1.28964550154725e-01 1.00000000000000e+05 
1.29253102260201e-01 1.00000000000000e+05 
1.29541534769129e-01 1.00000000000000e+05 
1.29830125505150e-01 1.00000000000000e+05 
1.30118626233586e-01 1.00000000000000e+05 
1.30407275468903e-01 1.00000000000000e+05 
1.30620049008491e-01 1.00000000000000e+05 
1.30846046360850e-01 1.00000000000000e+05 
1.31081975999647e-01 1.00000000000000e+05 
1.31324813059214e-01 1.00000000000000e+05 
1.31557815511156e-01 1.00000000000000e+05 
1.31797631369684e-01 1.00000000000000e+05 
1.32034416009393e-01 1.00000000000000e+05 
1.32275004657324e-01 1.00000000000000e+05 
1.32513697404469e-01 1.00000000000000e+05 
1.32755469175816e-01 1.00000000000000e+05 
1.32995070052811e-01 1.00000000000000e+05 
1.33237779119441e-01 1.00000000000000e+05 
1.33478256375556e-01 1.00000000000000e+05 
1.33721970166929e-01 1.00000000000000e+05 
1.33963376767415e-01 1.00000000000000e+05 
1.34208151385629e-01 1.00000000000000e+05 
1.34450511998678e-01 1.00000000000000e+05 
1.34696359326713e-01 1.00000000000000e+05 
1.34939654378179e-01 1.00000000000000e+05 
1.35186555258766e-01 1.00000000000000e+05 
1.35430751844212e-01 1.00000000000000e+05 
1.35678671039121e-01 1.00000000000000e+05 
1.35923728743891e-01 1.00000000000000e+05 
1.36172607894032e-01 1.00000000000000e+05 
1.36418475791723e-01 1.00000000000000e+05 
1.36668232185880e-01 1.00000000000000e+05 
1.36914847553262e-01 1.00000000000000e+05 
1.37165453674092e-01 1.00000000000000e+05 
1.37412750882710e-01 1.00000000000000e+05 
1.37664140562969e-01 1.00000000000000e+05 
1.37912062904358e-01 1.00000000000000e+05 
1.38164167356707e-01 1.00000000000000e+05 
1.38412650463344e-01 1.00000000000000e+05 
1.38665395150857e-01 1.00000000000000e+05 
1.38914364343213e-01 1.00000000000000e+05 
1.39167667244320e-01 1.00000000000000e+05 
1.39417032198408e-01 1.00000000000000e+05 
1.39670802749987e-01 1.00000000000000e+05 
1.39920439165289e-01 1.00000000000000e+05 
1.40174576413980e-01 1.00000000000000e+05 
1.40424386488095e-01 1.00000000000000e+05 
1.40678778876291e-01 1.00000000000000e+05 
1.40928654229565e-01 1.00000000000000e+05 
1.41183179700834e-01 1.00000000000000e+05 
1.41433003984420e-01 1.00000000000000e+05 
1.41687532629022e-01 1.00000000000000e+05 
1.41937184264055e-01 1.00000000000000e+05 
1.42191579525805e-01 1.00000000000000e+05 
1.42440932859616e-01 1.00000000000000e+05 
1.42695052244496e-01 1.00000000000000e+05 
1.42943977670249e-01 1.00000000000000e+05 
1.43197672033103e-01 1.00000000000000e+05 
1.43446034749669e-01 1.00000000000000e+05 
1.43699148100249e-01 1.00000000000000e+05 
1.43946808708415e-01 1.00000000000000e+05 
1.44199179527438e-01 1.00000000000000e+05 
1.44445996522201e-01 1.00000000000000e+05 
1.44697460584110e-01 1.00000000000000e+05 
1.44943291856162e-01 1.00000000000000e+05 
1.45193682791623e-01 1.00000000000000e+05 
1.45438386365151e-01 1.00000000000000e+05 
1.45687536200205e-01 1.00000000000000e+05 
1.45930970405824e-01 1.00000000000000e+05 
1.46178710422089e-01 1.00000000000000e+05 
1.46420735355044e-01 1.00000000000000e+05 
1.46666897607613e-01 1.00000000000000e+05 
1.46907372241888e-01 1.00000000000000e+05 
1.47151785249732e-01 1.00000000000000e+05 
1.47390566731330e-01 1.00000000000000e+05 
1.47633058598216e-01 1.00000000000000e+05 
1.47870007555800e-01 1.00000000000000e+05 
1.48110411326525e-01 1.00000000000000e+05 
1.48345395156446e-01 1.00000000000000e+05 
1.48583551684883e-01 1.00000000000000e+05 
1.48816446119884e-01 1.00000000000000e+05 
1.49052205717639e-01 1.00000000000000e+05 
1.49282896237994e-01 1.00000000000000e+05 
1.49516139740982e-01 1.00000000000000e+05 
1.49744561352204e-01 1.00000000000000e+05 
1.49975246119080e-01 1.00000000000000e+05 
1.50201391976008e-01 1.00000000000000e+05 
1.50429512481110e-01 1.00000000000000e+05 
1.50653392007688e-01 1.00000000000000e+05 
1.50878980124027e-01 1.00000000000000e+05 
1.51100609479251e-01 1.00000000000000e+05 
1.51324364141552e-01 1.00000000000000e+05 
1.51544647513544e-01 1.00000000000000e+05 
1.51766946100653e-01 1.00000000000000e+05 
1.51985662275913e-01 1.00000000000000e+05 
1.52206983061299e-01 1.00000000000000e+05 
1.52425130683342e-01 1.00000000000000e+05 
1.52645882517078e-01 1.00000000000000e+05 
1.52863554069556e-01 1.00000000000000e+05 
1.53087800555042e-01 1.00000000000000e+05 
1.53304499746250e-01 1.00000000000000e+05 
1.53524459020312e-01 1.00000000000000e+05 
1.53741762501465e-01 1.00000000000000e+05 
1.53965677190301e-01 1.00000000000000e+05 
1.54182142256773e-01 1.00000000000000e+05 
1.54401834115148e-01 1.00000000000000e+05 
1.54618889371412e-01 1.00000000000000e+05 
1.54842487179554e-01 1.00000000000000e+05 
1.55058693586709e-01 1.00000000000000e+05 
1.55282072616045e-01 1.00000000000000e+05 
1.55498336186470e-01 1.00000000000000e+05 
1.55717884106858e-01 1.00000000000000e+05 
1.55934840319154e-01 1.00000000000000e+05 
1.56158321341929e-01 1.00000000000000e+05 
1.56374428553102e-01 1.00000000000000e+05 
1.56597683188158e-01 1.00000000000000e+05 
1.56813795087663e-01 1.00000000000000e+05 
1.57037237174154e-01 1.00000000000000e+05 
1.57253474839893e-01 1.00000000000000e+05 
1.57473138694072e-01 1.00000000000000e+05 
1.57690014005592e-01 1.00000000000000e+05 
1.57909949246926e-01 1.00000000000000e+05 
1.58127059411124e-01 1.00000000000000e+05 
1.58351026313278e-01 1.00000000000000e+05 
1.58567336881590e-01 1.00000000000000e+05 
1.58791089383526e-01 1.00000000000000e+05 
1.59007431709579e-01 1.00000000000000e+05 
1.59231332664615e-01 1.00000000000000e+05 
1.59447813233882e-01 1.00000000000000e+05 
1.59667855645268e-01 1.00000000000000e+05 
1.59884977491665e-01 1.00000000000000e+05 
1.60105196488721e-01 1.00000000000000e+05 
1.60322533179473e-01 1.00000000000000e+05 
1.60546734600593e-01 1.00000000000000e+05 
1.60763248693318e-01 1.00000000000000e+05 
1.60987193011226e-01 1.00000000000000e+05 
1.61203698819972e-01 1.00000000000000e+05 
1.61427718904270e-01 1.00000000000000e+05 
1.61644302427151e-01 1.00000000000000e+05 
1.61868422831463e-01 1.00000000000000e+05 
1.62085082601082e-01 1.00000000000000e+05 
1.62309283203046e-01 1.00000000000000e+05 
1.62525998786837e-01 1.00000000000000e+05 
1.62750244530726e-01 1.00000000000000e+05 
1.62966986974466e-01 1.00000000000000e+05 
1.63191232694609e-01 1.00000000000000e+05 
1.63407965398866e-01 1.00000000000000e+05 
1.63628463551249e-01 1.00000000000000e+05 
1.63846206744924e-01 1.00000000000000e+05 
1.64067156071085e-01 1.00000000000000e+05 
1.64259401591924e-01 1.00000000000000e+05 
1.64451666167842e-01 1.00000000000000e+05 
1.64643940996267e-01 1.00000000000000e+05 
1.64836248872687e-01 1.00000000000000e+05 
1.65028586514263e-01 1.00000000000000e+05 
1.65220972365901e-01 1.00000000000000e+05 
1.65413395657075e-01 1.00000000000000e+05 
1.65605867978281e-01 1.00000000000000e+05 
1.65798374279229e-01 1.00000000000000e+05 
1.65990926094809e-01 1.00000000000000e+05 
1.66183508097215e-01 1.00000000000000e+05 
1.66376133956298e-01 1.00000000000000e+05 
1.66568791005622e-01 1.00000000000000e+05 
1.66761495448467e-01 1.00000000000000e+05 
1.66954235774703e-01 1.00000000000000e+05 
1.67147031289357e-01 1.00000000000000e+05 
1.67339874425674e-01 1.00000000000000e+05 
1.67532779423592e-01 1.00000000000000e+05 
1.67725732841856e-01 1.00000000000000e+05 
1.67918746763222e-01 1.00000000000000e+05 
1.68111809380603e-01 1.00000000000000e+05 
1.68304929307194e-01 1.00000000000000e+05 
1.68498090055166e-01 1.00000000000000e+05 
1.68710566877935e-01 1.00000000000000e+05 
1.68933085650302e-01 1.00000000000000e+05 
1.69158371693643e-01 1.00000000000000e+05 
1.69379700609893e-01 1.00000000000000e+05 
1.69604253151615e-01 1.00000000000000e+05 
1.69825177198283e-01 1.00000000000000e+05 
1.70049296259280e-01 1.00000000000000e+05 
1.70269871872864e-01 1.00000000000000e+05 
1.70493563442936e-01 1.00000000000000e+05 
1.70713773851946e-01 1.00000000000000e+05 
1.70937343666157e-01 1.00000000000000e+05 
1.71133601602871e-01 1.00000000000000e+05 
1.71327410308538e-01 1.00000000000000e+05 
1.71521237738328e-01 1.00000000000000e+05 
1.71715098801550e-01 1.00000000000000e+05 
1.71908978708502e-01 1.00000000000000e+05 
1.72102890660296e-01 1.00000000000000e+05 
1.72296810244497e-01 1.00000000000000e+05 
1.72490756375705e-01 1.00000000000000e+05 
1.72684712517207e-01 1.00000000000000e+05 
1.72878709657402e-01 1.00000000000000e+05 
1.73072736356126e-01 1.00000000000000e+05 
1.73266824043280e-01 1.00000000000000e+05 
1.73460962328136e-01 1.00000000000000e+05 
1.73655175104022e-01 1.00000000000000e+05 
1.73849448702522e-01 1.00000000000000e+05 
1.74043800345271e-01 1.00000000000000e+05 
1.74238213128218e-01 1.00000000000000e+05 
1.74432697989435e-01 1.00000000000000e+05 
1.74627230195386e-01 1.00000000000000e+05 
1.74821825322417e-01 1.00000000000000e+05 
1.75016463175184e-01 1.00000000000000e+05 
1.75211164009631e-01 1.00000000000000e+05 
1.75405910320240e-01 1.00000000000000e+05 
1.75600722059644e-01 1.00000000000000e+05 
1.75795581708950e-01 1.00000000000000e+05 
1.75990507838504e-01 1.00000000000000e+05 
1.76185482377637e-01 1.00000000000000e+05 
1.76380523200735e-01 1.00000000000000e+05 
1.76575611847793e-01 1.00000000000000e+05 
1.76770766189000e-01 1.00000000000000e+05 
1.76965967560377e-01 1.00000000000000e+05 
1.77161234145048e-01 1.00000000000000e+05 
1.77356547177394e-01 1.00000000000000e+05 
1.77551925217550e-01 1.00000000000000e+05 
1.77747349446981e-01 1.00000000000000e+05 
1.77942838781203e-01 1.00000000000000e+05 
1.78138374127980e-01 1.00000000000000e+05 
1.78333974928317e-01 1.00000000000000e+05 
1.78529621673192e-01 1.00000000000000e+05 
1.78725334316420e-01 1.00000000000000e+05 
1.78921093096731e-01 1.00000000000000e+05 
1.79116918225171e-01 1.00000000000000e+05 
1.79312789813187e-01 1.00000000000000e+05 
1.79508728085747e-01 1.00000000000000e+05 
1.79704713041856e-01 1.00000000000000e+05 
1.79900764740869e-01 1.00000000000000e+05 
1.80096862998482e-01 1.00000000000000e+05 
1.80293027263790e-01 1.00000000000000e+05 
1.80489235871821e-01 1.00000000000000e+05 
1.80683146963496e-01 1.00000000000000e+05 
1.80877096360188e-01 1.00000000000000e+05 
1.81071101702231e-01 1.00000000000000e+05 
1.81265147493364e-01 1.00000000000000e+05 
1.81459249161103e-01 1.00000000000000e+05 
1.81653389677183e-01 1.00000000000000e+05 
1.81847584524251e-01 1.00000000000000e+05 
1.82041816245233e-01 1.00000000000000e+05 
1.82236103457962e-01 1.00000000000000e+05 
1.82430429477580e-01 1.00000000000000e+05 
1.82624812108566e-01 1.00000000000000e+05 
1.82819233701183e-01 1.00000000000000e+05 
1.83013713593408e-01 1.00000000000000e+05 
1.83208234153111e-01 1.00000000000000e+05 
1.83402813329333e-01 1.00000000000000e+05 
1.83597432333462e-01 1.00000000000000e+05 
1.83792148913347e-01 1.00000000000000e+05 
1.83987359191563e-01 1.00000000000000e+05 
1.84182981191369e-01 1.00000000000000e+05 
1.84379118690307e-01 1.00000000000000e+05 
1.84575591079446e-01 1.00000000000000e+05 
1.84772480594983e-01 1.00000000000000e+05 
1.84969663895561e-01 1.00000000000000e+05 
1.85167246861650e-01 1.00000000000000e+05 
1.85365139189938e-01 1.00000000000000e+05 
1.85563478917054e-01 1.00000000000000e+05 
1.85761571535551e-01 1.00000000000000e+05 
1.85959800782014e-01 1.00000000000000e+05 
1.86158139683738e-01 1.00000000000000e+05 
1.86356601417533e-01 1.00000000000000e+05 
1.86557740840100e-01 1.00000000000000e+05 
1.86759866005129e-01 1.00000000000000e+05 
1.86962739493697e-01 1.00000000000000e+05 
1.87166799073555e-01 1.00000000000000e+05 
1.87371772158781e-01 1.00000000000000e+05 
1.87578242535306e-01 1.00000000000000e+05 
1.87785879293854e-01 1.00000000000000e+05 
1.87995464884356e-01 1.00000000000000e+05 
1.88206586550865e-01 1.00000000000000e+05 
1.88399225319348e-01 1.00000000000000e+05 
1.88591905932263e-01 1.00000000000000e+05 
1.88784462943987e-01 1.00000000000000e+05 
1.88977085130610e-01 1.00000000000000e+05 
1.89169700959222e-01 1.00000000000000e+05 
1.89362691071773e-01 1.00000000000000e+05 
1.89555821322334e-01 1.00000000000000e+05 
1.89749331368186e-01 1.00000000000000e+05 
1.89942962203141e-01 1.00000000000000e+05 
1.90136947880590e-01 1.00000000000000e+05 
1.90331027255904e-01 1.00000000000000e+05 
1.90525457134074e-01 1.00000000000000e+05 
1.90719974815258e-01 1.00000000000000e+05 
1.90914859429260e-01 1.00000000000000e+05 
1.91109843829071e-01 1.00000000000000e+05 
1.91305224657496e-01 1.00000000000000e+05 
1.91500729861951e-01 1.00000000000000e+05 
1.91696668684098e-01 1.00000000000000e+05 
1.91892860528099e-01 1.00000000000000e+05 
1.92088925146890e-01 1.00000000000000e+05 
1.92286691427390e-01 1.00000000000000e+05 
1.92486475845535e-01 1.00000000000000e+05 
1.92689070689521e-01 1.00000000000000e+05 
1.92894118837829e-01 1.00000000000000e+05 
1.93102445852552e-01 1.00000000000000e+05 
1.93313541634937e-01 1.00000000000000e+05 
1.93528833050417e-01 1.00000000000000e+05 
1.93747911310941e-01 1.00000000000038e+05 
1.93971647721220e-01 1.00000000000156e+05 
1.94199029769939e-01 1.00000000000432e+05 
1.94391308053030e-01 1.00000000000896e+05 
1.94583926198616e-01 1.00000000001680e+05 
1.94776603117234e-01 1.00000000002762e+05 
1.94969583580677e-01 1.00000000004317e+05 
1.95162610184553e-01 1.00000000006448e+05 
1.95355946394761e-01 1.00000000009209e+05 
1.95549348307955e-01 1.00000000012725e+05 
1.95743074026577e-01 1.00000000028468e+05 
1.95936886904085e-01 1.00000000046840e+05 
1.96131030558455e-01 1.00000000068184e+05 
1.96325274058860e-01 1.00000000092647e+05 
1.96519848906012e-01 1.00000000117272e+05 
1.96714534486424e-01 1.00000000144921e+05 
1.96909557106822e-01 1.00000000177218e+05 
1.97104711973836e-01 1.00000000212965e+05 
1.97300224587472e-01 1.00000000253901e+05 
1.97495909968092e-01 1.00000000298348e+05 
1.97691990848908e-01 1.00000000348384e+05 
1.97888306528550e-01 1.00000000402586e+05 
1.98085070553701e-01 1.00000000473069e+05 
1.98282150489460e-01 1.00000000549605e+05 
1.98479745258006e-01 1.00000000632936e+05 
1.98677753145754e-01 1.00000000722856e+05 
1.98876362345003e-01 1.00000000820163e+05 
1.99074121223922e-01 1.00000000923862e+05 
1.99272603650672e-01 1.00000001035418e+05 
1.99474134864246e-01 1.00000001145972e+05 
1.99676913182402e-01 1.00000001265341e+05 
1.99879834332118e-01 1.00000001391649e+05 
2.00082926012568e-01 1.00000001526712e+05 
2.00286109354189e-01 1.00000001669101e+05 
