# Liste des scalaires : TEMPS pmat 
0.00000000000000e+00 1.00000000000000e+05 
7.22956891292051e-05 1.00000000000000e+05 
1.33327928464208e-04 1.00000000000000e+05 
1.92625133702220e-04 1.00000000000000e+05 
2.52103925510091e-04 1.00000000000000e+05 
3.14270549844082e-04 1.00000000000000e+05 
3.75989130463399e-04 1.00000000000000e+05 
4.41827479158604e-04 1.00000000000000e+05 
5.11447671385105e-04 1.00000000000000e+05 
5.84865001749525e-04 1.00000000000000e+05 
6.58107074739422e-04 1.00000000000000e+05 
7.37765810165325e-04 1.00000000000000e+05 
8.23206273620938e-04 1.00000000000000e+05 
9.14280015298585e-04 1.00000000000000e+05 
1.00848323054157e-03 1.00000000000000e+05 
1.11068396665169e-03 1.00000000000000e+05 
1.21885177924350e-03 1.00000000000000e+05 
1.32804782088344e-03 1.00000000000000e+05 
1.39750338684332e-03 1.00000000000000e+05 
1.46840587379033e-03 1.00000000000000e+05 
1.54090903762523e-03 1.00000000000000e+05 
1.62066251784363e-03 1.00000000000000e+05 
1.70839134608386e-03 1.00000000000000e+05 
1.80489305714812e-03 1.00000000000000e+05 
1.87973578731824e-03 1.00000000000000e+05 
1.95622583213181e-03 1.00000000000000e+05 
2.04036488142673e-03 1.00000000000000e+05 
2.13291783565114e-03 1.00000000000000e+05 
2.23472608529799e-03 1.00000000000000e+05 
2.34671515990953e-03 1.00000000000000e+05 
2.46935156249164e-03 1.00000000000000e+05 
2.59356228653855e-03 1.00000000000000e+05 
2.71821498321991e-03 1.00000000000000e+05 
2.84436835087667e-03 1.00000000000000e+05 
2.94773349681253e-03 1.00000000000000e+05 
3.05295153203198e-03 1.00000000000000e+05 
3.16012880159732e-03 1.00000000000000e+05 
3.26937843597529e-03 1.00000000000000e+05 
3.38087911658669e-03 1.00000000000000e+05 
3.49459390723450e-03 1.00000000000000e+05 
3.61070304578513e-03 1.00000000000000e+05 
3.72913598130064e-03 1.00000000000000e+05 
3.84996129585376e-03 1.00000000000000e+05 
3.98286914186219e-03 1.00000000000000e+05 
4.12045962950365e-03 1.00000000000000e+05 
4.25937390936159e-03 1.00000000000000e+05 
4.37931011778249e-03 1.00000000000000e+05 
4.50135996249087e-03 1.00000000000000e+05 
4.62572002464398e-03 1.00000000000000e+05 
4.75238172777166e-03 1.00000000000000e+05 
4.88140356033527e-03 1.00000000000000e+05 
5.02332757615523e-03 1.00000000000000e+05 
5.17134811828259e-03 1.00000000000000e+05 
5.32130613259763e-03 1.00000000000000e+05 
5.47207132534443e-03 1.00000000000000e+05 
5.62395258036960e-03 1.00000000000000e+05 
5.75748463631395e-03 1.00000000000000e+05 
5.89314203590202e-03 1.00000000000000e+05 
6.03096763410794e-03 1.00000000000000e+05 
6.18257579213444e-03 1.00000000000000e+05 
6.34813391717538e-03 1.00000000000000e+05 
6.51680729075363e-03 1.00000000000000e+05 
6.69077699728971e-03 1.00000000000000e+05 
6.86778278674615e-03 1.00000000000000e+05 
7.05022092231420e-03 1.00000000000000e+05 
7.23532286033942e-03 1.00000000000000e+05 
7.42582253800184e-03 1.00000000000000e+05 
7.61857808716528e-03 1.00000000000000e+05 
7.77138683382321e-03 1.00000000000000e+05 
7.92621375638891e-03 1.00000000000000e+05 
8.07987393067751e-03 1.00000000000000e+05 
8.23175443759878e-03 1.00000000000000e+05 
8.38247400225084e-03 1.00000000000000e+05 
8.53145911799026e-03 1.00000000000000e+05 
8.67966468942893e-03 1.00000000000000e+05 
8.81877650548639e-03 1.00000000000000e+05 
8.95563113874013e-03 1.00000000000000e+05 
9.09093675762544e-03 1.00000000000000e+05 
9.22462378941946e-03 1.00000000000000e+05 
9.35710841777587e-03 1.00000000000000e+05 
9.48822152586169e-03 1.00000000000000e+05 
9.61828557387982e-03 1.00000000000000e+05 
9.74699657148593e-03 1.00000000000000e+05 
9.87475049044500e-03 1.00000000000000e+05 
1.00152798013000e-02 1.00000000000000e+05 
1.01569178476302e-02 1.00000000000000e+05 
1.02988240523601e-02 1.00000000000000e+05 
1.04400587765015e-02 1.00000000000000e+05 
1.05814851858828e-02 1.00000000000000e+05 
1.07223099912469e-02 1.00000000000000e+05 
1.08632447580130e-02 1.00000000000000e+05 
1.10035341044976e-02 1.00000000000000e+05 
1.11430598766952e-02 1.00000000000000e+05 
1.12658219343270e-02 1.00000000000000e+05 
1.13884988128866e-02 1.00000000000000e+05 
1.15112473978044e-02 1.00000000000000e+05 
1.16339849865468e-02 1.00000000000000e+05 
1.17568347181562e-02 1.00000000000000e+05 
1.18797097663263e-02 1.00000000000000e+05 
1.20027144081754e-02 1.00000000000000e+05 
1.21257658859020e-02 1.00000000000000e+05 
1.22489671564390e-02 1.00000000000000e+05 
1.23722483556128e-02 1.00000000000000e+05 
1.24957186750856e-02 1.00000000000000e+05 
1.26193057708889e-02 1.00000000000000e+05 
1.27445484232721e-02 1.00000000000000e+05 
1.28685006957268e-02 1.00000000000000e+05 
1.29940264527397e-02 1.00000000000000e+05 
1.31282764390553e-02 1.00000000000000e+05 
1.32625274901188e-02 1.00000000000000e+05 
1.33968365445883e-02 1.00000000000000e+05 
1.35310033490482e-02 1.00000000000000e+05 
1.36655212226322e-02 1.00000000000000e+05 
1.38003437635224e-02 1.00000000000000e+05 
1.39358552412046e-02 1.00000000000000e+05 
1.40724026288390e-02 1.00000000000000e+05 
1.42103619154756e-02 1.00000000000000e+05 
1.43498606102649e-02 1.00000000000000e+05 
1.44912732413530e-02 1.00000000000000e+05 
1.46346799126435e-02 1.00000000000000e+05 
1.47804642857145e-02 1.00000000000000e+05 
1.49286297297941e-02 1.00000000000000e+05 
1.50795818297432e-02 1.00000000000000e+05 
1.52331563292631e-02 1.00000000000000e+05 
1.53901551605137e-02 1.00000000000000e+05 
1.55499814711091e-02 1.00000000000000e+05 
1.57132134932416e-02 1.00000000000000e+05 
1.58790110352632e-02 1.00000000000000e+05 
1.60474841397695e-02 1.00000000000000e+05 
1.62182606043934e-02 1.00000000000000e+05 
1.63882027413850e-02 1.00000000000000e+05 
1.65580014152097e-02 1.00000000000000e+05 
1.67282041397087e-02 1.00000000000000e+05 
1.68977974448700e-02 1.00000000000000e+05 
1.70361952916601e-02 1.00000000000000e+05 
1.71750207910744e-02 1.00000000000000e+05 
1.73143930861859e-02 1.00000000000000e+05 
1.74541983476671e-02 1.00000000000000e+05 
1.75946191663387e-02 1.00000000000000e+05 
1.77356108468520e-02 1.00000000000000e+05 
1.78772615575813e-02 1.00000000000000e+05 
1.80188878646630e-02 1.00000000000000e+05 
1.81604877273197e-02 1.00000000000000e+05 
1.83022249662631e-02 1.00000000000000e+05 
1.84442038937172e-02 1.00000000000000e+05 
1.85866870572156e-02 1.00000000000000e+05 
1.87299963145850e-02 1.00000000000000e+05 
1.88745346456308e-02 1.00000000000000e+05 
1.90208504157429e-02 1.00000000000000e+05 
1.91694882481123e-02 1.00000000000000e+05 
1.93211354118741e-02 1.00000000000000e+05 
1.94758905688544e-02 1.00000000000000e+05 
1.96344703675292e-02 1.00000000000000e+05 
1.97968146313780e-02 1.00000000000000e+05 
1.99642113536562e-02 1.00000000000000e+05 
2.01361111209475e-02 1.00000000000000e+05 
2.02676446092083e-02 1.00000000000000e+05 
2.03994683250816e-02 1.00000000000000e+05 
2.05315763307165e-02 1.00000000000000e+05 
2.06641429381087e-02 1.00000000000000e+05 
2.07972509467342e-02 1.00000000000000e+05 
2.09310046818666e-02 1.00000000000000e+05 
2.10656367549827e-02 1.00000000000000e+05 
2.12036778948793e-02 1.00000000000000e+05 
2.13437021228034e-02 1.00000000000000e+05 
2.14866480765089e-02 1.00000000000000e+05 
2.16343891174335e-02 1.00000000000000e+05 
2.17869912486558e-02 1.00000000000000e+05 
2.19463173353068e-02 1.00000000000000e+05 
2.21120738420262e-02 1.00000000000000e+05 
2.22417945270201e-02 1.00000000000000e+05 
2.23723258450460e-02 1.00000000000000e+05 
2.25036147963050e-02 1.00000000000000e+05 
2.26360014553658e-02 1.00000000000000e+05 
2.27695719641421e-02 1.00000000000000e+05 
2.29043701113945e-02 1.00000000000000e+05 
2.30422607364431e-02 1.00000000000000e+05 
2.31832198024292e-02 1.00000000000000e+05 
2.33283520907451e-02 1.00000000000000e+05 
2.34785548814720e-02 1.00000000000000e+05 
2.36367803310222e-02 1.00000000000000e+05 
2.38036134699963e-02 1.00000000000000e+05 
2.39812997213652e-02 1.00000000000000e+05 
2.41673174269431e-02 1.00000000000000e+05 
2.43009607371444e-02 1.00000000000000e+05 
2.44361106959717e-02 1.00000000000000e+05 
2.45731088264881e-02 1.00000000000000e+05 
2.47126202380203e-02 1.00000000000000e+05 
2.48570212292470e-02 1.00000000000000e+05 
2.50042825014017e-02 1.00000000000000e+05 
2.51565042601979e-02 1.00000000000000e+05 
2.53146500641303e-02 1.00000000000000e+05 
2.54814705231382e-02 1.00000000000000e+05 
2.56570644980762e-02 1.00000000000000e+05 
2.57903339350669e-02 1.00000000000000e+05 
2.59248963246908e-02 1.00000000000000e+05 
2.60595423143970e-02 1.00000000000000e+05 
2.61956047029326e-02 1.00000000000000e+05 
2.63355270567363e-02 1.00000000000000e+05 
2.64647930575726e-02 1.00000000000000e+05 
2.65940755909675e-02 1.00000000000000e+05 
2.67231187296881e-02 1.00000000000000e+05 
2.68530374194592e-02 1.00000000000000e+05 
2.69836964167319e-02 1.00000000000000e+05 
2.71151669499757e-02 1.00000000000000e+05 
2.72469786838121e-02 1.00000000000000e+05 
2.73797785307604e-02 1.00000000000000e+05 
2.75136797470891e-02 1.00000000000000e+05 
2.76486308615622e-02 1.00000000000000e+05 
2.77847740331680e-02 1.00000000000000e+05 
2.79245093605902e-02 1.00000000000000e+05 
2.80683461868340e-02 1.00000000000000e+05 
2.82184843203015e-02 1.00000000000000e+05 
2.83716045408615e-02 1.00000000000000e+05 
2.85302737884552e-02 1.00000000000000e+05 
2.86614954211425e-02 1.00000000000000e+05 
2.87935630354574e-02 1.00000000000000e+05 
2.89259247686555e-02 1.00000000000000e+05 
2.90591736862837e-02 1.00000000000000e+05 
2.91934290986156e-02 1.00000000000000e+05 
2.93286827608770e-02 1.00000000000000e+05 
2.94649439601154e-02 1.00000000000000e+05 
2.96021055852203e-02 1.00000000000000e+05 
2.97402750104866e-02 1.00000000000000e+05 
2.98814386021365e-02 1.00000000000000e+05 
3.00259449013627e-02 1.00000000000000e+05 
3.01753909064637e-02 1.00000000000000e+05 
3.03268085612321e-02 1.00000000000000e+05 
3.04824599087924e-02 1.00000000000000e+05 
3.06428143629887e-02 1.00000000000000e+05 
3.08099990775191e-02 1.00000000000000e+05 
3.09840324373716e-02 1.00000000000000e+05 
3.11659693962002e-02 1.00000000000000e+05 
3.13020753351898e-02 1.00000000000000e+05 
3.14390545308190e-02 1.00000000000000e+05 
3.15769254625143e-02 1.00000000000000e+05 
3.17156313880458e-02 1.00000000000000e+05 
3.18551697967822e-02 1.00000000000000e+05 
3.19954033728539e-02 1.00000000000000e+05 
3.21364691402901e-02 1.00000000000000e+05 
3.22787210032416e-02 1.00000000000000e+05 
3.24226909196692e-02 1.00000000000000e+05 
3.25696736945642e-02 1.00000000000000e+05 
3.27198642864577e-02 1.00000000000000e+05 
3.28743313734274e-02 1.00000000000000e+05 
3.30295664507505e-02 1.00000000000000e+05 
3.31880371978431e-02 1.00000000000000e+05 
3.33509246942542e-02 1.00000000000000e+05 
3.35190248058949e-02 1.00000000000000e+05 
3.36922213000411e-02 1.00000000000000e+05 
3.38719763020967e-02 1.00000000000000e+05 
3.40126026259990e-02 1.00000000000000e+05 
3.41538653518626e-02 1.00000000000000e+05 
3.42939668502790e-02 1.00000000000000e+05 
3.44346889381452e-02 1.00000000000000e+05 
3.45760749254768e-02 1.00000000000000e+05 
3.47180717589209e-02 1.00000000000000e+05 
3.48607054643338e-02 1.00000000000000e+05 
3.50038546453815e-02 1.00000000000000e+05 
3.51476549549485e-02 1.00000000000000e+05 
3.52919409976415e-02 1.00000000000000e+05 
3.54369028765871e-02 1.00000000000000e+05 
3.55836809859296e-02 1.00000000000000e+05 
3.57324249401473e-02 1.00000000000000e+05 
3.58838573875983e-02 1.00000000000000e+05 
3.60380698463949e-02 1.00000000000000e+05 
3.61957639761192e-02 1.00000000000000e+05 
3.63536398165174e-02 1.00000000000000e+05 
3.65143299346610e-02 1.00000000000000e+05 
3.66789060977657e-02 1.00000000000000e+05 
3.68480290428279e-02 1.00000000000000e+05 
3.70215074425457e-02 1.00000000000000e+05 
3.72007517409120e-02 1.00000000000000e+05 
3.73445920848748e-02 1.00000000000000e+05 
3.74889314317596e-02 1.00000000000000e+05 
3.76338043988753e-02 1.00000000000000e+05 
3.77790341575112e-02 1.00000000000000e+05 
3.79224205444935e-02 1.00000000000000e+05 
3.80662877301339e-02 1.00000000000000e+05 
3.82106515344425e-02 1.00000000000000e+05 
3.83554523808598e-02 1.00000000000000e+05 
3.85006958498614e-02 1.00000000000000e+05 
3.86462447800148e-02 1.00000000000000e+05 
3.87922229258696e-02 1.00000000000000e+05 
3.89384598619960e-02 1.00000000000000e+05 
3.90851508824347e-02 1.00000000000000e+05 
3.92321714781967e-02 1.00000000000000e+05 
3.93796783241445e-02 1.00000000000000e+05 
3.95285062468293e-02 1.00000000000000e+05 
3.96787575123569e-02 1.00000000000000e+05 
3.98308632612374e-02 1.00000000000000e+05 
3.99848355808583e-02 1.00000000000000e+05 
4.01410143077027e-02 1.00000000000000e+05 
4.02994066704201e-02 1.00000000000000e+05 
4.04604123389477e-02 1.00000000000000e+05 
4.06053638807153e-02 1.00000000000000e+05 
4.07507203820515e-02 1.00000000000000e+05 
4.08964850887382e-02 1.00000000000000e+05 
4.10425431016993e-02 1.00000000000000e+05 
4.11890358296290e-02 1.00000000000000e+05 
4.13358027223814e-02 1.00000000000000e+05 
4.14830831131717e-02 1.00000000000000e+05 
4.16320156442184e-02 1.00000000000000e+05 
4.17827439506370e-02 1.00000000000000e+05 
4.19359184653980e-02 1.00000000000000e+05 
4.20916013344614e-02 1.00000000000000e+05 
4.22503866923029e-02 1.00000000000000e+05 
4.24089411388789e-02 1.00000000000000e+05 
4.25702105118338e-02 1.00000000000000e+05 
4.27349987265806e-02 1.00000000000000e+05 
4.29037491101869e-02 1.00000000000000e+05 
4.30760821763665e-02 1.00000000000000e+05 
4.32532215412166e-02 1.00000000000000e+05 
4.34341589557940e-02 1.00000000000000e+05 
4.35819356105538e-02 1.00000000000000e+05 
4.37299358754728e-02 1.00000000000000e+05 
4.38780726606913e-02 1.00000000000000e+05 
4.40264018500949e-02 1.00000000000000e+05 
4.41748394119773e-02 1.00000000000000e+05 
4.43206992824685e-02 1.00000000000000e+05 
4.44668753936381e-02 1.00000000000000e+05 
4.46133892698553e-02 1.00000000000000e+05 
4.47602086199939e-02 1.00000000000000e+05 
4.49073491226881e-02 1.00000000000000e+05 
4.50546465862302e-02 1.00000000000000e+05 
4.52022910333013e-02 1.00000000000000e+05 
4.53501165259403e-02 1.00000000000000e+05 
4.54982961310105e-02 1.00000000000000e+05 
4.56466914891226e-02 1.00000000000000e+05 
4.57954490475344e-02 1.00000000000000e+05 
4.59445808889496e-02 1.00000000000000e+05 
4.60937527994682e-02 1.00000000000000e+05 
4.62429226342146e-02 1.00000000000000e+05 
4.63921282696600e-02 1.00000000000000e+05 
4.65413303896807e-02 1.00000000000000e+05 
4.66905672730328e-02 1.00000000000000e+05 
4.68398004310185e-02 1.00000000000000e+05 
4.69890683352805e-02 1.00000000000000e+05 
4.71383319129915e-02 1.00000000000000e+05 
4.72876291503694e-02 1.00000000000000e+05 
4.74369198706910e-02 1.00000000000000e+05 
4.75862419673937e-02 1.00000000000000e+05 
4.77355544914293e-02 1.00000000000000e+05 
4.78848953421789e-02 1.00000000000000e+05 
4.80342231852738e-02 1.00000000000000e+05 
4.81835753402292e-02 1.00000000000000e+05 
4.83330561211882e-02 1.00000000000000e+05 
4.84819235151321e-02 1.00000000000000e+05 
4.86308813855154e-02 1.00000000000000e+05 
4.87805518196171e-02 1.00000000000000e+05 
4.89309710786651e-02 1.00000000000000e+05 
4.90822574928239e-02 1.00000000000000e+05 
4.92287347914509e-02 1.00000000000000e+05 
4.93754731462272e-02 1.00000000000000e+05 
4.95222982036613e-02 1.00000000000000e+05 
4.96693946352431e-02 1.00000000000000e+05 
4.98166121875098e-02 1.00000000000000e+05 
4.99640942946549e-02 1.00000000000000e+05 
5.01117002212551e-02 1.00000000000000e+05 
5.02595493476277e-02 1.00000000000000e+05 
5.04075108788684e-02 1.00000000000000e+05 
5.05556873983989e-02 1.00000000000000e+05 
5.07039589560172e-02 1.00000000000000e+05 
5.08524147584268e-02 1.00000000000000e+05 
5.10012619184803e-02 1.00000000000000e+05 
5.11506954231556e-02 1.00000000000000e+05 
5.13012143486905e-02 1.00000000000000e+05 
5.14528308795416e-02 1.00000000000000e+05 
5.16058767492712e-02 1.00000000000000e+05 
5.17580611052025e-02 1.00000000000000e+05 
5.19114783916863e-02 1.00000000000000e+05 
5.20671789220805e-02 1.00000000000000e+05 
5.22259464349305e-02 1.00000000000000e+05 
5.23878513878968e-02 1.00000000000000e+05 
5.25534255785658e-02 1.00000000000000e+05 
5.27217780047246e-02 1.00000000000000e+05 
5.28928880373357e-02 1.00000000000000e+05 
5.30642353884586e-02 1.00000000000000e+05 
5.32358525488288e-02 1.00000000000000e+05 
5.34076849179692e-02 1.00000000000000e+05 
5.35797667526467e-02 1.00000000000000e+05 
5.37520331594527e-02 1.00000000000000e+05 
5.39245171223010e-02 1.00000000000000e+05 
5.40971483224872e-02 1.00000000000000e+05 
5.42424977502192e-02 1.00000000000000e+05 
5.43880391331922e-02 1.00000000000000e+05 
5.45336516022880e-02 1.00000000000000e+05 
5.46794369021577e-02 1.00000000000000e+05 
5.48252776480882e-02 1.00000000000000e+05 
5.49712684550437e-02 1.00000000000000e+05 
5.51172949585658e-02 1.00000000000000e+05 
5.52634473708768e-02 1.00000000000000e+05 
5.54096152994624e-02 1.00000000000000e+05 
5.55558856263888e-02 1.00000000000000e+05 
5.57021542150883e-02 1.00000000000000e+05 
5.58485062180120e-02 1.00000000000000e+05 
5.59948448111116e-02 1.00000000000000e+05 
5.61412539084639e-02 1.00000000000000e+05 
5.62876444684977e-02 1.00000000000000e+05 
5.64340985617178e-02 1.00000000000000e+05 
5.65805348185386e-02 1.00000000000000e+05 
5.67270323268046e-02 1.00000000000000e+05 
5.68735169272946e-02 1.00000000000000e+05 
5.70191760628504e-02 1.00000000000000e+05 
5.71651418080137e-02 1.00000000000000e+05 
5.73120323426731e-02 1.00000000000000e+05 
5.74599973783625e-02 1.00000000000000e+05 
5.76090268854059e-02 1.00000000000000e+05 
5.77592987564922e-02 1.00000000000000e+05 
5.79106010565411e-02 1.00000000000000e+05 
5.80630682554064e-02 1.00000000000000e+05 
5.82165422536553e-02 1.00000000000000e+05 
5.83712379140515e-02 1.00000000000000e+05 
5.85270729310669e-02 1.00000000000000e+05 
5.86844304975664e-02 1.00000000000000e+05 
5.88432936104915e-02 1.00000000000000e+05 
5.90040618480615e-02 1.00000000000000e+05 
5.91667786692339e-02 1.00000000000000e+05 
5.93318739457569e-02 1.00000000000000e+05 
5.94968185140467e-02 1.00000000000000e+05 
5.96609779561235e-02 1.00000000000000e+05 
5.98245619545038e-02 1.00000000000000e+05 
5.99873210980686e-02 1.00000000000000e+05 
6.01498998152917e-02 1.00000000000000e+05 
6.03119633648321e-02 1.00000000000000e+05 
6.04741382175800e-02 1.00000000000000e+05 
6.06358934743993e-02 1.00000000000000e+05 
6.07977481141441e-02 1.00000000000000e+05 
6.09591665696844e-02 1.00000000000000e+05 
6.11206513652887e-02 1.00000000000000e+05 
6.12816717664472e-02 1.00000000000000e+05 
6.14429939075167e-02 1.00000000000000e+05 
6.16039904650302e-02 1.00000000000000e+05 
6.17653398823671e-02 1.00000000000000e+05 
6.19263483520186e-02 1.00000000000000e+05 
6.20876967709295e-02 1.00000000000000e+05 
6.22486750071013e-02 1.00000000000000e+05 
6.24099726683419e-02 1.00000000000000e+05 
6.25708738326925e-02 1.00000000000000e+05 
6.27320714627949e-02 1.00000000000000e+05 
6.28928492877018e-02 1.00000000000000e+05 
6.30538985430573e-02 1.00000000000000e+05 
6.32145071570671e-02 1.00000000000000e+05 
6.33753137331480e-02 1.00000000000000e+05 
6.35360177047694e-02 1.00000000000000e+05 
6.36970850268206e-02 1.00000000000000e+05 
6.38577146814344e-02 1.00000000000000e+05 
6.40185181441535e-02 1.00000000000000e+05 
6.41791788578944e-02 1.00000000000000e+05 
6.43401109538918e-02 1.00000000000000e+05 
6.45009214665803e-02 1.00000000000000e+05 
6.46620039294936e-02 1.00000000000000e+05 
6.48229542065461e-02 1.00000000000000e+05 
6.49680273813706e-02 1.00000000000000e+05 
6.51133677308650e-02 1.00000000000000e+05 
6.52594560138417e-02 1.00000000000000e+05 
6.54062056599257e-02 1.00000000000000e+05 
6.55536199983863e-02 1.00000000000000e+05 
6.57016992018177e-02 1.00000000000000e+05 
6.58503176905672e-02 1.00000000000000e+05 
6.59994533319036e-02 1.00000000000000e+05 
6.61489589250150e-02 1.00000000000000e+05 
6.62988030842986e-02 1.00000000000000e+05 
6.64488771672211e-02 1.00000000000000e+05 
6.65992568861754e-02 1.00000000000000e+05 
6.67498770330642e-02 1.00000000000000e+05 
6.69008092213541e-02 1.00000000000000e+05 
6.70520165292624e-02 1.00000000000000e+05 
6.72035686286635e-02 1.00000000000000e+05 
6.73554499550121e-02 1.00000000000000e+05 
6.75077259934759e-02 1.00000000000000e+05 
6.76604005817439e-02 1.00000000000000e+05 
6.78135320587071e-02 1.00000000000000e+05 
6.79671445203048e-02 1.00000000000000e+05 
6.81212869322166e-02 1.00000000000000e+05 
6.82760068689433e-02 1.00000000000000e+05 
6.84313423812345e-02 1.00000000000000e+05 
6.85873688033852e-02 1.00000000000000e+05 
6.87441154285289e-02 1.00000000000000e+05 
6.89016894619397e-02 1.00000000000000e+05 
6.90601159523635e-02 1.00000000000000e+05 
6.92195383805162e-02 1.00000000000000e+05 
6.93791166823213e-02 1.00000000000000e+05 
6.95386439530210e-02 1.00000000000000e+05 
6.96977943921473e-02 1.00000000000000e+05 
6.98568645410817e-02 1.00000000000000e+05 
7.00155452046110e-02 1.00000000000000e+05 
7.01741188997454e-02 1.00000000000000e+05 
7.03323100924372e-02 1.00000000000000e+05 
7.04903989615661e-02 1.00000000000000e+05 
7.06481169822973e-02 1.00000000000000e+05 
7.08057130003843e-02 1.00000000000000e+05 
7.09629669709534e-02 1.00000000000000e+05 
7.11200907157048e-02 1.00000000000000e+05 
7.12769038379075e-02 1.00000000000000e+05 
7.14335841906770e-02 1.00000000000000e+05 
7.15899880881535e-02 1.00000000000000e+05 
7.17462624257196e-02 1.00000000000000e+05 
7.19022973151942e-02 1.00000000000000e+05 
7.20582115071020e-02 1.00000000000000e+05 
7.22139260456589e-02 1.00000000000000e+05 
7.23695341193015e-02 1.00000000000000e+05 
7.25249852008489e-02 1.00000000000000e+05 
7.26803491199425e-02 1.00000000000000e+05 
7.28356020900703e-02 1.00000000000000e+05 
7.29907922262691e-02 1.00000000000000e+05 
7.31459222084187e-02 1.00000000000000e+05 
7.33010196786619e-02 1.00000000000000e+05 
7.34561192695762e-02 1.00000000000000e+05 
7.36112138683960e-02 1.00000000000000e+05 
7.37798253202277e-02 1.00000000000000e+05 
7.39486940724511e-02 1.00000000000000e+05 
7.41178008527283e-02 1.00000000000000e+05 
7.42871788398950e-02 1.00000000000000e+05 
7.44568178969159e-02 1.00000000000000e+05 
7.46267407351955e-02 1.00000000000000e+05 
7.47969505123603e-02 1.00000000000000e+05 
7.49674585619740e-02 1.00000000000000e+05 
7.51382822715660e-02 1.00000000000000e+05 
7.53094193813846e-02 1.00000000000000e+05 
7.54809030732506e-02 1.00000000000000e+05 
7.56527156555996e-02 1.00000000000000e+05 
7.58249083968333e-02 1.00000000000000e+05 
7.59974459750324e-02 1.00000000000000e+05 
7.61703993753436e-02 1.00000000000000e+05 
7.63437128859863e-02 1.00000000000000e+05 
7.65174791735075e-02 1.00000000000000e+05 
7.66916193779531e-02 1.00000000000000e+05 
7.68662501731752e-02 1.00000000000000e+05 
7.70412664414647e-02 1.00000000000000e+05 
7.72168117142145e-02 1.00000000000000e+05 
7.73927511802271e-02 1.00000000000000e+05 
7.75692587412810e-02 1.00000000000000e+05 
7.77461660804332e-02 1.00000000000000e+05 
7.79236815045478e-02 1.00000000000000e+05 
7.81015987463382e-02 1.00000000000000e+05 
7.82801649547863e-02 1.00000000000000e+05 
7.84591309109078e-02 1.00000000000000e+05 
7.86387876152896e-02 1.00000000000000e+05 
7.88188374222718e-02 1.00000000000000e+05 
7.89996209509924e-02 1.00000000000000e+05 
7.91807859201099e-02 1.00000000000000e+05 
7.93627292728480e-02 1.00000000000000e+05 
7.95450369329422e-02 1.00000000000000e+05 
7.97281698647246e-02 1.00000000000000e+05 
7.99116439931706e-02 1.00000000000000e+05 
8.00959929914367e-02 1.00000000000000e+05 
8.02806535399860e-02 1.00000000000000e+05 
8.04282863893378e-02 1.00000000000000e+05 
8.05786835440710e-02 1.00000000000000e+05 
8.07262819830656e-02 1.00000000000000e+05 
8.08766428212701e-02 1.00000000000000e+05 
8.10242065507297e-02 1.00000000000000e+05 
8.11745321102870e-02 1.00000000000000e+05 
8.13220623969037e-02 1.00000000000000e+05 
8.14723543406770e-02 1.00000000000000e+05 
8.16198528392770e-02 1.00000000000000e+05 
8.17701130571382e-02 1.00000000000000e+05 
8.19175815448733e-02 1.00000000000000e+05 
8.20678119560055e-02 1.00000000000000e+05 
8.22152522278715e-02 1.00000000000000e+05 
8.23633102915145e-02 1.00000000000000e+05 
8.25107242494550e-02 1.00000000000000e+05 
8.26598362355538e-02 1.00000000000000e+05 
8.28072255533773e-02 1.00000000000000e+05 
8.29572996368949e-02 1.00000000000000e+05 
8.31046660184698e-02 1.00000000000000e+05 
8.32547956412949e-02 1.00000000000000e+05 
8.34021407153423e-02 1.00000000000000e+05 
8.35522492596086e-02 1.00000000000000e+05 
8.36995744254784e-02 1.00000000000001e+05 
8.38496631451682e-02 1.00000000000015e+05 
8.39969695335191e-02 1.00000000000084e+05 
8.41470393885103e-02 1.00000000000084e+05 
8.42943278345023e-02 1.00000000000083e+05 
8.44457932524417e-02 1.00000000000082e+05 
8.45973467440617e-02 1.00000000000080e+05 
8.47489556203306e-02 1.00000000000079e+05 
8.49006498585002e-02 1.00000000000078e+05 
8.50524042084000e-02 1.00000000000080e+05 
8.52042409532782e-02 1.00000000000085e+05 
8.53561421984043e-02 1.00000000000114e+05 
8.55081226455023e-02 1.00000000000165e+05 
8.56601705312491e-02 1.00000000000271e+05 
8.58122938741051e-02 1.00000000000425e+05 
8.59644863188666e-02 1.00000000000686e+05 
8.61167503291467e-02 1.00000000001043e+05 
8.62690841466784e-02 1.00000000001583e+05 
8.64214857337336e-02 1.00000000002303e+05 
8.65739572145433e-02 1.00000000002901e+05 
8.67264935101635e-02 1.00000000002915e+05 
8.68790995337704e-02 1.00000000003902e+05 
8.70317684957872e-02 1.00000000004895e+05 
8.71845070890455e-02 1.00000000007635e+05 
8.73373083685204e-02 1.00000007879590e+05 
8.74901796772971e-02 1.00000042783384e+05 
8.76431154878114e-02 1.00000122134369e+05 
8.77961226910037e-02 1.00000261163809e+05 
8.79491990329655e-02 1.00000469447074e+05 
8.81023497273487e-02 1.00000765325437e+05 
8.82555780099441e-02 1.00001137604268e+05 
8.84088860100431e-02 1.00001590298666e+05 
8.85622852061571e-02 1.00002121548984e+05 
8.87157729662659e-02 1.00002725482858e+05 
8.88693725928496e-02 1.00003405693430e+05 
8.90383321820917e-02 1.00004240742270e+05 
8.92241877302580e-02 1.00005259363299e+05 
8.94286288332410e-02 1.00006488716922e+05 
8.96378065229163e-02 1.00007847678814e+05 
8.98457136930335e-02 1.00009311078656e+05 
8.99918964049849e-02 1.00010373843185e+05 
9.01408401276378e-02 1.00011472685213e+05 
9.02870070579166e-02 1.00012551902331e+05 
9.04359287693185e-02 1.00013647176187e+05 
9.05820713147827e-02 1.00014738331606e+05 
9.07309686342741e-02 1.00015865329530e+05 
9.08770847682635e-02 1.00016916051922e+05 
9.10259563680259e-02 1.00017892427048e+05 
9.11720454080456e-02 1.00018772985788e+05 
9.13208912606531e-02 1.00019594261920e+05 
9.14669534292865e-02 1.00020290730419e+05 
9.16157741990500e-02 1.00020931537362e+05 
9.17618102693040e-02 1.00021521053565e+05 
9.19106071110332e-02 1.00022072320097e+05 
9.20566182793854e-02 1.00022573024044e+05 
9.22053927839035e-02 1.00023063889720e+05 
9.23513806195677e-02 1.00023501053681e+05 
9.25001348079829e-02 1.00023852246808e+05 
9.26580588426736e-02 1.00023936463016e+05 
9.28208935818378e-02 1.00024074180937e+05 
9.29951429143526e-02 1.00023934385699e+05 
9.31758966955838e-02 1.00024385066860e+05 
9.33703426503686e-02 1.00025061373714e+05 
9.35724912140414e-02 1.00040647036533e+05 
9.37797192469574e-02 1.00135415270022e+05 
9.39883434020168e-02 1.00331301744514e+05 
9.41948984003673e-02 1.00659614930148e+05 
9.44030202623637e-02 1.01151325203566e+05 
9.46089463247660e-02 1.01806183266835e+05 
9.48165548691457e-02 1.02605195735744e+05 
9.50218252434107e-02 1.03534800050044e+05 
9.52289382147807e-02 1.04601896091838e+05 
9.54335885176641e-02 1.05760213662766e+05 
9.56402604479335e-02 1.07020971447917e+05 
9.58443595410005e-02 1.08327274275167e+05 
9.60506783707839e-02 1.09679196948209e+05 
9.61948093308036e-02 1.10621917253253e+05 
9.63416650628517e-02 1.11577485889514e+05 
9.64857838528848e-02 1.12496935553516e+05 
9.66312221861752e-02 1.13389332041115e+05 
9.67753232625728e-02 1.14222981472497e+05 
9.69225194540178e-02 1.15013462694766e+05 
9.70684120427450e-02 1.15744181243335e+05 
9.72170967434012e-02 1.16434925813611e+05 
9.73630682375487e-02 1.17102764932615e+05 
9.75118074853699e-02 1.17631912677066e+05 
9.76578249646541e-02 1.18024286228940e+05 
9.78066132466118e-02 1.18347409784272e+05 
9.79526719312443e-02 1.18580747262372e+05 
9.81015078772542e-02 1.18739161641370e+05 
9.82476083494441e-02 1.18823433908075e+05 
9.83964958386836e-02 1.18781395867324e+05 
9.85426429534422e-02 1.18718215882685e+05 
9.86915900059468e-02 1.18652460888217e+05 
9.88377917829550e-02 1.18587847111992e+05 
9.89868096036107e-02 1.18519926230043e+05 
9.91330769068825e-02 1.18454225762992e+05 
9.92821799175819e-02 1.18385614156349e+05 
9.94285257713413e-02 1.18315494982331e+05 
9.95762964389422e-02 1.18242242227132e+05 
9.97227460137130e-02 1.18167927346668e+05 
9.98706371775967e-02 1.18092995560797e+05 
1.00017203875150e-01 1.18018763181774e+05 
1.00167416656588e-01 1.17943171868894e+05 
1.00326005023739e-01 1.17863950181281e+05 
1.00491465095062e-01 1.17782220793167e+05 
1.00637386258478e-01 1.17710554724864e+05 
1.00797899538235e-01 1.17631653200642e+05 
1.00943898189853e-01 1.17559742992219e+05 
1.01104496706634e-01 1.17480428988126e+05 
1.01281155075092e-01 1.17392746242070e+05 
1.01448124748504e-01 1.17309198345344e+05 
1.01631791389256e-01 1.17216383466541e+05 
1.01799287411866e-01 1.17130839076999e+05 
1.01983533036737e-01 1.17035436654095e+05 
1.02151548485014e-01 1.16946990322422e+05 
1.02336365478118e-01 1.16847759853748e+05 
1.02539664170533e-01 1.16736014133451e+05 
1.02748931138938e-01 1.16617741764413e+05 
1.02959536600956e-01 1.16495174332415e+05 
1.03100532027251e-01 1.16411040373333e+05 
1.03244203699952e-01 1.16323630989994e+05 
1.03385207614059e-01 1.16236194648231e+05 
1.03532149990042e-01 1.16143360378015e+05 
1.03693786603622e-01 1.16039261226893e+05 
1.03869731195491e-01 1.15923652597382e+05 
1.04063270246547e-01 1.15793847627741e+05 
1.04272516651146e-01 1.15650566605385e+05 
1.04486007712713e-01 1.15501500147205e+05 
1.04699485102094e-01 1.15349804830848e+05 
1.04912928007320e-01 1.15195858785154e+05 
1.05095534015207e-01 1.15062579612487e+05 
1.05296400623882e-01 1.14914592949532e+05 
1.05479086936253e-01 1.14778936811064e+05 
1.05680041879861e-01 1.14628808351125e+05 
1.05862805719258e-01 1.14491608226588e+05 
1.06063845942594e-01 1.14340181501822e+05 
1.06246694448812e-01 1.14202129067660e+05 
1.06447827805653e-01 1.14050085103854e+05 
1.06630764863844e-01 1.13911730362369e+05 
1.06831995627855e-01 1.13759591270260e+05 
1.07015025002339e-01 1.13621331118004e+05 
1.07216357314271e-01 1.13469445940170e+05 
1.07399482513693e-01 1.13331517845438e+05 
1.07600920233057e-01 1.13180065327728e+05 
1.07784144224539e-01 1.13042560882148e+05 
1.07985690615170e-01 1.12891574654905e+05 
1.08169015594063e-01 1.12754470868768e+05 
1.08370673070845e-01 1.12603879213902e+05 
1.08554100331509e-01 1.12467076833743e+05 
1.08755870318238e-01 1.12316745045790e+05 
1.08939400188550e-01 1.12180106640485e+05 
1.09141283045893e-01 1.12029878016357e+05 
1.09324914971542e-01 1.11893264182699e+05 
1.09523110735223e-01 1.11745824059646e+05 
1.09706846332623e-01 1.11609124029749e+05 
1.09901514435244e-01 1.11464262586247e+05 
1.10085351596001e-01 1.11327422747770e+05 
1.10277862614960e-01 1.11184095492198e+05 
1.10461799301096e-01 1.11047124387368e+05 
1.10652536753741e-01 1.10905085743508e+05 
1.10836572705840e-01 1.10768050094099e+05 
1.11025600461017e-01 1.10627347363959e+05 
1.11209736394904e-01 1.10490361205833e+05 
1.11397124283735e-01 1.10351075125511e+05 
1.11581361591493e-01 1.10214281811073e+05 
1.11767236935808e-01 1.10076466356692e+05 
1.11951577718462e-01 1.09940016556154e+05 
1.12136114000471e-01 1.09803685638548e+05 
1.12320046344837e-01 1.09668094774869e+05 
1.12503304393459e-01 1.09533319461355e+05 
1.12686013185985e-01 1.09399287752962e+05 
1.12868066230502e-01 1.09266089300151e+05 
1.13049615369351e-01 1.09133621845266e+05 
1.13230579045364e-01 1.09001943760160e+05 
1.13411161754071e-01 1.08870905488276e+05 
1.13591333665397e-01 1.08740516797384e+05 
1.13771238569115e-01 1.08610665097376e+05 
1.13950901011946e-01 1.08481313165625e+05 
1.14130378067077e-01 1.08352403100647e+05 
1.14309758310246e-01 1.08223846144875e+05 
1.14489017612769e-01 1.08095639089685e+05 
1.14668318310380e-01 1.07967646830123e+05 
1.14853564588386e-01 1.07835639629929e+05 
1.15057335494191e-01 1.07690670197569e+05 
1.15242690589418e-01 1.07558991029538e+05 
1.15446581194168e-01 1.07414323609178e+05 
1.15632065210289e-01 1.07282860741068e+05 
1.15836097628023e-01 1.07138378359388e+05 
1.16021705069395e-01 1.07007036750467e+05 
1.16225873254905e-01 1.06862651466107e+05 
1.16411600809455e-01 1.06731365448039e+05 
1.16615901119460e-01 1.06586995458804e+05 
1.16801747227536e-01 1.06455665772259e+05 
1.17006177946419e-01 1.06311241871736e+05 
1.17192143028841e-01 1.06179793839293e+05 
1.17396704619506e-01 1.06035138989979e+05 
1.17582790882777e-01 1.05903530934372e+05 
1.17787485772375e-01 1.05758780438096e+05 
1.17973696595908e-01 1.05626847659256e+05 
1.18178528501795e-01 1.05481334555230e+05 
1.18364867902311e-01 1.05348902916677e+05 
1.18569841242878e-01 1.05203021885724e+05 
1.18756313380770e-01 1.05070109613014e+05 
1.18961432732451e-01 1.04923714348047e+05 
1.19148041516295e-01 1.04790311435565e+05 
1.19353311178524e-01 1.04643350033385e+05 
1.19540060251983e-01 1.04509462459712e+05 
1.19745484232788e-01 1.04362012639443e+05 
1.19932376830979e-01 1.04227753936426e+05 
1.20137958688990e-01 1.04079953322762e+05 
1.20324997299314e-01 1.03945451666434e+05 
1.20530739770670e-01 1.03797507467951e+05 
1.20717925846088e-01 1.03662997927414e+05 
1.20923830529048e-01 1.03515200436044e+05 
1.21111164447743e-01 1.03380971042535e+05 
1.21317231758308e-01 1.03233664522837e+05 
1.21504713064746e-01 1.03100048636910e+05 
1.21710942501829e-01 1.02953605272017e+05 
1.21898570370874e-01 1.02820956485770e+05 
1.22104961026825e-01 1.02675760975742e+05 
1.22292735006117e-01 1.02544400920758e+05 
1.22499286383338e-01 1.02400810182314e+05 
1.22687206659204e-01 1.02271071946272e+05 
1.22892722307547e-01 1.02130266685668e+05 
1.23080790678372e-01 1.02002477962110e+05 
1.23283722305470e-01 1.01865805093255e+05 
1.23471941471718e-01 1.01740234361943e+05 
1.23672863065237e-01 1.01607514882611e+05 
1.23861234908747e-01 1.01484381642456e+05 
1.24060378638596e-01 1.01355611335277e+05 
1.24258495696269e-01 1.01228982506158e+05 
1.24455857140387e-01 1.01104337495459e+05 
1.24652223281861e-01 1.00981835877136e+05 
1.24847850901452e-01 1.00861322823933e+05 
1.25042978687768e-01 1.00742658663538e+05 
1.25236976509158e-01 1.00626231483930e+05 
1.25430316386842e-01 1.00511753237901e+05 
1.25622856741591e-01 1.00399316545767e+05 
1.25814746195688e-01 1.00288830255512e+05 
1.26005787133934e-01 1.00180415790573e+05 
1.26196265911051e-01 1.00073900430034e+05 
1.26386037173710e-01 9.99693814455812e+04 
1.26575262456132e-01 9.98667466045994e+04 
1.26763790071879e-01 9.97660599099722e+04 
1.26951869919700e-01 9.96672182678117e+04 
1.27139404945520e-01 9.95702449690402e+04 
1.27326603356437e-01 9.94750803066119e+04 
1.27513418820645e-01 9.93817898157182e+04 
1.27699977574520e-01 9.92902392960010e+04 
1.27886290229307e-01 9.92006031698184e+04 
1.28072404104727e-01 9.91127852218444e+04 
1.28258393691733e-01 9.90270301191368e+04 
1.28444236409006e-01 9.89431041191736e+04 
1.28630076713101e-01 9.88608320762165e+04 
1.28834501047606e-01 9.87734238298178e+04 
1.29059367815562e-01 9.86798536108201e+04 
1.29296387813643e-01 9.85844614577785e+04 
1.29533602831590e-01 9.84937711773438e+04 
1.29770827503711e-01 9.84036239616670e+04 
1.30008296303888e-01 9.83160283245638e+04 
1.30245824009719e-01 9.82332353135488e+04 
1.30483602133806e-01 9.81543495930345e+04 
1.30721443994265e-01 9.80804893419037e+04 
1.30959567469358e-01 9.80111625834862e+04 
1.31197761354516e-01 9.79427434422300e+04 
1.31436091758569e-01 9.78772240504812e+04 
1.31674317956149e-01 9.78170405503128e+04 
1.31912728463626e-01 9.77639444850503e+04 
1.32151083558787e-01 9.77200089599653e+04 
1.32389663115175e-01 9.76858602356029e+04 
1.32628225949812e-01 9.76610914390118e+04 
1.32867041254281e-01 9.76463447671983e+04 
1.33105869998776e-01 9.76417239696820e+04 
1.33344973004019e-01 9.76486007705111e+04 
1.33584113996571e-01 9.76670001741841e+04 
1.33823546236044e-01 9.76972358361617e+04 
1.34063034378259e-01 9.77421283949369e+04 
1.34302826067553e-01 9.77986673260844e+04 
1.34542686377490e-01 9.78675431500468e+04 
1.34782859647984e-01 9.79520192616665e+04 
1.35023112269323e-01 9.80504315380303e+04 
1.35263686462810e-01 9.81642518935018e+04 
1.35504351396706e-01 9.82946682707533e+04 
1.35745347354775e-01 9.84407875828578e+04 
1.35985534349855e-01 9.86010031791452e+04 
1.36225619564162e-01 9.87754730689439e+04 
1.36462190843128e-01 9.89533697036051e+04 
1.36698032154891e-01 9.91460922116306e+04 
1.36930536512116e-01 9.93491077546420e+04 
1.37161799591478e-01 9.95592139925825e+04 
1.37389940425015e-01 9.97735919732583e+04 
1.37616531242420e-01 9.99901944580833e+04 
1.37840333064623e-01 1.00209817274033e+05 
1.38062407962615e-01 1.00422269014259e+05 
1.38281975715063e-01 1.00627314313617e+05 
1.38499753891745e-01 1.00829229346643e+05 
1.38715308998783e-01 1.01028300474726e+05 
1.38929132378206e-01 1.01227857512035e+05 
1.39142332643548e-01 1.01428495236080e+05 
1.39353892437286e-01 1.01628159555832e+05 
1.39565000269466e-01 1.01825783450120e+05 
1.39775293095941e-01 1.02020114038930e+05 
1.39984875951908e-01 1.02211096544292e+05 
1.40194116739664e-01 1.02397623209236e+05 
1.40402661771040e-01 1.02578512254821e+05 
1.40610828968891e-01 1.02752797546723e+05 
1.40818353488357e-01 1.02920535103608e+05 
1.41025474630208e-01 1.03080848601380e+05 
1.41231954057585e-01 1.03232122290211e+05 
1.41438003879455e-01 1.03373182391427e+05 
1.41643417956842e-01 1.03503598282221e+05 
1.41848391728842e-01 1.03623236574033e+05 
1.42052743286461e-01 1.03740397283492e+05 
1.42256655958848e-01 1.03842375307480e+05 
1.42459964977539e-01 1.03931306454563e+05 
1.42662854603710e-01 1.04009199468881e+05 
1.42865517610489e-01 1.04077478426852e+05 
1.43067418910567e-01 1.04137413919092e+05 
1.43268935262010e-01 1.04185274231237e+05 
1.43469926845692e-01 1.04227740992001e+05 
1.43670510805168e-01 1.04267549760490e+05 
1.43870249316218e-01 1.04305145426278e+05 
1.44069676033548e-01 1.04338716963397e+05 
1.44268771915825e-01 1.04368576615318e+05 
1.44467528250593e-01 1.04393882753489e+05 
1.44665817649369e-01 1.04414488178751e+05 
1.44863755416854e-01 1.04431499485042e+05 
1.45061300369387e-01 1.04443797250943e+05 
1.45258538506540e-01 1.04452856404773e+05 
1.45455373967766e-01 1.04458514282754e+05 
1.45651911017405e-01 1.04460846839594e+05 
1.45848064805441e-01 1.04460587738707e+05 
1.46043990596449e-01 1.04457922247332e+05 
1.46239631715573e-01 1.04453210225205e+05 
1.46435104488446e-01 1.04447071945899e+05 
1.46630380024940e-01 1.04439949404186e+05 
1.46825520527792e-01 1.04432444693904e+05 
1.47020530371928e-01 1.04424258664889e+05 
1.47215425297921e-01 1.04416670477662e+05 
1.47410246921958e-01 1.04410376049252e+05 
1.47604971659287e-01 1.04405557145068e+05 
1.47799680896663e-01 1.04401543978524e+05 
1.47994315024442e-01 1.04398292236486e+05 
1.48188998123610e-01 1.04399778387206e+05 
1.48383634594743e-01 1.04405130645903e+05 
1.48593201360823e-01 1.04414071662466e+05 
1.48785813709447e-01 1.04424706521018e+05 
1.48979585162077e-01 1.04441064039648e+05 
1.49174044689239e-01 1.04457788929023e+05 
1.49369408782275e-01 1.04474075486382e+05 
1.49564824606935e-01 1.04490291668964e+05 
1.49760501702285e-01 1.04507537238887e+05 
1.49955907921786e-01 1.04526047222469e+05 
1.50151415512451e-01 1.04546130840610e+05 
1.50346627052296e-01 1.04568785769988e+05 
1.50541976504967e-01 1.04594380852614e+05 
1.50737115015204e-01 1.04623055920260e+05 
1.50932458935323e-01 1.04653522924471e+05 
1.51127643492059e-01 1.04685637275067e+05 
1.51323073214989e-01 1.04719060839581e+05 
1.51518372158211e-01 1.04753514427621e+05 
1.51713936996015e-01 1.04788701916834e+05 
1.51909385986129e-01 1.04824126495225e+05 
1.52105113196116e-01 1.04859588297694e+05 
1.52300729491481e-01 1.04894566511033e+05 
1.52496626279363e-01 1.04928562882603e+05 
1.52692413488581e-01 1.04961196245994e+05 
1.52888480785359e-01 1.04992163423807e+05 
1.53084439445245e-01 1.05021557088499e+05 
1.53280677425083e-01 1.05048590840597e+05 
1.53476807629509e-01 1.05073029402698e+05 
1.53673215820848e-01 1.05094338557523e+05 
1.53869517378451e-01 1.05113884387598e+05 
1.54066095189739e-01 1.05130920770342e+05 
1.54262568027378e-01 1.05142986718672e+05 
1.54459315370088e-01 1.05151498040728e+05 
1.54655959882714e-01 1.05156757835540e+05 
1.54852877205626e-01 1.05159284115411e+05 
1.55049694141464e-01 1.05157081138722e+05 
1.55246782127042e-01 1.05154317283950e+05 
1.55443772165376e-01 1.05151243410829e+05 
1.55641031133401e-01 1.05146893612690e+05 
1.55838194291489e-01 1.05140089023904e+05 
1.56035623770924e-01 1.05131130462582e+05 
1.56232959210859e-01 1.05118957141558e+05 
1.56430557902396e-01 1.05103618670308e+05 
1.56628064051679e-01 1.05085026482178e+05 
1.56825830049756e-01 1.05064083041795e+05 
1.57023504742497e-01 1.05041072329181e+05 
1.57221435410054e-01 1.05015960256856e+05 
1.57419275686359e-01 1.04989194676759e+05 
1.57617367646924e-01 1.04960706266207e+05 
1.57815369864770e-01 1.04931115386106e+05 
1.58013619257317e-01 1.04900510857113e+05 
1.58211779322342e-01 1.04869468910559e+05 
1.58410181997231e-01 1.04838167534516e+05 
1.58608495515236e-01 1.04806878861510e+05 
1.58807047131170e-01 1.04775996269698e+05 
1.59005509500515e-01 1.04745832529127e+05 
1.59204205552354e-01 1.04716655442993e+05 
1.59402811988811e-01 1.04688447718551e+05 
1.59601647814454e-01 1.04661836999505e+05 
1.59800393379491e-01 1.04637311966442e+05 
1.59999364235949e-01 1.04612498649305e+05 
1.60198243941402e-01 1.04592056253583e+05 
1.60397345193637e-01 1.04574898244193e+05 
1.60596354225663e-01 1.04560034393401e+05 
1.60795581525591e-01 1.04548014624857e+05 
1.60994715251828e-01 1.04538512690146e+05 
1.61194064115609e-01 1.04529637889846e+05 
1.61393317421534e-01 1.04522732215988e+05 
1.61592782581914e-01 1.04518092717092e+05 
1.61792149400173e-01 1.04515313346547e+05 
1.61991724547128e-01 1.04515711284247e+05 
1.62191197693581e-01 1.04520748207375e+05 
1.62390875346700e-01 1.04529881384127e+05 
1.62590446364037e-01 1.04542188199676e+05 
1.62790217686989e-01 1.04557551142072e+05 
1.62989876590151e-01 1.04575845017579e+05 
1.63189731122196e-01 1.04597356354829e+05 
1.63389466188713e-01 1.04621578173935e+05 
1.63589391740211e-01 1.04648449179875e+05 
1.63789189458333e-01 1.04677310794764e+05 
1.63989172183029e-01 1.04707872158758e+05 
1.64189017408285e-01 1.04739796032551e+05 
1.64389042085768e-01 1.04772762463360e+05 
1.64588918432803e-01 1.04806394381009e+05 
1.64788968971059e-01 1.04840228628662e+05 
1.64988859435897e-01 1.04873772493616e+05 
1.65188919570630e-01 1.04906867148384e+05 
1.65388807325067e-01 1.04938437008351e+05 
1.65588861423342e-01 1.04968333379116e+05 
1.65788730673078e-01 1.04995793640551e+05 
1.65988764632661e-01 1.05021977804570e+05 
1.66188601589573e-01 1.05044177506031e+05 
1.66388603740196e-01 1.05062720225432e+05 
1.66588397505676e-01 1.05077468897065e+05 
1.66788359416552e-01 1.05088492125529e+05 
1.66988102749215e-01 1.05093696720864e+05 
1.67188019880697e-01 1.05099942366732e+05 
1.67387709776919e-01 1.05101262769145e+05 
1.67587581882317e-01 1.05096864632894e+05 
1.67787219903131e-01 1.05088222303264e+05 
1.67987051212422e-01 1.05074186291571e+05 
1.68186643536550e-01 1.05051931360753e+05 
1.68386442704396e-01 1.05028971005372e+05 
1.68585999890286e-01 1.05004919808970e+05 
1.68785779575780e-01 1.04979325140941e+05 
1.68985316099391e-01 1.04950776514614e+05 
1.69185092442233e-01 1.04919579526680e+05 
1.69384626023540e-01 1.04885093858400e+05 
1.69584417856092e-01 1.04846666247599e+05 
1.69783968602627e-01 1.04805683183189e+05 
1.69983796578981e-01 1.04761911797982e+05 
1.70183386106427e-01 1.04715785398944e+05 
1.70383271873841e-01 1.04667249825592e+05 
1.70582922461958e-01 1.04616779186361e+05 
1.70782887805099e-01 1.04564526874286e+05 
1.70982621537666e-01 1.04510865374945e+05 
1.71182687714134e-01 1.04455877550519e+05 
1.71382525921398e-01 1.04399975270637e+05 
1.71582713130207e-01 1.04343220540648e+05 
1.71782675779358e-01 1.04286010083872e+05 
1.71983002520133e-01 1.04228396801557e+05 
1.72183107682963e-01 1.04170780260046e+05 
1.72383590490183e-01 1.04113178407096e+05 
1.72583854210526e-01 1.04055950858496e+05 
1.72784507658440e-01 1.03999070975326e+05 
1.72984944035319e-01 1.03942862560079e+05 
1.73185780901262e-01 1.03887239177039e+05 
1.73386402342682e-01 1.03832491233950e+05 
1.73587433925866e-01 1.03778484537745e+05 
1.73788251487028e-01 1.03725465938009e+05 
1.73989487930055e-01 1.03673262185178e+05 
1.74190511634992e-01 1.03622075599649e+05 
1.74391962276401e-01 1.03571706510047e+05 
1.74593201481227e-01 1.03522316744328e+05 
1.74794875210512e-01 1.03473687587194e+05 
1.74996338931429e-01 1.03425944056585e+05 
1.75198244409268e-01 1.03378852892876e+05 
1.75399941514986e-01 1.03332507706329e+05 
1.75602087280304e-01 1.03286668401965e+05 
1.75804026510329e-01 1.03241399452797e+05 
1.76006420906997e-01 1.03196449119001e+05 
1.76208610809529e-01 1.03151869759756e+05 
1.76411261831143e-01 1.03107399091452e+05 
1.76613710503925e-01 1.03063086160415e+05 
1.76816625571336e-01 1.03018667259172e+05 
1.77019340387852e-01 1.02974199975417e+05 
1.77222526063927e-01 1.02929424653353e+05 
1.77425712285090e-01 1.02884370175938e+05 
1.77629192321083e-01 1.02838868040608e+05 
1.77832468588204e-01 1.02792972430462e+05 
1.78036042630999e-01 1.02746480828698e+05 
1.78239409431667e-01 1.02699466220919e+05 
1.78443077822224e-01 1.02651740560298e+05 
1.78646535782022e-01 1.02603398154780e+05 
1.78850299191152e-01 1.02554265620567e+05 
1.79053849100383e-01 1.02504462007738e+05 
1.79257708418550e-01 1.02453829923385e+05 
1.79461351276724e-01 1.02402511134014e+05 
1.79665307577892e-01 1.02350370838710e+05 
1.79869044595014e-01 1.02297572689776e+05 
1.80073099161894e-01 1.02243997779860e+05 
1.80276931759708e-01 1.02189839413958e+05 
1.80481086079165e-01 1.02135032849831e+05 
1.80685015883521e-01 1.02079797784779e+05 
1.80889271638769e-01 1.02024060760140e+05 
1.81093300465217e-01 1.01968090210172e+05 
1.81297659510411e-01 1.01911864687849e+05 
1.81501789331986e-01 1.01855757350779e+05 
1.81706253674680e-01 1.01799681694295e+05 
1.81910486591959e-01 1.01743973665996e+05 
1.82115058336149e-01 1.01688700732383e+05 
1.82319396517730e-01 1.01634260701278e+05 
1.82524077779114e-01 1.01580747217054e+05 
1.82728523399470e-01 1.01528204547197e+05 
1.82933316262872e-01 1.01476959726651e+05 
1.83137871476453e-01 1.01427527539298e+05 
1.83342778029808e-01 1.01379905282954e+05 
1.83547445080156e-01 1.01332318147808e+05 
1.83752467622413e-01 1.01288071975434e+05 
1.83957249063785e-01 1.01246610016665e+05 
1.84162390163085e-01 1.01207531109556e+05 
1.84367288541270e-01 1.01170425868032e+05 
1.84572550414780e-01 1.01134941108561e+05 
1.84777567664288e-01 1.01102483946897e+05 
1.84982951745091e-01 1.01070024065553e+05 
1.85188090915137e-01 1.01037894056156e+05 
1.85393602129652e-01 1.01005818742750e+05 
1.85598864170757e-01 1.00974293155754e+05 
1.85804498648052e-01 1.00950758406973e+05 
1.86009881504550e-01 1.00940744751600e+05 
1.86215639188309e-01 1.00948794447897e+05 
1.86421143641326e-01 1.00977921650038e+05 
1.86627026067585e-01 1.01032583867135e+05 
1.86832653822179e-01 1.01115070887579e+05 
1.87038662665406e-01 1.01220117698148e+05 
1.87244415472067e-01 1.01347298990254e+05 
1.87450552323009e-01 1.01496086395723e+05 
1.87656431920205e-01 1.01666399708697e+05 
1.87862698342816e-01 1.01856690457310e+05 
1.88068706507835e-01 1.02065324854170e+05 
1.88275104121430e-01 1.02290211115887e+05 
1.88481242720049e-01 1.02529212959399e+05 
1.88687773243628e-01 1.02780529548275e+05 
1.88894469563244e-01 1.03041106183261e+05 
1.89101215000298e-01 1.03306647667515e+05 
1.89328634981058e-01 1.03603922003686e+05 
1.89572393507575e-01 1.03924452282280e+05 
1.89818098192764e-01 1.04243106631988e+05 
1.90070038173254e-01 1.04556777859828e+05 
1.90324394539095e-01 1.04853140698532e+05 
1.90577857784171e-01 1.05128417727810e+05 
1.90828228467195e-01 1.05369809369907e+05 
1.91077498607255e-01 1.05573798528165e+05 
1.91323938037656e-01 1.05749122662180e+05 
1.91532021006594e-01 1.05876437785694e+05 
1.91740079752782e-01 1.05963358698721e+05 
1.91948235207596e-01 1.06017001094850e+05 
1.92156401104847e-01 1.06043423724336e+05 
1.92364715018062e-01 1.06047280634869e+05 
1.92593860322599e-01 1.06008747999986e+05 
1.92832194033679e-01 1.05955290623487e+05 
1.93069137665587e-01 1.05902379204184e+05 
1.93305342380796e-01 1.05847526891134e+05 
1.93540551797092e-01 1.05789071815238e+05 
1.93775919968453e-01 1.05726285739430e+05 
1.94010639581164e-01 1.05657600741437e+05 
1.94245625849699e-01 1.05581584376552e+05 
1.94479985326919e-01 1.05499315201168e+05 
1.94714571264627e-01 1.05412593864193e+05 
1.94948505924208e-01 1.05322453686951e+05 
1.95182620306529e-01 1.05229406834416e+05 
1.95416061977445e-01 1.05135121656141e+05 
1.95649646435459e-01 1.05040459501379e+05 
1.95882543523906e-01 1.04947081280596e+05 
1.96115552693023e-01 1.04856323044319e+05 
1.96347864028422e-01 1.04770216789691e+05 
1.96580259793897e-01 1.04689849520966e+05 
1.96811949718014e-01 1.04617430931871e+05 
1.97043697943982e-01 1.04555253937163e+05 
1.97274733646966e-01 1.04505195310144e+05 
1.97505802514030e-01 1.04464939144334e+05 
1.97736153024301e-01 1.04443028446395e+05 
1.97966512384799e-01 1.04439943160020e+05 
1.98196148221398e-01 1.04454863222697e+05 
1.98425769584182e-01 1.04488355391718e+05 
1.98654663162217e-01 1.04544656933968e+05 
1.98883520549103e-01 1.04617343829902e+05 
1.99111647249694e-01 1.04705324131648e+05 
1.99339718230839e-01 1.04808562882098e+05 
1.99567057371128e-01 1.04929863638393e+05 
1.99794323803467e-01 1.05068918118205e+05 
2.00020859012879e-01 1.05225006935064e+05 
2.00247307483341e-01 1.05398994841288e+05 
