temps pression
0.00000000000000e+00 1.00000000000000e+05 
7.22956891292051e-05 1.00000000000000e+05 
1.36027416499053e-04 1.00000000000000e+05 
1.97651274822253e-04 1.00000000000000e+05 
2.48442149402507e-04 1.00000000000000e+05 
2.94029664698813e-04 1.00000000000000e+05 
3.33884279503943e-04 1.00000000000000e+05 
3.70509265657990e-04 1.00000000000000e+05 
4.03719470199167e-04 1.00000000000000e+05 
4.34681507136072e-04 1.00000000000000e+05 
4.64277523565565e-04 1.00000000000000e+05 
4.96833141638008e-04 1.00000000000000e+05 
5.32644321517694e-04 1.00000000000000e+05 
5.72036619385349e-04 1.00000000000000e+05 
6.15368147039770e-04 1.00000000000000e+05 
6.62897506064804e-04 1.00000000000000e+05 
7.09341932519735e-04 1.00000000000000e+05 
7.54758931819907e-04 1.00000000000000e+05 
8.04717631050096e-04 1.00000000000000e+05 
8.59672200203304e-04 1.00000000000000e+05 
9.20122226271834e-04 1.00000000000000e+05 
9.84474351726086e-04 1.00000000000000e+05 
1.04760557543551e-03 1.00000000000000e+05 
1.11704992151587e-03 1.00000000000000e+05 
1.19343870220427e-03 1.00000000000000e+05 
1.27595478015941e-03 1.00000000000000e+05 
1.36141506265927e-03 1.00000000000000e+05 
1.44732397491108e-03 1.00000000000000e+05 
1.54182377838807e-03 1.00000000000000e+05 
1.64577356221276e-03 1.00000000000000e+05 
1.75458843625657e-03 1.00000000000000e+05 
1.86649590003106e-03 1.00000000000000e+05 
1.98553502872913e-03 1.00000000000000e+05 
2.11303025362833e-03 1.00000000000000e+05 
2.24449397619574e-03 1.00000000000000e+05 
2.38215351210143e-03 1.00000000000000e+05 
2.52388042068925e-03 1.00000000000000e+05 
2.67095862886710e-03 1.00000000000000e+05 
2.82327391686101e-03 1.00000000000000e+05 
2.98018672915807e-03 1.00000000000000e+05 
3.14242205471957e-03 1.00000000000000e+05 
3.30800195500315e-03 1.00000000000000e+05 
3.47881700750988e-03 1.00000000000000e+05 
3.65507998401956e-03 1.00000000000000e+05 
3.83592045789389e-03 1.00000000000000e+05 
4.02214989600696e-03 1.00000000000000e+05 
4.21480140825587e-03 1.00000000000000e+05 
4.41377317493764e-03 1.00000000000000e+05 
4.62049723545256e-03 1.00000000000000e+05 
4.83304169316537e-03 1.00000000000000e+05 
5.04895137088754e-03 1.00000000000000e+05 
5.26562193450251e-03 1.00000000000000e+05 
5.48294037133330e-03 1.00000000000000e+05 
5.70242223213833e-03 1.00000000000000e+05 
5.92351717758326e-03 1.00000000000000e+05 
6.14649424029939e-03 1.00000000000000e+05 
6.37082499196545e-03 1.00000000000000e+05 
6.59641543541052e-03 1.00000000000000e+05 
6.82347357112431e-03 1.00000000000000e+05 
7.05079640401273e-03 1.00000000000000e+05 
7.27588330137535e-03 1.00000000000000e+05 
7.50153127839600e-03 1.00000000000000e+05 
7.72542646316634e-03 1.00000000000000e+05 
7.94701439570871e-03 1.00000000000000e+05 
8.16679828259067e-03 1.00000000000000e+05 
8.38369439240869e-03 1.00000000000000e+05 
8.59968242956378e-03 1.00000000000000e+05 
8.81441706356477e-03 1.00000000000000e+05 
9.02750694367433e-03 1.00000000000000e+05 
9.23873779301547e-03 1.00000000000000e+05 
9.44843181668537e-03 1.00000000000000e+05 
9.65756947566763e-03 1.00000000000000e+05 
9.86612846509064e-03 1.00000000000000e+05 
1.00745786295075e-02 1.00000000000000e+05 
1.02838932767570e-02 1.00000000000000e+05 
1.04939672291121e-02 1.00000000000000e+05 
1.07069056111288e-02 1.00000000000000e+05 
1.09251472058149e-02 1.00000000000000e+05 
1.11447752998340e-02 1.00000000000000e+05 
1.13683081842539e-02 1.00000000000000e+05 
1.15920422750473e-02 1.00000000000000e+05 
1.18189252530126e-02 1.00000000000000e+05 
1.20500105322030e-02 1.00000000000000e+05 
1.22856915768197e-02 1.00000000000000e+05 
1.25226774396394e-02 1.00000000000000e+05 
1.27651731566326e-02 1.00000000000000e+05 
1.30145344941574e-02 1.00000000000000e+05 
1.32656629411695e-02 1.00000000000000e+05 
1.35185620303145e-02 1.00000000000000e+05 
1.37808416948384e-02 1.00000000000000e+05 
1.40422719748809e-02 1.00000000000000e+05 
1.43043788799091e-02 1.00000000000000e+05 
1.45683422725796e-02 1.00000000000000e+05 
1.48308320773452e-02 1.00000000000000e+05 
1.50926525918932e-02 1.00000000000000e+05 
1.53537371160477e-02 1.00000000000000e+05 
1.56142714514177e-02 1.00000000000000e+05 
1.58743247125259e-02 1.00000000000000e+05 
1.61346629222260e-02 1.00000000000000e+05 
1.63953890782151e-02 1.00000000000000e+05 
1.66569234619079e-02 1.00000000000000e+05 
1.69192665939707e-02 1.00000000000000e+05 
1.71827425126159e-02 1.00000000000000e+05 
1.74471028385220e-02 1.00000000000000e+05 
1.77126923513063e-02 1.00000000000000e+05 
1.79781891131857e-02 1.00000000000000e+05 
1.82445277924027e-02 1.00000000000000e+05 
1.85109084559824e-02 1.00000000000000e+05 
1.87785774362952e-02 1.00000000000000e+05 
1.90464759703142e-02 1.00000000000000e+05 
1.93159894435262e-02 1.00000000000000e+05 
1.95858695858038e-02 1.00000000000000e+05 
1.98565654283647e-02 1.00000000000000e+05 
2.01277103540832e-02 1.00000000000000e+05 
2.03998179479778e-02 1.00000000000000e+05 
2.06723058309992e-02 1.00000000000000e+05 
2.09457648734117e-02 1.00000000000000e+05 
2.12196078101901e-02 1.00000000000000e+05 
2.14944939965531e-02 1.00000000000000e+05 
2.17698221766470e-02 1.00000000000000e+05 
2.20462440752684e-02 1.00000000000000e+05 
2.23231540439601e-02 1.00000000000000e+05 
2.26011890568094e-02 1.00000000000000e+05 
2.28797068566024e-02 1.00000000000000e+05 
2.31593436858979e-02 1.00000000000000e+05 
2.34394426818184e-02 1.00000000000000e+05 
2.37201852634044e-02 1.00000000000000e+05 
2.40010601505603e-02 1.00000000000000e+05 
2.42825010105035e-02 1.00000000000000e+05 
2.45641429830518e-02 1.00000000000000e+05 
2.48465351573732e-02 1.00000000000000e+05 
2.51292390817697e-02 1.00000000000000e+05 
2.54126792776183e-02 1.00000000000000e+05 
2.56966870368968e-02 1.00000000000000e+05 
2.59808968934184e-02 1.00000000000000e+05 
2.62661603331250e-02 1.00000000000000e+05 
2.65513583415510e-02 1.00000000000000e+05 
2.68370798904096e-02 1.00000000000000e+05 
2.71226660167163e-02 1.00000000000000e+05 
2.74093041078642e-02 1.00000000000000e+05 
2.76963255811089e-02 1.00000000000000e+05 
2.79843342715278e-02 1.00000000000000e+05 
2.82726684903000e-02 1.00000000000000e+05 
2.85619191627087e-02 1.00000000000000e+05 
2.88514903597460e-02 1.00000000000000e+05 
2.91420956976114e-02 1.00000000000000e+05 
2.94330885295968e-02 1.00000000000000e+05 
2.97252382447663e-02 1.00000000000000e+05 
3.00178250005213e-02 1.00000000000000e+05 
3.03117042691699e-02 1.00000000000000e+05 
3.06060933301306e-02 1.00000000000000e+05 
3.09019275810666e-02 1.00000000000000e+05 
3.11983627427183e-02 1.00000000000000e+05 
3.14963134072529e-02 1.00000000000000e+05 
3.17949637326833e-02 1.00000000000000e+05 
3.20945380498399e-02 1.00000000000000e+05 
3.23947366366649e-02 1.00000000000000e+05 
3.26961861387705e-02 1.00000000000000e+05 
3.29981491131889e-02 1.00000000000000e+05 
3.33006588641230e-02 1.00000000000000e+05 
3.36036878834733e-02 1.00000000000000e+05 
3.39073246137597e-02 1.00000000000000e+05 
3.42116142859104e-02 1.00000000000000e+05 
3.45165906328117e-02 1.00000000000000e+05 
3.48223436243195e-02 1.00000000000000e+05 
3.51288188366156e-02 1.00000000000000e+05 
3.54361434683620e-02 1.00000000000000e+05 
3.57441848121642e-02 1.00000000000000e+05 
3.60530794037057e-02 1.00000000000000e+05 
3.63626917331121e-02 1.00000000000000e+05 
3.66730264009935e-02 1.00000000000000e+05 
3.69841135464879e-02 1.00000000000000e+05 
3.72953176952577e-02 1.00000000000000e+05 
3.76074048838358e-02 1.00000000000000e+05 
3.79196556568732e-02 1.00000000000000e+05 
3.82326245987455e-02 1.00000000000000e+05 
3.85458009389463e-02 1.00000000000000e+05 
3.88596648938281e-02 1.00000000000000e+05 
3.91737145426707e-02 1.00000000000000e+05 
3.94884456718519e-02 1.00000000000000e+05 
3.98033212224374e-02 1.00000000000000e+05 
4.01188814553085e-02 1.00000000000000e+05 
4.04345424573980e-02 1.00000000000000e+05 
4.07509052854010e-02 1.00000000000000e+05 
4.10670070482553e-02 1.00000000000000e+05 
4.13834570755417e-02 1.00000000000000e+05 
4.16996012783862e-02 1.00000000000000e+05 
4.20160982955792e-02 1.00000000000000e+05 
4.23323010673451e-02 1.00000000000000e+05 
4.26488732609596e-02 1.00000000000000e+05 
4.29651426988358e-02 1.00000000000000e+05 
4.32817343832775e-02 1.00000000000000e+05 
4.35979766440012e-02 1.00000000000000e+05 
4.39144933525713e-02 1.00000000000000e+05 
4.42306529949047e-02 1.00000000000000e+05 
4.45470839073903e-02 1.00000000000000e+05 
4.48631758351165e-02 1.00000000000000e+05 
4.51795440959319e-02 1.00000000000000e+05 
4.54955900747284e-02 1.00000000000000e+05 
4.58119095926081e-02 1.00000000000000e+05 
4.61279205554807e-02 1.00000000000000e+05 
4.64441956628936e-02 1.00000000000000e+05 
4.67601649226033e-02 1.00000000000000e+05 
4.70763649955208e-02 1.00000000000000e+05 
4.73922406019329e-02 1.00000000000000e+05 
4.77083232880120e-02 1.00000000000000e+05 
4.80240786629006e-02 1.00000000000000e+05 
4.83400300280378e-02 1.00000000000000e+05 
4.86556639331572e-02 1.00000000000000e+05 
4.89714933052362e-02 1.00000000000000e+05 
4.92870066173508e-02 1.00000000000000e+05 
4.96026864675827e-02 1.00000000000000e+05 
4.99180177056261e-02 1.00000000000000e+05 
5.02334636219148e-02 1.00000000000000e+05 
5.05485472241581e-02 1.00000000000000e+05 
5.08637367370656e-02 1.00000000000000e+05 
5.11785762566234e-02 1.00000000000000e+05 
5.14935332103429e-02 1.00000000000000e+05 
5.18081687379381e-02 1.00000000000000e+05 
5.21229357921046e-02 1.00000000000000e+05 
5.24374266464232e-02 1.00000000000000e+05 
5.27520698554487e-02 1.00000000000000e+05 
5.30664708138340e-02 1.00000000000000e+05 
5.33810272695764e-02 1.00000000000000e+05 
5.36953502537562e-02 1.00000000000000e+05 
5.40098006472450e-02 1.00000000000000e+05 
5.43240012162958e-02 1.00000000000000e+05 
5.46382871368995e-02 1.00000000000000e+05 
5.49523080611168e-02 1.00000000000000e+05 
5.52663941602509e-02 1.00000000000000e+05 
5.55802135683758e-02 1.00000000000000e+05 
5.58941025870189e-02 1.00000000000000e+05 
5.62077469962788e-02 1.00000000000000e+05 
5.65214895279871e-02 1.00000000000000e+05 
5.68350410115493e-02 1.00000000000000e+05 
5.71487290157357e-02 1.00000000000000e+05 
5.74622668393030e-02 1.00000000000000e+05 
5.77759547212801e-02 1.00000000000000e+05 
5.80894985335898e-02 1.00000000000000e+05 
5.84031730311814e-02 1.00000000000000e+05 
5.87166834834677e-02 1.00000000000000e+05 
5.90302880194121e-02 1.00000000000000e+05 
5.93437054968635e-02 1.00000000000000e+05 
5.96571912588658e-02 1.00000000000000e+05 
5.99704887742935e-02 1.00000000000000e+05 
6.02838556283188e-02 1.00000000000000e+05 
6.05970568888690e-02 1.00000000000000e+05 
6.09103442585844e-02 1.00000000000000e+05 
6.12234954720035e-02 1.00000000000000e+05 
6.15367477363487e-02 1.00000000000000e+05 
6.18498859940722e-02 1.00000000000000e+05 
6.21631307258372e-02 1.00000000000000e+05 
6.24762717293918e-02 1.00000000000000e+05 
6.27895123446876e-02 1.00000000000000e+05 
6.31026431670024e-02 1.00000000000000e+05 
6.34158508035732e-02 1.00000000000000e+05 
6.37289213307998e-02 1.00000000000000e+05 
6.40420269101628e-02 1.00000000000000e+05 
6.43549814017066e-02 1.00000000000000e+05 
6.46679568176157e-02 1.00000000000000e+05 
6.49807863366567e-02 1.00000000000000e+05 
6.52936358859749e-02 1.00000000000000e+05 
6.56063635458373e-02 1.00000000000000e+05 
6.59191260381788e-02 1.00000000000000e+05 
6.62317934163419e-02 1.00000000000000e+05 
6.65445060344054e-02 1.00000000000000e+05 
6.68571335605485e-02 1.00000000000000e+05 
6.71698002899264e-02 1.00000000000000e+05 
6.74823816456346e-02 1.00000000000000e+05 
6.77949921425674e-02 1.00000000000000e+05 
6.81075150094708e-02 1.00000000000000e+05 
6.84200523092451e-02 1.00000000000000e+05 
6.87324982184147e-02 1.00000000000000e+05 
6.90449547406397e-02 1.00000000000000e+05 
6.93573316396474e-02 1.00000000000000e+05 
6.96697367392504e-02 1.00000000000000e+05 
6.99820778491313e-02 1.00000000000000e+05 
7.02944541067532e-02 1.00000000000000e+05 
7.06067550760770e-02 1.00000000000000e+05 
7.09190733440298e-02 1.00000000000000e+05 
7.12312934051934e-02 1.00000000000000e+05 
7.15435117744620e-02 1.00000000000000e+05 
7.18556219933841e-02 1.00000000000000e+05 
7.21677292907643e-02 1.00000000000000e+05 
7.24797345909491e-02 1.00000000000000e+05 
7.27917470911593e-02 1.00000000000000e+05 
7.31036632089609e-02 1.00000000000000e+05 
7.34155907170568e-02 1.00000000000000e+05 
7.37274233393041e-02 1.00000000000000e+05 
7.40392735247388e-02 1.00000000000000e+05 
7.43510353027837e-02 1.00000000000000e+05 
7.46628243091237e-02 1.00000000000000e+05 
7.49745328900735e-02 1.00000000000000e+05 
7.52862767042903e-02 1.00000000000000e+05 
7.55979463394607e-02 1.00000000000000e+05 
7.59096566153869e-02 1.00000000000000e+05 
7.62212960563900e-02 1.00000000000000e+05 
7.65329789431278e-02 1.00000000000000e+05 
7.68445915719247e-02 1.00000000000000e+05 
7.71562455557753e-02 1.00000000000000e+05 
7.74678247783313e-02 1.00000000000000e+05 
7.77794385057261e-02 1.00000000000000e+05 
7.80909712827530e-02 1.00000000000000e+05 
7.84025343886490e-02 1.00000000000000e+05 
7.87140110382694e-02 1.00000000000000e+05 
7.90255121419881e-02 1.00000000000000e+05 
7.93369143214632e-02 1.00000000000000e+05 
7.96483288317579e-02 1.00000000000000e+05 
7.99596313798906e-02 1.00000000000000e+05 
8.02709384367556e-02 1.00000000000000e+05 
8.05821308522742e-02 1.00000000000000e+05 
8.08933311022817e-02 1.00000000000000e+05 
8.12044269511477e-02 1.00000000000000e+05 
8.15155460660751e-02 1.00000000000000e+05 
8.18265863116830e-02 1.00000000000000e+05 
8.21376709314170e-02 1.00000000000000e+05 
8.24486857243095e-02 1.00000000000000e+05 
8.27597405077248e-02 1.00000000000000e+05 
8.30707100146583e-02 1.00000000000000e+05 
8.33817097408352e-02 1.00000000000000e+05 
8.36926201905503e-02 1.00000000000000e+05 
8.40035660864686e-02 1.00000000000000e+05 
8.43144223329970e-02 1.00000000000000e+05 
8.46253123207934e-02 1.00000000000000e+05 
8.49361025122046e-02 1.00000000000000e+05 
8.52469173761804e-02 1.00000000000000e+05 
8.55576208924859e-02 1.00000000000000e+05 
8.58683413625972e-02 1.00000000000000e+05 
8.61789434724920e-02 1.00000000000000e+05 
8.64895613160277e-02 1.00000000000000e+05 
8.68000591792150e-02 1.00000000000000e+05 
8.71105824611437e-02 1.00000000000000e+05 
8.74209740468656e-02 1.00000000000000e+05 
8.77313837804516e-02 1.00000000000000e+05 
8.80416652039697e-02 1.00000000000000e+05 
8.83519882102511e-02 1.00000000000000e+05 
8.86622102974863e-02 1.00000000000000e+05 
8.89724962277387e-02 1.00000000000000e+05 
8.92827011795911e-02 1.00000000000000e+05 
8.95929786265382e-02 1.00000000000000e+05 
8.99031662281205e-02 1.00000000000000e+05 
9.02134029853792e-02 1.00000000000000e+05 
9.05235274010949e-02 1.00000000000000e+05 
9.08336787043700e-02 1.00000000000000e+05 
9.11436913665448e-02 1.00000000000000e+05 
9.14537075238366e-02 1.00000000000000e+05 
9.17635653254864e-02 1.00000000000000e+05 
9.20734142888010e-02 1.00000000000000e+05 
9.23830989052867e-02 1.00000000000000e+05 
9.26927759851146e-02 1.00000000000000e+05 
9.30022942792790e-02 1.00000000000000e+05 
9.33118116951759e-02 1.00000000000000e+05 
9.36211789586707e-02 1.00000000000000e+05 
9.39305594734872e-02 1.00000000000000e+05 
9.42397955894819e-02 1.00000000000000e+05 
9.45490442423863e-02 1.00000000000000e+05 
9.48581356813162e-02 1.00000000000000e+05 
9.51672269790812e-02 1.00000000000000e+05 
9.54761621978150e-02 1.00000000000000e+05 
9.57851103591711e-02 1.00000000000000e+05 
9.60939232293934e-02 1.00000000000000e+05 
9.64027701768023e-02 1.00000000000000e+05 
9.67114990307265e-02 1.00000000000000e+05 
9.70202749303357e-02 1.00000000000000e+05 
9.73289439894749e-02 1.00000000000000e+05 
9.76376714754619e-02 1.00000000000000e+05 
9.79463068340227e-02 1.00000000000000e+05 
9.82550155084836e-02 1.00000000000000e+05 
9.85636446967722e-02 1.00000000000000e+05 
9.88723544529946e-02 1.00000000000000e+05 
9.91809851318472e-02 1.00000000000000e+05 
9.94896928874227e-02 1.00000000000000e+05 
9.97983027118168e-02 1.00000000000000e+05 
1.00106951453213e-01 1.00000000000000e+05 
1.00415498399201e-01 1.00000000000000e+05 
1.00724084302283e-01 1.00000000000000e+05 
1.01032578387891e-01 1.00000000000000e+05 
1.01341102765440e-01 1.00000000000000e+05 
1.01649567190272e-01 1.00000000000000e+05 
1.01958052031824e-01 1.00000000000000e+05 
1.02266491839458e-01 1.00000000000000e+05 
1.02574961276503e-01 1.00000000000000e+05 
1.02883394909752e-01 1.00000000000000e+05 
1.03191861410283e-01 1.00000000000000e+05 
1.03500290409700e-01 1.00000000000000e+05 
1.03808747227137e-01 1.00000000000000e+05 
1.04117161625306e-01 1.00000000000000e+05 
1.04425598903058e-01 1.00000000000000e+05 
1.04733990638045e-01 1.00000000000000e+05 
1.05042407336192e-01 1.00000000000000e+05 
1.05350782169674e-01 1.00000000000000e+05 
1.05659188268724e-01 1.00000000000000e+05 
1.05967555156463e-01 1.00000000000000e+05 
1.06275954091389e-01 1.00000000000000e+05 
1.06584309581418e-01 1.00000000000000e+05 
1.06892691155477e-01 1.00000000000000e+05 
1.07201021183610e-01 1.00000000000000e+05 
1.07509370496394e-01 1.00000000000000e+05 
1.07817662289540e-01 1.00000000000000e+05 
1.08125970661167e-01 1.00000000000000e+05 
1.08434219448381e-01 1.00000000000000e+05 
1.08742485493029e-01 1.00000000000000e+05 
1.09050691801627e-01 1.00000000000000e+05 
1.09358916919680e-01 1.00000000000000e+05 
1.09667082265258e-01 1.00000000000000e+05 
1.09975268404393e-01 1.00000000000000e+05 
1.10283396033676e-01 1.00000000000000e+05 
1.10591548885012e-01 1.00000000000000e+05 
1.10899646936187e-01 1.00000000000000e+05 
1.11207776101531e-01 1.00000000000000e+05 
1.11515854015390e-01 1.00000000000000e+05 
1.11823966028595e-01 1.00000000000000e+05 
1.12132026346437e-01 1.00000000000000e+05 
1.12440117995138e-01 1.00000000000000e+05 
1.12748152800687e-01 1.00000000000000e+05 
1.13056211952739e-01 1.00000000000000e+05 
1.13364207059406e-01 1.00000000000000e+05 
1.13672219102955e-01 1.00000000000000e+05 
1.13980161515638e-01 1.00000000000000e+05 
1.14288116907237e-01 1.00000000000000e+05 
1.14596001806665e-01 1.00000000000000e+05 
1.14903900982676e-01 1.00000000000000e+05 
1.15211733478519e-01 1.00000000000000e+05 
1.15519584954794e-01 1.00000000000000e+05 
1.15827375325869e-01 1.00000000000000e+05 
1.16135189593024e-01 1.00000000000000e+05 
1.16442947536956e-01 1.00000000000000e+05 
1.16750732826110e-01 1.00000000000000e+05 
1.17058464930303e-01 1.00000000000000e+05 
1.17366226099104e-01 1.00000000000000e+05 
1.17673934813329e-01 1.00000000000000e+05 
1.17981652145197e-01 1.00000000000000e+05 
1.18289301968009e-01 1.00000000000000e+05 
1.18596959716845e-01 1.00000000000000e+05 
1.18902858314858e-01 1.00000000000000e+05 
1.19205828911199e-01 1.00000000000000e+05 
1.19510133771001e-01 1.00000000000000e+05 
1.19817667186624e-01 1.00000000000000e+05 
1.20125126939395e-01 1.00000000000000e+05 
1.20432585970055e-01 1.00000000000000e+05 
1.20739966958818e-01 1.00000000000000e+05 
1.21047344946858e-01 1.00125230259332e+05 
1.21354643708494e-01 1.01414029569406e+05 
1.21661940419222e-01 1.04706000018358e+05 
1.21969159900389e-01 1.10148331394952e+05 
1.22276380211809e-01 1.17235928514888e+05 
1.22583526714614e-01 1.25007467173056e+05 
1.22890676040190e-01 1.32175871451963e+05 
1.23197752621522e-01 1.37137461668295e+05 
1.23504830053497e-01 1.39311116738643e+05 
1.23811833983194e-01 1.39146216263351e+05 
1.24118844307426e-01 1.39128282622987e+05 
1.24409469089306e-01 1.38956277173263e+05 
1.24692319716300e-01 1.38467598634772e+05 
1.24976829281251e-01 1.37851662120214e+05 
1.25266134091746e-01 1.37206525764920e+05 
1.25554515318944e-01 1.36556644930594e+05 
1.25849408303075e-01 1.35896897817389e+05 
1.26157126301524e-01 1.35287786777862e+05 
1.26464990627474e-01 1.34763281142809e+05 
1.26772911523401e-01 1.34298992205317e+05 
1.27080912266405e-01 1.33866819587042e+05 
1.27388875960961e-01 1.33465011249481e+05 
1.27696806376405e-01 1.33072641333179e+05 
1.28004590504886e-01 1.32684890745390e+05 
1.28312245711539e-01 1.32288104104544e+05 
1.28619692822477e-01 1.31886589978473e+05 
1.28926969571687e-01 1.31476769467955e+05 
1.29233906740561e-01 1.31064795521858e+05 
1.29540613675147e-01 1.30649583331759e+05 
1.29847066545654e-01 1.30238374196601e+05 
1.30153392552088e-01 1.29830491209878e+05 
1.30459563126551e-01 1.29430276028291e+05 
1.30765688755904e-01 1.29036011040591e+05 
1.31071722159011e-01 1.28649304420680e+05 
1.31377750322009e-01 1.28267571757265e+05 
1.31683715435809e-01 1.27890851422894e+05 
1.31989688977032e-01 1.27516901171570e+05 
1.32295611675545e-01 1.27145613356667e+05 
1.32601547550441e-01 1.26775765289446e+05 
1.32907436590393e-01 1.26407685084952e+05 
1.33213343369196e-01 1.26041036688795e+05 
1.33519202997880e-01 1.25676561431103e+05 
1.33825086027335e-01 1.25314341517822e+05 
1.34130916851384e-01 1.24955225524311e+05 
1.34436774011688e-01 1.24599332095189e+05 
1.34742569598910e-01 1.24247360753255e+05 
1.35048390421298e-01 1.23899274778821e+05 
1.35354142316319e-01 1.23555505049795e+05 
1.35659918380991e-01 1.23215835133613e+05 
1.35965627938563e-01 1.22880448840328e+05 
1.36271366802410e-01 1.22549021103321e+05 
1.36577056998476e-01 1.22221576144883e+05 
1.36882791924742e-01 1.21897758875949e+05 
1.37188510011393e-01 1.21577497323049e+05 
1.37494292965257e-01 1.21260437861094e+05 
1.37800093329032e-01 1.20946428650218e+05 
1.38105974644416e-01 1.20635121632989e+05 
1.38411897559883e-01 1.20326306451262e+05 
1.38717907392712e-01 1.20019671107964e+05 
1.39023953991932e-01 1.19715028440821e+05 
1.39330064723305e-01 1.19412174321716e+05 
1.39636177717480e-01 1.19111035742833e+05 
1.39942313859994e-01 1.18811567867723e+05 
1.40248401434967e-01 1.18513862900909e+05 
1.40554469185302e-01 1.18218018693450e+05 
1.40860438267040e-01 1.17924261196851e+05 
1.41166355907463e-01 1.17632746253790e+05 
1.41472144134029e-01 1.17343732198192e+05 
1.41777876537365e-01 1.17057325603508e+05 
1.42083478987670e-01 1.16773717719541e+05 
1.42389046800531e-01 1.16492903594466e+05 
1.42694508319842e-01 1.16214965332181e+05 
1.42999970767688e-01 1.15939789777979e+05 
1.43305361858351e-01 1.15667375935968e+05 
1.43610789213857e-01 1.15397553026172e+05 
1.43916177309747e-01 1.15130297892366e+05 
1.44221626404356e-01 1.14865435926305e+05 
1.44527057613014e-01 1.14602968860963e+05 
1.44832560293358e-01 1.14342742483319e+05 
1.45138052730381e-01 1.14084789685626e+05 
1.45443613694732e-01 1.13828967112561e+05 
1.45749158916204e-01 1.13575312232464e+05 
1.46054759928764e-01 1.13323672039009e+05 
1.46360331513623e-01 1.13074060486240e+05 
1.46665942836399e-01 1.12826312153694e+05 
1.46971509919274e-01 1.12580418465498e+05 
1.47277103663183e-01 1.12336227095309e+05 
1.47582642266259e-01 1.12093741529184e+05 
1.47888200112365e-01 1.11852859561368e+05 
1.48193697326642e-01 1.11613639122378e+05 
1.48499211295222e-01 1.11376045821933e+05 
1.48804663366600e-01 1.11140207466069e+05 
1.49110132180778e-01 1.10906135647749e+05 
1.49415539477357e-01 1.10673999685571e+05 
1.49720964001236e-01 1.10443801838147e+05 
1.50026327617993e-01 1.10215693855322e+05 
1.50331709229272e-01 1.09989610259695e+05 
1.50637031148279e-01 1.09765630516744e+05 
1.50942373159061e-01 1.09543595045838e+05 
1.51247658377978e-01 1.09323494732034e+05 
1.51552967895275e-01 1.09105099085156e+05 
1.51858225389481e-01 1.08888343945997e+05 
1.52163513073689e-01 1.08672989791778e+05 
1.52468755199398e-01 1.08458982342342e+05 
1.52774034473087e-01 1.08246141586942e+05 
1.53079275041762e-01 1.08034484886097e+05 
1.53384558270192e-01 1.07823933097156e+05 
1.53689806396546e-01 1.07614601942184e+05 
1.53995097918007e-01 1.07406507444828e+05 
1.54300352553849e-01 1.07199841595874e+05 
1.54605646552246e-01 1.06994666451343e+05 
1.54910898720591e-01 1.06791191181880e+05 
1.55216184971272e-01 1.06589455881493e+05 
1.55521425100538e-01 1.06389620829713e+05 
1.55826695703558e-01 1.06191648689749e+05 
1.56131917785729e-01 1.05995608484462e+05 
1.56437168209262e-01 1.05801364664341e+05 
1.56742368312060e-01 1.05608892420434e+05 
1.57047594705275e-01 1.05417976722466e+05 
1.57352768785146e-01 1.05228533284091e+05 
1.57657967046093e-01 1.05040315101147e+05 
1.57963111370183e-01 1.04853233024921e+05 
1.58268278381198e-01 1.04667064745924e+05 
1.58573390705820e-01 1.04481769053064e+05 
1.58878525078513e-01 1.04297193520404e+05 
1.59183604165009e-01 1.04113377373512e+05 
1.59488704394036e-01 1.03930257626656e+05 
1.59793747941208e-01 1.03747956533029e+05 
1.60098811592938e-01 1.03566489860784e+05 
1.60403818589445e-01 1.03386037050107e+05 
1.60708847716258e-01 1.03206658259093e+05 
1.61013824530343e-01 1.03028548632940e+05 
1.61318829774579e-01 1.02851769421982e+05 
1.61623789823380e-01 1.02676490694857e+05 
1.61928785650674e-01 1.02502737239387e+05 
1.62233742333865e-01 1.02330625894759e+05 
1.62538739771693e-01 1.02160123520916e+05 
1.62843701248896e-01 1.01991284869317e+05 
1.63148705520540e-01 1.01824018580029e+05 
1.63453674771574e-01 1.01658329265927e+05 
1.63758687055781e-01 1.01494087304625e+05 
1.64063664091304e-01 1.01331275761536e+05 
1.64368683552626e-01 1.01169760389613e+05 
1.64673666846664e-01 1.01009539497075e+05 
1.64978691481801e-01 1.00850511944782e+05 
1.65283678920422e-01 1.00692726588882e+05 
1.65588706711310e-01 1.00536148240922e+05 
1.65893696655656e-01 1.00380903086691e+05 
1.66198725735740e-01 1.00227044388510e+05 
1.66503715690747e-01 1.00074790610831e+05 
1.66808742711550e-01 9.99242930032363e+04 
1.67113729147484e-01 9.97758644400121e+04 
1.67418750848026e-01 9.96297517488690e+04 
1.67723731140174e-01 9.94863543794477e+04 
1.68028745403258e-01 9.93460037137679e+04 
1.68333717806235e-01 9.92091708266200e+04 
1.68638722974403e-01 9.90762541506617e+04 
1.68943685693245e-01 9.89477753395308e+04 
1.69248679678644e-01 9.88241755015269e+04 
1.69553630133460e-01 9.87059977221003e+04 
1.69858610283604e-01 9.85936904863230e+04 
1.70163546191981e-01 9.84877755370290e+04 
1.70468511482993e-01 9.83886571762880e+04 
1.70773433493931e-01 9.82967754265434e+04 
1.71078385680302e-01 9.82124209881878e+04 
1.71383297938599e-01 9.81358744169516e+04 
1.71688240165534e-01 9.80672311287800e+04 
1.71993158270385e-01 9.80065251208017e+04 
1.72298105154415e-01 9.79535806867768e+04 
1.72603032403362e-01 9.79081184059418e+04 
1.72907985008092e-01 9.78696399649204e+04 
1.73212917062566e-01 9.78375279573964e+04 
1.73517866747510e-01 9.78109707795501e+04 
1.73822795777145e-01 9.77890543045332e+04 
1.74127737835441e-01 9.77707339691423e+04 
1.74432662164662e-01 9.77549152668673e+04 
1.74737598100606e-01 9.77404671172623e+04 
1.75042518273030e-01 9.77262894068707e+04 
1.75347449241395e-01 9.77113473608401e+04 
1.75652362391349e-01 9.76947319804606e+04 
1.75957279424191e-01 9.76756891937363e+04 
1.76262171728703e-01 9.76536668066829e+04 
1.76567060245000e-01 9.76283366966290e+04 
1.76871923914093e-01 9.75996326055501e+04 
1.77176786012723e-01 9.75676586300193e+04 
1.77481630071031e-01 9.75329775240929e+04 
1.77786477873549e-01 9.74958731642756e+04 
1.78091313415335e-01 9.74576047963664e+04 
1.78396155733573e-01 9.74196583832388e+04 
1.78700990749613e-01 9.73824005810646e+04 
1.79005828402417e-01 9.73481081837423e+04 
1.79310657027771e-01 9.73172276412981e+04 
1.79615487770585e-01 9.72923484865983e+04 
1.79920313890336e-01 9.72726124264884e+04 
1.80225143622100e-01 9.72601334169959e+04 
1.80529971454501e-01 9.72494997376581e+04 
1.80834803500849e-01 9.72462241507325e+04 
1.81139637135113e-01 9.72552745762219e+04 
1.81444476291900e-01 9.72730865278866e+04 
1.81749320315961e-01 9.72968035815863e+04 
1.82054170011890e-01 9.73298203047664e+04 
1.82359025563209e-01 9.73729012203017e+04 
1.82663885096959e-01 9.74218937619784e+04 
1.82968750007636e-01 9.74747388100555e+04 
1.83273617038710e-01 9.75306515249676e+04 
1.83578489549821e-01 9.75861902673939e+04 
1.83883363740658e-01 9.76391036595145e+04 
1.84188244948088e-01 9.76896127031820e+04 
1.84493128767107e-01 9.77312942837517e+04 
1.84798023203055e-01 9.77588987361798e+04 
1.85102922293493e-01 9.77854153392473e+04 
1.85407834481927e-01 9.77997403611103e+04 
1.85712751083101e-01 9.78035965919218e+04 
1.86017681951226e-01 9.77920780412821e+04 
1.86322610607646e-01 9.77788123084243e+04 
1.86627561243420e-01 9.77585760427832e+04 
1.86932494933090e-01 9.77298965542887e+04 
1.87237463571307e-01 9.76900251209913e+04 
1.87542402791908e-01 9.76412969481669e+04 
1.87847377355692e-01 9.75841675937370e+04 
1.88152321068457e-01 9.75189722391716e+04 
1.88457301493794e-01 9.74475325947357e+04 
1.88762252440861e-01 9.73710286883393e+04 
1.89067240634460e-01 9.72905050915218e+04 
1.89372200251323e-01 9.72069190690407e+04 
1.89677198401935e-01 9.71209878169486e+04 
1.89982168281168e-01 9.70336469935915e+04 
1.90287175713394e-01 9.69456492398269e+04 
1.90592152632729e-01 9.68576371186426e+04 
1.90897164363142e-01 9.67699950319385e+04 
1.91202142268086e-01 9.66832216096645e+04 
1.91507151937659e-01 9.65975554147696e+04 
1.91812124947281e-01 9.65132795894656e+04 
1.92117127426722e-01 9.64304780070484e+04 
1.92422091238198e-01 9.63492494381209e+04 
1.92727083302228e-01 9.62695904004668e+04 
1.93032036065154e-01 9.61914949450146e+04 
1.93337017484395e-01 9.61149033504181e+04 
1.93641960544198e-01 9.60397431050057e+04 
1.93946935129062e-01 9.59659351387579e+04 
1.94251874211836e-01 9.58933884790931e+04 
1.94556848057584e-01 9.58220286813537e+04 
1.94861787886157e-01 9.57517743909114e+04 
1.95166762928160e-01 9.56825746432982e+04 
1.95471701748440e-01 9.56143837224508e+04 
1.95776675563573e-01 9.55471880283877e+04 
1.96081613193773e-01 9.54809870398970e+04 
1.96386587120554e-01 9.54158089597762e+04 
1.96691524748197e-01 9.53516981856340e+04 
1.96996496507228e-01 9.52887221582852e+04 
1.97301428938231e-01 9.52269623809211e+04 
1.97606392190154e-01 9.51665171846592e+04 
1.97911314804742e-01 9.51074946494408e+04 
1.98216271100671e-01 9.50500145046864e+04 
1.98521190757649e-01 9.49942028196974e+04 
1.98826148216336e-01 9.49401929100937e+04 
1.99131069891365e-01 9.48881213156152e+04 
1.99436029595817e-01 9.48381309218812e+04 
1.99740952338429e-01 9.47903656629752e+04 
2.00045913549308e-01 9.47449689841643e+04 
2.00350838401752e-01 9.47020974819726e+04 
