# Liste des scalaires : TEMPS pmat 
0.00000000000000e+00 1.00000000000000e+05 
9.03696114115064e-05 1.00000000000000e+05 
1.74176353362696e-04 1.00000000000000e+05 
2.61557745528688e-04 1.00000000000000e+05 
3.50753730818556e-04 1.00000000000000e+05 
4.27604914918237e-04 1.00000000000000e+05 
4.80063181376485e-04 1.00000000000000e+05 
5.21746788686122e-04 1.00000000000000e+05 
5.57949289997401e-04 1.00000000000000e+05 
5.90913750809653e-04 1.00000000000000e+05 
6.27174657703132e-04 1.00000000000000e+05 
6.67061655285958e-04 1.00000000000000e+05 
7.10937352627066e-04 1.00000000000000e+05 
7.59200619702286e-04 1.00000000000000e+05 
8.12290213485028e-04 1.00000000000000e+05 
8.70688766646043e-04 1.00000000000000e+05 
9.34927175123160e-04 1.00000000000000e+05 
1.00558942444799e-03 1.00000000000000e+05 
1.08331789870530e-03 1.00000000000000e+05 
1.16881922038834e-03 1.00000000000000e+05 
1.26287067423969e-03 1.00000000000000e+05 
1.36632727347617e-03 1.00000000000000e+05 
1.48012953263630e-03 1.00000000000000e+05 
1.60531201771245e-03 1.00000000000000e+05 
1.74301275129621e-03 1.00000000000000e+05 
1.88816569643029e-03 1.00000000000000e+05 
2.03984755645968e-03 1.00000000000000e+05 
2.19958689155714e-03 1.00000000000000e+05 
2.36480078737391e-03 1.00000000000000e+05 
2.53907146908604e-03 1.00000000000000e+05 
2.72051125177794e-03 1.00000000000000e+05 
2.91159123317146e-03 1.00000000000000e+05 
3.11046244131856e-03 1.00000000000000e+05 
3.31852079228518e-03 1.00000000000000e+05 
3.53336974885611e-03 1.00000000000000e+05 
3.75269815080272e-03 1.00000000000000e+05 
3.98151588852052e-03 1.00000000000000e+05 
4.21817261917785e-03 1.00000000000000e+05 
4.46327856719046e-03 1.00000000000000e+05 
4.71974853258738e-03 1.00000000000000e+05 
4.98671016013337e-03 1.00000000000000e+05 
5.26527365606525e-03 1.00000000000000e+05 
5.55440982484528e-03 1.00000000000000e+05 
5.85228529841691e-03 1.00000000000000e+05 
6.15913416142116e-03 1.00000000000000e+05 
6.47594577277997e-03 1.00000000000000e+05 
6.80188688507759e-03 1.00000000000000e+05 
7.13845803180913e-03 1.00000000000000e+05 
7.48017852004510e-03 1.00000000000000e+05 
7.83056200526021e-03 1.00000000000000e+05 
8.18818302413839e-03 1.00000000000000e+05 
8.55005312356108e-03 1.00000000000000e+05 
8.91940223332516e-03 1.00000000000000e+05 
9.29411855791069e-03 1.00000000000000e+05 
9.67780397566028e-03 1.00000000000000e+05 
1.00554588605558e-02 1.00000000000000e+05 
1.04251003879469e-02 1.00000000000000e+05 
1.07882237584162e-02 1.00000000000000e+05 
1.11439287841320e-02 1.00000000000000e+05 
1.14944010745364e-02 1.00000000000000e+05 
1.18376715174395e-02 1.00000000000000e+05 
1.21414600928851e-02 1.00000000000000e+05 
1.24275930971065e-02 1.00000000000000e+05 
1.27011752404383e-02 1.00000000000000e+05 
1.29659103751801e-02 1.00000000000000e+05 
1.32230834004864e-02 1.00000000000000e+05 
1.34750227877839e-02 1.00000000000000e+05 
1.37211574690597e-02 1.00000000000000e+05 
1.39640282958579e-02 1.00000000000000e+05 
1.42027980678438e-02 1.00000000000000e+05 
1.44399823974716e-02 1.00000000000000e+05 
1.46748727103135e-02 1.00000000000000e+05 
1.49099399193365e-02 1.00000000000000e+05 
1.51447087044993e-02 1.00000000000000e+05 
1.53804304536618e-02 1.00000000000000e+05 
1.56175883249743e-02 1.00000000000000e+05 
1.58571094073389e-02 1.00000000000000e+05 
1.60999326240489e-02 1.00000000000000e+05 
1.63463003677974e-02 1.00000000000000e+05 
1.65970223502704e-02 1.00000000000000e+05 
1.68520297378861e-02 1.00000000000000e+05 
1.71118119265387e-02 1.00000000000000e+05 
1.73760854873002e-02 1.00000000000000e+05 
1.76450747279542e-02 1.00000000000000e+05 
1.79183214348720e-02 1.00000000000000e+05 
1.81958633337008e-02 1.00000000000000e+05 
1.84771507045503e-02 1.00000000000000e+05 
1.87620564497743e-02 1.00000000000000e+05 
1.90500391973015e-02 1.00000000000000e+05 
1.93408332770931e-02 1.00000000000000e+05 
1.96339786788533e-02 1.00000000000000e+05 
1.99290951679428e-02 1.00000000000000e+05 
2.02258776990366e-02 1.00000000000000e+05 
2.05238412794268e-02 1.00000000000000e+05 
2.08229163679844e-02 1.00000000000000e+05 
2.11225372385534e-02 1.00000000000000e+05 
2.14228957838720e-02 1.00000000000000e+05 
2.17233900733258e-02 1.00000000000000e+05 
2.20244071257011e-02 1.00000000000000e+05 
2.23253324463902e-02 1.00000000000000e+05 
2.26266925548843e-02 1.00000000000000e+05 
2.29279076616588e-02 1.00000000000000e+05 
2.32295648584932e-02 1.00000000000000e+05 
2.35311717037792e-02 1.00000000000000e+05 
2.38333020438577e-02 1.00000000000000e+05 
2.41355552161451e-02 1.00000000000000e+05 
2.44384868438703e-02 1.00000000000000e+05 
2.47417334912307e-02 1.00000000000000e+05 
2.50458795050589e-02 1.00000000000000e+05 
2.53505549082854e-02 1.00000000000000e+05 
2.56563889992392e-02 1.00000000000000e+05 
2.59629712344922e-02 1.00000000000000e+05 
2.62709868269016e-02 1.00000000000000e+05 
2.65799547714135e-02 1.00000000000000e+05 
2.68906142872499e-02 1.00000000000000e+05 
2.72023798173508e-02 1.00000000000000e+05 
2.75160470015224e-02 1.00000000000000e+05 
2.78308962080384e-02 1.00000000000000e+05 
2.81477124618437e-02 1.00000000000000e+05 
2.84657774898621e-02 1.00000000000000e+05 
2.87857952612570e-02 1.00000000000000e+05 
2.91070530203651e-02 1.00000000000000e+05 
2.94301782519453e-02 1.00000000000000e+05 
2.97544702823447e-02 1.00000000000000e+05 
3.00804862100547e-02 1.00000000000000e+05 
3.04075422890813e-02 1.00000000000000e+05 
3.07361312511165e-02 1.00000000000000e+05 
3.10655903283950e-02 1.00000000000000e+05 
3.13963540686833e-02 1.00000000000000e+05 
3.17277959893867e-02 1.00000000000000e+05 
3.20602882047288e-02 1.00000000000000e+05 
3.23932532545148e-02 1.00000000000000e+05 
3.27270193901567e-02 1.00000000000000e+05 
3.30610436191207e-02 1.00000000000000e+05 
3.33956227836246e-02 1.00000000000000e+05 
3.37302498737867e-02 1.00000000000000e+05 
3.40651826286200e-02 1.00000000000000e+05 
3.43999335928333e-02 1.00000000000000e+05 
3.47347100036472e-02 1.00000000000000e+05 
3.50691519970953e-02 1.00000000000000e+05 
3.54034545387145e-02 1.00000000000000e+05 
3.57373098458899e-02 1.00000000000000e+05 
3.60709347208167e-02 1.00000000000000e+05 
3.64040850719927e-02 1.00000000000000e+05 
3.67369719063766e-02 1.00000000000000e+05 
3.70693703780787e-02 1.00000000000000e+05 
3.74014891695562e-02 1.00000000000000e+05 
3.77331336629796e-02 1.00000000000000e+05 
3.80645229908015e-02 1.00000000000000e+05 
3.83954956215572e-02 1.00000000000000e+05 
3.87262691957767e-02 1.00000000000000e+05 
3.90567002545978e-02 1.00000000000000e+05 
3.93869958433245e-02 1.00000000000000e+05 
3.97170197958852e-02 1.00000000000000e+05 
4.00469661124808e-02 1.00000000000000e+05 
4.03767012930615e-02 1.00000000000000e+05 
4.07064052125817e-02 1.00000000000000e+05 
4.10359457087663e-02 1.00000000000000e+05 
4.13654875044921e-02 1.00000000000000e+05 
4.16948981873796e-02 1.00000000000000e+05 
4.20243269632781e-02 1.00000000000000e+05 
4.23536404112133e-02 1.00000000000000e+05 
4.26829741979932e-02 1.00000000000000e+05 
4.30121955504338e-02 1.00000000000000e+05 
4.33414302287014e-02 1.00000000000000e+05 
4.36705512668448e-02 1.00000000000000e+05 
4.39996757091931e-02 1.00000000000000e+05 
4.43286781185588e-02 1.00000000000000e+05 
4.46576634873899e-02 1.00000000000000e+05 
4.49865049906988e-02 1.00000000000000e+05 
4.53153024073802e-02 1.00000000000000e+05 
4.56439334472767e-02 1.00000000000000e+05 
4.59725022503239e-02 1.00000000000000e+05 
4.63008954531648e-02 1.00000000000000e+05 
4.66292238677359e-02 1.00000000000000e+05 
4.69573825245864e-02 1.00000000000000e+05 
4.72854871036443e-02 1.00000000000000e+05 
4.76134393156143e-02 1.00000000000000e+05 
4.79413587744587e-02 1.00000000000000e+05 
4.82691522898417e-02 1.00000000000000e+05 
4.85969423366073e-02 1.00000000000000e+05 
4.89246393158551e-02 1.00000000000000e+05 
4.92523666751230e-02 1.00000000000000e+05 
4.95800365432624e-02 1.00000000000000e+05 
4.99077708877034e-02 1.00000000000000e+05 
5.02354817277292e-02 1.00000000000000e+05 
5.05632799175217e-02 1.00000000000000e+05 
5.08910896377100e-02 1.00000000000000e+05 
5.12189906584570e-02 1.00000000000000e+05 
5.15469288090878e-02 1.00000000000000e+05 
5.18749772840171e-02 1.00000000000000e+05 
5.22030855396695e-02 1.00000000000000e+05 
5.25313183870792e-02 1.00000000000000e+05 
5.28596332330216e-02 1.00000000000000e+05 
5.31880848135938e-02 1.00000000000000e+05 
5.35166337440330e-02 1.00000000000000e+05 
5.38453167042042e-02 1.00000000000000e+05 
5.41740880623718e-02 1.00000000000000e+05 
5.45029704758835e-02 1.00000000000000e+05 
5.48319186247357e-02 1.00000000000000e+05 
5.51609519959441e-02 1.00000000000000e+05 
5.54900443369385e-02 1.00000000000000e+05 
5.58192257944585e-02 1.00000000000000e+05 
5.61484798823601e-02 1.00000000000000e+05 
5.64778208493302e-02 1.00000000000000e+05 
5.68072053207611e-02 1.00000000000000e+05 
5.71366636017630e-02 1.00000000000000e+05 
5.74661557903044e-02 1.00000000000000e+05 
5.77957003631175e-02 1.00000000000000e+05 
5.81252811080611e-02 1.00000000000000e+05 
5.84549264480278e-02 1.00000000000000e+05 
5.87846069090456e-02 1.00000000000000e+05 
5.91143610099281e-02 1.00000000000000e+05 
5.94440946639090e-02 1.00000000000000e+05 
5.97732397987625e-02 1.00000000000000e+05 
6.01012279895208e-02 1.00000000000000e+05 
6.04271362418128e-02 1.00000000000000e+05 
6.07501215497499e-02 1.00000000000000e+05 
6.10693176007489e-02 1.00000000000000e+05 
6.13846025155986e-02 1.00000000000000e+05 
6.16960835220916e-02 1.00000000000000e+05 
6.20040035585216e-02 1.00000000000000e+05 
6.23075414738908e-02 1.00000000000000e+05 
6.26070795901137e-02 1.00000000000000e+05 
6.29029773789668e-02 1.00000000000000e+05 
6.31966261358218e-02 1.00000000000000e+05 
6.34886411864987e-02 1.00000000000000e+05 
6.37803190496121e-02 1.00000000000000e+05 
6.40719808223188e-02 1.00000000000000e+05 
6.43645762323297e-02 1.00000000000000e+05 
6.46581642218990e-02 1.00000000000000e+05 
6.49534158675416e-02 1.00000000000000e+05 
6.52502605841759e-02 1.00000000000000e+05 
6.55492189326463e-02 1.00000000000000e+05 
6.58501683785604e-02 1.00000000000000e+05 
6.61535316543632e-02 1.00000000000000e+05 
6.64591435342747e-02 1.00000000000000e+05 
6.67673321860132e-02 1.00000000000000e+05 
6.70779026569678e-02 1.00000000000000e+05 
6.73910939658578e-02 1.00000000000000e+05 
6.77067116556679e-02 1.00000000002076e+05 
6.80250274226880e-02 1.00000000028185e+05 
6.83450379782928e-02 1.00000000077256e+05 
6.86654924742868e-02 1.00000000163022e+05 
6.89865389747814e-02 1.00000000271195e+05 
6.93083646282535e-02 1.00000000376616e+05 
6.96310671136321e-02 1.00000000477189e+05 
6.99547630247873e-02 1.00000000574266e+05 
7.02795385922294e-02 1.00000000650331e+05 
7.06054625366684e-02 1.00000000700603e+05 
7.09326054603698e-02 1.00000000703474e+05 
7.12609969784392e-02 1.00000000706229e+05 
7.15906806835827e-02 1.00000000694487e+05 
7.19216677854371e-02 1.00000000727183e+05 
7.22539792040049e-02 1.00000000761986e+05 
7.25876054280145e-02 1.00000000839114e+05 
7.29225593499616e-02 1.00044397946034e+05 
7.32588706214609e-02 1.00421232477220e+05 
7.35965762611592e-02 1.01374596240886e+05 
7.39356574318467e-02 1.03061281271507e+05 
7.42761385686736e-02 1.05449839758419e+05 
7.46179715282357e-02 1.08462790721142e+05 
7.49611947272170e-02 1.11919489015036e+05 
7.53057713057061e-02 1.15547132587595e+05 
7.56517449025032e-02 1.19020959249992e+05 
7.59990987641112e-02 1.22269889504932e+05 
7.63469750582660e-02 1.24445513594425e+05 
7.66953507187255e-02 1.25761577421061e+05 
7.70441944378407e-02 1.26223703573235e+05 
7.73937010282995e-02 1.26354367095027e+05 
7.77438307308079e-02 1.26228072264263e+05 
7.80947998259319e-02 1.25937064541654e+05 
7.84465086234393e-02 1.25468066959199e+05 
7.87991761976362e-02 1.24878486676376e+05 
7.91526526015104e-02 1.24251149842926e+05 
7.95071507224836e-02 1.23595686845045e+05 
7.98624781953157e-02 1.22953550717819e+05 
8.02188352544003e-02 1.22362332412242e+05 
8.05760331373024e-02 1.21821996982596e+05 
8.09342625048147e-02 1.21336848254987e+05 
8.12933245747798e-02 1.20901714604038e+05 
8.16533837373648e-02 1.20508748635916e+05 
8.20142440194979e-02 1.20151436031000e+05 
8.23760658670696e-02 1.19821281773462e+05 
8.27386555900606e-02 1.19505949662853e+05 
8.31021349265633e-02 1.19198172646781e+05 
8.34663147430169e-02 1.18891357608339e+05 
8.38313154277302e-02 1.18581239785110e+05 
8.41969849624580e-02 1.18264407496460e+05 
8.45634282665713e-02 1.17941016307318e+05 
8.49305259824455e-02 1.17610048768943e+05 
8.52983494849179e-02 1.17272533186592e+05 
8.56668012676159e-02 1.16929208233520e+05 
8.60359373057579e-02 1.16582635168704e+05 
8.64056843611930e-02 1.16233147717975e+05 
8.67761088014742e-02 1.15883970977811e+05 
8.71471352296642e-02 1.15535553103652e+05 
8.75188201573099e-02 1.15190037135086e+05 
8.78910952173170e-02 1.14847892841539e+05 
8.82640400817083e-02 1.14510044687406e+05 
8.86375933751018e-02 1.14176750575357e+05 
8.90118358219506e-02 1.13848557743199e+05 
8.93867101074115e-02 1.13525373168814e+05 
8.97622888745244e-02 1.13207850713880e+05 
9.01385253620170e-02 1.12895689721561e+05 
9.05154809988324e-02 1.12589143074620e+05 
9.08931132543460e-02 1.12287497841713e+05 
9.12714691585029e-02 1.11991073895667e+05 
9.16505096664258e-02 1.11699284294200e+05 
9.20302333912853e-02 1.11412309915860e+05 
9.24105036534588e-02 1.11129627143975e+05 
9.27911041508755e-02 1.10851538429140e+05 
9.31719773629425e-02 1.10577392523775e+05 
9.35531499279181e-02 1.10307352791244e+05 
9.39345420690376e-02 1.10040914160942e+05 
9.43161846730448e-02 1.09778138370647e+05 
9.46980212959606e-02 1.09518678878398e+05 
9.50801081900467e-02 1.09262560833297e+05 
9.54624058528696e-02 1.09009222858603e+05 
9.58449168531117e-02 1.08759076793036e+05 
9.62276282379210e-02 1.08511380120143e+05 
9.66105795820874e-02 1.08266422715018e+05 
9.69937801773404e-02 1.08023708983932e+05 
9.73772468166143e-02 1.07783103430060e+05 
9.77609765343768e-02 1.07544535007270e+05 
9.81449649805449e-02 1.07307844693086e+05 
9.85292201652848e-02 1.07073037450259e+05 
9.89137118428053e-02 1.06840083950237e+05 
9.92984539069603e-02 1.06608837915687e+05 
9.96834126583780e-02 1.06379705795522e+05 
1.00068611450240e-01 1.06152783966372e+05 
1.00454013478807e-01 1.05928233927228e+05 
1.00839642795142e-01 1.05706197055281e+05 
1.01225463679754e-01 1.05486883141663e+05 
1.01611500097502e-01 1.05270010654281e+05 
1.01997711735251e-01 1.05055980515505e+05 
1.02384110501916e-01 1.04844445854126e+05 
1.02770664827512e-01 1.04635823639766e+05 
1.03157377827470e-01 1.04429760100183e+05 
1.03544229943774e-01 1.04226312190879e+05 
1.03931205420235e-01 1.04025223925045e+05 
1.04307087558243e-01 1.03832344274372e+05 
1.04688365271583e-01 1.03638992219242e+05 
1.05059500941115e-01 1.03452926919659e+05 
1.05428534693039e-01 1.03269879759239e+05 
1.05795581125048e-01 1.03089839930232e+05 
1.06160144146417e-01 1.02912947110243e+05 
1.06521675252497e-01 1.02739667488336e+05 
1.06877029215774e-01 1.02571453622535e+05 
1.07227027624460e-01 1.02408214978819e+05 
1.07573966923947e-01 1.02248909341937e+05 
1.07919123311000e-01 1.02093433298968e+05 
1.08263636920373e-01 1.01941438866939e+05 
1.08607195091720e-01 1.01793697419522e+05 
1.08949694129849e-01 1.01650449140874e+05 
1.09291371274915e-01 1.01512460978287e+05 
1.09632671252249e-01 1.01379435613579e+05 
1.09973405250870e-01 1.01252408444214e+05 
1.10313863752664e-01 1.01131823743988e+05 
1.10654121207303e-01 1.01017698339191e+05 
1.10994439361041e-01 1.00911310970659e+05 
1.11334926494334e-01 1.00812833500938e+05 
1.11675735813086e-01 1.00724052913301e+05 
1.12016348935243e-01 1.00644378826757e+05 
1.12356972541453e-01 1.00575977813143e+05 
1.12697464399561e-01 1.00514581267928e+05 
1.13038120542162e-01 1.00472772377368e+05 
1.13378880145096e-01 1.00446258437654e+05 
1.13719975350303e-01 1.00430397244368e+05 
1.14061356866311e-01 1.00427183617793e+05 
1.14403218678854e-01 1.00424675233893e+05 
1.14745496378101e-01 1.00427043982365e+05 
1.15088352889961e-01 1.00436684900126e+05 
1.15431736126496e-01 1.00454920764224e+05 
1.15775814444314e-01 1.00480598500596e+05 
1.16120519349773e-01 1.00512668994746e+05 
1.16465978731620e-01 1.00551939222774e+05 
1.16812091495805e-01 1.00595094169431e+05 
1.17158813897775e-01 1.00640540758643e+05 
1.17505806474275e-01 1.00686299000117e+05 
1.17853250723966e-01 1.00730139380987e+05 
1.18200986609078e-01 1.00770200434633e+05 
1.18549169651993e-01 1.00806900577133e+05 
1.18897648977785e-01 1.00833735162342e+05 
1.19246553895678e-01 1.00852748167111e+05 
1.19595755459319e-01 1.00863339962765e+05 
1.19945360411125e-01 1.00866791835535e+05 
1.20295262374966e-01 1.00869241118899e+05 
1.20645557767431e-01 1.00864490248456e+05 
1.20996199956989e-01 1.00851657000554e+05 
1.21347300876802e-01 1.00826819624253e+05 
1.21698829611875e-01 1.00787186154324e+05 
1.22050870851503e-01 1.00737605435754e+05 
1.22403393882393e-01 1.00678722643700e+05 
1.22756483520020e-01 1.00611366509652e+05 
1.23110108381737e-01 1.00537666318481e+05 
1.23464366414174e-01 1.00459437062271e+05 
1.23818989824942e-01 1.00378272477163e+05 
1.24174095835190e-01 1.00295585671901e+05 
1.24529558585923e-01 1.00212869615014e+05 
1.24885636490526e-01 1.00131219190950e+05 
1.25242205178166e-01 1.00051738721514e+05 
1.25599520189319e-01 9.99752479175777e+04 
1.25957436880345e-01 9.99024875763428e+04 
1.26316173199488e-01 9.98339667813713e+04 
1.26675576411647e-01 9.97700421899743e+04 
1.27035829869428e-01 9.97109002148422e+04 
1.27396800712921e-01 9.96565916345837e+04 
1.27758627616857e-01 9.96069971486983e+04 
1.28121185198754e-01 9.95618927563799e+04 
1.28484543248819e-01 9.95208584137451e+04 
1.28848575536032e-01 9.94834670834164e+04 
1.29213315738102e-01 9.94490769677606e+04 
1.29578661155239e-01 9.94170611811611e+04 
1.29944628059954e-01 9.93866416683278e+04 
1.30311136969417e-01 9.93570521832871e+04 
1.30678221064119e-01 9.93275005604819e+04 
1.31045803200811e-01 9.92971981607006e+04 
1.31413932352419e-01 9.92654100295502e+04 
1.31782524113541e-01 9.92314492935856e+04 
1.32151650581342e-01 9.91947267581331e+04 
1.32521212067316e-01 9.91547792647015e+04 
1.32891299165495e-01 9.91112716948374e+04 
1.33261685132165e-01 9.90640432943892e+04 
1.33632423041465e-01 9.90130553466353e+04 
1.34003397594699e-01 9.89584229267986e+04 
1.34374717540973e-01 9.89003602941956e+04 
1.34746258905055e-01 9.88392177274906e+04 
1.35118152210569e-01 9.87754007891479e+04 
1.35490264506747e-01 9.87094018584825e+04 
1.35862728907845e-01 9.86417105011981e+04 
1.36235415403570e-01 9.85728566633414e+04 
1.36608428034983e-01 9.85033097487486e+04 
1.36981625683700e-01 9.84335389879412e+04 
1.37355084504855e-01 9.83639107329642e+04 
1.37728690514103e-01 9.82947688709591e+04 
1.38102513972077e-01 9.82263438969615e+04 
1.38476475641829e-01 9.81588430465013e+04 
1.38850646213493e-01 9.80923715972133e+04 
1.39224962243811e-01 9.80270223937765e+04 
1.39599505171402e-01 9.79628179402099e+04 
1.39974216815254e-01 9.78997894092165e+04 
1.40349194988850e-01 9.78379221906951e+04 
1.40724382320884e-01 9.77772339858622e+04 
1.41099880724237e-01 9.77177193688038e+04 
1.41475629408426e-01 9.76594231498653e+04 
1.41851755218811e-01 9.76023763038115e+04 
1.42228184994550e-01 9.75466692068103e+04 
1.42605056600339e-01 9.74923804447126e+04 
1.42982273510544e-01 9.74396432922263e+04 
1.43359962046163e-01 9.73885759468249e+04 
1.43737954297600e-01 9.73393391811064e+04 
1.44116364815380e-01 9.72920729789966e+04 
1.44495126350092e-01 9.72469273007530e+04 
1.44874326929908e-01 9.72040350432810e+04 
1.45253931033508e-01 9.71635177732504e+04 
1.45634008316782e-01 9.71254757861167e+04 
1.46014524685589e-01 9.70899845953998e+04 
1.46395539063864e-01 9.70570898967633e+04 
1.46777005218056e-01 9.70268090421250e+04 
1.47158977404292e-01 9.69991380597113e+04 
1.47541406587037e-01 9.69740545838431e+04 
1.47924336634055e-01 9.69515028394861e+04 
1.48307715192527e-01 9.69314135897400e+04 
1.48691589928265e-01 9.69137264905138e+04 
1.49075853791668e-01 9.68983352182456e+04 
1.49460612692204e-01 9.68852454811896e+04 
1.49845720479686e-01 9.68743898852857e+04 
1.50231352916116e-01 9.68654362464242e+04 
1.50617357259011e-01 9.68594466539406e+04 
1.51003904464658e-01 9.68561410273621e+04 
1.51390828241038e-01 9.68560657153187e+04 
1.51778291785192e-01 9.68594722308867e+04 
1.52166135281872e-01 9.68668109143746e+04 
1.52554511429695e-01 9.68740181730261e+04 
1.52943277339364e-01 9.68819828475488e+04 
1.53332581088986e-01 9.68954806086360e+04 
1.53722293348037e-01 9.69144078265928e+04 
1.54112565400848e-01 9.69362128249397e+04 
1.54503281671079e-01 9.69633742140009e+04 
1.54894534315225e-01 9.69975981461228e+04 
1.55285884082636e-01 9.70377310162096e+04 
1.55677568825009e-01 9.70829001249106e+04 
1.56069348560872e-01 9.71315100299079e+04 
1.56461494888695e-01 9.71830118263471e+04 
1.56853736649560e-01 9.72316171812333e+04 
1.57246366188778e-01 9.72762315541171e+04 
1.57639137133764e-01 9.73120381419733e+04 
1.58032322364645e-01 9.73439225156256e+04 
1.58425681719554e-01 9.73747025564219e+04 
1.58819480654735e-01 9.73968941006528e+04 
1.59213478186000e-01 9.74035264601581e+04 
1.59607911633574e-01 9.74140968540022e+04 
1.60002519869136e-01 9.74400007562204e+04 
1.60397545023603e-01 9.78843714395025e+04 
1.60792719407228e-01 9.92926079643567e+04 
1.61188296312576e-01 1.01992929896945e+05 
1.61584029102142e-01 1.05870825642337e+05 
1.61980152687833e-01 1.10649684486808e+05 
1.62376428917313e-01 1.15834280882635e+05 
1.62773073775646e-01 1.20616308498561e+05 
1.63169866142011e-01 1.24786709054593e+05 
1.63567005875552e-01 1.26951422570195e+05 
1.63964280967434e-01 1.27546526094594e+05 
1.64361866416174e-01 1.27415404274113e+05 
1.64759557233806e-01 1.27165639903175e+05 
1.65157459013154e-01 1.26849495274944e+05 
1.65555422788638e-01 1.26378250083749e+05 
1.65953597426430e-01 1.25858426697676e+05 
1.66351795492077e-01 1.25373925589701e+05 
1.66750176419854e-01 1.24928394137795e+05 
1.67148551362584e-01 1.24521841440644e+05 
1.67547120107463e-01 1.24201515815841e+05 
1.67945709554938e-01 1.23972239441109e+05 
1.68344504088859e-01 1.23846441365583e+05 
1.68743302234467e-01 1.23810056437811e+05 
1.69142326134024e-01 1.23860123344529e+05 
1.69541330218635e-01 1.23973137176367e+05 
1.69940587947130e-01 1.24113915082162e+05 
1.70339838892381e-01 1.24265346900686e+05 
1.70739373494232e-01 1.24414416398948e+05 
1.71138914140116e-01 1.24548442621682e+05 
1.71538751366554e-01 1.24661306047938e+05 
1.71938605752800e-01 1.24750107741231e+05 
1.72338764760125e-01 1.24808727089582e+05 
1.72738947175253e-01 1.24834507713644e+05 
1.73139435923360e-01 1.24838954602225e+05 
1.73539999952082e-01 1.24819248421889e+05 
1.73940842694615e-01 1.24766223300257e+05 
1.74341781579246e-01 1.24681876473562e+05 
1.74743017791198e-01 1.24568570056523e+05 
1.75144382207619e-01 1.24423928151862e+05 
1.75546090062424e-01 1.24251147573344e+05 
1.75947809148752e-01 1.24052208299491e+05 
1.76349140053051e-01 1.23829734941707e+05 
1.76750418536773e-01 1.23586138392747e+05 
1.77151373919698e-01 1.23324652315816e+05 
1.77552367866898e-01 1.23048065228101e+05 
1.77953125846334e-01 1.22759375086091e+05 
1.78354015909494e-01 1.22460609518573e+05 
1.78754778681336e-01 1.22154264607386e+05 
1.79155774032453e-01 1.21841586052341e+05 
1.79556753026472e-01 1.21524387935359e+05 
1.79958053935536e-01 1.21203339688354e+05 
1.80359412353430e-01 1.20879615527911e+05 
1.80760981523296e-01 1.20553577418137e+05 
1.81162805075989e-01 1.20225826919584e+05 
1.81564709336864e-01 1.19896895503335e+05 
1.81966986737206e-01 1.19566887510278e+05 
1.82369322461784e-01 1.19236205608463e+05 
1.82772119780382e-01 1.18904938297126e+05 
1.83175018828671e-01 1.18573373909308e+05 
1.83578416812451e-01 1.18241534513480e+05 
1.83981967725039e-01 1.17909733670149e+05 
1.84386021980316e-01 1.17577949568944e+05 
1.84790253571199e-01 1.17246561227391e+05 
1.85194974611302e-01 1.16915412615194e+05 
1.85599893608051e-01 1.16584959518287e+05 
1.86005296770623e-01 1.16254899570311e+05 
1.86410917012647e-01 1.15925567050907e+05 
1.86817022943285e-01 1.15596867412688e+05 
1.87223340245905e-01 1.15269004012077e+05 
1.87630116711650e-01 1.14941967084785e+05 
1.88037102795315e-01 1.14615871944608e+05 
1.88444546204931e-01 1.14290744100273e+05 
1.88852213894441e-01 1.13966706142233e+05 
1.89260346620912e-01 1.13643737792695e+05 
1.89668713205039e-01 1.13322049610513e+05 
1.90077544471645e-01 1.13001641727007e+05 
1.90486607474090e-01 1.12682389103755e+05 
1.90895582235853e-01 1.12364784484520e+05 
1.91304539637216e-01 1.12048295880413e+05 
1.91713361750892e-01 1.11733022047526e+05 
1.92122180639483e-01 1.11418862953700e+05 
1.92530881264668e-01 1.11106453487290e+05 
1.92939575012790e-01 1.10795187402703e+05 
1.93348173116306e-01 1.10485258289457e+05 
1.93756665858296e-01 1.10176676442506e+05 
1.94165037983601e-01 1.09869918586013e+05 
1.94573091487260e-01 1.09565139228498e+05 
1.94981043724108e-01 1.09261591800314e+05 
1.95388691933884e-01 1.08960473303155e+05 
1.95796206226373e-01 1.08661590351605e+05 
1.96203466321314e-01 1.08365750023828e+05 
1.96610544980195e-01 1.08072982571121e+05 
1.97017385821065e-01 1.07783445374869e+05 
1.97424061301694e-01 1.07497418667645e+05 
1.97830508204884e-01 1.07214797208850e+05 
1.98236809746862e-01 1.06935991756798e+05 
1.98642822685756e-01 1.06660664165102e+05 
1.99048693878176e-01 1.06389318586622e+05 
1.99454004141955e-01 1.06121543667466e+05 
1.99858453955575e-01 1.05858349032372e+05 
2.00261754931232e-01 1.05599103533504e+05 
