# Liste des scalaires : TEMPS pmat 
0.00000000000000e+00 1.00000000000000e+05 
9.03696114115064e-05 1.00000000000000e+05 
1.74176353362696e-04 1.00000000000000e+05 
2.61557745528688e-04 1.00000000000000e+05 
3.50753730818556e-04 1.00000000000000e+05 
4.27604914918237e-04 1.00000000000000e+05 
4.80063181376485e-04 1.00000000000000e+05 
5.21746788686122e-04 1.00000000000000e+05 
5.57949289997401e-04 1.00000000000000e+05 
5.90913750809653e-04 1.00000000000000e+05 
6.27174657703132e-04 1.00000000000000e+05 
6.67061655285958e-04 1.00000000000000e+05 
7.10937352627066e-04 1.00000000000000e+05 
7.59200619702286e-04 1.00000000000000e+05 
8.12290213485028e-04 1.00000000000000e+05 
8.70688766646043e-04 1.00000000000000e+05 
9.34927175123160e-04 1.00000000000000e+05 
1.00558942444799e-03 1.00000000000000e+05 
1.08331789870530e-03 1.00000000000000e+05 
1.16881922038834e-03 1.00000000000000e+05 
1.26287067423969e-03 1.00000000000000e+05 
1.36632727347617e-03 1.00000000000000e+05 
1.48012953263630e-03 1.00000000000000e+05 
1.60531201771245e-03 1.00000000000000e+05 
1.74301275129621e-03 1.00000000000000e+05 
1.88816569643029e-03 1.00000000000000e+05 
2.03984755645968e-03 1.00000000000000e+05 
2.19958689155714e-03 1.00000000000000e+05 
2.36480078737391e-03 1.00000000000000e+05 
2.53907146908604e-03 1.00000000000000e+05 
2.72051125177794e-03 1.00000000000000e+05 
2.91159123317146e-03 1.00000000000000e+05 
3.11046244131856e-03 1.00000000000000e+05 
3.31852079228518e-03 1.00000000000000e+05 
3.53336974885611e-03 1.00000000000000e+05 
3.75269815080272e-03 1.00000000000000e+05 
3.98151588852052e-03 1.00000000000000e+05 
4.21817261917785e-03 1.00000000000000e+05 
4.46327856719046e-03 1.00000000000000e+05 
4.71974853258738e-03 1.00000000000000e+05 
4.98671016013337e-03 1.00000000000000e+05 
5.26527365606525e-03 1.00000000000000e+05 
5.55440982484528e-03 1.00000000000000e+05 
5.85228529841691e-03 1.00000000000000e+05 
6.15913416142116e-03 1.00000000000000e+05 
6.47594577277997e-03 1.00000000000000e+05 
6.80188688507759e-03 1.00000000000000e+05 
7.13845803180913e-03 1.00000000000000e+05 
7.48017852004510e-03 1.00000000000000e+05 
7.83056200526021e-03 1.00000000000000e+05 
8.18818302413839e-03 1.00000000000000e+05 
8.55005312356108e-03 1.00000000000000e+05 
8.91940223332516e-03 1.00000000000000e+05 
9.29411855791069e-03 1.00000000000000e+05 
9.67780397566028e-03 1.00000000000000e+05 
1.00554588605558e-02 1.00000000000000e+05 
1.04251003879469e-02 1.00000000000000e+05 
1.07882237584162e-02 1.00000000000000e+05 
1.11439287841320e-02 1.00000000000000e+05 
1.14944010745364e-02 1.00000000000000e+05 
1.18376715174395e-02 1.00000000000000e+05 
1.21414600928851e-02 1.00000000000000e+05 
1.24275930971065e-02 1.00000000000000e+05 
1.27011752404383e-02 1.00000000000000e+05 
1.29659103751801e-02 1.00000000000000e+05 
1.32230834004864e-02 1.00000000000000e+05 
1.34750227877839e-02 1.00000000000000e+05 
1.37211574690597e-02 1.00000000000000e+05 
1.39640282958579e-02 1.00000000000000e+05 
1.42027980678438e-02 1.00000000000000e+05 
1.44399823974716e-02 1.00000000000000e+05 
1.46748727103135e-02 1.00000000000000e+05 
1.49099399193365e-02 1.00000000000000e+05 
1.51447087044993e-02 1.00000000000000e+05 
1.53804304536618e-02 1.00000000000000e+05 
1.56175883249743e-02 1.00000000000000e+05 
1.58571094073389e-02 1.00000000000000e+05 
1.60999326240489e-02 1.00000000000000e+05 
1.63463003677974e-02 1.00000000000000e+05 
1.65970223502704e-02 1.00000000000000e+05 
1.68520297378861e-02 1.00000000000000e+05 
1.71118119265387e-02 1.00000000000000e+05 
1.73760854873002e-02 1.00000000000000e+05 
1.76450747279542e-02 1.00000000000000e+05 
1.79183214348720e-02 1.00000000000000e+05 
1.81958633337008e-02 1.00000000000000e+05 
1.84771507045503e-02 1.00000000000000e+05 
1.87620564497743e-02 1.00000000000000e+05 
1.90500391973015e-02 1.00000000000000e+05 
1.93408332770931e-02 1.00000000000000e+05 
1.96339786788533e-02 1.00000000000000e+05 
1.99290951679428e-02 1.00000000000000e+05 
2.02258776990366e-02 1.00000000000000e+05 
2.05238412794268e-02 1.00000000000000e+05 
2.08229163679844e-02 1.00000000000000e+05 
2.11225372385534e-02 1.00000000000000e+05 
2.14228957838720e-02 1.00000000000000e+05 
2.17233900733258e-02 1.00000000000000e+05 
2.20244071257011e-02 1.00000000000000e+05 
2.23253324463902e-02 1.00000000000000e+05 
2.26266925548843e-02 1.00000000000000e+05 
2.29279076616588e-02 1.00000000000000e+05 
2.32295648584932e-02 1.00000000000000e+05 
2.35311717037792e-02 1.00000000000000e+05 
2.38333020438577e-02 1.00000000000000e+05 
2.41355552161451e-02 1.00000000000000e+05 
2.44384868438703e-02 1.00000000000000e+05 
2.47417334912307e-02 1.00000000000000e+05 
2.50458795050589e-02 1.00000000000000e+05 
2.53505549082854e-02 1.00000000000000e+05 
2.56563889992392e-02 1.00000000000000e+05 
2.59629712344922e-02 1.00000000000000e+05 
2.62709868269016e-02 1.00000000000000e+05 
2.65799547714135e-02 1.00000000000000e+05 
2.68906142872499e-02 1.00000000000000e+05 
2.72023798173508e-02 1.00000000000000e+05 
2.75160470015224e-02 1.00000000000000e+05 
2.78308962080384e-02 1.00000000000000e+05 
2.81477124618437e-02 1.00000000000000e+05 
2.84657774898621e-02 1.00000000000000e+05 
2.87857952612570e-02 1.00000000000000e+05 
2.91070530203651e-02 1.00000000000000e+05 
2.94301782519453e-02 1.00000000000000e+05 
2.97544702823447e-02 1.00000000000000e+05 
3.00804862100547e-02 1.00000000000000e+05 
3.04075422890813e-02 1.00000000000000e+05 
3.07361312511165e-02 1.00000000000000e+05 
3.10655903283950e-02 1.00000000000000e+05 
3.13963540686833e-02 1.00000000000000e+05 
3.17277959893867e-02 1.00000000000000e+05 
3.20602882047288e-02 1.00000000000000e+05 
3.23932532545148e-02 1.00000000000000e+05 
3.27270193901567e-02 1.00000000000000e+05 
3.30610436191207e-02 1.00000000000000e+05 
3.33956227836246e-02 1.00000000000000e+05 
3.37302498737867e-02 1.00000000000000e+05 
3.40651826286200e-02 1.00000000000000e+05 
3.43999335928333e-02 1.00000000000000e+05 
3.47347100036472e-02 1.00000000000000e+05 
3.50691519970953e-02 1.00000000000000e+05 
3.54034545387145e-02 1.00000000000000e+05 
3.57373098458899e-02 1.00000000000000e+05 
3.60709347208167e-02 1.00000000000000e+05 
3.64040850719927e-02 1.00000000000000e+05 
3.67369719063766e-02 1.00000000000000e+05 
3.70693703780787e-02 1.00000000000000e+05 
3.74014891695562e-02 1.00000000000000e+05 
3.77331336629796e-02 1.00000000000000e+05 
3.80645229908015e-02 1.00000000000000e+05 
3.83954956215572e-02 1.00000000000000e+05 
3.87262691957767e-02 1.00000000000000e+05 
3.90567002545978e-02 1.00000000000000e+05 
3.93869958433245e-02 1.00000000000000e+05 
3.97170197958852e-02 1.00000000000000e+05 
4.00469661124808e-02 1.00000000000000e+05 
4.03767012930615e-02 1.00000000000000e+05 
4.07064052125817e-02 1.00000000000000e+05 
4.10359457087663e-02 1.00000000000000e+05 
4.13654875044921e-02 1.00000000000000e+05 
4.16948981873796e-02 1.00000000000000e+05 
4.20243269632781e-02 1.00000000000000e+05 
4.23536404112133e-02 1.00000000000000e+05 
4.26829741979932e-02 1.00000000000000e+05 
4.30121955504338e-02 1.00000000000000e+05 
4.33414302287014e-02 1.00000000000000e+05 
4.36705512668448e-02 1.00000000000000e+05 
4.39996757091931e-02 1.00000000000000e+05 
4.43286781185588e-02 1.00000000000000e+05 
4.46576634873899e-02 1.00000000000000e+05 
4.49865049906988e-02 1.00000000000000e+05 
4.53153024073802e-02 1.00000000000000e+05 
4.56439334472767e-02 1.00000000000000e+05 
4.59725022503239e-02 1.00000000000000e+05 
4.63008954531648e-02 1.00000000000000e+05 
4.66292238677359e-02 1.00000000000000e+05 
4.69573825245864e-02 1.00000000000000e+05 
4.72854871036443e-02 1.00000000000000e+05 
4.76134393156143e-02 1.00000000000000e+05 
4.79413587744587e-02 1.00000000000000e+05 
4.82691522898417e-02 1.00000000000000e+05 
4.85969423366073e-02 1.00000000000000e+05 
4.89246393158551e-02 1.00000000000000e+05 
4.92523666751230e-02 1.00000000000000e+05 
4.95800365432624e-02 1.00000000000000e+05 
4.99077708877034e-02 1.00000000000000e+05 
5.02354817277292e-02 1.00000000000000e+05 
5.05632799175217e-02 1.00000000000000e+05 
5.08910896377100e-02 1.00000000000000e+05 
5.12189906584570e-02 1.00000000000000e+05 
5.15469288090878e-02 1.00000000000000e+05 
5.18749772840171e-02 1.00000000000000e+05 
5.22030855396695e-02 1.00000000000000e+05 
5.25313183870792e-02 1.00000000000000e+05 
5.28596332330216e-02 1.00000000000000e+05 
5.31880848135938e-02 1.00000000000000e+05 
5.35166337440330e-02 1.00000000000000e+05 
5.38453167042042e-02 1.00000000000000e+05 
5.41740880623718e-02 1.00000000000000e+05 
5.45029704758835e-02 1.00000000000000e+05 
5.48319186247357e-02 1.00000000000000e+05 
5.51609519959441e-02 1.00000000000000e+05 
5.54900443369385e-02 1.00000000000000e+05 
5.58192257944585e-02 1.00000000000000e+05 
5.61484798823601e-02 1.00000000000000e+05 
5.64778208493302e-02 1.00000000000000e+05 
5.68072053207611e-02 1.00000000000000e+05 
5.71366636017630e-02 1.00000000000000e+05 
5.74661557903044e-02 1.00000000000000e+05 
5.77957003631175e-02 1.00000000000000e+05 
5.81252811080611e-02 1.00000000000000e+05 
5.84549264480278e-02 1.00000000000000e+05 
5.87846069090456e-02 1.00000000000000e+05 
5.91143610099281e-02 1.00000000000000e+05 
5.94440946639090e-02 1.00000000000000e+05 
5.97732397987625e-02 1.00000000000000e+05 
6.01012279895208e-02 1.00000000000000e+05 
6.04271362418128e-02 1.00000000000000e+05 
6.07501215497499e-02 1.00000000000000e+05 
6.10693176007489e-02 1.00000000000000e+05 
6.13846025155986e-02 1.00000000000000e+05 
6.16960835220916e-02 1.00000000000000e+05 
6.20040035585216e-02 1.00000000000000e+05 
6.23075414738908e-02 1.00000000000000e+05 
6.26070795901137e-02 1.00000000000000e+05 
6.29029773789668e-02 1.00000000000000e+05 
6.31966261358218e-02 1.00000000000000e+05 
6.34886411864987e-02 1.00000000000000e+05 
6.37803190496121e-02 1.00000000000000e+05 
6.40719808223188e-02 1.00000000000000e+05 
6.43645762323297e-02 1.00000000000000e+05 
6.46581642218990e-02 1.00000000000000e+05 
6.49534158675416e-02 1.00000000000000e+05 
6.52502605841759e-02 1.00000000000000e+05 
6.55492189326463e-02 1.00000000000000e+05 
6.58501683785604e-02 1.00000000000000e+05 
6.61535316543632e-02 1.00000000000000e+05 
6.64591435342747e-02 1.00000000000000e+05 
6.67673321860132e-02 1.00000000000000e+05 
6.70779026569678e-02 1.00000000000000e+05 
6.73910939658578e-02 1.00000000000000e+05 
6.77067116556679e-02 1.00000000000000e+05 
6.80250274226880e-02 1.00000000000000e+05 
6.83450379782928e-02 1.00000000000000e+05 
6.86654924742868e-02 1.00000000000000e+05 
6.89865389747814e-02 1.00000000000000e+05 
6.93083646282535e-02 1.00000000000000e+05 
6.96310671136321e-02 1.00000000000000e+05 
6.99547630247873e-02 1.00000000000000e+05 
7.02795385922294e-02 1.00000000000000e+05 
7.06054625366684e-02 1.00000000000000e+05 
7.09326054603698e-02 1.00000000000000e+05 
7.12609969784392e-02 1.00000000000000e+05 
7.15906806835827e-02 1.00000000000000e+05 
7.19216677854371e-02 1.00000000000000e+05 
7.22539792040049e-02 1.00000000000000e+05 
7.25876054280145e-02 1.00000000000000e+05 
7.29225593499616e-02 1.00000000000000e+05 
7.32588706214609e-02 1.00000000000000e+05 
7.35965762611592e-02 1.00000000000000e+05 
7.39356574318467e-02 1.00000000000000e+05 
7.42761385686736e-02 1.00000000000000e+05 
7.46179715282357e-02 1.00000000000000e+05 
7.49611947272170e-02 1.00000000000000e+05 
7.53057713057061e-02 1.00000000000000e+05 
7.56517449025032e-02 1.00000000000000e+05 
7.59990987641112e-02 1.00000000000000e+05 
7.63469750582660e-02 1.00000000000000e+05 
7.66953507187255e-02 1.00000000000000e+05 
7.70441944378407e-02 1.00000000000000e+05 
7.73937010282995e-02 1.00000000000000e+05 
7.77438307308079e-02 1.00000000000000e+05 
7.80947998259319e-02 1.00000000000000e+05 
7.84465086234393e-02 1.00000000000000e+05 
7.87991761976362e-02 1.00000000000000e+05 
7.91526526015104e-02 1.00000000000000e+05 
7.95071507224836e-02 1.00000000000000e+05 
7.98624781953157e-02 1.00000000000000e+05 
8.02188352544003e-02 1.00000000000000e+05 
8.05760331373024e-02 1.00000000000000e+05 
8.09342625048147e-02 1.00000000000000e+05 
8.12933245747798e-02 1.00000000000000e+05 
8.16533837373648e-02 1.00000000000000e+05 
8.20142440194979e-02 1.00000000000000e+05 
8.23760658670696e-02 1.00000000000000e+05 
8.27386555900606e-02 1.00000000000000e+05 
8.31021349265633e-02 1.00000000000000e+05 
8.34663147430169e-02 1.00000000000000e+05 
8.38313154277302e-02 1.00000000000000e+05 
8.41969849624580e-02 1.00000000000000e+05 
8.45634282665713e-02 1.00000000000000e+05 
8.49305259824455e-02 1.00000000000000e+05 
8.52983494849179e-02 1.00000000000000e+05 
8.56668012676159e-02 1.00000000000000e+05 
8.60359373057579e-02 1.00000000000000e+05 
8.64056843611930e-02 1.00000000000000e+05 
8.67761088014742e-02 1.00000000000000e+05 
8.71471352296642e-02 1.00000000002622e+05 
8.75188201573099e-02 1.00000000025890e+05 
8.78910952173170e-02 1.00000000078960e+05 
8.82640400817083e-02 1.00000000155279e+05 
8.86375933751018e-02 1.00000000229010e+05 
8.90118358219506e-02 1.00000000312078e+05 
8.93867101074115e-02 1.00000000393107e+05 
8.97622888745244e-02 1.00000000467422e+05 
9.01385253620170e-02 1.00000000525827e+05 
9.05154809988324e-02 1.00000000560302e+05 
9.08931132543460e-02 1.00000000567446e+05 
9.12714691585029e-02 1.00000000573202e+05 
9.16505096664258e-02 1.00000000573927e+05 
9.20302333912853e-02 1.00000000568332e+05 
9.24105036534588e-02 1.00000000575386e+05 
9.27911041508755e-02 1.00000000580724e+05 
9.31719773629425e-02 1.00028095443401e+05 
9.35531499279181e-02 1.00268630667856e+05 
9.39345420690376e-02 1.00843321647900e+05 
9.43161846730448e-02 1.01813467626092e+05 
9.46980212959606e-02 1.03135179817957e+05 
9.50801081900467e-02 1.04751891038301e+05 
9.54624058528696e-02 1.06610492435972e+05 
9.58449168531117e-02 1.08542563999627e+05 
9.62276282379210e-02 1.10441330637079e+05 
9.66105795820874e-02 1.12154009346414e+05 
9.69937801773404e-02 1.13574370350415e+05 
9.73772468166143e-02 1.14619756568433e+05 
9.77609765343768e-02 1.15134202315419e+05 
9.81449649805449e-02 1.15279318946442e+05 
9.85292201652848e-02 1.15193059506888e+05 
9.89137118428053e-02 1.15048126597939e+05 
9.92984539069603e-02 1.14878138271906e+05 
9.96834126583780e-02 1.14689751230010e+05 
1.00068611450240e-01 1.14491487392199e+05 
1.00454013478807e-01 1.14311411391878e+05 
1.00839642795142e-01 1.14140514954991e+05 
1.01225463679754e-01 1.13971159041704e+05 
1.01611500097502e-01 1.13809847043977e+05 
1.01997711735251e-01 1.13655834326161e+05 
1.02384110501916e-01 1.13508310042149e+05 
1.02770664827512e-01 1.13364843991115e+05 
1.03157377827470e-01 1.13223176647629e+05 
1.03544229943774e-01 1.13081228517889e+05 
1.03931205420235e-01 1.12937676345341e+05 
1.04307087558243e-01 1.12794980733762e+05 
1.04688365271583e-01 1.12646519217549e+05 
1.05059500941115e-01 1.12497283518106e+05 
1.05428534693039e-01 1.12344571062163e+05 
1.05795581125048e-01 1.12188862030451e+05 
1.06160144146417e-01 1.12031394504345e+05 
1.06521675252497e-01 1.11873129528637e+05 
1.06877029215774e-01 1.11716438529536e+05 
1.07227027624460e-01 1.11561358277452e+05 
1.07573966923947e-01 1.11407542862929e+05 
1.07919123311000e-01 1.11254560396168e+05 
1.08263636920373e-01 1.11102320007284e+05 
1.08607195091720e-01 1.10950970194233e+05 
1.08949694129849e-01 1.10800787811091e+05 
1.09291371274915e-01 1.10651632577517e+05 
1.09632671252249e-01 1.10503441301860e+05 
1.09973405250870e-01 1.10356242840269e+05 
1.10313863752664e-01 1.10209984520981e+05 
1.10654121207303e-01 1.10064559624592e+05 
1.10994439361041e-01 1.09919897210201e+05 
1.11334926494334e-01 1.09775872160542e+05 
1.11675735813086e-01 1.09632456526419e+05 
1.12016348935243e-01 1.09489798213274e+05 
1.12356972541453e-01 1.09347854332182e+05 
1.12697464399561e-01 1.09206623679538e+05 
1.13038120542162e-01 1.09066036220015e+05 
1.13378880145096e-01 1.08926067893182e+05 
1.13719975350303e-01 1.08786682398732e+05 
1.14061356866311e-01 1.08647864240042e+05 
1.14403218678854e-01 1.08509597354658e+05 
1.14745496378101e-01 1.08371886572716e+05 
1.15088352889961e-01 1.08234730571716e+05 
1.15431736126496e-01 1.08098142849127e+05 
1.15775814444314e-01 1.07962118891761e+05 
1.16120519349773e-01 1.07826689286787e+05 
1.16465978731620e-01 1.07691857513101e+05 
1.16812091495805e-01 1.07557669692170e+05 
1.17158813897775e-01 1.07424177269086e+05 
1.17505806474275e-01 1.07291510124148e+05 
1.17853250723966e-01 1.07159605250700e+05 
1.18200986609078e-01 1.07028512511750e+05 
1.18549169651993e-01 1.06898132550175e+05 
1.18897648977785e-01 1.06768566669385e+05 
1.19246553895678e-01 1.06639663237615e+05 
1.19595755459319e-01 1.06511406138586e+05 
1.19945360411125e-01 1.06383744988134e+05 
1.20295262374966e-01 1.06256674301765e+05 
1.20645557767431e-01 1.06130082445653e+05 
1.20996199956989e-01 1.06003940690521e+05 
1.21347300876802e-01 1.05878128098647e+05 
1.21698829611875e-01 1.05752606316108e+05 
1.22050870851503e-01 1.05627260646986e+05 
1.22403393882393e-01 1.05502057209457e+05 
1.22756483520020e-01 1.05376880798222e+05 
1.23110108381737e-01 1.05251707010785e+05 
1.23464366414174e-01 1.05126422831247e+05 
1.23818989824942e-01 1.05001105907804e+05 
1.24174095835190e-01 1.04875655701158e+05 
1.24529558585923e-01 1.04750131113758e+05 
1.24885636490526e-01 1.04624415935590e+05 
1.25242205178166e-01 1.04498614184691e+05 
1.25599520189319e-01 1.04372659923632e+05 
1.25957436880345e-01 1.04246723511853e+05 
1.26316173199488e-01 1.04120814728013e+05 
1.26675576411647e-01 1.03995176192149e+05 
1.27035829869428e-01 1.03869901429014e+05 
1.27396800712921e-01 1.03745301550941e+05 
1.27758627616857e-01 1.03621561898178e+05 
1.28121185198754e-01 1.03499066115757e+05 
1.28484543248819e-01 1.03378096297541e+05 
1.28848575536032e-01 1.03259097388883e+05 
1.29213315738102e-01 1.03142418378440e+05 
1.29578661155239e-01 1.03028527354740e+05 
1.29944628059954e-01 1.02917790061969e+05 
1.30311136969417e-01 1.02810653033441e+05 
1.30678221064119e-01 1.02707438611190e+05 
1.31045803200811e-01 1.02608521682836e+05 
1.31413932352419e-01 1.02514133093554e+05 
1.31782524113541e-01 1.02424533060184e+05 
1.32151650581342e-01 1.02339853772798e+05 
1.32521212067316e-01 1.02260272905539e+05 
1.32891299165495e-01 1.02186027063432e+05 
1.33261685132165e-01 1.02117264561522e+05 
1.33632423041465e-01 1.02054321229856e+05 
1.34003397594699e-01 1.01997040145112e+05 
1.34374717540973e-01 1.01947317565543e+05 
1.34746258905055e-01 1.01905895621953e+05 
1.35118152210569e-01 1.01871458837863e+05 
1.35490264506747e-01 1.01847384436182e+05 
1.35862728907845e-01 1.01832700540318e+05 
1.36235415403570e-01 1.01823205421282e+05 
1.36608428034983e-01 1.01816502259004e+05 
1.36981625683700e-01 1.01817104933305e+05 
1.37355084504855e-01 1.01834923514428e+05 
1.37728690514103e-01 1.01880626911159e+05 
1.38102513972077e-01 1.01960619734404e+05 
1.38476475641829e-01 1.02071000013637e+05 
1.38850646213493e-01 1.02215469894315e+05 
1.39224962243811e-01 1.02395869612935e+05 
1.39599505171402e-01 1.02611418012780e+05 
1.39974216815254e-01 1.02860012736041e+05 
1.40349194988850e-01 1.03139065162505e+05 
1.40724382320884e-01 1.03444492769695e+05 
1.41099880724237e-01 1.03769831991727e+05 
1.41475629408426e-01 1.04106960994445e+05 
1.41851755218811e-01 1.04447723483600e+05 
1.42228184994550e-01 1.04783574024061e+05 
1.42605056600339e-01 1.05105653364991e+05 
1.42982273510544e-01 1.05406646523745e+05 
1.43359962046163e-01 1.05679039407433e+05 
1.43737954297600e-01 1.05918148590501e+05 
1.44116364815380e-01 1.06121397526680e+05 
1.44495126350092e-01 1.06291172676646e+05 
1.44874326929908e-01 1.06412416555163e+05 
1.45253931033508e-01 1.06484826516016e+05 
1.45634008316782e-01 1.06533956946184e+05 
1.46014524685589e-01 1.06559699062324e+05 
1.46395539063864e-01 1.06560947642747e+05 
1.46777005218056e-01 1.06541661790991e+05 
1.47158977404292e-01 1.06505678273588e+05 
1.47541406587037e-01 1.06459287926075e+05 
1.47924336634055e-01 1.06406466953210e+05 
1.48307715192527e-01 1.06350662302411e+05 
1.48691589928265e-01 1.06294785781762e+05 
1.49075853791668e-01 1.06239923019734e+05 
1.49460612692204e-01 1.06187564372669e+05 
1.49845720479686e-01 1.06138411665314e+05 
1.50231352916116e-01 1.06092717735828e+05 
1.50617357259011e-01 1.06050303853370e+05 
1.51003904464658e-01 1.06010550048819e+05 
1.51390828241038e-01 1.05972629681854e+05 
1.51778291785192e-01 1.05935601175643e+05 
1.52166135281872e-01 1.05898501731678e+05 
1.52554511429695e-01 1.05860377297971e+05 
1.52943277339364e-01 1.05820449868344e+05 
1.53332581088986e-01 1.05778062179508e+05 
1.53722293348037e-01 1.05732745138396e+05 
1.54112565400848e-01 1.05684175005071e+05 
1.54503281671079e-01 1.05632115448001e+05 
1.54894534315225e-01 1.05576494662314e+05 
1.55285884082636e-01 1.05517286550366e+05 
1.55677568825009e-01 1.05454570471014e+05 
1.56069348560872e-01 1.05388409634532e+05 
1.56461494888695e-01 1.05319012696019e+05 
1.56853736649560e-01 1.05246450619354e+05 
1.57246366188778e-01 1.05170961955040e+05 
1.57639137133764e-01 1.05092567023476e+05 
1.58032322364645e-01 1.05011394769804e+05 
1.58425681719554e-01 1.04927933926850e+05 
1.58819480654735e-01 1.04841906834159e+05 
1.59213478186000e-01 1.04753909171037e+05 
1.59607911633574e-01 1.04664497896778e+05 
1.60002519869136e-01 1.04574228628556e+05 
1.60397545023603e-01 1.04483782451416e+05 
1.60792719407228e-01 1.04392726592371e+05 
1.61188296312576e-01 1.04300951259477e+05 
1.61584029102142e-01 1.04208967882640e+05 
1.61980152687833e-01 1.04116818708183e+05 
1.62376428917313e-01 1.04024752391677e+05 
1.62773073775646e-01 1.03932963580031e+05 
1.63169866142011e-01 1.03841719886818e+05 
1.63567005875552e-01 1.03751204823280e+05 
1.63964280967434e-01 1.03661595222891e+05 
1.64361866416174e-01 1.03573007660873e+05 
1.64759557233806e-01 1.03485582164941e+05 
1.65157459013154e-01 1.03399395311104e+05 
1.65555422788638e-01 1.03314527583846e+05 
1.65953597426430e-01 1.03230992252383e+05 
1.66351795492077e-01 1.03148842375797e+05 
1.66750176419854e-01 1.03068021764350e+05 
1.67148551362584e-01 1.02988564405294e+05 
1.67547120107463e-01 1.02910367139169e+05 
1.67945709554938e-01 1.02833437546540e+05 
1.68344504088859e-01 1.02757668245562e+05 
1.68743302234467e-01 1.02683046689735e+05 
1.69142326134024e-01 1.02609467915716e+05 
1.69541330218635e-01 1.02536921423174e+05 
1.69940587947130e-01 1.02465308851526e+05 
1.70339838892381e-01 1.02394641907919e+05 
1.70739373494232e-01 1.02324860222317e+05 
1.71138914140116e-01 1.02256033633189e+05 
1.71538751366554e-01 1.02188198469733e+05 
1.71938605752800e-01 1.02121432169507e+05 
1.72338764760125e-01 1.02055790823345e+05 
1.72738947175253e-01 1.01991393991794e+05 
1.73139435923360e-01 1.01928466368463e+05 
1.73539999952082e-01 1.01866954678577e+05 
1.73940842694615e-01 1.01807628642997e+05 
1.74341781579246e-01 1.01749835226006e+05 
1.74743017791198e-01 1.01695019459204e+05 
1.75144382207619e-01 1.01642910120342e+05 
1.75546090062424e-01 1.01593627597399e+05 
1.75947809148752e-01 1.01544260341922e+05 
1.76349140053051e-01 1.01494776304048e+05 
1.76750418536773e-01 1.01447788071985e+05 
1.77151373919698e-01 1.01403870921216e+05 
1.77552367866898e-01 1.01363225763507e+05 
1.77953125846334e-01 1.01326153030046e+05 
1.78354015909494e-01 1.01292364662105e+05 
1.78754778681336e-01 1.01261539379035e+05 
1.79155774032453e-01 1.01233214083948e+05 
1.79556753026472e-01 1.01206868227753e+05 
1.79958053935536e-01 1.01181590277264e+05 
1.80359412353430e-01 1.01156479831420e+05 
1.80760981523296e-01 1.01130506061826e+05 
1.81162805075989e-01 1.01102892496771e+05 
1.81564709336864e-01 1.01072200963184e+05 
1.81966986737206e-01 1.01038218628423e+05 
1.82369322461784e-01 1.00999777206080e+05 
1.82772119780382e-01 1.00962126808598e+05 
1.83175018828671e-01 1.00925487805485e+05 
1.83578416812451e-01 1.00887667938143e+05 
1.83981967725039e-01 1.00852022873835e+05 
1.84386021980316e-01 1.00821503434146e+05 
1.84790253571199e-01 1.01052380987425e+05 
1.85194974611302e-01 1.01759504279736e+05 
1.85599893608051e-01 1.03082163931598e+05 
1.86005296770623e-01 1.05001071360731e+05 
1.86410917012647e-01 1.07421516645937e+05 
1.86817022943285e-01 1.10203705172810e+05 
1.87223340245905e-01 1.13149031551603e+05 
1.87630116711650e-01 1.15987025614508e+05 
1.88037102795315e-01 1.18481147782471e+05 
1.88444546204931e-01 1.20634851642787e+05 
1.88852213894441e-01 1.21945952166120e+05 
1.89260346620912e-01 1.22571088582972e+05 
1.89668713205039e-01 1.22513645118000e+05 
1.90077544471645e-01 1.22400514584008e+05 
1.90486607474090e-01 1.22252855522336e+05 
1.90895582235853e-01 1.22097390206847e+05 
1.91304539637216e-01 1.21943324886865e+05 
1.91713361750892e-01 1.21776892527716e+05 
1.92122180639483e-01 1.21610340084087e+05 
1.92530881264668e-01 1.21434595928853e+05 
1.92939575012790e-01 1.21258105437877e+05 
1.93348173116306e-01 1.21077260401346e+05 
1.93756665858296e-01 1.20887757656643e+05 
1.94165037983601e-01 1.20686176605933e+05 
1.94573091487260e-01 1.20473322420457e+05 
1.94981043724108e-01 1.20247588685256e+05 
1.95388691933884e-01 1.20008613229462e+05 
1.95796206226373e-01 1.19758542711696e+05 
1.96203466321314e-01 1.19498062088371e+05 
1.96610544980195e-01 1.19228990684459e+05 
1.97017385821065e-01 1.18953366791684e+05 
1.97424061301694e-01 1.18673223535840e+05 
1.97830508204884e-01 1.18390365549334e+05 
1.98236809746862e-01 1.18106044060960e+05 
1.98642822685756e-01 1.17821549693406e+05 
1.99048693878176e-01 1.17537816028359e+05 
1.99454004141955e-01 1.17255926646450e+05 
1.99858453955575e-01 1.16976579369081e+05 
2.00261754931232e-01 1.16700352564063e+05 
