temps pression
0.00000000000000e+00 1.00000000000000e+05 
7.22956891292051e-05 1.00000000000000e+05 
1.36027416499053e-04 1.00000000000000e+05 
1.97651274822253e-04 1.00000000000000e+05 
2.48442149402507e-04 1.00000000000000e+05 
2.94029664698813e-04 1.00000000000000e+05 
3.33884279503943e-04 1.00000000000000e+05 
3.70509265657990e-04 1.00000000000000e+05 
4.03719470199167e-04 1.00000000000000e+05 
4.34681507136072e-04 1.00000000000000e+05 
4.64277523565565e-04 1.00000000000000e+05 
4.96833141638008e-04 1.00000000000000e+05 
5.32644321517694e-04 1.00000000000000e+05 
5.72036619385349e-04 1.00000000000000e+05 
6.15368147039770e-04 1.00000000000000e+05 
6.62897506064804e-04 1.00000000000000e+05 
7.09341932519735e-04 1.00000000000000e+05 
7.54758931819907e-04 1.00000000000000e+05 
8.04717631050096e-04 1.00000000000000e+05 
8.59672200203304e-04 1.00000000000000e+05 
9.20122226271834e-04 1.00000000000000e+05 
9.84474351726086e-04 1.00000000000000e+05 
1.04760557543551e-03 1.00000000000000e+05 
1.11704992151587e-03 1.00000000000000e+05 
1.19343870220427e-03 1.00000000000000e+05 
1.27595478015941e-03 1.00000000000000e+05 
1.36141506265927e-03 1.00000000000000e+05 
1.44732397491108e-03 1.00000000000000e+05 
1.54182377838807e-03 1.00000000000000e+05 
1.64577356221276e-03 1.00000000000000e+05 
1.75458843625657e-03 1.00000000000000e+05 
1.86649590003106e-03 1.00000000000000e+05 
1.98553502872913e-03 1.00000000000000e+05 
2.11303025362833e-03 1.00000000000000e+05 
2.24449397619574e-03 1.00000000000000e+05 
2.38215351210143e-03 1.00000000000000e+05 
2.52388042068925e-03 1.00000000000000e+05 
2.67095862886710e-03 1.00000000000000e+05 
2.82327391686101e-03 1.00000000000000e+05 
2.98018672915807e-03 1.00000000000000e+05 
3.14242205471957e-03 1.00000000000000e+05 
3.30800195500315e-03 1.00000000000000e+05 
3.47881700750988e-03 1.00000000000000e+05 
3.65507998401956e-03 1.00000000000000e+05 
3.83592045789389e-03 1.00000000000000e+05 
4.02214989600696e-03 1.00000000000000e+05 
4.21480140825587e-03 1.00000000000000e+05 
4.41377317493764e-03 1.00000000000000e+05 
4.62049723545256e-03 1.00000000000000e+05 
4.83304169316537e-03 1.00000000000000e+05 
5.04895137088754e-03 1.00000000000000e+05 
5.26562193450251e-03 1.00000000000000e+05 
5.48294037133330e-03 1.00000000000000e+05 
5.70242223213833e-03 1.00000000000000e+05 
5.92351717758326e-03 1.00000000000000e+05 
6.14649424029939e-03 1.00000000000000e+05 
6.37082499196545e-03 1.00000000000000e+05 
6.59641543541052e-03 1.00000000000000e+05 
6.82347357112431e-03 1.00000000000000e+05 
7.05079640401273e-03 1.00000000000000e+05 
7.27588330137535e-03 1.00000000000000e+05 
7.50153127839600e-03 1.00000000000000e+05 
7.72542646316634e-03 1.00000000000000e+05 
7.94701439570871e-03 1.00000000000000e+05 
8.16679828259068e-03 1.00000000000000e+05 
8.38369439240869e-03 1.00000000000000e+05 
8.59968242956378e-03 1.00000000000000e+05 
8.81441706356477e-03 1.00000000000000e+05 
9.02750694367433e-03 1.00000000000000e+05 
9.23873779301548e-03 1.00000000000000e+05 
9.44843181668537e-03 1.00000000000000e+05 
9.65756947566759e-03 1.00000000000000e+05 
9.86612846508988e-03 1.00000000000000e+05 
1.00745786295068e-02 1.00000000000000e+05 
1.02838932767562e-02 1.00000000000000e+05 
1.04939672291113e-02 1.00000000000000e+05 
1.07069056109510e-02 1.00000000000000e+05 
1.09251472040866e-02 1.00000000000000e+05 
1.11447752980794e-02 1.00000000000000e+05 
1.13683081824693e-02 1.00000000000000e+05 
1.15920422732581e-02 1.00000000000000e+05 
1.18189252512027e-02 1.00000000000000e+05 
1.20500105303563e-02 1.00000000000000e+05 
1.22856901972763e-02 1.00000000000000e+05 
1.25226737438467e-02 1.00000000000000e+05 
1.27651676362850e-02 1.00000000000000e+05 
1.30145289269871e-02 1.00000000000000e+05 
1.32656573285109e-02 1.00000000000000e+05 
1.35185563290416e-02 1.00000000000000e+05 
1.37808360328692e-02 1.00000000000000e+05 
1.40422660361709e-02 1.00000000000000e+05 
1.43043728820384e-02 1.00000000000000e+05 
1.45683361357109e-02 1.00000000000000e+05 
1.48308104741421e-02 1.00000000000000e+05 
1.50926311927219e-02 1.00000000000000e+05 
1.53434776060292e-02 1.00000000000000e+05 
1.55830776933726e-02 1.00000000000000e+05 
1.58137498809509e-02 1.00000000000000e+05 
1.60375921099982e-02 1.00000000000000e+05 
1.62563891836685e-02 1.00000000000000e+05 
1.64732381050258e-02 1.00000000000000e+05 
1.66942072536378e-02 1.00000000000000e+05 
1.69178749843873e-02 1.00000000000000e+05 
1.71451574098289e-02 1.00000000000000e+05 
1.73790302055445e-02 1.00000000000000e+05 
1.76178227902170e-02 1.00000000000000e+05 
1.78514923491708e-02 1.00000000000000e+05 
1.80799148711125e-02 1.00000000000000e+05 
1.83077623591636e-02 1.00000000000000e+05 
1.85317053284575e-02 1.00000000000000e+05 
1.87542939837499e-02 1.00000000000000e+05 
1.89687855880241e-02 1.00000000000000e+05 
1.91798697521622e-02 1.00000000000000e+05 
1.94058820397558e-02 1.00000000000000e+05 
1.96174927225564e-02 1.00000000000000e+05 
1.98417333874841e-02 1.00000000000000e+05 
2.00616989747205e-02 1.00000000000000e+05 
2.02748253617957e-02 1.00000000000000e+05 
2.04859874212233e-02 1.00000000000000e+05 
2.06954666039615e-02 1.00000000000000e+05 
2.09014534730102e-02 1.00000000000000e+05 
2.11032629828803e-02 1.00000000000000e+05 
2.13032505507676e-02 1.00000000000000e+05 
2.15005582514145e-02 1.00000000000000e+05 
2.16969830878800e-02 1.00000000000000e+05 
2.18938837382211e-02 1.00000000000000e+05 
2.20919064843469e-02 1.00000000000000e+05 
2.22914501381605e-02 1.00000000000000e+05 
2.24921316796720e-02 1.00000000000000e+05 
2.26946276417795e-02 1.00000000000000e+05 
2.28985837320453e-02 1.00000000000000e+05 
2.31042276796680e-02 1.00000000000000e+05 
2.33109779629387e-02 1.00000000000000e+05 
2.35177081728237e-02 1.00000000000000e+05 
2.37262875588554e-02 1.00000000000000e+05 
2.39356270991932e-02 1.00000000000000e+05 
2.41462643924582e-02 1.00000000000000e+05 
2.43578727158895e-02 1.00000000000000e+05 
2.45707672670739e-02 1.00000000000000e+05 
2.47841720653018e-02 1.00000000000000e+05 
2.50002184708843e-02 1.00000000000000e+05 
2.52170229919692e-02 1.00000000000000e+05 
2.54361136847151e-02 1.00000000000000e+05 
2.56563201511934e-02 1.00000000000000e+05 
2.58778829701819e-02 1.00000000000000e+05 
2.60998644730003e-02 1.00000000000000e+05 
2.63246767203607e-02 1.00000000000000e+05 
2.65504106194175e-02 1.00000000000000e+05 
2.67789024155826e-02 1.00000000000000e+05 
2.70086471892887e-02 1.00000000000000e+05 
2.72397782430783e-02 1.00000000000000e+05 
2.74713823563084e-02 1.00000000000000e+05 
2.77053960088638e-02 1.00000000000000e+05 
2.79399278372378e-02 1.00000000000000e+05 
2.81772683656338e-02 1.00000000000000e+05 
2.84155356818336e-02 1.00000000000000e+05 
2.86562900600873e-02 1.00000000000000e+05 
2.88982819305965e-02 1.00000000000000e+05 
2.91412619115404e-02 1.00000000000000e+05 
2.93846919102907e-02 1.00000000000000e+05 
2.96295945811603e-02 1.00000000000000e+05 
2.98748635671354e-02 1.00000000000000e+05 
3.01214960043744e-02 1.00000000000000e+05 
3.03691469398548e-02 1.00000000000000e+05 
3.06188614841410e-02 1.00000000000000e+05 
3.08701483501976e-02 1.00000000000000e+05 
3.11231493288112e-02 1.00000000000000e+05 
3.13770224757842e-02 1.00000000000000e+05 
3.16315938912895e-02 1.00000000000000e+05 
3.18865634651974e-02 1.00000000000000e+05 
3.21428419758104e-02 1.00000000000000e+05 
3.24008233381406e-02 1.00000000000000e+05 
3.26589823055032e-02 1.00000000000000e+05 
3.29183507208556e-02 1.00000000000000e+05 
3.31787948618085e-02 1.00000000000000e+05 
3.34404880048880e-02 1.00000000000000e+05 
3.37028626992892e-02 1.00000000000000e+05 
3.39653941062700e-02 1.00000000000000e+05 
3.42275778132434e-02 1.00000000000000e+05 
3.44892512527663e-02 1.00000000000000e+05 
3.47501532800361e-02 1.00000000000000e+05 
3.50106553604773e-02 1.00000000000000e+05 
3.52710614578254e-02 1.00000000000000e+05 
3.55313939820224e-02 1.00000000000000e+05 
3.57922605484992e-02 1.00000000000000e+05 
3.60539041529127e-02 1.00000000000000e+05 
3.63151818896709e-02 1.00000000000000e+05 
3.65784235047709e-02 1.00000000000000e+05 
3.68399008073040e-02 1.00000000000000e+05 
3.71036709436662e-02 1.00000000000000e+05 
3.73665938134991e-02 1.00000000000000e+05 
3.76316844247995e-02 1.00000000000000e+05 
3.78971230004859e-02 1.00000000000000e+05 
3.81650938780248e-02 1.00000000000000e+05 
3.84333499357359e-02 1.00000000000000e+05 
3.87041606741026e-02 1.00000000000000e+05 
3.89754757751808e-02 1.00000000000000e+05 
3.92471825340618e-02 1.00000000000000e+05 
3.95187856726446e-02 1.00000000000000e+05 
3.97908639927334e-02 1.00000000000000e+05 
4.00632801349822e-02 1.00000000000000e+05 
4.03359517878758e-02 1.00000000000000e+05 
4.06086170451560e-02 1.00000000000000e+05 
4.08812563783691e-02 1.00070130731890e+05 
4.11548399380726e-02 1.02340879013995e+05 
4.14293764103780e-02 1.08893750064027e+05 
4.17044794909104e-02 1.21148167382746e+05 
4.19808453856489e-02 1.38445137290074e+05 
4.22580533607114e-02 1.58027360894733e+05 
4.25368276053306e-02 1.76893894932851e+05 
4.28160390246037e-02 1.88967386794922e+05 
4.30959614809103e-02 1.94980755609319e+05 
4.33740387220612e-02 1.94611205161501e+05 
4.36502560963138e-02 1.93935581005091e+05 
4.39252386293025e-02 1.92788394379749e+05 
4.41983518103445e-02 1.90826900112685e+05 
4.44708819922706e-02 1.87996481956086e+05 
4.47429080825985e-02 1.84899664984019e+05 
4.50151746393924e-02 1.81793750042370e+05 
4.52863266794838e-02 1.78823379666684e+05 
4.55570925683443e-02 1.76122602757145e+05 
4.58269552994005e-02 1.73750675763768e+05 
4.60963614960359e-02 1.71692809773338e+05 
4.63653766111624e-02 1.69900643017453e+05 
4.66345268761268e-02 1.68326334350768e+05 
4.69035612446491e-02 1.66909220877268e+05 
4.71730243974950e-02 1.65584049057649e+05 
4.74424895674684e-02 1.64319445323941e+05 
4.77123798716128e-02 1.63071243752862e+05 
4.79824671870559e-02 1.61826465553027e+05 
4.82529652251978e-02 1.60570448948057e+05 
4.85238144233206e-02 1.59299177926298e+05 
4.87951673479667e-02 1.58004890502055e+05 
4.90669197527798e-02 1.56693827209920e+05 
4.93392841708800e-02 1.55378634089931e+05 
4.96121145475490e-02 1.54052373885033e+05 
4.98856880016116e-02 1.52655628727097e+05 
5.01597557210702e-02 1.51152660715923e+05 
5.04338587480494e-02 1.49529175323146e+05 
5.07088308686248e-02 1.47769470500535e+05 
5.09832981701201e-02 1.46150420438644e+05 
5.12587030339574e-02 1.44811811665060e+05 
5.15337524715952e-02 1.43692845608227e+05 
5.18097665263725e-02 1.43041930436956e+05 
5.20854071603083e-02 1.43422065069468e+05 
5.23617887856496e-02 1.45458118561572e+05 
5.26378679631339e-02 1.49960937451392e+05 
5.29147581012882e-02 1.57213631954474e+05 
5.31916152964575e-02 1.66186606113804e+05 
5.34703518380130e-02 1.74904977491596e+05 
5.37491266078602e-02 1.82253651039473e+05 
5.40291746395651e-02 1.85968004671871e+05 
5.43099062759243e-02 1.86074585918920e+05 
5.45909830333682e-02 1.85776245707121e+05 
5.48730282780104e-02 1.84746076102413e+05 
5.51554367589511e-02 1.82172448302405e+05 
5.54384179563118e-02 1.79104489346340e+05 
5.57222157312837e-02 1.75827471803779e+05 
5.60070221834195e-02 1.72389681272329e+05 
5.62922582009684e-02 1.69098746747911e+05 
5.65775704434870e-02 1.66113388741024e+05 
5.68631115521462e-02 1.63401192907698e+05 
5.71486403245722e-02 1.60969090596664e+05 
5.74344971324892e-02 1.58764420319162e+05 
5.77203495759823e-02 1.56716448489966e+05 
5.80066199883511e-02 1.54782270835506e+05 
5.82929696328426e-02 1.52918276500155e+05 
5.85798662018338e-02 1.51100696416875e+05 
5.88669944900510e-02 1.49315663597023e+05 
5.91545068476841e-02 1.47559995263377e+05 
5.94418708129550e-02 1.45832219318656e+05 
5.97288720926477e-02 1.44137447285520e+05 
6.00158859216239e-02 1.42473797293090e+05 
6.03021180211884e-02 1.40847259689304e+05 
6.05887664181079e-02 1.39249300440261e+05 
6.08747670001127e-02 1.37685353118155e+05 
6.11614446907827e-02 1.36145982796337e+05 
6.14479071914887e-02 1.34636504595288e+05 
6.17351548882417e-02 1.33151811937160e+05 
6.20225358627618e-02 1.31699061477347e+05 
6.23108125568633e-02 1.30276498446997e+05 
6.25993120617001e-02 1.28892548780666e+05 
6.28887639041781e-02 1.27544604091757e+05 
6.31785307589692e-02 1.26238406795614e+05 
6.34692775289145e-02 1.24968404085148e+05 
6.37603075852582e-02 1.23736840401380e+05 
6.40523878770426e-02 1.22535507558642e+05 
6.43448476575618e-02 1.21364831839385e+05 
6.46384010623802e-02 1.20219472294338e+05 
6.49297210416287e-02 1.19110974247402e+05 
6.52132786243085e-02 1.18060531516747e+05 
6.54901169938349e-02 1.17068596480866e+05 
6.57609659598806e-02 1.16136139058679e+05 
6.60252995804642e-02 1.15257222518296e+05 
6.62866805946729e-02 1.14463098293960e+05 
6.65449624247058e-02 1.13738792866045e+05 
6.68013692250037e-02 1.13084998546988e+05 
6.70559241662536e-02 1.12460735449652e+05 
6.73091318097438e-02 1.11910798294833e+05 
6.75619758225690e-02 1.11518688133427e+05 
6.78144742841305e-02 1.11329503418733e+05 
6.80659477190184e-02 1.11408827696835e+05 
6.83171418668631e-02 1.11728896614944e+05 
6.85677722685853e-02 1.12235158467259e+05 
6.88181044555709e-02 1.12845906082902e+05 
6.90680099951110e-02 1.13598024423419e+05 
6.93180338663268e-02 1.14541001866323e+05 
6.95677562163458e-02 1.15766368496856e+05 
6.98175902799476e-02 1.17364962803967e+05 
7.00672985116814e-02 1.19416622745968e+05 
7.03172550463250e-02 1.22029351803574e+05 
7.05665454228859e-02 1.25152382583733e+05 
7.08156185364650e-02 1.28715141488476e+05 
7.10651311435406e-02 1.32395752933935e+05 
7.13149237252897e-02 1.35893310197528e+05 
7.15654679567945e-02 1.39037366345578e+05 
7.18161795523667e-02 1.41529331574153e+05 
7.20675784806857e-02 1.42834036087879e+05 
7.23191015112964e-02 1.43225923040527e+05 
7.25705142149816e-02 1.42793316892830e+05 
7.28222457462259e-02 1.41907735768140e+05 
7.30748938725394e-02 1.40831825490542e+05 
7.33280471876601e-02 1.39659866392783e+05 
7.35807652234548e-02 1.38327390676176e+05 
7.38314642308964e-02 1.36851053118298e+05 
7.40808786536062e-02 1.35307303580725e+05 
7.43286920796717e-02 1.33726691445715e+05 
7.45749312679743e-02 1.32129600279824e+05 
7.48210653732016e-02 1.30532031419976e+05 
7.50673267013849e-02 1.28951076215321e+05 
7.53126183330533e-02 1.27411536111861e+05 
7.55582790804759e-02 1.25909089061633e+05 
7.58033411855451e-02 1.24454935851073e+05 
7.60484864740985e-02 1.23047085055976e+05 
7.62920522376683e-02 1.21697148953005e+05 
7.65362288117363e-02 1.20391149004119e+05 
7.67798100552326e-02 1.19135208512332e+05 
7.70238740310374e-02 1.17921152428868e+05 
7.72684772372669e-02 1.16746592688635e+05 
7.75130786114864e-02 1.15611666035537e+05 
7.77581682236939e-02 1.14511930926664e+05 
7.80035381387015e-02 1.13445255246954e+05 
7.82498931031953e-02 1.12407024586262e+05 
7.84964864102373e-02 1.11398329212304e+05 
7.87438216689843e-02 1.10415245739261e+05 
7.89924084764710e-02 1.09455320983377e+05 
7.92415228259081e-02 1.08519675847477e+05 
7.94917799038080e-02 1.07605174625803e+05 
7.97425928541880e-02 1.06712308169840e+05 
7.99943969989616e-02 1.05838134193527e+05 
8.02465086100951e-02 1.04984106545786e+05 
8.04989417020369e-02 1.04149403999356e+05 
8.07511315997140e-02 1.03335159339971e+05 
8.10028774183807e-02 1.02540396345628e+05 
8.12547531873922e-02 1.01763008614397e+05 
8.15060604460433e-02 1.01007827856321e+05 
8.17574548285376e-02 1.00269811595073e+05 
8.20085144540470e-02 9.95593752160872e+04 
8.22596154783567e-02 9.88756223469948e+04 
8.25107295457530e-02 9.82214473182040e+04 
8.27619880977029e-02 9.76072529474041e+04 
8.30136068700452e-02 9.70482739378658e+04 
8.32653276447119e-02 9.65204739663261e+04 
8.35176007355901e-02 9.60740570191147e+04 
8.37704518114293e-02 9.56966275281710e+04 
8.40236291488584e-02 9.53745584407903e+04 
8.42770851397372e-02 9.51129867220750e+04 
8.45309421483733e-02 9.48569106028931e+04 
8.47853523129271e-02 9.46564463608633e+04 
8.50402416880680e-02 9.45626607892624e+04 
8.52958226028711e-02 9.46242023685919e+04 
8.55521677778111e-02 9.48748454182105e+04 
8.58094213360950e-02 9.52829777852504e+04 
8.60675085065202e-02 9.58114893118698e+04 
8.63266603174421e-02 9.64368404405760e+04 
8.65865525948027e-02 9.71251411660335e+04 
8.68470936091628e-02 9.78324457245785e+04 
8.71084588211630e-02 9.85243939292636e+04 
8.73709549376493e-02 9.91581337793518e+04 
8.76341195471826e-02 9.97019026081982e+04 
8.78983600643024e-02 1.00127726970947e+05 
8.81633337046852e-02 1.00381578059724e+05 
8.84291150121864e-02 1.00438109135865e+05 
8.86956438924844e-02 1.00335330639405e+05 
8.89630290414185e-02 1.00075530355517e+05 
8.92310656296058e-02 9.98050980755814e+04 
8.94999256757851e-02 9.95176542198534e+04 
8.97694190558705e-02 9.92044277241262e+04 
9.00396162112973e-02 9.88688166532844e+04 
9.03104168988456e-02 9.85044901613510e+04 
9.05819482692043e-02 9.81253783502618e+04 
9.08540388461126e-02 9.77368094704628e+04 
9.11264868521380e-02 9.73370474270117e+04 
9.13995657718631e-02 9.69288016152186e+04 
9.16729865172277e-02 9.65148900353297e+04 
9.19468747483081e-02 9.60986498136820e+04 
9.22211383496401e-02 9.56828267492130e+04 
9.24959520414127e-02 9.52681521663883e+04 
9.27712820125246e-02 9.48550772228977e+04 
9.30472805472031e-02 9.44436755007947e+04 
9.33238625256748e-02 9.40342928128779e+04 
9.36011674481923e-02 9.36269003900568e+04 
9.38790503048174e-02 9.32221164682311e+04 
9.41576563961309e-02 9.28198197398054e+04 
9.44369160577862e-02 9.24206708904927e+04 
9.47169009068884e-02 9.20250337968476e+04 
9.49974924351416e-02 9.16338398082972e+04 
9.52778849129929e-02 9.12495338887622e+04 
9.55588611230160e-02 9.08722217429929e+04 
9.58397482636082e-02 9.05048124436783e+04 
9.61213583915915e-02 9.01476281493520e+04 
9.64027201336391e-02 8.98049622844545e+04 
9.66847791594783e-02 8.94760301402628e+04 
9.69665991975298e-02 8.91652609094956e+04 
9.72490969096946e-02 8.88749054737931e+04 
9.75317196561812e-02 8.86020384247623e+04 
9.78152204029162e-02 8.83500114788686e+04 
9.80991769003671e-02 8.81154857966874e+04 
9.83840928296519e-02 8.79164515951047e+04 
9.86692748688692e-02 8.77383612892652e+04 
9.89555941217585e-02 8.75775891002021e+04 
9.92421450011233e-02 8.74148156726968e+04 
9.95298508826737e-02 8.72479138776743e+04 
9.98180126992181e-02 8.70799379853471e+04 
1.00107303156368e-01 8.69017315887099e+04 
1.00397060898015e-01 8.67059600693839e+04 
1.00687893334563e-01 8.64942479909800e+04 
1.00978936191609e-01 8.62586742391513e+04 
1.01271111112130e-01 8.59910284945147e+04 
1.01563516211739e-01 8.57072892609187e+04 
1.01857109402608e-01 8.54057794011202e+04 
1.02150947911895e-01 8.50856692382909e+04 
1.02445962559630e-01 8.47452520785059e+04 
1.02741225821012e-01 8.43957781503578e+04 
1.03037573356729e-01 8.40468283537269e+04 
1.03333890847863e-01 8.37171079570701e+04 
1.03631093486805e-01 8.34115797336913e+04 
1.03928465023323e-01 8.31277146553520e+04 
1.04226788597721e-01 8.28765420857137e+04 
1.04525255979055e-01 8.26731393377361e+04 
1.04824827626865e-01 8.25190894164253e+04 
1.05124604359199e-01 8.24185640423171e+04 
1.05425275508749e-01 8.23722388331321e+04 
1.05725894955954e-01 8.23788416491849e+04 
1.06027374399693e-01 8.24338312289075e+04 
1.06328974525348e-01 8.25291657559857e+04 
1.06631485892276e-01 8.26564061160064e+04 
1.06934218501292e-01 8.28035940002748e+04 
1.07237896923735e-01 8.29587915949257e+04 
1.07541776466229e-01 8.31085158689219e+04 
1.07846374599109e-01 8.32425638228095e+04 
1.08151334037941e-01 8.33507953631639e+04 
1.08457201679845e-01 8.34260633452807e+04 
1.08763539076467e-01 8.34645907435124e+04 
1.09070944193284e-01 8.34651632469917e+04 
1.09378304249563e-01 8.34301228545947e+04 
1.09684621012388e-01 8.33641869490182e+04 
1.09989357203056e-01 8.32737891405643e+04 
1.10293237871652e-01 8.31723001442697e+04 
1.10596115053560e-01 8.30585075501950e+04 
1.10898512151920e-01 8.29379350143303e+04 
1.11200479049505e-01 8.28205237225864e+04 
1.11502380350325e-01 8.27097004823082e+04 
1.11803411915208e-01 8.26078930208036e+04 
1.12102990519239e-01 8.25158435278673e+04 
1.12401204850027e-01 8.24319728126486e+04 
1.12699094904497e-01 8.23551339311976e+04 
1.12995990082334e-01 8.22819611672418e+04 
1.13292650400425e-01 8.22082805591811e+04 
1.13587906716470e-01 8.21279323837300e+04 
1.13883392298426e-01 8.20427563440482e+04 
1.14177767099256e-01 8.19421219104514e+04 
1.14472661366354e-01 8.18181419343494e+04 
1.14767037269295e-01 8.16811656018227e+04 
1.15062823761602e-01 8.15349715507839e+04 
1.15358650540324e-01 8.13886575819846e+04 
1.15655470085801e-01 8.12413878492152e+04 
1.15952912719417e-01 8.10822959385837e+04 
1.16251635772719e-01 8.09092271323590e+04 
1.16551379415749e-01 8.07256129564522e+04 
1.16852614489149e-01 8.05325950379692e+04 
1.17155083618581e-01 8.03301178256043e+04 
1.17459170890736e-01 8.01208476490565e+04 
1.17764548977647e-01 7.99057720140744e+04 
1.18071573083202e-01 7.96876093002078e+04 
1.18379798723256e-01 7.94675645577895e+04 
1.18688852160944e-01 7.92488010873267e+04 
1.18998076378260e-01 7.90329270271822e+04 
1.19308050561391e-01 7.88225461713359e+04 
1.19618446502845e-01 7.86191770646705e+04 
1.19929587153350e-01 7.84236917988427e+04 
1.20240996798129e-01 7.82378756411156e+04 
1.20551407576765e-01 7.80617788935858e+04 
1.20861025232233e-01 7.78963727060053e+04 
1.21169978747209e-01 7.77420052412905e+04 
1.21478266537411e-01 7.75984721069320e+04 
1.21786102428060e-01 7.74657668551736e+04 
1.22093620303412e-01 7.73431331650190e+04 
1.22401068352279e-01 7.72298278503255e+04 
1.22708557667081e-01 7.71247682434859e+04 
1.23016335342355e-01 7.70274948162222e+04 
1.23324472762405e-01 7.69361329253036e+04 
1.23633147144146e-01 7.68497058914377e+04 
1.23942346857063e-01 7.67672398580771e+04 
1.24252232114487e-01 7.66876076203511e+04 
1.24561799407379e-01 7.66107116111151e+04 
1.24870644190227e-01 7.65363113413956e+04 
1.25177366753499e-01 7.64640992653227e+04 
1.25483846805102e-01 7.63916298035630e+04 
1.25788727613970e-01 7.63205536884649e+04 
1.26093736659487e-01 7.62508110338405e+04 
1.26397606099860e-01 7.61816081087499e+04 
1.26701897320934e-01 7.61124965373990e+04 
1.27005445274941e-01 7.60429333066249e+04 
1.27309642287514e-01 7.59746648323494e+04 
1.27613425137993e-01 7.59045675214571e+04 
1.27917933584857e-01 7.58324829494398e+04 
1.28222205916257e-01 7.57606851691895e+04 
1.28527140462484e-01 7.56890421649074e+04 
1.28831797075071e-01 7.56182482191899e+04 
1.29136041996820e-01 7.55486027753839e+04 
1.29440294274983e-01 7.54792469079020e+04 
1.29744456432105e-01 7.54095214820396e+04 
1.30048821040194e-01 7.53397401467896e+04 
1.30353226802103e-01 7.52697034125741e+04 
1.30657932275124e-01 7.51999751951362e+04 
1.30962674089591e-01 7.51313829490758e+04 
1.31267329789188e-01 7.50657770481583e+04 
1.31571658912227e-01 7.50020890363584e+04 
1.31874878501421e-01 7.49399952378929e+04 
1.32176933762190e-01 7.48801484220730e+04 
1.32476732037670e-01 7.48451657913931e+04 
1.32774409265985e-01 7.48667513266517e+04 
1.33069134455575e-01 7.50067676116090e+04 
1.33361544761120e-01 7.52766037925408e+04 
1.33654085284686e-01 7.56809372807596e+04 
1.33944699362852e-01 7.62223769710127e+04 
1.34232658844584e-01 7.68911278806699e+04 
1.34519597039534e-01 7.76798498275416e+04 
1.34805054735894e-01 7.85600181793547e+04 
1.35090244623944e-01 7.95138204900874e+04 
1.35374893813566e-01 8.04924501194427e+04 
1.35659967922531e-01 8.14920745124461e+04 
1.35944817724514e-01 8.24186852127415e+04 
1.36230075899151e-01 8.32636023199861e+04 
1.36515495286506e-01 8.40069063198258e+04 
1.36801759730872e-01 8.45269679068296e+04 
1.37088338328198e-01 8.48671612462843e+04 
1.37375998428793e-01 8.50078670731191e+04 
1.37664012893691e-01 8.50690743998958e+04 
1.37953214344160e-01 8.51235137275986e+04 
1.38242586070460e-01 8.51480569262616e+04 
1.38532388369868e-01 8.51258297072906e+04 
1.38822784491116e-01 8.50566512351713e+04 
1.39113949558711e-01 8.49726302442710e+04 
1.39405928413250e-01 8.48775104494201e+04 
1.39698413414870e-01 8.47730609000125e+04 
1.39990877135093e-01 8.46782188232014e+04 
1.40283687871617e-01 8.46008570197221e+04 
1.40576594616371e-01 8.45324685242982e+04 
1.40869870693562e-01 8.45002561951960e+04 
1.41163313350095e-01 8.45069933881821e+04 
1.41457127349026e-01 8.45433868815139e+04 
1.41751269452283e-01 8.46147169250171e+04 
1.42045897139514e-01 8.47080500981568e+04 
1.42340979648020e-01 8.47994548510627e+04 
1.42636601086934e-01 8.49027819063969e+04 
1.42932766720612e-01 8.50347964299813e+04 
1.43229488578637e-01 8.52065393282383e+04 
1.43526642253290e-01 8.54292467360463e+04 
1.43824314921831e-01 8.57012198574237e+04 
1.44122538544597e-01 8.60114393687268e+04 
1.44421260724644e-01 8.63558168251846e+04 
1.44720616986539e-01 8.67287709049612e+04 
1.45020569865516e-01 8.71294314589680e+04 
1.45321263021069e-01 8.75389003259597e+04 
1.45622712282733e-01 8.79524421185568e+04 
1.45925002218760e-01 8.83645440954797e+04 
1.46228088467052e-01 8.87677412816534e+04 
1.46531976728481e-01 8.91523120763965e+04 
1.46836606809420e-01 8.95122249918934e+04 
1.47142043441039e-01 8.98334232941816e+04 
1.47447995298768e-01 9.01192566611225e+04 
1.47754455384573e-01 9.03505945846542e+04 
1.48061207866553e-01 9.05303947954224e+04 
1.48368475913791e-01 9.06664080957142e+04 
1.48675996343666e-01 9.07204615250935e+04 
1.48984012337097e-01 9.07161135558292e+04 
1.49292274553278e-01 9.06576538473289e+04 
1.49601063392365e-01 9.05573294972396e+04 
1.49910160031106e-01 9.04536482843329e+04 
1.50222528421259e-01 9.03425526820592e+04 
1.50535644399247e-01 9.02167148365603e+04 
1.50849587943135e-01 9.00707851286659e+04 
1.51164314535099e-01 8.99017220009775e+04 
1.51479909334971e-01 8.97140813347871e+04 
1.51796360821102e-01 8.95097755007685e+04 
1.52113759198274e-01 8.92908197245862e+04 
1.52432073128007e-01 8.90600997981944e+04 
1.52751398825358e-01 8.88199990728253e+04 
1.53071694024494e-01 8.85726644838484e+04 
1.53392997936013e-01 8.83203690681612e+04 
1.53715318276238e-01 8.80650971831964e+04 
1.54038477928235e-01 8.78089270374507e+04 
1.54361228686826e-01 8.75545394448771e+04 
1.54681501181546e-01 8.73049300574235e+04 
1.55000007507998e-01 8.70605227126225e+04 
1.55316636477425e-01 8.68221046471645e+04 
1.55632108090143e-01 8.65893717584403e+04 
1.55946284301836e-01 8.63626994130543e+04 
1.56259772375258e-01 8.61414817228871e+04 
1.56572378862989e-01 8.59257056053163e+04 
1.56884292730285e-01 8.57147249756645e+04 
1.57195328336504e-01 8.55082584344207e+04 
1.57505920294333e-01 8.53052478240558e+04 
1.57815994139043e-01 8.51053189456075e+04 
1.58125435366559e-01 8.49077977876769e+04 
1.58434067730393e-01 8.47123640835059e+04 
1.58741907249915e-01 8.45184140797772e+04 
1.59049259596837e-01 8.43256517703440e+04 
1.59356005319900e-01 8.41338703277629e+04 
1.59662544495207e-01 8.39429810305643e+04 
1.59968599168565e-01 8.37531933465875e+04 
1.60274418011599e-01 8.35648213816250e+04 
1.60579879853095e-01 8.33784448191549e+04 
1.60885047300786e-01 8.31948002000681e+04 
1.61189955059160e-01 8.30146654848551e+04 
1.61494786020449e-01 8.28393983715910e+04 
1.61799414632197e-01 8.26703121201601e+04 
1.62104116410437e-01 8.25087903660809e+04 
1.62408668677352e-01 8.23570467975073e+04 
1.62713410674173e-01 8.22172094481546e+04 
1.63018023634649e-01 8.20899537794705e+04 
1.63322712153303e-01 8.19779447103006e+04 
1.63627417922928e-01 8.18842677229802e+04 
1.63932102871785e-01 8.18075087707370e+04 
1.64236102772523e-01 8.17460368696434e+04 
1.64538930110025e-01 8.17111095456387e+04 
1.64840048058669e-01 8.16964001116772e+04 
1.65139933733876e-01 8.16978814144336e+04 
1.65438358646601e-01 8.17225895622961e+04 
1.65735507709378e-01 8.17746057164302e+04 
1.66031609620151e-01 8.18414784479257e+04 
1.66326794866579e-01 8.19115368487415e+04 
1.66621275345349e-01 8.19873312966216e+04 
1.66915152858334e-01 8.20774620358482e+04 
1.67208561884295e-01 8.21864076342413e+04 
1.67501604740413e-01 8.23231761714753e+04 
1.67794265382287e-01 8.24853588611859e+04 
1.68086759952136e-01 8.26717245756069e+04 
1.68378909024921e-01 8.28744168911086e+04 
1.68671190308873e-01 8.30895565355430e+04 
1.68963173694925e-01 8.33146098529676e+04 
1.69255427385693e-01 8.35444344373280e+04 
1.69547452912564e-01 8.37739339340942e+04 
1.69839794402137e-01 8.40007858967722e+04 
1.70131985765198e-01 8.42170022968451e+04 
1.70424547169868e-01 8.44192126829738e+04 
1.70716961604389e-01 8.46098232738716e+04 
1.71009763694616e-01 8.47717811666737e+04 
1.71302443411867e-01 8.49087367031959e+04 
1.71595484992428e-01 8.50251827429305e+04 
1.71888480305007e-01 8.51158756735623e+04 
1.72181869764155e-01 8.52018736620148e+04 
1.72475292910978e-01 8.52781736594222e+04 
1.72769176238915e-01 8.53384855652205e+04 
1.73063149359616e-01 8.53769367771380e+04 
1.73357667648601e-01 8.53910797865330e+04 
1.73652322314105e-01 8.53824146087514e+04 
1.73947493957084e-01 8.53560098437447e+04 
1.74242568760124e-01 8.53131269823926e+04 
1.74537350420118e-01 8.52557923784566e+04 
1.74832123925619e-01 8.51862689064526e+04 
1.75126653223867e-01 8.51071967791037e+04 
1.75421231667590e-01 8.50209605747298e+04 
1.75715629578772e-01 8.49302093494980e+04 
1.76010114681272e-01 8.48376035718295e+04 
1.76304487384563e-01 8.47460206732493e+04 
1.76599009719557e-01 8.46578005749700e+04 
1.76893490886577e-01 8.45754634640989e+04 
1.77188244590387e-01 8.45006651448062e+04 
1.77483016644546e-01 8.44350526554114e+04 
1.77778178095863e-01 8.43814394422736e+04 
1.78073463433214e-01 8.43398890704716e+04 
1.78369181144418e-01 8.43119150543043e+04 
1.78664852983938e-01 8.42994565251990e+04 
1.78960950383102e-01 8.43017875956056e+04 
1.79257139430190e-01 8.43190495258474e+04 
1.79553713061158e-01 8.43514222540079e+04 
1.79850543919934e-01 8.43980160105802e+04 
1.80147708073852e-01 8.44590645205636e+04 
1.80445148192100e-01 8.45324035297617e+04 
1.80743054857885e-01 8.46175778318535e+04 
1.81041070059701e-01 8.47134339187776e+04 
1.81339420475250e-01 8.48181342548847e+04 
1.81637832813923e-01 8.49301871529863e+04 
1.81936615431163e-01 8.50463721486587e+04 
1.82235446905453e-01 8.51662779494342e+04 
1.82534712836452e-01 8.52859889277628e+04 
1.82834676051187e-01 8.54071967601060e+04 
1.83134841322082e-01 8.55242783997780e+04 
1.83435043160218e-01 8.56380239126555e+04 
1.83735558524762e-01 8.57459612861430e+04 
1.84035915773991e-01 8.58456191559789e+04 
1.84336601616730e-01 8.59443998110810e+04 
1.84637078435054e-01 8.60321804498400e+04 
1.84937880687232e-01 8.61126185547587e+04 
1.85238457132051e-01 8.61787270843203e+04 
1.85539364627794e-01 8.62384905019102e+04 
1.85840031063547e-01 8.62902444646422e+04 
1.86141012504608e-01 8.63340303549852e+04 
1.86441752739068e-01 8.63750672449497e+04 
1.86742897345150e-01 8.64055570308764e+04 
1.87043794982345e-01 8.64412383213805e+04 
1.87345140788474e-01 8.64760778485022e+04 
1.87646242624453e-01 8.65064181970913e+04 
1.87947784386008e-01 8.65397163894885e+04 
1.88249327072119e-01 8.65670511358014e+04 
1.88551101677709e-01 8.65934584187105e+04 
1.88852842470665e-01 8.66229736632178e+04 
1.89154723285325e-01 8.66523731414338e+04 
1.89456669941697e-01 8.66726825684857e+04 
1.89758355995914e-01 8.66885800804061e+04 
1.90060324271434e-01 8.66967224254142e+04 
1.90362346490115e-01 8.66932230146208e+04 
1.90664544867276e-01 8.66837502389786e+04 
1.90966843289152e-01 8.66633210491796e+04 
1.91269305787787e-01 8.66429093825194e+04 
1.91571910021871e-01 8.66362454399512e+04 
1.91874606435513e-01 8.66236567276029e+04 
1.92177436925405e-01 8.66092106647980e+04 
1.92480394314133e-01 8.65824463969084e+04 
1.92783490630655e-01 8.65405325570135e+04 
1.93086741847725e-01 8.64867202730555e+04 
1.93390154621012e-01 8.64221988697795e+04 
1.93693748325350e-01 8.63502330030148e+04 
1.93997538324190e-01 8.62661595675501e+04 
1.94301522968413e-01 8.61802568178338e+04 
1.94605730904817e-01 8.60911703623354e+04 
1.94910164399027e-01 8.60045142142331e+04 
1.95214805727957e-01 8.59205079224578e+04 
1.95519722001499e-01 8.58424403673589e+04 
1.95824763775281e-01 8.57739569067555e+04 
1.96130090234642e-01 8.57142056401021e+04 
1.96435601158708e-01 8.56651976933679e+04 
1.96741389512883e-01 8.56268804266390e+04 
1.97047401538486e-01 8.55995745044913e+04 
1.97353663049237e-01 8.55867675761495e+04 
1.97660155306393e-01 8.55909899967821e+04 
1.97966881899102e-01 8.55993181572712e+04 
1.98273855477605e-01 8.56341398920089e+04 
1.98581042300277e-01 8.56897149859937e+04 
1.98888488387401e-01 8.57607446530004e+04 
1.99196123544955e-01 8.58602091966491e+04 
1.99504027650873e-01 8.59537864422606e+04 
1.99812093994890e-01 8.60436704680803e+04 
2.00120348052969e-01 8.61487242516406e+04 
