temps pression
0.00000000000000e+00 1.00000000000000e+05 
7.22956891292051e-05 1.00000000000000e+05 
1.36027416499053e-04 1.00000000000000e+05 
1.97651274822253e-04 1.00000000000000e+05 
2.48442149402507e-04 1.00000000000000e+05 
2.94029664698813e-04 1.00000000000000e+05 
3.33884279503943e-04 1.00000000000000e+05 
3.70509265657990e-04 1.00000000000000e+05 
4.03719470199167e-04 1.00000000000000e+05 
4.34681507136072e-04 1.00000000000000e+05 
4.64277523565565e-04 1.00000000000000e+05 
4.96833141638008e-04 1.00000000000000e+05 
5.32644321517694e-04 1.00000000000000e+05 
5.72036619385349e-04 1.00000000000000e+05 
6.15368147039770e-04 1.00000000000000e+05 
6.62897506064804e-04 1.00000000000000e+05 
7.09341932519735e-04 1.00000000000000e+05 
7.54758931819907e-04 1.00000000000000e+05 
8.04717631050096e-04 1.00000000000000e+05 
8.59672200203304e-04 1.00000000000000e+05 
9.20122226271834e-04 1.00000000000000e+05 
9.84474351726086e-04 1.00000000000000e+05 
1.04760557543551e-03 1.00000000000000e+05 
1.11704992151587e-03 1.00000000000000e+05 
1.19343870220427e-03 1.00000000000000e+05 
1.27595478015941e-03 1.00000000000000e+05 
1.36141506265927e-03 1.00000000000000e+05 
1.44732397491108e-03 1.00000000000000e+05 
1.54182377838807e-03 1.00000000000000e+05 
1.64577356221276e-03 1.00000000000000e+05 
1.75458843625657e-03 1.00000000000000e+05 
1.86649590003106e-03 1.00000000000000e+05 
1.98553502872913e-03 1.00000000000000e+05 
2.11303025362833e-03 1.00000000000000e+05 
2.24449397619574e-03 1.00000000000000e+05 
2.38215351210143e-03 1.00000000000000e+05 
2.52388042068925e-03 1.00000000000000e+05 
2.67095862886710e-03 1.00000000000000e+05 
2.82327391686101e-03 1.00000000000000e+05 
2.98018672915807e-03 1.00000000000000e+05 
3.14242205471957e-03 1.00000000000000e+05 
3.30800195500315e-03 1.00000000000000e+05 
3.47881700750988e-03 1.00000000000000e+05 
3.65507998401956e-03 1.00000000000000e+05 
3.83592045789389e-03 1.00000000000000e+05 
4.02214989600696e-03 1.00000000000000e+05 
4.21480140825587e-03 1.00000000000000e+05 
4.41377317493764e-03 1.00000000000000e+05 
4.62049723545256e-03 1.00000000000000e+05 
4.83304169316537e-03 1.00000000000000e+05 
5.04895137088754e-03 1.00000000000000e+05 
5.26562193450251e-03 1.00000000000000e+05 
5.48294037133330e-03 1.00000000000000e+05 
5.70242223213833e-03 1.00000000000000e+05 
5.92351717758326e-03 1.00000000000000e+05 
6.14649424029939e-03 1.00000000000000e+05 
6.37082499196545e-03 1.00000000000000e+05 
6.59641543541052e-03 1.00000000000000e+05 
6.82347357112431e-03 1.00000000000000e+05 
7.05079640401273e-03 1.00000000000000e+05 
7.27588330137535e-03 1.00000000000000e+05 
7.50153127839600e-03 1.00000000000000e+05 
7.72542646316634e-03 1.00000000000000e+05 
7.94701439570871e-03 1.00000000000000e+05 
8.16679828259068e-03 1.00000000000000e+05 
8.38369439240869e-03 1.00000000000000e+05 
8.59968242956378e-03 1.00000000000000e+05 
8.81441706356477e-03 1.00000000000000e+05 
9.02750694367433e-03 1.00000000000000e+05 
9.23873779301548e-03 1.00000000000000e+05 
9.44843181668537e-03 1.00000000000000e+05 
9.65756947566759e-03 1.00000000000000e+05 
9.86612846508988e-03 1.00000000000000e+05 
1.00745786295068e-02 1.00000000000000e+05 
1.02838932767562e-02 1.00000000000000e+05 
1.04939672291113e-02 1.00000000000000e+05 
1.07069056109510e-02 1.00000000000000e+05 
1.09251472040866e-02 1.00000000000000e+05 
1.11447752980794e-02 1.00000000000000e+05 
1.13683081824693e-02 1.00000000000000e+05 
1.15920422732581e-02 1.00000000000000e+05 
1.18189252512027e-02 1.00000000000000e+05 
1.20500105303563e-02 1.00000000000000e+05 
1.22856901972763e-02 1.00000000000000e+05 
1.25226737438467e-02 1.00000000000000e+05 
1.27651676362850e-02 1.00000000000000e+05 
1.30145289269871e-02 1.00000000000000e+05 
1.32656573285109e-02 1.00000000000000e+05 
1.35185563290416e-02 1.00000000000000e+05 
1.37808360328692e-02 1.00000000000000e+05 
1.40422660361709e-02 1.00000000000000e+05 
1.43043728820384e-02 1.00000000000000e+05 
1.45683361357109e-02 1.00000000000000e+05 
1.48308104741421e-02 1.00000000000000e+05 
1.50926311927219e-02 1.00000000000000e+05 
1.53434776060292e-02 1.00000000000000e+05 
1.55830776933726e-02 1.00000000000000e+05 
1.58137498809509e-02 1.00000000000000e+05 
1.60375921099982e-02 1.00000000000000e+05 
1.62563891836685e-02 1.00000000000000e+05 
1.64732381050258e-02 1.00000000000000e+05 
1.66942072536378e-02 1.00000000000000e+05 
1.69178749843873e-02 1.00000000000000e+05 
1.71451574098289e-02 1.00000000000000e+05 
1.73790302055445e-02 1.00000000000000e+05 
1.76178227902170e-02 1.00000000000000e+05 
1.78514923491708e-02 1.00000000000000e+05 
1.80799148711125e-02 1.00000000000000e+05 
1.83077623591636e-02 1.00000000000000e+05 
1.85317053284575e-02 1.00000000000000e+05 
1.87542939837499e-02 1.00000000000000e+05 
1.89687855880241e-02 1.00000000000000e+05 
1.91798697521622e-02 1.00000000000000e+05 
1.94058820397558e-02 1.00000000000000e+05 
1.96174927225564e-02 1.00000000000000e+05 
1.98417333874841e-02 1.00000000000000e+05 
2.00616989747205e-02 1.00000000000000e+05 
2.02748253617957e-02 1.00000000000000e+05 
2.04859874212233e-02 1.00000000000000e+05 
2.06954666039615e-02 1.00000000000000e+05 
2.09014534730102e-02 1.00000000000000e+05 
2.11032629828803e-02 1.00000000000000e+05 
2.13032505507676e-02 1.00000000000000e+05 
2.15005582514145e-02 1.00000000000000e+05 
2.16969830878800e-02 1.00000000000000e+05 
2.18938837382211e-02 1.00000000000000e+05 
2.20919064843469e-02 1.00000000000000e+05 
2.22914501381605e-02 1.00000000000000e+05 
2.24921316796720e-02 1.00000000000000e+05 
2.26946276417795e-02 1.00000000000000e+05 
2.28985837320453e-02 1.00000000000000e+05 
2.31042276796680e-02 1.00000000000000e+05 
2.33109779629387e-02 1.00000000000000e+05 
2.35177081728237e-02 1.00000000000000e+05 
2.37262875588554e-02 1.00000000000000e+05 
2.39356270991932e-02 1.00000000000000e+05 
2.41462643924582e-02 1.00000000000000e+05 
2.43578727158895e-02 1.00000000000000e+05 
2.45707672670739e-02 1.00000000000000e+05 
2.47841720653018e-02 1.00000000000000e+05 
2.50002184708843e-02 1.00000000000000e+05 
2.52170229919692e-02 1.00000000000000e+05 
2.54361136847151e-02 1.00000000000000e+05 
2.56563201511934e-02 1.00000000000000e+05 
2.58778829701819e-02 1.00000000000000e+05 
2.60998644730003e-02 1.00000000000000e+05 
2.63246767203607e-02 1.00000000000000e+05 
2.65504106194175e-02 1.00000000000000e+05 
2.67789024155826e-02 1.00000000000000e+05 
2.70086471892887e-02 1.00000000000000e+05 
2.72397782430783e-02 1.00000000000000e+05 
2.74713823563084e-02 1.00000000000000e+05 
2.77053960088638e-02 1.00000000000000e+05 
2.79399278372378e-02 1.00000000000000e+05 
2.81772683656338e-02 1.00000000000000e+05 
2.84155356818336e-02 1.00000000000000e+05 
2.86562900600873e-02 1.00000000000000e+05 
2.88982819305965e-02 1.00000000000000e+05 
2.91412619115404e-02 1.00000000000000e+05 
2.93846919102907e-02 1.00000000000000e+05 
2.96295945811603e-02 1.00000000000000e+05 
2.98748635671354e-02 1.00000000000000e+05 
3.01214960043744e-02 1.00000000000000e+05 
3.03691469398548e-02 1.00000000000000e+05 
3.06188614841410e-02 1.00000000000000e+05 
3.08701483501976e-02 1.00000000000000e+05 
3.11231493288112e-02 1.00000000000000e+05 
3.13770224757842e-02 1.00000000000000e+05 
3.16315938912895e-02 1.00000000000000e+05 
3.18865634651974e-02 1.00000000000000e+05 
3.21428419758104e-02 1.00000000000000e+05 
3.24008233381406e-02 1.00000000000000e+05 
3.26589823055032e-02 1.00000000000000e+05 
3.29183507208556e-02 1.00000000000000e+05 
3.31787948618085e-02 1.00000000000000e+05 
3.34404880048880e-02 1.00000000000000e+05 
3.37028626992892e-02 1.00000000000000e+05 
3.39653941062700e-02 1.00000000000000e+05 
3.42275778132434e-02 1.00000000000000e+05 
3.44892512527663e-02 1.00000000000000e+05 
3.47501532800361e-02 1.00000000000000e+05 
3.50106553604773e-02 1.00000000000000e+05 
3.52710614578254e-02 1.00000000000000e+05 
3.55313939820224e-02 1.00000000000000e+05 
3.57922605484992e-02 1.00000000000000e+05 
3.60539041529127e-02 1.00000000000000e+05 
3.63151818896709e-02 1.00000000000000e+05 
3.65784235047709e-02 1.00000000000000e+05 
3.68399008073040e-02 1.00000000000000e+05 
3.71036709436662e-02 1.00000000000000e+05 
3.73665938134991e-02 1.00000000000000e+05 
3.76316844247995e-02 1.00000000000000e+05 
3.78971230004859e-02 1.00000000000000e+05 
3.81650938780248e-02 1.00000000000000e+05 
3.84333499357359e-02 1.00000000000000e+05 
3.87041606741026e-02 1.00000000000000e+05 
3.89754757751808e-02 1.00000000000000e+05 
3.92471825340618e-02 1.00000000000000e+05 
3.95187856726446e-02 1.00000000000000e+05 
3.97908639927334e-02 1.00000000000000e+05 
4.00632801349822e-02 1.00000000000000e+05 
4.03359517878758e-02 1.00000000000000e+05 
4.06086170451560e-02 1.00000000000000e+05 
4.08812563783691e-02 1.00000000000000e+05 
4.11548399380726e-02 1.00000000000000e+05 
4.14293764103780e-02 1.00000000000000e+05 
4.17044794909104e-02 1.00000000000000e+05 
4.19808453856489e-02 1.00000000000000e+05 
4.22580533607114e-02 1.00000000000000e+05 
4.25368276053306e-02 1.00000000000000e+05 
4.28160390246037e-02 1.00000000000000e+05 
4.30959614809103e-02 1.00000000000000e+05 
4.33740387220612e-02 1.00000000000000e+05 
4.36502560963138e-02 1.00000000000000e+05 
4.39252386293025e-02 1.00000000000000e+05 
4.41983518103445e-02 1.00000000000000e+05 
4.44708819922706e-02 1.00000000000000e+05 
4.47429080825985e-02 1.00000000000000e+05 
4.50151746393924e-02 1.00000000000000e+05 
4.52863266794838e-02 1.00000000000000e+05 
4.55570925683443e-02 1.00000000000000e+05 
4.58269552994005e-02 1.00000000000000e+05 
4.60963614960359e-02 1.00000000000000e+05 
4.63653766111624e-02 1.00000000000000e+05 
4.66345268761268e-02 1.00000000000000e+05 
4.69035612446491e-02 1.00000000000000e+05 
4.71730243974950e-02 1.00000000000000e+05 
4.74424895674684e-02 1.00000000000000e+05 
4.77123798716128e-02 1.00000000000000e+05 
4.79824671870559e-02 1.00000000000000e+05 
4.82529652251978e-02 1.00000000000000e+05 
4.85238144233206e-02 1.00000000000000e+05 
4.87951673479667e-02 1.00000000000000e+05 
4.90669197527798e-02 1.00000000000000e+05 
4.93392841708800e-02 1.00000000000000e+05 
4.96121145475490e-02 1.00000000000000e+05 
4.98856880016116e-02 1.00000000000000e+05 
5.01597557210702e-02 1.00000000000000e+05 
5.04338587480494e-02 1.00000000000000e+05 
5.07088308686248e-02 1.00000000000000e+05 
5.09832981701201e-02 1.00000000000000e+05 
5.12587030339574e-02 1.00000000000000e+05 
5.15337524715952e-02 1.00000000000000e+05 
5.18097665263725e-02 1.00000000000000e+05 
5.20854071603083e-02 1.00000000000000e+05 
5.23617887856496e-02 1.00000000000000e+05 
5.26378679631339e-02 1.00000000000000e+05 
5.29147581012882e-02 1.00000000000000e+05 
5.31916152964575e-02 1.00000000000000e+05 
5.34703518380130e-02 1.00000000000000e+05 
5.37491266078602e-02 1.00000000000000e+05 
5.40291746395651e-02 1.00000000000000e+05 
5.43099062759243e-02 1.00000000000000e+05 
5.45909830333682e-02 1.00000000000000e+05 
5.48730282780104e-02 1.00000000000000e+05 
5.51554367589511e-02 1.00000000000000e+05 
5.54384179563118e-02 1.00000000000000e+05 
5.57222157312837e-02 1.00000000000000e+05 
5.60070221834195e-02 1.00000000000000e+05 
5.62922582009684e-02 1.00000000000000e+05 
5.65775704434870e-02 1.00000000000000e+05 
5.68631115521462e-02 1.00000000000000e+05 
5.71486403245722e-02 1.00000000000000e+05 
5.74344971324892e-02 1.00000000000000e+05 
5.77203495759823e-02 1.00000000000000e+05 
5.80066199883511e-02 1.00000000000000e+05 
5.82929696328426e-02 1.00000000000000e+05 
5.85798662018338e-02 1.00000000000000e+05 
5.88669944900510e-02 1.00000000000000e+05 
5.91545068476841e-02 1.00000000000000e+05 
5.94418708129550e-02 1.00000000000000e+05 
5.97288720926477e-02 1.00000000000000e+05 
6.00158859216239e-02 1.00000000000000e+05 
6.03021180211884e-02 1.00000000000000e+05 
6.05887664181079e-02 1.00000000000000e+05 
6.08747670001127e-02 1.00000000000000e+05 
6.11614446907827e-02 1.00000000000000e+05 
6.14479071914887e-02 1.00000000000000e+05 
6.17351548882417e-02 1.00000000000000e+05 
6.20225358627618e-02 1.00000000000000e+05 
6.23108125568633e-02 1.00000000000000e+05 
6.25993120617001e-02 1.00000000000000e+05 
6.28887639041781e-02 1.00000000000000e+05 
6.31785307589692e-02 1.00000000000000e+05 
6.34692775289145e-02 1.00000000000000e+05 
6.37603075852582e-02 1.00000000000000e+05 
6.40523878770426e-02 1.00000000000000e+05 
6.43448476575618e-02 1.00000000000000e+05 
6.46384010623802e-02 1.00000000000000e+05 
6.49297210416287e-02 1.00000000000000e+05 
6.52132786243085e-02 1.00000000000000e+05 
6.54901169938349e-02 1.00000000000000e+05 
6.57609659598806e-02 1.00000000000000e+05 
6.60252995804642e-02 1.00000000000000e+05 
6.62866805946729e-02 1.00000000000000e+05 
6.65449624247058e-02 1.00000000000000e+05 
6.68013692250037e-02 1.00000000000000e+05 
6.70559241662536e-02 1.00000000000000e+05 
6.73091318097438e-02 1.00000000000000e+05 
6.75619758225690e-02 1.00000000000000e+05 
6.78144742841305e-02 1.00000000000000e+05 
6.80659477190184e-02 1.00000000000000e+05 
6.83171418668631e-02 1.00000000000000e+05 
6.85677722685853e-02 1.00000000000000e+05 
6.88181044555709e-02 1.00000000000000e+05 
6.90680099951110e-02 1.00000000000000e+05 
6.93180338663268e-02 1.00000000000000e+05 
6.95677562163458e-02 1.00000000000000e+05 
6.98175902799476e-02 1.00000000000000e+05 
7.00672985116814e-02 1.00000000000000e+05 
7.03172550463250e-02 1.00000000000000e+05 
7.05665454228859e-02 1.00000000000000e+05 
7.08156185364650e-02 1.00000000000000e+05 
7.10651311435406e-02 1.00000000000000e+05 
7.13149237252897e-02 1.00000000000000e+05 
7.15654679567945e-02 1.00000000000000e+05 
7.18161795523667e-02 1.00000000000000e+05 
7.20675784806857e-02 1.00000000000000e+05 
7.23191015112964e-02 1.00000000000000e+05 
7.25705142149816e-02 1.00000000000000e+05 
7.28222457462259e-02 1.00000000000000e+05 
7.30748938725394e-02 1.00000000000000e+05 
7.33280471876601e-02 1.00000000000000e+05 
7.35807652234548e-02 1.00000000000000e+05 
7.38314642308964e-02 1.00000000000000e+05 
7.40808786536062e-02 1.00000000000000e+05 
7.43286920796717e-02 1.00000000000000e+05 
7.45749312679743e-02 1.00000000000000e+05 
7.48210653732016e-02 1.00000000000000e+05 
7.50673267013849e-02 1.00000000000000e+05 
7.53126183330533e-02 1.00000000000000e+05 
7.55582790804759e-02 1.00000000000000e+05 
7.58033411855451e-02 1.00000000000000e+05 
7.60484864740985e-02 1.00000000000000e+05 
7.62920522376683e-02 1.00000000000000e+05 
7.65362288117363e-02 1.00000000000000e+05 
7.67798100552326e-02 1.00000000000000e+05 
7.70238740310374e-02 1.00000000000000e+05 
7.72684772372669e-02 1.00000000000000e+05 
7.75130786114864e-02 1.00000000000000e+05 
7.77581682236939e-02 1.00000000000000e+05 
7.80035381387015e-02 1.00000000000000e+05 
7.82498931031953e-02 1.00000000000000e+05 
7.84964864102373e-02 1.00000000000000e+05 
7.87438216689843e-02 1.00000000000000e+05 
7.89924084764710e-02 1.00000000000000e+05 
7.92415228259081e-02 1.00000000000000e+05 
7.94917799038080e-02 1.00000000000000e+05 
7.97425928541880e-02 1.00000000000000e+05 
7.99943969989616e-02 1.00000000000000e+05 
8.02465086100951e-02 1.00000000000000e+05 
8.04989417020369e-02 1.00000000000000e+05 
8.07511315997140e-02 1.00000000000000e+05 
8.10028774183807e-02 1.00000000000000e+05 
8.12547531873922e-02 1.00000000000000e+05 
8.15060604460433e-02 1.00000000000000e+05 
8.17574548285376e-02 1.00000000000000e+05 
8.20085144540470e-02 1.00000000000000e+05 
8.22596154783567e-02 1.00000000000000e+05 
8.25107295457530e-02 1.00000000000000e+05 
8.27619880977029e-02 1.00000000000000e+05 
8.30136068700452e-02 1.00000000000000e+05 
8.32653276447119e-02 1.00000000000000e+05 
8.35176007355901e-02 1.00000000000000e+05 
8.37704518114293e-02 1.00000000000000e+05 
8.40236291488584e-02 1.00000000000000e+05 
8.42770851397372e-02 1.00000000000000e+05 
8.45309421483733e-02 1.00000000000000e+05 
8.47853523129271e-02 1.00000000000000e+05 
8.50402416880680e-02 1.00000000000000e+05 
8.52958226028711e-02 1.00000000000000e+05 
8.55521677778111e-02 1.00000000000000e+05 
8.58094213360950e-02 1.00000000000000e+05 
8.60675085065202e-02 1.00000000000000e+05 
8.63266603174421e-02 1.00000000000000e+05 
8.65865525948027e-02 1.00000000000000e+05 
8.68470936091628e-02 1.00000000000000e+05 
8.71084588211630e-02 1.00000000000000e+05 
8.73709549376493e-02 1.00000000000000e+05 
8.76341195471826e-02 1.00000000000000e+05 
8.78983600643024e-02 1.00000000000000e+05 
8.81633337046852e-02 1.00000000000000e+05 
8.84291150121864e-02 1.00000000000000e+05 
8.86956438924844e-02 1.00000000000000e+05 
8.89630290414185e-02 1.00000000000000e+05 
8.92310656296058e-02 1.00000000000000e+05 
8.94999256757851e-02 1.00000000000000e+05 
8.97694190558705e-02 1.00000000000000e+05 
9.00396162112973e-02 1.00000000000000e+05 
9.03104168988456e-02 1.00000000000000e+05 
9.05819482692043e-02 1.00000000000000e+05 
9.08540388461126e-02 1.00000000000000e+05 
9.11264868521380e-02 1.00000000000000e+05 
9.13995657718631e-02 1.00000000000000e+05 
9.16729865172277e-02 1.00000000000000e+05 
9.19468747483081e-02 1.00000000000000e+05 
9.22211383496401e-02 1.00000000000000e+05 
9.24959520414127e-02 1.00000000000000e+05 
9.27712820125246e-02 1.00000000000000e+05 
9.30472805472031e-02 1.00000000000000e+05 
9.33238625256748e-02 1.00000000000000e+05 
9.36011674481923e-02 1.00000000000000e+05 
9.38790503048174e-02 1.00000000000000e+05 
9.41576563961309e-02 1.00000000000000e+05 
9.44369160577862e-02 1.00000000000000e+05 
9.47169009068884e-02 1.00000000000000e+05 
9.49974924351416e-02 1.00000000000000e+05 
9.52778849129929e-02 1.00000000000000e+05 
9.55588611230160e-02 1.00000000000000e+05 
9.58397482636082e-02 1.00000000000000e+05 
9.61213583915915e-02 1.00000000000000e+05 
9.64027201336391e-02 1.00000000000000e+05 
9.66847791594783e-02 1.00000000000000e+05 
9.69665991975298e-02 1.00000000000000e+05 
9.72490969096946e-02 1.00000000000000e+05 
9.75317196561812e-02 1.00000000000000e+05 
9.78152204029162e-02 1.00000000000000e+05 
9.80991769003671e-02 1.00000000000000e+05 
9.83840928296519e-02 1.00000000000000e+05 
9.86692748688692e-02 1.00000000000000e+05 
9.89555941217585e-02 1.00000000000000e+05 
9.92421450011233e-02 1.00000000000000e+05 
9.95298508826737e-02 1.00000000000000e+05 
9.98180126992181e-02 1.00000000000000e+05 
1.00107303156368e-01 1.00000000000000e+05 
1.00397060898015e-01 1.00000000000000e+05 
1.00687893334563e-01 1.00000000000000e+05 
1.00978936191609e-01 1.00000000000000e+05 
1.01271111112130e-01 1.00000000000000e+05 
1.01563516211739e-01 1.00000000000000e+05 
1.01857109402608e-01 1.00000000000000e+05 
1.02150947911895e-01 1.00000000000000e+05 
1.02445962559630e-01 1.00000000000000e+05 
1.02741225821012e-01 1.00000000000000e+05 
1.03037573356729e-01 1.00000000000000e+05 
1.03333890847863e-01 1.00000000000000e+05 
1.03631093486805e-01 1.00000000000000e+05 
1.03928465023323e-01 1.00000000000000e+05 
1.04226788597721e-01 1.00000000000000e+05 
1.04525255979055e-01 1.00000000000000e+05 
1.04824827626865e-01 1.00000000000000e+05 
1.05124604359199e-01 1.00000000000000e+05 
1.05425275508749e-01 1.00000000000000e+05 
1.05725894955954e-01 1.00000000000000e+05 
1.06027374399693e-01 1.00000000000000e+05 
1.06328974525348e-01 1.00000000000000e+05 
1.06631485892276e-01 1.00000000000000e+05 
1.06934218501292e-01 1.00000000000000e+05 
1.07237896923735e-01 1.00000000000000e+05 
1.07541776466229e-01 1.00000000000000e+05 
1.07846374599109e-01 1.00000000000000e+05 
1.08151334037941e-01 1.00000000000000e+05 
1.08457201679845e-01 1.00000000000000e+05 
1.08763539076467e-01 1.00000000000000e+05 
1.09070944193284e-01 1.00000000000000e+05 
1.09378304249563e-01 1.00000000000000e+05 
1.09684621012388e-01 1.00000000000000e+05 
1.09989357203056e-01 1.00000000000000e+05 
1.10293237871652e-01 1.00000000000000e+05 
1.10596115053560e-01 1.00000000000000e+05 
1.10898512151920e-01 1.00000000000000e+05 
1.11200479049505e-01 1.00000000000000e+05 
1.11502380350325e-01 1.00000000000000e+05 
1.11803411915208e-01 1.00000000000000e+05 
1.12102990519239e-01 1.00000000000000e+05 
1.12401204850027e-01 1.00000000000000e+05 
1.12699094904497e-01 1.00000000000000e+05 
1.12995990082334e-01 1.00000000000000e+05 
1.13292650400425e-01 1.00000000000000e+05 
1.13587906716470e-01 1.00000000000000e+05 
1.13883392298426e-01 1.00000000000000e+05 
1.14177767099256e-01 1.00000000000000e+05 
1.14472661366354e-01 1.00000000000000e+05 
1.14767037269295e-01 1.00000000000000e+05 
1.15062823761602e-01 1.00000000000000e+05 
1.15358650540324e-01 1.00000000000000e+05 
1.15655470085801e-01 1.00000000000000e+05 
1.15952912719417e-01 9.99999999999998e+04 
1.16251635772719e-01 9.99999999999996e+04 
1.16551379415749e-01 9.99999999999993e+04 
1.16852614489149e-01 9.99999999999990e+04 
1.17155083618581e-01 9.99999999999987e+04 
1.17459170890736e-01 9.99999999999983e+04 
1.17764548977647e-01 1.00000000003937e+05 
1.18071573083202e-01 1.00000000007316e+05 
1.18379798723256e-01 1.00000000241899e+05 
1.18688852160944e-01 1.00000000421453e+05 
1.18998076378260e-01 1.00000001770134e+05 
1.19308050561391e-01 1.00000003134625e+05 
1.19618446502845e-01 1.00000006029306e+05 
1.19929587153350e-01 1.00000010103678e+05 
1.20240996798129e-01 1.00000016177600e+05 
1.20551407576765e-01 1.00000026870168e+05 
1.20861025232233e-01 1.00000042522013e+05 
1.21169978747209e-01 1.00000070398017e+05 
1.21478266537411e-01 1.00000112330032e+05 
1.21786102428060e-01 1.00000182304321e+05 
1.22093620303412e-01 1.00000181253963e+05 
1.22401068352279e-01 1.00000175853568e+05 
1.22708557667081e-01 1.00000159659366e+05 
1.23016335342355e-01 1.00000143469127e+05 
1.23324472762405e-01 1.00000128802633e+05 
1.23633147144146e-01 1.00000125341916e+05 
1.23942346857063e-01 1.00000148419384e+05 
1.24252232114487e-01 1.00000213618155e+05 
1.24561799407379e-01 1.00000275750359e+05 
1.24870644190227e-01 1.00000357197197e+05 
1.25177366753499e-01 1.00000605801478e+05 
1.25483846805102e-01 1.00001133036790e+05 
1.25788727613970e-01 1.00002062005056e+05 
1.26093736659487e-01 1.00003464100437e+05 
1.26397606099860e-01 1.00005453624541e+05 
1.26701897320934e-01 1.00008197120717e+05 
1.27005445274941e-01 1.00011947180181e+05 
1.27309642287514e-01 1.00017003457986e+05 
1.27613425137993e-01 1.00023747325789e+05 
1.27917933584857e-01 1.00032659564032e+05 
1.28222205916257e-01 1.00044412095306e+05 
1.28527140462484e-01 1.00059787640836e+05 
1.28831797075071e-01 1.00079756577697e+05 
1.29136041996820e-01 1.00105390099439e+05 
1.29440294274983e-01 1.00138079685385e+05 
1.29744456432105e-01 1.00179325424270e+05 
1.30048821040194e-01 1.00230970548505e+05 
1.30353226802103e-01 1.00295017810957e+05 
1.30657932275124e-01 1.00373838354280e+05 
1.30962674089591e-01 1.00469986203288e+05 
1.31267329789188e-01 1.00586222456021e+05 
1.31571658912227e-01 1.00725554364325e+05 
1.31874878501421e-01 1.00890583243926e+05 
1.32176933762190e-01 1.01084346389932e+05 
1.32476732037670e-01 1.01308573028619e+05 
1.32774409265985e-01 1.01565548972550e+05 
1.33069134455575e-01 1.01855590071725e+05 
1.33361544761120e-01 1.02179817725091e+05 
1.33654085284686e-01 1.02540541225898e+05 
1.33944699362852e-01 1.02933951956167e+05 
1.34232658844584e-01 1.03355648895384e+05 
1.34519597039534e-01 1.03803489649261e+05 
1.34805054735894e-01 1.04271051673805e+05 
1.35090244623944e-01 1.04753396389740e+05 
1.35374893813566e-01 1.05242446205778e+05 
1.35659967922531e-01 1.05731228604152e+05 
1.35944817724514e-01 1.06210263330102e+05 
1.36230075899151e-01 1.06671945499733e+05 
1.36515495286506e-01 1.07108385926908e+05 
1.36801759730872e-01 1.07513486764478e+05 
1.37088338328198e-01 1.07880626468495e+05 
1.37375998428793e-01 1.08206747316641e+05 
1.37664012893691e-01 1.08491372348839e+05 
1.37953214344160e-01 1.08727368673377e+05 
1.38242586070460e-01 1.08924387940535e+05 
1.38532388369868e-01 1.09072307737609e+05 
1.38822784491116e-01 1.09176507266457e+05 
1.39113949558711e-01 1.09246500775708e+05 
1.39405928413250e-01 1.09300536460790e+05 
1.39698413414870e-01 1.09347232634724e+05 
1.39990877135093e-01 1.09383666012027e+05 
1.40283687871617e-01 1.09410034053189e+05 
1.40576594616371e-01 1.09428765723495e+05 
1.40869870693562e-01 1.09441153385452e+05 
1.41163313350095e-01 1.09447922202210e+05 
1.41457127349026e-01 1.09449109492342e+05 
1.41751269452283e-01 1.09446993337392e+05 
1.42045897139514e-01 1.09442843058506e+05 
1.42340979648020e-01 1.09437582210182e+05 
1.42636601086934e-01 1.09431766659685e+05 
1.42932766720612e-01 1.09425878279537e+05 
1.43229488578637e-01 1.09420052761825e+05 
1.43526642253290e-01 1.09414447531514e+05 
1.43824314921831e-01 1.09408455932845e+05 
1.44122538544597e-01 1.09401506101306e+05 
1.44421260724644e-01 1.09393044110968e+05 
1.44720616986539e-01 1.09382334071041e+05 
1.45020569865516e-01 1.09368898801263e+05 
1.45321263021069e-01 1.09352394017970e+05 
1.45622712282733e-01 1.09332284719656e+05 
1.45925002218760e-01 1.09308643396294e+05 
1.46228088467052e-01 1.09281535913841e+05 
1.46531976728481e-01 1.09250951779341e+05 
1.46836606809420e-01 1.09217091924454e+05 
1.47142043441039e-01 1.09181003385108e+05 
1.47447995298768e-01 1.09141309143938e+05 
1.47754455384573e-01 1.09098727269213e+05 
1.48061207866553e-01 1.09054613537662e+05 
1.48368475913791e-01 1.09008475219645e+05 
1.48675996343666e-01 1.08966709749915e+05 
1.48984012337097e-01 1.08929381110402e+05 
1.49292274553278e-01 1.08900182324003e+05 
1.49601063392365e-01 1.08882556014885e+05 
1.49910160031106e-01 1.08873814882946e+05 
1.50222528421259e-01 1.08877689339111e+05 
1.50535644399247e-01 1.08896015494024e+05 
1.50849587943135e-01 1.08930944874680e+05 
1.51164314535099e-01 1.08983593632328e+05 
1.51479909334971e-01 1.09054921068919e+05 
1.51796360821102e-01 1.09145851211030e+05 
1.52113759198274e-01 1.09256433112685e+05 
1.52432073128007e-01 1.09386723234109e+05 
1.52751398825358e-01 1.09535667694473e+05 
1.53071694024494e-01 1.09701874705789e+05 
1.53392997936013e-01 1.09883124588637e+05 
1.53715318276238e-01 1.10076960785894e+05 
1.54038477928235e-01 1.10280429631993e+05 
1.54361228686826e-01 1.10489205904306e+05 
1.54681501181546e-01 1.10698357862551e+05 
1.55000007507998e-01 1.10904554683505e+05 
1.55316636477425e-01 1.11104126231352e+05 
1.55632108090143e-01 1.11294330743808e+05 
1.55946284301836e-01 1.11472198016803e+05 
1.56259772375258e-01 1.11635277474262e+05 
1.56572378862989e-01 1.11781304571836e+05 
1.56884292730285e-01 1.11908850177674e+05 
1.57195328336504e-01 1.12016405298624e+05 
1.57505920294333e-01 1.12103760060154e+05 
1.57815994139043e-01 1.12170627119415e+05 
1.58125435366559e-01 1.12217521914303e+05 
1.58434067730393e-01 1.12245077504176e+05 
1.58741907249915e-01 1.12254616465469e+05 
1.59049259596837e-01 1.12247244166817e+05 
1.59356005319900e-01 1.12224739547253e+05 
1.59662544495207e-01 1.12188381128783e+05 
1.59968599168565e-01 1.12140122923666e+05 
1.60274418011599e-01 1.12081334369822e+05 
1.60579879853095e-01 1.12014368044309e+05 
1.60885047300786e-01 1.11939280523949e+05 
1.61189955059160e-01 1.11858606169299e+05 
1.61494786020449e-01 1.11773263472584e+05 
1.61799414632197e-01 1.11684034062787e+05 
1.62104116410437e-01 1.11592360724564e+05 
1.62408668677352e-01 1.11498701998937e+05 
1.62713410674173e-01 1.11403896399809e+05 
1.63018023634649e-01 1.11308480733106e+05 
1.63322712153303e-01 1.11212868759860e+05 
1.63627417922928e-01 1.11117414128334e+05 
1.63932102871785e-01 1.11021798775447e+05 
1.64236102772523e-01 1.10926482129239e+05 
1.64538930110025e-01 1.10831609624321e+05 
1.64840048058669e-01 1.10737206469039e+05 
1.65139933733876e-01 1.10643239436130e+05 
1.65438358646601e-01 1.10549886511597e+05 
1.65735507709378e-01 1.10457112830244e+05 
1.66031609620151e-01 1.10364754745378e+05 
1.66326794866579e-01 1.10272773475004e+05 
1.66621275345349e-01 1.10181031587673e+05 
1.66915152858334e-01 1.10089501823883e+05 
1.67208561884295e-01 1.09997956264451e+05 
1.67501604740413e-01 1.09906347569283e+05 
1.67794265382287e-01 1.09814529729732e+05 
1.68086759952136e-01 1.09722434549250e+05 
1.68378909024921e-01 1.09629973675541e+05 
1.68671190308873e-01 1.09536798753190e+05 
1.68963173694925e-01 1.09442966688703e+05 
1.69255427385693e-01 1.09348300295964e+05 
1.69547452912564e-01 1.09253189392423e+05 
1.69839794402137e-01 1.09156855676514e+05 
1.70131985765198e-01 1.09059344609530e+05 
1.70424547169868e-01 1.08960637533102e+05 
1.70716961604389e-01 1.08860767804722e+05 
1.71009763694616e-01 1.08759696288657e+05 
1.71302443411867e-01 1.08657472813388e+05 
1.71595484992428e-01 1.08554320557991e+05 
1.71888480305007e-01 1.08450304707880e+05 
1.72181869764155e-01 1.08345847289844e+05 
1.72475292910978e-01 1.08241590433634e+05 
1.72769176238915e-01 1.08137890581727e+05 
1.73063149359616e-01 1.08034904000169e+05 
1.73357667648601e-01 1.07932600997838e+05 
1.73652322314105e-01 1.07834286683575e+05 
1.73947493957084e-01 1.07740598964298e+05 
1.74242568760124e-01 1.07650127988311e+05 
1.74537350420118e-01 1.07563678752006e+05 
1.74832123925619e-01 1.07481518244068e+05 
1.75126653223867e-01 1.07404656015010e+05 
1.75421231667590e-01 1.07336203669489e+05 
1.75715629578772e-01 1.07275622848776e+05 
1.76010114681272e-01 1.07221597164586e+05 
1.76304487384563e-01 1.07174245787188e+05 
1.76599009719557e-01 1.07132769426457e+05 
1.76893490886577e-01 1.07096213591083e+05 
1.77188244590387e-01 1.07063337280495e+05 
1.77483016644546e-01 1.07033104531089e+05 
1.77778178095863e-01 1.07004560131416e+05 
1.78073463433214e-01 1.06976653005581e+05 
1.78369181144418e-01 1.06948199437009e+05 
1.78664852983938e-01 1.06918143005946e+05 
1.78960950383102e-01 1.06885411049261e+05 
1.79257139430190e-01 1.06849145927451e+05 
1.79553713061158e-01 1.06808619546617e+05 
1.79850543919934e-01 1.06763050235017e+05 
1.80147708073852e-01 1.06712179179402e+05 
1.80445148192100e-01 1.06655719157731e+05 
1.80743054857885e-01 1.06593979784276e+05 
1.81041070059701e-01 1.06526867059725e+05 
1.81339420475250e-01 1.06454588037005e+05 
1.81637832813923e-01 1.06379013703355e+05 
1.81936615431163e-01 1.06298651405419e+05 
1.82235446905453e-01 1.06215261400394e+05 
1.82534712836452e-01 1.06129825997803e+05 
1.82834676051187e-01 1.06043351563014e+05 
1.83134841322082e-01 1.05956775484133e+05 
1.83435043160218e-01 1.05871215253679e+05 
1.83735558524762e-01 1.05786621063604e+05 
1.84035915773991e-01 1.05703301448810e+05 
1.84336601616730e-01 1.05621427552109e+05 
1.84637078435054e-01 1.05541275674744e+05 
1.84937880687232e-01 1.05462757193446e+05 
1.85238457132051e-01 1.05385949871648e+05 
1.85539364627794e-01 1.05310546973531e+05 
1.85840031063547e-01 1.05236483869938e+05 
1.86141012504608e-01 1.05163325469641e+05 
1.86441752739068e-01 1.05091059584010e+05 
1.86742897345150e-01 1.05019185910224e+05 
1.87043794982345e-01 1.04947433914467e+05 
1.87345140788474e-01 1.04875534342964e+05 
1.87646242624453e-01 1.04802776933954e+05 
1.87947784386008e-01 1.04728969699873e+05 
1.88249327072119e-01 1.04653792390708e+05 
1.88551101677709e-01 1.04578413021179e+05 
1.88852842470665e-01 1.04503434014936e+05 
1.89154723285325e-01 1.04427495678181e+05 
1.89456669941697e-01 1.04350025248268e+05 
1.89758355995914e-01 1.04271515942912e+05 
1.90060324271434e-01 1.04191499723985e+05 
1.90362346490115e-01 1.04110601590607e+05 
1.90664544867276e-01 1.04029272231946e+05 
1.90966843289152e-01 1.03947762004968e+05 
1.91269305787787e-01 1.03866146961575e+05 
1.91571910021871e-01 1.03784666608605e+05 
1.91874606435513e-01 1.03703371775453e+05 
1.92177436925405e-01 1.03622202464838e+05 
1.92480394314133e-01 1.03541306815422e+05 
1.92783490630655e-01 1.03460503312174e+05 
1.93086741847725e-01 1.03379829015574e+05 
1.93390154621012e-01 1.03299153608996e+05 
1.93693748325350e-01 1.03218441502880e+05 
1.93997538324190e-01 1.03137833807156e+05 
1.94301522968413e-01 1.03057513349755e+05 
1.94605730904817e-01 1.02977880710874e+05 
1.94910164399027e-01 1.02899467301404e+05 
1.95214805727957e-01 1.02822993126804e+05 
1.95519722001499e-01 1.02749398716220e+05 
1.95824763775281e-01 1.02679722043164e+05 
1.96130090234642e-01 1.02615350362912e+05 
1.96435601158708e-01 1.02557712073714e+05 
1.96741389512883e-01 1.02508476216551e+05 
1.97047401538486e-01 1.02469316588698e+05 
1.97353663049237e-01 1.02442041619252e+05 
1.97660155306393e-01 1.02428353863901e+05 
1.97966881899102e-01 1.02430152322198e+05 
1.98273855477605e-01 1.02448360707386e+05 
1.98581042300277e-01 1.02484997519508e+05 
1.98888488387401e-01 1.02541040499820e+05 
1.99196123544955e-01 1.02616339208211e+05 
1.99504027650873e-01 1.02712813369542e+05 
1.99812093994890e-01 1.02829081841433e+05 
2.00120348052969e-01 1.02965236748045e+05 
