temps pression
0.00000000000000e+00 1.00000000000000e+05 
7.22956891292051e-05 1.00000000000000e+05 
1.36027416499053e-04 1.00000000000000e+05 
1.97651274822253e-04 1.00000000000000e+05 
2.48442149402507e-04 1.00000000000000e+05 
2.94029664698813e-04 1.00000000000000e+05 
3.33884279503943e-04 1.00000000000000e+05 
3.70509265657990e-04 1.00000000000000e+05 
4.03719470199167e-04 1.00000000000000e+05 
4.34681507136072e-04 1.00000000000000e+05 
4.64277523565565e-04 1.00000000000000e+05 
4.96833141638008e-04 1.00000000000000e+05 
5.32644321517694e-04 1.00000000000000e+05 
5.72036619385349e-04 1.00000000000000e+05 
6.15368147039770e-04 1.00000000000000e+05 
6.62897506064804e-04 1.00000000000000e+05 
7.09341932519735e-04 1.00000000000000e+05 
7.54758931819907e-04 1.00000000000000e+05 
8.04717631050096e-04 1.00000000000000e+05 
8.59672200203304e-04 1.00000000000000e+05 
9.20122226271834e-04 1.00000000000000e+05 
9.84474351726086e-04 1.00000000000000e+05 
1.04760557543551e-03 1.00000000000000e+05 
1.11704992151587e-03 1.00000000000000e+05 
1.19343870220427e-03 1.00000000000000e+05 
1.27595478015941e-03 1.00000000000000e+05 
1.36141506265927e-03 1.00000000000000e+05 
1.44732397491108e-03 1.00000000000000e+05 
1.54182377838807e-03 1.00000000000000e+05 
1.64577356221276e-03 1.00000000000000e+05 
1.75458843625657e-03 1.00000000000000e+05 
1.86649590003106e-03 1.00000000000000e+05 
1.98553502872913e-03 1.00000000000000e+05 
2.11303025362833e-03 1.00000000000000e+05 
2.24449397619574e-03 1.00000000000000e+05 
2.38215351210143e-03 1.00000000000000e+05 
2.52388042068925e-03 1.00000000000000e+05 
2.67095862886710e-03 1.00000000000000e+05 
2.82327391686101e-03 1.00000000000000e+05 
2.98018672915807e-03 1.00000000000000e+05 
3.14242205471957e-03 1.00000000000000e+05 
3.30800195500315e-03 1.00000000000000e+05 
3.47881700750988e-03 1.00000000000000e+05 
3.65507998401956e-03 1.00000000000000e+05 
3.83592045789389e-03 1.00000000000000e+05 
4.02214989600696e-03 1.00000000000000e+05 
4.21480140825587e-03 1.00000000000000e+05 
4.41377317493764e-03 1.00000000000000e+05 
4.62049723545256e-03 1.00000000000000e+05 
4.83304169316537e-03 1.00000000000000e+05 
5.04895137088754e-03 1.00000000000000e+05 
5.26562193450251e-03 1.00000000000000e+05 
5.48294037133330e-03 1.00000000000000e+05 
5.70242223213833e-03 1.00000000000000e+05 
5.92351717758326e-03 1.00000000000000e+05 
6.14649424029939e-03 1.00000000000000e+05 
6.37082499196545e-03 1.00000000000000e+05 
6.59641543541052e-03 1.00000000000000e+05 
6.82347357112431e-03 1.00000000000000e+05 
7.05079640401273e-03 1.00000000000000e+05 
7.27588330137535e-03 1.00000000000000e+05 
7.50153127839600e-03 1.00000000000000e+05 
7.72542646316634e-03 1.00000000000000e+05 
7.94701439570871e-03 1.00000000000000e+05 
8.16679828259068e-03 1.00000000000000e+05 
8.38369439240869e-03 1.00000000000000e+05 
8.59968242956378e-03 1.00000000000000e+05 
8.81441706356477e-03 1.00000000000000e+05 
9.02750694367433e-03 1.00000000000000e+05 
9.23873779301548e-03 1.00000000000000e+05 
9.44843181668537e-03 1.00000000000000e+05 
9.65756947566759e-03 1.00000000000000e+05 
9.86612846508988e-03 1.00000000000000e+05 
1.00745786295068e-02 1.00000000000000e+05 
1.02838932767562e-02 1.00000000000000e+05 
1.04939672291113e-02 1.00000000000000e+05 
1.07069056109510e-02 1.00000000000000e+05 
1.09251472040866e-02 1.00000000000000e+05 
1.11447752980794e-02 1.00000000000000e+05 
1.13683081824693e-02 1.00000000000000e+05 
1.15920422732581e-02 1.00000000000000e+05 
1.18189252512027e-02 1.00000000000000e+05 
1.20500105303563e-02 1.00000000000000e+05 
1.22856901972763e-02 1.00000000000000e+05 
1.25226737438467e-02 1.00000000000000e+05 
1.27651676362850e-02 1.00000000000000e+05 
1.30145289269871e-02 1.00000000000000e+05 
1.32656573285109e-02 1.00000000000000e+05 
1.35185563290416e-02 1.00000000000000e+05 
1.37808360328692e-02 1.00000000000000e+05 
1.40422660361709e-02 1.00000000000000e+05 
1.43043728820384e-02 1.00000000000000e+05 
1.45683361357109e-02 1.00000000000000e+05 
1.48308104741421e-02 1.00000000000000e+05 
1.50926311927219e-02 1.00000000000000e+05 
1.53434776060292e-02 1.00000000000000e+05 
1.55830776933726e-02 1.00000000000000e+05 
1.58137498809509e-02 1.00000000000000e+05 
1.60375921099982e-02 1.00000000000000e+05 
1.62563891836685e-02 1.00000000000000e+05 
1.64732381050258e-02 1.00000000000000e+05 
1.66942072536378e-02 1.00000000000000e+05 
1.69178749843873e-02 1.00000000000000e+05 
1.71451574098289e-02 1.00000000000000e+05 
1.73790302055445e-02 1.00000000000000e+05 
1.76178227902170e-02 1.00000000000000e+05 
1.78514923491708e-02 1.00000000000000e+05 
1.80799148711125e-02 1.00000000000000e+05 
1.83077623591636e-02 1.00000000000000e+05 
1.85317053284575e-02 1.00000000000000e+05 
1.87542939837499e-02 1.00000000000000e+05 
1.89687855880241e-02 1.00000000000000e+05 
1.91798697521622e-02 1.00000000000000e+05 
1.94058820397558e-02 1.00000000000000e+05 
1.96174927225564e-02 1.00000000000000e+05 
1.98417333874841e-02 1.00000000000000e+05 
2.00616989747205e-02 1.00000000000000e+05 
2.02748253617957e-02 1.00000000000000e+05 
2.04859874212233e-02 1.00000000000000e+05 
2.06954666039615e-02 1.00000000000000e+05 
2.09014534730102e-02 1.00000000000000e+05 
2.11032629828803e-02 1.00000000000000e+05 
2.13032505507676e-02 1.00000000000000e+05 
2.15005582514145e-02 1.00000000000000e+05 
2.16969830878800e-02 1.00000000000000e+05 
2.18938837382211e-02 1.00000000000000e+05 
2.20919064843469e-02 1.00000000000000e+05 
2.22914501381605e-02 1.00000000000000e+05 
2.24921316796720e-02 1.00000000000000e+05 
2.26946276417795e-02 1.00000000000000e+05 
2.28985837320453e-02 1.00000000000000e+05 
2.31042276796680e-02 1.00000000000000e+05 
2.33109779629387e-02 1.00000000000000e+05 
2.35177081728237e-02 1.00000000000000e+05 
2.37262875588554e-02 1.00000000000000e+05 
2.39356270991932e-02 1.00000000000000e+05 
2.41462643924582e-02 1.00000000000000e+05 
2.43578727158895e-02 1.00000000000000e+05 
2.45707672670739e-02 1.00000000000000e+05 
2.47841720653018e-02 1.00000000000000e+05 
2.50002184708843e-02 1.00000000000000e+05 
2.52170229919692e-02 1.00000000000000e+05 
2.54361136847151e-02 1.00000000000000e+05 
2.56563201511934e-02 1.00000000000000e+05 
2.58778829701819e-02 1.00000000000000e+05 
2.60998644730003e-02 1.00000000000000e+05 
2.63246767203607e-02 1.00000000000000e+05 
2.65504106194175e-02 1.00000000000000e+05 
2.67789024155826e-02 1.00000000000000e+05 
2.70086471892887e-02 1.00000000000000e+05 
2.72397782430783e-02 1.00000000000000e+05 
2.74713823563084e-02 1.00000000000000e+05 
2.77053960088638e-02 1.00000000000000e+05 
2.79399278372378e-02 1.00000000000000e+05 
2.81772683656338e-02 1.00000000000000e+05 
2.84155356818336e-02 1.00000000000000e+05 
2.86562900600873e-02 1.00000000000000e+05 
2.88982819305965e-02 1.00000000000000e+05 
2.91412619115404e-02 1.00000000000000e+05 
2.93846919102907e-02 1.01399579010149e+05 
2.96295945811603e-02 1.06796339681529e+05 
2.98748635671354e-02 1.17979046825777e+05 
3.01214960043744e-02 1.36142804312601e+05 
3.03691469398548e-02 1.57724549191791e+05 
3.06188614841410e-02 1.81127755640749e+05 
3.08701483501976e-02 2.01411876650843e+05 
3.11231493288112e-02 2.13867835485890e+05 
3.13770224757842e-02 2.18628365932987e+05 
3.16315938912895e-02 2.18155103773365e+05 
3.18865634651974e-02 2.16918863325941e+05 
3.21428419758104e-02 2.14756575092166e+05 
3.24008233381406e-02 2.11409020910676e+05 
3.26589823055032e-02 2.07138936054273e+05 
3.29183507208556e-02 2.02671684984141e+05 
3.31787948618085e-02 1.98253280679107e+05 
3.34404880048880e-02 1.94015617382516e+05 
3.37028626992892e-02 1.90184821594786e+05 
3.39653941062700e-02 1.86797255273932e+05 
3.42275778132434e-02 1.83845009633197e+05 
3.44892512527663e-02 1.81259072110036e+05 
3.47501532800361e-02 1.78953431279547e+05 
3.50106553604773e-02 1.76856645068616e+05 
3.52710614578254e-02 1.74893238895967e+05 
3.55313939820224e-02 1.73007996796929e+05 
3.57922605484992e-02 1.71152179623243e+05 
3.60539041529127e-02 1.69296957271747e+05 
3.63151818896709e-02 1.67436315534837e+05 
3.65784235047709e-02 1.65549569509298e+05 
3.68399008073040e-02 1.63668876800584e+05 
3.71036709436662e-02 1.61771850538228e+05 
3.73665938134991e-02 1.59891530484404e+05 
3.76316844247995e-02 1.58015310659720e+05 
3.78971230004859e-02 1.56166162622141e+05 
3.81650938780248e-02 1.54336539544159e+05 
3.84333499357359e-02 1.52548168755064e+05 
3.87041606741026e-02 1.50790401584305e+05 
3.89754757751808e-02 1.49079006922102e+05 
3.92471825340618e-02 1.47415912241606e+05 
3.95187856726446e-02 1.45803190638394e+05 
3.97908639927334e-02 1.44236798764815e+05 
4.00632801349822e-02 1.42715494017257e+05 
4.03359517878758e-02 1.41238503045659e+05 
4.06086170451560e-02 1.39804851826978e+05 
4.08812563783691e-02 1.38413125710655e+05 
4.11548399380726e-02 1.37056317904927e+05 
4.14293764103780e-02 1.35733329090593e+05 
4.17044794909104e-02 1.34444313169778e+05 
4.19808453856489e-02 1.33185037852701e+05 
4.22580533607114e-02 1.31956018461343e+05 
4.25368276053306e-02 1.30753347120283e+05 
4.28160390246037e-02 1.29580630132338e+05 
4.30959614809103e-02 1.28435975451697e+05 
4.33740387220612e-02 1.27328155428624e+05 
4.36502560963138e-02 1.26255861169664e+05 
4.39252386293025e-02 1.25214770513462e+05 
4.41983518103445e-02 1.24206115744557e+05 
4.44708819922706e-02 1.23223393321357e+05 
4.47429080825985e-02 1.22265446384388e+05 
4.50151746393924e-02 1.21328414996092e+05 
4.52863266794838e-02 1.20416160774993e+05 
4.55570925683443e-02 1.19524826563904e+05 
4.58269552994005e-02 1.18655469714647e+05 
4.60963614960359e-02 1.17805162814539e+05 
4.63653766111624e-02 1.16973151609025e+05 
4.66345268761268e-02 1.16156941781030e+05 
4.69035612446491e-02 1.15356230634867e+05 
4.71730243974950e-02 1.14567808711724e+05 
4.74424895674684e-02 1.13792198765122e+05 
4.77123798716128e-02 1.13027516992608e+05 
4.79824671870559e-02 1.12273589097199e+05 
4.82529652251978e-02 1.11528622285896e+05 
4.85238144233206e-02 1.10792213533904e+05 
4.87951673479667e-02 1.10062433107824e+05 
4.90669197527798e-02 1.09338910369801e+05 
4.93392841708800e-02 1.08621229662431e+05 
4.96121145475490e-02 1.07906631645989e+05 
4.98856880016116e-02 1.07195272645613e+05 
5.01597557210702e-02 1.06486154282691e+05 
5.04338587480494e-02 1.05780733172736e+05 
5.07088308686248e-02 1.05079155863356e+05 
5.09832981701201e-02 1.04381514839323e+05 
5.12587030339574e-02 1.03684084001336e+05 
5.15337524715952e-02 1.02990800034955e+05 
5.18097665263725e-02 1.02298223460200e+05 
5.20854071603083e-02 1.01609998387108e+05 
5.23617887856496e-02 1.00924823117995e+05 
5.26378679631339e-02 1.00245666416189e+05 
5.29147581012882e-02 9.95721784783736e+04 
5.31916152964575e-02 9.89077638435168e+04 
5.34703518380130e-02 9.82499481300876e+04 
5.37491266078602e-02 9.76066777642422e+04 
5.40291746395651e-02 9.69775842984603e+04 
5.43099062759243e-02 9.63668395547260e+04 
5.45909830333682e-02 9.57800737446536e+04 
5.48730282780104e-02 9.52164241990140e+04 
5.51554367589511e-02 9.46842860588744e+04 
5.54384179563118e-02 9.41911213731530e+04 
5.57222157312837e-02 9.37312196701300e+04 
5.60070221834195e-02 9.33033175608064e+04 
5.62922582009684e-02 9.29297467161771e+04 
5.65775704434870e-02 9.25989679000355e+04 
5.68631115521462e-02 9.23108593184116e+04 
5.71486403245722e-02 9.20576856853459e+04 
5.74344971324892e-02 9.18106736070972e+04 
5.77203495759823e-02 9.15721876427920e+04 
5.80066199883511e-02 9.13432855257644e+04 
5.82929696328426e-02 9.11289381024333e+04 
5.85798662018338e-02 9.09275397816522e+04 
5.88669944900510e-02 9.07379330321193e+04 
5.91545068476841e-02 9.05580517198091e+04 
5.94418708129550e-02 9.03852512582953e+04 
5.97288720926477e-02 9.02190012371754e+04 
6.00158859216239e-02 9.00613648848208e+04 
6.03021180211884e-02 8.99016981172302e+04 
6.05887664181079e-02 8.97429666207478e+04 
6.08747670001127e-02 8.95845345715826e+04 
6.11614446907827e-02 8.94227076106043e+04 
6.14479071914887e-02 8.92721285205335e+04 
6.17351548882417e-02 8.91270661718359e+04 
6.20225358627618e-02 8.89816024849615e+04 
6.23108125568633e-02 8.88333404305468e+04 
6.25993120617001e-02 8.86792955793654e+04 
6.28887639041781e-02 8.85140338889128e+04 
6.31785307589692e-02 8.83594349947307e+04 
6.34692775289145e-02 8.82111136791267e+04 
6.37603075852582e-02 8.80764957494409e+04 
6.40523878770426e-02 8.79412221883929e+04 
6.43448476575618e-02 8.78106579129840e+04 
6.46384010623802e-02 8.76904282495786e+04 
6.49297210416287e-02 8.75901931999629e+04 
6.52132786243085e-02 8.75069156763987e+04 
6.54901169938349e-02 8.74417634742969e+04 
6.57609659598806e-02 8.73942446292527e+04 
6.60252995804642e-02 8.73642222051393e+04 
6.62866805946729e-02 8.73484055040777e+04 
6.65449624247058e-02 8.73441820711341e+04 
6.68013692250037e-02 8.73537242764272e+04 
6.70559241662536e-02 8.73755788516665e+04 
6.73091318097438e-02 8.74066714069185e+04 
6.75619758225690e-02 8.74434285809988e+04 
6.78144742841305e-02 8.74881061189597e+04 
6.80659477190184e-02 8.75393664440546e+04 
6.83171418668631e-02 8.75953293423160e+04 
6.85677722685853e-02 8.76584459868375e+04 
6.88181044555709e-02 8.77269099547197e+04 
6.90680099951110e-02 8.78020683719929e+04 
6.93180338663268e-02 8.78799221388906e+04 
6.95677562163458e-02 8.79615777133869e+04 
6.98175902799476e-02 8.80857080000274e+04 
7.00672985116814e-02 8.83296121597184e+04 
7.03172550463250e-02 8.87505721354944e+04 
7.05665454228859e-02 8.94040258978288e+04 
7.08156185364650e-02 9.03326350774572e+04 
7.10651311435406e-02 9.14892569538419e+04 
7.13149237252897e-02 9.28700113684827e+04 
7.15654679567945e-02 9.44634979067771e+04 
7.18161795523667e-02 9.62128979970261e+04 
7.20675784806857e-02 9.80680058971677e+04 
7.23191015112964e-02 9.99748721317456e+04 
7.25705142149816e-02 1.01791329452607e+05 
7.28222457462259e-02 1.03482108079840e+05 
7.30748938725394e-02 1.05082265270606e+05 
7.33280471876601e-02 1.06230037148302e+05 
7.35807652234548e-02 1.07018479805116e+05 
7.38314642308964e-02 1.07474060506024e+05 
7.40808786536062e-02 1.07563049736498e+05 
7.43286920796717e-02 1.07636464005254e+05 
7.45749312679743e-02 1.07652955857691e+05 
7.48210653732016e-02 1.07586443112309e+05 
7.50673267013849e-02 1.07426917498470e+05 
7.53126183330533e-02 1.07156232848958e+05 
7.55582790804759e-02 1.06787527829073e+05 
7.58033411855451e-02 1.06359482580220e+05 
7.60484864740985e-02 1.05884424984059e+05 
7.62920522376683e-02 1.05381727158686e+05 
7.65362288117363e-02 1.04869783141210e+05 
7.67798100552326e-02 1.04373180925861e+05 
7.70238740310374e-02 1.03903776115221e+05 
7.72684772372669e-02 1.03493774634330e+05 
7.75130786114864e-02 1.03158922384874e+05 
7.77581682236939e-02 1.02865871157678e+05 
7.80035381387015e-02 1.02702704734267e+05 
7.82498931031953e-02 1.02654215919370e+05 
7.84964864102373e-02 1.02696264315432e+05 
7.87438216689843e-02 1.02854786694063e+05 
7.89924084764710e-02 1.03039502178858e+05 
7.92415228259081e-02 1.03249805928266e+05 
7.94917799038080e-02 1.03494858262775e+05 
7.97425928541880e-02 1.03782529147076e+05 
7.99943969989616e-02 1.04102061963716e+05 
8.02465086100951e-02 1.04442428092783e+05 
8.04989417020369e-02 1.04792861626362e+05 
8.07511315997140e-02 1.05127872134694e+05 
8.10028774183807e-02 1.05451386506034e+05 
8.12547531873922e-02 1.05726012340189e+05 
8.15060604460433e-02 1.05967028081509e+05 
8.17574548285376e-02 1.06146410038593e+05 
8.20085144540470e-02 1.06315985159954e+05 
8.22596154783567e-02 1.06458723277258e+05 
8.25107295457530e-02 1.06543713666278e+05 
8.27619880977029e-02 1.06569455991534e+05 
8.30136068700452e-02 1.06527941732647e+05 
8.32653276447119e-02 1.06431963060456e+05 
8.35176007355901e-02 1.06288207188182e+05 
8.37704518114293e-02 1.06101970604811e+05 
8.40236291488584e-02 1.05884076585446e+05 
8.42770851397372e-02 1.05645148408568e+05 
8.45309421483733e-02 1.05393641790359e+05 
8.47853523129271e-02 1.05130600312684e+05 
8.50402416880680e-02 1.04860811654376e+05 
8.52958226028711e-02 1.04597676682989e+05 
8.55521677778111e-02 1.04343436785607e+05 
8.58094213360950e-02 1.04097326192991e+05 
8.60675085065202e-02 1.03861707054179e+05 
8.63266603174421e-02 1.03638331413609e+05 
8.65865525948027e-02 1.03427403540261e+05 
8.68470936091628e-02 1.03229884233482e+05 
8.71084588211630e-02 1.03045139222928e+05 
8.73709549376493e-02 1.02872630060141e+05 
8.76341195471826e-02 1.02711763659203e+05 
8.78983600643024e-02 1.02561243928232e+05 
8.81633337046852e-02 1.02419976457493e+05 
8.84291150121864e-02 1.02286548566572e+05 
8.86956438924844e-02 1.02159500227452e+05 
8.89630290414185e-02 1.02037146127612e+05 
8.92310656296058e-02 1.01917981288057e+05 
8.94999256757851e-02 1.01800240333190e+05 
8.97694190558705e-02 1.01682388927948e+05 
9.00396162112973e-02 1.01562803045780e+05 
9.03104168988456e-02 1.01440016616181e+05 
9.05819482692043e-02 1.01312583205132e+05 
9.08540388461126e-02 1.01179296119438e+05 
9.11264868521380e-02 1.01039161431124e+05 
9.13995657718631e-02 1.00891065060925e+05 
9.16729865172277e-02 1.00734395637768e+05 
9.19468747483081e-02 1.00568426563733e+05 
9.22211383496401e-02 1.00392772182293e+05 
9.24959520414127e-02 1.00206964973921e+05 
9.27712820125246e-02 1.00010857188691e+05 
9.30472805472031e-02 9.98042214458922e+04 
9.33238625256748e-02 9.95871459455079e+04 
9.36011674481923e-02 9.93596189087511e+04 
9.38790503048174e-02 9.91219058298358e+04 
9.41576563961309e-02 9.88741237330493e+04 
9.44369160577862e-02 9.86165144878123e+04 
9.47169009068884e-02 9.83492598860706e+04 
9.49974924351416e-02 9.80728054571728e+04 
9.52778849129929e-02 9.77881154654163e+04 
9.55588611230160e-02 9.74949225692806e+04 
9.58397482636082e-02 9.71940806406145e+04 
9.61213583915915e-02 9.68849561913958e+04 
9.64027201336391e-02 9.65690968770034e+04 
9.66847791594783e-02 9.62455817623798e+04 
9.69665991975298e-02 9.59161737198436e+04 
9.72490969096946e-02 9.55800318679249e+04 
9.75317196561812e-02 9.52381851530652e+04 
9.78152204029162e-02 9.48907177998518e+04 
9.80991769003671e-02 9.45384148128834e+04 
9.83840928296519e-02 9.41818335833691e+04 
9.86692748688692e-02 9.38225395039117e+04 
9.89555941217585e-02 9.34602252511458e+04 
9.92421450011233e-02 9.30967800272803e+04 
9.95298508826737e-02 9.27325000615174e+04 
9.98180126992181e-02 9.23695358401440e+04 
1.00107303156368e-01 9.20075289143787e+04 
1.00397060898015e-01 9.16487904392333e+04 
1.00687893334563e-01 9.12937770422509e+04 
1.00978936191609e-01 9.09447690007111e+04 
1.01271111112130e-01 9.06018858484459e+04 
1.01563516211739e-01 9.02672906557338e+04 
1.01857109402608e-01 8.99410255791134e+04 
1.02150947911895e-01 8.96252777734470e+04 
1.02445962559630e-01 8.93201271941585e+04 
1.02741225821012e-01 8.90273173117473e+04 
1.03037573356729e-01 8.87471807160520e+04 
1.03333890847863e-01 8.84816631593077e+04 
1.03631093486805e-01 8.82297243744975e+04 
1.03928465023323e-01 8.79948161282855e+04 
1.04226788597721e-01 8.77762502044010e+04 
1.04525255979055e-01 8.75745802845460e+04 
1.04824827626865e-01 8.73896487889923e+04 
1.05124604359199e-01 8.72194280132916e+04 
1.05425275508749e-01 8.70640530960135e+04 
1.05725894955954e-01 8.69237602203625e+04 
1.06027374399693e-01 8.67979374391913e+04 
1.06328974525348e-01 8.66879092528826e+04 
1.06631485892276e-01 8.65933678921257e+04 
1.06934218501292e-01 8.65139037212264e+04 
1.07237896923735e-01 8.64478873558920e+04 
1.07541776466229e-01 8.63955103009241e+04 
1.07846374599109e-01 8.63554690644050e+04 
1.08151334037941e-01 8.63262590999379e+04 
1.08457201679845e-01 8.63058812627925e+04 
1.08763539076467e-01 8.62966695397071e+04 
1.09070944193284e-01 8.62968998486436e+04 
1.09378304249563e-01 8.63101480977330e+04 
1.09684621012388e-01 8.63247661086750e+04 
1.09989357203056e-01 8.63457795369936e+04 
1.10293237871652e-01 8.63748878439985e+04 
1.10596115053560e-01 8.64137684101130e+04 
1.10898512151920e-01 8.64617490687845e+04 
1.11200479049505e-01 8.65188655039438e+04 
1.11502380350325e-01 8.65874826911406e+04 
1.11803411915208e-01 8.66632330867613e+04 
1.12102990519239e-01 8.67496386525480e+04 
1.12401204850027e-01 8.68482886357799e+04 
1.12699094904497e-01 8.69549646331006e+04 
1.12995990082334e-01 8.70737057385801e+04 
1.13292650400425e-01 8.72044494639738e+04 
1.13587906716470e-01 8.73404536879178e+04 
1.13883392298426e-01 8.74813217075760e+04 
1.14177767099256e-01 8.76338650268112e+04 
1.14472661366354e-01 8.77994364363650e+04 
1.14767037269295e-01 8.79834015396969e+04 
1.15062823761602e-01 8.81874639981925e+04 
1.15358650540324e-01 8.84069950126369e+04 
1.15655470085801e-01 8.86402345811032e+04 
1.15952912719417e-01 8.88820909173569e+04 
1.16251635772719e-01 8.91304120049685e+04 
1.16551379415749e-01 8.93805741104035e+04 
1.16852614489149e-01 8.96294358863108e+04 
1.17155083618581e-01 8.98705804242306e+04 
1.17459170890736e-01 9.01018164753353e+04 
1.17764548977647e-01 9.03197519990432e+04 
1.18071573083202e-01 9.05207053152846e+04 
1.18379798723256e-01 9.07026722682103e+04 
1.18688852160944e-01 9.08643517638221e+04 
1.18998076378260e-01 9.10072538000951e+04 
1.19308050561391e-01 9.11356656220743e+04 
1.19618446502845e-01 9.12569691160080e+04 
1.19929587153350e-01 9.13829804166699e+04 
1.20240996798129e-01 9.15288404539082e+04 
1.20551407576765e-01 9.17156161615673e+04 
1.20861025232233e-01 9.19659935233305e+04 
1.21169978747209e-01 9.23112136106434e+04 
1.21478266537411e-01 9.27888193576697e+04 
1.21786102428060e-01 9.34305497828853e+04 
1.22093620303412e-01 9.42695224242576e+04 
1.22401068352279e-01 9.53437785706914e+04 
1.22708557667081e-01 9.67454799185596e+04 
1.23016335342355e-01 9.85412795945315e+04 
1.23324472762405e-01 1.00784462613842e+05 
1.23633147144146e-01 1.03495917950703e+05 
1.23942346857063e-01 1.06596577099247e+05 
1.24252232114487e-01 1.10028212937393e+05 
1.24561799407379e-01 1.13665102127657e+05 
1.24870644190227e-01 1.17395854093000e+05 
1.25177366753499e-01 1.20988758276503e+05 
1.25483846805102e-01 1.24480339174380e+05 
1.25788727613970e-01 1.27449465253229e+05 
1.26093736659487e-01 1.29821412626307e+05 
1.26397606099860e-01 1.31634820730941e+05 
1.26701897320934e-01 1.32942836650685e+05 
1.27005445274941e-01 1.33780334178161e+05 
1.27309642287514e-01 1.34236772095735e+05 
1.27613425137993e-01 1.34379015476701e+05 
1.27917933584857e-01 1.34069850611164e+05 
1.28222205916257e-01 1.33722145223736e+05 
1.28527140462484e-01 1.33310756737779e+05 
1.28831797075071e-01 1.32826947749684e+05 
1.29136041996820e-01 1.32267350401422e+05 
1.29440294274983e-01 1.31635466887380e+05 
1.29744456432105e-01 1.30941234088795e+05 
1.30048821040194e-01 1.30210456255641e+05 
1.30353226802103e-01 1.29461209411743e+05 
1.30657932275124e-01 1.28697171373843e+05 
1.30962674089591e-01 1.27936608453264e+05 
1.31267329789188e-01 1.27189305962977e+05 
1.31571658912227e-01 1.26463429423596e+05 
1.31874878501421e-01 1.25767044099321e+05 
1.32176933762190e-01 1.25102032185269e+05 
1.32476732037670e-01 1.24473457796929e+05 
1.32774409265985e-01 1.23881889371409e+05 
1.33069134455575e-01 1.23326550828785e+05 
1.33361544761120e-01 1.22807985875487e+05 
1.33654085284686e-01 1.22318002880146e+05 
1.33944699362852e-01 1.21856682883555e+05 
1.34232658844584e-01 1.21427134725468e+05 
1.34519597039534e-01 1.21022206507933e+05 
1.34805054735894e-01 1.20644439344113e+05 
1.35090244623944e-01 1.20278087854418e+05 
1.35374893813566e-01 1.19925019847360e+05 
1.35659967922531e-01 1.19584209803931e+05 
1.35944817724514e-01 1.19255413005444e+05 
1.36230075899151e-01 1.18934695469878e+05 
1.36515495286506e-01 1.18621128131900e+05 
1.36801759730872e-01 1.18312239995317e+05 
1.37088338328198e-01 1.18006678668080e+05 
1.37375998428793e-01 1.17702213214516e+05 
1.37664012893691e-01 1.17397585451370e+05 
1.37953214344160e-01 1.17090377401029e+05 
1.38242586070460e-01 1.16782729630778e+05 
1.38532388369868e-01 1.16471156015513e+05 
1.38822784491116e-01 1.16156886298222e+05 
1.39113949558711e-01 1.15838786637431e+05 
1.39405928413250e-01 1.15518250356137e+05 
1.39698413414870e-01 1.15194745973681e+05 
1.39990877135093e-01 1.14867892162922e+05 
1.40283687871617e-01 1.14540346071584e+05 
1.40576594616371e-01 1.14210710149796e+05 
1.40869870693562e-01 1.13878761353989e+05 
1.41163313350095e-01 1.13543955891061e+05 
1.41457127349026e-01 1.13205909205325e+05 
1.41751269452283e-01 1.12865481557607e+05 
1.42045897139514e-01 1.12520889517538e+05 
1.42340979648020e-01 1.12172811247945e+05 
1.42636601086934e-01 1.11821682220852e+05 
1.42932766720612e-01 1.11468139108086e+05 
1.43229488578637e-01 1.11111402251694e+05 
1.43526642253290e-01 1.10752332666965e+05 
1.43824314921831e-01 1.10390324909491e+05 
1.44122538544597e-01 1.10025497503332e+05 
1.44421260724644e-01 1.09657387130661e+05 
1.44720616986539e-01 1.09285794716961e+05 
1.45020569865516e-01 1.08910216178836e+05 
1.45321263021069e-01 1.08530504956443e+05 
1.45622712282733e-01 1.08146177699486e+05 
1.45925002218760e-01 1.07757224442083e+05 
1.46228088467052e-01 1.07363300797306e+05 
1.46531976728481e-01 1.06964781007438e+05 
1.46836606809420e-01 1.06561478537403e+05 
1.47142043441039e-01 1.06153705000891e+05 
1.47447995298768e-01 1.05741839231839e+05 
1.47754455384573e-01 1.05326574344343e+05 
1.48061207866553e-01 1.04908003251445e+05 
1.48368475913791e-01 1.04486474231326e+05 
1.48675996343666e-01 1.04063012702975e+05 
1.48984012337097e-01 1.03638272495760e+05 
1.49292274553278e-01 1.03213373046631e+05 
1.49601063392365e-01 1.02789224629591e+05 
1.49910160031106e-01 1.02367268384498e+05 
1.50222528421259e-01 1.01945153480511e+05 
1.50535644399247e-01 1.01527808202076e+05 
1.50849587943135e-01 1.01117135877733e+05 
1.51164314535099e-01 1.00714570338565e+05 
1.51479909334971e-01 1.00322979914486e+05 
1.51796360821102e-01 9.99428659413957e+04 
1.52113759198274e-01 9.95775543655512e+04 
1.52432073128007e-01 9.92283341015038e+04 
1.52751398825358e-01 9.88998874572067e+04 
1.53071694024494e-01 9.85976226484689e+04 
1.53392997936013e-01 9.83103851494134e+04 
1.53715318276238e-01 9.80633543750601e+04 
1.54038477928235e-01 9.78479545077840e+04 
1.54361228686826e-01 9.76592619519580e+04 
1.54681501181546e-01 9.75042368979491e+04 
1.55000007507998e-01 9.73553946356403e+04 
1.55316636477425e-01 9.72208516754674e+04 
1.55632108090143e-01 9.71064235245582e+04 
1.55946284301836e-01 9.70191306555252e+04 
1.56259772375258e-01 9.69640158821363e+04 
1.56572378862989e-01 9.69361267002878e+04 
1.56884292730285e-01 9.69327442384481e+04 
1.57195328336504e-01 9.69527880255853e+04 
1.57505920294333e-01 9.69937370102724e+04 
1.57815994139043e-01 9.70521649635870e+04 
1.58125435366559e-01 9.71244614861915e+04 
1.58434067730393e-01 9.72066273793850e+04 
1.58741907249915e-01 9.72946253059558e+04 
1.59049259596837e-01 9.73846645346248e+04 
1.59356005319900e-01 9.74728517350707e+04 
1.59662544495207e-01 9.75557474379168e+04 
1.59968599168565e-01 9.76304345043039e+04 
1.60274418011599e-01 9.76940588259563e+04 
1.60579879853095e-01 9.77453894039328e+04 
1.60885047300786e-01 9.77841515044395e+04 
1.61189955059160e-01 9.78069278627651e+04 
1.61494786020449e-01 9.78172576965881e+04 
1.61799414632197e-01 9.78159898777487e+04 
1.62104116410437e-01 9.78026005905016e+04 
1.62408668677352e-01 9.77888186244492e+04 
1.62713410674173e-01 9.77611659263149e+04 
1.63018023634649e-01 9.77266050686324e+04 
1.63322712153303e-01 9.76887481702730e+04 
1.63627417922928e-01 9.76407728785657e+04 
1.63932102871785e-01 9.75966721112590e+04 
1.64236102772523e-01 9.75520388775971e+04 
1.64538930110025e-01 9.75029104292224e+04 
1.64840048058669e-01 9.74484651843767e+04 
1.65139933733876e-01 9.73878766067772e+04 
1.65438358646601e-01 9.73236072081407e+04 
1.65735507709378e-01 9.72554967832852e+04 
1.66031609620151e-01 9.71840456844069e+04 
1.66326794866579e-01 9.71099973812563e+04 
1.66621275345349e-01 9.70328205608794e+04 
1.66915152858334e-01 9.69527468527017e+04 
1.67208561884295e-01 9.68693831585313e+04 
1.67501604740413e-01 9.67828884586757e+04 
1.67794265382287e-01 9.66930742932148e+04 
1.68086759952136e-01 9.66003361676299e+04 
1.68378909024921e-01 9.65046838705875e+04 
1.68671190308873e-01 9.64065405291037e+04 
1.68963173694925e-01 9.63062355670667e+04 
1.69255427385693e-01 9.62042197102807e+04 
1.69547452912564e-01 9.61009674146452e+04 
1.69839794402137e-01 9.59968438751979e+04 
1.70131985765198e-01 9.58923253592350e+04 
1.70424547169868e-01 9.57875598258810e+04 
1.70716961604389e-01 9.56828969499672e+04 
1.71009763694616e-01 9.55784189242936e+04 
1.71302443411867e-01 9.54743801796104e+04 
1.71595484992428e-01 9.53700537938643e+04 
1.71888480305007e-01 9.52646911875116e+04 
1.72181869764155e-01 9.51608590156484e+04 
1.72475292910978e-01 9.50583934658178e+04 
1.72769176238915e-01 9.49549600124291e+04 
1.73063149359616e-01 9.48500058804293e+04 
1.73357667648601e-01 9.47411493588200e+04 
1.73652322314105e-01 9.46270552127146e+04 
1.73947493957084e-01 9.45077606858656e+04 
1.74242568760124e-01 9.43827502339884e+04 
1.74537350420118e-01 9.42522641211878e+04 
1.74832123925619e-01 9.41265342227864e+04 
1.75126653223867e-01 9.40139102434758e+04 
1.75421231667590e-01 9.39222892638767e+04 
1.75715629578772e-01 9.38613157510482e+04 
1.76010114681272e-01 9.38337896935843e+04 
1.76304487384563e-01 9.38371355330705e+04 
1.76599009719557e-01 9.38727658540116e+04 
1.76893490886577e-01 9.39409668113071e+04 
1.77188244590387e-01 9.40406120332891e+04 
1.77483016644546e-01 9.41701622619142e+04 
1.77778178095863e-01 9.43260184113778e+04 
1.78073463433214e-01 9.45054045836620e+04 
1.78369181144418e-01 9.47038173298150e+04 
1.78664852983938e-01 9.49130725053239e+04 
1.78960950383102e-01 9.51325457292080e+04 
1.79257139430190e-01 9.53559195615654e+04 
1.79553713061158e-01 9.55657284822963e+04 
1.79850543919934e-01 9.57801734315395e+04 
1.80147708073852e-01 9.59811125536517e+04 
1.80445148192100e-01 9.61788859126199e+04 
1.80743054857885e-01 9.63477678303240e+04 
1.81041070059701e-01 9.64667865843477e+04 
1.81339420475250e-01 9.65475052474332e+04 
1.81637832813923e-01 9.65901836557750e+04 
1.81936615431163e-01 9.66519514522006e+04 
1.82235446905453e-01 9.67377882292969e+04 
1.82534712836452e-01 9.68504337160096e+04 
1.82834676051187e-01 9.69816868508394e+04 
1.83134841322082e-01 9.71218159694880e+04 
1.83435043160218e-01 9.72754382239008e+04 
1.83735558524762e-01 9.74382655139409e+04 
1.84035915773991e-01 9.76092191155518e+04 
1.84336601616730e-01 9.77836063061006e+04 
1.84637078435054e-01 9.79606056627799e+04 
1.84937880687232e-01 9.81376961822638e+04 
1.85238457132051e-01 9.83103064194389e+04 
1.85539364627794e-01 9.84744200808748e+04 
1.85840031063547e-01 9.86282553738920e+04 
1.86141012504608e-01 9.87677434269781e+04 
1.86441752739068e-01 9.88903493409048e+04 
1.86742897345150e-01 9.89995190571358e+04 
1.87043794982345e-01 9.90872573991837e+04 
1.87345140788474e-01 9.91500887973115e+04 
1.87646242624453e-01 9.91975038185970e+04 
1.87947784386008e-01 9.92219122822223e+04 
1.88249327072119e-01 9.92110164698212e+04 
1.88551101677709e-01 9.91768161029479e+04 
1.88852842470665e-01 9.91251546411212e+04 
1.89154723285325e-01 9.90453565528532e+04 
1.89456669941697e-01 9.89652734351315e+04 
1.89758355995914e-01 9.88828992379588e+04 
1.90060324271434e-01 9.87938405135662e+04 
1.90362346490115e-01 9.86923242380780e+04 
1.90664544867276e-01 9.85726067374147e+04 
1.90966843289152e-01 9.84297032340906e+04 
1.91269305787787e-01 9.82617437572563e+04 
1.91571910021871e-01 9.80753751833624e+04 
1.91874606435513e-01 9.78718168938437e+04 
1.92177436925405e-01 9.76527590546035e+04 
1.92480394314133e-01 9.74200489370194e+04 
1.92783490630655e-01 9.71755936541752e+04 
1.93086741847725e-01 9.69207246297985e+04 
1.93390154621012e-01 9.66567823025882e+04 
1.93693748325350e-01 9.63849450907689e+04 
1.93997538324190e-01 9.61062858334017e+04 
1.94301522968413e-01 9.58216518974539e+04 
1.94605730904817e-01 9.55318411522727e+04 
1.94910164399027e-01 9.52375334652493e+04 
1.95214805727957e-01 9.49394572768315e+04 
1.95519722001499e-01 9.46381645626917e+04 
1.95824763775281e-01 9.43344610727706e+04 
1.96130090234642e-01 9.40288102384496e+04 
1.96435601158708e-01 9.37219721260935e+04 
1.96741389512883e-01 9.34144965398642e+04 
1.97047401538486e-01 9.31071125828797e+04 
1.97353663049237e-01 9.28004378984782e+04 
1.97660155306393e-01 9.24951656814545e+04 
1.97966881899102e-01 9.21919202088720e+04 
1.98273855477605e-01 9.18913488978512e+04 
1.98581042300277e-01 9.15940853304101e+04 
1.98888488387401e-01 9.13007040641203e+04 
1.99196123544955e-01 9.10118176622757e+04 
1.99504027650873e-01 9.07278926706388e+04 
1.99812093994890e-01 9.04494912418419e+04 
2.00120348052969e-01 9.01770160412973e+04 
