# Liste des scalaires : TEMPS pmat 
0.00000000000000e+00 1.00000000000000e+05 
7.22956891292051e-05 1.00000000000000e+05 
1.39473830159791e-04 1.00000000000000e+05 
2.09658797050096e-04 1.00000000000000e+05 
2.76117114236751e-04 1.00000000000000e+05 
3.20638761908147e-04 1.00000000000000e+05 
3.55139419127697e-04 1.00000000000000e+05 
3.84466703006978e-04 1.00000000000000e+05 
4.10882456555382e-04 1.00000000000000e+05 
4.35440253140777e-04 1.00000000000000e+05 
4.62453829384711e-04 1.00000000000000e+05 
4.92168763253039e-04 1.00000000000000e+05 
5.24855190508199e-04 1.00000000000000e+05 
5.60810260488875e-04 1.00000000000000e+05 
6.00360837467620e-04 1.00000000000000e+05 
6.43866472144238e-04 1.00000000000000e+05 
6.91722670288519e-04 1.00000000000000e+05 
7.44364488247227e-04 1.00000000000000e+05 
8.02270488001806e-04 1.00000000000000e+05 
8.65967087731844e-04 1.00000000000000e+05 
9.36033347434884e-04 1.00000000000000e+05 
1.01310623310823e-03 1.00000000000000e+05 
1.09788640734891e-03 1.00000000000000e+05 
1.19114459901366e-03 1.00000000000000e+05 
1.28823933282575e-03 1.00000000000000e+05 
1.34186985053023e-03 1.00000000000000e+05 
1.39693592528831e-03 1.00000000000000e+05 
1.45169054809851e-03 1.00000000000000e+05 
1.50661410288580e-03 1.00000000000000e+05 
1.56129779699949e-03 1.00000000000000e+05 
1.61571829908169e-03 1.00000000000000e+05 
1.67022932191567e-03 1.00000000000000e+05 
1.72496649327443e-03 1.00000000000000e+05 
1.77991078757820e-03 1.00000000000000e+05 
1.83470742428608e-03 1.00000000000000e+05 
1.88984510968576e-03 1.00000000000000e+05 
1.94543284237773e-03 1.00000000000000e+05 
2.00213799906776e-03 1.00000000000000e+05 
2.06015025048565e-03 1.00000000000000e+05 
2.11997179186836e-03 1.00000000000000e+05 
2.18192554258743e-03 1.00000000000000e+05 
2.24645217179518e-03 1.00000000000000e+05 
2.31505775491851e-03 1.00000000000000e+05 
2.38514295806193e-03 1.00000000000000e+05 
2.45793525788750e-03 1.00000000000000e+05 
2.53450415506517e-03 1.00000000000000e+05 
2.61539035265451e-03 1.00000000000000e+05 
2.68537076258667e-03 1.00000000000000e+05 
2.75988971879539e-03 1.00000000000000e+05 
2.83698903060478e-03 1.00000000000000e+05 
2.91662084802053e-03 1.00000000000000e+05 
2.99930819202948e-03 1.00000000000000e+05 
3.08543444361756e-03 1.00000000000000e+05 
3.16186881315812e-03 1.00000000000000e+05 
3.24301705637955e-03 1.00000000000000e+05 
3.33031124775022e-03 1.00000000000000e+05 
3.42633485825795e-03 1.00000000000000e+05 
3.50455723025602e-03 1.00000000000000e+05 
3.58468389469359e-03 1.00000000000000e+05 
3.66717140241092e-03 1.00000000000000e+05 
3.75276190934545e-03 1.00000000000000e+05 
3.84240047068081e-03 1.00000000000000e+05 
3.93823149525175e-03 1.00000000000000e+05 
4.04137406392903e-03 1.00000000000000e+05 
4.14974464557425e-03 1.00000000000000e+05 
4.26347499053142e-03 1.00000000000000e+05 
4.37850690794042e-03 1.00000000000000e+05 
4.47416014417053e-03 1.00000000000000e+05 
4.57229001415178e-03 1.00000000000000e+05 
4.67318113904163e-03 1.00000000000000e+05 
4.77701339306160e-03 1.00000000000000e+05 
4.88397720347528e-03 1.00000000000000e+05 
4.99436030359482e-03 1.00000000000000e+05 
5.10671520305319e-03 1.00000000000000e+05 
5.21837259463815e-03 1.00000000000000e+05 
5.33501192807818e-03 1.00000000000000e+05 
5.45966273182380e-03 1.00000000000000e+05 
5.58797935609536e-03 1.00000000000000e+05 
5.71908863952421e-03 1.00000000000000e+05 
5.84999208950798e-03 1.00000000000000e+05 
5.98008113569635e-03 1.00000000000000e+05 
6.10916974721373e-03 1.00000000000000e+05 
6.23692394565337e-03 1.00000000000000e+05 
6.36335214796060e-03 1.00000000000000e+05 
6.48845423729740e-03 1.00000000000000e+05 
6.61224668570878e-03 1.00000000000000e+05 
6.73704207876427e-03 1.00000000000000e+05 
6.85951012402880e-03 1.00000000000000e+05 
6.99422497381978e-03 1.00000000000000e+05 
7.11439152160297e-03 1.00000000000000e+05 
7.24657472416447e-03 1.00000000000000e+05 
7.36604130015170e-03 1.00000000000000e+05 
7.49745453373764e-03 1.00000000000000e+05 
7.63940011718823e-03 1.00000000000000e+05 
7.77972222465334e-03 1.00000000000000e+05 
7.91066778514684e-03 1.00000000000000e+05 
8.04218251482608e-03 1.00000000000000e+05 
8.17083134204833e-03 1.00000000000000e+05 
8.29759403469565e-03 1.00000000000000e+05 
8.42183813387942e-03 1.00000000000000e+05 
8.54456595194851e-03 1.00000000000000e+05 
8.66568137022767e-03 1.00000000000000e+05 
8.79890833033475e-03 1.00000000000000e+05 
8.92731046287899e-03 1.00000000000000e+05 
9.05173100067137e-03 1.00000000000000e+05 
9.17324873617391e-03 1.00000000000000e+05 
9.29241013298403e-03 1.00000000000000e+05 
9.41511950951489e-03 1.00000000000000e+05 
9.54782148327880e-03 1.00000000000000e+05 
9.66724685802362e-03 1.00000000000000e+05 
9.79767182658389e-03 1.00000000000000e+05 
9.91510048224132e-03 1.00000000000000e+05 
1.00386763826429e-02 1.00000000000000e+05 
1.01598354478798e-02 1.00000000000000e+05 
1.02797930469899e-02 1.00000000000000e+05 
1.03976392790291e-02 1.00000000000000e+05 
1.05216318326245e-02 1.00000000000000e+05 
1.06461872650842e-02 1.00000000000000e+05 
1.07689506198776e-02 1.00000000000000e+05 
1.09024449262319e-02 1.00000000000000e+05 
1.10320252947039e-02 1.00000000000000e+05 
1.11573714228327e-02 1.00000000000000e+05 
1.12797869195637e-02 1.00000000000000e+05 
1.13998408735567e-02 1.00000000000000e+05 
1.15181045985378e-02 1.00000000000000e+05 
1.16481946960170e-02 1.00000000000000e+05 
1.17786602744227e-02 1.00000000000000e+05 
1.19076073221648e-02 1.00000000000000e+05 
1.20319916548931e-02 1.00000000000000e+05 
1.21677373431386e-02 1.00000000000000e+05 
1.23010752957638e-02 1.00000000000000e+05 
1.24301023189908e-02 1.00000000000000e+05 
1.25567532529570e-02 1.00000000000000e+05 
1.26806865306720e-02 1.00000000000000e+05 
1.28025290117894e-02 1.00000000000000e+05 
1.29225598046880e-02 1.00000000000000e+05 
1.30410905099369e-02 1.00000000000000e+05 
1.31585207165357e-02 1.00000000000000e+05 
1.32751747974164e-02 1.00000000000000e+05 
1.34034942863852e-02 1.00000000000000e+05 
1.35426941422559e-02 1.00000000000000e+05 
1.36852403138041e-02 1.00000000000000e+05 
1.38179444672355e-02 1.00000000000000e+05 
1.39540668196549e-02 1.00000000000000e+05 
1.40726742873614e-02 1.00000000000000e+05 
1.41926828163012e-02 1.00000000000000e+05 
1.43120491529058e-02 1.00000000000000e+05 
1.44333616200003e-02 1.00000000000000e+05 
1.45544473440072e-02 1.00000000000000e+05 
1.46689435175829e-02 1.00000000000000e+05 
1.47838248562638e-02 1.00000000000000e+05 
1.48997790369696e-02 1.00000000000000e+05 
1.50158718384263e-02 1.00000000000000e+05 
1.51327191743460e-02 1.00000000000000e+05 
1.52496407421687e-02 1.00000000000000e+05 
1.53664246535429e-02 1.00000000000000e+05 
1.54839851339817e-02 1.00000000000000e+05 
1.56004651888696e-02 1.00000000000000e+05 
1.57184181943886e-02 1.00000000000000e+05 
1.58360476059782e-02 1.00000000000000e+05 
1.59544134214570e-02 1.00000000000000e+05 
1.60720467572583e-02 1.00000000000000e+05 
1.61880569496493e-02 1.00000000000000e+05 
1.63029146349970e-02 1.00000000000000e+05 
1.64168387598007e-02 1.00000000000000e+05 
1.65302269313402e-02 1.00000000000000e+05 
1.66433072394350e-02 1.00000000000000e+05 
1.67564585152249e-02 1.00000000000000e+05 
1.68699535927209e-02 1.00000000000000e+05 
1.69841745836006e-02 1.00000000000000e+05 
1.70994238388817e-02 1.00000000000000e+05 
1.72096284617970e-02 1.00000000000000e+05 
1.73190435129823e-02 1.00000000000000e+05 
1.74280604910597e-02 1.00000000000000e+05 
1.75367995899476e-02 1.00000000000000e+05 
1.76455254870567e-02 1.00000000000000e+05 
1.77542925731312e-02 1.00000000000000e+05 
1.78633300513096e-02 1.00000000000000e+05 
1.79726935027291e-02 1.00000000000000e+05 
1.80826222671827e-02 1.00000000000000e+05 
1.81931606477325e-02 1.00000000000000e+05 
1.83045780827903e-02 1.00000000000000e+05 
1.84169485482785e-02 1.00000000000000e+05 
1.85305637835216e-02 1.00000000000000e+05 
1.86380573548579e-02 1.00000000000000e+05 
1.87457117373788e-02 1.00000000000000e+05 
1.88535387016171e-02 1.00000000000000e+05 
1.89616789510149e-02 1.00000000000000e+05 
1.90701343431820e-02 1.00000000000000e+05 
1.91790487844343e-02 1.00000000000000e+05 
1.92884207814672e-02 1.00000000000000e+05 
1.93985101912029e-02 1.00000000000000e+05 
1.95092911468519e-02 1.00000000000000e+05 
1.96208838252683e-02 1.00000000000000e+05 
1.97332353308222e-02 1.00000000000000e+05 
1.98464413801091e-02 1.00000000000000e+05 
1.99604484138730e-02 1.00000000000000e+05 
2.00753683512754e-02 1.00000000000000e+05 
2.01911366697672e-02 1.00000000000000e+05 
2.03078375319989e-02 1.00000000000000e+05 
2.04245939458936e-02 1.00000000000000e+05 
2.05423747893092e-02 1.00000000000000e+05 
2.06590735016703e-02 1.00000000000000e+05 
2.07767382498090e-02 1.00000000000000e+05 
2.08896893123145e-02 1.00000000000000e+05 
2.10030854550954e-02 1.00000000000000e+05 
2.11168793523635e-02 1.00000000000000e+05 
2.12310945615762e-02 1.00000000000000e+05 
2.13456868006626e-02 1.00000000000000e+05 
2.14606728884723e-02 1.00000000000000e+05 
2.15760129152127e-02 1.00000000000000e+05 
2.16917318350312e-02 1.00000000000000e+05 
2.18077859058590e-02 1.00000000000000e+05 
2.19241978467004e-02 1.00000000000000e+05 
2.20405666074098e-02 1.00000000000000e+05 
2.21568434047591e-02 1.00000000000000e+05 
2.22730358937237e-02 1.00000000000000e+05 
2.23891559817194e-02 1.00000000000000e+05 
2.25168880785147e-02 1.00000000000000e+05 
2.26470172521993e-02 1.00000000000000e+05 
2.27773657368076e-02 1.00000000000000e+05 
2.29076468104238e-02 1.00000000000000e+05 
2.30380183707903e-02 1.00000000000000e+05 
2.31683802475321e-02 1.00000000000000e+05 
2.32987202839163e-02 1.00000000000000e+05 
2.34291749199603e-02 1.00000000000000e+05 
2.35596862041130e-02 1.00000000000000e+05 
2.36903212636399e-02 1.00000000000000e+05 
2.38210328953283e-02 1.00000000000000e+05 
2.39518577265743e-02 1.00000000000000e+05 
2.40827689417548e-02 1.00000000000000e+05 
2.42137757901579e-02 1.00000000000000e+05 
2.43450445885062e-02 1.00000000000000e+05 
2.44762603988927e-02 1.00000000000000e+05 
2.46078421391687e-02 1.00000000000000e+05 
2.47395837707707e-02 1.00000000000000e+05 
2.48716440363271e-02 1.00000000000000e+05 
2.50036300015626e-02 1.00000000000000e+05 
2.51359991543392e-02 1.00000000000000e+05 
2.52684865486397e-02 1.00000000000000e+05 
2.54012943286102e-02 1.00000000000000e+05 
2.55342053649254e-02 1.00000000000000e+05 
2.56675646188127e-02 1.00000000000000e+05 
2.58010655081380e-02 1.00000000000000e+05 
2.59348598139575e-02 1.00000000000000e+05 
2.60687052355190e-02 1.00000000000000e+05 
2.62030407768717e-02 1.00000000000000e+05 
2.63374030295293e-02 1.00000000000000e+05 
2.64721946145534e-02 1.00000000000000e+05 
2.66069010136205e-02 1.00000000000000e+05 
2.67420383423734e-02 1.00000000000000e+05 
2.68772856699339e-02 1.00000000000000e+05 
2.70130841869819e-02 1.00000000000000e+05 
2.71489458841346e-02 1.00000000000000e+05 
2.72850978705210e-02 1.00000000000000e+05 
2.74213295977339e-02 1.00000000000000e+05 
2.75581163010081e-02 1.00000000000000e+05 
2.76949843796528e-02 1.00000000000000e+05 
2.78321870226236e-02 1.00000000000000e+05 
2.79693997595773e-02 1.00000000000000e+05 
2.81069084561369e-02 1.00000000000000e+05 
2.82445119671822e-02 1.00000000000000e+05 
2.83827195380176e-02 1.00000000000000e+05 
2.85207822265915e-02 1.00000000000000e+05 
2.86593521491571e-02 1.00000000000000e+05 
2.87979948455008e-02 1.00000000000000e+05 
2.89205326529376e-02 1.00000000000000e+05 
2.90553242411181e-02 1.00000000000000e+05 
2.91917498079833e-02 1.00000000000000e+05 
2.93276270771712e-02 1.00000000000000e+05 
2.94630026456435e-02 1.00000000000000e+05 
2.96029391815612e-02 1.00000000000000e+05 
2.97434716860499e-02 1.00000000000000e+05 
2.98838574739298e-02 1.00000000000000e+05 
3.00244203789018e-02 1.00000000000000e+05 
3.01647004001498e-02 1.00000000000000e+05 
3.03052918467379e-02 1.00000000000000e+05 
3.04457863777976e-02 1.00000000000000e+05 
3.05865017195141e-02 1.00000000000000e+05 
3.07272046286699e-02 1.00000000000000e+05 
3.08683138018049e-02 1.00000000000000e+05 
3.10092337992825e-02 1.00000000000000e+05 
3.11503653812559e-02 1.00000000000000e+05 
3.12915110020973e-02 1.00000000000000e+05 
3.14331154586740e-02 1.00000000000000e+05 
3.15745690859919e-02 1.00000000000000e+05 
3.17162893320394e-02 1.00000000000000e+05 
3.18578056959661e-02 1.00000000000000e+05 
3.19999862734524e-02 1.00000000000000e+05 
3.21421015186370e-02 1.00000000000000e+05 
3.22845966505994e-02 1.00000000000000e+05 
3.24269630442375e-02 1.00000000000000e+05 
3.25697150674025e-02 1.00000000000000e+05 
3.27123616976919e-02 1.00000000000000e+05 
3.28554305783518e-02 1.00000000000000e+05 
3.29984404604309e-02 1.00000000000000e+05 
3.31419570603411e-02 1.00000000000000e+05 
3.32854727280360e-02 1.00000000000000e+05 
3.34295634757719e-02 1.00000000000000e+05 
3.35737000067567e-02 1.00000000000000e+05 
3.37182213070458e-02 1.00000000000000e+05 
3.38629484437260e-02 1.00000000000000e+05 
3.40080352293486e-02 1.00000000000000e+05 
3.41533881426771e-02 1.00000000000000e+05 
3.42991539566076e-02 1.00000000000000e+05 
3.44452416269473e-02 1.00000000000000e+05 
3.45917880362817e-02 1.00000000000000e+05 
3.47387110822657e-02 1.00000000000000e+05 
3.48861364427445e-02 1.00000000000000e+05 
3.50339889964854e-02 1.00000000000000e+05 
3.51823845557480e-02 1.00000000000000e+05 
3.53312530328397e-02 1.00000000000000e+05 
3.54807023591576e-02 1.00000000000000e+05 
3.56306685917176e-02 1.00000000000000e+05 
3.57812524434619e-02 1.00000000000000e+05 
3.59323973146363e-02 1.00000000000000e+05 
3.60841964485598e-02 1.00000000000000e+05 
3.62365999703507e-02 1.00000000000000e+05 
3.63896928999509e-02 1.00000000000000e+05 
3.65434313229724e-02 1.00000000000000e+05 
3.66978925550292e-02 1.00000000000000e+05 
3.68530379183375e-02 1.00000000000000e+05 
3.70089393530823e-02 1.00000000000000e+05 
3.71654881319676e-02 1.00000000000000e+05 
3.73229014468263e-02 1.00000000000000e+05 
3.74809206009892e-02 1.00000000000000e+05 
3.76399206913511e-02 1.00000000000000e+05 
3.77995103432957e-02 1.00000000000000e+05 
3.79601771240505e-02 1.00000000000000e+05 
3.81214469615605e-02 1.00000000000000e+05 
3.82838619367847e-02 1.00000000000000e+05 
3.84469299208105e-02 1.00000000000000e+05 
3.86111746454348e-02 1.00000000000000e+05 
3.87761654250056e-02 1.00000000000000e+05 
3.89423202557462e-02 1.00000000000000e+05 
3.91093558788968e-02 1.00000000000000e+05 
3.92774994160980e-02 1.00000000000000e+05 
3.94465711263524e-02 1.00000000000000e+05 
3.96167676621758e-02 1.00000000000000e+05 
3.97878834754321e-02 1.00000000000000e+05 
3.99598278656122e-02 1.00000000000000e+05 
4.01329379954737e-02 1.00000000000000e+05 
4.03039619198453e-02 1.00000000000000e+05 
4.04777993297926e-02 1.00000000000000e+05 
4.06478882641012e-02 1.00000000000000e+05 
4.08206579654360e-02 1.00000000000000e+05 
4.09468619363387e-02 1.00000000000000e+05 
4.10856863043317e-02 1.00000000000000e+05 
4.12119889345713e-02 1.00000000000000e+05 
4.13383249483168e-02 1.00000000000000e+05 
4.14647257010555e-02 1.00000000000000e+05 
4.15911609975713e-02 1.00000000000000e+05 
4.17176696406782e-02 1.00000000000000e+05 
4.18442163814405e-02 1.00000000000000e+05 
4.19708471396275e-02 1.00000000000000e+05 
4.20975249376258e-02 1.00000000000000e+05 
4.22243034086278e-02 1.00000000000000e+05 
4.23511403593837e-02 1.00000000000000e+05 
4.24780965495628e-02 1.00000000000000e+05 
4.26051238294279e-02 1.00000000000000e+05 
4.27322903050208e-02 1.00000000000000e+05 
4.28595414705269e-02 1.00000000000000e+05 
4.29869271062476e-02 1.00000000000000e+05 
4.31143918512648e-02 1.00000000000000e+05 
4.32418981154677e-02 1.00000000000000e+05 
4.33695010619175e-02 1.00000000000000e+05 
4.34971675140087e-02 1.00000000000000e+05 
4.36249498406703e-02 1.00000000000000e+05 
4.37528200847873e-02 1.00000000000000e+05 
4.38808277743868e-02 1.00000000000000e+05 
4.40089513248143e-02 1.00000000000000e+05 
4.41372372139262e-02 1.00000000000000e+05 
4.42656700905784e-02 1.00000000000000e+05 
4.43942936612544e-02 1.00000000000000e+05 
4.45230994321575e-02 1.00000000000000e+05 
4.46521289988343e-02 1.00000000000000e+05 
4.47813815607416e-02 1.00000000000000e+05 
4.49108972340396e-02 1.00000000000000e+05 
4.50407247682987e-02 1.00000000000000e+05 
4.51708843472248e-02 1.00000000000000e+05 
4.53014335656960e-02 1.00000000000000e+05 
4.54323752423666e-02 1.00000000000000e+05 
4.55637908848007e-02 1.00000000000000e+05 
4.56956773122249e-02 1.00000000000000e+05 
4.58281376027873e-02 1.00000000000000e+05 
4.59611669473650e-02 1.00000000000000e+05 
4.60948887989860e-02 1.00000000000000e+05 
4.62293018946968e-02 1.00000000000000e+05 
4.63645503768935e-02 1.00000000000000e+05 
4.65006432614046e-02 1.00000000000000e+05 
4.66377479484033e-02 1.00000000000000e+05 
4.67758940875139e-02 1.00000000000000e+05 
4.69152764942793e-02 1.00000000000000e+05 
4.70559606309760e-02 1.00000000000000e+05 
4.71979827826216e-02 1.00000000000000e+05 
4.73409137879105e-02 1.00000000000000e+05 
4.74846150092168e-02 1.00000000000000e+05 
4.76128794248878e-02 1.00000000000000e+05 
4.77411453711775e-02 1.00000000000000e+05 
4.78694591846489e-02 1.00000000000000e+05 
4.79977387233800e-02 1.00000000000000e+05 
4.81260372057905e-02 1.00000000000000e+05 
4.82542913734916e-02 1.00000000000000e+05 
4.83825576450075e-02 1.00000000000000e+05 
4.85107871606946e-02 1.00000000000000e+05 
4.86390342344976e-02 1.00000000000000e+05 
4.87672606922038e-02 1.00000000000000e+05 
4.88955149429987e-02 1.00000000000000e+05 
4.90237670046109e-02 1.00000000000000e+05 
4.91520582376666e-02 1.00000000000000e+05 
4.92803663083638e-02 1.00000000000000e+05 
4.94087257455122e-02 1.00000000000000e+05 
4.95371217078515e-02 1.00000000000000e+05 
4.96655821331838e-02 1.00000000000000e+05 
4.97940991563339e-02 1.00000000000000e+05 
4.99226944073000e-02 1.00000000000000e+05 
5.00513662756213e-02 1.00000000000000e+05 
5.01801306135861e-02 1.00000000000000e+05 
5.03089912958288e-02 1.00000000000000e+05 
5.04379591549339e-02 1.00000000000000e+05 
5.05670427712933e-02 1.00000000000000e+05 
5.06962488372709e-02 1.00000000000000e+05 
5.08255898171347e-02 1.00000000000000e+05 
5.09550692084620e-02 1.00000000000000e+05 
5.10847025644315e-02 1.00000000000000e+05 
5.12144911779115e-02 1.00000000000000e+05 
5.13444529484262e-02 1.00000000000000e+05 
5.14745883978114e-02 1.00000000000000e+05 
5.16049166339455e-02 1.00000000000000e+05 
5.17354405285114e-02 1.00000000000000e+05 
5.18661772784691e-02 1.00000000000000e+05 
5.19971320897607e-02 1.00000000000000e+05 
5.21283194301808e-02 1.00000000000000e+05 
5.22597479199169e-02 1.00000000000000e+05 
5.23914291982046e-02 1.00000000000000e+05 
5.25233765622350e-02 1.00000000000000e+05 
5.26555988963821e-02 1.00000000000000e+05 
5.27881152318371e-02 1.00000000000000e+05 
5.29209319899597e-02 1.00000000000000e+05 
5.30540744688283e-02 1.00000000000000e+05 
5.31875475661865e-02 1.00000000000000e+05 
5.33213835188862e-02 1.00000000000000e+05 
5.34555868805552e-02 1.00000000000000e+05 
5.35902063319091e-02 1.00000000000000e+05 
5.37252386163162e-02 1.00000000000000e+05 
5.38607492685977e-02 1.00000000000000e+05 
5.39967437412289e-02 1.00000000000000e+05 
5.41331913264235e-02 1.00000000000000e+05 
5.42702444093732e-02 1.00000000000000e+05 
5.44078040338117e-02 1.00000000000000e+05 
5.45460792999218e-02 1.00000000000000e+05 
5.46849672701088e-02 1.00000000000000e+05 
5.48247081388366e-02 1.00000000000000e+05 
5.49651964374655e-02 1.00000000000000e+05 
5.51067113798241e-02 1.00000000000000e+05 
5.52491470454667e-02 1.00000000000000e+05 
5.53928443324729e-02 1.00000000000000e+05 
5.55236381088661e-02 1.00000000000000e+05 
5.56675112628986e-02 1.00000000000000e+05 
5.58133299027026e-02 1.00000000000000e+05 
5.59596065476895e-02 1.00000000000000e+05 
5.61060341931818e-02 1.00000000000000e+05 
5.62528140433503e-02 1.00000000000000e+05 
5.63997244719480e-02 1.00000000000000e+05 
5.65470161520315e-02 1.00000000000000e+05 
5.66944652855018e-02 1.00000000000000e+05 
5.68423424770192e-02 1.00000000000000e+05 
5.69904098359005e-02 1.00000000000000e+05 
5.71389524137678e-02 1.00000000000000e+05 
5.72877182379504e-02 1.00000000000000e+05 
5.74370068426419e-02 1.00000000000000e+05 
5.75865556190700e-02 1.00000000000000e+05 
5.77366767002075e-02 1.00000000000000e+05 
5.78870991521730e-02 1.00000000000000e+05 
5.80380521335477e-02 1.00000000000000e+05 
5.81894458225073e-02 1.00000000000000e+05 
5.83412781600443e-02 1.00000000000000e+05 
5.84936197150823e-02 1.00000000000000e+05 
5.86464101855970e-02 1.00000000000000e+05 
5.87997713136550e-02 1.00000000000000e+05 
5.89306369108567e-02 1.00000000000000e+05 
5.90615211738885e-02 1.00000000000000e+05 
5.91924435713667e-02 1.00000000000000e+05 
5.93233848155466e-02 1.00000000000000e+05 
5.94543676542421e-02 1.00000000000000e+05 
5.95853706743394e-02 1.00000000000000e+05 
5.97164198588040e-02 1.00000000000000e+05 
5.98474910360454e-02 1.00000000000000e+05 
5.99786130324330e-02 1.00000000000000e+05 
6.01097594377888e-02 1.00000000000000e+05 
6.02409248888515e-02 1.00000000000000e+05 
6.03720804407690e-02 1.00000000000000e+05 
6.05032179168266e-02 1.00000000000000e+05 
6.06343535326088e-02 1.00000000000000e+05 
6.07654831505298e-02 1.00000000000000e+05 
6.08966204750119e-02 1.00000000000000e+05 
6.10277654459894e-02 1.00000000000000e+05 
6.11589291376408e-02 1.00000000000000e+05 
6.12901156920712e-02 1.00000000000000e+05 
6.14213333416962e-02 1.00000000000000e+05 
6.15525907216298e-02 1.00000000000000e+05 
6.16838930000240e-02 1.00000000000000e+05 
6.18152534437776e-02 1.00000000000000e+05 
6.19466743403680e-02 1.00000000000000e+05 
6.20781726656791e-02 1.00000000000000e+05 
6.22097454699264e-02 1.00000000000000e+05 
6.23414087055805e-02 1.00000000000000e+05 
6.24731509295618e-02 1.00000000000000e+05 
6.26049880902441e-02 1.00000000000000e+05 
6.27369081913579e-02 1.00000000000000e+05 
6.28689418192755e-02 1.00000000000000e+05 
6.30010869705982e-02 1.00000000000000e+05 
6.31333953171615e-02 1.00000000000000e+05 
6.32658728906353e-02 1.00000000000000e+05 
6.33985878945219e-02 1.00000000000000e+05 
6.35315463140456e-02 1.00000000000000e+05 
6.36648278399702e-02 1.00000000000000e+05 
6.37984337952484e-02 1.00000000000000e+05 
6.39324553763591e-02 1.00000000000000e+05 
6.40668897769344e-02 1.00000000000000e+05 
6.42018445945877e-02 1.00000000000000e+05 
6.43373166971533e-02 1.00000000000000e+05 
6.44734375235069e-02 1.00000000000000e+05 
6.46102103107619e-02 1.00000000000000e+05 
6.47477993222080e-02 1.00000000000000e+05 
6.48862239714758e-02 1.00000000000000e+05 
6.50256922714794e-02 1.00000000000000e+05 
6.51662546716928e-02 1.00000000000000e+05 
6.53024492865377e-02 1.00000000000000e+05 
6.54324266974504e-02 1.00000000000000e+05 
6.55622183325641e-02 1.00000000000000e+05 
6.56919866423514e-02 1.00000000000000e+05 
6.58216024567613e-02 1.00000000000000e+05 
6.59511507591352e-02 1.00000000000000e+05 
6.60804984626121e-02 1.00000000000000e+05 
6.62097388229552e-02 1.00000000000000e+05 
6.63387951726381e-02 1.00000000000000e+05 
6.64677664324566e-02 1.00000000000000e+05 
6.65966329650332e-02 1.00000000000000e+05 
6.67254798856018e-02 1.00000000000000e+05 
6.68543491149094e-02 1.00000000000000e+05 
6.69833004984666e-02 1.00000000000000e+05 
6.71124431246133e-02 1.00000000000000e+05 
6.72418038123658e-02 1.00000000000000e+05 
6.73715652085573e-02 1.00000000000000e+05 
6.75017204464774e-02 1.00000000000000e+05 
6.76325354733051e-02 1.00000000000000e+05 
6.77639783210527e-02 1.00000000000000e+05 
6.78964092203689e-02 1.00000000000000e+05 
6.80297958088191e-02 1.00000000000000e+05 
6.81646052301690e-02 1.00000000000000e+05 
6.82916783375145e-02 1.00000000000000e+05 
6.84183675399797e-02 1.00000000000000e+05 
6.85450056404138e-02 1.00000000000000e+05 
6.86714415285840e-02 1.00000000000000e+05 
6.87979416855103e-02 1.00000000000000e+05 
6.89244441985853e-02 1.00000000000000e+05 
6.90510916732302e-02 1.00000000000000e+05 
6.91778736648024e-02 1.00000000000000e+05 
6.93048916064552e-02 1.00000000000000e+05 
6.94322105046911e-02 1.00000000000000e+05 
6.95598972084917e-02 1.00000000000000e+05 
6.96880969134698e-02 1.00000000000000e+05 
6.98168400552526e-02 1.00000000000000e+05 
6.99463543753018e-02 1.00000000000000e+05 
7.00766342076712e-02 1.00000000000000e+05 
7.02080046449473e-02 1.00000000000000e+05 
7.03404486225015e-02 1.00000000000000e+05 
7.04743955137299e-02 1.00000000000000e+05 
7.06009426992782e-02 1.00000000000000e+05 
7.07273131859555e-02 1.00000000000000e+05 
7.08536905109148e-02 1.00000000000000e+05 
7.09800304405346e-02 1.00000000000000e+05 
7.11066600435330e-02 1.00000000000000e+05 
7.12335218835453e-02 1.00000000000000e+05 
7.13607587140262e-02 1.00000000000000e+05 
7.14883267859290e-02 1.00000000000000e+05 
7.16163154159671e-02 1.00000000000000e+05 
7.17447300694257e-02 1.00000000000000e+05 
7.18736271360252e-02 1.00000000000000e+05 
7.20030646334207e-02 1.00000000000000e+05 
7.21330709008946e-02 1.00000000000000e+05 
7.22637592534434e-02 1.00000000000000e+05 
7.23951292672888e-02 1.00000000000000e+05 
7.25273515677366e-02 1.00000000000000e+05 
7.26603987950475e-02 1.00000000000000e+05 
7.27945031600935e-02 1.00000000000000e+05 
7.29296148681531e-02 1.00000000000000e+05 
7.30657879146405e-02 1.00000000000000e+05 
7.32034474404790e-02 1.00000000000000e+05 
7.33319628852270e-02 1.00000000000000e+05 
7.34605810803650e-02 1.00000000000000e+05 
7.35892292520543e-02 1.00000000000000e+05 
7.37180173173248e-02 1.00000000000000e+05 
7.38469283698018e-02 1.00000000000000e+05 
7.39762275695368e-02 1.00000000000000e+05 
7.41058676093596e-02 1.00000000000000e+05 
7.42359348599247e-02 1.00000000000000e+05 
7.43663741306600e-02 1.00000000000000e+05 
7.44972362662389e-02 1.00000000000000e+05 
7.46284912700625e-02 1.00000000000000e+05 
7.47601794587788e-02 1.00000000000000e+05 
7.48923017264297e-02 1.00000000000000e+05 
7.50248880785421e-02 1.00000000000000e+05 
7.51579705886824e-02 1.00000000000000e+05 
7.52915663528149e-02 1.00000000000000e+05 
7.54257446585486e-02 1.00000000000000e+05 
7.55604980703199e-02 1.00000000000000e+05 
7.56959362368631e-02 1.00000000000000e+05 
7.58320272918418e-02 1.00000000000000e+05 
7.59689198631746e-02 1.00000000000000e+05 
7.61065669138442e-02 1.00000000000000e+05 
7.62451596987893e-02 1.00000000000000e+05 
7.63846400340585e-02 1.00000000000000e+05 
7.65233062604212e-02 1.00000000000000e+05 
7.66548083517159e-02 1.00000000000000e+05 
7.67863057477234e-02 1.00000000000000e+05 
7.69178781628333e-02 1.00000000000000e+05 
7.70494673665950e-02 1.00000000000000e+05 
7.71811435325710e-02 1.00000000000000e+05 
7.73128798641933e-02 1.00000000000000e+05 
7.74448807439956e-02 1.00000000000000e+05 
7.75771139324963e-02 1.00000000000000e+05 
7.77096585333771e-02 1.00000000000000e+05 
7.78424465816563e-02 1.00000000000000e+05 
7.79755110999842e-02 1.00000000000000e+05 
7.81087962803790e-02 1.00000000000000e+05 
7.82423313037693e-02 1.00000000000000e+05 
7.83760803711401e-02 1.00000000000000e+05 
7.85100721473292e-02 1.00000000000000e+05 
7.86442897751248e-02 1.00000000000000e+05 
7.87787572816379e-02 1.00000000000000e+05 
7.89134746515913e-02 1.00000000000000e+05 
7.90484588582008e-02 1.00000000000000e+05 
7.91837250920088e-02 1.00000000000000e+05 
7.93192823332594e-02 1.00000000000000e+05 
7.94551614702235e-02 1.00000000000000e+05 
7.95913624729190e-02 1.00000000000000e+05 
7.97279317533117e-02 1.00000000000000e+05 
7.98648601167519e-02 1.00000000000000e+05 
8.00022099642916e-02 1.00000000000000e+05 
8.01399633586549e-02 1.00000000000000e+05 
8.02781995751004e-02 1.00000000000000e+05 
8.04168926795011e-02 1.00000000000000e+05 
8.05561402263147e-02 1.00000000000000e+05 
8.06959091125342e-02 1.00000000000000e+05 
8.08363166153687e-02 1.00000000000000e+05 
8.09773239852265e-02 1.00000000000000e+05 
8.11190697616952e-02 1.00000000000000e+05 
8.12615119669024e-02 1.00000000000000e+05 
8.14048139219383e-02 1.00000000000000e+05 
8.15489316713848e-02 1.00000000000000e+05 
8.16940560471334e-02 1.00000000000000e+05 
8.18282849836662e-02 1.00000000000000e+05 
8.19625065295329e-02 1.00000000000000e+05 
8.20967597418317e-02 1.00000000000000e+05 
8.22310143262543e-02 1.00000000000000e+05 
8.23652999252803e-02 1.00000000000000e+05 
8.24996041702896e-02 1.00000000000000e+05 
8.26340986326707e-02 1.00000000000000e+05 
8.27687652568713e-02 1.00000000000000e+05 
8.29036497483043e-02 1.00000000000000e+05 
8.30386953441048e-02 1.00000000000000e+05 
8.31739056325647e-02 1.00000000000000e+05 
8.33092294119424e-02 1.00000000000000e+05 
8.34446711045071e-02 1.00000000000000e+05 
8.35801921191733e-02 1.00000000000000e+05 
8.37158029739534e-02 1.00000000000000e+05 
8.38514770584133e-02 1.00000000000000e+05 
8.39872275092344e-02 1.00000000000000e+05 
8.41230367313666e-02 1.00000000000000e+05 
8.42589177047184e-02 1.00000000000000e+05 
8.43948590970357e-02 1.00000000000000e+05 
8.45308718548878e-02 1.00000000000000e+05 
8.46669487454382e-02 1.00000000000000e+05 
8.48030976864786e-02 1.00000000000000e+05 
8.49393141173802e-02 1.00000000000000e+05 
8.50756032966461e-02 1.00000000000000e+05 
8.52119166390029e-02 1.00000000000000e+05 
8.53482267282408e-02 1.00000000000000e+05 
8.54845371156765e-02 1.00000000000000e+05 
8.56208484033854e-02 1.00000000000000e+05 
8.57571637276201e-02 1.00000000000000e+05 
8.58934834939278e-02 1.00000000000000e+05 
8.60298107461085e-02 1.00000000000000e+05 
8.61661457867054e-02 1.00000000000000e+05 
8.63024915761968e-02 1.00000000000000e+05 
8.64388484688739e-02 1.00000000000000e+05 
8.65752192923944e-02 1.00000000000000e+05 
8.67116046368155e-02 1.00000000000000e+05 
8.68480071567975e-02 1.00000000000000e+05 
8.69844278182260e-02 1.00000000000000e+05 
8.71208690892008e-02 1.00000000000000e+05 
8.72573323667971e-02 1.00000000000000e+05 
8.73938199451304e-02 1.00000000000000e+05 
8.75303336906297e-02 1.00000000000000e+05 
8.76668758034423e-02 1.00000000000000e+05 
8.78034485459922e-02 1.00000000000000e+05 
8.79400539922890e-02 1.00000000000000e+05 
8.80766948637563e-02 1.00000000000000e+05 
8.82133734743086e-02 1.00000000000000e+05 
8.83500927109539e-02 1.00000000000000e+05 
8.84868552658880e-02 1.00000000000000e+05 
8.86236638509351e-02 1.00000000000000e+05 
8.87605216203912e-02 1.00000000000000e+05 
8.88974311104874e-02 1.00000000000000e+05 
8.90343961560552e-02 1.00000000000000e+05 
8.91714191840639e-02 1.00000000000000e+05 
8.93085049178406e-02 1.00000000000000e+05 
8.94456555453441e-02 1.00000000000000e+05 
8.95828770350957e-02 1.00000000000000e+05 
8.97201710599538e-02 1.00000000000000e+05 
8.98575451707063e-02 1.00000000000000e+05 
8.99950001654172e-02 1.00000000000000e+05 
9.01325454036837e-02 1.00000000000000e+05 
9.02701805332211e-02 1.00000000000000e+05 
9.04079168421611e-02 1.00000000000000e+05 
9.05457527008212e-02 1.00000000000000e+05 
9.06837013996875e-02 1.00000000000000e+05 
9.08217601114311e-02 1.00000000000000e+05 
9.09599441371912e-02 1.00000000000000e+05 
9.10982495544570e-02 1.00000000000000e+05 
9.12366941056347e-02 1.00000000000000e+05 
9.13752724570456e-02 1.00000000000000e+05 
9.15140049464215e-02 1.00000000000000e+05 
9.16528849573355e-02 1.00000000000000e+05 
9.17919359626369e-02 1.00000000000000e+05 
9.19311497884852e-02 1.00000000000000e+05 
9.20705532401462e-02 1.00000000000000e+05 
9.22101367942659e-02 1.00000000000000e+05 
9.23499306730470e-02 1.00000000000000e+05 
9.24899244939557e-02 1.00000000000000e+05 
9.26301526007690e-02 1.00000000000000e+05 
9.27706035982845e-02 1.00000000000000e+05 
9.29113170030555e-02 1.00000000000000e+05 
9.30522796790108e-02 1.00000000000000e+05 
9.31935371026681e-02 1.00000000000000e+05 
9.33350744490586e-02 1.00000000000000e+05 
9.34769444242878e-02 1.00000000000000e+05 
9.36191300816781e-02 1.00000000000000e+05 
9.37616929366323e-02 1.00000000000000e+05 
9.39046134230675e-02 1.00000000000000e+05 
9.40479642093636e-02 1.00000000000000e+05 
9.41917217646249e-02 1.00000000000000e+05 
9.43359725353217e-02 1.00000000000000e+05 
9.44806885330688e-02 1.00000000000000e+05 
9.46259739168107e-02 1.00000000000000e+05 
9.47717943178930e-02 1.00000000000000e+05 
9.49182756094151e-02 1.00000000000000e+05 
9.50653762373833e-02 1.00000000000000e+05 
9.52132488395029e-02 1.00000000000000e+05 
9.53618638720543e-02 1.00000000000000e+05 
9.55114017707416e-02 1.00000000000000e+05 
9.56618535674534e-02 1.00000000000000e+05 
9.58128253787000e-02 1.00000000000000e+05 
9.59638429444658e-02 1.00000000000000e+05 
9.61150438715479e-02 1.00000000000000e+05 
9.62663057928749e-02 1.00000000000000e+05 
9.64175895667777e-02 1.00000000000000e+05 
9.65687328645520e-02 1.00000000000000e+05 
9.67198146762775e-02 1.00000000000000e+05 
9.68710795995380e-02 1.00000000000000e+05 
9.70224348971592e-02 1.00000000000000e+05 
9.71736712894521e-02 1.00000000000000e+05 
9.73248589606761e-02 1.00000000000000e+05 
9.74762382212861e-02 1.00000000000000e+05 
9.76277098823339e-02 1.00000000000000e+05 
9.77790655399508e-02 1.00000000000000e+05 
9.79303779657390e-02 1.00000000000000e+05 
9.80815298227269e-02 1.00000000000000e+05 
9.82328138248284e-02 1.00000000000000e+05 
9.83841290309842e-02 1.00000000000000e+05 
9.85354695866349e-02 1.00000000000000e+05 
9.86866574118413e-02 1.00000000000000e+05 
9.88379808874996e-02 1.00000000000000e+05 
9.89893239157317e-02 1.00000000000000e+05 
9.91406869041296e-02 1.00000000000000e+05 
9.92918847424125e-02 1.00000000000000e+05 
9.94432123096871e-02 1.00000000000000e+05 
9.95945463955680e-02 1.00000000000000e+05 
9.97458904028220e-02 1.00000000000000e+05 
9.98974090034284e-02 1.00000000000000e+05 
1.00049016183447e-01 1.00000000000000e+05 
1.00200467514996e-01 1.00000000000000e+05 
1.00351853285694e-01 1.00000000000000e+05 
1.00503385614191e-01 1.00000000000000e+05 
1.00654991630227e-01 1.00000000000000e+05 
1.00806437514267e-01 1.00000000000000e+05 
1.00958015447103e-01 1.00000000000000e+05 
1.01109592362435e-01 1.00000000000000e+05 
1.01261179664478e-01 1.00000000000000e+05 
1.01412934149794e-01 1.00000000000000e+05 
1.01564780281501e-01 1.00000000000000e+05 
1.01716464844940e-01 1.00000000000000e+05 
1.01868090191750e-01 1.00000000000000e+05 
1.02019860145422e-01 1.00000000000000e+05 
1.02171714546937e-01 1.00000000000000e+05 
1.02323409160392e-01 1.00000000000000e+05 
1.02475249833863e-01 1.00000000000000e+05 
1.02627092856957e-01 1.00000000000000e+05 
1.02778963502863e-01 1.00000000000000e+05 
1.02931007493041e-01 1.00000000000000e+05 
1.03083163579512e-01 1.00000000000000e+05 
1.03235165539826e-01 1.00000000000000e+05 
1.03387130344021e-01 1.00000000000000e+05 
1.03539251122426e-01 1.00000000000000e+05 
1.03691482198018e-01 1.00000000000000e+05 
1.03843565125120e-01 1.00000000000000e+05 
1.03995823319460e-01 1.00000000000000e+05 
1.04148099679021e-01 1.00000000000000e+05 
1.04300439871315e-01 1.00000000000000e+05 
1.04452616400233e-01 1.00000000000000e+05 
1.04604974446249e-01 1.00000000000000e+05 
1.04757352810825e-01 1.00000000000000e+05 
1.04909808696567e-01 1.00000000000000e+05 
1.05062107526697e-01 1.00000000000000e+05 
1.05214603177849e-01 1.00000000000000e+05 
1.05367127496378e-01 1.00000000000000e+05 
1.05519740312252e-01 1.00000000000000e+05 
1.05672564967381e-01 1.00000000000000e+05 
1.05825571044565e-01 1.00000000000000e+05 
1.05978461563909e-01 1.00000000000000e+05 
1.06131391427131e-01 1.00000000000000e+05 
1.06284169131880e-01 1.00000000000000e+05 
1.06436969446883e-01 1.00000000000000e+05 
1.06589980897146e-01 1.00000000000000e+05 
1.06743190036926e-01 1.00000000000000e+05 
1.06896311318094e-01 1.00000000000000e+05 
1.07049502484089e-01 1.00000000000000e+05 
1.07202572970976e-01 1.00000000000000e+05 
1.07355700189744e-01 1.00000000000000e+05 
1.07509075540986e-01 1.00000000000000e+05 
1.07662687174840e-01 1.00000000000000e+05 
1.07816243990842e-01 1.00000000000000e+05 
1.07969909305519e-01 1.00000000000000e+05 
1.08123486768420e-01 1.00000000000000e+05 
1.08277166491777e-01 1.00000000000000e+05 
1.08430764447057e-01 1.00000000000000e+05 
1.08584474714893e-01 1.00000000000000e+05 
1.08738114506473e-01 1.00000000000000e+05 
1.08891878465595e-01 1.00000000000000e+05 
1.09045583434707e-01 1.00000000000000e+05 
1.09199424293039e-01 1.00000000000000e+05 
1.09353217474564e-01 1.00000000000000e+05 
1.09507158332325e-01 1.00000000000000e+05 
1.09661062920253e-01 1.00000000000000e+05 
1.09815127300481e-01 1.00000000000000e+05 
1.09969166962199e-01 1.00000000000000e+05 
1.10123378760850e-01 1.00000000000000e+05 
1.10277577465522e-01 1.00000000000000e+05 
1.10431960777981e-01 1.00000000000000e+05 
1.10586342685094e-01 1.00000000000000e+05 
1.10740921812262e-01 1.00000000000000e+05 
1.10895511332917e-01 1.00000000000000e+05 
1.11050310902880e-01 1.00000000000000e+05 
1.11205132819229e-01 1.00000000000000e+05 
1.11360177825594e-01 1.00000000000000e+05 
1.11515257291141e-01 1.00000000000000e+05 
1.11670573068971e-01 1.00000000000000e+05 
1.11825935496817e-01 1.00000000000000e+05 
1.11981547516357e-01 1.00000000000000e+05 
1.12137218386576e-01 1.00000000000000e+05 
1.12293152057394e-01 1.00000000000000e+05 
1.12449156758801e-01 1.00000000000000e+05 
1.12605437125071e-01 1.00000000000000e+05 
1.12761800623872e-01 1.00000000000000e+05 
1.12918452083798e-01 1.00000000000000e+05 
1.13075198628079e-01 1.00000000000000e+05 
1.13232244874055e-01 1.00000000000000e+05 
1.13389397856407e-01 1.00000000000000e+05 
1.13546861548936e-01 1.00000000000000e+05 
1.13704442993881e-01 1.00000000000000e+05 
1.13862345168884e-01 1.00000000000000e+05 
1.14020375104993e-01 1.00000000000000e+05 
1.14178734599099e-01 1.00000000000000e+05 
1.14337230526743e-01 1.00000000000000e+05 
1.14496063598355e-01 1.00000000000000e+05 
1.14655040283843e-01 1.00000000000000e+05 
1.14814360766874e-01 1.00000000000000e+05 
1.14973830418325e-01 1.00000000000000e+05 
1.15133649990400e-01 1.00000000000000e+05 
1.15293622668252e-01 1.00000000000000e+05 
1.15453951280512e-01 1.00000000000000e+05 
1.15614435453756e-01 1.00000000000000e+05 
1.15775281781201e-01 1.00000000000000e+05 
1.15936284793512e-01 1.00000000000000e+05 
1.16097656616575e-01 1.00000000000000e+05 
1.16259184937730e-01 1.00000000000000e+05 
1.16421089169409e-01 1.00000000000000e+05 
1.16583148460747e-01 1.00000000000000e+05 
1.16745591538706e-01 1.00000000000000e+05 
1.16908186801337e-01 1.00000000000000e+05 
1.17071174010070e-01 1.00000000000000e+05 
1.17234309438928e-01 1.00000000000000e+05 
1.17397845905992e-01 1.00000000000000e+05 
1.17561525164457e-01 1.00000000000000e+05 
1.17725614571038e-01 1.00000000000000e+05 
1.17889840688919e-01 1.00000000000000e+05 
1.18054486790101e-01 1.00000000000000e+05 
1.18219262918262e-01 1.00000000000000e+05 
1.18384469411457e-01 1.00000000000000e+05 
1.18549798476479e-01 1.00000000000000e+05 
1.18715568683616e-01 1.00000000000000e+05 
1.18881453128776e-01 1.00000000000000e+05 
1.19047789852330e-01 1.00000000000000e+05 
1.19214231483954e-01 1.00000000000000e+05 
1.19381136821196e-01 1.00000000000000e+05 
1.19548136736336e-01 1.00000000000000e+05 
1.19715612185229e-01 1.00000000000000e+05 
1.19883170970551e-01 1.00000000000000e+05 
1.20051217659572e-01 1.00000000000000e+05 
1.20219335614850e-01 1.00000000000000e+05 
1.20387954493622e-01 1.00000000000000e+05 
1.20556631830603e-01 1.00000000000000e+05 
1.20725823858219e-01 1.00000000000000e+05 
1.20895060850548e-01 1.00000000000000e+05 
1.21064827141486e-01 1.00000000000000e+05 
1.21234624092658e-01 1.00000000000000e+05 
1.21404965121969e-01 1.00000000000000e+05 
1.21575322220414e-01 1.00000000000000e+05 
1.21746239618300e-01 1.00000000000000e+05 
1.21917157048337e-01 1.00000000000000e+05 
1.22088651670936e-01 1.00000000000000e+05 
1.22260128905436e-01 1.00000000000000e+05 
1.22432200952307e-01 1.00000000000000e+05 
1.22604236814429e-01 1.00000000000000e+05 
1.22776885853318e-01 1.00000000000000e+05 
1.22949478580352e-01 1.00000000000000e+05 
1.23122703793575e-01 1.00000000000000e+05 
1.23295851439889e-01 1.00000000000000e+05 
1.23469652220600e-01 1.00000000000000e+05 
1.23643353392311e-01 1.00000000000000e+05 
1.23817731314480e-01 1.00000000000000e+05 
1.23991988100928e-01 1.00000000000000e+05 
1.24166954114720e-01 1.00000000000000e+05 
1.24341780932243e-01 1.00000000000000e+05 
1.24517362629028e-01 1.00000000000000e+05 
1.24692792161618e-01 1.00000000000000e+05 
1.24869028735850e-01 1.00000000000000e+05 
1.25045103487410e-01 1.00000000000000e+05 
1.25222034781707e-01 1.00000000000000e+05 
1.25398793094788e-01 1.00000000000000e+05 
1.25576450254574e-01 1.00000000000000e+05 
1.25753920375348e-01 1.00000000000000e+05 
1.25932327787261e-01 1.00000000000000e+05 
1.26110531381591e-01 1.00000000000000e+05 
1.26289711872743e-01 1.00000000000000e+05 
1.26468670338630e-01 1.00000000000000e+05 
1.26631453864678e-01 1.00000000000000e+05 
1.26794083116175e-01 1.00000000000000e+05 
1.26956971364510e-01 1.00000000000000e+05 
1.27119809947586e-01 1.00000000000000e+05 
1.27282914229121e-01 1.00000000000000e+05 
1.27445961300483e-01 1.00000000000000e+05 
1.27609264751552e-01 1.00000000000000e+05 
1.27772478065671e-01 1.00000000000000e+05 
1.27935915266759e-01 1.00000000000000e+05 
1.28099199316825e-01 1.00000000000000e+05 
1.28262635031952e-01 1.00000000000000e+05 
1.28425792557025e-01 1.00000000000000e+05 
1.28588974142488e-01 1.00000000000000e+05 
1.28751752919660e-01 1.00000000000000e+05 
1.28914492977767e-01 1.00000000000000e+05 
1.29076779461999e-01 1.00000000000000e+05 
1.29239013390838e-01 1.00000000000000e+05 
1.29417470712562e-01 1.00000000000000e+05 
1.29579268149638e-01 1.00000000000000e+05 
1.29757245330422e-01 1.00000000000000e+05 
1.29918595397648e-01 1.00000000000000e+05 
1.30096080471597e-01 1.00000000000000e+05 
1.30257070607879e-01 1.00000000000000e+05 
1.30417642631979e-01 1.00000000000000e+05 
1.30578350785079e-01 1.00000000000000e+05 
1.30738794326291e-01 1.00000000000000e+05 
1.30899485196391e-01 1.00000000000000e+05 
1.31060037855647e-01 1.00000000000000e+05 
1.31220971808245e-01 1.00000000000000e+05 
1.31381910418404e-01 1.00000000000000e+05 
1.31543399090344e-01 1.00000000000000e+05 
1.31705077480659e-01 1.00000000000000e+05 
1.31867513627530e-01 1.00000000000000e+05 
1.32030347272742e-01 1.00000000000000e+05 
1.32194148291800e-01 1.00000000000000e+05 
1.32358563121334e-01 1.00000000000000e+05 
1.32524166919267e-01 1.00000000000000e+05 
1.32690632749536e-01 1.00000000000000e+05 
1.32858551880992e-01 1.00000000000000e+05 
1.33027645881867e-01 1.00000000000000e+05 
1.33194895777165e-01 1.00000000000000e+05 
1.33366071349262e-01 1.00000000000000e+05 
1.33532502940802e-01 1.00000000000000e+05 
1.33702413260161e-01 1.00000000000000e+05 
1.33842394058228e-01 1.00000000000000e+05 
1.33982396832689e-01 1.00000000000000e+05 
1.34122473211307e-01 1.00000000000000e+05 
1.34262585732975e-01 1.00000000000000e+05 
1.34402803915221e-01 1.00000000000000e+05 
1.34543083348120e-01 1.00000000000000e+05 
1.34683509197309e-01 1.00000000000000e+05 
1.34824025061470e-01 1.00000000000000e+05 
1.34964625160455e-01 1.00000000000000e+05 
1.35105251469780e-01 1.00000000000000e+05 
1.35245886533374e-01 1.00000000000000e+05 
1.35386580118115e-01 1.00000000000000e+05 
1.35527325205727e-01 1.00000000000000e+05 
1.35668166819136e-01 1.00000000000000e+05 
1.35809107861523e-01 1.00000000000000e+05 
1.35950187832357e-01 1.00000000000000e+05 
1.36091420970065e-01 1.00000000000000e+05 
1.36232841199729e-01 1.00000000000000e+05 
1.36374475793027e-01 1.00000000000000e+05 
1.36516353072362e-01 1.00000000000000e+05 
1.36658582973996e-01 1.00000000000000e+05 
1.36801161736868e-01 1.00000000000000e+05 
1.36944212617291e-01 1.00000000000000e+05 
1.37087704870380e-01 1.00000000000000e+05 
1.37231804518860e-01 1.00000000000000e+05 
1.37376468981259e-01 1.00000000000000e+05 
1.37521912067590e-01 1.00000000000000e+05 
1.37668086293391e-01 1.00000000000000e+05 
1.37815258658375e-01 1.00000000000000e+05 
1.37963386470489e-01 1.00000000000000e+05 
1.38112798002740e-01 1.00000000000000e+05 
1.38263469420533e-01 1.00000000000000e+05 
1.38415817284626e-01 1.00000000000000e+05 
1.38569487193724e-01 1.00000000000000e+05 
1.38708779327508e-01 1.00000000000000e+05 
1.38848144083270e-01 1.00000000000000e+05 
1.38987425210864e-01 1.00000000000000e+05 
1.39126726752731e-01 1.00000000000000e+05 
1.39265914464844e-01 1.00000000000000e+05 
1.39405090389987e-01 1.00000000000000e+05 
1.39544159185123e-01 1.00000000000000e+05 
1.39683223643837e-01 1.00000000000000e+05 
1.39822225518945e-01 1.00000000000000e+05 
1.39961259414358e-01 1.00000000000000e+05 
1.40100301352791e-01 1.00000000000000e+05 
1.40239430402778e-01 1.00000000000000e+05 
1.40378660439093e-01 1.00000000000000e+05 
1.40518046087516e-01 1.00000000000000e+05 
1.40657637023618e-01 1.00000000000000e+05 
1.40797461617332e-01 1.00000000000000e+05 
1.40937607585119e-01 1.00000000000000e+05 
1.41078079215555e-01 1.00000000000000e+05 
1.41219003702836e-01 1.00000000000000e+05 
1.41360364041613e-01 1.00000000000000e+05 
1.41502328482246e-01 1.00000000000000e+05 
1.41644852692003e-01 1.00000000000000e+05 
1.41788152070717e-01 1.00000000000000e+05 
1.41932177671610e-01 1.00000000000000e+05 
1.42077194417355e-01 1.00000000000000e+05 
1.42223152256364e-01 1.00000000000000e+05 
1.42370368657279e-01 1.00000000000000e+05 
1.42518798803553e-01 1.00000000000000e+05 
1.42668824900175e-01 1.00000000000000e+05 
1.42807764864617e-01 1.00000000000000e+05 
1.42946547224356e-01 1.00000000000000e+05 
1.43085440397685e-01 1.00000000000000e+05 
1.43224368672499e-01 1.00000000000000e+05 
1.43363462805201e-01 1.00000000000000e+05 
1.43502619419324e-01 1.00000000000000e+05 
1.43641922330824e-01 1.00000000000000e+05 
1.43781291100042e-01 1.00000000000000e+05 
1.43920805968890e-01 1.00000000000000e+05 
1.44060415742224e-01 1.00000000000000e+05 
1.44200198951757e-01 1.00000000000000e+05 
1.44340131068059e-01 1.00000000000000e+05 
1.44480284067451e-01 1.00000000000000e+05 
1.44620656248623e-01 1.00000000000000e+05 
1.44761313382235e-01 1.00000000000000e+05 
1.44902265542299e-01 1.00000000000000e+05 
1.45043572261480e-01 1.00000000000000e+05 
1.45185263456927e-01 1.00000000000000e+05 
1.45327397556296e-01 1.00000000000000e+05 
1.45470024549361e-01 1.00000000000000e+05 
1.45613206860891e-01 1.00000000000000e+05 
1.45757016921290e-01 1.00000000000000e+05 
1.45901529836798e-01 1.00000000000000e+05 
1.46047036526541e-01 1.00000000000000e+05 
1.46193560354303e-01 1.00000000000000e+05 
1.46341415630233e-01 1.00000000000000e+05 
1.46490537689921e-01 1.00000000000000e+05 
1.46641235273750e-01 1.00000000000000e+05 
1.46781546870046e-01 1.00000000000000e+05 
1.46921861148754e-01 1.00000000000000e+05 
1.47062261339542e-01 1.00000000000000e+05 
1.47202698960769e-01 1.00000000000000e+05 
1.47343391869776e-01 1.00000000000000e+05 
1.47484286098293e-01 1.00000000000000e+05 
1.47625462028143e-01 1.00000000000000e+05 
1.47766827790380e-01 1.00000000000000e+05 
1.47908416968680e-01 1.00000000000000e+05 
1.48050154765938e-01 1.00000000000000e+05 
1.48192077900251e-01 1.00000000000000e+05 
1.48334137585986e-01 1.00000000000000e+05 
1.48476378964771e-01 1.00000000000000e+05 
1.48618777772734e-01 1.00000000000000e+05 
1.48761382127522e-01 1.00000000000000e+05 
1.48904188977518e-01 1.00000000000000e+05 
1.49047243407282e-01 1.00000000000000e+05 
1.49190560900052e-01 1.00000000000000e+05 
1.49334180010956e-01 1.00000000000000e+05 
1.49478131886136e-01 1.00000000000000e+05 
1.49622452101285e-01 1.00000000000000e+05 
1.49767179900199e-01 1.00000000000000e+05 
1.49912347864793e-01 1.00000000000000e+05 
1.50058011144687e-01 1.00000000000000e+05 
1.50204204384021e-01 1.00000000000000e+05 
1.50350999324654e-01 1.00000000000000e+05 
1.50498437836305e-01 1.00000000000000e+05 
1.50646607400093e-01 1.00000000000000e+05 
1.50795565681154e-01 1.00000000000000e+05 
1.50945416724080e-01 1.00000000000000e+05 
1.51096243150076e-01 1.00000000000000e+05 
1.51248166131318e-01 1.00000000000000e+05 
1.51390614625881e-01 1.00000000000000e+05 
1.51532951687049e-01 1.00000000000000e+05 
1.51675248167682e-01 1.00000000000000e+05 
1.51817469579224e-01 1.00000000000000e+05 
1.51959828743736e-01 1.00000000000000e+05 
1.52102296120969e-01 1.00000000000000e+05 
1.52245120908210e-01 1.00000000000000e+05 
1.52388283458506e-01 1.00000000000000e+05 
1.52531843721565e-01 1.00000000000000e+05 
1.52675745827964e-01 1.00000000000000e+05 
1.52819996308281e-01 1.00000000000000e+05 
1.52964540416334e-01 1.00000000000000e+05 
1.53109369386536e-01 1.00000000000000e+05 
1.53254438815626e-01 1.00000000000000e+05 
1.53399740142378e-01 1.00000000000000e+05 
1.53545244718758e-01 1.00000000000000e+05 
1.53690948261253e-01 1.00000000000000e+05 
1.53836838605074e-01 1.00000000000000e+05 
1.53982916637814e-01 1.00000000000000e+05 
1.54129187587546e-01 1.00000000000000e+05 
1.54275653929515e-01 1.00000000000000e+05 
1.54422336786710e-01 1.00000000000000e+05 
1.54569236960838e-01 1.00000000000000e+05 
1.54716388786327e-01 1.00000000000000e+05 
1.54863790565648e-01 1.00000000000000e+05 
1.55011489768068e-01 1.00000000000000e+05 
1.55159480389195e-01 1.00000000000000e+05 
1.55307822193799e-01 1.00000000000000e+05 
1.55456503958063e-01 1.00000000000000e+05 
1.55605597760363e-01 1.00000000000000e+05 
1.55755088068232e-01 1.00000000000000e+05 
1.55905058662542e-01 1.00000000000000e+05 
1.56055495599155e-01 1.00000000000000e+05 
1.56206484318379e-01 1.00000000000000e+05 
1.56358015249011e-01 1.00000000000000e+05 
1.56510186900017e-01 1.00000000000000e+05 
1.56662999375588e-01 1.00000000000000e+05 
1.56816564980357e-01 1.00000000000000e+05 
1.56970898854111e-01 1.00000000000000e+05 
1.57126126147530e-01 1.00000000000000e+05 
1.57282286120875e-01 1.00000000000000e+05 
1.57439515805542e-01 1.00000000000000e+05 
1.57585407316893e-01 1.00000000000000e+05 
1.57731230963018e-01 1.00000000000000e+05 
1.57877021418032e-01 1.00000000000000e+05 
1.58022760009837e-01 1.00000000000000e+05 
1.58168577914359e-01 1.00000000000000e+05 
1.58314499738273e-01 1.00000000000000e+05 
1.58460617022301e-01 1.00000000000000e+05 
1.58606878229035e-01 1.00000000000000e+05 
1.58753285842490e-01 1.00000000000000e+05 
1.58899793746724e-01 1.00000000000000e+05 
1.59046396164390e-01 1.00000000000000e+05 
1.59193065162226e-01 1.00000000000000e+05 
1.59339800146655e-01 1.00000000000000e+05 
1.59486589498071e-01 1.00000000000000e+05 
1.59633434816067e-01 1.00000000000000e+05 
1.59780333432685e-01 1.00000000000000e+05 
1.59927325085039e-01 1.00000000000000e+05 
1.60074433894310e-01 1.00000000000000e+05 
1.60221718739235e-01 1.00000000000000e+05 
1.60369213640264e-01 1.00000000000000e+05 
1.60516965111657e-01 1.00000000000000e+05 
1.60665004814486e-01 1.00000000000000e+05 
1.60813353694179e-01 1.00000000000000e+05 
1.60961994277480e-01 1.00000000000000e+05 
1.61110607254844e-01 1.00000000000000e+05 
1.61259204949913e-01 1.00000000000000e+05 
1.61407797635005e-01 1.00000000000000e+05 
1.61556408438134e-01 1.00000000000000e+05 
1.61705037675741e-01 1.00000000000000e+05 
1.61853714026987e-01 1.00000000000000e+05 
1.62002428153416e-01 1.00000000000000e+05 
1.62151210551379e-01 1.00000000000000e+05 
1.62300045531454e-01 1.00000000000000e+05 
1.62448961712066e-01 1.00000000000000e+05 
1.62597942215533e-01 1.00000000000000e+05 
1.62747014761040e-01 1.00000000000000e+05 
1.62896161292397e-01 1.00000000000000e+05 
1.63045409926292e-01 1.00000000000000e+05 
1.63194740527763e-01 1.00000000000000e+05 
1.63344180972952e-01 1.00000000000000e+05 
1.63493711716673e-01 1.00000000000000e+05 
1.63643362055989e-01 1.00000000000000e+05 
1.63793113531917e-01 1.00000000000000e+05 
1.63942996537400e-01 1.00000000000000e+05 
1.64092993260083e-01 1.00000000000000e+05 
1.64243135401507e-01 1.00000000000000e+05 
1.64393405611911e-01 1.00000000000000e+05 
1.64543837642420e-01 1.00000000000000e+05 
1.64694414343895e-01 1.00000000000000e+05 
1.64845173173343e-01 1.00000000000000e+05 
1.64996095585571e-01 1.00000000000000e+05 
1.65147223042979e-01 1.00000000000000e+05 
1.65298535539117e-01 1.00000000000000e+05 
1.65450077758386e-01 1.00000000000000e+05 
1.65601830243795e-01 1.00000000000000e+05 
1.65753842077017e-01 1.00000000000000e+05 
1.65906094239430e-01 1.00000000000000e+05 
1.66058642927815e-01 1.00000000000000e+05 
1.66211466598751e-01 1.00000000000000e+05 
1.66364628172587e-01 1.00000000000000e+05 
1.66518103960115e-01 1.00000000000000e+05 
1.66671965542687e-01 1.00000000000000e+05 
1.66826186662292e-01 1.00000000000000e+05 
1.66980849525026e-01 1.00000000000000e+05 
1.67135925359549e-01 1.00000000000000e+05 
1.67291509346963e-01 1.00000000000000e+05 
1.67447570066883e-01 1.00000000000000e+05 
1.67604218321039e-01 1.00000000000000e+05 
1.67761420520791e-01 1.00000000000000e+05 
1.67919305736272e-01 1.00000000000000e+05 
1.68077839781265e-01 1.00000000000000e+05 
1.68237173265118e-01 1.00000000000000e+05 
1.68397273474762e-01 1.00000000000000e+05 
1.68558316068240e-01 1.00000000000000e+05 
1.68720275223071e-01 1.00000000000000e+05 
1.68883356796354e-01 1.00000000000001e+05 
1.69047575578674e-01 1.00000000000001e+05 
1.69212953525153e-01 1.00000000000001e+05 
1.69378783819380e-01 1.00000000000002e+05 
1.69544900111558e-01 1.00000000000003e+05 
1.69711154809175e-01 1.00000000000004e+05 
1.69877573147487e-01 1.00000000000008e+05 
1.70044094878841e-01 1.00000000000014e+05 
1.70210784798753e-01 1.00000000000030e+05 
1.70377583673235e-01 1.00000000000053e+05 
1.70544565147521e-01 1.00000000000098e+05 
1.70711661871551e-01 1.00000000000157e+05 
1.70878949999451e-01 1.00000000000254e+05 
1.71046356927418e-01 1.00000000000376e+05 
1.71213959829942e-01 1.00000000000558e+05 
1.71381683742119e-01 1.00000000000796e+05 
1.71549606508384e-01 1.00000000001225e+05 
1.71717651768731e-01 1.00000000002088e+05 
1.71885900674615e-01 1.00000000003318e+05 
1.72054272390621e-01 1.00000000005163e+05 
1.72222850977677e-01 1.00000000022402e+05 
1.72391552253602e-01 1.00000000028973e+05 
1.72560463792303e-01 1.00000000114269e+05 
1.72729496912629e-01 1.00000000308771e+05 
1.72898742152538e-01 1.00000000647604e+05 
1.73068107438960e-01 1.00000001122834e+05 
1.73237686431341e-01 1.00000001781529e+05 
1.73407383595489e-01 1.00000002604988e+05 
1.73577295998524e-01 1.00000003649497e+05 
1.73747324478706e-01 1.00000004916914e+05 
1.73917569538713e-01 1.00000006450534e+05 
1.74087928545049e-01 1.00000008301474e+05 
1.74258505463856e-01 1.00000010456051e+05 
1.74429194111118e-01 1.00000013023085e+05 
1.74600101976393e-01 1.00000016000646e+05 
1.74771119229392e-01 1.00000019451744e+05 
1.74942356949143e-01 1.00000023351580e+05 
1.75113701627248e-01 1.00000027803992e+05 
1.75285268001550e-01 1.00000032851858e+05 
1.75456938872808e-01 1.00000038552786e+05 
1.75628832599192e-01 1.00000045073064e+05 
1.75800828444698e-01 1.00000052284631e+05 
1.75973048396326e-01 1.00000060567515e+05 
1.76145368168157e-01 1.00000069669906e+05 
1.76317913435934e-01 1.00000080250695e+05 
1.76490556175462e-01 1.00000091951426e+05 
1.76663425982610e-01 1.00000105471047e+05 
1.76836390615942e-01 1.00000120489262e+05 
1.77009583728844e-01 1.00000138164741e+05 
1.77182868787234e-01 1.00000157722277e+05 
1.77356383469207e-01 1.00000180901680e+05 
1.77529987140151e-01 1.00000206518719e+05 
1.77703821785847e-01 1.00000237022902e+05 
1.77877741999498e-01 1.00000270993187e+05 
1.78051894304396e-01 1.00000311676094e+05 
1.78226128145995e-01 1.00000357515657e+05 
1.78400594920929e-01 1.00000412411299e+05 
1.78575138562428e-01 1.00000474765051e+05 
1.78749915700917e-01 1.00000549307724e+05 
1.78924764397040e-01 1.00000634401264e+05 
1.79099846775336e-01 1.00000735871533e+05 
1.79274994939599e-01 1.00000852190141e+05 
1.79450376711852e-01 1.00000990231592e+05 
1.79625818189290e-01 1.00001148909295e+05 
1.79801493051788e-01 1.00001336062377e+05 
1.79977221329658e-01 1.00001647219887e+05 
1.80153182710897e-01 1.00002027269407e+05 
1.80329191081193e-01 1.00002471944079e+05 
1.80505432285648e-01 1.00002955121184e+05 
1.80681713970601e-01 1.00003503534152e+05 
1.80858228290401e-01 1.00004122086398e+05 
1.81034776548371e-01 1.00004824546608e+05 
1.81211557341910e-01 1.00005611612788e+05 
1.81388365536856e-01 1.00006499565300e+05 
1.81565406297540e-01 1.00007484938026e+05 
1.81742467951258e-01 1.00008587182805e+05 
1.81919762316529e-01 1.00009800264290e+05 
1.82097071083680e-01 1.00011144586358e+05 
1.82274612752639e-01 1.00012614911613e+05 
1.82452162290612e-01 1.00014229858198e+05 
1.82629944873836e-01 1.00015984315787e+05 
1.82807728713323e-01 1.00017894388666e+05 
1.82985745562103e-01 1.00019956722062e+05 
1.83163757048387e-01 1.00022183147559e+05 
1.83342001330773e-01 1.00024574617871e+05 
1.83520233651899e-01 1.00027134773596e+05 
1.83698698303177e-01 1.00029854849305e+05 
1.83877144344276e-01 1.00032748199430e+05 
1.84055821835465e-01 1.00035819640770e+05 
1.84234474016114e-01 1.00039081916278e+05 
1.84413356206338e-01 1.00042559895661e+05 
1.84592206435512e-01 1.00046268002230e+05 
1.84771284972458e-01 1.00050178532469e+05 
1.84950324729163e-01 1.00054466241007e+05 
1.85129590744961e-01 1.00059140050129e+05 
1.85308810889458e-01 1.00064294499620e+05 
1.85488254831368e-01 1.00070203627873e+05 
1.85667645603500e-01 1.00076874448420e+05 
1.85847257348260e-01 1.00084677250477e+05 
1.86026808481866e-01 1.00093699701818e+05 
1.86206577426977e-01 1.00104431798237e+05 
1.86386278250919e-01 1.00117088561125e+05 
1.86566193566468e-01 1.00132290591362e+05 
1.86746033077330e-01 1.00150027416464e+05 
1.86926083566744e-01 1.00171153332038e+05 
1.87106050331912e-01 1.00197061341851e+05 
1.87286224101536e-01 1.00227768351132e+05 
1.87466306259103e-01 1.00264588087473e+05 
1.87646591247948e-01 1.00307412141333e+05 
1.87826776711678e-01 1.00358186370462e+05 
1.88007160510042e-01 1.00417358035576e+05 
1.88187436729490e-01 1.00486693119050e+05 
1.88367906269473e-01 1.00566565616882e+05 
1.88548259948794e-01 1.00658427786752e+05 
1.88728801214848e-01 1.00764936181518e+05 
1.88909218059654e-01 1.00887008674345e+05 
1.89089815886551e-01 1.01024843744921e+05 
1.89270280448986e-01 1.01182332248706e+05 
1.89448384718497e-01 1.01356849137710e+05 
1.89627827462342e-01 1.01554387200554e+05 
1.89807081929684e-01 1.01773126392690e+05 
1.89987593555292e-01 1.02017597425390e+05 
1.90167335726503e-01 1.02284046707367e+05 
1.90347842196024e-01 1.02576484308199e+05 
1.90526931776121e-01 1.02889461786232e+05 
1.90707415081648e-01 1.03228868771606e+05 
1.90885794656815e-01 1.03585082338858e+05 
1.91066235338428e-01 1.03966665737157e+05 
1.91243660041083e-01 1.04358706658083e+05 
1.91424038432067e-01 1.04773890031937e+05 
1.91600600468067e-01 1.05191404762329e+05 
1.91780896062808e-01 1.05628094961984e+05 
1.91956018588065e-01 1.06056700965750e+05 
1.92134257985956e-01 1.06495771773728e+05 
1.92308233438865e-01 1.06920902781878e+05 
1.92485183046424e-01 1.07348422223426e+05 
1.92659145772941e-01 1.07757986172940e+05 
1.92836030155850e-01 1.08160321111120e+05 
1.93011106915845e-01 1.08537755945244e+05 
1.93189028500413e-01 1.08897847188663e+05 
1.93366292522875e-01 1.09231551559208e+05 
1.93545845964127e-01 1.09542435215752e+05 
1.93725420232200e-01 1.09816623397458e+05 
1.93904747749862e-01 1.10073541960127e+05 
1.94084080408358e-01 1.10281218159799e+05 
1.94263158383806e-01 1.10429898686661e+05 
1.94442223906324e-01 1.10527287517711e+05 
1.94621026059770e-01 1.10578690302887e+05 
1.94799797585879e-01 1.10580965364451e+05 
1.94978296709383e-01 1.10542345649138e+05 
1.95156746597227e-01 1.10498809570985e+05 
1.95334915055296e-01 1.10453131345210e+05 
1.95513015458975e-01 1.10400289864941e+05 
1.95690825785857e-01 1.10344576391914e+05 
1.95868549408142e-01 1.10283431746583e+05 
1.96045974943047e-01 1.10215032872942e+05 
1.96223295527516e-01 1.10141459785758e+05 
1.96400310918877e-01 1.10066001587582e+05 
1.96577203772498e-01 1.09987733988445e+05 
1.96753785494484e-01 1.09908709097477e+05 
1.96930228007658e-01 1.09826796971375e+05 
1.97106354818143e-01 1.09745922886803e+05 
1.97282326800012e-01 1.09664668396241e+05 
1.97457980011039e-01 1.09585289968402e+05 
1.97633463781439e-01 1.09506435258235e+05 
1.97808627344977e-01 1.09430233771138e+05 
1.97968311643311e-01 1.09361940218656e+05 
1.98131363206295e-01 1.09293582521645e+05 
1.98291420482930e-01 1.09227625344115e+05 
1.98454697279131e-01 1.09161848934743e+05 
1.98614945651047e-01 1.09098313701532e+05 
1.98778405753780e-01 1.09034513477131e+05 
1.98938793218237e-01 1.08972677658032e+05 
1.99102393247989e-01 1.08910151191290e+05 
1.99262886851661e-01 1.08849394705307e+05 
1.99426600416533e-01 1.08787784618767e+05 
1.99587180622968e-01 1.08727794823221e+05 
1.99749395455323e-01 1.08667398394708e+05 
1.99910093106031e-01 1.08607834184901e+05 
2.00072431925921e-01 1.08547690969071e+05 
2.00233237017082e-01 1.08488224551639e+05 
