# Liste des scalaires : TEMPS pmat 
0.00000000000000e+00 1.00000000000000e+05 
7.22956891292051e-05 1.00000000000000e+05 
1.39473830159785e-04 1.00000000000000e+05 
2.09658797050082e-04 1.00000000000000e+05 
2.76117114236738e-04 1.00000000000000e+05 
3.20638761908137e-04 1.00000000000000e+05 
3.55139419127690e-04 1.00000000000000e+05 
3.84466703006973e-04 1.00000000000000e+05 
4.10882456555379e-04 1.00000000000000e+05 
4.35440253196358e-04 1.00000000000000e+05 
4.62453829501435e-04 1.00000000000000e+05 
4.92168763437019e-04 1.00000000000000e+05 
5.24855190766162e-04 1.00000000000000e+05 
5.60810260828220e-04 1.00000000000000e+05 
6.00360837896483e-04 1.00000000000000e+05 
6.43866472671573e-04 1.00000000000000e+05 
6.91722670924171e-04 1.00000000000000e+05 
7.44364489002030e-04 1.00000000000000e+05 
8.02270488887674e-04 1.00000000000000e+05 
8.65967088761882e-04 1.00000000000000e+05 
9.36033348623512e-04 1.00000000000000e+05 
1.01310623447130e-03 1.00000000000000e+05 
1.09788640890388e-03 1.00000000000000e+05 
1.19114460077970e-03 1.00000000000000e+05 
1.28874595968002e-03 1.00000000000000e+05 
1.39427742078096e-03 1.00000000000000e+05 
1.50221628787632e-03 1.00000000000000e+05 
1.61553425737489e-03 1.00000000000000e+05 
1.73457348070840e-03 1.00000000000000e+05 
1.85733677968631e-03 1.00000000000000e+05 
1.98616223838890e-03 1.00000000000000e+05 
2.11872938704647e-03 1.00000000000000e+05 
2.25541689819682e-03 1.00000000000000e+05 
2.39772133018694e-03 1.00000000000000e+05 
2.54485627309112e-03 1.00000000000000e+05 
2.69657390129218e-03 1.00000000000000e+05 
2.85238267869188e-03 1.00000000000000e+05 
3.01245336052049e-03 1.00000000000000e+05 
3.17812497446108e-03 1.00000000000000e+05 
3.34903914085935e-03 1.00000000000000e+05 
3.52550659026299e-03 1.00000000000000e+05 
3.70726992321367e-03 1.00000000000000e+05 
3.89587589613574e-03 1.00000000000000e+05 
4.08975108537164e-03 1.00000000000000e+05 
4.28959471140202e-03 1.00000000000000e+05 
4.49516060408404e-03 1.00000000000000e+05 
4.70839016598742e-03 1.00000000000000e+05 
4.92856382960987e-03 1.00000000000000e+05 
5.15483884145753e-03 1.00000000000000e+05 
5.38810296190505e-03 1.00000000000000e+05 
5.62716630832488e-03 1.00000000000000e+05 
5.87020911792058e-03 1.00000000000000e+05 
6.12048301668689e-03 1.00000000000000e+05 
6.37286594506268e-03 1.00000000000000e+05 
6.63255281660197e-03 1.00000000000000e+05 
6.89402258475570e-03 1.00000000000000e+05 
7.16407888326989e-03 1.00000000000000e+05 
7.43688359574179e-03 1.00000000000000e+05 
7.71399396444510e-03 1.00000000000000e+05 
7.99382024823373e-03 1.00000000000000e+05 
8.27676476722765e-03 1.00000000000000e+05 
8.55486963386464e-03 1.00000000000000e+05 
8.82693129547625e-03 1.00000000000000e+05 
9.09434992258096e-03 1.00000000000000e+05 
9.35798204986447e-03 1.00000000000000e+05 
9.61828190541875e-03 1.00000000000000e+05 
9.87458790234752e-03 1.00000000000000e+05 
1.01275999953477e-02 1.00000000000000e+05 
1.03780906819986e-02 1.00000000000000e+05 
1.06260594936925e-02 1.00000000000000e+05 
1.08549555607539e-02 1.00000000000000e+05 
1.10600486358739e-02 1.00000000000000e+05 
1.12527947243032e-02 1.00000000000000e+05 
1.14376549781128e-02 1.00000000000000e+05 
1.16160555244790e-02 1.00000000000000e+05 
1.17893912906136e-02 1.00000000000000e+05 
1.19585465367461e-02 1.00000000000000e+05 
1.21239074181579e-02 1.00000000000000e+05 
1.22865738919165e-02 1.00000000000000e+05 
1.24467469641850e-02 1.00000000000000e+05 
1.26054874618464e-02 1.00000000000000e+05 
1.27630810565167e-02 1.00000000000000e+05 
1.29205520410528e-02 1.00000000000000e+05 
1.30780807912803e-02 1.00000000000000e+05 
1.32361973891999e-02 1.00000000000000e+05 
1.33950989823650e-02 1.00000000000000e+05 
1.35552086731588e-02 1.00000000000000e+05 
1.37173208319926e-02 1.00000000000000e+05 
1.38814664957713e-02 1.00000000000000e+05 
1.40484212351774e-02 1.00000000000000e+05 
1.42181141062570e-02 1.00000000000000e+05 
1.43911503961405e-02 1.00000000000000e+05 
1.45673293078079e-02 1.00000000000000e+05 
1.47470958215937e-02 1.00000000000000e+05 
1.49301042785478e-02 1.00000000000000e+05 
1.51166614380091e-02 1.00000000000000e+05 
1.53062831293254e-02 1.00000000000000e+05 
1.54991735339984e-02 1.00000000000000e+05 
1.56947380646099e-02 1.00000000000000e+05 
1.58931191085736e-02 1.00000000000000e+05 
1.60936519303323e-02 1.00000000000000e+05 
1.62964592917391e-02 1.00000000000000e+05 
1.65008429751093e-02 1.00000000000000e+05 
1.67069397388106e-02 1.00000000000000e+05 
1.69140454025288e-02 1.00000000000000e+05 
1.71222476238399e-02 1.00000000000000e+05 
1.73310659722180e-02 1.00000000000000e+05 
1.75404805139955e-02 1.00000000000000e+05 
1.77502336633583e-02 1.00000000000000e+05 
1.79602468969640e-02 1.00000000000000e+05 
1.81704402483361e-02 1.00000000000000e+05 
1.83807094667468e-02 1.00000000000000e+05 
1.85910846775691e-02 1.00000000000000e+05 
1.88014518399112e-02 1.00000000000000e+05 
1.90118955482934e-02 1.00000000000000e+05 
1.92223163409986e-02 1.00000000000000e+05 
1.94328292783940e-02 1.00000000000000e+05 
1.96433365312325e-02 1.00000000000000e+05 
1.98539715677487e-02 1.00000000000000e+05 
2.00646505514725e-02 1.00000000000000e+05 
2.02755110962038e-02 1.00000000000000e+05 
2.04864652217847e-02 1.00000000000000e+05 
2.06976614605818e-02 1.00000000000000e+05 
2.09089801804099e-02 1.00000000000000e+05 
2.11205958431941e-02 1.00000000000000e+05 
2.13323434788287e-02 1.00000000000000e+05 
2.15444312350349e-02 1.00000000000000e+05 
2.17566451946632e-02 1.00000000000000e+05 
2.19692321455492e-02 1.00000000000000e+05 
2.21819237224774e-02 1.00000000000000e+05 
2.23949880304184e-02 1.00000000000000e+05 
2.26081292701641e-02 1.00000000000000e+05 
2.28216002195742e-02 1.00000000000000e+05 
2.30351189081965e-02 1.00000000000000e+05 
2.32489121210218e-02 1.00000000000000e+05 
2.34627162793322e-02 1.00000000000000e+05 
2.36767473243244e-02 1.00000000000000e+05 
2.38907658210468e-02 1.00000000000000e+05 
2.41049867852720e-02 1.00000000000000e+05 
2.43191970718649e-02 1.00000000000000e+05 
2.45336107875890e-02 1.00000000000000e+05 
2.47480380053592e-02 1.00000000000000e+05 
2.49626970702390e-02 1.00000000000000e+05 
2.51774226218704e-02 1.00000000000000e+05 
2.53924383071869e-02 1.00000000000000e+05 
2.56075936655715e-02 1.00000000000000e+05 
2.58231110934254e-02 1.00000000000000e+05 
2.60388445448546e-02 1.00000000000000e+05 
2.62550142327314e-02 1.00000000000000e+05 
2.64714840389140e-02 1.00000000000000e+05 
2.66884647501246e-02 1.00000000000000e+05 
2.69058313005488e-02 1.00000000000000e+05 
2.71237828890862e-02 1.00000000000000e+05 
2.73422034515090e-02 1.00000000000000e+05 
2.75612777411116e-02 1.00000000000000e+05 
2.77808956293490e-02 1.00000000000000e+05 
2.80012253843220e-02 1.00000000000000e+05 
2.82221611679337e-02 1.00000000000000e+05 
2.84438527491585e-02 1.00000000000000e+05 
2.86661972325572e-02 1.00000000000000e+05 
2.88893238356806e-02 1.00000000000000e+05 
2.91131319133514e-02 1.00000000000000e+05 
2.93377286583970e-02 1.00000000000000e+05 
2.95630157917279e-02 1.00000000000000e+05 
2.97890773212059e-02 1.00000000000000e+05 
3.00158175933970e-02 1.00000000000000e+05 
3.02432964445532e-02 1.00000000000000e+05 
3.04714210807324e-02 1.00000000000000e+05 
3.07002265154903e-02 1.00000000000000e+05 
3.09296232294704e-02 1.00000000000000e+05 
3.11596210160309e-02 1.00000000000000e+05 
3.13901337540511e-02 1.00000000000000e+05 
3.16211457589232e-02 1.00000000000000e+05 
3.18525732031777e-02 1.00000000000000e+05 
3.20843739198961e-02 1.00000000000000e+05 
3.23164598739579e-02 1.00000000000000e+05 
3.25487659262533e-02 1.00000000000000e+05 
3.27811752923230e-02 1.00000000000000e+05 
3.30133799203554e-02 1.00000000000000e+05 
3.32453379451674e-02 1.00000000000000e+05 
3.34765544412763e-02 1.00000000000000e+05 
3.37066637085713e-02 1.00000000000000e+05 
3.39353169936769e-02 1.00000000000000e+05 
3.41614194811982e-02 1.00000000000000e+05 
3.43849656216403e-02 1.00000000000000e+05 
3.46050094519817e-02 1.00000000000000e+05 
3.48221719871686e-02 1.00000000000000e+05 
3.50355843235827e-02 1.00000000000000e+05 
3.52450598216333e-02 1.00000000000000e+05 
3.54510714251249e-02 1.00000000000000e+05 
3.56536321883403e-02 1.00000000000000e+05 
3.58523900928610e-02 1.00000000000000e+05 
3.60485705156781e-02 1.00000000000000e+05 
3.62426301281516e-02 1.00000000000000e+05 
3.64356700953378e-02 1.00000000000000e+05 
3.66280912410987e-02 1.00000000000000e+05 
3.68207615464747e-02 1.00000000000000e+05 
3.70139716880010e-02 1.00000000000000e+05 
3.72083747025654e-02 1.00000000000000e+05 
3.74041925512134e-02 1.00000000000000e+05 
3.76019047670721e-02 1.00000000000000e+05 
3.78016423707687e-02 1.00000000000000e+05 
3.80023556205166e-02 1.00000000000000e+05 
3.82041448832963e-02 1.00000000000000e+05 
3.84073123285197e-02 1.00000000000000e+05 
3.86119152197695e-02 1.00000000000000e+05 
3.88181566759786e-02 1.00000000000000e+05 
3.90260267705286e-02 1.00000000000000e+05 
3.92356835883166e-02 1.00000000000000e+05 
3.94466155396368e-02 1.00000000000000e+05 
3.96582570164003e-02 1.00000000000000e+05 
3.98705822609421e-02 1.00000000000000e+05 
4.00838023975998e-02 1.00000000000000e+05 
4.02979076611045e-02 1.00000000000000e+05 
4.05130955483788e-02 1.00000000000000e+05 
4.07293561558708e-02 1.00000000000000e+05 
4.09468523655776e-02 1.00000000000000e+05 
4.11655612865816e-02 1.00000000000000e+05 
4.13848773019991e-02 1.00000000000000e+05 
4.16045866730579e-02 1.00000000000000e+05 
4.18248859919861e-02 1.00000000000000e+05 
4.20457660532236e-02 1.00000000000000e+05 
4.22674045317833e-02 1.00000000000000e+05 
4.24898010462033e-02 1.00000000000000e+05 
4.27131244124832e-02 1.00000000000000e+05 
4.29373879448524e-02 1.00000000000000e+05 
4.31627555404046e-02 1.00000000000000e+05 
4.33892389940234e-02 1.00000000000000e+05 
4.36169734795354e-02 1.00000000000000e+05 
4.38459538376285e-02 1.00000000000000e+05 
4.40762865044553e-02 1.00000000000000e+05 
4.43079473617147e-02 1.00000000000000e+05 
4.45406691294997e-02 1.00000000000000e+05 
4.47736661243124e-02 1.00000000000000e+05 
4.50071168917991e-02 1.00000000000000e+05 
4.52409709519657e-02 1.00000000000000e+05 
4.54753770084052e-02 1.00000000000000e+05 
4.57102909097483e-02 1.00000000000000e+05 
4.59458645861660e-02 1.00000000000000e+05 
4.61820843470892e-02 1.00000000000000e+05 
4.64191069028081e-02 1.00000000000000e+05 
4.66569208140481e-02 1.00000000000000e+05 
4.68956640051421e-02 1.00000000000000e+05 
4.71353289690018e-02 1.00000000000000e+05 
4.73760454755133e-02 1.00000000000000e+05 
4.76178204133807e-02 1.00000000000000e+05 
4.78607676177170e-02 1.00000000000000e+05 
4.81049056184976e-02 1.00000000000000e+05 
4.83503001783386e-02 1.00000000000000e+05 
4.85966655753094e-02 1.00000000000000e+05 
4.88437905419740e-02 1.00000000000000e+05 
4.90905632860027e-02 1.00000000000000e+05 
4.93374996874187e-02 1.00000000000000e+05 
4.95833776292090e-02 1.00000000000000e+05 
4.98263998705526e-02 1.00000000000000e+05 
5.00677352493708e-02 1.00000000000000e+05 
5.03082465195232e-02 1.00000000000000e+05 
5.05486191310429e-02 1.00000000000000e+05 
5.07890380193129e-02 1.00000000000000e+05 
5.10293914773149e-02 1.00000000000000e+05 
5.12702665118803e-02 1.00000000000000e+05 
5.15117462682747e-02 1.00000000000000e+05 
5.17540850212376e-02 1.00000000000000e+05 
5.19970938337379e-02 1.00000000000000e+05 
5.22409096637011e-02 1.00000000000000e+05 
5.24853054060557e-02 1.00000000000000e+05 
5.27302092220233e-02 1.00000000000000e+05 
5.29751598406047e-02 1.00000000000000e+05 
5.32202115687012e-02 1.00000000000000e+05 
5.34653184703948e-02 1.00000000000000e+05 
5.37105541299224e-02 1.00000000000000e+05 
5.39559077244034e-02 1.00000000000000e+05 
5.42015804533735e-02 1.00000000000000e+05 
5.44476128917892e-02 1.00000000000000e+05 
5.46942258533720e-02 1.00000000000000e+05 
5.49414032499432e-02 1.00000000000000e+05 
5.51893442195573e-02 1.00000000000000e+05 
5.54379896893443e-02 1.00000000000000e+05 
5.56875354329962e-02 1.00000000000000e+05 
5.59378908888493e-02 1.00000000000000e+05 
5.61892454657634e-02 1.00000000000000e+05 
5.64415015140432e-02 1.00000000000000e+05 
5.66945067578444e-02 1.00000000000000e+05 
5.69479963335535e-02 1.00000000000000e+05 
5.72021416021416e-02 1.00000000000000e+05 
5.74568697522888e-02 1.00000000000000e+05 
5.77122985722060e-02 1.00000000000000e+05 
5.79683728971912e-02 1.00000000000000e+05 
5.82252263894752e-02 1.00000000000000e+05 
5.84827771132156e-02 1.00000000000000e+05 
5.87411720525487e-02 1.00000000000000e+05 
5.90002732676724e-02 1.00000000000000e+05 
5.92602303001402e-02 1.00000000000000e+05 
5.95208847777284e-02 1.00000000000000e+05 
5.97824082778831e-02 1.00000000000000e+05 
6.00446266266868e-02 1.00000000000000e+05 
6.03077253545331e-02 1.00000000000000e+05 
6.05715287779572e-02 1.00000000000000e+05 
6.08362404400487e-02 1.00000000000000e+05 
6.11016887067675e-02 1.00000000000000e+05 
6.13680416069441e-02 1.00000000000000e+05 
6.16347020480170e-02 1.00000000000000e+05 
6.19013726310866e-02 1.00000000000000e+05 
6.21683616248933e-02 1.00000000000000e+05 
6.24353692641828e-02 1.00000000000000e+05 
6.27027433722474e-02 1.00000000000000e+05 
6.29701901211383e-02 1.00000000000000e+05 
6.32379995098673e-02 1.00000000000000e+05 
6.35058025540100e-02 1.00000000000000e+05 
6.37740525194447e-02 1.00000000000000e+05 
6.40423971745920e-02 1.00000000000000e+05 
6.43112472859364e-02 1.00000000000000e+05 
6.45803501271483e-02 1.00000000000000e+05 
6.48500165238808e-02 1.00000000000000e+05 
6.51200657547270e-02 1.00000000000000e+05 
6.53907031451001e-02 1.00000000000000e+05 
6.56617912981879e-02 1.00000000000000e+05 
6.59334551220961e-02 1.00000000000000e+05 
6.62055069476905e-02 1.00000000000000e+05 
6.64781385145870e-02 1.00000000000000e+05 
6.67510536699049e-02 1.00000000000000e+05 
6.70244333183442e-02 1.00000000000000e+05 
6.72982264727429e-02 1.00000000000000e+05 
6.75723917602608e-02 1.00000000000000e+05 
6.78469069137707e-02 1.00000000000000e+05 
6.81216255611116e-02 1.00000000000000e+05 
6.83965790805532e-02 1.00000000000000e+05 
6.86716967476364e-02 1.00000000000000e+05 
6.89469935385685e-02 1.00000000000000e+05 
6.92223845732404e-02 1.00000000000000e+05 
6.94978758665600e-02 1.00000000000000e+05 
6.97733810322322e-02 1.00000000000000e+05 
7.00492916589233e-02 1.00000000000000e+05 
7.03253273464308e-02 1.00000000000000e+05 
7.06011006907186e-02 1.00000000000000e+05 
7.08774854626245e-02 1.00000000000000e+05 
7.11539348614056e-02 1.00000000000000e+05 
7.14306102040344e-02 1.00000000000000e+05 
7.17077439876840e-02 1.00000000000000e+05 
7.19851595393829e-02 1.00000000000000e+05 
7.22632805583198e-02 1.00000000000000e+05 
7.25417227783702e-02 1.00000000000000e+05 
7.28209876306300e-02 1.00000000000000e+05 
7.31006777236620e-02 1.00000000000000e+05 
7.33811149273779e-02 1.00000000000000e+05 
7.36621870341831e-02 1.00000000000000e+05 
7.39440590011324e-02 1.00000000000000e+05 
7.42265089965740e-02 1.00000000000000e+05 
7.45097995696685e-02 1.00000000000000e+05 
7.47936982150408e-02 1.00000000000000e+05 
7.50784844110543e-02 1.00000000000000e+05 
7.53638947587081e-02 1.00000000000000e+05 
7.56502421492318e-02 1.00000000000000e+05 
7.59371920045109e-02 1.00000000000000e+05 
7.62248908468330e-02 1.00000000000000e+05 
7.65132060509700e-02 1.00000000000000e+05 
7.68022809040164e-02 1.00000000000000e+05 
7.70919749321934e-02 1.00000000000000e+05 
7.73824508972679e-02 1.00000000000000e+05 
7.76735462017796e-02 1.00000000000000e+05 
7.79654237712930e-02 1.00000000000000e+05 
7.82579069890736e-02 1.00000000000000e+05 
7.85511498462655e-02 1.00000000000000e+05 
7.88449685322304e-02 1.00000000000000e+05 
7.91395365990300e-02 1.00000000000000e+05 
7.94346717182683e-02 1.00000000000000e+05 
7.97305501783531e-02 1.00000000000000e+05 
8.00269776466324e-02 1.00000000000000e+05 
8.03241119209549e-02 1.00000000000000e+05 
8.06217577149149e-02 1.00000000000000e+05 
8.09200696719214e-02 1.00000000000000e+05 
8.12188560051087e-02 1.00000000000000e+05 
8.15182894631451e-02 1.00000000000000e+05 
8.18181596403118e-02 1.00000000000000e+05 
8.21186525381988e-02 1.00000000000000e+05 
8.24195665249214e-02 1.00000000000000e+05 
8.27210921241909e-02 1.00000000000000e+05 
8.30230419653964e-02 1.00000000000000e+05 
8.33256069917755e-02 1.00000000000000e+05 
8.36285952251548e-02 1.00000000000000e+05 
8.39320531474633e-02 1.00000000000000e+05 
8.42359336360490e-02 1.00000000000000e+05 
8.45403043955964e-02 1.00000000000000e+05 
8.48451195973157e-02 1.00000000000000e+05 
8.51497988006169e-02 1.00000000000000e+05 
8.54549045434609e-02 1.00000000000000e+05 
8.57597471586963e-02 1.00000000000000e+05 
8.60649918047699e-02 1.00000000000000e+05 
8.63699470598428e-02 1.00000000000000e+05 
8.66753117236866e-02 1.00000000000000e+05 
8.69803893788994e-02 1.00000000000000e+05 
8.72858755070025e-02 1.00000000000000e+05 
8.75911335333767e-02 1.00000000000000e+05 
8.78968165823131e-02 1.00000000000000e+05 
8.82023262554061e-02 1.00000000000000e+05 
8.85082714825875e-02 1.00000000000000e+05 
8.88140899190741e-02 1.00000000000000e+05 
8.91205150702726e-02 1.00000000000000e+05 
8.94266841078967e-02 1.00000000000000e+05 
8.97335222321141e-02 1.00000000000000e+05 
9.00400472890215e-02 1.00000000000000e+05 
9.03472689774384e-02 1.00000000000000e+05 
9.06541044713171e-02 1.00000000000000e+05 
9.09616579567681e-02 1.00000000000000e+05 
9.12688280120396e-02 1.00000000000000e+05 
9.15766459055209e-02 1.00000000000000e+05 
9.18841549659408e-02 1.00000000000000e+05 
9.21923320113115e-02 1.00000000000000e+05 
9.25001975273043e-02 1.00000000000000e+05 
9.28087200273314e-02 1.00000000000000e+05 
9.31169062851280e-02 1.00000000000000e+05 
9.34257241620029e-02 1.00000000000000e+05 
9.37341907726504e-02 1.00000000000000e+05 
9.40432923768904e-02 1.00000000000000e+05 
9.43520305012295e-02 1.00000000000000e+05 
9.46614192687211e-02 1.00000000000000e+05 
9.49704452393791e-02 1.00000000000000e+05 
9.52801677941077e-02 1.00000000000000e+05 
9.55895161405345e-02 1.00000000000000e+05 
9.58995858076686e-02 1.00000000000000e+05 
9.62092619842402e-02 1.00000000000000e+05 
9.65196721299646e-02 1.00000000000000e+05 
9.68297129047679e-02 1.00000000000000e+05 
9.71405337649929e-02 1.00000000000000e+05 
9.74510300800780e-02 1.00000000000000e+05 
9.77623629725379e-02 1.00000000000000e+05 
9.80734175370617e-02 1.00000000000000e+05 
9.83853926649948e-02 1.00000000000000e+05 
9.86975146349782e-02 1.00000000000000e+05 
9.90097745553174e-02 1.00000000000000e+05 
9.93218890273990e-02 1.00000000000000e+05 
9.96341785265673e-02 1.00000000000000e+05 
9.99463002304688e-02 1.00000000000000e+05 
1.00258593487767e-01 1.00000000000000e+05 
1.00570806737170e-01 1.00000000000000e+05 
1.00883264456468e-01 1.00000000000000e+05 
1.01195696483056e-01 1.00000000000000e+05 
1.01508326867007e-01 1.00000000000000e+05 
1.01820517319639e-01 1.00000000000000e+05 
1.02132321349771e-01 1.00000000000000e+05 
1.02443821680390e-01 1.00000000000000e+05 
1.02755040825332e-01 1.00000000000000e+05 
1.03066137203345e-01 1.00000000000000e+05 
1.03377067680804e-01 1.00000000000000e+05 
1.03688020502414e-01 1.00000000000000e+05 
1.03998892015622e-01 1.00000000000000e+05 
1.04309886923685e-01 1.00000000000000e+05 
1.04620859663515e-01 1.00000000000000e+05 
1.04932030875004e-01 1.00000000000000e+05 
1.05243221810392e-01 1.00000000000000e+05 
1.05554663119241e-01 1.00000000000000e+05 
1.05866150814663e-01 1.00000000000000e+05 
1.06177926649940e-01 1.00000000000000e+05 
1.06489723158438e-01 1.00000000000000e+05 
1.06801699635117e-01 1.00000000000000e+05 
1.07113554286323e-01 1.00000000000000e+05 
1.07425499989361e-01 1.00000000000000e+05 
1.07737237265054e-01 1.00000000000000e+05 
1.08046861560027e-01 1.00000000000000e+05 
1.08353440353442e-01 1.00000000000000e+05 
1.08657575664862e-01 1.00000000000000e+05 
1.08960168397265e-01 1.00000000000000e+05 
1.09260268077106e-01 1.00000000000000e+05 
1.09558925180162e-01 1.00000000000000e+05 
1.09855712661174e-01 1.00000000000000e+05 
1.10151795456645e-01 1.00000000000000e+05 
1.10446652414889e-01 1.00000000000000e+05 
1.10742052572575e-01 1.00000000000000e+05 
1.11036596617892e-01 1.00000000000000e+05 
1.11331017225481e-01 1.00000000000000e+05 
1.11625018769944e-01 1.00000000000000e+05 
1.11919314765448e-01 1.00000000000000e+05 
1.12212543648701e-01 1.00000000000000e+05 
1.12504371195290e-01 1.00000000000000e+05 
1.12794898976479e-01 1.00000000000000e+05 
1.13084423537413e-01 1.00000000000000e+05 
1.13372882784333e-01 1.00000000000000e+05 
1.13660445081389e-01 1.00000000000000e+05 
1.13947314365297e-01 1.00000000000000e+05 
1.14233654331828e-01 1.00000000000000e+05 
1.14519601941154e-01 1.00000000000000e+05 
1.14805289062497e-01 1.00000000000000e+05 
1.15090802824191e-01 1.00000000000000e+05 
1.15376241350438e-01 1.00000000000000e+05 
1.15661665453276e-01 1.00000000000000e+05 
1.15947080541980e-01 1.00000000000000e+05 
1.16232445224727e-01 1.00000000000000e+05 
1.16517497261045e-01 1.00000000000000e+05 
1.16802355471461e-01 1.00000000000000e+05 
1.17087230362731e-01 1.00000000000000e+05 
1.17372141567239e-01 1.00000000000000e+05 
1.17657044478351e-01 1.00000000000000e+05 
1.17942109684813e-01 1.00000000000000e+05 
1.18227177484771e-01 1.00000000000000e+05 
1.18512494803688e-01 1.00000000000000e+05 
1.18797941286987e-01 1.00000000000000e+05 
1.19083745334071e-01 1.00000000000000e+05 
1.19369834120628e-01 1.00000000000000e+05 
1.19656396682372e-01 1.00000000000000e+05 
1.19943320047332e-01 1.00000000000000e+05 
1.20230728938617e-01 1.00000000000000e+05 
1.20518432652605e-01 1.00000000000000e+05 
1.20806496658948e-01 1.00000000000000e+05 
1.21094703293018e-01 1.00000000000000e+05 
1.21383089553669e-01 1.00000000000000e+05 
1.21671490305159e-01 1.00000000000000e+05 
1.21959947001445e-01 1.00000000000000e+05 
1.22248389019688e-01 1.00000000000000e+05 
1.22536888778046e-01 1.00000000000000e+05 
1.22825453971695e-01 1.00000000000000e+05 
1.23114184064150e-01 1.00000000000000e+05 
1.23403103913404e-01 1.00000000000000e+05 
1.23692311220224e-01 1.00000000000000e+05 
1.23981833375982e-01 1.00000000000000e+05 
1.24271790139861e-01 1.00000000000000e+05 
1.24562139028835e-01 1.00000000000000e+05 
1.24852989387756e-01 1.00000000000000e+05 
1.25144267557882e-01 1.00000000000000e+05 
1.25436060117639e-01 1.00000000000000e+05 
1.25728282461771e-01 1.00000000000000e+05 
1.26020985620954e-01 1.00000000000000e+05 
1.26313933405819e-01 1.00000000000000e+05 
1.26607363454650e-01 1.00000000000000e+05 
1.26901185077867e-01 1.00000000000000e+05 
1.27195515337636e-01 1.00000000000000e+05 
1.27490205830390e-01 1.00000000000000e+05 
1.27785382863897e-01 1.00000000000000e+05 
1.28080920246205e-01 1.00000000000000e+05 
1.28376939167738e-01 1.00000000000000e+05 
1.28673328889920e-01 1.00000000000000e+05 
1.28970180759044e-01 1.00000000000000e+05 
1.29267392462851e-01 1.00000000000000e+05 
1.29565036341285e-01 1.00000000000000e+05 
1.29863021508466e-01 1.00000000000000e+05 
1.30161398266155e-01 1.00000000000000e+05 
1.30460076600105e-01 1.00000000000000e+05 
1.30759081964380e-01 1.00000000000000e+05 
1.31058336921046e-01 1.00000000000000e+05 
1.31357853799156e-01 1.00000000000000e+05 
1.31657564810430e-01 1.00000000000000e+05 
1.31957473270512e-01 1.00000000000000e+05 
1.32257232105165e-01 1.00000000000000e+05 
1.32557043628382e-01 1.00000000000000e+05 
1.32856525495741e-01 1.00000000000000e+05 
1.33156033334615e-01 1.00000000000000e+05 
1.33455208373076e-01 1.00000000000000e+05 
1.33754400417938e-01 1.00000000000000e+05 
1.34053279143177e-01 1.00000000000000e+05 
1.34352182929718e-01 1.00000000000000e+05 
1.34650805621483e-01 1.00000000000000e+05 
1.34949463056233e-01 1.00000000000000e+05 
1.35247867724064e-01 1.00000000000000e+05 
1.35546308368218e-01 1.00000000000000e+05 
1.35844524025639e-01 1.00000000000000e+05 
1.36142778566658e-01 1.00000000000000e+05 
1.36440830047471e-01 1.00000000000000e+05 
1.36738914595521e-01 1.00000000000000e+05 
1.37036803225893e-01 1.00000000000000e+05 
1.37334681692967e-01 1.00000000000000e+05 
1.37632397944141e-01 1.00000000000000e+05 
1.37929998203482e-01 1.00000000000000e+05 
1.38227459867122e-01 1.00000000000000e+05 
1.38524829810366e-01 1.00000000000000e+05 
1.38822084530275e-01 1.00000000000000e+05 
1.39119270470513e-01 1.00000000000000e+05 
1.39416352635038e-01 1.00000000000000e+05 
1.39713388791918e-01 1.00000000000000e+05 
1.40010323164462e-01 1.00000000000000e+05 
1.40307219733753e-01 1.00000000000000e+05 
1.40603963686636e-01 1.00000000000000e+05 
1.40900686713974e-01 1.00000000000000e+05 
1.41197234847904e-01 1.00000000000000e+05 
1.41493767191985e-01 1.00000000000000e+05 
1.41790144124147e-01 1.00000000000000e+05 
1.42086522566972e-01 1.00000000000000e+05 
1.42382775442121e-01 1.00000000000000e+05 
1.42679052575888e-01 1.00000000000000e+05 
1.42975225085751e-01 1.00000000000000e+05 
1.43271436894482e-01 1.00000000000000e+05 
1.43567550243154e-01 1.00000000000000e+05 
1.43863711318886e-01 1.00000000000000e+05 
1.44159773731398e-01 1.00000000000000e+05 
1.44455879232268e-01 1.00000000000000e+05 
1.44751878920009e-01 1.00000000000000e+05 
1.45047931915558e-01 1.00000000000000e+05 
1.45343884556952e-01 1.00000000000000e+05 
1.45639908959195e-01 1.00000000000000e+05 
1.45935832333196e-01 1.00000000000000e+05 
1.46231834919944e-01 1.00000000000000e+05 
1.46527727313428e-01 1.00000000000000e+05 
1.46823694877025e-01 1.00000000000000e+05 
1.47119552609663e-01 1.00000000000000e+05 
1.47415478917996e-01 1.00000000000000e+05 
1.47711287065928e-01 1.00000000000000e+05 
1.48007154780766e-01 1.00000000000000e+05 
1.48302896526903e-01 1.00000000000000e+05 
1.48598697764332e-01 1.00000000000000e+05 
1.48894361308864e-01 1.00000000000000e+05 
1.49189928479500e-01 1.00000000000000e+05 
1.49485483789707e-01 1.00000000000000e+05 
1.49781034860353e-01 1.00000000000000e+05 
1.50076417099094e-01 1.00000000000000e+05 
1.50371742384803e-01 1.00000000000000e+05 
1.50666951283265e-01 1.00000000000000e+05 
1.50961820651968e-01 1.00000000000000e+05 
1.51256577464002e-01 1.00000000000000e+05 
1.51551005842181e-01 1.00000000000000e+05 
1.51845297619376e-01 1.00000000000000e+05 
1.52139251089612e-01 1.00000000000000e+05 
1.52433060130023e-01 1.00000000000000e+05 
1.52726504648846e-01 1.00000000000000e+05 
1.53019851071081e-01 1.00000000000000e+05 
1.53312859273294e-01 1.00000000000000e+05 
1.53605806005443e-01 1.00000000000000e+05 
1.53898433029320e-01 1.00000000000000e+05 
1.54191025263240e-01 1.00000000000000e+05 
1.54483310774809e-01 1.00000000000000e+05 
1.54775590974428e-01 1.00000000000000e+05 
1.55067577823155e-01 1.00000000000000e+05 
1.55359590766282e-01 1.00000000000000e+05 
1.55651330588331e-01 1.00000000000000e+05 
1.55943130741786e-01 1.00000000000000e+05 
1.56235236251438e-01 1.00000000000000e+05 
1.56527335651752e-01 1.00000000000000e+05 
1.56819218223272e-01 1.00000000000000e+05 
1.57111079462531e-01 1.00000000000000e+05 
1.57402738635350e-01 1.00000000000000e+05 
1.57694421087254e-01 1.00000000000000e+05 
1.57985953911725e-01 1.00000000001468e+05 
1.58277550101458e-01 1.00000000004759e+05 
1.58568975248153e-01 1.00000000033478e+05 
1.58860518296208e-01 1.00000000079880e+05 
1.59151910204027e-01 1.00000000146837e+05 
1.59443454653640e-01 1.00000000234549e+05 
1.59734866901462e-01 1.00000000348540e+05 
1.60026442443985e-01 1.00000000488272e+05 
1.60317919340328e-01 1.00000000667005e+05 
1.60609543022619e-01 1.00000000888996e+05 
1.60901055804975e-01 1.00000001138693e+05 
1.61192728311462e-01 1.00000001437799e+05 
1.61484292848401e-01 1.00000001747460e+05 
1.61776032702411e-01 1.00000002252608e+05 
1.62067677267365e-01 1.00000002781433e+05 
1.62359507265967e-01 1.00000003316972e+05 
1.62651253106249e-01 1.00000003873562e+05 
1.62943339605797e-01 1.00000004437015e+05 
1.63235425310993e-01 1.00000005026147e+05 
1.63527597399028e-01 1.00000005619269e+05 
1.63819725300705e-01 1.00000006233739e+05 
1.64111961707735e-01 1.00000006841894e+05 
1.64404169133444e-01 1.00000007502496e+05 
1.64696489041503e-01 1.00000008159842e+05 
1.64988844837423e-01 1.00000008866879e+05 
1.65281293785363e-01 1.00000009434866e+05 
1.65573797129566e-01 1.00000009991904e+05 
1.65866386697696e-01 1.00000010556797e+05 
1.66159021922128e-01 1.00000011108636e+05 
1.66451744726513e-01 1.00000011656744e+05 
1.66744512705056e-01 1.00000012212113e+05 
1.67037360181987e-01 1.00000012738784e+05 
1.67330234433714e-01 1.00000013307008e+05 
1.67623196314999e-01 1.00000014053564e+05 
1.67916158478804e-01 1.00000014820709e+05 
1.68209220519529e-01 1.00000015784976e+05 
1.68502246744750e-01 1.00000017358658e+05 
1.68795373336398e-01 1.00000016368198e+05 
1.69088552234383e-01 1.00000016231972e+05 
1.69381755361241e-01 1.00000016422967e+05 
1.69674991978436e-01 1.00000016533337e+05 
1.69968195329373e-01 1.00000018508590e+05 
1.70261433066375e-01 1.00000027794137e+05 
1.70554630228380e-01 1.00000051691680e+05 
1.70847898050133e-01 1.00000094256209e+05 
1.71141111562171e-01 1.00000160810061e+05 
1.71434404380307e-01 1.00000247895770e+05 
1.71727613545456e-01 1.00000357051783e+05 
1.72020898742723e-01 1.00000487878384e+05 
1.72314071370384e-01 1.00000640241204e+05 
1.72607326212358e-01 1.00000810953960e+05 
1.72900494858333e-01 1.00000998693740e+05 
1.73193800180329e-01 1.00001197282823e+05 
1.73487028310030e-01 1.00001406766316e+05 
1.73780374602949e-01 1.00001618683158e+05 
1.74073638863364e-01 1.00001830298380e+05 
1.74366989697353e-01 1.00002033896991e+05 
1.74660645547975e-01 1.00002226450896e+05 
1.74954113197597e-01 1.00002400979905e+05 
1.75247596701611e-01 1.00002553935116e+05 
1.75540912101139e-01 1.00002683412836e+05 
1.75834224165324e-01 1.00002784474203e+05 
1.76127396846375e-01 1.00002862416117e+05 
1.76420533588104e-01 1.00002916814692e+05 
1.76713540230464e-01 1.00002943273706e+05 
1.77006653731167e-01 1.00002962648946e+05 
1.77299565990140e-01 1.00002978238929e+05 
1.77592442213890e-01 1.00002992956503e+05 
1.77885084540351e-01 1.00003010666111e+05 
1.78177672493910e-01 1.00003023397354e+05 
1.78470047570102e-01 1.00003052792435e+05 
1.78762349366957e-01 1.00034970377906e+05 
1.79054446411980e-01 1.00126457573914e+05 
1.79346446342433e-01 1.00298332791380e+05 
1.79638249480848e-01 1.00571058717284e+05 
1.79929937814552e-01 1.00928916595459e+05 
1.80221437020807e-01 1.01369265938859e+05 
1.80512809858773e-01 1.01888814546280e+05 
1.80804020893512e-01 1.02479425970413e+05 
1.81095086616290e-01 1.03128157233800e+05 
1.81386029031318e-01 1.03821122564940e+05 
1.81676791584041e-01 1.04542726344351e+05 
1.81967452151752e-01 1.05275366679003e+05 
1.82257917900253e-01 1.06001081274617e+05 
1.82548311510717e-01 1.06702401425098e+05 
1.82838507342722e-01 1.07365043302681e+05 
1.83129162527356e-01 1.07975262569695e+05 
1.83419716838834e-01 1.08521743692182e+05 
1.83710145643855e-01 1.08999853763969e+05 
1.84000452326624e-01 1.09395911304549e+05 
1.84290649704812e-01 1.09723670527949e+05 
1.84580734636083e-01 1.09969648521944e+05 
1.84870757888372e-01 1.10118084067561e+05 
1.85160675302015e-01 1.10194321385067e+05 
1.85450557788901e-01 1.10221241447738e+05 
1.85740327666823e-01 1.10216343939664e+05 
1.86031976893446e-01 1.10209605749787e+05 
1.86323505115136e-01 1.10236222421264e+05 
1.86615070964936e-01 1.10305511602869e+05 
1.86906542152473e-01 1.10436118061429e+05 
1.87198081684103e-01 1.10642060179105e+05 
1.87489510495195e-01 1.10910045832646e+05 
1.87781096136082e-01 1.11233167836956e+05 
1.88072637597491e-01 1.11605539123904e+05 
1.88364330837320e-01 1.12018346647113e+05 
1.88655975280773e-01 1.12456600516151e+05 
1.88947791164802e-01 1.12911899839999e+05 
1.89239571680202e-01 1.13367026658884e+05 
1.89531554535737e-01 1.13807571086969e+05 
1.89823510326220e-01 1.14225545048040e+05 
1.90115702731831e-01 1.14596185874667e+05 
1.90407877561397e-01 1.14906651719391e+05 
1.90700300125746e-01 1.15188953062931e+05 
1.90992732071445e-01 1.15370504294488e+05 
1.91285425719185e-01 1.15481222811489e+05 
1.91578150454123e-01 1.15526181194262e+05 
1.91871143992112e-01 1.15504731907662e+05 
1.92164190424590e-01 1.15481786053392e+05 
1.92457513225481e-01 1.15446773695039e+05 
1.92750919773433e-01 1.15398359256960e+05 
1.93044547765579e-01 1.15329657904034e+05 
1.93338287140549e-01 1.15238348917283e+05 
1.93632228385121e-01 1.15132079950491e+05 
1.93926290832598e-01 1.15012316255646e+05 
1.94220569915178e-01 1.14880597921382e+05 
1.94514971766322e-01 1.14739011552196e+05 
1.94809603942068e-01 1.14589954265755e+05 
1.95104362515956e-01 1.14435282738634e+05 
1.95399360628376e-01 1.14276911008830e+05 
1.95694485431864e-01 1.14116214112514e+05 
1.95989857479013e-01 1.13954595012344e+05 
1.96285354165468e-01 1.13792975586743e+05 
1.96581105877156e-01 1.13632110718044e+05 
1.96876981174940e-01 1.13472617472983e+05 
1.97173120702855e-01 1.13314806740690e+05 
1.97469381615463e-01 1.13158989736990e+05 
1.97765913473112e-01 1.13005144583947e+05 
1.98062561314415e-01 1.12853379561193e+05 
1.98359484875089e-01 1.12703452633611e+05 
1.98656497336717e-01 1.12555414490740e+05 
1.98953731999388e-01 1.12409085204838e+05 
1.99251036874263e-01 1.12264458474481e+05 
1.99548521731619e-01 1.12121637348220e+05 
1.99846099934652e-01 1.11980359777963e+05 
2.00143811276124e-01 1.11841213021429e+05 
