# Liste des scalaires : TEMPS pmat 
0.00000000000000e+00 1.00000000000000e+05 
7.22956891292051e-05 1.00000000000000e+05 
1.39473830159785e-04 1.00000000000000e+05 
2.09658797050082e-04 1.00000000000000e+05 
2.76117114236738e-04 1.00000000000000e+05 
3.20638761908137e-04 1.00000000000000e+05 
3.55139419127690e-04 1.00000000000000e+05 
3.84466703006973e-04 1.00000000000000e+05 
4.10882456555379e-04 1.00000000000000e+05 
4.35440253196358e-04 1.00000000000000e+05 
4.62453829501435e-04 1.00000000000000e+05 
4.92168763437019e-04 1.00000000000000e+05 
5.24855190766162e-04 1.00000000000000e+05 
5.60810260828220e-04 1.00000000000000e+05 
6.00360837896483e-04 1.00000000000000e+05 
6.43866472671573e-04 1.00000000000000e+05 
6.91722670924171e-04 1.00000000000000e+05 
7.44364489002030e-04 1.00000000000000e+05 
8.02270488887674e-04 1.00000000000000e+05 
8.65967088761882e-04 1.00000000000000e+05 
9.36033348623512e-04 1.00000000000000e+05 
1.01310623447130e-03 1.00000000000000e+05 
1.09788640890388e-03 1.00000000000000e+05 
1.19114460077970e-03 1.00000000000000e+05 
1.28874595968002e-03 1.00000000000000e+05 
1.39427742078096e-03 1.00000000000000e+05 
1.50221628787632e-03 1.00000000000000e+05 
1.61553425737489e-03 1.00000000000000e+05 
1.73457348070840e-03 1.00000000000000e+05 
1.85733677968631e-03 1.00000000000000e+05 
1.98616223838890e-03 1.00000000000000e+05 
2.11872938704647e-03 1.00000000000000e+05 
2.25541689819682e-03 1.00000000000000e+05 
2.39772133018694e-03 1.00000000000000e+05 
2.54485627309112e-03 1.00000000000000e+05 
2.69657390129218e-03 1.00000000000000e+05 
2.85238267869188e-03 1.00000000000000e+05 
3.01245336052049e-03 1.00000000000000e+05 
3.17812497446108e-03 1.00000000000000e+05 
3.34903914085935e-03 1.00000000000000e+05 
3.52550659026299e-03 1.00000000000000e+05 
3.70726992321367e-03 1.00000000000000e+05 
3.89587589613574e-03 1.00000000000000e+05 
4.08975108537164e-03 1.00000000000000e+05 
4.28959471140202e-03 1.00000000000000e+05 
4.49516060408404e-03 1.00000000000000e+05 
4.70839016598742e-03 1.00000000000000e+05 
4.92856382960987e-03 1.00000000000000e+05 
5.15483884145753e-03 1.00000000000000e+05 
5.38810296190505e-03 1.00000000000000e+05 
5.62716630832488e-03 1.00000000000000e+05 
5.87020911792058e-03 1.00000000000000e+05 
6.12048301668689e-03 1.00000000000000e+05 
6.37286594506268e-03 1.00000000000000e+05 
6.63255281660197e-03 1.00000000000000e+05 
6.89402258475570e-03 1.00000000000000e+05 
7.16407888326989e-03 1.00000000000000e+05 
7.43688359574179e-03 1.00000000000000e+05 
7.71399396444510e-03 1.00000000000000e+05 
7.99382024823373e-03 1.00000000000000e+05 
8.27676476722765e-03 1.00000000000000e+05 
8.55486963386464e-03 1.00000000000000e+05 
8.82693129547625e-03 1.00000000000000e+05 
9.09434992258096e-03 1.00000000000000e+05 
9.35798204986447e-03 1.00000000000000e+05 
9.61828190541875e-03 1.00000000000000e+05 
9.87458790234752e-03 1.00000000000000e+05 
1.01275999953477e-02 1.00000000000000e+05 
1.03780906819986e-02 1.00000000000000e+05 
1.06260594936925e-02 1.00000000000000e+05 
1.08549555607539e-02 1.00000000000000e+05 
1.10600486358739e-02 1.00000000000000e+05 
1.12527947243032e-02 1.00000000000000e+05 
1.14376549781128e-02 1.00000000000000e+05 
1.16160555244790e-02 1.00000000000000e+05 
1.17893912906136e-02 1.00000000000000e+05 
1.19585465367461e-02 1.00000000000000e+05 
1.21239074181579e-02 1.00000000000000e+05 
1.22865738919165e-02 1.00000000000000e+05 
1.24467469641850e-02 1.00000000000000e+05 
1.26054874618464e-02 1.00000000000000e+05 
1.27630810565167e-02 1.00000000000000e+05 
1.29205520410528e-02 1.00000000000000e+05 
1.30780807912803e-02 1.00000000000000e+05 
1.32361973891999e-02 1.00000000000000e+05 
1.33950989823650e-02 1.00000000000000e+05 
1.35552086731588e-02 1.00000000000000e+05 
1.37173208319926e-02 1.00000000000000e+05 
1.38814664957713e-02 1.00000000000000e+05 
1.40484212351774e-02 1.00000000000000e+05 
1.42181141062570e-02 1.00000000000000e+05 
1.43911503961405e-02 1.00000000000000e+05 
1.45673293078079e-02 1.00000000000000e+05 
1.47470958215937e-02 1.00000000000000e+05 
1.49301042785478e-02 1.00000000000000e+05 
1.51166614380091e-02 1.00000000000000e+05 
1.53062831293254e-02 1.00000000000000e+05 
1.54991735339984e-02 1.00000000000000e+05 
1.56947380646099e-02 1.00000000000000e+05 
1.58931191085736e-02 1.00000000000000e+05 
1.60936519303323e-02 1.00000000000000e+05 
1.62964592917391e-02 1.00000000000000e+05 
1.65008429751093e-02 1.00000000000000e+05 
1.67069397388106e-02 1.00000000000000e+05 
1.69140454025288e-02 1.00000000000000e+05 
1.71222476238399e-02 1.00000000000000e+05 
1.73310659722180e-02 1.00000000000000e+05 
1.75404805139955e-02 1.00000000000000e+05 
1.77502336633583e-02 1.00000000000000e+05 
1.79602468969640e-02 1.00000000000000e+05 
1.81704402483361e-02 1.00000000000000e+05 
1.83807094667468e-02 1.00000000000000e+05 
1.85910846775691e-02 1.00000000000000e+05 
1.88014518399112e-02 1.00000000000000e+05 
1.90118955482934e-02 1.00000000000000e+05 
1.92223163409986e-02 1.00000000000000e+05 
1.94328292783940e-02 1.00000000000000e+05 
1.96433365312325e-02 1.00000000000000e+05 
1.98539715677487e-02 1.00000000000000e+05 
2.00646505514725e-02 1.00000000000000e+05 
2.02755110962038e-02 1.00000000000000e+05 
2.04864652217847e-02 1.00240633700003e+05 
2.06976614605818e-02 1.04889490244998e+05 
2.09089801804099e-02 1.17284203759493e+05 
2.11205958431941e-02 1.41106010233931e+05 
2.13323434788287e-02 1.73086697349474e+05 
2.15444312350349e-02 2.09564975886130e+05 
2.17566451946632e-02 2.43543799077031e+05 
2.19692321455492e-02 2.65143360269424e+05 
2.21819237224774e-02 2.75978707727511e+05 
2.23949880304184e-02 2.74900232788096e+05 
2.26081292701641e-02 2.72700055634669e+05 
2.28216002195742e-02 2.69252681062780e+05 
2.30351189081965e-02 2.63813088840606e+05 
2.32489121210218e-02 2.56406549020290e+05 
2.34627162793322e-02 2.48469249232729e+05 
2.36767473243244e-02 2.40458192329803e+05 
2.38907658210468e-02 2.32708312206512e+05 
2.41049867852720e-02 2.25603397288083e+05 
2.43191970718649e-02 2.19278410638166e+05 
2.45336107875890e-02 2.13725494964808e+05 
2.47480380053592e-02 2.08970893024429e+05 
2.49626970702390e-02 2.04889402016308e+05 
2.51774226218704e-02 2.01282029841020e+05 
2.53924383071869e-02 1.98271014349029e+05 
2.56075936655715e-02 1.95653623339874e+05 
2.58231110934254e-02 1.93301794474365e+05 
2.60388445448546e-02 1.91185110424569e+05 
2.62550142327314e-02 1.89208350715772e+05 
2.64714840389140e-02 1.87263974121645e+05 
2.66884647501246e-02 1.85394752281158e+05 
2.69058313005488e-02 1.83792486391586e+05 
2.71237828890862e-02 1.82521935518279e+05 
2.73422034515090e-02 1.81721205173257e+05 
2.75612777411116e-02 1.81423425761640e+05 
2.77808956293490e-02 1.81586909200578e+05 
2.80012253843220e-02 1.82178839275425e+05 
2.82221611679337e-02 1.82885857549617e+05 
2.84438527491585e-02 1.83695203691740e+05 
2.86661972325572e-02 1.84508901221991e+05 
2.88893238356806e-02 1.85097992282315e+05 
2.91131319133514e-02 1.85642009841624e+05 
2.93377286583970e-02 1.85765914369123e+05 
2.95630157917279e-02 1.85621399987911e+05 
2.97890773212059e-02 1.84543228693453e+05 
3.00158175933970e-02 1.82722473372919e+05 
3.02432964445532e-02 1.80627832137529e+05 
3.04714210807324e-02 1.78054040570301e+05 
3.07002265154903e-02 1.75415986168783e+05 
3.09296232294704e-02 1.72724974998664e+05 
3.11596210160309e-02 1.69920198244112e+05 
3.13901337540511e-02 1.67043212208071e+05 
3.16211457589232e-02 1.64222796134182e+05 
3.18525732031777e-02 1.61432458675114e+05 
3.20843739198961e-02 1.58691818969659e+05 
3.23164598739579e-02 1.56024708863893e+05 
3.25487659262533e-02 1.53439873703258e+05 
3.27811752923230e-02 1.50944803661543e+05 
3.30133799203554e-02 1.48561920237881e+05 
3.32453379451674e-02 1.46286950866219e+05 
3.34765544412763e-02 1.44127737492743e+05 
3.37066637085713e-02 1.42075099003039e+05 
3.39353169936769e-02 1.40125495408307e+05 
3.41614194811982e-02 1.38280301103934e+05 
3.43849656216403e-02 1.36529064745153e+05 
3.46050094519817e-02 1.34868451185352e+05 
3.48221719871686e-02 1.33284183714496e+05 
3.50355843235827e-02 1.31775605237975e+05 
3.52450598216333e-02 1.30336477903370e+05 
3.54510714251249e-02 1.28959164654138e+05 
3.56536321883403e-02 1.27638577125767e+05 
3.58523900928610e-02 1.26374513427440e+05 
3.60485705156781e-02 1.25155050717672e+05 
3.62426301281516e-02 1.23974699333090e+05 
3.64356700953378e-02 1.22827800664850e+05 
3.66280912410987e-02 1.21708375681961e+05 
3.68207615464747e-02 1.20615640374401e+05 
3.70139716880010e-02 1.19544307555766e+05 
3.72083747025654e-02 1.18494795216186e+05 
3.74041925512134e-02 1.17462238671812e+05 
3.76019047670721e-02 1.16447692369410e+05 
3.78016423707687e-02 1.15446664477130e+05 
3.80023556205166e-02 1.14465069345743e+05 
3.82041448832963e-02 1.13504153253011e+05 
3.84073123285197e-02 1.12561990683798e+05 
3.86119152197695e-02 1.11638757070460e+05 
3.88181566759786e-02 1.10732972514164e+05 
3.90260267705286e-02 1.09844726223795e+05 
3.92356835883166e-02 1.08971922905730e+05 
3.94466155396368e-02 1.08118695725638e+05 
3.96582570164003e-02 1.07286610172368e+05 
3.98705822609421e-02 1.06476510069446e+05 
4.00838023975998e-02 1.05687062035300e+05 
4.02979076611045e-02 1.04917827125710e+05 
4.05130955483788e-02 1.04167858956410e+05 
4.07293561558708e-02 1.03435981550260e+05 
4.09468523655776e-02 1.02708625394537e+05 
4.11655612865816e-02 1.02016324747003e+05 
4.13848773019991e-02 1.01329984711291e+05 
4.16045866730579e-02 1.00668203169739e+05 
4.18248859919861e-02 1.00016740359467e+05 
4.20457660532236e-02 9.93733717374305e+04 
4.22674045317833e-02 9.87516320279691e+04 
4.24898010462033e-02 9.81316129768675e+04 
4.27131244124832e-02 9.75278616082129e+04 
4.29373879448524e-02 9.69216847367715e+04 
4.31627555404046e-02 9.63284722213426e+04 
4.33892389940234e-02 9.57323124672953e+04 
4.36169734795354e-02 9.51472905577280e+04 
4.38459538376285e-02 9.45590260590458e+04 
4.40762865044553e-02 9.39830910701078e+04 
4.43079473617147e-02 9.34071973708693e+04 
4.45406691294997e-02 9.28453591498566e+04 
4.47736661243124e-02 9.22913584773222e+04 
4.50071168917991e-02 9.17619901742817e+04 
4.52409709519657e-02 9.12389699140304e+04 
4.54753770084052e-02 9.07569606627783e+04 
4.57102909097483e-02 9.03174052617399e+04 
4.59458645861660e-02 8.99395661074223e+04 
4.61820843470892e-02 8.95707897455888e+04 
4.64191069028081e-02 8.92977527654812e+04 
4.66569208140481e-02 8.91101788788225e+04 
4.68956640051421e-02 8.90049127210144e+04 
4.71353289690018e-02 8.90683951899785e+04 
4.73760454755133e-02 8.91493895983284e+04 
4.76178204133807e-02 8.92486006455783e+04 
4.78607676177170e-02 8.94394995520109e+04 
4.81049056184976e-02 8.97545630849926e+04 
4.83503001783386e-02 9.02303716695169e+04 
4.85966655753094e-02 9.08946238574858e+04 
4.88437905419740e-02 9.17164373480213e+04 
4.90905632860027e-02 9.26285821493149e+04 
4.93374996874187e-02 9.35966165582178e+04 
4.95833776292090e-02 9.45614355855829e+04 
4.98263998705526e-02 9.54456362554029e+04 
5.00677352493708e-02 9.62242447620921e+04 
5.03082465195232e-02 9.69526740639980e+04 
5.05486191310429e-02 9.74547216032378e+04 
5.07890380193129e-02 9.77627058877159e+04 
5.10293914773149e-02 9.78844671772796e+04 
5.12702665118803e-02 9.78567467432008e+04 
5.15117462682747e-02 9.77845116729595e+04 
5.17540850212376e-02 9.76860830050300e+04 
5.19970938337379e-02 9.75089955334471e+04 
5.22409096637011e-02 9.72349626201894e+04 
5.24853054060557e-02 9.68888763323355e+04 
5.27302092220233e-02 9.64671408709225e+04 
5.29751598406047e-02 9.60120184651476e+04 
5.32202115687012e-02 9.55162013373420e+04 
5.34653184703948e-02 9.49984203434411e+04 
5.37105541299224e-02 9.45037407434357e+04 
5.39559077244034e-02 9.40055660850209e+04 
5.42015804533735e-02 9.35485173874389e+04 
5.44476128917892e-02 9.31034457844220e+04 
5.46942258533720e-02 9.27102333690052e+04 
5.49414032499432e-02 9.23471720539725e+04 
5.51893442195573e-02 9.20376832971272e+04 
5.54379896893443e-02 9.17664770663517e+04 
5.56875354329962e-02 9.15605541501846e+04 
5.59378908888493e-02 9.13759250586511e+04 
5.61892454657634e-02 9.12257901174191e+04 
5.64415015140432e-02 9.11144591008485e+04 
5.66945067578444e-02 9.10136578461772e+04 
5.69479963335535e-02 9.09488329327921e+04 
5.72021416021416e-02 9.09169150355654e+04 
5.74568697522888e-02 9.09037140200431e+04 
5.77122985722060e-02 9.09170073679672e+04 
5.79683728971912e-02 9.09340715635356e+04 
5.82252263894752e-02 9.09765528347763e+04 
5.84827771132156e-02 9.10161728430694e+04 
5.87411720525487e-02 9.10672920219607e+04 
5.90002732676724e-02 9.11014165767545e+04 
5.92602303001402e-02 9.11307305606722e+04 
5.95208847777284e-02 9.11371743853221e+04 
5.97824082778831e-02 9.11357201262525e+04 
6.00446266266868e-02 9.11083519629059e+04 
6.03077253545331e-02 9.10758307842325e+04 
6.05715287779572e-02 9.10149811733759e+04 
6.08362404400487e-02 9.09497141682901e+04 
6.11016887067675e-02 9.08590570519394e+04 
6.13680416069441e-02 9.07660789183007e+04 
6.16347020480170e-02 9.06526787822787e+04 
6.19013726310866e-02 9.05387209636766e+04 
6.21683616248933e-02 9.04111823075653e+04 
6.24353692641828e-02 9.02838593845151e+04 
6.27027433722474e-02 9.01391439866372e+04 
6.29701901211383e-02 8.99946175465716e+04 
6.32379995098673e-02 8.98360575797703e+04 
6.35058025540100e-02 8.96781827351502e+04 
6.37740525194447e-02 8.95150032791705e+04 
6.40423971745920e-02 8.93517437204484e+04 
6.43112472859364e-02 8.91885240759740e+04 
6.45803501271483e-02 8.90274412075006e+04 
6.48500165238808e-02 8.88691755368665e+04 
6.51200657547270e-02 8.87169474298411e+04 
6.53907031451001e-02 8.85713579182718e+04 
6.56617912981879e-02 8.84388335827788e+04 
6.59334551220961e-02 8.83155371293025e+04 
6.62055069476905e-02 8.82139673149905e+04 
6.64781385145870e-02 8.81243634014764e+04 
6.67510536699049e-02 8.80643264839403e+04 
6.70244333183442e-02 8.80164706839430e+04 
6.72982264727429e-02 8.80060575217833e+04 
6.75723917602608e-02 8.80193834992045e+04 
6.78469069137707e-02 8.80780037920473e+04 
6.81216255611116e-02 8.81333579916631e+04 
6.83965790805532e-02 8.82500338394867e+04 
6.86716967476364e-02 8.84045722002700e+04 
6.89469935385685e-02 8.85915792905006e+04 
6.92223845732404e-02 8.88391374493762e+04 
6.94978758665600e-02 8.91433067687310e+04 
6.97733810322322e-02 8.94330780723341e+04 
7.00492916589233e-02 8.98325549780265e+04 
7.03253273464308e-02 9.05040585143436e+04 
7.06011006907186e-02 9.15898406986787e+04 
7.08774854626245e-02 9.32353370510593e+04 
7.11539348614056e-02 9.54430705457544e+04 
7.14306102040344e-02 9.80055429622039e+04 
7.17077439876840e-02 1.00929400868834e+05 
7.19851595393829e-02 1.04015621435964e+05 
7.22632805583198e-02 1.06965049450439e+05 
7.25417227783702e-02 1.09735252803999e+05 
7.28209876306300e-02 1.11933585673368e+05 
7.31006777236620e-02 1.13312911000729e+05 
7.33811149273779e-02 1.13965360314729e+05 
7.36621870341831e-02 1.13867414042568e+05 
7.39440590011324e-02 1.13774011133903e+05 
7.42265089965740e-02 1.13561527105519e+05 
7.45097995696685e-02 1.13226599028681e+05 
7.47936982150408e-02 1.12651963171291e+05 
7.50784844110543e-02 1.11967017917330e+05 
7.53638947587081e-02 1.11173293007827e+05 
7.56502421492318e-02 1.10384295926259e+05 
7.59371920045109e-02 1.09560465171860e+05 
7.62248908468330e-02 1.08795655107118e+05 
7.65132060509700e-02 1.08039005522711e+05 
7.68022809040164e-02 1.07375427200420e+05 
7.70919749321934e-02 1.06749940287463e+05 
7.73824508972679e-02 1.06211419046864e+05 
7.76735462017796e-02 1.05711935863565e+05 
7.79654237712930e-02 1.05304515357201e+05 
7.82579069890736e-02 1.04908789067335e+05 
7.85511498462655e-02 1.04541562367346e+05 
7.88449685322304e-02 1.04204905745854e+05 
7.91395365990300e-02 1.03879540691158e+05 
7.94346717182683e-02 1.03597205838340e+05 
7.97305501783531e-02 1.03318212721875e+05 
8.00269776466324e-02 1.03072292530400e+05 
8.03241119209549e-02 1.02820035832037e+05 
8.06217577149149e-02 1.02571958633001e+05 
8.09200696719214e-02 1.02314744313633e+05 
8.12188560051087e-02 1.02075005037921e+05 
8.15182894631451e-02 1.01804461394485e+05 
8.18181596403118e-02 1.01522787470323e+05 
8.21186525381988e-02 1.01216881337219e+05 
8.24195665249214e-02 1.00891360351081e+05 
8.27210921241909e-02 1.00566647266729e+05 
8.30230419653964e-02 1.00222071201588e+05 
8.33256069917755e-02 9.98855438740472e+04 
8.36285952251548e-02 9.95473858071832e+04 
8.39320531474633e-02 9.92243033265187e+04 
8.42359336360490e-02 9.89071472739021e+04 
8.45403043955964e-02 9.86077767085984e+04 
8.48451195973157e-02 9.83188018831522e+04 
8.51497988006169e-02 9.80480608934666e+04 
8.54549045434609e-02 9.77859011210934e+04 
8.57597471586963e-02 9.75425251373884e+04 
8.60649918047699e-02 9.73023811232118e+04 
8.63699470598428e-02 9.70855987890817e+04 
8.66753117236866e-02 9.68654330447291e+04 
8.69803893788994e-02 9.66673619708500e+04 
8.72858755070025e-02 9.64599313908065e+04 
8.75911335333767e-02 9.62635140057422e+04 
8.78968165823131e-02 9.60550385062630e+04 
8.82023262554061e-02 9.58511981408791e+04 
8.85082714825875e-02 9.56294362334335e+04 
8.88140899190741e-02 9.54126676659777e+04 
8.91205150702726e-02 9.51742672029355e+04 
8.94266841078967e-02 9.49367324061134e+04 
8.97335222321141e-02 9.46938985434573e+04 
9.00400472890215e-02 9.44443464495007e+04 
9.03472689774384e-02 9.41918112605143e+04 
9.06541044713171e-02 9.39366416534986e+04 
9.09616579567681e-02 9.36659365360452e+04 
9.12688280120396e-02 9.34139728623289e+04 
9.15766459055209e-02 9.31333016585895e+04 
9.18841549659408e-02 9.28737319425636e+04 
9.21923320113115e-02 9.25992246915461e+04 
9.25001975273043e-02 9.23498336984881e+04 
9.28087200273314e-02 9.20910945925531e+04 
9.31169062851280e-02 9.18591742166587e+04 
9.34257241620029e-02 9.16225407135491e+04 
9.37341907726504e-02 9.14132283521867e+04 
9.40432923768904e-02 9.12018484410140e+04 
9.43520305012295e-02 9.10179521384986e+04 
9.46614192687211e-02 9.08340269621654e+04 
9.49704452393791e-02 9.06773989036513e+04 
9.52801677941077e-02 9.05253907083429e+04 
9.55895161405345e-02 9.04118064180577e+04 
9.58995858076686e-02 9.02989810092073e+04 
9.62092619842402e-02 9.02395023741460e+04 
9.65196721299646e-02 9.01688738280067e+04 
9.68297129047679e-02 9.01395175038997e+04 
9.71405337649929e-02 9.01230773176008e+04 
9.74510300800780e-02 9.01304907853202e+04 
9.77623629725379e-02 9.01505180368106e+04 
9.80734175370617e-02 9.01814771150820e+04 
9.83853926649948e-02 9.02476815620401e+04 
9.86975146349782e-02 9.02912040146907e+04 
9.90097745553174e-02 9.03594491987146e+04 
9.93218890273990e-02 9.04202851036607e+04 
9.96341785265673e-02 9.04976273466794e+04 
9.99463002304688e-02 9.05685974730441e+04 
1.00258593487767e-01 9.06443992633994e+04 
1.00570806737170e-01 9.07178464449694e+04 
1.00883264456468e-01 9.07913962560881e+04 
1.01195696483056e-01 9.08625988403343e+04 
1.01508326867007e-01 9.09211521304999e+04 
1.01820517319639e-01 9.09846897907862e+04 
1.02132321349771e-01 9.10248731935132e+04 
1.02443821680390e-01 9.10492469785378e+04 
1.02755040825332e-01 9.10529063430553e+04 
1.03066137203345e-01 9.10383892004622e+04 
1.03377067680804e-01 9.10064995294552e+04 
1.03688020502414e-01 9.09593575244591e+04 
1.03998892015622e-01 9.08984805663237e+04 
1.04309886923685e-01 9.08244475495352e+04 
1.04620859663515e-01 9.07400160126286e+04 
1.04932030875004e-01 9.06465693739272e+04 
1.05243221810392e-01 9.05453966085088e+04 
1.05554663119241e-01 9.04380196966154e+04 
1.05866150814663e-01 9.03251338422387e+04 
1.06177926649940e-01 9.02078268737460e+04 
1.06489723158438e-01 9.00804930275880e+04 
1.06801699635117e-01 8.99624926723123e+04 
1.07113554286323e-01 8.98325293342334e+04 
1.07425499989361e-01 8.97093282104004e+04 
1.07737237265054e-01 8.95805667392644e+04 
1.08046861560027e-01 8.94616474463132e+04 
1.08353440353442e-01 8.93383457066563e+04 
1.08657575664862e-01 8.92266573092999e+04 
1.08960168397265e-01 8.91108287461823e+04 
1.09260268077106e-01 8.90060551420587e+04 
1.09558925180162e-01 8.89001115616215e+04 
1.09855712661174e-01 8.88045192338174e+04 
1.10151795456645e-01 8.87099879678374e+04 
1.10446652414889e-01 8.86366774033842e+04 
1.10742052572575e-01 8.85721037090722e+04 
1.11036596617892e-01 8.85202113674962e+04 
1.11331017225481e-01 8.84809248431660e+04 
1.11625018769944e-01 8.84714594085232e+04 
1.11919314765448e-01 8.84786526490246e+04 
1.12212543648701e-01 8.85082420489082e+04 
1.12504371195290e-01 8.85620613885109e+04 
1.12794898976479e-01 8.86258252564416e+04 
1.13084423537413e-01 8.86892440938258e+04 
1.13372882784333e-01 8.87853689966035e+04 
1.13660445081389e-01 8.89033469994391e+04 
1.13947314365297e-01 8.90584996650194e+04 
1.14233654331828e-01 8.92569252183453e+04 
1.14519601941154e-01 8.95066022369335e+04 
1.14805289062497e-01 8.97795099013053e+04 
1.15090802824191e-01 9.00834725628970e+04 
1.15376241350438e-01 9.04013543945255e+04 
1.15661665453276e-01 9.07355149436600e+04 
1.15947080541980e-01 9.10647318771597e+04 
1.16232445224727e-01 9.13906970080972e+04 
1.16517497261045e-01 9.17011028638113e+04 
1.16802355471461e-01 9.19850485288204e+04 
1.17087230362731e-01 9.22396256355749e+04 
1.17372141567239e-01 9.24444153664324e+04 
1.17657044478351e-01 9.25958751843412e+04 
1.17942109684813e-01 9.26872733960347e+04 
1.18227177484771e-01 9.27611887868378e+04 
1.18512494803688e-01 9.28323273687770e+04 
1.18797941286987e-01 9.28682692071922e+04 
1.19083745334071e-01 9.28813533629934e+04 
1.19369834120628e-01 9.28694035583899e+04 
1.19656396682372e-01 9.28402432033136e+04 
1.19943320047332e-01 9.27902833130043e+04 
1.20230728938617e-01 9.27270095779584e+04 
1.20518432652605e-01 9.26498020450411e+04 
1.20806496658948e-01 9.25640442649076e+04 
1.21094703293018e-01 9.24696722179323e+04 
1.21383089553669e-01 9.23703604478104e+04 
1.21671490305159e-01 9.22667741622085e+04 
1.21959947001445e-01 9.21596681875300e+04 
1.22248389019688e-01 9.20513392905277e+04 
1.22536888778046e-01 9.19411509600913e+04 
1.22825453971695e-01 9.18309232865055e+04 
1.23114184064150e-01 9.17198058652676e+04 
1.23403103913404e-01 9.16085349541979e+04 
1.23692311220224e-01 9.14962837073308e+04 
1.23981833375982e-01 9.13839247069973e+04 
1.24271790139861e-01 9.12706052997915e+04 
1.24562139028835e-01 9.11570485030555e+04 
1.24852989387756e-01 9.10436742937159e+04 
1.25144267557882e-01 9.09318950709420e+04 
1.25436060117639e-01 9.08160871304121e+04 
1.25728282461771e-01 9.07068836923373e+04 
1.26020985620954e-01 9.05890572307225e+04 
1.26313933405819e-01 9.04824755978219e+04 
1.26607363454650e-01 9.03670952760975e+04 
1.26901185077867e-01 9.02523930704551e+04 
1.27195515337636e-01 9.01415752909158e+04 
1.27490205830390e-01 9.00428665461491e+04 
1.27785382863897e-01 8.99364304319118e+04 
1.28080920246205e-01 8.98427091988084e+04 
1.28376939167738e-01 8.97410097058292e+04 
1.28673328889920e-01 8.96513266581367e+04 
1.28970180759044e-01 8.95578763684059e+04 
1.29267392462851e-01 8.94715435100084e+04 
1.29565036341285e-01 8.93855953136280e+04 
1.29863021508466e-01 8.93023010992527e+04 
1.30161398266155e-01 8.92198436071288e+04 
1.30460076600105e-01 8.91389165511126e+04 
1.30759081964380e-01 8.90580455907052e+04 
1.31058336921046e-01 8.89780163976114e+04 
1.31357853799156e-01 8.88974317520394e+04 
1.31657564810430e-01 8.88161422258526e+04 
1.31957473270512e-01 8.87337428450160e+04 
1.32257232105165e-01 8.86488690020687e+04 
1.32557043628382e-01 8.85633734633433e+04 
1.32856525495741e-01 8.84737879507907e+04 
1.33156033334615e-01 8.83892191516331e+04 
1.33455208373076e-01 8.82967939606339e+04 
1.33754400417938e-01 8.82183010695436e+04 
1.34053279143177e-01 8.81354116175467e+04 
1.34352182929718e-01 8.80702126449254e+04 
1.34650805621483e-01 8.80032499044847e+04 
1.34949463056233e-01 8.79491233635583e+04 
1.35247867724064e-01 8.78975632354929e+04 
1.35546308368218e-01 8.78628472670514e+04 
1.35844524025639e-01 8.78344805673147e+04 
1.36142778566658e-01 8.78261300309524e+04 
1.36440830047471e-01 8.78262738669747e+04 
1.36738914595521e-01 8.78452677438694e+04 
1.37036803225893e-01 8.78740760103183e+04 
1.37334681692967e-01 8.79206732892993e+04 
1.37632397944141e-01 8.79772285514837e+04 
1.37929998203482e-01 8.80539177061481e+04 
1.38227459867122e-01 8.81342377421102e+04 
1.38524829810366e-01 8.82375303162523e+04 
1.38822084530275e-01 8.83495160249364e+04 
1.39119270470513e-01 8.84820155484862e+04 
1.39416352635038e-01 8.86036512437627e+04 
1.39713388791918e-01 8.87259026718277e+04 
1.40010323164462e-01 8.88438770454592e+04 
1.40307219733753e-01 8.89709653570291e+04 
1.40603963686636e-01 8.90964667395484e+04 
1.40900686713974e-01 8.92317385880821e+04 
1.41197234847904e-01 8.93700273680076e+04 
1.41493767191985e-01 8.95182149056176e+04 
1.41790144124147e-01 8.96580686807455e+04 
1.42086522566972e-01 8.98031893912385e+04 
1.42382775442121e-01 8.99467167780044e+04 
1.42679052575888e-01 9.00927975193753e+04 
1.42975225085751e-01 9.02425542992298e+04 
1.43271436894482e-01 9.03980382133602e+04 
1.43567550243154e-01 9.05587461846018e+04 
1.43863711318886e-01 9.07269078236794e+04 
1.44159773731398e-01 9.09001995018500e+04 
1.44455879232268e-01 9.10799474382414e+04 
1.44751878920009e-01 9.12625703937028e+04 
1.45047931915558e-01 9.14446607287409e+04 
1.45343884556952e-01 9.16314299764159e+04 
1.45639908959195e-01 9.18103378558536e+04 
1.45935832333196e-01 9.19883457155478e+04 
1.46231834919944e-01 9.21568688987296e+04 
1.46527727313428e-01 9.23171149450571e+04 
1.46823694877025e-01 9.24575834666071e+04 
1.47119552609663e-01 9.25858681773891e+04 
1.47415478917996e-01 9.26989447816596e+04 
1.47711287065928e-01 9.27816882025673e+04 
1.48007154780766e-01 9.28526507670050e+04 
1.48302896526903e-01 9.29085502461498e+04 
1.48598697764332e-01 9.29448250505294e+04 
1.48894361308864e-01 9.29827350758920e+04 
1.49189928479500e-01 9.30127702560483e+04 
1.49485483789707e-01 9.30344308409969e+04 
1.49781034860353e-01 9.30431666369180e+04 
1.50076417099094e-01 9.30398559512464e+04 
1.50371742384803e-01 9.30237386630567e+04 
1.50666951283265e-01 9.29969337072984e+04 
1.50961820651968e-01 9.29634078064064e+04 
1.51256577464002e-01 9.29209793856344e+04 
1.51551005842181e-01 9.28736460119014e+04 
1.51845297619376e-01 9.28198454158378e+04 
1.52139251089612e-01 9.27625788399269e+04 
1.52433060130023e-01 9.27080645040011e+04 
1.52726504648846e-01 9.26485717591709e+04 
1.53019851071081e-01 9.25968944956962e+04 
1.53312859273294e-01 9.25383621417356e+04 
1.53605806005443e-01 9.24846120610574e+04 
1.53898433029320e-01 9.24305308600308e+04 
1.54191025263240e-01 9.23747757977497e+04 
1.54483310774809e-01 9.23212927669089e+04 
1.54775590974428e-01 9.22664002946520e+04 
1.55067577823155e-01 9.22141106235908e+04 
1.55359590766282e-01 9.21658588698761e+04 
1.55651330588331e-01 9.21132022811485e+04 
1.55943130741786e-01 9.20636665336950e+04 
1.56235236251438e-01 9.20112662970937e+04 
1.56527335651752e-01 9.19612861968369e+04 
1.56819218223272e-01 9.19099880951617e+04 
1.57111079462531e-01 9.18589365740218e+04 
1.57402738635350e-01 9.18092626751007e+04 
1.57694421087254e-01 9.17577110450160e+04 
1.57985953911725e-01 9.17080713996809e+04 
1.58277550101458e-01 9.16576407455352e+04 
1.58568975248153e-01 9.16103614153092e+04 
1.58860518296208e-01 9.15648569223088e+04 
1.59151910204027e-01 9.15227932798674e+04 
1.59443454653640e-01 9.14836453355603e+04 
1.59734866901462e-01 9.14484296496132e+04 
1.60026442443985e-01 9.14149312277681e+04 
1.60317919340328e-01 9.13824053563778e+04 
1.60609543022619e-01 9.13564502183171e+04 
1.60901055804975e-01 9.13311510149669e+04 
1.61192728311462e-01 9.13111072756706e+04 
1.61484292848401e-01 9.12972114822492e+04 
1.61776032702411e-01 9.12863127497083e+04 
1.62067677267365e-01 9.12806106267287e+04 
1.62359507265967e-01 9.12747735034804e+04 
1.62651253106249e-01 9.12733679861718e+04 
1.62943339605797e-01 9.12714571777864e+04 
1.63235425310993e-01 9.12740032342119e+04 
1.63527597399028e-01 9.12759360924776e+04 
1.63819725300705e-01 9.12824035708540e+04 
1.64111961707735e-01 9.12885991002868e+04 
1.64404169133444e-01 9.12974483892851e+04 
1.64696489041503e-01 9.13052532455704e+04 
1.64988844837423e-01 9.13156670676560e+04 
1.65281293785363e-01 9.13251633722706e+04 
1.65573797129566e-01 9.13376279664008e+04 
1.65866386697696e-01 9.13486033640662e+04 
1.66159021922128e-01 9.13610847452467e+04 
1.66451744726513e-01 9.13716798072715e+04 
1.66744512705056e-01 9.13827814588722e+04 
1.67037360181987e-01 9.13910093582034e+04 
1.67330234433714e-01 9.13990997161986e+04 
1.67623196314999e-01 9.14039052912314e+04 
1.67916158478804e-01 9.14081963462222e+04 
1.68209220519529e-01 9.14095659381524e+04 
1.68502246744750e-01 9.14101663265559e+04 
1.68795373336398e-01 9.14076455102040e+04 
1.69088552234383e-01 9.14035322079817e+04 
1.69381755361241e-01 9.13959243555406e+04 
1.69674991978436e-01 9.13874558679919e+04 
1.69968195329373e-01 9.13761621710970e+04 
1.70261433066375e-01 9.13642046553724e+04 
1.70554630228380e-01 9.13499110473111e+04 
1.70847898050133e-01 9.13350089329806e+04 
1.71141111562171e-01 9.13197818849764e+04 
1.71434404380307e-01 9.13009083276326e+04 
1.71727613545456e-01 9.12826347437761e+04 
1.72020898742723e-01 9.12604735022644e+04 
1.72314071370384e-01 9.12386850869343e+04 
1.72607326212358e-01 9.12145313418821e+04 
1.72900494858333e-01 9.11902553274452e+04 
1.73193800180329e-01 9.11652012653199e+04 
1.73487028310030e-01 9.11385976578101e+04 
1.73780374602949e-01 9.11135629474699e+04 
1.74073638863364e-01 9.10842678448497e+04 
1.74366989697353e-01 9.10571769115322e+04 
1.74660645547975e-01 9.10261145509304e+04 
1.74954113197597e-01 9.09976137857927e+04 
1.75247596701611e-01 9.09653405122484e+04 
1.75540912101139e-01 9.09356512862863e+04 
1.75834224165324e-01 9.09020447412109e+04 
1.76127396846375e-01 9.08685294054316e+04 
1.76420533588104e-01 9.08349531040041e+04 
1.76713540230464e-01 9.08001356733344e+04 
1.77006653731167e-01 9.07642333929757e+04 
1.77299565990140e-01 9.07289669331773e+04 
1.77592442213890e-01 9.06925292225349e+04 
1.77885084540351e-01 9.06562372825193e+04 
1.78177672493910e-01 9.06176150374885e+04 
1.78470047570102e-01 9.05798934088592e+04 
1.78762349366957e-01 9.05406383495581e+04 
1.79054446411980e-01 9.05034761479351e+04 
1.79346446342433e-01 9.04656912701580e+04 
1.79638249480848e-01 9.04306758154690e+04 
1.79929937814552e-01 9.03956196701474e+04 
1.80221437020807e-01 9.03637210158019e+04 
1.80512809858773e-01 9.03318939986041e+04 
1.80804020893512e-01 9.03031168333763e+04 
1.81095086616290e-01 9.02745026311058e+04 
1.81386029031318e-01 9.02488866525455e+04 
1.81676791584041e-01 9.02234550841203e+04 
1.81967452151752e-01 9.02008576100972e+04 
1.82257917900253e-01 9.01786721353251e+04 
1.82548311510717e-01 9.01591019789681e+04 
1.82838507342722e-01 9.01399072242699e+04 
1.83129162527356e-01 9.01230191880747e+04 
1.83419716838834e-01 9.01064017057514e+04 
1.83710145643855e-01 9.00917610596422e+04 
1.84000452326624e-01 9.00772448025350e+04 
1.84290649704812e-01 9.00646338824692e+04 
1.84580734636083e-01 9.00520382829636e+04 
1.84870757888372e-01 9.00414060305451e+04 
1.85160675302015e-01 9.00307012431643e+04 
1.85450557788901e-01 9.00220130687761e+04 
1.85740327666823e-01 9.00130359866523e+04 
1.86031976893446e-01 9.00060215607203e+04 
1.86323505115136e-01 8.99985925156419e+04 
1.86615070964936e-01 8.99929528151503e+04 
1.86906542152473e-01 8.99868537759976e+04 
1.87198081684103e-01 8.99823880544163e+04 
1.87489510495195e-01 8.99774949589870e+04 
1.87781096136082e-01 8.99741835672666e+04 
1.88072637597491e-01 8.99703148504726e+04 
1.88364330837320e-01 8.99680892432412e+04 
1.88655975280773e-01 8.99653924528639e+04 
1.88947791164802e-01 8.99647372611836e+04 
1.89239571680202e-01 8.99636920118740e+04 
1.89531554535737e-01 8.99652476153667e+04 
1.89823510326220e-01 8.99667212618277e+04 
1.90115702731831e-01 8.99711378097663e+04 
1.90407877561397e-01 8.99758858938554e+04 
1.90700300125746e-01 8.99839781495747e+04 
1.90992732071445e-01 8.99928009744227e+04 
1.91285425719185e-01 9.00053490140345e+04 
1.91578150454123e-01 9.00189509637568e+04 
1.91871143992112e-01 9.00367943616221e+04 
1.92164190424590e-01 9.00560682612878e+04 
1.92457513225481e-01 9.00800707569764e+04 
1.92750919773433e-01 9.01059628641080e+04 
1.93044547765579e-01 9.01370659258201e+04 
1.93338287140549e-01 9.01704690533019e+04 
1.93632228385121e-01 9.02094548117648e+04 
1.93926290832598e-01 9.02510586162220e+04 
1.94220569915178e-01 9.02984295071026e+04 
1.94514971766322e-01 9.03485725005103e+04 
1.94809603942068e-01 9.04045182955827e+04 
1.95104362515956e-01 9.04631157783627e+04 
1.95399360628376e-01 9.05273439106709e+04 
1.95694485431864e-01 9.05939946367374e+04 
1.95989857479013e-01 9.06659303978360e+04 
1.96285354165468e-01 9.07398257536952e+04 
1.96581105877156e-01 9.08184416676179e+04 
1.96876981174940e-01 9.08983405015488e+04 
1.97173120702855e-01 9.09817931509812e+04 
1.97469381615463e-01 9.10658540337018e+04 
1.97765913473112e-01 9.11524836871949e+04 
1.98062561314415e-01 9.12386836220392e+04 
1.98359484875089e-01 9.13263081916764e+04 
1.98656497336717e-01 9.14122999883911e+04 
1.98953731999388e-01 9.14984868270740e+04 
1.99251036874263e-01 9.15819214288745e+04 
1.99548521731619e-01 9.16645097037215e+04 
1.99846099934652e-01 9.17433325543223e+04 
2.00143811276124e-01 9.18204617611459e+04 
