# Liste des scalaires : TEMPS pmat 
0.00000000000000e+00 1.00000000000000e+05 
7.22956891292051e-05 1.00000000000000e+05 
1.39473830159790e-04 1.00000000000000e+05 
2.09658797050094e-04 1.00000000000000e+05 
2.76117114236723e-04 1.00000000000000e+05 
3.20638761908110e-04 1.00000000000000e+05 
3.55139419127656e-04 1.00000000000000e+05 
3.84466703006935e-04 1.00000000000000e+05 
4.10882456555337e-04 1.00000000000000e+05 
4.35440253196313e-04 1.00000000000000e+05 
4.62453829501387e-04 1.00000000000000e+05 
4.92168763436968e-04 1.00000000000000e+05 
5.24855190766108e-04 1.00000000000000e+05 
5.60810260828162e-04 1.00000000000000e+05 
6.00360837896421e-04 1.00000000000000e+05 
6.43866472671505e-04 1.00000000000000e+05 
6.91722670924099e-04 1.00000000000000e+05 
7.44364489001951e-04 1.00000000000000e+05 
8.02270488887589e-04 1.00000000000000e+05 
8.65967088761791e-04 1.00000000000000e+05 
9.36033348623413e-04 1.00000000000000e+05 
1.01310623447120e-03 1.00000000000000e+05 
1.09788640890376e-03 1.00000000000000e+05 
1.19114460077958e-03 1.00000000000000e+05 
1.28874595967987e-03 1.00000000000000e+05 
1.39427742078080e-03 1.00000000000000e+05 
1.50221628787615e-03 1.00000000000000e+05 
1.61553425737472e-03 1.00000000000000e+05 
1.73457348070822e-03 1.00000000000000e+05 
1.85733677968612e-03 1.00000000000000e+05 
1.98616223838869e-03 1.00000000000000e+05 
2.11872938704624e-03 1.00000000000000e+05 
2.25541689819657e-03 1.00000000000000e+05 
2.39770046991491e-03 1.00000000000000e+05 
2.54404988606733e-03 1.00000000000000e+05 
2.69468898512361e-03 1.00000000000000e+05 
2.84728349237907e-03 1.00000000000000e+05 
3.00399284792595e-03 1.00000000000000e+05 
3.16936014358201e-03 1.00000000000000e+05 
3.33998794740558e-03 1.00000000000000e+05 
3.51647034110553e-03 1.00000000000000e+05 
3.69827606450473e-03 1.00000000000000e+05 
3.87750454681523e-03 1.00000000000000e+05 
4.04648636909702e-03 1.00000000000000e+05 
4.21302752923415e-03 1.00000000000000e+05 
4.37606038463477e-03 1.00000000000000e+05 
4.53946213456850e-03 1.00000000000000e+05 
4.70193682146933e-03 1.00000000000000e+05 
4.86880556280815e-03 1.00000000000000e+05 
5.03241036023305e-03 1.00000000000000e+05 
5.19447337013761e-03 1.00000000000000e+05 
5.35593723493363e-03 1.00000000000000e+05 
5.52138646013158e-03 1.00000000000000e+05 
5.68492679847277e-03 1.00000000000000e+05 
5.84366823920954e-03 1.00000000000000e+05 
5.99930423897574e-03 1.00000000000000e+05 
6.15271920474335e-03 1.00000000000000e+05 
6.30340488055961e-03 1.00000000000000e+05 
6.45308405713993e-03 1.00000000000000e+05 
6.60031372067611e-03 1.00000000000000e+05 
6.74719293209897e-03 1.00000000000000e+05 
6.89162074696133e-03 1.00000000000000e+05 
7.03607353278258e-03 1.00000000000000e+05 
7.17827494528094e-03 1.00000000000000e+05 
7.32046859763185e-03 1.00000000000000e+05 
7.46081452686986e-03 1.00000000000000e+05 
7.60065563549520e-03 1.00000000000000e+05 
7.73904349204256e-03 1.00000000000000e+05 
7.87609238152631e-03 1.00000000000000e+05 
8.01184186258647e-03 1.00000000000000e+05 
8.14515357492294e-03 1.00000000000000e+05 
8.27654890575126e-03 1.00000000000000e+05 
8.40710022587675e-03 1.00000000000000e+05 
8.53605039045247e-03 1.00000000000000e+05 
8.66272823625645e-03 1.00000000000000e+05 
8.78746861169241e-03 1.00000000000000e+05 
8.91159148521980e-03 1.00000000000000e+05 
9.03512011722589e-03 1.00000000000000e+05 
9.15903607945845e-03 1.00000000000000e+05 
9.28294656306589e-03 1.00000000000000e+05 
9.40614737962663e-03 1.00000000000000e+05 
9.52845344447723e-03 1.00000000000000e+05 
9.65109259499148e-03 1.00000000000000e+05 
9.77384820822547e-03 1.00000000000000e+05 
9.89776531843077e-03 1.00000000000000e+05 
1.00226822458748e-02 1.00000000000000e+05 
1.01495282874217e-02 1.00000000000000e+05 
1.02782232788379e-02 1.00000000000000e+05 
1.04079075545138e-02 1.00000000000000e+05 
1.05384072546364e-02 1.00000000000000e+05 
1.06705832168103e-02 1.00000000000000e+05 
1.08046394042799e-02 1.00000000000000e+05 
1.09413191308144e-02 1.00000000000000e+05 
1.10804583818284e-02 1.00000000000000e+05 
1.12225887855518e-02 1.00000000000000e+05 
1.13671212818438e-02 1.00000000000000e+05 
1.15133022734528e-02 1.00000000000000e+05 
1.16613353482764e-02 1.00000000000000e+05 
1.18115658389591e-02 1.00000000000000e+05 
1.19639053335453e-02 1.00000000000000e+05 
1.21187085129311e-02 1.00000000000000e+05 
1.22759716798305e-02 1.00000000000000e+05 
1.24360326501675e-02 1.00000000000000e+05 
1.25977375194961e-02 1.00000000000000e+05 
1.27611000909058e-02 1.00000000000000e+05 
1.29261904918176e-02 1.00000000000000e+05 
1.30933253610576e-02 1.00000000000000e+05 
1.32625226641318e-02 1.00000000000000e+05 
1.34341097509755e-02 1.00000000000000e+05 
1.36080504579259e-02 1.00000000000000e+05 
1.37838009678086e-02 1.00000000000000e+05 
1.39610716188722e-02 1.00000000000000e+05 
1.41401860912280e-02 1.00000000000000e+05 
1.43211728418042e-02 1.00000000000000e+05 
1.45043699749810e-02 1.00000000000000e+05 
1.46896525919126e-02 1.00000000000000e+05 
1.48774012321828e-02 1.00000000000000e+05 
1.50672129393127e-02 1.00000000000000e+05 
1.52588634188982e-02 1.00000000000000e+05 
1.54523325993294e-02 1.00000000000000e+05 
1.56479517181006e-02 1.00000000000000e+05 
1.58454966232009e-02 1.00000000000000e+05 
1.60452296761418e-02 1.00000000000000e+05 
1.62470899307296e-02 1.00000000000000e+05 
1.64514191577799e-02 1.00000000000000e+05 
1.66579518284594e-02 1.00000000000000e+05 
1.68663705906673e-02 1.00000000000000e+05 
1.70765578997836e-02 1.00000000000000e+05 
1.72888219722786e-02 1.00000000000000e+05 
1.75030628561835e-02 1.00000000000000e+05 
1.77192558176303e-02 1.00000000000000e+05 
1.79372710455487e-02 1.00000000000000e+05 
1.81574173802724e-02 1.00000000000000e+05 
1.83795804110246e-02 1.00000000000000e+05 
1.86040877128996e-02 1.00000000000000e+05 
1.88302518393462e-02 1.00000000000000e+05 
1.90581910793797e-02 1.00000000000000e+05 
1.92877923853010e-02 1.00000000000000e+05 
1.95193653882401e-02 1.00000000000000e+05 
1.97527559688322e-02 1.00000000000000e+05 
1.99882847336178e-02 1.00000000000000e+05 
2.02257870738737e-02 1.00000000000000e+05 
2.04653489543479e-02 1.00000000000000e+05 
2.07066853701330e-02 1.00000000000000e+05 
2.09498805640884e-02 1.00000000000000e+05 
2.11948375943121e-02 1.00000000000000e+05 
2.14418916575758e-02 1.00000000000000e+05 
2.16909307332276e-02 1.00000000000000e+05 
2.19423072831437e-02 1.00000000000000e+05 
2.21959011476605e-02 1.00000000000000e+05 
2.24520623281031e-02 1.00000000000000e+05 
2.27102961988038e-02 1.00000000000000e+05 
2.29707517994450e-02 1.00000000000000e+05 
2.32333422743481e-02 1.00000000000000e+05 
2.34983501294003e-02 1.00000000000000e+05 
2.37656564575856e-02 1.00000000000000e+05 
2.40355381551207e-02 1.00000000000000e+05 
2.43078640924474e-02 1.00000000000000e+05 
2.45829044656417e-02 1.00000000000000e+05 
2.48590990070634e-02 1.00000000000000e+05 
2.51359492086390e-02 1.00000000000000e+05 
2.54139286345344e-02 1.00000000000000e+05 
2.56925543306615e-02 1.00000000000000e+05 
2.59722889126990e-02 1.00000000000000e+05 
2.62526711234413e-02 1.00000000000000e+05 
2.65340883688492e-02 1.00000000000000e+05 
2.68160549402094e-02 1.00000000000000e+05 
2.70989426625631e-02 1.00000000000000e+05 
2.73824089410296e-02 1.00000000000000e+05 
2.76668147869256e-02 1.00000000000000e+05 
2.79516136912525e-02 1.00000000000000e+05 
2.82372402358976e-02 1.00000000000000e+05 
2.85232897648282e-02 1.00000000000000e+05 
2.88085473114955e-02 1.00000000000000e+05 
2.90922901331297e-02 1.00000000000000e+05 
2.93758335827321e-02 1.00000000000000e+05 
2.96592318781968e-02 1.00000000000000e+05 
2.99436678754071e-02 1.00000000000000e+05 
3.02277919181379e-02 1.00000000000000e+05 
3.05143668076058e-02 1.00000000000000e+05 
3.08000036238473e-02 1.00000000000000e+05 
3.10859477321747e-02 1.00000000000000e+05 
3.13709982296910e-02 1.00000000000000e+05 
3.16567708894979e-02 1.00000000000000e+05 
3.19424011076588e-02 1.00000000000000e+05 
3.22286177795707e-02 1.00000000000000e+05 
3.25152796229845e-02 1.00000000000000e+05 
3.28026593585984e-02 1.00000000000000e+05 
3.30911449878942e-02 1.00000000000000e+05 
3.33816172266045e-02 1.00000000000000e+05 
3.36731716406011e-02 1.00000000000000e+05 
3.39678679669444e-02 1.00000000000000e+05 
3.42646652463287e-02 1.00000000000000e+05 
3.45625698182152e-02 1.00000000000000e+05 
3.48552486708024e-02 1.00000000000000e+05 
3.51292333667696e-02 1.00000000000000e+05 
3.54170857176981e-02 1.00000000000000e+05 
3.56849380958531e-02 1.00000000000000e+05 
3.59466526093023e-02 1.00000000000000e+05 
3.62096184720651e-02 1.00000000000000e+05 
3.64912948475245e-02 1.00000000000000e+05 
3.67718132502091e-02 1.00000000000000e+05 
3.70450772593085e-02 1.00000000000000e+05 
3.73128130388875e-02 1.00000000000000e+05 
3.75775385749945e-02 1.00000000000000e+05 
3.78390685252497e-02 1.00000000000000e+05 
3.80988838228601e-02 1.00000000000000e+05 
3.83578846852980e-02 1.00000000000000e+05 
3.86156744138414e-02 1.00000000000000e+05 
3.88729396467376e-02 1.00000000000000e+05 
3.91306760456483e-02 1.00000000000000e+05 
3.93884419574210e-02 1.00000000000000e+05 
3.96466970099159e-02 1.00000000000000e+05 
3.99060281000499e-02 1.00000000000000e+05 
4.01665094422181e-02 1.00000000000000e+05 
4.04270427427239e-02 1.00000000000000e+05 
4.06889953239513e-02 1.00000000000000e+05 
4.09518948348740e-02 1.00000000000000e+05 
4.12162873081218e-02 1.00000000000000e+05 
4.14814618917763e-02 1.00000000000000e+05 
4.17481313337899e-02 1.00000000000000e+05 
4.20157663493372e-02 1.00000000000000e+05 
4.22847849416993e-02 1.00000000000000e+05 
4.25547911762555e-02 1.00000000000000e+05 
4.28260883275632e-02 1.00000000000000e+05 
4.30982428269654e-02 1.00000000000000e+05 
4.33701368708053e-02 1.00000000000000e+05 
4.36413488834304e-02 1.00000000000000e+05 
4.39123181943328e-02 1.00000000000000e+05 
4.41829700697177e-02 1.00000000000000e+05 
4.44537475795819e-02 1.00000000000000e+05 
4.47243353036919e-02 1.00000000000000e+05 
4.49949659552345e-02 1.00000000000000e+05 
4.52656386048808e-02 1.00000000000000e+05 
4.55365230927285e-02 1.00000000000000e+05 
4.58075903801784e-02 1.00000000000000e+05 
4.60787987472835e-02 1.00000000000001e+05 
4.63500483870374e-02 1.00000000000002e+05 
4.66146061926404e-02 1.00000000000006e+05 
4.68723248856501e-02 1.00000000000013e+05 
4.71304505846603e-02 1.00000000000025e+05 
4.73880981597501e-02 1.00000000000043e+05 
4.76445193829995e-02 1.00000000000088e+05 
4.79018102040007e-02 1.00000000000196e+05 
4.81615284818466e-02 1.00000000000396e+05 
4.84182691884735e-02 1.00000000000779e+05 
4.86714714022164e-02 1.00000000001245e+05 
4.89229040452308e-02 1.00000000001796e+05 
4.91723385445508e-02 1.00000000002335e+05 
4.94212008707253e-02 1.00000000002843e+05 
4.96692972977366e-02 1.00000000003172e+05 
4.99167713984935e-02 1.00000000003509e+05 
5.01622736698385e-02 1.00000000003859e+05 
5.04065974972416e-02 1.00000000004274e+05 
5.06504324240749e-02 1.00000000004679e+05 
5.08936973387079e-02 1.00000000005574e+05 
5.11368478359853e-02 1.00000000007753e+05 
5.13799389150509e-02 1.00000000021241e+05 
5.16233463349381e-02 1.00000000040432e+05 
5.18670502011780e-02 1.00000000069540e+05 
5.21109555440805e-02 1.00000000099326e+05 
5.23552048444074e-02 1.00000000130248e+05 
5.25998485010276e-02 1.00000000150220e+05 
5.28450197503657e-02 1.00000000162031e+05 
5.30907144140422e-02 1.00000000192917e+05 
5.33370848416304e-02 1.00000000235631e+05 
5.35841556439154e-02 1.00000000278358e+05 
5.38320277738431e-02 1.00000000343251e+05 
5.40806899704296e-02 1.00002564440541e+05 
5.43301100341001e-02 1.00182936287349e+05 
5.45795086735860e-02 1.00726344500677e+05 
5.48280519962536e-02 1.01828318884639e+05 
5.50762708872466e-02 1.03686478269719e+05 
5.53238964820869e-02 1.06566469453738e+05 
5.55724522936107e-02 1.10398344508801e+05 
5.58207817187507e-02 1.15295837518570e+05 
5.60704514570557e-02 1.21183443833413e+05 
5.63198425860829e-02 1.27771995953660e+05 
5.65702914606983e-02 1.34570248574671e+05 
5.68206096998896e-02 1.41294153662971e+05 
5.70715279216154e-02 1.47514862039504e+05 
5.73221211887031e-02 1.51646848696955e+05 
5.75736796718895e-02 1.54075963207683e+05 
5.78250996510406e-02 1.54594830410189e+05 
5.80779041581634e-02 1.54205244247184e+05 
5.83305311980405e-02 1.53691560596416e+05 
5.85846528183965e-02 1.52958605580841e+05 
5.88386493526094e-02 1.52016977849409e+05 
5.90939290979623e-02 1.50858722651690e+05 
5.93491704929071e-02 1.49596068796250e+05 
5.96050889976686e-02 1.48271192824518e+05 
5.98606241197649e-02 1.46975272343704e+05 
6.01172145213749e-02 1.45684244286710e+05 
6.03734398187354e-02 1.44472343591319e+05 
6.06310638016803e-02 1.43334294778115e+05 
6.08884230638454e-02 1.42290661415350e+05 
6.11470463766293e-02 1.41323128329656e+05 
6.14053340625425e-02 1.40446011930091e+05 
6.16648353085423e-02 1.39595083666502e+05 
6.19240258651051e-02 1.38804427800365e+05 
6.21836038154064e-02 1.38020678301984e+05 
6.24425549305904e-02 1.37278903030549e+05 
6.27021755202841e-02 1.36530894126066e+05 
6.29613794526903e-02 1.35812220627048e+05 
6.32213814442861e-02 1.35086725011175e+05 
6.34810464177442e-02 1.34383034143858e+05 
6.37414347710230e-02 1.33685506710515e+05 
6.40017663968658e-02 1.32998615263097e+05 
6.42626809523125e-02 1.32329806851644e+05 
6.45233832166727e-02 1.31665989540473e+05 
6.47845763773325e-02 1.31029362418706e+05 
6.50455414473483e-02 1.30392917813679e+05 
6.53070255651928e-02 1.29794625167338e+05 
6.55681629189411e-02 1.29203947544319e+05 
6.58302169826853e-02 1.28644768249580e+05 
6.60920643603164e-02 1.28090411185426e+05 
6.63546779275555e-02 1.27559894043770e+05 
6.66169260679139e-02 1.27027095616764e+05 
6.68798345172133e-02 1.26504774245641e+05 
6.71419727284297e-02 1.25990261941452e+05 
6.74047005672174e-02 1.25491486150601e+05 
6.76666510854119e-02 1.25002344930079e+05 
6.79290437045055e-02 1.24528682956532e+05 
6.81904752466536e-02 1.24061809018610e+05 
6.84521819594957e-02 1.23608229435566e+05 
6.87129848451581e-02 1.23158058434312e+05 
6.89741299782646e-02 1.22719258604621e+05 
6.92342601347568e-02 1.22282896278979e+05 
6.94948930794456e-02 1.21858543884676e+05 
6.97548332057347e-02 1.21435043245857e+05 
7.00152365898242e-02 1.21024792373189e+05 
7.02754644499612e-02 1.20612539053410e+05 
7.05360490565899e-02 1.20212541281461e+05 
7.07965782886390e-02 1.19809963940914e+05 
7.10577519431873e-02 1.19415666132665e+05 
7.13187127799651e-02 1.19020329703944e+05 
7.15806058618804e-02 1.18628500590641e+05 
7.18426176548030e-02 1.18236543394371e+05 
7.21053846899517e-02 1.17843891001019e+05 
7.23686839382210e-02 1.17451034073884e+05 
7.26328617086400e-02 1.17057869151685e+05 
7.28976634693801e-02 1.16665175402863e+05 
7.31634794477609e-02 1.16274017616859e+05 
7.34299162674700e-02 1.15881773357712e+05 
7.36975471269375e-02 1.15493792900429e+05 
7.39655887214710e-02 1.15105454583836e+05 
7.42348699155207e-02 1.14719875211626e+05 
7.45044861214266e-02 1.14338695397414e+05 
7.47752452518948e-02 1.13953711986589e+05 
7.50465975088106e-02 1.13586009655748e+05 
7.53188623583605e-02 1.13209843211137e+05 
7.55918529314657e-02 1.12852877503698e+05 
7.58653941792447e-02 1.12485676018787e+05 
7.61395840539424e-02 1.12136305190766e+05 
7.64143025675901e-02 1.11774089828432e+05 
7.66895652006401e-02 1.11431471864972e+05 
7.69652417171354e-02 1.11074862887417e+05 
7.72413884206192e-02 1.10739093279992e+05 
7.75179371312822e-02 1.10389489195890e+05 
7.77949211619711e-02 1.10060832334292e+05 
7.80722530505288e-02 1.09717147198920e+05 
7.83499659516509e-02 1.09397188891476e+05 
7.86279772727633e-02 1.09060088175114e+05 
7.89062963046603e-02 1.08751199770358e+05 
7.91848861542096e-02 1.08424218066073e+05 
7.94637461628589e-02 1.08127604330141e+05 
7.97428551258546e-02 1.07812788039761e+05 
8.00222370579523e-02 1.07527086808752e+05 
8.03018943415006e-02 1.07224297444857e+05 
8.05818691465852e-02 1.06949115218657e+05 
8.08621375575744e-02 1.06656712748149e+05 
8.11427418760278e-02 1.06389905866390e+05 
8.14236153620223e-02 1.06104708429471e+05 
8.17047852372395e-02 1.05845169392843e+05 
8.19862541528555e-02 1.05567533097092e+05 
8.22679860713592e-02 1.05313593792391e+05 
8.25500687393122e-02 1.05042654947991e+05 
8.28319747053756e-02 1.04793823677209e+05 
8.31142265935069e-02 1.04530605981396e+05 
8.33959534245133e-02 1.04287169202695e+05 
8.36780178412269e-02 1.04032385600851e+05 
8.39594696720383e-02 1.03795640578803e+05 
8.42413623132228e-02 1.03551090160291e+05 
8.45227951392612e-02 1.03322395021798e+05 
8.48047435648537e-02 1.03088376107853e+05 
8.50865044065027e-02 1.02865619029413e+05 
8.53686456118243e-02 1.02643209362177e+05 
8.56507510973243e-02 1.02419084834513e+05 
8.59332207594209e-02 1.02214618161269e+05 
8.62158495776165e-02 1.02001500945748e+05 
8.64988513603903e-02 1.01812293592311e+05 
8.67821589717132e-02 1.01612673390727e+05 
8.70660488404892e-02 1.01434592151386e+05 
8.73504233746746e-02 1.01245028734592e+05 
8.76353786805709e-02 1.01075787946872e+05 
8.79209209997462e-02 1.00894213852095e+05 
8.82071385597510e-02 1.00732366574205e+05 
8.84939990919113e-02 1.00559363731927e+05 
8.87816539437818e-02 1.00404815483884e+05 
8.90699273486783e-02 1.00239736021379e+05 
8.93591430147082e-02 1.00091918849010e+05 
8.96488115218269e-02 9.99333300668722e+04 
8.99393260594686e-02 9.97904598330037e+04 
9.02302029924084e-02 9.96355203486218e+04 
9.05219119394376e-02 9.94951715675928e+04 
9.08141986521793e-02 9.93411580633638e+04 
9.11073727011814e-02 9.92000521852915e+04 
9.14013043663106e-02 9.90454348503504e+04 
9.16960298928050e-02 9.89041910417445e+04 
9.19904715260912e-02 9.87502172023451e+04 
9.22848713369505e-02 9.86108336961241e+04 
9.25790436179461e-02 9.84587541086636e+04 
9.28732246357542e-02 9.83191211209188e+04 
9.31672371683198e-02 9.81686637989751e+04 
9.34613295532009e-02 9.80284307692569e+04 
9.37553217816139e-02 9.78784985135235e+04 
9.40494236144355e-02 9.77390522333204e+04 
9.43434132051879e-02 9.75910846752080e+04 
9.46375759894071e-02 9.74539310977054e+04 
9.49316984521401e-02 9.73089730920260e+04 
9.52260573199755e-02 9.71752333725251e+04 
9.55204451269923e-02 9.70335488374648e+04 
9.58151302978805e-02 9.69036486212456e+04 
9.61098638539145e-02 9.67651508165461e+04 
9.64049198632690e-02 9.66388549145535e+04 
9.67000600508956e-02 9.65035055953541e+04 
9.69955951973969e-02 9.63807583584716e+04 
9.72913147972954e-02 9.62488720287895e+04 
9.75874978292958e-02 9.61295457394172e+04 
9.78838805991966e-02 9.60013863365437e+04 
9.81806918129182e-02 9.58853644410700e+04 
9.84776343275389e-02 9.57606042303078e+04 
9.87751332250540e-02 9.56470405747308e+04 
9.90728407333271e-02 9.55245868163085e+04 
9.93711503733975e-02 9.54126133697787e+04 
9.96695093229402e-02 9.52911062781832e+04 
9.99684916750888e-02 9.51795293032867e+04 
1.00267422408409e-01 9.50595948305383e+04 
1.00566842465147e-01 9.49470799807125e+04 
1.00866285206766e-01 9.48314294650575e+04 
1.01166235431948e-01 9.47168032610624e+04 
1.01466357637651e-01 9.46100136569441e+04 
1.01766830771898e-01 9.44881798753731e+04 
1.02067593635647e-01 9.43779898212648e+04 
1.02368647029833e-01 9.42600643824033e+04 
1.02669579276860e-01 9.41479353393193e+04 
1.02971204956729e-01 9.40306328740447e+04 
1.03272847420699e-01 9.39182899213722e+04 
1.03574904965534e-01 9.38032921381831e+04 
1.03876992454820e-01 9.36922443808706e+04 
1.04179126346179e-01 9.35806584419952e+04 
1.04481228155879e-01 9.34755003925585e+04 
1.04783174347982e-01 9.33663472465866e+04 
1.05084976458810e-01 9.32642072129336e+04 
1.05386663023059e-01 9.31576220336797e+04 
1.05687927550447e-01 9.30587833131267e+04 
1.05989468626584e-01 9.29571612887333e+04 
1.06290234369872e-01 9.28590186925060e+04 
1.06591516444672e-01 9.27592203675832e+04 
1.06893019601610e-01 9.26622848270577e+04 
1.07195034600583e-01 9.25641745340181e+04 
1.07497697648239e-01 9.24695242912064e+04 
1.07801022885727e-01 9.23738700319137e+04 
1.08105239569999e-01 9.22818304094567e+04 
1.08410171208525e-01 9.21887300069394e+04 
1.08716045515571e-01 9.20990703815953e+04 
1.09022567025445e-01 9.20078527333369e+04 
1.09329926497010e-01 9.19212670008631e+04 
1.09637773718959e-01 9.18319617227550e+04 
1.09946151900115e-01 9.17501327590033e+04 
1.10254895189700e-01 9.16669461396035e+04 
1.10564009674340e-01 9.15891825923344e+04 
1.10873410915073e-01 9.15129465443730e+04 
1.11183053035436e-01 9.14350978279286e+04 
1.11492931877717e-01 9.13686944346227e+04 
1.11802972630631e-01 9.12956686366143e+04 
1.12113229387469e-01 9.12374328083308e+04 
1.12423612335450e-01 9.11708510063975e+04 
1.12734206422172e-01 9.11165777070006e+04 
1.13044919216964e-01 9.10541159212586e+04 
1.13353703080508e-01 9.10041419497847e+04 
1.13657981767923e-01 9.09495320121164e+04 
1.13958026722059e-01 9.09106471460841e+04 
1.14254088801788e-01 9.08750060751393e+04 
1.14547394176837e-01 9.08509112171460e+04 
1.14837544782712e-01 9.08310522607651e+04 
1.15126734823103e-01 9.08096600277498e+04 
1.15413917254109e-01 9.07922663207466e+04 
1.15700094209225e-01 9.08184022234848e+04 
1.15984939908214e-01 9.08949442468455e+04 
1.16268722682962e-01 9.10389387314158e+04 
1.16550575854258e-01 9.12774617796623e+04 
1.16831681430347e-01 9.16499150852919e+04 
1.17110664350147e-01 9.21731449124734e+04 
1.17389078706472e-01 9.28558107940203e+04 
1.17665822152265e-01 9.36977099876889e+04 
1.17941250482000e-01 9.47070927166617e+04 
1.18216189067408e-01 9.58792747972781e+04 
1.18490986531423e-01 9.71995571036251e+04 
1.18766099122622e-01 9.86368094954480e+04 
1.19041680183880e-01 1.00133915303623e+05 
1.19317384908213e-01 1.01638377068851e+05 
1.19593860538484e-01 1.03099273574411e+05 
1.19870750909057e-01 1.04452066267670e+05 
1.20148346640085e-01 1.05668090342157e+05 
1.20426356462661e-01 1.06660715057963e+05 
1.20704693684354e-01 1.07438458995714e+05 
1.20983123184986e-01 1.08039119412836e+05 
1.21261657053663e-01 1.08280644628943e+05 
1.21540165645284e-01 1.08288627761123e+05 
1.21818710450039e-01 1.08130353894988e+05 
1.22097178801462e-01 1.07962125662411e+05 
1.22375662156516e-01 1.07758341170700e+05 
1.22654074112438e-01 1.07541208247694e+05 
1.22932541106751e-01 1.07300837644152e+05 
1.23210969511570e-01 1.07065011333094e+05 
1.23489460594567e-01 1.06829988922859e+05 
1.23767976035631e-01 1.06593736209672e+05 
1.24046587004090e-01 1.06374476134428e+05 
1.24325353096953e-01 1.06155713942401e+05 
1.24605066515409e-01 1.05952480391914e+05 
1.24884928657911e-01 1.05754656958077e+05 
1.25165059580528e-01 1.05575567356827e+05 
1.25445442467386e-01 1.05400489178886e+05 
1.25726162613657e-01 1.05240717576704e+05 
1.26007249757194e-01 1.05082075470476e+05 
1.26288748120247e-01 1.04946780130851e+05 
1.26570711673251e-01 1.04796979465255e+05 
1.26853151334023e-01 1.04667580781606e+05 
1.27136131206394e-01 1.04523861798257e+05 
1.27419642892379e-01 1.04393372703724e+05 
1.27703801756461e-01 1.04256065737547e+05 
1.27991557196711e-01 1.04122104147656e+05 
1.28279784165983e-01 1.04000304310520e+05 
1.28568905897178e-01 1.03864458247190e+05 
1.28858583956051e-01 1.03739715549640e+05 
1.29149158583399e-01 1.03603928392834e+05 
1.29440394718968e-01 1.03476655078379e+05 
1.29732509525692e-01 1.03348071594883e+05 
1.30025258162461e-01 1.03225748396745e+05 
1.30318763933056e-01 1.03102071778575e+05 
1.30612893878307e-01 1.02982053431835e+05 
1.30907707837793e-01 1.02858297054682e+05 
1.31203155671418e-01 1.02736897180840e+05 
1.31499268049814e-01 1.02610757450401e+05 
1.31796020755652e-01 1.02486077646670e+05 
1.32092808950593e-01 1.02357011709424e+05 
1.32389622913580e-01 1.02228561950414e+05 
1.32686424866525e-01 1.02095043815164e+05 
1.32983314276858e-01 1.01961805189736e+05 
1.33280234875279e-01 1.01823421570689e+05 
1.33577221739673e-01 1.01685989430312e+05 
1.33874382581578e-01 1.01544430681447e+05 
1.34171532207523e-01 1.01405301515906e+05 
1.34468913230724e-01 1.01264488956037e+05 
1.34766292617389e-01 1.01130080617583e+05 
1.35063956198219e-01 1.00999064149173e+05 
1.35361620314119e-01 1.00879037349998e+05 
1.35659621247878e-01 1.00774786440388e+05 
1.35957607469557e-01 1.00693267002979e+05 
1.36255946747721e-01 1.00632792846908e+05 
1.36554308785019e-01 1.00618961740004e+05 
1.36852950153705e-01 1.00655670992064e+05 
1.37151694129272e-01 1.00736890895645e+05 
1.37450719586421e-01 1.00840658814633e+05 
1.37749846243088e-01 1.00960662648205e+05 
1.38049243253587e-01 1.01113913432656e+05 
1.38348792754233e-01 1.01308498421731e+05 
1.38648564532776e-01 1.01558159883885e+05 
1.38948558898412e-01 1.01842986009888e+05 
1.39248705395680e-01 1.02154820299639e+05 
1.39549046768127e-01 1.02476107746395e+05 
1.39849464584310e-01 1.02796037035913e+05 
1.40149823814163e-01 1.03090109409365e+05 
1.40449028624837e-01 1.03361852329721e+05 
1.40746069530378e-01 1.03583883813925e+05 
1.41042046036591e-01 1.03749252852275e+05 
1.41335982101402e-01 1.03900970549064e+05 
1.41629000862672e-01 1.04030316961577e+05 
1.41920399445679e-01 1.04131156303798e+05 
1.42211034412479e-01 1.04206350217759e+05 
1.42500390216088e-01 1.04271762230066e+05 
1.42789534181039e-01 1.04335007019095e+05 
1.43077632912404e-01 1.04402821454322e+05 
1.43365164415861e-01 1.04476395991610e+05 
1.43651936896064e-01 1.04568566515493e+05 
1.43938290731977e-01 1.04680177889880e+05 
1.44223847288187e-01 1.04821489120936e+05 
1.44509277952410e-01 1.04988820370223e+05 
1.44794337550085e-01 1.05187018130171e+05 
1.45079477455589e-01 1.05409721261357e+05 
1.45364614554554e-01 1.05658758138568e+05 
1.45649883785219e-01 1.05925254895180e+05 
1.45935048180389e-01 1.06208255288419e+05 
1.46220291345983e-01 1.06497577573073e+05 
1.46505642787372e-01 1.06791901489771e+05 
1.46791180736859e-01 1.07080140207446e+05 
1.47076899578698e-01 1.07361618802840e+05 
1.47362781197830e-01 1.07626319078922e+05 
1.47648824551923e-01 1.07874557706492e+05 
1.47935131129743e-01 1.08097678696071e+05 
1.48221703940436e-01 1.08297124787991e+05 
1.48508565720796e-01 1.08466774338354e+05 
1.48795591410062e-01 1.08608905306620e+05 
1.49082889230653e-01 1.08720575291715e+05 
1.49370281734591e-01 1.08804512506856e+05 
1.49657893269943e-01 1.08863807419211e+05 
1.49945628202228e-01 1.08895358430715e+05 
1.50233669597755e-01 1.08903263800848e+05 
1.50521774851105e-01 1.08889948183775e+05 
1.50810183888686e-01 1.08858657919460e+05 
1.51098725029704e-01 1.08814386943651e+05 
1.51387637811407e-01 1.08758153533159e+05 
1.51676827705944e-01 1.08697190209504e+05 
1.51966500457843e-01 1.08630043809553e+05 
1.52256469577682e-01 1.08559840384564e+05 
1.52547000341400e-01 1.08489207545868e+05 
1.52837924729930e-01 1.08417345496827e+05 
1.53129245530432e-01 1.08348484565973e+05 
1.53420879101541e-01 1.08280317623013e+05 
1.53712922270837e-01 1.08217095271099e+05 
1.54005285650908e-01 1.08156009150635e+05 
1.54298079199515e-01 1.08101395610109e+05 
1.54591150312780e-01 1.08049469037614e+05 
1.54884636044490e-01 1.08006695349277e+05 
1.55178390995249e-01 1.07968250345247e+05 
1.55472579431575e-01 1.07939455239997e+05 
1.55767066558068e-01 1.07914182974575e+05 
1.56062019016404e-01 1.07901418299700e+05 
1.56357308039452e-01 1.07891919958412e+05 
1.56653047711080e-01 1.07895735025458e+05 
1.56949107233327e-01 1.07902029394574e+05 
1.57245564650483e-01 1.07921029890020e+05 
1.57542356058083e-01 1.07940489130574e+05 
1.57839568309345e-01 1.07970426401975e+05 
1.58137133798336e-01 1.07997637659381e+05 
1.58435147414923e-01 1.08031864649898e+05 
1.58733524753867e-01 1.08059241077461e+05 
1.59032263092164e-01 1.08091247886908e+05 
1.59331370886428e-01 1.08111335646484e+05 
1.59630880831801e-01 1.08129579756771e+05 
1.59930789313406e-01 1.08132074529824e+05 
1.60231143217008e-01 1.08130629590135e+05 
1.60531923086396e-01 1.08115484584570e+05 
1.60833203083041e-01 1.08093124385063e+05 
1.61134861494916e-01 1.08055796828610e+05 
1.61437075513295e-01 1.08009367758563e+05 
1.61739629661075e-01 1.07947363270046e+05 
1.62042786595513e-01 1.07876418316945e+05 
1.62346318359476e-01 1.07791076895919e+05 
1.62650479604896e-01 1.07696520505109e+05 
1.62955068222090e-01 1.07592460841923e+05 
1.63260310521368e-01 1.07478938690519e+05 
1.63566020670907e-01 1.07355708877810e+05 
1.63872414747784e-01 1.07224226295187e+05 
1.64179216046980e-01 1.07086253033308e+05 
1.64486668216754e-01 1.06943680333633e+05 
1.64794556258071e-01 1.06796331289892e+05 
1.65103103158103e-01 1.06647498393989e+05 
1.65412110415408e-01 1.06492788765870e+05 
1.65721340223557e-01 1.06330241466177e+05 
1.66030499588103e-01 1.06166264029559e+05 
1.66339795188236e-01 1.05997885684556e+05 
1.66649072942442e-01 1.05829267032501e+05 
1.66958423576143e-01 1.05659775863867e+05 
1.67267852529608e-01 1.05489090309515e+05 
1.67577191767313e-01 1.05315949721115e+05 
1.67886668721696e-01 1.05141739654129e+05 
1.68196133556046e-01 1.04965968132111e+05 
1.68505812120710e-01 1.04790144617990e+05 
1.68815545138417e-01 1.04613484674821e+05 
1.69125508739636e-01 1.04437294403999e+05 
1.69435404082881e-01 1.04260580877377e+05 
1.69745471971423e-01 1.04084418633690e+05 
1.70055677141841e-01 1.03907649230750e+05 
1.70366045268656e-01 1.03731057352093e+05 
1.70676565287124e-01 1.03553624781625e+05 
1.70987360920772e-01 1.03375762355787e+05 
1.71298271120249e-01 1.03196957679640e+05 
1.71609571640116e-01 1.03017389467633e+05 
1.71920957645042e-01 1.02837442021718e+05 
1.72232820061318e-01 1.02656806363008e+05 
1.72544746864532e-01 1.02476353536682e+05 
1.72857201155552e-01 1.02295269030583e+05 
1.73169697087177e-01 1.02113943444518e+05 
1.73482711734172e-01 1.01931931506774e+05 
1.73795784605625e-01 1.01749379824850e+05 
1.74109351344833e-01 1.01565730503434e+05 
1.74422908177887e-01 1.01382096292427e+05 
1.74736446187190e-01 1.01198019395110e+05 
1.75049725642270e-01 1.01014809861723e+05 
1.75363017798729e-01 1.00831604201671e+05 
1.75676055464159e-01 1.00650017172563e+05 
1.75989131952752e-01 1.00468496445053e+05 
1.76301948115329e-01 1.00289089808391e+05 
1.76614839579531e-01 1.00108987533268e+05 
1.76927476198927e-01 9.99307328949302e+04 
1.77240216581702e-01 9.97507698394355e+04 
1.77552710867272e-01 9.95713814914263e+04 
1.77865320549028e-01 9.93900009322860e+04 
1.78177714520745e-01 9.92087945394480e+04 
1.78490171930428e-01 9.90257848425937e+04 
1.78802418950049e-01 9.88434102024379e+04 
1.79114780843043e-01 9.86594069868419e+04 
1.79426944678403e-01 9.84762884441723e+04 
1.79739266515147e-01 9.82915309340486e+04 
1.80051406464564e-01 9.81078678356342e+04 
1.80363744729286e-01 9.79226516514494e+04 
1.80675919920527e-01 9.77391392384895e+04 
1.80988328888485e-01 9.75546534866798e+04 
1.81300589206717e-01 9.73743690372566e+04 
1.81613117277991e-01 9.71916611004328e+04 
1.81925503843172e-01 9.70112863608763e+04 
1.82238200949548e-01 9.68314312686445e+04 
1.82550761543109e-01 9.66496000036392e+04 
1.82863682151425e-01 9.64694437831594e+04 
1.83176467269453e-01 9.62888886140126e+04 
1.83489653070457e-01 9.61105815114561e+04 
1.83802702063839e-01 9.59325450425696e+04 
1.84116071793806e-01 9.57575049745492e+04 
1.84429410131737e-01 9.55830995549609e+04 
1.84743000900059e-01 9.54133599490921e+04 
1.85056651160833e-01 9.52411509532605e+04 
1.85370507610720e-01 9.50800057544060e+04 
1.85684423793958e-01 9.49206419916080e+04 
1.85998593982454e-01 9.47645565016910e+04 
1.86312812703928e-01 9.46177196615010e+04 
1.86627317400488e-01 9.44672349088550e+04 
1.86941868254543e-01 9.43319315484339e+04 
1.87256729253458e-01 9.41941324474586e+04 
1.87571627941866e-01 9.40678453878036e+04 
1.87886866902114e-01 9.39380744763138e+04 
1.88202134710235e-01 9.38223581020598e+04 
1.88517763177970e-01 9.37038633954060e+04 
1.88833408898871e-01 9.36015503836796e+04 
1.89149433224358e-01 9.34980142067541e+04 
1.89465465443880e-01 9.34049766419959e+04 
1.89781900743681e-01 9.33182532156629e+04 
1.90098344914238e-01 9.32447834994627e+04 
1.90415196145644e-01 9.31775407802038e+04 
1.90732062144019e-01 9.31219940181104e+04 
1.91049297472924e-01 9.30706034637987e+04 
1.91366596369660e-01 9.30297191249254e+04 
1.91684226860877e-01 9.29924659619741e+04 
1.92001977295833e-01 9.29644544532806e+04 
1.92320024464883e-01 9.29391614830148e+04 
1.92638259956837e-01 9.29216440920344e+04 
1.92956756894820e-01 9.29052701602583e+04 
1.93275516880374e-01 9.28948998894906e+04 
1.93594499517367e-01 9.28836344992839e+04 
1.93913783308640e-01 9.28766957614787e+04 
1.94233286516474e-01 9.28667630836926e+04 
1.94553102902645e-01 9.28600581320548e+04 
1.94873159496004e-01 9.28481419986775e+04 
1.95193539097083e-01 9.28380558014807e+04 
1.95514175300031e-01 9.28209139228987e+04 
1.95835140485507e-01 9.28057528354071e+04 
1.96156373334865e-01 9.27830374345802e+04 
1.96477937932858e-01 9.27592146438782e+04 
1.96799779307124e-01 9.27261974164470e+04 
1.97121953106964e-01 9.26914422826300e+04 
1.97444407725781e-01 9.26500062936969e+04 
1.97767189062343e-01 9.26012487949023e+04 
1.98090253968397e-01 9.25520945369263e+04 
1.98413625324752e-01 9.24900250715284e+04 
1.98737286013006e-01 9.24291650238792e+04 
1.99060805977133e-01 9.23593295947520e+04 
1.99384301467446e-01 9.22908134568071e+04 
1.99707559547244e-01 9.22176126923950e+04 
2.00030924366389e-01 9.21447152421404e+04 
2.00354083321280e-01 9.20771047299029e+04 
