# Liste des scalaires : TEMPS pmat 
0.00000000000000e+00 1.00000000000000e+05 
7.22956891292051e-05 1.00000000000000e+05 
1.39473830159790e-04 1.00000000000000e+05 
2.09658797050094e-04 1.00000000000000e+05 
2.76117114236723e-04 1.00000000000000e+05 
3.20638761908110e-04 1.00000000000000e+05 
3.55139419127656e-04 1.00000000000000e+05 
3.84466703006935e-04 1.00000000000000e+05 
4.10882456555337e-04 1.00000000000000e+05 
4.35440253196313e-04 1.00000000000000e+05 
4.62453829501387e-04 1.00000000000000e+05 
4.92168763436968e-04 1.00000000000000e+05 
5.24855190766108e-04 1.00000000000000e+05 
5.60810260828162e-04 1.00000000000000e+05 
6.00360837896421e-04 1.00000000000000e+05 
6.43866472671505e-04 1.00000000000000e+05 
6.91722670924099e-04 1.00000000000000e+05 
7.44364489001951e-04 1.00000000000000e+05 
8.02270488887589e-04 1.00000000000000e+05 
8.65967088761791e-04 1.00000000000000e+05 
9.36033348623413e-04 1.00000000000000e+05 
1.01310623447120e-03 1.00000000000000e+05 
1.09788640890376e-03 1.00000000000000e+05 
1.19114460077958e-03 1.00000000000000e+05 
1.28874595967987e-03 1.00000000000000e+05 
1.39427742078080e-03 1.00000000000000e+05 
1.50221628787615e-03 1.00000000000000e+05 
1.61553425737472e-03 1.00000000000000e+05 
1.73457348070822e-03 1.00000000000000e+05 
1.85733677968612e-03 1.00000000000000e+05 
1.98616223838869e-03 1.00000000000000e+05 
2.11872938704624e-03 1.00000000000000e+05 
2.25541689819657e-03 1.00000000000000e+05 
2.39770046991491e-03 1.00000000000000e+05 
2.54404988606733e-03 1.00000000000000e+05 
2.69468898512361e-03 1.00000000000000e+05 
2.84728349237907e-03 1.00000000000000e+05 
3.00399284792595e-03 1.00000000000000e+05 
3.16936014358201e-03 1.00000000000000e+05 
3.33998794740558e-03 1.00000000000000e+05 
3.51647034110553e-03 1.00000000000000e+05 
3.69827606450473e-03 1.00000000000000e+05 
3.87750454681523e-03 1.00000000000000e+05 
4.04648636909702e-03 1.00000000000000e+05 
4.21302752923415e-03 1.00000000000000e+05 
4.37606038463477e-03 1.00000000000000e+05 
4.53946213456850e-03 1.00000000000000e+05 
4.70193682146933e-03 1.00000000000000e+05 
4.86880556280815e-03 1.00000000000000e+05 
5.03241036023305e-03 1.00000000000000e+05 
5.19447337013761e-03 1.00000000000000e+05 
5.35593723493363e-03 1.00000000000000e+05 
5.52138646013158e-03 1.00000000000000e+05 
5.68492679847277e-03 1.00000000000000e+05 
5.84366823920954e-03 1.00000000000000e+05 
5.99930423897574e-03 1.00000000000000e+05 
6.15271920474335e-03 1.00000000000000e+05 
6.30340488055961e-03 1.00000000000000e+05 
6.45308405713993e-03 1.00000000000000e+05 
6.60031372067611e-03 1.00000000000000e+05 
6.74719293209897e-03 1.00000000000000e+05 
6.89162074696133e-03 1.00000000000000e+05 
7.03607353278258e-03 1.00000000000000e+05 
7.17827494528094e-03 1.00000000000000e+05 
7.32046859763185e-03 1.00000000000000e+05 
7.46081452686986e-03 1.00000000000000e+05 
7.60065563549520e-03 1.00000000000000e+05 
7.73904349204256e-03 1.00000000000000e+05 
7.87609238152631e-03 1.00000000000000e+05 
8.01184186258647e-03 1.00000000000000e+05 
8.14515357492294e-03 1.00000000000000e+05 
8.27654890575126e-03 1.00000000000000e+05 
8.40710022587675e-03 1.00000000000000e+05 
8.53605039045247e-03 1.00000000000000e+05 
8.66272823625645e-03 1.00000000000000e+05 
8.78746861169241e-03 1.00000000000000e+05 
8.91159148521980e-03 1.00000000000000e+05 
9.03512011722589e-03 1.00000000000000e+05 
9.15903607945845e-03 1.00000000000000e+05 
9.28294656306589e-03 1.00000000000000e+05 
9.40614737962663e-03 1.00000000000000e+05 
9.52845344447723e-03 1.00000000000000e+05 
9.65109259499148e-03 1.00000000000000e+05 
9.77384820822547e-03 1.00000000000000e+05 
9.89776531843077e-03 1.00000000000000e+05 
1.00226822458748e-02 1.00000000000000e+05 
1.01495282874217e-02 1.00000000000000e+05 
1.02782232788379e-02 1.00000000000000e+05 
1.04079075545138e-02 1.00000000000000e+05 
1.05384072546364e-02 1.00000000000000e+05 
1.06705832168103e-02 1.00000000000000e+05 
1.08046394042799e-02 1.00000000000000e+05 
1.09413191308144e-02 1.00000000000000e+05 
1.10804583818284e-02 1.00000000000000e+05 
1.12225887855518e-02 1.00000000000000e+05 
1.13671212818438e-02 1.00000000000000e+05 
1.15133022734528e-02 1.00000000000000e+05 
1.16613353482764e-02 1.00000000000000e+05 
1.18115658389591e-02 1.00000000000000e+05 
1.19639053335453e-02 1.00000000000000e+05 
1.21187085129311e-02 1.00000000000000e+05 
1.22759716798305e-02 1.00000000000000e+05 
1.24360326501675e-02 1.00000000000000e+05 
1.25977375194961e-02 1.00000000000000e+05 
1.27611000909058e-02 1.00000000000000e+05 
1.29261904918176e-02 1.00000000000000e+05 
1.30933253610576e-02 1.00000000000000e+05 
1.32625226641318e-02 1.00000000000000e+05 
1.34341097509755e-02 1.00000000000000e+05 
1.36080504579259e-02 1.00000000000000e+05 
1.37838009678086e-02 1.00000000000000e+05 
1.39610716188722e-02 1.00000000000000e+05 
1.41401860912280e-02 1.00000000000000e+05 
1.43211728418042e-02 1.00000000000000e+05 
1.45043699749810e-02 1.00000000000000e+05 
1.46896525919126e-02 1.00000000000000e+05 
1.48774012321828e-02 1.00000000000000e+05 
1.50672129393127e-02 1.00000000000000e+05 
1.52588634188982e-02 1.00000000000000e+05 
1.54523325993294e-02 1.00000000000000e+05 
1.56479517181006e-02 1.00000000000000e+05 
1.58454966232009e-02 1.00000000000000e+05 
1.60452296761418e-02 1.00000000000000e+05 
1.62470899307296e-02 1.00000000000000e+05 
1.64514191577799e-02 1.00000000000000e+05 
1.66579518284594e-02 1.00000000000000e+05 
1.68663705906673e-02 1.00000000000000e+05 
1.70765578997836e-02 1.00000000000000e+05 
1.72888219722786e-02 1.00000000000000e+05 
1.75030628561835e-02 1.00000000000000e+05 
1.77192558176303e-02 1.00000000000000e+05 
1.79372710455487e-02 1.00000000000000e+05 
1.81574173802724e-02 1.00000000000000e+05 
1.83795804110246e-02 1.00000000000000e+05 
1.86040877128996e-02 1.00000000000000e+05 
1.88302518393462e-02 1.00000000000000e+05 
1.90581910793797e-02 1.00000000000000e+05 
1.92877923853010e-02 1.00000000000000e+05 
1.95193653882401e-02 1.00000000000000e+05 
1.97527559688322e-02 1.00000000000000e+05 
1.99882847336178e-02 1.00000000000000e+05 
2.02257870738737e-02 1.00000000000000e+05 
2.04653489543479e-02 1.00000000000000e+05 
2.07066853701330e-02 1.00000000000000e+05 
2.09498805640884e-02 1.00000000000000e+05 
2.11948375943121e-02 1.00000000000000e+05 
2.14418916575758e-02 1.00000000000000e+05 
2.16909307332276e-02 1.00000000000000e+05 
2.19423072831437e-02 1.00000000000000e+05 
2.21959011476605e-02 1.00000000000000e+05 
2.24520623281031e-02 1.00000000000000e+05 
2.27102961988038e-02 1.00000000000000e+05 
2.29707517994450e-02 1.00000000000000e+05 
2.32333422743481e-02 1.00000000000000e+05 
2.34983501294003e-02 1.00000000000000e+05 
2.37656564575856e-02 1.00000000000000e+05 
2.40355381551207e-02 1.00000000000000e+05 
2.43078640924474e-02 1.00000000000000e+05 
2.45829044656417e-02 1.00000000000000e+05 
2.48590990070634e-02 1.00000000000000e+05 
2.51359492086390e-02 1.00000000000000e+05 
2.54139286345344e-02 1.00000000000000e+05 
2.56925543306615e-02 1.00000000000000e+05 
2.59722889126990e-02 1.00000000000000e+05 
2.62526711234413e-02 1.00000000000000e+05 
2.65340883688492e-02 1.00000000000000e+05 
2.68160549402094e-02 1.00000000000000e+05 
2.70989426625631e-02 1.00000000000000e+05 
2.73824089410296e-02 1.00000000000000e+05 
2.76668147869256e-02 1.00000000000000e+05 
2.79516136912525e-02 1.00000000000000e+05 
2.82372402358976e-02 1.00000000000000e+05 
2.85232897648282e-02 1.00000000000000e+05 
2.88085473114955e-02 1.00000000000000e+05 
2.90922901331297e-02 1.00000000000000e+05 
2.93758335827321e-02 1.00000000000000e+05 
2.96592318781968e-02 1.00000000000000e+05 
2.99436678754071e-02 1.00000000000000e+05 
3.02277919181379e-02 1.00000000000000e+05 
3.05143668076058e-02 1.00000000000000e+05 
3.08000036238473e-02 1.00000000000000e+05 
3.10859477321747e-02 1.00000000000000e+05 
3.13709982296910e-02 1.00000000000000e+05 
3.16567708894979e-02 1.00000000000000e+05 
3.19424011076588e-02 1.00000000000000e+05 
3.22286177795707e-02 1.00000000000000e+05 
3.25152796229845e-02 1.00000000000000e+05 
3.28026593585984e-02 1.00000000000000e+05 
3.30911449878942e-02 1.00000000000000e+05 
3.33816172266045e-02 1.00000000000000e+05 
3.36731716406011e-02 1.00000000000000e+05 
3.39678679669444e-02 1.00000000000000e+05 
3.42646652463287e-02 1.00000000000000e+05 
3.45625698182152e-02 1.00000000000000e+05 
3.48552486708024e-02 1.00000000000000e+05 
3.51292333667696e-02 1.00000000000000e+05 
3.54170857176981e-02 1.00000000000000e+05 
3.56849380958531e-02 1.00000000000000e+05 
3.59466526093023e-02 1.00000000000000e+05 
3.62096184720651e-02 1.00000000000000e+05 
3.64912948475245e-02 1.00000000000000e+05 
3.67718132502091e-02 1.00000000000000e+05 
3.70450772593085e-02 1.00000000000000e+05 
3.73128130388875e-02 1.00000000000000e+05 
3.75775385749945e-02 1.00000000000000e+05 
3.78390685252497e-02 1.00000000000000e+05 
3.80988838228601e-02 1.00000000000000e+05 
3.83578846852980e-02 1.00000000000000e+05 
3.86156744138414e-02 1.00000000000000e+05 
3.88729396467376e-02 1.00000000000000e+05 
3.91306760456483e-02 1.00000000000000e+05 
3.93884419574210e-02 1.00000000000000e+05 
3.96466970099159e-02 1.00000000000000e+05 
3.99060281000499e-02 1.00000000000000e+05 
4.01665094422181e-02 1.00000000000000e+05 
4.04270427427239e-02 1.00000000000000e+05 
4.06889953239513e-02 1.00000000000000e+05 
4.09518948348740e-02 1.00000000000000e+05 
4.12162873081218e-02 1.00000000000000e+05 
4.14814618917763e-02 1.00000000000000e+05 
4.17481313337899e-02 1.00000000000000e+05 
4.20157663493372e-02 1.00000000000000e+05 
4.22847849416993e-02 1.00000000000000e+05 
4.25547911762555e-02 1.00000000000000e+05 
4.28260883275632e-02 1.00000000000000e+05 
4.30982428269654e-02 1.00000000000000e+05 
4.33701368708053e-02 1.00000000000000e+05 
4.36413488834304e-02 1.00000000000000e+05 
4.39123181943328e-02 1.00000000000000e+05 
4.41829700697177e-02 1.00000000000000e+05 
4.44537475795819e-02 1.00000000000000e+05 
4.47243353036919e-02 1.00000000000000e+05 
4.49949659552345e-02 1.00000000000000e+05 
4.52656386048808e-02 1.00000000000000e+05 
4.55365230927285e-02 1.00000000000000e+05 
4.58075903801784e-02 1.00000000000000e+05 
4.60787987472835e-02 1.00000000000000e+05 
4.63500483870374e-02 1.00000000000000e+05 
4.66146061926404e-02 1.00000000000000e+05 
4.68723248856501e-02 1.00000000000000e+05 
4.71304505846603e-02 1.00000000000000e+05 
4.73880981597501e-02 1.00000000000000e+05 
4.76445193829995e-02 1.00000000000000e+05 
4.79018102040007e-02 1.00000000000000e+05 
4.81615284818466e-02 1.00000000000000e+05 
4.84182691884735e-02 1.00000000000000e+05 
4.86714714022164e-02 1.00000000000000e+05 
4.89229040452308e-02 1.00000000000000e+05 
4.91723385445508e-02 1.00000000000000e+05 
4.94212008707253e-02 1.00000000000000e+05 
4.96692972977366e-02 1.00000000000000e+05 
4.99167713984935e-02 1.00000000000000e+05 
5.01622736698385e-02 1.00000000000000e+05 
5.04065974972416e-02 1.00000000000000e+05 
5.06504324240749e-02 1.00000000000000e+05 
5.08936973387079e-02 1.00000000000000e+05 
5.11368478359853e-02 1.00000000000000e+05 
5.13799389150509e-02 1.00000000000000e+05 
5.16233463349381e-02 1.00000000000000e+05 
5.18670502011780e-02 1.00000000000000e+05 
5.21109555440805e-02 1.00000000000000e+05 
5.23552048444074e-02 1.00000000000000e+05 
5.25998485010276e-02 1.00000000000000e+05 
5.28450197503657e-02 1.00000000000000e+05 
5.30907144140422e-02 1.00000000000000e+05 
5.33370848416304e-02 1.00000000000000e+05 
5.35841556439154e-02 1.00000000000000e+05 
5.38320277738431e-02 1.00000000000000e+05 
5.40806899704296e-02 1.00000000000000e+05 
5.43301100341001e-02 1.00000000000000e+05 
5.45795086735860e-02 1.00000000000000e+05 
5.48280519962536e-02 1.00000000000000e+05 
5.50762708872466e-02 1.00000000000000e+05 
5.53238964820869e-02 1.00000000000000e+05 
5.55724522936107e-02 1.00000000000000e+05 
5.58207817187507e-02 1.00000000000000e+05 
5.60704514570557e-02 1.00000000000000e+05 
5.63198425860829e-02 1.00000000000000e+05 
5.65702914606983e-02 1.00000000000000e+05 
5.68206096998896e-02 1.00000000000000e+05 
5.70715279216154e-02 1.00000000000000e+05 
5.73221211887031e-02 1.00000000000000e+05 
5.75736796718895e-02 1.00000000000000e+05 
5.78250996510406e-02 1.00000000000000e+05 
5.80779041581634e-02 1.00000000000000e+05 
5.83305311980405e-02 1.00000000000000e+05 
5.85846528183965e-02 1.00000000000000e+05 
5.88386493526094e-02 1.00000000000000e+05 
5.90939290979623e-02 1.00000000000000e+05 
5.93491704929071e-02 1.00000000000000e+05 
5.96050889976686e-02 1.00000000000000e+05 
5.98606241197649e-02 1.00000000000000e+05 
6.01172145213749e-02 1.00000000000000e+05 
6.03734398187354e-02 1.00000000000000e+05 
6.06310638016803e-02 1.00000000000000e+05 
6.08884230638454e-02 1.00000000000000e+05 
6.11470463766293e-02 1.00000000000000e+05 
6.14053340625425e-02 1.00000000000000e+05 
6.16648353085423e-02 1.00000000000000e+05 
6.19240258651051e-02 1.00000000000000e+05 
6.21836038154064e-02 1.00000000000000e+05 
6.24425549305904e-02 1.00000000000000e+05 
6.27021755202841e-02 1.00000000000000e+05 
6.29613794526903e-02 1.00000000000000e+05 
6.32213814442861e-02 1.00000000000000e+05 
6.34810464177442e-02 1.00000000000000e+05 
6.37414347710230e-02 1.00000000000000e+05 
6.40017663968658e-02 1.00000000000000e+05 
6.42626809523125e-02 1.00000000000000e+05 
6.45233832166727e-02 1.00000000000000e+05 
6.47845763773325e-02 1.00000000000000e+05 
6.50455414473483e-02 1.00000000000000e+05 
6.53070255651928e-02 1.00000000000000e+05 
6.55681629189411e-02 1.00000000000000e+05 
6.58302169826853e-02 1.00000000000000e+05 
6.60920643603164e-02 1.00000000000000e+05 
6.63546779275555e-02 1.00000000000000e+05 
6.66169260679139e-02 1.00000000000000e+05 
6.68798345172133e-02 1.00000000000000e+05 
6.71419727284297e-02 1.00000000000000e+05 
6.74047005672174e-02 1.00000000000000e+05 
6.76666510854119e-02 1.00000000000000e+05 
6.79290437045055e-02 1.00000000000000e+05 
6.81904752466536e-02 1.00000000000000e+05 
6.84521819594957e-02 1.00000000000000e+05 
6.87129848451581e-02 1.00000000000000e+05 
6.89741299782646e-02 1.00000000000000e+05 
6.92342601347568e-02 1.00000000000000e+05 
6.94948930794456e-02 1.00000000000000e+05 
6.97548332057347e-02 1.00000000000000e+05 
7.00152365898242e-02 1.00000000000000e+05 
7.02754644499612e-02 1.00000000000000e+05 
7.05360490565899e-02 1.00000000000000e+05 
7.07965782886390e-02 1.00000000000000e+05 
7.10577519431873e-02 1.00000000000000e+05 
7.13187127799651e-02 1.00000000000000e+05 
7.15806058618804e-02 1.00000000000000e+05 
7.18426176548030e-02 1.00000000000000e+05 
7.21053846899517e-02 1.00000000000000e+05 
7.23686839382210e-02 1.00000000000000e+05 
7.26328617086400e-02 1.00000000000000e+05 
7.28976634693801e-02 1.00000000000000e+05 
7.31634794477609e-02 1.00000000000000e+05 
7.34299162674700e-02 1.00000000000000e+05 
7.36975471269375e-02 1.00000000000000e+05 
7.39655887214710e-02 1.00000000000000e+05 
7.42348699155207e-02 1.00000000000000e+05 
7.45044861214266e-02 1.00000000000000e+05 
7.47752452518948e-02 1.00000000000000e+05 
7.50465975088106e-02 1.00000000000000e+05 
7.53188623583605e-02 1.00000000000000e+05 
7.55918529314657e-02 1.00000000000000e+05 
7.58653941792447e-02 1.00000000000000e+05 
7.61395840539424e-02 1.00000000000000e+05 
7.64143025675901e-02 1.00000000000000e+05 
7.66895652006401e-02 1.00000000000426e+05 
7.69652417171354e-02 1.00000000001925e+05 
7.72413884206192e-02 1.00000000004437e+05 
7.75179371312822e-02 1.00000000019673e+05 
7.77949211619711e-02 1.00000000040302e+05 
7.80722530505288e-02 1.00000000067995e+05 
7.83499659516509e-02 1.00000000101863e+05 
7.86279772727633e-02 1.00000000142578e+05 
7.89062963046603e-02 1.00000000189908e+05 
7.91848861542096e-02 1.00000000252875e+05 
7.94637461628589e-02 1.00000000355770e+05 
7.97428551258546e-02 1.00000000466670e+05 
8.00222370579523e-02 1.00000000583186e+05 
8.03018943415006e-02 1.00000000692185e+05 
8.05818691465852e-02 1.00000000793460e+05 
8.08621375575744e-02 1.00000000896183e+05 
8.11427418760278e-02 1.00000000999935e+05 
8.14236153620223e-02 1.00000001103854e+05 
8.17047852372395e-02 1.00000001208009e+05 
8.19862541528555e-02 1.00000001317063e+05 
8.22679860713592e-02 1.00000001424494e+05 
8.25500687393122e-02 1.00000001533046e+05 
8.28319747053756e-02 1.00000001606555e+05 
8.31142265935069e-02 1.00000001677130e+05 
8.33959534245133e-02 1.00000001745242e+05 
8.36780178412269e-02 1.00000001809617e+05 
8.39594696720383e-02 1.00000001871733e+05 
8.42413623132228e-02 1.00000001932412e+05 
8.45227951392612e-02 1.00000001990979e+05 
8.48047435648537e-02 1.00000002048993e+05 
8.50865044065027e-02 1.00000002131101e+05 
8.53686456118243e-02 1.00000002206953e+05 
8.56507510973243e-02 1.00000002280466e+05 
8.59332207594209e-02 1.00000002348632e+05 
8.62158495776165e-02 1.00000002313719e+05 
8.64988513603903e-02 1.00000002310151e+05 
8.67821589717132e-02 1.00000002344362e+05 
8.70660488404892e-02 1.00000002413290e+05 
8.73504233746746e-02 1.00000002508595e+05 
8.76353786805709e-02 1.00000002593612e+05 
8.79209209997462e-02 1.00000002696573e+05 
8.82071385597510e-02 1.00000002751405e+05 
8.84939990919113e-02 1.00000002814278e+05 
8.87816539437818e-02 1.00000002857436e+05 
8.90699273486783e-02 1.00000002901346e+05 
8.93591430147082e-02 1.00000002930183e+05 
8.96488115218269e-02 1.00000002991830e+05 
8.99393260594686e-02 1.00000003061313e+05 
9.02302029924084e-02 1.00000012815718e+05 
9.05219119394376e-02 1.00000048335718e+05 
9.08141986521793e-02 1.00000121726424e+05 
9.11073727011814e-02 1.00000241632818e+05 
9.14013043663106e-02 1.00000400938303e+05 
9.16960298928050e-02 1.00000598097594e+05 
9.19904715260912e-02 1.00000827864146e+05 
9.22848713369505e-02 1.00001078182539e+05 
9.25790436179461e-02 1.00001338736951e+05 
9.28732246357542e-02 1.00001598751138e+05 
9.31672371683198e-02 1.00001839820335e+05 
9.34613295532009e-02 1.00002059405375e+05 
9.37553217816139e-02 1.00002258278657e+05 
9.40494236144355e-02 1.00002386460530e+05 
9.43434132051879e-02 1.00002525268423e+05 
9.46375759894071e-02 1.00002666111396e+05 
9.49316984521401e-02 1.00002812902154e+05 
9.52260573199755e-02 1.00002887627088e+05 
9.55204451269923e-02 1.00002992640311e+05 
9.58151302978805e-02 1.00003206933575e+05 
9.61098638539145e-02 1.00093738979641e+05 
9.64049198632690e-02 1.00369274916993e+05 
9.67000600508956e-02 1.00899484014694e+05 
9.69955951973969e-02 1.01744265441123e+05 
9.72913147972954e-02 1.02845477973275e+05 
9.75874978292958e-02 1.04182241736964e+05 
9.78838805991966e-02 1.05723377797323e+05 
9.81806918129182e-02 1.07406387048377e+05 
9.84776343275389e-02 1.09147048079401e+05 
9.87751332250540e-02 1.10877568090409e+05 
9.90728407333271e-02 1.12452375180155e+05 
9.93711503733975e-02 1.13849079186860e+05 
9.96695093229402e-02 1.15026659027494e+05 
9.99684916750888e-02 1.15762012492734e+05 
1.00267422408409e-01 1.16168418093532e+05 
1.00566842465147e-01 1.16216071546765e+05 
1.00866285206766e-01 1.16144309536648e+05 
1.01166235431948e-01 1.16058192494083e+05 
1.01466357637651e-01 1.15938626159096e+05 
1.01766830771898e-01 1.15775225320804e+05 
1.02067593635647e-01 1.15562384016434e+05 
1.02368647029833e-01 1.15315391423267e+05 
1.02669579276860e-01 1.15044511361642e+05 
1.02971204956729e-01 1.14757489009217e+05 
1.03272847420699e-01 1.14455531228361e+05 
1.03574904965534e-01 1.14147851106977e+05 
1.03876992454820e-01 1.13836174190212e+05 
1.04179126346179e-01 1.13526852890495e+05 
1.04481228155879e-01 1.13221178663659e+05 
1.04783174347982e-01 1.12922696059536e+05 
1.05084976458810e-01 1.12632446352099e+05 
1.05386663023059e-01 1.12351212856066e+05 
1.05687927550447e-01 1.12079658468967e+05 
1.05989468626584e-01 1.11818196377398e+05 
1.06290234369872e-01 1.11567234941766e+05 
1.06591516444672e-01 1.11326075705887e+05 
1.06893019601610e-01 1.11094851157752e+05 
1.07195034600583e-01 1.10873597859667e+05 
1.07497697648239e-01 1.10661884741572e+05 
1.07801022885727e-01 1.10459778018982e+05 
1.08105239569999e-01 1.10266782625365e+05 
1.08410171208525e-01 1.10082989031125e+05 
1.08716045515571e-01 1.09907667300484e+05 
1.09022567025445e-01 1.09740910723429e+05 
1.09329926497010e-01 1.09581853383165e+05 
1.09637773718959e-01 1.09430445541027e+05 
1.09946151900115e-01 1.09285858014932e+05 
1.10254895189700e-01 1.09147823129679e+05 
1.10564009674340e-01 1.09015532266892e+05 
1.10873410915073e-01 1.08888614240634e+05 
1.11183053035436e-01 1.08766271911853e+05 
1.11492931877717e-01 1.08648091355140e+05 
1.11802972630631e-01 1.08533323528112e+05 
1.12113229387469e-01 1.08421547058197e+05 
1.12423612335450e-01 1.08312087839418e+05 
1.12734206422172e-01 1.08204560322731e+05 
1.13044919216964e-01 1.08098372957524e+05 
1.13353703080508e-01 1.07993902269754e+05 
1.13657981767923e-01 1.07891454236975e+05 
1.13958026722059e-01 1.07790662134419e+05 
1.14254088801788e-01 1.07690989681011e+05 
1.14547394176837e-01 1.07591822439645e+05 
1.14837544782712e-01 1.07492937420847e+05 
1.15126734823103e-01 1.07393434071073e+05 
1.15413917254109e-01 1.07293373242496e+05 
1.15700094209225e-01 1.07192306690468e+05 
1.15984939908214e-01 1.07090121652970e+05 
1.16268722682962e-01 1.06986668125358e+05 
1.16550575854258e-01 1.06882149514459e+05 
1.16831681430347e-01 1.06776154195891e+05 
1.17110664350147e-01 1.06669200922398e+05 
1.17389078706472e-01 1.06560908985105e+05 
1.17665822152265e-01 1.06451795842573e+05 
1.17941250482000e-01 1.06342035678014e+05 
1.18216189067408e-01 1.06231407392846e+05 
1.18490986531423e-01 1.06120461272443e+05 
1.18766099122622e-01 1.06009502143105e+05 
1.19041680183880e-01 1.05897463426811e+05 
1.19317384908213e-01 1.05787524383643e+05 
1.19593860538484e-01 1.05678730160034e+05 
1.19870750909057e-01 1.05571071742090e+05 
1.20148346640085e-01 1.05465701355797e+05 
1.20426356462661e-01 1.05359739329123e+05 
1.20704693684354e-01 1.05253763127673e+05 
1.20983123184986e-01 1.05151713013602e+05 
1.21261657053663e-01 1.05059717523623e+05 
1.21540165645284e-01 1.04982524934483e+05 
1.21818710450039e-01 1.04923403197131e+05 
1.22097178801462e-01 1.04882529764215e+05 
1.22375662156516e-01 1.04857246325499e+05 
1.22654074112438e-01 1.04846815380465e+05 
1.22932541106751e-01 1.04850495711988e+05 
1.23210969511570e-01 1.04866754259250e+05 
1.23489460594567e-01 1.04893921703879e+05 
1.23767976035631e-01 1.04930021451718e+05 
1.24046587004090e-01 1.04973230711088e+05 
1.24325353096953e-01 1.05021487423344e+05 
1.24605066515409e-01 1.05072918809464e+05 
1.24884928657911e-01 1.05125313495896e+05 
1.25165059580528e-01 1.05176723959953e+05 
1.25445442467386e-01 1.05225134754243e+05 
1.25726162613657e-01 1.05268986757647e+05 
1.26007249757194e-01 1.05306758907819e+05 
1.26288748120247e-01 1.05337328370146e+05 
1.26570711673251e-01 1.05359773111556e+05 
1.26853151334023e-01 1.05373466507814e+05 
1.27136131206394e-01 1.05378043033951e+05 
1.27419642892379e-01 1.05373587378994e+05 
1.27703801756461e-01 1.05360302435844e+05 
1.27991557196711e-01 1.05337626831894e+05 
1.28279784165983e-01 1.05306573729354e+05 
1.28568905897178e-01 1.05268792627453e+05 
1.28858583956051e-01 1.05223935961367e+05 
1.29149158583399e-01 1.05172737030803e+05 
1.29440394718968e-01 1.05116657676334e+05 
1.29732509525692e-01 1.05056448390126e+05 
1.30025258162461e-01 1.04992931736202e+05 
1.30318763933056e-01 1.04926853145814e+05 
1.30612893878307e-01 1.04858961297278e+05 
1.30907707837793e-01 1.04789824045863e+05 
1.31203155671418e-01 1.04719956256200e+05 
1.31499268049814e-01 1.04649851246688e+05 
1.31796020755652e-01 1.04579740798678e+05 
1.32092808950593e-01 1.04510067194363e+05 
1.32389622913580e-01 1.04440608004341e+05 
1.32686424866525e-01 1.04371700615969e+05 
1.32983314276858e-01 1.04302640089859e+05 
1.33280234875279e-01 1.04233607277762e+05 
1.33577221739673e-01 1.04163925551574e+05 
1.33874382581578e-01 1.04095520506998e+05 
1.34171532207523e-01 1.04028768183224e+05 
1.34468913230724e-01 1.03962697515539e+05 
1.34766292617389e-01 1.03896491710365e+05 
1.35063956198219e-01 1.03829585007788e+05 
1.35361620314119e-01 1.03761457045180e+05 
1.35659621247878e-01 1.03692273263279e+05 
1.35957607469557e-01 1.03621632673368e+05 
1.36255946747721e-01 1.03549100805857e+05 
1.36554308785019e-01 1.03474619922673e+05 
1.36852950153705e-01 1.03397787579012e+05 
1.37151694129272e-01 1.03318394332409e+05 
1.37450719586421e-01 1.03236269770708e+05 
1.37749846243088e-01 1.03151288193367e+05 
1.38049243253587e-01 1.03063377890591e+05 
1.38348792754233e-01 1.02972526574801e+05 
1.38648564532776e-01 1.02878720336791e+05 
1.38948558898412e-01 1.02782097056322e+05 
1.39248705395680e-01 1.02682702339618e+05 
1.39549046768127e-01 1.02580952553744e+05 
1.39849464584310e-01 1.02477526116419e+05 
1.40149823814163e-01 1.02372741017217e+05 
1.40449028624837e-01 1.02267308706998e+05 
1.40746069530378e-01 1.02162691716294e+05 
1.41042046036591e-01 1.02062030829667e+05 
1.41335982101402e-01 1.01962944674106e+05 
1.41629000862672e-01 1.01865908776163e+05 
1.41920399445679e-01 1.01767184137759e+05 
1.42211034412479e-01 1.01664997261927e+05 
1.42500390216088e-01 1.01562135570389e+05 
1.42789534181039e-01 1.01465370621002e+05 
1.43077632912404e-01 1.01384186191466e+05 
1.43365164415861e-01 1.01326543320913e+05 
1.43651936896064e-01 1.01298290843092e+05 
1.43938290731977e-01 1.01298133014793e+05 
1.44223847288187e-01 1.01325474215145e+05 
1.44509277952410e-01 1.01378978814184e+05 
1.44794337550085e-01 1.01456842779099e+05 
1.45079477455589e-01 1.01556447037122e+05 
1.45364614554554e-01 1.01672070721423e+05 
1.45649883785219e-01 1.01804387640242e+05 
1.45935048180389e-01 1.01953368852571e+05 
1.46220291345983e-01 1.02118700344707e+05 
1.46505642787372e-01 1.02299291035725e+05 
1.46791180736859e-01 1.02488258883808e+05 
1.47076899578698e-01 1.02742286703952e+05 
1.47362781197830e-01 1.03119538469571e+05 
1.47648824551923e-01 1.03674844818485e+05 
1.47935131129743e-01 1.04466456679396e+05 
1.48221703940436e-01 1.05486546501562e+05 
1.48508565720796e-01 1.06731973694286e+05 
1.48795591410062e-01 1.08182904533807e+05 
1.49082889230653e-01 1.09815688893491e+05 
1.49370281734591e-01 1.11566497753259e+05 
1.49657893269943e-01 1.13352038630125e+05 
1.49945628202228e-01 1.15116957023509e+05 
1.50233669597755e-01 1.16747885305436e+05 
1.50521774851105e-01 1.18117599048789e+05 
1.50810183888686e-01 1.19334723779233e+05 
1.51098725029704e-01 1.20131180984229e+05 
1.51387637811407e-01 1.20578020406382e+05 
1.51676827705944e-01 1.20758248764627e+05 
1.51966500457843e-01 1.20582980548960e+05 
1.52256469577682e-01 1.20378110027454e+05 
1.52547000341400e-01 1.20144307283037e+05 
1.52837924729930e-01 1.19881203711992e+05 
1.53129245530432e-01 1.19573327330598e+05 
1.53420879101541e-01 1.19214433346229e+05 
1.53712922270837e-01 1.18822611446434e+05 
1.54005285650908e-01 1.18402301572786e+05 
1.54298079199515e-01 1.17962954074228e+05 
1.54591150312780e-01 1.17515587501320e+05 
1.54884636044490e-01 1.17065236063447e+05 
1.55178390995249e-01 1.16621122693779e+05 
1.55472579431575e-01 1.16186796940368e+05 
1.55767066558068e-01 1.15762207822247e+05 
1.56062019016404e-01 1.15358315050441e+05 
1.56357308039452e-01 1.14967578776146e+05 
1.56653047711080e-01 1.14592995187957e+05 
1.56949107233327e-01 1.14232241036280e+05 
1.57245564650483e-01 1.13896240967464e+05 
1.57542356058083e-01 1.13645900324884e+05 
1.57839568309345e-01 1.13542219062183e+05 
1.58137133798336e-01 1.13529838812011e+05 
1.58435147414923e-01 1.13614810085408e+05 
1.58733524753867e-01 1.13909435532478e+05 
1.59032263092164e-01 1.14413695894162e+05 
1.59331370886428e-01 1.15095566676573e+05 
1.59630880831801e-01 1.15956514617208e+05 
1.59930789313406e-01 1.16960526788849e+05 
1.60231143217008e-01 1.18064529171688e+05 
1.60531923086396e-01 1.19212091479836e+05 
1.60833203083041e-01 1.20360794337854e+05 
1.61134861494916e-01 1.21383633411742e+05 
1.61437075513295e-01 1.22294674410874e+05 
1.61739629661075e-01 1.22966592573051e+05 
1.62042786595513e-01 1.23420375386514e+05 
1.62346318359476e-01 1.23640685449534e+05 
1.62650479604896e-01 1.23835890043694e+05 
1.62955068222090e-01 1.23984859228208e+05 
1.63260310521368e-01 1.24071414317333e+05 
1.63566020670907e-01 1.24093316173756e+05 
1.63872414747784e-01 1.24085058029280e+05 
1.64179216046980e-01 1.24051565918851e+05 
1.64486668216754e-01 1.23998380963217e+05 
1.64794556258071e-01 1.23938288430906e+05 
1.65103103158103e-01 1.23873620615865e+05 
1.65412110415408e-01 1.23807386905477e+05 
1.65721340223557e-01 1.23733902792272e+05 
1.66030499588103e-01 1.23653231701229e+05 
1.66339795188236e-01 1.23565119403403e+05 
1.66649072942442e-01 1.23467885134740e+05 
1.66958423576143e-01 1.23360524592562e+05 
1.67267852529608e-01 1.23240099612396e+05 
1.67577191767313e-01 1.23107118819136e+05 
1.67886668721696e-01 1.22967474161407e+05 
1.68196133556046e-01 1.22814209490748e+05 
1.68505812120710e-01 1.22655149220711e+05 
1.68815545138417e-01 1.22492310755674e+05 
1.69125508739636e-01 1.22328781013552e+05 
1.69435404082881e-01 1.22169434870690e+05 
1.69745471971423e-01 1.22016323627620e+05 
1.70055677141841e-01 1.21864263886963e+05 
1.70366045268656e-01 1.21711384661607e+05 
1.70676565287124e-01 1.21555493955868e+05 
1.70987360920772e-01 1.21393873951253e+05 
1.71298271120249e-01 1.21226140757359e+05 
1.71609571640116e-01 1.21050655343759e+05 
1.71920957645042e-01 1.20866493122475e+05 
1.72232820061318e-01 1.20672116233797e+05 
1.72544746864532e-01 1.20467037541646e+05 
1.72857201155552e-01 1.20249779771729e+05 
1.73169697087177e-01 1.20019809680288e+05 
1.73482711734172e-01 1.19776234152218e+05 
1.73795784605625e-01 1.19518344071909e+05 
1.74109351344833e-01 1.19245446578799e+05 
1.74422908177887e-01 1.18957612595159e+05 
1.74736446187190e-01 1.18657335214332e+05 
1.75049725642270e-01 1.18341420482346e+05 
1.75363017798729e-01 1.18014239330640e+05 
1.75676055464159e-01 1.17676051534205e+05 
1.75989131952752e-01 1.17327496525524e+05 
1.76301948115329e-01 1.16971046783693e+05 
1.76614839579531e-01 1.16608943717484e+05 
1.76927476198927e-01 1.16243416218156e+05 
1.77240216581702e-01 1.15876299094511e+05 
1.77552710867272e-01 1.15511928513366e+05 
1.77865320549028e-01 1.15152489402096e+05 
1.78177714520745e-01 1.14802001411864e+05 
1.78490171930428e-01 1.14463443192725e+05 
1.78802418950049e-01 1.14140306691403e+05 
1.79114780843043e-01 1.13835539456952e+05 
1.79426944678403e-01 1.13551793932619e+05 
1.79739266515147e-01 1.13290642488511e+05 
1.80051406464564e-01 1.13053734462714e+05 
1.80363744729286e-01 1.12841027512586e+05 
1.80675919920527e-01 1.12652319075771e+05 
1.80988328888485e-01 1.12484979048303e+05 
1.81300589206717e-01 1.12336713752803e+05 
1.81613117277991e-01 1.12205098599281e+05 
1.81925503843172e-01 1.12085715202294e+05 
1.82238200949548e-01 1.11973812263936e+05 
1.82550761543109e-01 1.11864389509182e+05 
1.82863682151425e-01 1.11747930551970e+05 
1.83176467269453e-01 1.11619958351335e+05 
1.83489653070457e-01 1.11474434868478e+05 
1.83802702063839e-01 1.11307030575662e+05 
1.84116071793806e-01 1.11115016247479e+05 
1.84429410131737e-01 1.10894001281717e+05 
1.84743000900059e-01 1.10645616719725e+05 
1.85056651160833e-01 1.10380994592830e+05 
1.85370507610720e-01 1.10079512818738e+05 
1.85684423793958e-01 1.09762942145005e+05 
1.85998593982454e-01 1.09445578020017e+05 
1.86312812703928e-01 1.09131794747644e+05 
1.86627317400488e-01 1.08845238979869e+05 
1.86941868254543e-01 1.08581304586303e+05 
1.87256729253458e-01 1.08339060348310e+05 
1.87571627941866e-01 1.08127423251184e+05 
1.87886866902114e-01 1.07918609553283e+05 
1.88202134710235e-01 1.07733201710828e+05 
1.88517763177970e-01 1.07578304699868e+05 
1.88833408898871e-01 1.07466973636678e+05 
1.89149433224358e-01 1.07399440317649e+05 
1.89465465443880e-01 1.07362482479020e+05 
1.89781900743681e-01 1.07348334312163e+05 
1.90098344914238e-01 1.07353143349062e+05 
1.90415196145644e-01 1.07366151078342e+05 
1.90732062144019e-01 1.07379053743008e+05 
1.91049297472924e-01 1.07388241639475e+05 
1.91366596369660e-01 1.07382439194205e+05 
1.91684226860877e-01 1.07366728108727e+05 
1.92001977295833e-01 1.07326227220912e+05 
1.92320024464883e-01 1.07255350849220e+05 
1.92638259956837e-01 1.07165316417973e+05 
1.92956756894820e-01 1.07034717415361e+05 
1.93275516880374e-01 1.06917908179667e+05 
1.93594499517367e-01 1.06810211304521e+05 
1.93913783308640e-01 1.06693868807344e+05 
1.94233286516474e-01 1.06570315783028e+05 
1.94553102902645e-01 1.06416114816782e+05 
1.94873159496004e-01 1.06230318178820e+05 
1.95193539097083e-01 1.06051086557307e+05 
1.95514175300031e-01 1.05898279130128e+05 
1.95835140485507e-01 1.05792415349228e+05 
1.96156373334865e-01 1.05749898306712e+05 
1.96477937932858e-01 1.05755195224198e+05 
1.96799779307124e-01 1.05808361985019e+05 
1.97121953106964e-01 1.05905055721635e+05 
1.97444407725781e-01 1.06038834725268e+05 
1.97767189062343e-01 1.06197542329261e+05 
1.98090253968397e-01 1.06372325569143e+05 
1.98413625324752e-01 1.06546671004303e+05 
1.98737286013006e-01 1.06699326825735e+05 
1.99060805977133e-01 1.06824854788679e+05 
1.99384301467446e-01 1.06891085441868e+05 
1.99707559547244e-01 1.06904430501726e+05 
2.00030924366389e-01 1.06838657427942e+05 
2.00354083321280e-01 1.06671703454916e+05 
