# Liste des scalaires : TEMPS pmat 
0.00000000000000e+00 1.00000000000000e+05 
7.22956891292051e-05 1.00000000000000e+05 
1.31490479511189e-04 1.00000000000000e+05 
1.92274230678565e-04 1.00000000000000e+05 
2.50571384612713e-04 1.00000000000000e+05 
3.06727179209281e-04 1.00000000000000e+05 
3.62218388267239e-04 1.00000000000000e+05 
4.16305224169788e-04 1.00000000000000e+05 
4.69771457728640e-04 1.00000000000000e+05 
5.23970681253048e-04 1.00000000000000e+05 
5.76747156662811e-04 1.00000000000000e+05 
6.29698026298108e-04 1.00000000000000e+05 
6.83197527751698e-04 1.00000000000000e+05 
7.35887919727035e-04 1.00000000000000e+05 
7.89189974706463e-04 1.00000000000000e+05 
8.42958779694351e-04 1.00000000000000e+05 
8.96293233781886e-04 1.00000000000000e+05 
9.50574345297732e-04 1.00000000000000e+05 
1.00536813489662e-03 1.00000000000000e+05 
1.05993033049554e-03 1.00000000000000e+05 
1.11569549579404e-03 1.00000000000000e+05 
1.17215656005042e-03 1.00000000000000e+05 
1.22851406769075e-03 1.00000000000000e+05 
1.28618808030932e-03 1.00000000000000e+05 
1.34495966018035e-03 1.00000000000000e+05 
1.40353431688536e-03 1.00000000000000e+05 
1.46332719682116e-03 1.00000000000000e+05 
1.52489120940516e-03 1.00000000000000e+05 
1.58607434685251e-03 1.00000000000000e+05 
1.64830421693990e-03 1.00000000000000e+05 
1.71289732084400e-03 1.00000000000000e+05 
1.77708509664348e-03 1.00000000000000e+05 
1.84201558674743e-03 1.00000000000000e+05 
1.90909013804345e-03 1.00000000000000e+05 
1.97534332007994e-03 1.00000000000000e+05 
2.04229166549558e-03 1.00000000000000e+05 
2.11024368091616e-03 1.00000000000000e+05 
2.18139242016752e-03 1.00000000000000e+05 
2.25539303528484e-03 1.00000000000000e+05 
2.32553727087596e-03 1.00000000000000e+05 
2.39795667645082e-03 1.00000000000000e+05 
2.47162000847208e-03 1.00000000000000e+05 
2.54703201429601e-03 1.00000000000000e+05 
2.62464589150623e-03 1.00000000000000e+05 
2.70485824074654e-03 1.00000000000000e+05 
2.78844406749422e-03 1.00000000000000e+05 
2.87564334636089e-03 1.00000000000000e+05 
2.95454156634672e-03 1.00000000000000e+05 
3.03391037742195e-03 1.00000000000000e+05 
3.11716771361762e-03 1.00000000000000e+05 
3.20141004266682e-03 1.00000000000000e+05 
3.29085231776026e-03 1.00000000000000e+05 
3.38275142580494e-03 1.00000000000000e+05 
3.47775876795770e-03 1.00000000000000e+05 
3.57940388141815e-03 1.00000000000000e+05 
3.68453201476747e-03 1.00000000000000e+05 
3.79359574104916e-03 1.00000000000000e+05 
3.90631921468227e-03 1.00000000000000e+05 
4.02008990866451e-03 1.00000000000000e+05 
4.13791277988583e-03 1.00000000000000e+05 
4.25628280455365e-03 1.00000000000000e+05 
4.38010055674901e-03 1.00000000000000e+05 
4.50454722326145e-03 1.00000000000000e+05 
4.63482064876406e-03 1.00000000000000e+05 
4.76685778760520e-03 1.00000000000000e+05 
4.90473142366325e-03 1.00000000000000e+05 
5.04669285846000e-03 1.00000000000000e+05 
5.19375090781440e-03 1.00000000000000e+05 
5.34511657497758e-03 1.00000000000000e+05 
5.49629694862937e-03 1.00000000000000e+05 
5.64799689310169e-03 1.00000000000000e+05 
5.80132482590788e-03 1.00000000000000e+05 
5.95560371129770e-03 1.00000000000000e+05 
6.11526351905914e-03 1.00000000000000e+05 
6.27438556679316e-03 1.00000000000000e+05 
6.43376695933475e-03 1.00000000000000e+05 
6.59400910834816e-03 1.00000000000000e+05 
6.75595312658138e-03 1.00000000000000e+05 
6.92026714156179e-03 1.00000000000000e+05 
7.08784774278364e-03 1.00000000000000e+05 
7.25514451087110e-03 1.00000000000000e+05 
7.42230374832100e-03 1.00000000000000e+05 
7.59024874950451e-03 1.00000000000000e+05 
7.75951713783791e-03 1.00000000000000e+05 
7.93049985208519e-03 1.00000000000000e+05 
8.10376107896434e-03 1.00000000000000e+05 
8.27980698942462e-03 1.00000000000000e+05 
8.45930004898393e-03 1.00000000000000e+05 
8.63428048327950e-03 1.00000000000000e+05 
8.81021747305943e-03 1.00000000000000e+05 
8.98733975104936e-03 1.00000000000000e+05 
9.16584920959764e-03 1.00000000000000e+05 
9.34614840096007e-03 1.00000000000000e+05 
9.52873245298575e-03 1.00000000000000e+05 
9.71403022085925e-03 1.00000000000000e+05 
9.89584130895533e-03 1.00000000000000e+05 
1.00785500682680e-02 1.00000000000000e+05 
1.02579242629941e-02 1.00000000000000e+05 
1.04271495121373e-02 1.00000000000000e+05 
1.05963286328287e-02 1.00000000000000e+05 
1.07649661575836e-02 1.00000000000000e+05 
1.09068927988709e-02 1.00000000000000e+05 
1.10467034671077e-02 1.00000000000000e+05 
1.11836496948283e-02 1.00000000000000e+05 
1.13176183315123e-02 1.00000000000000e+05 
1.14496288726515e-02 1.00000000000000e+05 
1.15804730003769e-02 1.00000000000000e+05 
1.17122260351579e-02 1.00000000000000e+05 
1.18454516553088e-02 1.00000000000000e+05 
1.19817468977545e-02 1.00000000000000e+05 
1.21186137585215e-02 1.00000000000000e+05 
1.22549471217030e-02 1.00000000000000e+05 
1.23913757419183e-02 1.00000000000000e+05 
1.25282027087095e-02 1.00000000000000e+05 
1.26656979397774e-02 1.00000000000000e+05 
1.28040313987754e-02 1.00000000000000e+05 
1.29431636648931e-02 1.00000000000000e+05 
1.30833297524113e-02 1.00000000000000e+05 
1.32242992500206e-02 1.00000000000000e+05 
1.33665192025026e-02 1.00000000000000e+05 
1.35089187453325e-02 1.00000000000000e+05 
1.36517296088160e-02 1.00000000000000e+05 
1.37949365894936e-02 1.00000000000000e+05 
1.39300423310633e-02 1.00000000000000e+05 
1.40651370341344e-02 1.00000000000000e+05 
1.42001663776716e-02 1.00000000000000e+05 
1.43352523825918e-02 1.00000000000000e+05 
1.44703225121027e-02 1.00000000000000e+05 
1.46055006661143e-02 1.00000000000000e+05 
1.47406945984251e-02 1.00000000000000e+05 
1.48759746906433e-02 1.00000000000000e+05 
1.50113854044069e-02 1.00000000000000e+05 
1.51470702309921e-02 1.00000000000000e+05 
1.52829488610542e-02 1.00000000000000e+05 
1.54191739059299e-02 1.00000000000000e+05 
1.55556335305439e-02 1.00000000000000e+05 
1.56924769330399e-02 1.00000000000000e+05 
1.58295891450891e-02 1.00000000000000e+05 
1.59671029388773e-02 1.00000000000000e+05 
1.61049039352268e-02 1.00000000000000e+05 
1.62429752857139e-02 1.00000000000000e+05 
1.63811860395196e-02 1.00000000000000e+05 
1.65194370823522e-02 1.00000000000000e+05 
1.66578255942799e-02 1.00000000000000e+05 
1.67962583671044e-02 1.00000000000000e+05 
1.69348333477064e-02 1.00000000000000e+05 
1.70734789334676e-02 1.00000000000000e+05 
1.72122789330285e-02 1.00000000000000e+05 
1.73511653289106e-02 1.00000000000000e+05 
1.74902099753975e-02 1.00000000000000e+05 
1.76293513359813e-02 1.00000000000000e+05 
1.77686537511261e-02 1.00000000000000e+05 
1.79080567878308e-02 1.00000000000000e+05 
1.80476186452218e-02 1.00000000000000e+05 
1.81872811857925e-02 1.00000000000000e+05 
1.83270985279784e-02 1.00000000000000e+05 
1.84670161021502e-02 1.00000000000000e+05 
1.86070845425103e-02 1.00000000000000e+05 
1.87472536259993e-02 1.00000000000000e+05 
1.88875704555383e-02 1.00000000000000e+05 
1.90279912748071e-02 1.00000000000000e+05 
1.91685589255834e-02 1.00000000000000e+05 
1.93092368458669e-02 1.00000000000000e+05 
1.94500627016839e-02 1.00000000000000e+05 
1.95910061562570e-02 1.00000000000000e+05 
1.97320992328206e-02 1.00000000000000e+05 
1.98733081579971e-02 1.00000000000000e+05 
2.00146625765231e-02 1.00000000000000e+05 
2.01561304057694e-02 1.00000000000000e+05 
2.02977409927916e-02 1.00000000000000e+05 
2.04394637748754e-02 1.00000000000000e+05 
2.05813268935928e-02 1.00000000000000e+05 
2.07232839271100e-02 1.00000000000000e+05 
2.08653675615748e-02 1.00000000000000e+05 
2.10075438674070e-02 1.00000000000000e+05 
2.11498479913729e-02 1.00000000000000e+05 
2.12922336634258e-02 1.00000000000000e+05 
2.14347373187694e-02 1.00000000000000e+05 
2.15773112677978e-02 1.00000000000000e+05 
2.17199967281596e-02 1.00000000000000e+05 
2.18627498869182e-02 1.00000000000000e+05 
2.20056151467605e-02 1.00000000000000e+05 
2.21485562316166e-02 1.00000000000000e+05 
2.22916151862186e-02 1.00000000000000e+05 
2.24347617577898e-02 1.00000000000000e+05 
2.25780326163465e-02 1.00000000000000e+05 
2.27213980415638e-02 1.00000000000000e+05 
2.28648902977713e-02 1.00000000000000e+05 
2.30084790761000e-02 1.00000000000000e+05 
2.31521968684477e-02 1.00000000000000e+05 
2.32960128146579e-02 1.00000000000000e+05 
2.34399597492714e-02 1.00000000000000e+05 
2.35840050548054e-02 1.00000000000000e+05 
2.37281824700091e-02 1.00000000000000e+05 
2.38724567203928e-02 1.00000000000000e+05 
2.40168620372530e-02 1.00000000000000e+05 
2.41613604931353e-02 1.00000000000000e+05 
2.43059827796432e-02 1.00000000000000e+05 
2.44506897886326e-02 1.00000000000000e+05 
2.45955260352203e-02 1.00000000000000e+05 
2.47404546188175e-02 1.00000000000000e+05 
2.48855158206398e-02 1.00000000000000e+05 
2.50306724250226e-02 1.00000000000000e+05 
2.51759570538652e-02 1.00000000000000e+05 
2.53213319176892e-02 1.00000000000000e+05 
2.54668416885779e-02 1.00000000000000e+05 
2.56124525941257e-02 1.00000000000000e+05 
2.57581970434325e-02 1.00000000000000e+05 
2.59040377594769e-02 1.00000000000000e+05 
2.60500186100454e-02 1.00000000000000e+05 
2.61961062357140e-02 1.00000000000000e+05 
2.63423324371390e-02 1.00000000000000e+05 
2.64886614940872e-02 1.00000000000000e+05 
2.66351361769065e-02 1.00000000000000e+05 
2.67817232523945e-02 1.00000000000000e+05 
2.69284546290942e-02 1.00000000000000e+05 
2.70752952199356e-02 1.00000000000000e+05 
2.72222795216074e-02 1.00000000000000e+05 
2.73693739027391e-02 1.00000000000000e+05 
2.75166158692094e-02 1.00000000000000e+05 
2.76639752535257e-02 1.00000000000000e+05 
2.78114893304877e-02 1.00000000000000e+05 
2.79591284361427e-02 1.00000000000000e+05 
2.81069284489616e-02 1.00000000000000e+05 
2.82548599196738e-02 1.00000000000000e+05 
2.84029603722331e-02 1.00000000000000e+05 
2.85512015142875e-02 1.00000000000000e+05 
2.86996205750715e-02 1.00000000000000e+05 
2.88481895437931e-02 1.00000000000000e+05 
2.89969483686426e-02 1.00000000000000e+05 
2.91458700797645e-02 1.00000000000000e+05 
2.92949942853079e-02 1.00000000000000e+05 
2.94442941340361e-02 1.00000000000000e+05 
2.95938102815221e-02 1.00000000000000e+05 
2.97435184324094e-02 1.00000000000000e+05 
2.98934625050557e-02 1.00000000000000e+05 
3.00436212446008e-02 1.00000000000000e+05 
3.01940381673567e-02 1.00000000000000e+05 
3.03446922072155e-02 1.00000000000000e+05 
3.04956309497872e-02 1.00000000000000e+05 
3.06468358367738e-02 1.00000000000000e+05 
3.07983557872078e-02 1.00000000000000e+05 
3.09501708529007e-02 1.00000000000000e+05 
3.11023403419071e-02 1.00000000000000e+05 
3.12548519622218e-02 1.00000000000000e+05 
3.14077696628153e-02 1.00000000000000e+05 
3.15610892563011e-02 1.00000000000000e+05 
3.17148770970426e-02 1.00000000000000e+05 
3.18691374077429e-02 1.00000000000000e+05 
3.20239390678052e-02 1.00000000000000e+05 
3.21792906380499e-02 1.00000000000000e+05 
3.23352778638274e-02 1.00000000000000e+05 
3.24919259637663e-02 1.00000000000000e+05 
3.26493235304598e-02 1.00000000000000e+05 
3.28075218636777e-02 1.00000000000000e+05 
3.29666100072554e-02 1.00000000000000e+05 
3.31266665419797e-02 1.00000000000000e+05 
3.32877963465838e-02 1.00000000000000e+05 
3.34501209343719e-02 1.00000000000000e+05 
3.36137496835707e-02 1.00000000000000e+05 
3.37626801043683e-02 1.00000000000000e+05 
3.39115325096630e-02 1.00000000000000e+05 
3.40603149625074e-02 1.00000000000000e+05 
3.42092357990709e-02 1.00000000000000e+05 
3.43582812512377e-02 1.00000000000000e+05 
3.45074561212884e-02 1.00000000000000e+05 
3.46567178945517e-02 1.00000000000000e+05 
3.48060514916227e-02 1.00000000000000e+05 
3.49554255373299e-02 1.00000000000000e+05 
3.51048413875153e-02 1.00000000000000e+05 
3.52542839326553e-02 1.00000000000000e+05 
3.54037640034838e-02 1.00000000000000e+05 
3.55532763760419e-02 1.00000000000000e+05 
3.57028320672918e-02 1.00000000000000e+05 
3.58524308542922e-02 1.00000000000000e+05 
3.60020843667393e-02 1.00000000000000e+05 
3.61517972871758e-02 1.00000000000000e+05 
3.63015772546201e-02 1.00000000000000e+05 
3.64514304289764e-02 1.00000000000000e+05 
3.66013652450358e-02 1.00000000000000e+05 
3.67513920077378e-02 1.00000000000000e+05 
3.69015143717038e-02 1.00000000000000e+05 
3.70517416419154e-02 1.00000000000000e+05 
3.72020769222210e-02 1.00000000000000e+05 
3.73525335542973e-02 1.00000000000000e+05 
3.75031141548058e-02 1.00000000000000e+05 
3.76538343037173e-02 1.00000000000000e+05 
3.78046938038491e-02 1.00000000000000e+05 
3.79557056841490e-02 1.00000000000000e+05 
3.81068708802276e-02 1.00000000000000e+05 
3.82582013155132e-02 1.00000000000000e+05 
3.84096977745389e-02 1.00000000000000e+05 
3.85613733943239e-02 1.00000000000000e+05 
3.87132275827483e-02 1.00000000000000e+05 
3.88652748771776e-02 1.00000000000000e+05 
3.90175127787824e-02 1.00000000000000e+05 
3.91699174088273e-02 1.00000000000000e+05 
3.93224739540607e-02 1.00000000000000e+05 
3.94751946531878e-02 1.00000000000000e+05 
3.96280853715414e-02 1.00000000000000e+05 
3.97811637573323e-02 1.00000000000000e+05 
3.99344322637094e-02 1.00000000000000e+05 
4.00879146234450e-02 1.00000000000000e+05 
4.02416096737745e-02 1.00000000000000e+05 
4.03955481201731e-02 1.00000000000000e+05 
4.05497249257911e-02 1.00000000000000e+05 
4.07041788384943e-02 1.00000000000000e+05 
4.08589007333744e-02 1.00000000000000e+05 
4.10139395505841e-02 1.00000000000000e+05 
4.11692809887646e-02 1.00000000000000e+05 
4.13249851986598e-02 1.00000000000000e+05 
4.14810331536807e-02 1.00000000000000e+05 
4.16374978169020e-02 1.00000000000000e+05 
4.17943558524787e-02 1.00000000000000e+05 
4.19516968816156e-02 1.00000000000000e+05 
4.21094918475481e-02 1.00000000000000e+05 
4.22678491249707e-02 1.00000000000000e+05 
4.24267345945785e-02 1.00000000000000e+05 
4.25862806325517e-02 1.00000000000000e+05 
4.27464474247853e-02 1.00000000000000e+05 
4.29073970911102e-02 1.00000000000000e+05 
4.30690843309297e-02 1.00000000000000e+05 
4.32317084130868e-02 1.00000000000000e+05 
4.33952194377819e-02 1.00000000000000e+05 
4.35598630004412e-02 1.00000000000000e+05 
4.37108595566609e-02 1.00000000000000e+05 
4.38617980609391e-02 1.00000000000000e+05 
4.40126861540320e-02 1.00000000000000e+05 
4.41635185976767e-02 1.00000000000000e+05 
4.43144023012251e-02 1.00000000000000e+05 
4.44652814733335e-02 1.00000000000000e+05 
4.46163157765881e-02 1.00000000000000e+05 
4.47674757227697e-02 1.00000000000000e+05 
4.49187638336695e-02 1.00000000000000e+05 
4.50701378832559e-02 1.00000000000000e+05 
4.52215829919703e-02 1.00000000000000e+05 
4.53730669202540e-02 1.00000000000000e+05 
4.55245824516018e-02 1.00000000000000e+05 
4.56761090673609e-02 1.00000000000000e+05 
4.58276492267273e-02 1.00000000000000e+05 
4.59791908253492e-02 1.00000000000000e+05 
4.61307437176360e-02 1.00000000000000e+05 
4.62823030586626e-02 1.00000000000000e+05 
4.64338830020387e-02 1.00000000000000e+05 
4.65854854449239e-02 1.00000000000000e+05 
4.67371240824242e-02 1.00000000000000e+05 
4.68888062173395e-02 1.00000000000000e+05 
4.70405431381555e-02 1.00000000000000e+05 
4.71923467691523e-02 1.00000000000000e+05 
4.73442261771774e-02 1.00000000000000e+05 
4.74961988047006e-02 1.00000000000000e+05 
4.76482713919532e-02 1.00000000000000e+05 
4.78004673187155e-02 1.00000000000000e+05 
4.79527908040656e-02 1.00000000000000e+05 
4.81052718045571e-02 1.00000000000000e+05 
4.82579101654011e-02 1.00000000000000e+05 
4.84107437629519e-02 1.00000000000000e+05 
4.85637672393330e-02 1.00000000000000e+05 
4.87170281344346e-02 1.00000000000000e+05 
4.88705156380097e-02 1.00000000000000e+05 
4.90242890811902e-02 1.00000000000000e+05 
4.91783317208021e-02 1.00000000000000e+05 
4.93327171608772e-02 1.00000000000000e+05 
4.94874222292878e-02 1.00000000000000e+05 
4.96366936962671e-02 1.00000000000000e+05 
4.97921730912723e-02 1.00000000000000e+05 
4.99414396107615e-02 1.00000000000000e+05 
5.00978374412324e-02 1.00000000000000e+05 
5.02470891125297e-02 1.00000000000000e+05 
5.04020348301617e-02 1.00000000000000e+05 
5.05512393319791e-02 1.00000000000000e+05 
5.07048788151047e-02 1.00000000000000e+05 
5.08540273096680e-02 1.00000000000000e+05 
5.10068364646207e-02 1.00000000000000e+05 
5.11559249925195e-02 1.00000000000000e+05 
5.13081182966516e-02 1.00000000000000e+05 
5.14577724453573e-02 1.00000000000000e+05 
5.16073871686913e-02 1.00000000000000e+05 
5.17560980462236e-02 1.00000000000000e+05 
5.19055928838768e-02 1.00000000000000e+05 
5.20542055420184e-02 1.00000000000000e+05 
5.22037035088755e-02 1.00000000000000e+05 
5.23522352920273e-02 1.00000000000000e+05 
5.25020573878211e-02 1.00000000000000e+05 
5.26504863114857e-02 1.00000000000000e+05 
5.28006708776514e-02 1.00000000000000e+05 
5.29489634424383e-02 1.00000000000000e+05 
5.30994460931117e-02 1.00000000000000e+05 
5.32500500989422e-02 1.00000000000000e+05 
5.34008006708430e-02 1.00000000000000e+05 
5.35516761238860e-02 1.00000000000000e+05 
5.37027007736044e-02 1.00000000000000e+05 
5.38538694847846e-02 1.00000000000000e+05 
5.40052001757829e-02 1.00000000000000e+05 
5.41567065942116e-02 1.00000000000000e+05 
5.43083946796171e-02 1.00000000000000e+05 
5.44603004934258e-02 1.00000000000000e+05 
5.46124152573310e-02 1.00000000000000e+05 
5.47647999704303e-02 1.00000000000000e+05 
5.49174357252390e-02 1.00000000000000e+05 
5.50704175411871e-02 1.00000000000000e+05 
5.52237119183841e-02 1.00000000000000e+05 
5.53765695655689e-02 1.00000000000000e+05 
5.55307109514510e-02 1.00000000000000e+05 
5.56828751227824e-02 1.00000000000000e+05 
5.58381284220419e-02 1.00000000000000e+05 
5.59895798161150e-02 1.00000000000000e+05 
5.61438699763705e-02 1.00000000000000e+05 
5.62898574656413e-02 1.00000000000000e+05 
5.64364549621472e-02 1.00000000000000e+05 
5.65826743533349e-02 1.00000000000000e+05 
5.67286137991119e-02 1.00000000000000e+05 
5.68742554304622e-02 1.00000000000000e+05 
5.70198976212755e-02 1.00000000000000e+05 
5.71654947757763e-02 1.00000000000000e+05 
5.73111422152015e-02 1.00000000000000e+05 
5.74568078231743e-02 1.00000000000000e+05 
5.76025575943495e-02 1.00000000000000e+05 
5.77484338684057e-02 1.00000000000000e+05 
5.78944956671193e-02 1.00000000000000e+05 
5.80408823823409e-02 1.00000000000000e+05 
5.81876372396045e-02 1.00000000000000e+05 
5.83350092282350e-02 1.00000000000000e+05 
5.84830183892363e-02 1.00000000000000e+05 
5.86320347097464e-02 1.00000000000000e+05 
5.87820575691185e-02 1.00000000000000e+05 
5.89238858067613e-02 1.00000000000000e+05 
5.90654715476363e-02 1.00000000000000e+05 
5.92067765148738e-02 1.00000000000000e+05 
5.93479847546005e-02 1.00000000000000e+05 
5.94891482559701e-02 1.00000000000000e+05 
5.96306446774580e-02 1.00000000000000e+05 
5.97725194448913e-02 1.00000000000000e+05 
5.99149319205483e-02 1.00000000000000e+05 
6.00579533330239e-02 1.00000000000000e+05 
6.02016698808736e-02 1.00000000000000e+05 
6.03462226291531e-02 1.00000000000000e+05 
6.04916585177207e-02 1.00000000000000e+05 
6.06382120373695e-02 1.00000000000000e+05 
6.07859012941615e-02 1.00000000000000e+05 
6.09260482311897e-02 1.00000000000000e+05 
6.10662337608477e-02 1.00000000000000e+05 
6.12064016614286e-02 1.00000000000000e+05 
6.13466951539045e-02 1.00000000000000e+05 
6.14871184862458e-02 1.00000000000000e+05 
6.16278251119350e-02 1.00000000000000e+05 
6.17689614721819e-02 1.00000000000000e+05 
6.19107580447840e-02 1.00000000000000e+05 
6.20532550064391e-02 1.00000000000000e+05 
6.21965429347917e-02 1.00000000000000e+05 
6.23406889340440e-02 1.00000000000000e+05 
6.24857399920057e-02 1.00000000000000e+05 
6.26318296738436e-02 1.00000000000000e+05 
6.27789738704201e-02 1.00000000000000e+05 
6.29193888625349e-02 1.00000000000000e+05 
6.30599560065097e-02 1.00000000000000e+05 
6.32005943008335e-02 1.00000000000000e+05 
6.33414140816815e-02 1.00000000000000e+05 
6.34823705296819e-02 1.00000000000000e+05 
6.36235816547597e-02 1.00000000000000e+05 
6.37650570220790e-02 1.00000000000000e+05 
6.39069189772696e-02 1.00000000000000e+05 
6.40493116900271e-02 1.00000000000000e+05 
6.41924210937120e-02 1.00000000000000e+05 
6.43362815808636e-02 1.00000000000000e+05 
6.44809401095360e-02 1.00000000000000e+05 
6.46264608133946e-02 1.00000000000000e+05 
6.47728523663428e-02 1.00000000000000e+05 
6.49202476208499e-02 1.00000000000000e+05 
6.50686348824394e-02 1.00000000000000e+05 
6.52099040144327e-02 1.00000000000000e+05 
6.53513152835019e-02 1.00000000000000e+05 
6.54927904418774e-02 1.00000000000000e+05 
6.56344301665749e-02 1.00000000000000e+05 
6.57761941743139e-02 1.00000000000000e+05 
6.59181935375480e-02 1.00000000000000e+05 
6.60604517033328e-02 1.00000000000000e+05 
6.62030730941104e-02 1.00000000000000e+05 
6.63462155627164e-02 1.00000000000000e+05 
6.64900551325149e-02 1.00000000000000e+05 
6.66346411185416e-02 1.00000000000000e+05 
6.67800138013838e-02 1.00000000000000e+05 
6.69262560047094e-02 1.00000000000000e+05 
6.70733732797734e-02 1.00000000000000e+05 
6.72215239781434e-02 1.00000000000000e+05 
6.73630985210012e-02 1.00000000000000e+05 
6.75046972018124e-02 1.00000000000000e+05 
6.76464174526448e-02 1.00000000000000e+05 
6.77881962818422e-02 1.00000000000000e+05 
6.79301425352494e-02 1.00000000000000e+05 
6.80722346189269e-02 1.00000000000000e+05 
6.82145915144453e-02 1.00000000000000e+05 
6.83572681027444e-02 1.00000000000000e+05 
6.85004968682350e-02 1.00000000000000e+05 
6.86442805601983e-02 1.00000000000000e+05 
6.87887817030047e-02 1.00000000000000e+05 
6.89340680547810e-02 1.00000000000000e+05 
6.90801754680394e-02 1.00000000000000e+05 
6.92272121176582e-02 1.00000000000000e+05 
6.93751779442698e-02 1.00000000000000e+05 
6.95167854056270e-02 1.00000000000000e+05 
6.96585084453263e-02 1.00000000000000e+05 
6.98002660641451e-02 1.00000000000000e+05 
6.99421634146318e-02 1.00000000000000e+05 
7.00841513026822e-02 1.00000000000000e+05 
7.02263451524557e-02 1.00000000000000e+05 
7.03687464117550e-02 1.00000000000000e+05 
7.05114737246632e-02 1.00000000000000e+05 
7.06546102087363e-02 1.00000000000000e+05 
7.07984059696928e-02 1.00000000000000e+05 
7.09429093127751e-02 1.00000000000000e+05 
7.10881805360298e-02 1.00000000000000e+05 
7.12342856175916e-02 1.00000000000000e+05 
7.13812385044789e-02 1.00000000000000e+05 
7.15291736108647e-02 1.00000000000000e+05 
7.16709012662475e-02 1.00000000000000e+05 
7.18126541294925e-02 1.00000000000000e+05 
7.19545276068416e-02 1.00000000000000e+05 
7.20964537479067e-02 1.00000000000000e+05 
7.22385403139975e-02 1.00000000000000e+05 
7.23807551844319e-02 1.00000000000000e+05 
7.25232151542840e-02 1.00000000000000e+05 
7.26659542569573e-02 1.00000000000000e+05 
7.28090719029624e-02 1.00000000000000e+05 
7.29527315110843e-02 1.00000000000000e+05 
7.30971053605219e-02 1.00000000000000e+05 
7.32422453772883e-02 1.00000000000000e+05 
7.33881874176166e-02 1.00000000000000e+05 
7.35350182915209e-02 1.00000000000000e+05 
7.36827354672933e-02 1.00000000000000e+05 
7.38315001748014e-02 1.00000000000000e+05 
7.39733652982112e-02 1.00000000000000e+05 
7.41152597478299e-02 1.00000000000000e+05 
7.42572812321211e-02 1.00000000000000e+05 
7.43993706434618e-02 1.00000000000000e+05 
7.45416372193679e-02 1.00000000000000e+05 
7.46840627550539e-02 1.00000000000000e+05 
7.48267643369907e-02 1.00000000000000e+05 
7.49697973816418e-02 1.00000000000000e+05 
7.51133882201628e-02 1.00000000000000e+05 
7.52575860131123e-02 1.00000000000000e+05 
7.54024786238625e-02 1.00000000000000e+05 
7.55481009054001e-02 1.00000000000000e+05 
7.56944815693147e-02 1.00000000000000e+05 
7.58417092853828e-02 1.00000000000000e+05 
7.59897860373007e-02 1.00000000000000e+05 
7.61388717510251e-02 1.00000000000000e+05 
7.62808922594411e-02 1.00000000000000e+05 
7.64229318093061e-02 1.00000000000000e+05 
7.65650856456817e-02 1.00000000000000e+05 
7.67072958022392e-02 1.00000000000000e+05 
7.68496676942660e-02 1.00000000000000e+05 
7.69921818903441e-02 1.00000000000000e+05 
7.71349501924188e-02 1.00000000000000e+05 
7.72780202819493e-02 1.00000000000000e+05 
7.74216167837190e-02 1.00000000000000e+05 
7.75657781832811e-02 1.00000000000000e+05 
7.77105931706679e-02 1.00000000000000e+05 
7.78560844004673e-02 1.00000000000000e+05 
7.80022808072811e-02 1.00000000000000e+05 
7.81492517679815e-02 1.00000000000000e+05 
7.82970049896349e-02 1.00000000000000e+05 
7.84456740504051e-02 1.00000000000000e+05 
7.85877625135722e-02 1.00000000000000e+05 
7.87298584998681e-02 1.00000000000000e+05 
7.88720496642365e-02 1.00000000000000e+05 
7.90142676518086e-02 1.00000000000000e+05 
7.91566116409849e-02 1.00000000000000e+05 
7.92990440953714e-02 1.00000000000000e+05 
7.94416711925412e-02 1.00000000000000e+05 
7.95845077982841e-02 1.00000000000000e+05 
7.97276424943891e-02 1.00000000000000e+05 
7.98711528729652e-02 1.00000000000000e+05 
8.00152784121937e-02 1.00000000000000e+05 
8.01600560689282e-02 1.00000000000000e+05 
8.03055314282101e-02 1.00000000000000e+05 
8.04517476577582e-02 1.00000000000000e+05 
8.05987075814331e-02 1.00000000000000e+05 
8.07465068334165e-02 1.00000000000000e+05 
8.08951355882057e-02 1.00000000000000e+05 
8.10447567826210e-02 1.00000000000000e+05 
8.11869062946739e-02 1.00000000000000e+05 
8.13290624789650e-02 1.00000000000000e+05 
8.14713177573224e-02 1.00000000000000e+05 
8.16136109332807e-02 1.00000000000000e+05 
8.17560419715191e-02 1.00000000000000e+05 
8.18985844351918e-02 1.00000000000000e+05 
8.20413435983593e-02 1.00000000000000e+05 
8.21843500115019e-02 1.00000000000000e+05 
8.23277389952135e-02 1.00000000000000e+05 
8.24716072954332e-02 1.00000000000000e+05 
8.26160850105136e-02 1.00000000000000e+05 
8.27611892425935e-02 1.00000000000000e+05 
8.29069471135320e-02 1.00000000000000e+05 
8.30534029535464e-02 1.00000000000000e+05 
8.32005602626049e-02 1.00000000000000e+05 
8.33485179998142e-02 1.00000000000000e+05 
8.34972700128870e-02 1.00000000000000e+05 
8.36468852380351e-02 1.00000000000000e+05 
8.37890233703832e-02 1.00000000000000e+05 
8.39311507916422e-02 1.00000000000000e+05 
8.40733614224821e-02 1.00000000000000e+05 
8.42155913284208e-02 1.00000000000000e+05 
8.43579413482329e-02 1.00000000000000e+05 
8.45003811180302e-02 1.00000000000000e+05 
8.46430150651147e-02 1.00000000000000e+05 
8.47858660633761e-02 1.00000000000000e+05 
8.49290705288437e-02 1.00000000000000e+05 
8.50727157448931e-02 1.00000000000000e+05 
8.52169336436317e-02 1.00000000000000e+05 
8.53617320847913e-02 1.00000000000000e+05 
8.55071410764416e-02 1.00000000000000e+05 
8.56531934460037e-02 1.00000000000000e+05 
8.57998954039296e-02 1.00000000000000e+05 
8.59473331088565e-02 1.00000000000000e+05 
8.60955038265038e-02 1.00000000000000e+05 
8.62445594493858e-02 1.00000000000000e+05 
8.63944827814984e-02 1.00000000000000e+05 
8.65364345658199e-02 1.00000000000000e+05 
8.66784552182013e-02 1.00000000000000e+05 
8.68204666662572e-02 1.00000000000000e+05 
8.69625698986314e-02 1.00000000000000e+05 
8.71047185495134e-02 1.00000000000000e+05 
8.72470184376417e-02 1.00000000000000e+05 
8.73894703963534e-02 1.00000000000000e+05 
8.75321606785298e-02 1.00000000000000e+05 
8.76751457775440e-02 1.00000000000000e+05 
8.78186679471239e-02 1.00000000000000e+05 
8.79627443835362e-02 1.00000000000000e+05 
8.81074207468252e-02 1.00000000000000e+05 
8.82527147029872e-02 1.00000000000000e+05 
8.83986360404145e-02 1.00000000000000e+05 
8.85452510549446e-02 1.00000000000000e+05 
8.86925585348770e-02 1.00000000000000e+05 
8.88406865942114e-02 1.00000000000000e+05 
8.89896163543125e-02 1.00000000000000e+05 
8.91388491901690e-02 1.00000000000000e+05 
8.92806049453310e-02 1.00000000000000e+05 
8.94223310867374e-02 1.00000000000000e+05 
8.95641285859901e-02 1.00000000000000e+05 
8.97059309823600e-02 1.00000000000000e+05 
8.98478439764206e-02 1.00000000000000e+05 
8.99898418196192e-02 1.00000000000000e+05 
9.01320215773592e-02 1.00000000000000e+05 
9.02744115629083e-02 1.00000000000000e+05 
9.04172325305590e-02 1.00000000000000e+05 
9.05605039129747e-02 1.00000000000000e+05 
9.07043098918342e-02 1.00000000000000e+05 
9.08486466262359e-02 1.00000000000000e+05 
9.09935492461926e-02 1.00000000000000e+05 
9.11390478121565e-02 1.00000000000000e+05 
9.12851681785939e-02 9.99999999999999e+04 
9.14319816670638e-02 9.99999999999999e+04 
9.15795072559575e-02 9.99999999999995e+04 
9.17278556267613e-02 9.99999999999991e+04 
9.18770371779096e-02 9.99999999999988e+04 
9.20260074736999e-02 9.99999999999984e+04 
9.21676422936794e-02 9.99999999999980e+04 
9.23092391227631e-02 9.99999999999976e+04 
9.24508732205823e-02 9.99999999999971e+04 
9.25924901046053e-02 9.99999999999967e+04 
9.27341607574839e-02 9.99999999999962e+04 
9.28758605232442e-02 9.99999999999958e+04 
9.30176591304829e-02 1.00000000000062e+05 
9.31595570648026e-02 1.00000000000125e+05 
9.33017794299230e-02 1.00000000001383e+05 
9.34443110522814e-02 1.00000000002505e+05 
9.35872392757568e-02 1.00000000026506e+05 
9.37305097309917e-02 1.00000000048862e+05 
9.38741571972144e-02 1.00000000127754e+05 
9.40181376725939e-02 1.00000000197936e+05 
9.41624760215031e-02 1.00000000402121e+05 
9.43071468951940e-02 1.00000000589000e+05 
9.44521651633816e-02 1.00000000863490e+05 
9.45975256173613e-02 1.00000001131309e+05 
9.47432330456186e-02 1.00000001450791e+05 
9.48893011915570e-02 1.00000001844171e+05 
9.50357271372122e-02 1.00000002363211e+05 
9.51825447484791e-02 1.00000003079664e+05 
9.53297442045753e-02 1.00000004033208e+05 
9.54773813453512e-02 1.00000005395991e+05 
9.56254370058384e-02 1.00000007179579e+05 
9.57739860396654e-02 1.00000009731788e+05 
9.59230034108865e-02 1.00000012977192e+05 
9.60725830689186e-02 1.00000017532769e+05 
9.62226979825068e-02 1.00000023170566e+05 
9.63734636307511e-02 1.00000031011232e+05 
9.65147769126936e-02 1.00000039970464e+05 
9.66559285818385e-02 1.00000052011597e+05 
9.67969247790606e-02 1.00000052143381e+05 
9.69377319186190e-02 1.00000052089902e+05 
9.70783540854844e-02 1.00000051731864e+05 
9.72187746845404e-02 1.00000050943570e+05 
9.73589960453566e-02 1.00000049695027e+05 
9.74990195526438e-02 1.00000048179639e+05 
9.76388441034728e-02 1.00000046276938e+05 
9.77785779812205e-02 1.00000044291243e+05 
9.79183328585557e-02 1.00000041930113e+05 
9.80581014035351e-02 1.00000039691812e+05 
9.81978891990086e-02 1.00000037137604e+05 
9.83376918966195e-02 1.00000034902148e+05 
9.84775137157916e-02 1.00000032540727e+05 
9.86173750879671e-02 1.00000030623986e+05 
9.87572950346490e-02 1.00000028940331e+05 
9.88973075203167e-02 1.00000027877081e+05 
9.90374386165177e-02 1.00000027439731e+05 
9.91777270838712e-02 1.00000029130793e+05 
9.93181990023776e-02 1.00000035591337e+05 
9.94588920521013e-02 1.00000048394104e+05 
9.95998195709711e-02 1.00000064405627e+05 
9.97410188219772e-02 1.00000078798531e+05 
9.98824758330707e-02 1.00000095754353e+05 
1.00024230486889e-01 1.00000108297780e+05 
1.00166259449522e-01 1.00000123421564e+05 
1.00308613403189e-01 1.00000135696315e+05 
1.00451263308209e-01 1.00000162933226e+05 
1.00594272793601e-01 1.00000221041109e+05 
1.00737607737497e-01 1.00000319126326e+05 
1.00881345248758e-01 1.00000470364379e+05 
1.01025446733303e-01 1.00000695198560e+05 
1.01170004235923e-01 1.00000994209530e+05 
1.01314974803222e-01 1.00001402683036e+05 
1.01460466643550e-01 1.00001921666764e+05 
1.01606432278868e-01 1.00002583807213e+05 
1.01752997961240e-01 1.00003405094929e+05 
1.01900111493059e-01 1.00004387234726e+05 
1.02047918616989e-01 1.00005553131216e+05 
1.02196364139748e-01 1.00006931598265e+05 
1.02334064257608e-01 1.00008421415115e+05 
1.02471813826082e-01 1.00010141322546e+05 
1.02609585592348e-01 1.00012128270952e+05 
1.02747401371957e-01 1.00014419954061e+05 
1.02885240187145e-01 1.00017050366403e+05 
1.03023118727909e-01 1.00020078492139e+05 
1.03161020605072e-01 1.00023544937275e+05 
1.03298950484145e-01 1.00027524551784e+05 
1.03436897728939e-01 1.00032071974038e+05 
1.03574865208317e-01 1.00037280309645e+05 
1.03712938080326e-01 1.00043226376613e+05 
1.03851226133078e-01 1.00050031190509e+05 
1.03989691495427e-01 1.00057789337491e+05 
1.04128331978723e-01 1.00066643820891e+05 
1.04267106980843e-01 1.00076711693257e+05 
1.04406005478061e-01 1.00088164178896e+05 
1.04544999852684e-01 1.00101148107362e+05 
1.04684084161054e-01 1.00115866874443e+05 
1.04823244485711e-01 1.00132504236495e+05 
1.04962481875225e-01 1.00151300723465e+05 
1.05101796971396e-01 1.00172484133567e+05 
1.05241196609799e-01 1.00196340671551e+05 
1.05380690879681e-01 1.00223151803290e+05 
1.05520288495464e-01 1.00253256956206e+05 
1.05659998753037e-01 1.00287000657754e+05 
1.05799825823762e-01 1.00324781923285e+05 
1.05939699952389e-01 1.00366994777553e+05 
1.06079616746284e-01 1.00414095064155e+05 
1.06219563101661e-01 1.00466568039918e+05 
1.06359559913589e-01 1.00524948281316e+05 
1.06499598136910e-01 1.00589812410157e+05 
1.06639695412835e-01 1.00661769049923e+05 
1.06779846684070e-01 1.00741492928626e+05 
1.06920066214534e-01 1.00829664076839e+05 
1.07060353474203e-01 1.00927057091708e+05 
1.07200718643166e-01 1.01034412745752e+05 
1.07341162158675e-01 1.01152594246893e+05 
1.07481691934871e-01 1.01282382293473e+05 
1.07622309242994e-01 1.01424707041643e+05 
1.07763018814862e-01 1.01580354533006e+05 
1.07903822724258e-01 1.01750281890245e+05 
1.08044721014255e-01 1.01935225283355e+05 
1.08185715627129e-01 1.02136108458994e+05 
1.08326801577987e-01 1.02353550985638e+05 
1.08467979627257e-01 1.02588359913609e+05 
1.08609238207001e-01 1.02840948446362e+05 
1.08750576391085e-01 1.03111901214457e+05 
1.08891969451692e-01 1.03401323163028e+05 
1.09033410298071e-01 1.03709454745348e+05 
1.09174858302376e-01 1.04035986384527e+05 
1.09316298982938e-01 1.04380656627008e+05 
1.09457677013376e-01 1.04742669676950e+05 
1.09598970351319e-01 1.05121178964059e+05 
1.09740118129064e-01 1.05514887296476e+05 
1.09881090713327e-01 1.05922282056031e+05 
1.10021829867709e-01 1.06341432063358e+05 
1.10162293484500e-01 1.06770285327297e+05 
1.10302438019081e-01 1.07206598696859e+05 
1.10442219043155e-01 1.07647719061149e+05 
1.10581626215282e-01 1.08091081524152e+05 
1.10720619246316e-01 1.08533381675820e+05 
1.10859235395194e-01 1.08972210529810e+05 
1.10997436715986e-01 1.09405118913293e+05 
1.11135314270615e-01 1.09829184507067e+05 
1.11272833550209e-01 1.10240981010015e+05 
1.11410121950679e-01 1.10638170124024e+05 
1.11547140508836e-01 1.11019445642620e+05 
1.11684032665507e-01 1.11383332489263e+05 
1.11820752758914e-01 1.11722669552865e+05 
1.11957447044143e-01 1.12037281706368e+05 
1.12094062924904e-01 1.12323515383310e+05 
1.12230736725598e-01 1.12590975464351e+05 
1.12367418862128e-01 1.12835845697796e+05 
1.12504227089240e-01 1.13041218975357e+05 
1.12641104635417e-01 1.13214920420912e+05 
1.12778156121637e-01 1.13358768235449e+05 
1.12915330053093e-01 1.13477934709943e+05 
1.13052718300492e-01 1.13575936348088e+05 
1.13190278484928e-01 1.13634731841224e+05 
1.13328088418749e-01 1.13689293392115e+05 
1.13466116737654e-01 1.13737539487423e+05 
1.13604425032454e-01 1.13778731945269e+05 
1.13742993650732e-01 1.13812900839452e+05 
1.13881868345220e-01 1.13838714504220e+05 
1.14021040256977e-01 1.13859000267603e+05 
1.14160542562905e-01 1.13870530605215e+05 
1.14300378120844e-01 1.13873979394909e+05 
1.14440568161034e-01 1.13871664027015e+05 
1.14581128552882e-01 1.13865099873109e+05 
1.14722068370576e-01 1.13854298646680e+05 
1.14863417613813e-01 1.13839364566788e+05 
1.15005178732925e-01 1.13820902956122e+05 
1.15147397476517e-01 1.13799230220994e+05 
1.15290070538527e-01 1.13775210677104e+05 
1.15433260470464e-01 1.13749343612998e+05 
1.15576957236511e-01 1.13722220291061e+05 
1.15721242276155e-01 1.13694408857382e+05 
1.15866099409263e-01 1.13666196339478e+05 
1.16011631446949e-01 1.13637959899277e+05 
1.16157817880611e-01 1.13609761791067e+05 
1.16304786068406e-01 1.13581840499674e+05 
1.16452513723059e-01 1.13554212494434e+05 
1.16601156476557e-01 1.13526970252619e+05 
1.16750693988883e-01 1.13500157940197e+05 
1.16901314350116e-01 1.13473754602589e+05 
1.17052749171612e-01 1.13447729576779e+05 
1.17204559101533e-01 1.13421643677831e+05 
1.17356784060038e-01 1.13395905932080e+05 
1.17509224250801e-01 1.13370414761006e+05 
1.17661664415613e-01 1.13344847232886e+05 
1.17814140958439e-01 1.13319038724674e+05 
1.17966923077493e-01 1.13292685258715e+05 
1.18119888485634e-01 1.13265611984069e+05 
1.18260639162049e-01 1.13240164595605e+05 
1.18404296298209e-01 1.13213351516502e+05 
1.18545163262272e-01 1.13185678134202e+05 
1.18688855059557e-01 1.13156248816683e+05 
1.18835659938258e-01 1.13124817788288e+05 
1.18986037581872e-01 1.13091359128202e+05 
1.19140368659543e-01 1.13055832647236e+05 
1.19295163041080e-01 1.13018847061497e+05 
1.19449948510312e-01 1.12980521001520e+05 
1.19604820157153e-01 1.12940915706966e+05 
1.19759687515936e-01 1.12900101105826e+05 
1.19914644466018e-01 1.12858164871586e+05 
1.20069609572983e-01 1.12815201579877e+05 
1.20224671366308e-01 1.12771281658395e+05 
1.20379754582458e-01 1.12726531313386e+05 
1.20534943176990e-01 1.12681044411681e+05 
1.20690166038798e-01 1.12634888563445e+05 
1.20845503990479e-01 1.12588154332288e+05 
1.21000888771374e-01 1.12540923499569e+05 
1.21156398776736e-01 1.12493248360975e+05 
1.21311968375909e-01 1.12445222567404e+05 
1.21467673950102e-01 1.12396869440211e+05 
1.21623452415225e-01 1.12348261500914e+05 
1.21779378321230e-01 1.12299395140363e+05 
1.21935391129293e-01 1.12250304749011e+05 
1.22091563669539e-01 1.12200971483695e+05 
1.22247837864451e-01 1.12151402932897e+05 
1.22404284924490e-01 1.12101578631339e+05 
1.22560849113340e-01 1.12051467773537e+05 
1.22717600200169e-01 1.12001092380657e+05 
1.22874484672751e-01 1.11950418704483e+05 
1.23031571125193e-01 1.11899446008130e+05 
1.23188808083771e-01 1.11848151039409e+05 
1.23346263257025e-01 1.11796528662374e+05 
1.23503887032618e-01 1.11744530612637e+05 
1.23661746506660e-01 1.11692198688929e+05 
1.23819793801277e-01 1.11639406942375e+05 
1.23978095547597e-01 1.11586172442575e+05 
1.24136605528872e-01 1.11532473903724e+05 
1.24295390326695e-01 1.11478383015543e+05 
1.24454405288751e-01 1.11423965903495e+05 
1.24613716998655e-01 1.11369080376364e+05 
1.24758868670086e-01 1.11318840822184e+05 
1.24906903613676e-01 1.11267391086027e+05 
1.25058145228197e-01 1.11214564969123e+05 
1.25219120554610e-01 1.11158080537512e+05 
1.25380439750981e-01 1.11101204961787e+05 
1.25542158602026e-01 1.11043972992815e+05 
1.25704218814513e-01 1.10986417635642e+05 
1.25866694465669e-01 1.10928604380906e+05 
1.26029542840793e-01 1.10870536034204e+05 
1.26192838560761e-01 1.10812264107585e+05 
1.26339283029134e-01 1.10759930001675e+05 
1.26488653737688e-01 1.10706898161345e+05 
1.26635153839798e-01 1.10654695681413e+05 
1.26784540758714e-01 1.10601226802694e+05 
1.26937146924428e-01 1.10546535157018e+05 
1.27097537326216e-01 1.10488932670386e+05 
1.27252200413382e-01 1.10433400264787e+05 
1.27408486686640e-01 1.10377269857992e+05 
1.27559899744674e-01 1.10322892093714e+05 
1.27714931618141e-01 1.10267142123114e+05 
1.27863752730330e-01 1.10213300462565e+05 
1.28015630681485e-01 1.10158605791300e+05 
1.28162422214061e-01 1.10105900002180e+05 
1.28311343848202e-01 1.10052600836626e+05 
1.28456031604244e-01 1.10000955853757e+05 
1.28601893133619e-01 1.09948771478287e+05 
1.28744653068436e-01 1.09897612246353e+05 
1.28880883983603e-01 1.09848620656717e+05 
1.29020257340848e-01 1.09798283044583e+05 
1.29157163192474e-01 1.09748636993211e+05 
1.29296670724679e-01 1.09697765713915e+05 
1.29433728975259e-01 1.09647619507117e+05 
1.29573180046117e-01 1.09596461074187e+05 
1.29710259924444e-01 1.09546083131451e+05 
1.29849592365577e-01 1.09494778167567e+05 
1.29986650647553e-01 1.09444258880487e+05 
1.30125865984628e-01 1.09392901673291e+05 
1.30262917305269e-01 1.09342336330580e+05 
1.30402078443733e-01 1.09291007298399e+05 
1.30539169524144e-01 1.09240475006102e+05 
1.30678364987975e-01 1.09189233757387e+05 
1.30815558439174e-01 1.09138802619572e+05 
1.30959483990443e-01 1.09086006904531e+05 
1.31103549937236e-01 1.09033270733910e+05 
1.31247750118561e-01 1.08980625815408e+05 
1.31392121129007e-01 1.08928048624940e+05 
1.31536653788054e-01 1.08875575311911e+05 
1.31681392237095e-01 1.08823161529348e+05 
1.31826323483540e-01 1.08770842368070e+05 
1.31971500470252e-01 1.08718573068096e+05 
1.32116905301906e-01 1.08666375180171e+05 
1.32262601305076e-01 1.08614196579922e+05 
1.32408565008161e-01 1.08562059720136e+05 
1.32554871889563e-01 1.08509906442891e+05 
1.32701492215079e-01 1.08457761378810e+05 
1.32848515609295e-01 1.08405560280987e+05 
1.32995905437410e-01 1.08353329200114e+05 
1.33143767714834e-01 1.08300998436947e+05 
1.33292058441781e-01 1.08248595981525e+05 
1.33440903054018e-01 1.08196045362868e+05 
1.33590249729657e-01 1.08143378144177e+05 
1.33740246928625e-01 1.08090509787510e+05 
1.33890834889301e-01 1.08037475242348e+05 
1.34042189720675e-01 1.07984180126568e+05 
1.34194244103541e-01 1.07930661680926e+05 
1.34347207784588e-01 1.07876813114906e+05 
1.34501007421004e-01 1.07822672468398e+05 
1.34655893750181e-01 1.07768117735424e+05 
1.34811790451065e-01 1.07713186117383e+05 
1.34968998442766e-01 1.07657738269960e+05 
1.35127443099757e-01 1.07601809397898e+05 
1.35287487844630e-01 1.07545239689842e+05 
1.35431334395994e-01 1.07494337771466e+05 
1.35575199669203e-01 1.07443356064512e+05 
1.35719155722963e-01 1.07392278430870e+05 
1.35863182898471e-01 1.07341094446459e+05 
1.36007529416464e-01 1.07289721121601e+05 
1.36152148676618e-01 1.07238168314527e+05 
1.36297102348625e-01 1.07186424740607e+05 
1.36442329634131e-01 1.07134510409817e+05 
1.36587864735677e-01 1.07082423117499e+05 
1.36733667438331e-01 1.07030179997029e+05 
1.36879770232022e-01 1.06977779402099e+05 
1.37026156852944e-01 1.06925232863261e+05 
1.37172857767041e-01 1.06872539489343e+05 
1.37319880081874e-01 1.06819705211156e+05 
1.37467248561558e-01 1.06766733836512e+05 
1.37614994006115e-01 1.06713623812615e+05 
1.37763131587996e-01 1.06660376190049e+05 
1.37911716417592e-01 1.06606986769997e+05 
1.38060751122292e-01 1.06553460514578e+05 
1.38210316896202e-01 1.06499794346807e+05 
1.38360402043859e-01 1.06445990029297e+05 
1.38511116701979e-01 1.06392037147030e+05 
1.38662433973225e-01 1.06337948115835e+05 
1.38814496824229e-01 1.06283721601277e+05 
1.38967262762204e-01 1.06229355926870e+05 
1.39120912024184e-01 1.06174809005415e+05 
1.39275387973723e-01 1.06120162678400e+05 
1.39430915714806e-01 1.06065358590878e+05 
1.39587425587153e-01 1.06010512419094e+05 
1.39745196061530e-01 1.05955447420761e+05 
1.39890940160735e-01 1.05904945376165e+05 
1.40036709606455e-01 1.05854637018282e+05 
1.40182587917827e-01 1.05804697017004e+05 
1.40328524259814e-01 1.05755501903934e+05 
1.40474596307988e-01 1.05706966192987e+05 
1.40620786676426e-01 1.05658359106410e+05 
1.40767221714351e-01 1.05611175795998e+05 
1.40913944583039e-01 1.05565409033969e+05 
1.41061085653585e-01 1.05521240199418e+05 
1.41208601374368e-01 1.05478198580081e+05 
1.41356526457783e-01 1.05438254322903e+05 
1.41504824292721e-01 1.05398406075199e+05 
1.41653515229575e-01 1.05359205773861e+05 
1.41802588384705e-01 1.05321633583339e+05 
1.41952059134768e-01 1.05286316465120e+05 
1.42101943121259e-01 1.05253449158865e+05 
1.42252249357421e-01 1.05223450921930e+05 
1.42400912179624e-01 1.05197756516112e+05 
1.42550880305641e-01 1.05176146104865e+05 
1.42699818941407e-01 1.05159139538776e+05 
1.42850066186557e-01 1.05146460269719e+05 
1.42999163529367e-01 1.05138770925598e+05 
1.43149686938654e-01 1.05136575138994e+05 
1.43298891901074e-01 1.05140104501596e+05 
1.43449610001298e-01 1.05150178806774e+05 
1.43598967410780e-01 1.05165654793873e+05 
1.43749901002986e-01 1.05188469690367e+05 
1.43899398939729e-01 1.05218395954546e+05 
1.44050447067447e-01 1.05256587989297e+05 
1.44200091992442e-01 1.05302656475454e+05 
1.44348269196350e-01 1.05356870103218e+05 
1.44496476930806e-01 1.05420067365120e+05 
1.44644789642912e-01 1.05493523114368e+05 
1.44793155535993e-01 1.05576793778278e+05 
1.44941645500695e-01 1.05670413957048e+05 
1.45090235271127e-01 1.05774653345429e+05 
1.45238983285033e-01 1.05890046216309e+05 
1.45387897917513e-01 1.06016802882172e+05 
1.45537214572786e-01 1.06155670368304e+05 
1.45686906428510e-01 1.06304764684510e+05 
1.45837014453649e-01 1.06467271018445e+05 
1.45987495424121e-01 1.06643629619876e+05 
1.46138359642704e-01 1.06832183103863e+05 
1.46289325785134e-01 1.07033519357050e+05 
1.46440916702819e-01 1.07246865737836e+05 
1.46591915624226e-01 1.07471163657470e+05 
1.46744240848756e-01 1.07708979360896e+05 
1.46895498111481e-01 1.07955117202012e+05 
1.47048600004965e-01 1.08212925361138e+05 
1.47200008038241e-01 1.08476679162593e+05 
1.47353915082760e-01 1.08752002045200e+05 
1.47505480815387e-01 1.09030441063897e+05 
1.47659682534807e-01 1.09319254338087e+05 
1.47811413577969e-01 1.09608473748283e+05 
1.47965786637052e-01 1.09905805034778e+05 
1.48117690451525e-01 1.10198233398123e+05 
1.48272017275300e-01 1.10497363810598e+05 
1.48424100561027e-01 1.10791441150838e+05 
1.48578437800367e-01 1.11088419078076e+05 
1.48730706384985e-01 1.11378520077536e+05 
1.48885095340792e-01 1.11666595915477e+05 
1.49037554702141e-01 1.11944463127729e+05 
1.49192027686718e-01 1.12216949885691e+05 
1.49344683589308e-01 1.12476657227392e+05 
1.49496118939056e-01 1.12722887337397e+05 
1.49647608796728e-01 1.12957546984944e+05 
1.49799201811260e-01 1.13178969585511e+05 
1.49950857500102e-01 1.13385718494454e+05 
1.50102617415380e-01 1.13578339459745e+05 
1.50254455405908e-01 1.13757154990675e+05 
1.50406404504043e-01 1.13921518030747e+05 
1.50558455416504e-01 1.14069043854581e+05 
1.50710627562570e-01 1.14199177935475e+05 
1.50863015172031e-01 1.14311721299190e+05 
1.51015749870840e-01 1.14407149495762e+05 
1.51168786433194e-01 1.14489369593031e+05 
1.51322127769393e-01 1.14569759597629e+05 
1.51475722364394e-01 1.14627298032504e+05 
1.51629558470550e-01 1.14664850714770e+05 
1.51783599898063e-01 1.14685536575735e+05 
1.51937839203418e-01 1.14691930171909e+05 
1.52092254918682e-01 1.14684906817648e+05 
1.52246848942383e-01 1.14663861160794e+05 
1.52401374113102e-01 1.14623111377602e+05 
1.52556055803806e-01 1.14582021225111e+05 
1.52710621514263e-01 1.14541904095695e+05 
1.52865253907052e-01 1.14503005854533e+05 
1.53019844443144e-01 1.14465335125173e+05 
1.53174442923781e-01 1.14428740178249e+05 
1.53329026651957e-01 1.14393409955033e+05 
1.53483603269127e-01 1.14358872085734e+05 
1.53638145304386e-01 1.14325847178424e+05 
1.53792710349164e-01 1.14293805980117e+05 
1.53947172068119e-01 1.14263374247221e+05 
1.54101735347258e-01 1.14233931604611e+05 
1.54256115707312e-01 1.14205980922798e+05 
1.54410687081701e-01 1.14179097385720e+05 
1.54564987033064e-01 1.14152702708801e+05 
1.54719576730474e-01 1.14127193671850e+05 
1.54873798693446e-01 1.14102366422652e+05 
1.55028417445457e-01 1.14078728367932e+05 
1.55182564728785e-01 1.14056159267464e+05 
1.55337223803504e-01 1.14034648566752e+05 
1.55491300615160e-01 1.14014036004537e+05 
1.55646011969252e-01 1.13994392195411e+05 
1.55800022636585e-01 1.13975576374322e+05 
1.55954798994615e-01 1.13957649564911e+05 
1.56108748401288e-01 1.13940686059954e+05 
1.56263602750973e-01 1.13924280323534e+05 
1.56417496303309e-01 1.13909219004576e+05 
1.56572442003488e-01 1.13894691742562e+05 
1.56727439987080e-01 1.13881090574966e+05 
1.56882491893479e-01 1.13867898947797e+05 
1.57037604575534e-01 1.13854929209189e+05 
1.57192778603478e-01 1.13843042561010e+05 
1.57348022967020e-01 1.13830681547719e+05 
1.57503336583445e-01 1.13817640283777e+05 
1.57658731011776e-01 1.13804463001884e+05 
1.57814203007181e-01 1.13790794122427e+05 
1.57969767397493e-01 1.13777242025212e+05 
1.58125417847283e-01 1.13763347131134e+05 
1.58278392528314e-01 1.13750105389898e+05 
1.58434241241018e-01 1.13736925170371e+05 
1.58586841124497e-01 1.13724037197843e+05 
1.58742910009486e-01 1.13710750306093e+05 
1.58897880201959e-01 1.13697430488528e+05 
1.59054007170477e-01 1.13683501593486e+05 
1.59208444224490e-01 1.13669746937853e+05 
1.59363998222100e-01 1.13655609232095e+05 
1.59520751732698e-01 1.13641404738277e+05 
1.59677646270540e-01 1.13626796662123e+05 
1.59834727874975e-01 1.13612111065146e+05 
1.59991965913967e-01 1.13596959172364e+05 
1.60149414788984e-01 1.13581615378712e+05 
1.60307037783071e-01 1.13565797185825e+05 
1.60464898967096e-01 1.13549737171473e+05 
1.60622954725266e-01 1.13533201979214e+05 
1.60781280611600e-01 1.13516391721519e+05 
1.60939824695429e-01 1.13499090221360e+05 
1.61098675700623e-01 1.13481473614534e+05 
1.61257772908411e-01 1.13463338850460e+05 
1.61417220465455e-01 1.13444843586362e+05 
1.61576947788029e-01 1.13425796622598e+05 
1.61737077089725e-01 1.13406333258697e+05 
1.61897526808296e-01 1.13386272195748e+05 
1.62058440484358e-01 1.13365718991820e+05 
1.62219724285865e-01 1.13344504017110e+05 
1.62381547117687e-01 1.13322685300478e+05 
1.62543801734872e-01 1.13300135105689e+05 
1.62706687455168e-01 1.13276817196479e+05 
1.62870082576760e-01 1.13252707970654e+05 
1.63024422046410e-01 1.13229172303566e+05 
1.63189138855130e-01 1.13203075179993e+05 
1.63343359615969e-01 1.13177766034616e+05 
1.63509638787391e-01 1.13149348003901e+05 
1.63663734291151e-01 1.13122011540042e+05 
1.63825978042829e-01 1.13091932791738e+05 
1.63979956729130e-01 1.13062315700765e+05 
1.64140024963082e-01 1.13030285812832e+05 
1.64293889698408e-01 1.12998282118788e+05 
1.64448489895928e-01 1.12964831894126e+05 
1.64603205820719e-01 1.12930022434023e+05 
1.64757922285139e-01 1.12893761589715e+05 
1.64916521600187e-01 1.12855032100902e+05 
1.65078343737276e-01 1.12813756810247e+05 
1.65236380335709e-01 1.12771746136906e+05 
1.65391129780603e-01 1.12728923800792e+05 
1.65545929887246e-01 1.12684423832282e+05 
1.65700767366553e-01 1.12638194464247e+05 
1.65855685874785e-01 1.12590281183082e+05 
1.66010662620347e-01 1.12540601807747e+05 
1.66165452461319e-01 1.12489318805431e+05 
1.66320078495852e-01 1.12436341997428e+05 
1.66474507767856e-01 1.12381784403019e+05 
1.66628777993402e-01 1.12325750974819e+05 
1.66782869025574e-01 1.12268304485420e+05 
1.66936823632635e-01 1.12209224783763e+05 
1.67090632933111e-01 1.12148681328385e+05 
1.67244333937502e-01 1.12086551796905e+05 
1.67397930368109e-01 1.12023077598934e+05 
1.67551450471271e-01 1.11958189437968e+05 
1.67704914563084e-01 1.11892201550050e+05 
1.67858340370502e-01 1.11824966109377e+05 
1.68011642964985e-01 1.11756795633257e+05 
1.68165080085233e-01 1.11687562441416e+05 
1.68318114495366e-01 1.11618013890076e+05 
1.68471692051991e-01 1.11546897832335e+05 
1.68624496768717e-01 1.11475052704983e+05 
1.68778371592840e-01 1.11401764005970e+05 
1.68932506938232e-01 1.11327589049570e+05 
1.69086865351611e-01 1.11252658195075e+05 
1.69241621023124e-01 1.11176161574408e+05 
1.69396718404513e-01 1.11099530133581e+05 
1.69552197298902e-01 1.11022572058990e+05 
1.69707952020777e-01 1.10945535150724e+05 
1.69863275845274e-01 1.10868571392971e+05 
1.70019091990376e-01 1.10791072968637e+05 
1.70173014864903e-01 1.10713690424694e+05 
1.70329130500707e-01 1.10634014338810e+05 
1.70482637536028e-01 1.10554543813218e+05 
1.70638461830213e-01 1.10472339798581e+05 
1.70791567493472e-01 1.10390204871045e+05 
1.70942924423769e-01 1.10307913050856e+05 
1.71093979730811e-01 1.10224767481244e+05 
1.71245031741304e-01 1.10140597105026e+05 
1.71395975484517e-01 1.10055547310993e+05 
1.71546951827709e-01 1.09969551550457e+05 
1.71697830416083e-01 1.09882778679043e+05 
1.71848701335238e-01 1.09795184757132e+05 
1.71999473017180e-01 1.09706951027499e+05 
1.72150229655303e-01 1.09618068681100e+05 
1.72300932002620e-01 1.09528677361992e+05 
1.72451655236860e-01 1.09438761193538e+05 
1.72602415706895e-01 1.09348426037951e+05 
1.72753272636177e-01 1.09257668485563e+05 
1.72904315754959e-01 1.09166551811118e+05 
1.73055584862510e-01 1.09075102750692e+05 
1.73206765584344e-01 1.08983656930190e+05 
1.73358849899913e-01 1.08891671429290e+05 
1.73509993904003e-01 1.08800393541492e+05 
1.73662032769760e-01 1.08708776765812e+05 
1.73813962404984e-01 1.08617602936802e+05 
1.73969007821884e-01 1.08524982629244e+05 
1.74120455667418e-01 1.08435009368525e+05 
1.74276393613795e-01 1.08343085457316e+05 
1.74427443636158e-01 1.08254680100840e+05 
1.74577127688629e-01 1.08167953785914e+05 
1.74726351280667e-01 1.08082771562876e+05 
1.74875509877902e-01 1.07999019905366e+05 
1.75024415049481e-01 1.07915047918710e+05 
1.75173252440130e-01 1.07833410582818e+05 
1.75321862964318e-01 1.07754358723926e+05 
1.75470405574298e-01 1.07677842209098e+05 
1.75618799128839e-01 1.07603484817503e+05 
1.75767193262104e-01 1.07531104434163e+05 
1.75915592447737e-01 1.07460344384085e+05 
1.76064130849486e-01 1.07391248060669e+05 
1.76213001584321e-01 1.07325556322038e+05 
1.76362322902963e-01 1.07260024329602e+05 
1.76512464442520e-01 1.07194517067770e+05 
1.76663379371579e-01 1.07128905713840e+05 
1.76813586794468e-01 1.07063820400941e+05 
1.76966799259502e-01 1.06997691376653e+05 
1.77117167349785e-01 1.06933556776931e+05 
1.77271699133550e-01 1.06870104927579e+05 
1.77420216998003e-01 1.06811893077195e+05 
1.77568609771153e-01 1.06757273112790e+05 
1.77716555781226e-01 1.06707134164366e+05 
1.77864414205911e-01 1.06661994632014e+05 
1.78011968039627e-01 1.06622811226759e+05 
1.78159466630115e-01 1.06590218341536e+05 
1.78306744860280e-01 1.06565174309651e+05 
1.78454052618317e-01 1.06546753910379e+05 
1.78601268966143e-01 1.06534719057362e+05 
1.78748713406158e-01 1.06529210352743e+05 
1.78896728261817e-01 1.06530488476698e+05 
1.79045405920726e-01 1.06538712649460e+05 
1.79195233082605e-01 1.06554155071683e+05 
1.79346054290124e-01 1.06576893100933e+05 
1.79498093262795e-01 1.06607104524570e+05 
1.79651759311414e-01 1.06644870041889e+05 
1.79805662118701e-01 1.06689875516892e+05 
1.79962928044733e-01 1.06743034179461e+05 
1.80111348274379e-01 1.06799717548047e+05 
1.80259726388178e-01 1.06862379784968e+05 
1.80407684145626e-01 1.06930615307352e+05 
1.80555566585460e-01 1.07004165226690e+05 
1.80703049671647e-01 1.07082560228921e+05 
1.80850519684770e-01 1.07165530937343e+05 
1.80997915580273e-01 1.07252693899244e+05 
1.81145627629832e-01 1.07343777375867e+05 
1.81293785503444e-01 1.07438474003488e+05 
1.81442408891532e-01 1.07536284171526e+05 
1.81591853154619e-01 1.07637008202933e+05 
1.81741973166162e-01 1.07739963288646e+05 
1.81893245871524e-01 1.07844976064804e+05 
1.82045287506993e-01 1.07951174156024e+05 
1.82198853134669e-01 1.08058537224141e+05 
1.82353284628992e-01 1.08165936947072e+05 
1.82509815624409e-01 1.08273623466149e+05 
1.82667601542896e-01 1.08380296113549e+05 
1.82828185919000e-01 1.08486324312506e+05 
1.82990638906774e-01 1.08590303615616e+05 
1.83155884956339e-01 1.08692079325749e+05 
1.83323650028638e-01 1.08790625531823e+05 
1.83473213212496e-01 1.08873961320687e+05 
1.83622904625802e-01 1.08952695984110e+05 
1.83772478755175e-01 1.09026392117998e+05 
1.83921886075899e-01 1.09094740251507e+05 
1.84071255891696e-01 1.09157607863079e+05 
1.84220650724537e-01 1.09214818918740e+05 
1.84370339152642e-01 1.09266421870792e+05 
1.84520196382325e-01 1.09312231340643e+05 
1.84670632031417e-01 1.09352315534474e+05 
1.84821421719398e-01 1.09386604968194e+05 
1.84973009621398e-01 1.09415191316039e+05 
1.85125335674375e-01 1.09438121680281e+05 
1.85278683297398e-01 1.09455529943796e+05 
1.85433056736062e-01 1.09467573154057e+05 
1.85588612729019e-01 1.09474390994266e+05 
1.85745402882889e-01 1.09476293962520e+05 
1.85902629824347e-01 1.09473516040737e+05 
1.86061275413830e-01 1.09466399938569e+05 
1.86218719443249e-01 1.09455416582052e+05 
1.86377654193443e-01 1.09440813827648e+05 
1.86534835467503e-01 1.09423247397352e+05 
1.86694092060863e-01 1.09402822138913e+05 
1.86852037698116e-01 1.09380329979212e+05 
1.87011662871957e-01 1.09355776326452e+05 
1.87169898531632e-01 1.09329861238302e+05 
1.87329930194809e-01 1.09302430065301e+05 
1.87488489318706e-01 1.09274201833624e+05 
1.87648980912097e-01 1.09244806827691e+05 
1.87807904525432e-01 1.09214996457300e+05 
1.87968652426092e-01 1.09184791112598e+05 
1.88120199145025e-01 1.09155941366945e+05 
1.88271957154772e-01 1.09126588102745e+05 
1.88423719512813e-01 1.09096605835139e+05 
1.88575639800385e-01 1.09065905685746e+05 
1.88727489715316e-01 1.09034442062212e+05 
1.88879441027059e-01 1.09002225272417e+05 
1.89031966413308e-01 1.08969253000883e+05 
1.89185528002996e-01 1.08935230478321e+05 
1.89341238014511e-01 1.08899977781746e+05 
1.89499146194635e-01 1.08863211450422e+05 
1.89659452161918e-01 1.08827573260711e+05 
1.89822750392056e-01 1.08789019716747e+05 
1.89983437996523e-01 1.08748184421036e+05 
1.90147368134538e-01 1.08705060920248e+05 
1.90308537375336e-01 1.08660667484256e+05 
1.90473130055385e-01 1.08614583913900e+05 
1.90634769019313e-01 1.08567229436980e+05 
1.90800034609659e-01 1.08517597865156e+05 
1.90962151058323e-01 1.08466479803969e+05 
1.91128082078684e-01 1.08410266975425e+05 
1.91290668701158e-01 1.08355914826331e+05 
1.91457242668354e-01 1.08300141928880e+05 
1.91620286089820e-01 1.08245769873602e+05 
1.91787475728040e-01 1.08190086446601e+05 
1.91950962065336e-01 1.08133421290460e+05 
1.92118741682612e-01 1.08072559326053e+05 
1.92275333242349e-01 1.08013250995798e+05 
1.92431993914672e-01 1.07950526541967e+05 
1.92588472744261e-01 1.07883958036899e+05 
1.92744974328216e-01 1.07813132545936e+05 
1.92901260955032e-01 1.07737827900950e+05 
1.93057559171691e-01 1.07659358442048e+05 
1.93215199360836e-01 1.07577431959872e+05 
1.93374316794922e-01 1.07492342251229e+05 
1.93535532672990e-01 1.07403606339571e+05 
1.93698958512923e-01 1.07311611499750e+05 
1.93865108550024e-01 1.07215973014697e+05 
1.94034198311450e-01 1.07117023502083e+05 
1.94199158806136e-01 1.07018880032996e+05 
1.94371004735746e-01 1.06915463084164e+05 
1.94538249593878e-01 1.06813586871776e+05 
1.94711077460099e-01 1.06707525660685e+05 
1.94878796481095e-01 1.06603732376555e+05 
1.95052283358718e-01 1.06495931526414e+05 
1.95220490050706e-01 1.06390832701570e+05 
1.95394661317039e-01 1.06281836356728e+05 
1.95563377079099e-01 1.06175882752876e+05 
1.95735343646291e-01 1.06067921624495e+05 
1.95904888393720e-01 1.05961275047014e+05 
1.96077376645121e-01 1.05852997683810e+05 
1.96247172374796e-01 1.05746346982447e+05 
1.96419858017418e-01 1.05638224798498e+05 
1.96581784007190e-01 1.05536908913675e+05 
1.96743738112934e-01 1.05435981669328e+05 
1.96905518225983e-01 1.05335339919782e+05 
1.97067302278171e-01 1.05235249828664e+05 
1.97228889068118e-01 1.05135548786853e+05 
1.97390486346673e-01 1.05036502365548e+05 
1.97551893483866e-01 1.04937923434678e+05 
1.97713330671266e-01 1.04840068421037e+05 
1.97874600510219e-01 1.04742756264075e+05 
1.98035937172518e-01 1.04646247675183e+05 
1.98198297719456e-01 1.04549647571536e+05 
1.98361826542999e-01 1.04453301062211e+05 
1.98526916679994e-01 1.04356625349052e+05 
1.98693664506440e-01 1.04260023547145e+05 
1.98862347329608e-01 1.04162938567541e+05 
1.99033094956587e-01 1.04065788026726e+05 
1.99204651034558e-01 1.03968827994316e+05 
1.99379115676097e-01 1.03871386912456e+05 
1.99548620512679e-01 1.03777318426781e+05 
1.99723154067241e-01 1.03681569628191e+05 
1.99894936921560e-01 1.03587949248215e+05 
2.00069730718202e-01 1.03493760688770e+05 
2.00241766704505e-01 1.03401689219789e+05 
