# Liste des scalaires : TEMPS pmat 
0.00000000000000e+00 1.00000000000000e+05 
7.22956891292051e-05 1.00000000000000e+05 
1.39473830159776e-04 1.00000000000000e+05 
2.09658797050065e-04 1.00000000000000e+05 
2.76117114236704e-04 1.00000000000000e+05 
3.20638761908096e-04 1.00000000000000e+05 
3.55139419127646e-04 1.00000000000000e+05 
3.84466703006928e-04 1.00000000000000e+05 
4.10882456555332e-04 1.00000000000000e+05 
4.35440253196311e-04 1.00000000000000e+05 
4.62453829501387e-04 1.00000000000000e+05 
4.92168763436971e-04 1.00000000000000e+05 
5.24855190766114e-04 1.00000000000000e+05 
5.60810260828171e-04 1.00000000000000e+05 
6.00360837896433e-04 1.00000000000000e+05 
6.43866472671522e-04 1.00000000000000e+05 
6.91722670924120e-04 1.00000000000000e+05 
7.44364489001977e-04 1.00000000000000e+05 
8.02270488887621e-04 1.00000000000000e+05 
8.65967088761828e-04 1.00000000000000e+05 
9.36033348623457e-04 1.00000000000000e+05 
1.01310623447125e-03 1.00000000000000e+05 
1.09788640890382e-03 1.00000000000000e+05 
1.19114460077965e-03 1.00000000000000e+05 
1.28874595967994e-03 1.00000000000000e+05 
1.39427742078086e-03 1.00000000000000e+05 
1.50221628787619e-03 1.00000000000000e+05 
1.61553425737476e-03 1.00000000000000e+05 
1.73457348070821e-03 1.00000000000000e+05 
1.85733677968609e-03 1.00000000000000e+05 
1.98616223838865e-03 1.00000000000000e+05 
2.11872938704617e-03 1.00000000000000e+05 
2.25541689819647e-03 1.00000000000000e+05 
2.39772133018654e-03 1.00000000000000e+05 
2.54485627309066e-03 1.00000000000000e+05 
2.69657390129166e-03 1.00000000000000e+05 
2.85238267869129e-03 1.00000000000000e+05 
3.01245336051981e-03 1.00000000000000e+05 
3.17812497446037e-03 1.00000000000000e+05 
3.34903914085853e-03 1.00000000000000e+05 
3.52550659026212e-03 1.00000000000000e+05 
3.70726992321275e-03 1.00000000000000e+05 
3.89587589613476e-03 1.00000000000000e+05 
4.08975108537060e-03 1.00000000000000e+05 
4.28959471140091e-03 1.00000000000000e+05 
4.49516060408285e-03 1.00000000000000e+05 
4.70839016598614e-03 1.00000000000000e+05 
4.92856382960851e-03 1.00000000000000e+05 
5.15483884145607e-03 1.00000000000000e+05 
5.38810296190352e-03 1.00000000000000e+05 
5.62716630832330e-03 1.00000000000000e+05 
5.87020911791886e-03 1.00000000000000e+05 
6.12048301668505e-03 1.00000000000000e+05 
6.37286594506069e-03 1.00000000000000e+05 
6.63255281659974e-03 1.00000000000000e+05 
6.89402258475325e-03 1.00000000000000e+05 
7.16407888326751e-03 1.00000000000000e+05 
7.43688359573904e-03 1.00000000000000e+05 
7.71399396444223e-03 1.00000000000000e+05 
7.99382024823077e-03 1.00000000000000e+05 
8.27676476722484e-03 1.00000000000000e+05 
8.55486963386200e-03 1.00000000000000e+05 
8.82693129547376e-03 1.00000000000000e+05 
9.09434750872757e-03 1.00000000000000e+05 
9.35796728729889e-03 1.00000000000000e+05 
9.61825112526091e-03 1.00000000000000e+05 
9.87453747960465e-03 1.00000000000000e+05 
1.01275300069080e-02 1.00000000000000e+05 
1.03780178222387e-02 1.00000000000000e+05 
1.06259874053991e-02 1.00000000000000e+05 
1.08548891345206e-02 1.00000000000000e+05 
1.10599867789422e-02 1.00000000000000e+05 
1.12527348144309e-02 1.00000000000000e+05 
1.14375962437685e-02 1.00000000000000e+05 
1.16159957822377e-02 1.00000000000000e+05 
1.17893316208762e-02 1.00000000000000e+05 
1.19584876521498e-02 1.00000000000000e+05 
1.21238489696772e-02 1.00000000000000e+05 
1.22865157304660e-02 1.00000000000000e+05 
1.24466888546473e-02 1.00000000000000e+05 
1.26054297093015e-02 1.00000000000000e+05 
1.27630236395760e-02 1.00000000000000e+05 
1.29204957092333e-02 1.00000000000000e+05 
1.30780254671683e-02 1.00000000000000e+05 
1.32361335876751e-02 1.00000000000000e+05 
1.33950334243574e-02 1.00000000000000e+05 
1.35551339919880e-02 1.00000000000000e+05 
1.37172368395253e-02 1.00000000000000e+05 
1.38813730175317e-02 1.00000000000000e+05 
1.40483177620451e-02 1.00000000000000e+05 
1.42179869462923e-02 1.00000000000000e+05 
1.43909813431323e-02 1.00000000000000e+05 
1.45670956338611e-02 1.00000000000000e+05 
1.47467695917640e-02 1.00000000000000e+05 
1.49296529999437e-02 1.00000000000000e+05 
1.51160477221961e-02 1.00000000000000e+05 
1.53054658971846e-02 1.00000000000000e+05 
1.54981082862664e-02 1.00000000000000e+05 
1.56933785395170e-02 1.00000000000000e+05 
1.58914185032727e-02 1.00000000000000e+05 
1.60915649979669e-02 1.00000000000000e+05 
1.62939437890474e-02 1.00000000000000e+05 
1.64978609231466e-02 1.00000000000000e+05 
1.67034593071362e-02 1.00000000000000e+05 
1.69100420102361e-02 1.00000000000000e+05 
1.71178025887772e-02 1.00000000000000e+05 
1.73260739523663e-02 1.00000000000000e+05 
1.75351204834605e-02 1.00000000000000e+05 
1.77443316343610e-02 1.00000000000000e+05 
1.79539694659163e-02 1.00000000000000e+05 
1.81636508533931e-02 1.00000000000000e+05 
1.83735765478767e-02 1.00000000000000e+05 
1.85834747769429e-02 1.00000000000000e+05 
1.87935892258404e-02 1.00000000000000e+05 
1.90035887772413e-02 1.00000000000000e+05 
1.92137939046734e-02 1.00000000000000e+05 
1.94238774557596e-02 1.00000000000000e+05 
1.96341801678517e-02 1.00000000000000e+05 
1.98443921367202e-02 1.00000000000000e+05 
2.00548711085092e-02 1.00000000000000e+05 
2.02652936261258e-02 1.00000000000000e+05 
2.04760387762173e-02 1.00000000000000e+05 
2.06867558159282e-02 1.00000000000000e+05 
2.08978224074824e-02 1.00000000000000e+05 
2.11088899121477e-02 1.00000000000000e+05 
2.13203114603567e-02 1.00000000000000e+05 
2.15317504115775e-02 1.00000000000000e+05 
2.17435317263979e-02 1.00000000000000e+05 
2.19553317784822e-02 1.00000000000000e+05 
2.21674468237500e-02 1.00000000000000e+05 
2.23795625201374e-02 1.00000000000000e+05 
2.25919445708497e-02 1.00000000000000e+05 
2.28042829438106e-02 1.00000000000000e+05 
2.30168182438273e-02 1.00000000000000e+05 
2.32292493688573e-02 1.00000000000000e+05 
2.34418102450270e-02 1.00000000000000e+05 
2.36542243160334e-02 1.00000000000000e+05 
2.38667330032817e-02 1.00000000000000e+05 
2.40790863969460e-02 1.00000000000000e+05 
2.42915318795649e-02 1.00000000000000e+05 
2.45038427878572e-02 1.00000000000000e+05 
2.47162749974888e-02 1.00000000000000e+05 
2.49286269391974e-02 1.00000000000000e+05 
2.51411646814150e-02 1.00000000000000e+05 
2.53537074435929e-02 1.00000000000000e+05 
2.55665210906547e-02 1.00000000000000e+05 
2.57794359193763e-02 1.00000000000000e+05 
2.59927091855964e-02 1.00000000000000e+05 
2.62061783668819e-02 1.00000000000000e+05 
2.64200891045110e-02 1.00000000000000e+05 
2.66342867849980e-02 1.00000000000000e+05 
2.68490018139231e-02 1.00000000000000e+05 
2.70640867014416e-02 1.00000000000000e+05 
2.72797535074268e-02 1.00000000000000e+05 
2.74958609229293e-02 1.00000000000000e+05 
2.77126035351322e-02 1.00000000000000e+05 
2.79298478082993e-02 1.00000000000000e+05 
2.81477745670208e-02 1.00000000000000e+05 
2.83662489480176e-02 1.00000000000000e+05 
2.85854254148425e-02 1.00000000000000e+05 
2.88051590229626e-02 1.00000000000000e+05 
2.90255800466993e-02 1.00000000000000e+05 
2.92465437399739e-02 1.00000000000000e+05 
2.94681658154659e-02 1.00000000000000e+05 
2.96903076181119e-02 1.00000000000000e+05 
2.99130745632339e-02 1.00000000000000e+05 
3.01363344239233e-02 1.00000000000000e+05 
3.03601828595402e-02 1.00000000000000e+05 
3.05844949809801e-02 1.00000000000000e+05 
3.08093561058467e-02 1.00000000000000e+05 
3.10346487111259e-02 1.00000000000000e+05 
3.12604438017935e-02 1.00000000000000e+05 
3.14866288708262e-02 1.00000000000000e+05 
3.17132558667450e-02 1.00000000000000e+05 
3.19402193619967e-02 1.00000000000000e+05 
3.21675471137427e-02 1.00000000000000e+05 
3.23951502020640e-02 1.00000000000000e+05 
3.26230156248837e-02 1.00000000000000e+05 
3.28510913695669e-02 1.00000000000000e+05 
3.30792763053179e-02 1.00000000000000e+05 
3.33076044484105e-02 1.00000000000000e+05 
3.35358056666530e-02 1.00000000000000e+05 
3.37636336242710e-02 1.00000000000000e+05 
3.39880176512163e-02 1.00000000000000e+05 
3.42087751640954e-02 1.00000000000000e+05 
3.44248244742437e-02 1.00000000000000e+05 
3.46368811735381e-02 1.00000000000000e+05 
3.48450189417822e-02 1.00000000000000e+05 
3.50503333481814e-02 1.00000000000000e+05 
3.52516381484086e-02 1.00000000000000e+05 
3.54503183004907e-02 1.00000000000000e+05 
3.56469095554426e-02 1.00000000000000e+05 
3.58426569580770e-02 1.00000000000000e+05 
3.60380741927749e-02 1.00000000000000e+05 
3.62340992809718e-02 1.00000000000000e+05 
3.64311159502025e-02 1.00000000000000e+05 
3.66297983556054e-02 1.00000000000000e+05 
3.68299994173779e-02 1.00000000000000e+05 
3.70305085514935e-02 1.00000000000000e+05 
3.72317553973178e-02 1.00000000000000e+05 
3.74340912526917e-02 1.00000000000000e+05 
3.76370819608416e-02 1.00000000000000e+05 
3.78408358136532e-02 1.00000000000000e+05 
3.80454793944523e-02 1.00000000000000e+05 
3.82512566011933e-02 1.00000000000000e+05 
3.84582663579474e-02 1.00000000000000e+05 
3.86666716119657e-02 1.00000000000000e+05 
3.88764518137183e-02 1.00000000000000e+05 
3.90875836389016e-02 1.00000000000000e+05 
3.93001602503529e-02 1.00000000000000e+05 
3.95142372537442e-02 1.00176692430513e+05 
3.97299111164601e-02 1.01660427470948e+05 
3.99471986565766e-02 1.05353225988927e+05 
4.01661743280724e-02 1.12081993003967e+05 
4.03868306844218e-02 1.22498922625901e+05 
4.06089139214422e-02 1.35876293083167e+05 
4.08316564705775e-02 1.50400067822028e+05 
4.10545736342071e-02 1.65629924555992e+05 
4.12776770004666e-02 1.80019603393800e+05 
4.15011057434026e-02 1.90040092917515e+05 
4.17249323281876e-02 1.96520979537863e+05 
4.19492938627174e-02 1.98826008195161e+05 
4.21742757021394e-02 1.98550834656297e+05 
4.24000315409478e-02 1.97790283812564e+05 
4.26266317855683e-02 1.96605509240442e+05 
4.28542060277004e-02 1.94941537037825e+05 
4.30827831951183e-02 1.92665719811016e+05 
4.33124480653200e-02 1.90095096199433e+05 
4.35432061865187e-02 1.87379362968521e+05 
4.37751141691476e-02 1.84613203650152e+05 
4.40081605155497e-02 1.81909967173476e+05 
4.42423905026762e-02 1.79367796967826e+05 
4.44777724082094e-02 1.77037217613091e+05 
4.47143189400642e-02 1.74935859113355e+05 
4.49510908462781e-02 1.73066150317617e+05 
4.51882058049338e-02 1.71396790911967e+05 
4.54256557662098e-02 1.69893898203465e+05 
4.56635770273086e-02 1.68509761401170e+05 
4.59019870871936e-02 1.67213333633325e+05 
4.61410234444115e-02 1.65965193527040e+05 
4.63806991462678e-02 1.64741324252238e+05 
4.66211258180278e-02 1.63519550341693e+05 
4.68623362959026e-02 1.62280664190961e+05 
4.71044365235034e-02 1.61023394335348e+05 
4.73474768559160e-02 1.59746963424247e+05 
4.75915450971337e-02 1.58452532188012e+05 
4.78367016674273e-02 1.57129967613722e+05 
4.80830158339812e-02 1.55812749613863e+05 
4.83305373966155e-02 1.54498883409512e+05 
4.85793472657573e-02 1.53191958186899e+05 
4.88295209749995e-02 1.51893883991073e+05 
4.90810823480739e-02 1.50624892222997e+05 
4.93338107562383e-02 1.49358907734197e+05 
4.95877253053015e-02 1.48100399456620e+05 
4.98429345408606e-02 1.46900853537587e+05 
5.00994264349882e-02 1.45831790066307e+05 
5.03572881205079e-02 1.44938691351842e+05 
5.06164860042653e-02 1.44278839950711e+05 
5.08770789731398e-02 1.43870492155278e+05 
5.11390337414302e-02 1.43681901646602e+05 
5.14023600889531e-02 1.43676722098131e+05 
5.16669948294742e-02 1.43830279042220e+05 
5.19329192887044e-02 1.44126868209778e+05 
5.22000565716501e-02 1.44501289030632e+05 
5.24683737177487e-02 1.44945729222763e+05 
5.27378027572660e-02 1.45354765823931e+05 
5.30082941825398e-02 1.45674922124147e+05 
5.32797996279563e-02 1.45870571164387e+05 
5.35522358867565e-02 1.45968694109502e+05 
5.38255809087204e-02 1.45917297420276e+05 
5.40998053448468e-02 1.45674346972363e+05 
5.43748803690965e-02 1.45249908283478e+05 
5.46508116347662e-02 1.44665696421555e+05 
5.49275565938109e-02 1.43921086665342e+05 
5.52050989177672e-02 1.43067857334039e+05 
5.54833604153070e-02 1.42135890117793e+05 
5.57623452989869e-02 1.41139001733096e+05 
5.60419620866380e-02 1.40113840152778e+05 
5.63222901662409e-02 1.39078764132735e+05 
5.66031947803109e-02 1.38064877627028e+05 
5.68847972181628e-02 1.37093071900404e+05 
5.71669198313916e-02 1.36192057766382e+05 
5.74497040113877e-02 1.35363817491730e+05 
5.77329552973822e-02 1.34628467582367e+05 
5.80168166606250e-02 1.33999313388706e+05 
5.83010773356605e-02 1.33477578918894e+05 
5.85859138330623e-02 1.33071476053469e+05 
5.88710734386278e-02 1.32764862901816e+05 
5.91567821513202e-02 1.32540101117143e+05 
5.94427486376925e-02 1.32377098650951e+05 
5.97292719660209e-02 1.32252390510074e+05 
6.00160387100573e-02 1.32136741904474e+05 
6.03034145662347e-02 1.32008005561807e+05 
6.05905638978975e-02 1.31838892667947e+05 
6.08777796315710e-02 1.31609534027822e+05 
6.11646344930215e-02 1.31311856650285e+05 
6.14515522578048e-02 1.30927724351875e+05 
6.17381012763053e-02 1.30448596735065e+05 
6.20247037235945e-02 1.29917109086515e+05 
6.23109413082095e-02 1.29267427329073e+05 
6.25972264787506e-02 1.28556112745435e+05 
6.28831868765507e-02 1.27785913320443e+05 
6.31692162866145e-02 1.26954487227175e+05 
6.34549066872273e-02 1.26116317981803e+05 
6.37406426904377e-02 1.25273634365576e+05 
6.40260305470359e-02 1.24454788330211e+05 
6.43114531305191e-02 1.23636083593251e+05 
6.45965772195968e-02 1.22831374922606e+05 
6.48817360864424e-02 1.22038851040158e+05 
6.51666434179512e-02 1.21260178740416e+05 
6.54515955464964e-02 1.20495260411752e+05 
6.57363635150857e-02 1.19745417576261e+05 
6.60211968661979e-02 1.19011691594180e+05 
6.63059035775243e-02 1.18293458551288e+05 
6.65906960769857e-02 1.17590697189960e+05 
6.68754088309676e-02 1.16900574948910e+05 
6.71602266299526e-02 1.16224940777303e+05 
6.74450146401112e-02 1.15560312204484e+05 
6.77299359285221e-02 1.14907175380151e+05 
6.80147592249856e-02 1.14264032561071e+05 
6.82995879314694e-02 1.13628779712959e+05 
6.85843040011251e-02 1.13000789706427e+05 
6.88690103098051e-02 1.12377395488587e+05 
6.91536492830911e-02 1.11757298230656e+05 
6.94383182573431e-02 1.11141426526570e+05 
6.97229594137106e-02 1.10525197391418e+05 
7.00076628330146e-02 1.09913616220313e+05 
7.02923462185899e-02 1.09302749892125e+05 
7.05771057956937e-02 1.08698748163498e+05 
7.08618289528648e-02 1.08100514163518e+05 
7.11466571687683e-02 1.07515825708751e+05 
7.14313813622520e-02 1.06942956229561e+05 
7.17162372565226e-02 1.06396660616064e+05 
7.20010559446508e-02 1.05875624023167e+05 
7.22860374528119e-02 1.05389633609937e+05 
7.25708735472706e-02 1.04947149745413e+05 
7.28560811655219e-02 1.04565704686238e+05 
7.31409431062024e-02 1.04203787382761e+05 
7.34261982773169e-02 1.03942186240379e+05 
7.37110917883084e-02 1.03739890538245e+05 
7.39963987578447e-02 1.03611016182993e+05 
7.42813658733380e-02 1.03551045893775e+05 
7.45667908605838e-02 1.03507165109461e+05 
7.48518627115873e-02 1.03500753897828e+05 
7.51373836142476e-02 1.03541532142779e+05 
7.54225036192705e-02 1.03627116918044e+05 
7.57080166351724e-02 1.03785604044339e+05 
7.59931499113839e-02 1.03988842250743e+05 
7.62787238884273e-02 1.04227758656232e+05 
7.65639264348271e-02 1.04492541349965e+05 
7.68495034736896e-02 1.04762524738318e+05 
7.71346758140790e-02 1.05009055787433e+05 
7.74201833204295e-02 1.05255314391238e+05 
7.77053109384905e-02 1.05442052304161e+05 
7.79907716733900e-02 1.05578289511426e+05 
7.82759226116712e-02 1.05673007453638e+05 
7.85615050125417e-02 1.05713136661944e+05 
7.88468968155370e-02 1.05753885150281e+05 
7.91328270165569e-02 1.05772778957798e+05 
7.94186665051894e-02 1.05747376398825e+05 
7.97049703818069e-02 1.05662683029677e+05 
7.99911246779820e-02 1.05513254018414e+05 
8.02777286103021e-02 1.05309288513136e+05 
8.05641756912897e-02 1.05057079816196e+05 
8.08511473158175e-02 1.04759955889630e+05 
8.11380019184219e-02 1.04431034516536e+05 
8.14253781659358e-02 1.04076170004275e+05 
8.17127034419391e-02 1.03703659834708e+05 
8.20005270037669e-02 1.03321114805342e+05 
8.22883017336772e-02 1.02933958053454e+05 
8.25765583387637e-02 1.02548384485985e+05 
8.28648293219955e-02 1.02167504369385e+05 
8.31535868992157e-02 1.01801302671199e+05 
8.34424523201046e-02 1.01446770128239e+05 
8.37319388077020e-02 1.01113441323385e+05 
8.40216868745485e-02 1.00797410914903e+05 
8.43120685616329e-02 1.00497231115765e+05 
8.46023428085891e-02 1.00218057522616e+05 
8.48930501311313e-02 9.99540757220772e+04 
8.51834499182672e-02 9.96990481598751e+04 
8.54742535838738e-02 9.94765963255217e+04 
8.57647528510875e-02 9.92695697164119e+04 
8.60557265341038e-02 9.90853389407746e+04 
8.63464141946708e-02 9.89544008581605e+04 
8.66376775075887e-02 9.88677688108076e+04 
8.69288033619369e-02 9.88623029285924e+04 
8.72206557494374e-02 9.88603372004601e+04 
8.75124762639005e-02 9.88776839944190e+04 
8.78050553399820e-02 9.95351276970510e+04 
8.80976227954363e-02 1.01190871908153e+05 
8.83909265315832e-02 1.04249953002138e+05 
8.86842383532147e-02 1.08756426392790e+05 
8.89776288449448e-02 1.14316959875409e+05 
8.92712192851267e-02 1.20693445967263e+05 
8.95644666132184e-02 1.26965410511495e+05 
8.98579040931696e-02 1.33059309025165e+05 
9.01509928652613e-02 1.37840383428191e+05 
9.04440553560284e-02 1.40905935103149e+05 
9.07368181141086e-02 1.42510036393569e+05 
9.10295033714900e-02 1.42521051060449e+05 
9.13218833148750e-02 1.42535386128054e+05 
9.16141785621418e-02 1.42361441814836e+05 
9.19061645843238e-02 1.42013242696496e+05 
9.21980636213560e-02 1.41383032296888e+05 
9.24896573112343e-02 1.40582697803281e+05 
9.27811855477250e-02 1.39679645546119e+05 
9.30724195091854e-02 1.38737201024137e+05 
9.33633815292452e-02 1.37783249560784e+05 
9.36541144735874e-02 1.36869021074607e+05 
9.39448264784872e-02 1.35999339096519e+05 
9.42353248154846e-02 1.35197425319249e+05 
9.45257901089089e-02 1.34467434064286e+05 
9.48161116315658e-02 1.33795288929843e+05 
9.51064439849315e-02 1.33175431231008e+05 
9.53968112188824e-02 1.32648838544049e+05 
9.56874155915564e-02 1.32221576207741e+05 
9.59783689126968e-02 1.31913433489240e+05 
9.62697541096850e-02 1.31681761463108e+05 
9.65614808615351e-02 1.31524935692805e+05 
9.68534398986013e-02 1.31416570575293e+05 
9.71452728817168e-02 1.31341867349706e+05 
9.74366864420888e-02 1.31309023856853e+05 
9.77271898668788e-02 1.31281619134546e+05 
9.80174194748537e-02 1.31249889281393e+05 
9.83071428561151e-02 1.31196342683529e+05 
9.85966679958852e-02 1.31085659381681e+05 
9.88858976774518e-02 1.30917461120296e+05 
9.91750322879514e-02 1.30684186877123e+05 
9.94641240030969e-02 1.30391355286628e+05 
9.97533178939806e-02 1.30039151926580e+05 
1.00042564436916e-01 1.29613742014168e+05 
1.00331980130123e-01 1.29133162617518e+05 
1.00621445322671e-01 1.28599362798525e+05 
1.00911076775489e-01 1.28016242785269e+05 
1.01200729225049e-01 1.27397631947525e+05 
1.01490526560993e-01 1.26750139422179e+05 
1.01780310818698e-01 1.26079587598931e+05 
1.02070208673324e-01 1.25373327524095e+05 
1.02360057887786e-01 1.24671591282296e+05 
1.02649993061717e-01 1.23964576269555e+05 
1.02939864223708e-01 1.23250264591206e+05 
1.03229826496888e-01 1.22535788493552e+05 
1.03519681853984e-01 1.21819566739204e+05 
1.03809493237274e-01 1.21102225217877e+05 
1.04099186514822e-01 1.20385597234115e+05 
1.04388990682492e-01 1.19669251618276e+05 
1.04678585101513e-01 1.18956946976734e+05 
1.04968196855306e-01 1.18246726713053e+05 
1.05257626026538e-01 1.17540663118712e+05 
1.05547027807255e-01 1.16838359303700e+05 
1.05836261906008e-01 1.16143877629812e+05 
1.06125458785235e-01 1.15451277006299e+05 
1.06414526959526e-01 1.14765910553014e+05 
1.06703529781926e-01 1.14081742881790e+05 
1.06992425174267e-01 1.13405300635346e+05 
1.07281229847461e-01 1.12730977922436e+05 
1.07569913650135e-01 1.12065851521937e+05 
1.07858485476071e-01 1.11404451071428e+05 
1.08146916702760e-01 1.10754149992728e+05 
1.08435219449766e-01 1.10112105616104e+05 
1.08723375229201e-01 1.09479957526133e+05 
1.09011402526171e-01 1.08856108962550e+05 
1.09299280997474e-01 1.08242145958681e+05 
1.09587043289044e-01 1.07637001967418e+05 
1.09874645736986e-01 1.07042825765036e+05 
1.10161617210168e-01 1.06459113728936e+05 
1.10448795567479e-01 1.05888455659080e+05 
1.10735408126703e-01 1.05330691403198e+05 
1.11022007514238e-01 1.04789625904474e+05 
1.11308133121005e-01 1.04263323775828e+05 
1.11594204322169e-01 1.03757648519766e+05 
1.11879823079365e-01 1.03269187290587e+05 
1.12165358023486e-01 1.02804345739305e+05 
1.12450437610411e-01 1.02359182541323e+05 
1.12735412316200e-01 1.01938692476266e+05 
1.13019934276541e-01 1.01538790783667e+05 
1.13304350012128e-01 1.01162209588002e+05 
1.13588340838900e-01 1.00805036729344e+05 
1.13872248763323e-01 1.00469308913253e+05 
1.14155853905503e-01 1.00151121731747e+05 
1.14439360311316e-01 9.98503531600947e+04 
1.14722628349448e-01 9.95623821874682e+04 
1.15005880682235e-01 9.92863073094928e+04 
1.15288976223754e-01 9.90175540341845e+04 
1.15572148678585e-01 9.87550336566541e+04 
1.15855238150073e-01 9.84943203429711e+04 
1.16138499551772e-01 9.82341110985156e+04 
1.16421744537549e-01 9.79698944657132e+04 
1.16705280681930e-01 9.77010468241702e+04 
1.16988676835705e-01 9.74234482247161e+04 
1.17272280823353e-01 9.71372171289402e+04 
1.17556014628673e-01 9.68389514728884e+04 
1.17839793077944e-01 9.65300530860127e+04 
1.18123472758767e-01 9.62081850736437e+04 
1.18407164870195e-01 9.58759691520337e+04 
1.18690890454730e-01 9.55309807861112e+04 
1.18974723718586e-01 9.51765122051212e+04 
1.19258709566557e-01 9.48108832820898e+04 
1.19542830942054e-01 9.44381344453981e+04 
1.19827266061954e-01 9.40567585687058e+04 
1.20111808432777e-01 9.36699405801951e+04 
1.20396774905689e-01 9.32796706156354e+04 
1.20681797131298e-01 9.28903139138323e+04 
1.20967385574910e-01 9.24980065178426e+04 
1.21252928416877e-01 9.21118824595165e+04 
1.21539049316750e-01 9.17244631586323e+04 
1.21825044986221e-01 9.13445727230477e+04 
1.22111682433773e-01 9.09645292124518e+04 
1.22398120918945e-01 9.05903014836287e+04 
1.22684896926990e-01 9.02204898168267e+04 
1.22971077399353e-01 8.98579790706266e+04 
1.23257504052655e-01 8.95001572891522e+04 
1.23543349073265e-01 8.91503671203759e+04 
1.23829740910986e-01 8.88050332995513e+04 
1.24115853916080e-01 8.84672862609270e+04 
1.24402781785606e-01 8.81332933847748e+04 
1.24689543212340e-01 8.78063529972056e+04 
1.24977097571302e-01 8.74825603199134e+04 
1.25264448864606e-01 8.71653243069955e+04 
1.25552497908433e-01 8.68506566285805e+04 
1.25840542542775e-01 8.65418753246796e+04 
1.26129265307889e-01 8.62350976084048e+04 
1.26417889079285e-01 8.59339697617375e+04 
1.26707103587610e-01 8.56349687224036e+04 
1.26996180526819e-01 8.53414987356455e+04 
1.27285804907506e-01 8.50502355700354e+04 
1.27575276245246e-01 8.47644236063714e+04 
1.27865315599293e-01 8.44807377992862e+04 
1.28155201962594e-01 8.42022143283517e+04 
1.28445606400054e-01 8.39255547577697e+04 
1.28735766235765e-01 8.36537395018507e+04 
1.29026286055691e-01 8.33832225392706e+04 
1.29316447242832e-01 8.31175931169566e+04 
1.29606957552440e-01 8.28531663554327e+04 
1.29897625140437e-01 8.25932033647135e+04 
1.30188458403598e-01 8.23347967965282e+04 
1.30479740932340e-01 8.20809920263445e+04 
1.30770908723529e-01 8.18294862442884e+04 
1.31062333019353e-01 8.15832342272457e+04 
1.31353595960677e-01 8.13398817974483e+04 
1.31645084486298e-01 8.11021543544638e+04 
1.31936442101781e-01 8.08676020408431e+04 
1.32227998166859e-01 8.06388721993992e+04 
1.32519444951629e-01 8.04133716707079e+04 
1.32811070030497e-01 8.01934808474411e+04 
1.33102598388569e-01 7.99764970396964e+04 
1.33394295914291e-01 7.97645339258337e+04 
1.33685900739528e-01 7.95549269221400e+04 
1.33977669987474e-01 7.93497629814034e+04 
1.34269319344181e-01 7.91465512528807e+04 
1.34561165196953e-01 7.89472933585431e+04 
1.34852822713182e-01 7.87496779111575e+04 
1.35144737544227e-01 7.85555607229383e+04 
1.35436349675222e-01 7.83628471033931e+04 
1.35728205374537e-01 7.81732477570326e+04 
1.36019810052560e-01 7.79846630484853e+04 
1.36311643141513e-01 7.77988121110574e+04 
1.36603290304015e-01 7.76135669011839e+04 
1.36895148455870e-01 7.74306772485247e+04 
1.37186870505718e-01 7.72480343188710e+04 
1.37478779356696e-01 7.70674126832557e+04 
1.37770587138494e-01 7.68867576622813e+04 
1.38062563535258e-01 7.67077893593334e+04 
1.38354472186253e-01 7.65285224838400e+04 
1.38646535250925e-01 7.63506916482780e+04 
1.38938550890995e-01 7.61724147335295e+04 
1.39230709276929e-01 7.59953877639138e+04 
1.39522842740062e-01 7.58178352607409e+04 
1.39815098439369e-01 7.56413578406360e+04 
1.40107353244025e-01 7.54643925130554e+04 
1.40399714955588e-01 7.52882805209510e+04 
1.40692092337864e-01 7.51117714559645e+04 
1.40984464245940e-01 7.49361564130681e+04 
1.41276859800257e-01 7.47601197959472e+04 
1.41569158105922e-01 7.45850299896966e+04 
1.41861486739066e-01 7.44094879483444e+04 
1.42153690693525e-01 7.42349011071063e+04 
1.42445934625762e-01 7.40598878140665e+04 
1.42738025501379e-01 7.38858856982430e+04 
1.43030147690554e-01 7.37115443837690e+04 
1.43322143631182e-01 7.35381848412892e+04 
1.43614173224673e-01 7.33644836913170e+04 
1.43906105929496e-01 7.31916350566149e+04 
1.44198078574720e-01 7.30183592050306e+04 
1.44489981835503e-01 7.28456997478810e+04 
1.44781935267543e-01 7.26725264499265e+04 
1.45073857447922e-01 7.24997848498470e+04 
1.45365862660363e-01 7.23264945548337e+04 
1.45657889475711e-01 7.21536042948125e+04 
1.45949995543052e-01 7.19802892008179e+04 
1.46242135415118e-01 7.18075698925402e+04 
1.46534347377076e-01 7.16345439136968e+04 
1.46826612311076e-01 7.14621315857450e+04 
1.47118953122109e-01 7.12898557622269e+04 
1.47411365250620e-01 7.11186034524821e+04 
1.47703855401950e-01 7.09479608994860e+04 
1.47996425816413e-01 7.07786761528002e+04 
1.48289074840618e-01 7.06106583651318e+04 
1.48581804591830e-01 7.04451960616303e+04 
1.48874612261517e-01 7.02814685806161e+04 
1.49167496900945e-01 7.01200737830762e+04 
1.49460458733041e-01 6.99617138881151e+04 
1.49753491395736e-01 6.98074592612844e+04 
1.50046600224248e-01 6.96571603276741e+04 
1.50339772419708e-01 6.95091096125891e+04 
1.50633019987833e-01 6.93644520743403e+04 
1.50926323319666e-01 6.92260800046390e+04 
1.51219636253834e-01 6.90941584788892e+04 
1.51513064037632e-01 6.89698590107515e+04 
1.51806460505333e-01 6.88517396206078e+04 
1.52100007179211e-01 6.87404819123430e+04 
1.52393066788673e-01 6.86233651020304e+04 
1.52686737072444e-01 6.85182860574174e+04 
1.52980389054896e-01 6.84274850310278e+04 
1.53274183070060e-01 6.83430921148943e+04 
1.53567821289777e-01 6.82664105489634e+04 
1.53861582994872e-01 6.81925079601869e+04 
1.54155057863246e-01 6.81266895998602e+04 
1.54448617533041e-01 6.80652810942647e+04 
1.54743014674011e-01 6.80235511318376e+04 
1.55037503891945e-01 6.79817164029289e+04 
1.55331635582133e-01 6.79315669245433e+04 
1.55625517841944e-01 6.78839299504842e+04 
1.55918804257588e-01 6.78340191439471e+04 
1.56211011620511e-01 6.77975158470730e+04 
1.56502796790141e-01 6.77741516798960e+04 
1.56794047596706e-01 6.77641833665931e+04 
1.57085173087735e-01 6.77672913855216e+04 
1.57376073637389e-01 6.77842616078103e+04 
1.57667022738497e-01 6.78250034757702e+04 
1.57957941887812e-01 6.78861736041500e+04 
1.58249059013778e-01 6.79624962774091e+04 
1.58540278511800e-01 6.80555125041044e+04 
1.58831798099256e-01 6.81666942572664e+04 
1.59123517091212e-01 6.83037383121458e+04 
1.59415200212581e-01 6.84672315024752e+04 
1.59706588902207e-01 6.86630938570296e+04 
1.59997431095139e-01 6.88901323966830e+04 
1.60287991269129e-01 6.91695307667054e+04 
1.60578077919107e-01 6.94781708452222e+04 
1.60867929106177e-01 6.98173945422177e+04 
1.61157413722034e-01 7.01842673033832e+04 
1.61446743788765e-01 7.05784458041665e+04 
1.61736747998417e-01 7.09965770204349e+04 
1.62026615578549e-01 7.14352173633230e+04 
1.62316329060830e-01 7.18900221307176e+04 
1.62605925185306e-01 7.23535201643196e+04 
1.62895453855375e-01 7.28178963747861e+04 
1.63184946164077e-01 7.32757461602688e+04 
1.63474478200184e-01 7.37197147892324e+04 
1.63764074422632e-01 7.41426961569385e+04 
1.64056444551193e-01 7.45432354098917e+04 
1.64348480306425e-01 7.49128402942121e+04 
1.64640335735477e-01 7.52482661841407e+04 
1.64931972463817e-01 7.55474867002464e+04 
1.65222718521122e-01 7.58091619500590e+04 
1.65512727045907e-01 7.60341671809695e+04 
1.65802060233070e-01 7.62251235580927e+04 
1.66090750464637e-01 7.63856290059652e+04 
1.66378699677188e-01 7.65173911626369e+04 
1.66666008438803e-01 7.66270110613351e+04 
1.66952776373454e-01 7.67158837483862e+04 
1.67239049868260e-01 7.67911097467274e+04 
1.67525023510767e-01 7.68572616465043e+04 
1.67810619975957e-01 7.69215309755847e+04 
1.68095970639098e-01 7.69913811679409e+04 
1.68381194851287e-01 7.70715149467495e+04 
1.68665950365704e-01 7.71678094773570e+04 
1.68950673439028e-01 7.72823202181446e+04 
1.69235120647772e-01 7.74176387232958e+04 
1.69519601896905e-01 7.75741876271601e+04 
1.69803997728791e-01 7.77543945688689e+04 
1.70088443827153e-01 7.79600774953524e+04 
1.70372802759081e-01 7.81914740840532e+04 
1.70657314226783e-01 7.84473735237629e+04 
1.70941812938669e-01 7.87309720737798e+04 
1.71226388698929e-01 7.90426517829971e+04 
1.71510959220733e-01 7.93794416015496e+04 
1.71795596274755e-01 7.97364059201898e+04 
1.72080314044367e-01 8.01095970493773e+04 
1.72365212015113e-01 8.05021215750429e+04 
1.72650261394340e-01 8.09117669318529e+04 
1.72935591353764e-01 8.13342621843095e+04 
1.73221137944386e-01 8.17672782203948e+04 
1.73506959033338e-01 8.22073406017261e+04 
1.73793110142556e-01 8.26513930095544e+04 
1.74079510493507e-01 8.30964209732626e+04 
1.74366269971319e-01 8.35399111883359e+04 
1.74653242832919e-01 8.39791210755114e+04 
1.74940402070387e-01 8.44115692501963e+04 
1.75227805760024e-01 8.48356374262469e+04 
1.75515468847496e-01 8.52498640205726e+04 
1.75803405566059e-01 8.56532020916975e+04 
1.76091682238066e-01 8.60451185534982e+04 
1.76380277530609e-01 8.64251437162299e+04 
1.76669209363409e-01 8.67936799770533e+04 
1.76958416111154e-01 8.71509266125343e+04 
1.77247933132477e-01 8.74976499314400e+04 
1.77537765737971e-01 8.78354533171980e+04 
1.77827916421398e-01 8.81647921336178e+04 
1.78118431429856e-01 8.84887818553508e+04 
1.78409296605545e-01 8.88060320555720e+04 
1.78700573269471e-01 8.91172253146828e+04 
1.78992237732976e-01 8.94287377573561e+04 
1.79284349173662e-01 8.97398324722286e+04 
1.79576882264507e-01 9.00522920325963e+04 
1.79869879345609e-01 9.03664307359402e+04 
1.80163309065145e-01 9.06821702738262e+04 
1.80457203936772e-01 9.10035935925364e+04 
1.80751362221507e-01 9.13317224393097e+04 
1.81045933932169e-01 9.16692428570584e+04 
1.81340853564196e-01 9.20175170606872e+04 
1.81636188080825e-01 9.23790197840671e+04 
1.81931873545611e-01 9.27550051896084e+04 
1.82228023319209e-01 9.31479694404286e+04 
1.82524529246109e-01 9.35587037852079e+04 
1.82821507137510e-01 9.39890413509562e+04 
1.83118877154481e-01 9.44391589722710e+04 
1.83416711078599e-01 9.49096874376959e+04 
1.83714968518742e-01 9.53994778579750e+04 
1.84013530642909e-01 9.59068969878547e+04 
1.84312101825444e-01 9.64284853249575e+04 
1.84610694628291e-01 9.69603797128962e+04 
1.84909280361719e-01 9.74980384230129e+04 
1.85207871681266e-01 9.80353538087028e+04 
1.85506433476182e-01 9.85674161584987e+04 
1.85804980872337e-01 9.90859292779375e+04 
1.86103475452191e-01 9.95874523636667e+04 
1.86401937103658e-01 1.00063897729521e+05 
1.86700326392554e-01 1.00512282948776e+05 
1.86998668464007e-01 1.00919977675258e+05 
1.87296923910954e-01 1.01279944801750e+05 
1.87595122347240e-01 1.01613310502159e+05 
1.87893225282908e-01 1.01849705719005e+05 
1.88191264625192e-01 1.02012967826278e+05 
1.88489203216667e-01 1.02122022899458e+05 
1.88787358737939e-01 1.02169180754816e+05 
1.89085401655659e-01 1.02219376102897e+05 
1.89383410797244e-01 1.02267315724920e+05 
1.89681307013221e-01 1.02305965363282e+05 
1.89979171322549e-01 1.02330955681919e+05 
1.90276936695187e-01 1.02343524155559e+05 
1.90574706817958e-01 1.02345958677409e+05 
1.90872426824630e-01 1.02340036977522e+05 
1.91170207330148e-01 1.02326863961097e+05 
1.91467990860025e-01 1.02308481077898e+05 
1.91765872529348e-01 1.02284858391258e+05 
1.92063794542093e-01 1.02257816812468e+05 
1.92361834509088e-01 1.02228512174094e+05 
1.92659937350132e-01 1.02197925252236e+05 
1.92958166616722e-01 1.02166824658558e+05 
1.93256473428315e-01 1.02135433695485e+05 
1.93554908161811e-01 1.02105231370952e+05 
1.93853426772387e-01 1.02077282468490e+05 
1.94152065534652e-01 1.02053220515977e+05 
1.94450776558793e-01 1.02027133031243e+05 
1.94749587184623e-01 1.02009562313134e+05 
1.95048445254654e-01 1.01997624613838e+05 
1.95347379467318e-01 1.01989983629691e+05 
1.95646332955654e-01 1.01989181783218e+05 
1.95945341452081e-01 1.01984016919074e+05 
1.96244339414421e-01 1.01979580430293e+05 
1.96543373898044e-01 1.01975515544656e+05 
1.96842363438986e-01 1.01974963986364e+05 
1.97141283910763e-01 1.01974424978182e+05 
1.97440218542462e-01 1.01972158716569e+05 
1.97739166756257e-01 1.01967859421752e+05 
1.98038042866136e-01 1.01958781530232e+05 
1.98336939690398e-01 1.01943045075401e+05 
1.98635759369024e-01 1.01921643782817e+05 
1.98934601275428e-01 1.01889664076007e+05 
1.99233357231937e-01 1.01856573686944e+05 
1.99532121987390e-01 1.01818670930333e+05 
1.99830779807461e-01 1.01773092689538e+05 
2.00129424132407e-01 1.01717756474758e+05 
