# Liste des scalaires : TEMPS pmat 
0.00000000000000e+00 1.00000000000000e+05 
7.22956891292051e-05 1.00000000000000e+05 
1.39473830159784e-04 1.00000000000000e+05 
2.09658797050081e-04 1.00000000000000e+05 
2.76117114236692e-04 1.00000000000000e+05 
3.20638761908071e-04 1.00000000000000e+05 
3.55139419127613e-04 1.00000000000000e+05 
3.84466703006890e-04 1.00000000000000e+05 
4.10882456555290e-04 1.00000000000000e+05 
4.35440253196266e-04 1.00000000000000e+05 
4.62453829501340e-04 1.00000000000000e+05 
4.92168763436921e-04 1.00000000000000e+05 
5.24855190766060e-04 1.00000000000000e+05 
5.60810260828113e-04 1.00000000000000e+05 
6.00360837896371e-04 1.00000000000000e+05 
6.43866472671455e-04 1.00000000000000e+05 
6.91722670924048e-04 1.00000000000000e+05 
7.44364489001900e-04 1.00000000000000e+05 
8.02270488887537e-04 1.00000000000000e+05 
8.65967088761738e-04 1.00000000000000e+05 
9.36033348623359e-04 1.00000000000000e+05 
1.01310623447114e-03 1.00000000000000e+05 
1.09788640890370e-03 1.00000000000000e+05 
1.19114460077952e-03 1.00000000000000e+05 
1.28874595967980e-03 1.00000000000000e+05 
1.39427742078071e-03 1.00000000000000e+05 
1.50221628787604e-03 1.00000000000000e+05 
1.61553425737459e-03 1.00000000000000e+05 
1.73457348070806e-03 1.00000000000000e+05 
1.85733677968594e-03 1.00000000000000e+05 
1.98616223838849e-03 1.00000000000000e+05 
2.11872938704601e-03 1.00000000000000e+05 
2.25541689819632e-03 1.00000000000000e+05 
2.39772133018639e-03 1.00000000000000e+05 
2.54485627309052e-03 1.00000000000000e+05 
2.69657390129154e-03 1.00000000000000e+05 
2.85238267869119e-03 1.00000000000000e+05 
3.01245336051974e-03 1.00000000000000e+05 
3.17812497446026e-03 1.00000000000000e+05 
3.34903914085847e-03 1.00000000000000e+05 
3.52550659026203e-03 1.00000000000000e+05 
3.70726992321262e-03 1.00000000000000e+05 
3.89587589613462e-03 1.00000000000000e+05 
4.08975108537044e-03 1.00000000000000e+05 
4.28959471140074e-03 1.00000000000000e+05 
4.49516060408267e-03 1.00000000000000e+05 
4.70839016598596e-03 1.00000000000000e+05 
4.92856382960832e-03 1.00000000000000e+05 
5.15483884145588e-03 1.00000000000000e+05 
5.38810296190328e-03 1.00000000000000e+05 
5.62716630832304e-03 1.00000000000000e+05 
5.87020911791866e-03 1.00000000000000e+05 
6.12048301668488e-03 1.00000000000000e+05 
6.37286594506058e-03 1.00000000000000e+05 
6.63255281659975e-03 1.00000000000000e+05 
6.89402258475338e-03 1.00000000000000e+05 
7.16407888326751e-03 1.00000000000000e+05 
7.43688359573927e-03 1.00000000000000e+05 
7.71399396444247e-03 1.00000000000000e+05 
7.99382024823098e-03 1.00000000000000e+05 
8.27676476722492e-03 1.00000000000000e+05 
8.55486963386194e-03 1.00000000000000e+05 
8.82693129547358e-03 1.00000000000000e+05 
9.09434992257831e-03 1.00000000000000e+05 
9.35798204986176e-03 1.00000000000000e+05 
9.61828190541597e-03 1.00000000000000e+05 
9.87458790234468e-03 1.00000000000000e+05 
1.01275999953448e-02 1.00000000000000e+05 
1.03780906819957e-02 1.00000000000000e+05 
1.06260594936896e-02 1.00000000000000e+05 
1.08549555607512e-02 1.00000000000000e+05 
1.10600486358716e-02 1.00000000000000e+05 
1.12527947243012e-02 1.00000000000000e+05 
1.14376549781111e-02 1.00000000000000e+05 
1.16160555244778e-02 1.00000000000000e+05 
1.17893912906129e-02 1.00000000000000e+05 
1.19585465367460e-02 1.00000000000000e+05 
1.21239074181584e-02 1.00000000000000e+05 
1.22865738919177e-02 1.00000000000000e+05 
1.24467469641869e-02 1.00000000000000e+05 
1.26054874618490e-02 1.00000000000000e+05 
1.27630810565200e-02 1.00000000000000e+05 
1.29205520410569e-02 1.00000000000000e+05 
1.30780807912855e-02 1.00000000000000e+05 
1.32361973892061e-02 1.00000000000000e+05 
1.33950989823723e-02 1.00000000000000e+05 
1.35552086731670e-02 1.00000000000000e+05 
1.37173208320017e-02 1.00000000000000e+05 
1.38814664957808e-02 1.00000000000000e+05 
1.40484212351866e-02 1.00000000000000e+05 
1.42181141062611e-02 1.00000000000000e+05 
1.43911503961317e-02 1.00000000000000e+05 
1.45673293077651e-02 1.00000000000000e+05 
1.47470958214955e-02 1.00000000000000e+05 
1.49301042783671e-02 1.00000000000000e+05 
1.51166614377176e-02 1.00000000000000e+05 
1.53062831289003e-02 1.00000000000000e+05 
1.54991735334283e-02 1.00000000000000e+05 
1.56947380639371e-02 1.00000000000000e+05 
1.58931191079440e-02 1.00000000000000e+05 
1.60936519301416e-02 1.00000000000000e+05 
1.62964592925252e-02 1.00000000000000e+05 
1.65008429770193e-02 1.00000000000000e+05 
1.67069397422126e-02 1.00000000000000e+05 
1.69140454068436e-02 1.00000000000000e+05 
1.71222476305723e-02 1.00000000000000e+05 
1.73310659798658e-02 1.00000000000000e+05 
1.75404805264512e-02 1.00000000000000e+05 
1.77502336744732e-02 1.00000000000000e+05 
1.79602469153467e-02 1.00000000000000e+05 
1.81704402725379e-02 1.00000000000000e+05 
1.83807094909353e-02 1.00000000000000e+05 
1.85910847225261e-02 1.00000000000000e+05 
1.88014518618897e-02 1.00000000000000e+05 
1.90118954916514e-02 1.00000000000000e+05 
1.92223161801321e-02 1.00000000000000e+05 
1.94328283471849e-02 1.00000000000000e+05 
1.96433341289589e-02 1.00000000000000e+05 
1.98539644906983e-02 1.00000000000000e+05 
2.00646351743939e-02 1.00000000000000e+05 
2.02754742134938e-02 1.00000000000000e+05 
2.04863910129380e-02 1.00000000000000e+05 
2.06975019042872e-02 1.00000000000000e+05 
2.09086785812786e-02 1.00000000000000e+05 
2.11199301314033e-02 1.00000000000000e+05 
2.13311184433616e-02 1.00000000000000e+05 
2.15418138949871e-02 1.00000000000000e+05 
2.17517507711009e-02 1.00000000000000e+05 
2.19601275533486e-02 1.00000000000000e+05 
2.21662585931744e-02 1.00000000000000e+05 
2.23694113974886e-02 1.00000000000000e+05 
2.25692808216712e-02 1.00000000000000e+05 
2.27660533069178e-02 1.00000000000000e+05 
2.29597149396164e-02 1.00000000000000e+05 
2.31503907261650e-02 1.00000000000000e+05 
2.33390258968408e-02 1.00000000000000e+05 
2.35247032072145e-02 1.00000000000000e+05 
2.37077308379748e-02 1.00000000000000e+05 
2.38893484530390e-02 1.00000000000000e+05 
2.40697257764707e-02 1.00000000000000e+05 
2.42499115100846e-02 1.00000000000000e+05 
2.44299502243346e-02 1.00000000000000e+05 
2.46106650780769e-02 1.00000000000000e+05 
2.47920383589003e-02 1.00000000000000e+05 
2.49747186378803e-02 1.00000000000000e+05 
2.51586957844892e-02 1.00000000000000e+05 
2.53444784483666e-02 1.00000000000000e+05 
2.55320523216341e-02 1.00000000000000e+05 
2.57203282880009e-02 1.00000000000000e+05 
2.59090897893117e-02 1.00000000000000e+05 
2.60988174382438e-02 1.00000000000000e+05 
2.62894175813987e-02 1.00000000000000e+05 
2.64812871795617e-02 1.00000000000000e+05 
2.66743247001036e-02 1.00000000000000e+05 
2.68688624843393e-02 1.00000000000000e+05 
2.70647948735499e-02 1.00000000000000e+05 
2.72624289881810e-02 1.00000000000000e+05 
2.74616822554610e-02 1.00000000000000e+05 
2.76628395046029e-02 1.00000000000000e+05 
2.78658281613292e-02 1.00000000000000e+05 
2.80708999715042e-02 1.00000000000000e+05 
2.82779817719957e-02 1.00000000000000e+05 
2.84872805716452e-02 1.00000000000000e+05 
2.86981168547536e-02 1.00000000000000e+05 
2.89098553746366e-02 1.00000000000000e+05 
2.91223911067050e-02 1.00000000000000e+05 
2.93359708250098e-02 1.00000000000000e+05 
2.95505019609223e-02 1.00000000000000e+05 
2.97662192410394e-02 1.00000000000000e+05 
2.99830781918712e-02 1.00000000000000e+05 
3.02012960064829e-02 1.00000000000000e+05 
3.04208350269108e-02 1.00000000000000e+05 
3.06418801910652e-02 1.00000000000000e+05 
3.08643930622608e-02 1.00000000000000e+05 
3.10885356292962e-02 1.00000000000000e+05 
3.13142722573930e-02 1.00000000000000e+05 
3.15417357051924e-02 1.00000000000000e+05 
3.17708867170952e-02 1.00000000000000e+05 
3.20008400783060e-02 1.00000000000000e+05 
3.22313501050010e-02 1.00000000000000e+05 
3.24626688737635e-02 1.00000000000000e+05 
3.26947459115113e-02 1.00000000000000e+05 
3.29278078433467e-02 1.00000000000000e+05 
3.31618110672079e-02 1.00000000000000e+05 
3.33969614754960e-02 1.00000000000000e+05 
3.36332150673909e-02 1.00000000000000e+05 
3.38707671935816e-02 1.00000000000000e+05 
3.41095591473261e-02 1.00000000000000e+05 
3.43497813123096e-02 1.00000000000000e+05 
3.45914094578665e-02 1.00000000000000e+05 
3.48346458565695e-02 1.00505928909197e+05 
3.50789254941070e-02 1.03704095460351e+05 
3.53241044731002e-02 1.11187179079462e+05 
3.55701423941721e-02 1.24555614116711e+05 
3.58172913575311e-02 1.42318036059491e+05 
3.60654890808651e-02 1.61435592086668e+05 
3.63149550943714e-02 1.81830565437046e+05 
3.65656061176257e-02 1.96530988392508e+05 
3.68176350300200e-02 2.05449626536926e+05 
3.70709489823883e-02 2.08645657620426e+05 
3.73257183567653e-02 2.07381460624795e+05 
3.75818664970482e-02 2.05456662157778e+05 
3.78395440639043e-02 2.03119567614713e+05 
3.80986567053174e-02 1.99957033675479e+05 
3.83593303832741e-02 1.96280288044952e+05 
3.86214572980755e-02 1.92569907472940e+05 
3.88851618335449e-02 1.88914830950169e+05 
3.91503364933429e-02 1.85369723017909e+05 
3.94170996087113e-02 1.82094754725156e+05 
3.96853157973440e-02 1.79128363779834e+05 
3.99550872684307e-02 1.76453736304946e+05 
4.02259892232811e-02 1.74027204638641e+05 
4.04979859424240e-02 1.71790353971068e+05 
4.07708814438453e-02 1.69699896948180e+05 
4.10448105652179e-02 1.67699664370325e+05 
4.13195825037825e-02 1.65752990736692e+05 
4.15953246419352e-02 1.63822514383480e+05 
4.18718597321591e-02 1.61895603105246e+05 
4.21493134450793e-02 1.59959946457454e+05 
4.24275423935625e-02 1.58022368334801e+05 
4.27066677003451e-02 1.56087598360623e+05 
4.29865738951723e-02 1.54167495051495e+05 
4.32673717621768e-02 1.52269252939789e+05 
4.35489707287089e-02 1.50402497246996e+05 
4.38314655372208e-02 1.48573395302205e+05 
4.41147751863908e-02 1.46788203988239e+05 
4.43989850411296e-02 1.45049313694232e+05 
4.46840066005573e-02 1.43359786317615e+05 
4.49699211207029e-02 1.41718960081810e+05 
4.52566517853524e-02 1.40127854011487e+05 
4.55441463936528e-02 1.38584683671715e+05 
4.58323063369802e-02 1.37089453496695e+05 
4.61211916038789e-02 1.35639168709566e+05 
4.64106756369813e-02 1.34233829298756e+05 
4.66999919700863e-02 1.32874454884542e+05 
4.69894062267666e-02 1.31559036995830e+05 
4.72786674416840e-02 1.30286163084651e+05 
4.75680472801287e-02 1.29053989383215e+05 
4.78573007759382e-02 1.27861029426676e+05 
4.81467082446607e-02 1.26705411961361e+05 
4.84360387052788e-02 1.25585368297993e+05 
4.87255690908986e-02 1.24498947659153e+05 
4.90150676153457e-02 1.23444148524388e+05 
4.93047979636470e-02 1.22419026569981e+05 
4.95945079389649e-02 1.21421614886317e+05 
4.98844736149457e-02 1.20450071143309e+05 
5.01744332954099e-02 1.19502676588434e+05 
5.04646783133199e-02 1.18577851242373e+05 
5.07549332392452e-02 1.17674371224893e+05 
5.10454885845670e-02 1.16791139073977e+05 
5.13360646839285e-02 1.15927516725714e+05 
5.16269491445561e-02 1.15082910124208e+05 
5.19178679700668e-02 1.14256841681795e+05 
5.22091098203160e-02 1.13448933502112e+05 
5.25004101774498e-02 1.12659763153454e+05 
5.27920570937005e-02 1.11889229408831e+05 
5.30837984565765e-02 1.11138280883863e+05 
5.33759223187268e-02 1.10406537876493e+05 
5.36681751636227e-02 1.09697291671578e+05 
5.39608316779043e-02 1.09004584442975e+05 
5.42536246238312e-02 1.08352750534934e+05 
5.45468237382971e-02 1.07732547714760e+05 
5.48401820612114e-02 1.07143527792922e+05 
5.51339722208200e-02 1.06592751153684e+05 
5.54279392309063e-02 1.06057581469210e+05 
5.57223481033203e-02 1.05579955629862e+05 
5.60169436524957e-02 1.05280273918114e+05 
5.63119864553994e-02 1.05245314007657e+05 
5.66072272822577e-02 1.05535241661996e+05 
5.69029214456478e-02 1.06115918558730e+05 
5.71988220808754e-02 1.06941306448599e+05 
5.74951810261290e-02 1.07968445144082e+05 
5.77917551138261e-02 1.09139275686089e+05 
5.80887922312101e-02 1.10377112699323e+05 
5.83860602361048e-02 1.11611247787551e+05 
5.86838033891991e-02 1.12766459414089e+05 
5.89817974126462e-02 1.13772147685983e+05 
5.92802674722948e-02 1.14532330012203e+05 
5.95790108151884e-02 1.15104840785453e+05 
5.98776007772027e-02 1.15311411849427e+05 
6.01760116288873e-02 1.15198027012956e+05 
6.04740362434419e-02 1.14800089037878e+05 
6.07718724735863e-02 1.14239380236280e+05 
6.10693147165975e-02 1.13681122394936e+05 
6.13662416494168e-02 1.13119498596587e+05 
6.16619680078253e-02 1.12556890920757e+05 
6.19562729281854e-02 1.12011794234418e+05 
6.22491931337029e-02 1.11479961732322e+05 
6.25405900233006e-02 1.10974140942506e+05 
6.28306650644578e-02 1.10502342683154e+05 
6.31193618930162e-02 1.10086570798858e+05 
6.34070039721876e-02 1.09739685116618e+05 
6.36935855541629e-02 1.09438958728634e+05 
6.39794783165172e-02 1.09185584161483e+05 
6.42644432913333e-02 1.08976384389266e+05 
6.45486058759812e-02 1.08800226081038e+05 
6.48320733285623e-02 1.08659103374334e+05 
6.51150928811445e-02 1.08530387525918e+05 
6.53977214719231e-02 1.08413980152118e+05 
6.56801931517348e-02 1.08316896074378e+05 
6.59625165649218e-02 1.08201726612569e+05 
6.62448943126596e-02 1.08112494278052e+05 
6.65263930327705e-02 1.08013475093233e+05 
6.68071013572316e-02 1.07982654174464e+05 
6.70872196276538e-02 1.07948395188103e+05 
6.73664992168597e-02 1.07883065800861e+05 
6.76454545488059e-02 1.07775352172004e+05 
6.79237865789075e-02 1.07608074885028e+05 
6.82018714823748e-02 1.07403782638781e+05 
6.84795737100713e-02 1.07157631093032e+05 
6.87569805811781e-02 1.06866585962841e+05 
6.90341449670882e-02 1.06536400134130e+05 
6.93109035064759e-02 1.06168427583929e+05 
6.95875940863416e-02 1.05763496065642e+05 
6.98640134096900e-02 1.05325843182642e+05 
7.01402157204910e-02 1.04870491180938e+05 
7.04162610986329e-02 1.04381325975860e+05 
7.06921405353949e-02 1.03867530619530e+05 
7.09679270004344e-02 1.03335242234834e+05 
7.12435506690722e-02 1.02776050588614e+05 
7.15191007057308e-02 1.02219887481225e+05 
7.17944852001595e-02 1.01666894047323e+05 
7.20697905641822e-02 1.01098612506562e+05 
7.23449586060374e-02 1.00514065619047e+05 
7.26199896603347e-02 9.99021366707828e+04 
7.28949469359766e-02 9.92528080046701e+04 
7.31697026201406e-02 9.85778859695504e+04 
7.34443772902205e-02 9.78868628648196e+04 
7.37187953987254e-02 9.71849962680005e+04 
7.39931596510709e-02 9.64753419294453e+04 
7.42673413787518e-02 9.57627496983633e+04 
7.45415129970656e-02 9.50499350232723e+04 
7.48155375244706e-02 9.43395325994975e+04 
7.50895947524365e-02 9.36326086760114e+04 
7.53634751386110e-02 9.29309194213427e+04 
7.56374818593157e-02 9.22344027274682e+04 
7.59113575842446e-02 9.15469649367735e+04 
7.61854683523037e-02 9.08674115253073e+04 
7.64594830424566e-02 9.01985158331592e+04 
7.67338418362333e-02 8.95482550936493e+04 
7.70080878606902e-02 8.89174923031636e+04 
7.72827643303558e-02 8.83078406207185e+04 
7.75573252022177e-02 8.77174776233154e+04 
7.78322850442392e-02 8.71493253295956e+04 
7.81070613238248e-02 8.66610942738943e+04 
7.83821870216501e-02 8.63457837369707e+04 
7.86572280175014e-02 8.62702924861245e+04 
7.89326054811623e-02 8.65073204203097e+04 
7.92079553476693e-02 8.70650276696694e+04 
7.94835708226287e-02 8.79050426443992e+04 
7.97591565663654e-02 8.90056227286732e+04 
8.00349632800454e-02 9.03110606719315e+04 
8.03106871394982e-02 9.17635843692215e+04 
8.05866387521274e-02 9.32638465441395e+04 
8.08638547088911e-02 9.47395001856345e+04 
8.11412880511680e-02 9.60969962360760e+04 
8.14186097694482e-02 9.72244308910279e+04 
8.16958602516047e-02 9.80998613286911e+04 
8.19730578013365e-02 9.87662993071450e+04 
8.22502306443503e-02 9.90512971112312e+04 
8.25275067977627e-02 9.90508694176651e+04 
8.28047774285501e-02 9.88069132502416e+04 
8.30821862604468e-02 9.83582294928120e+04 
8.33572576039675e-02 9.79182921257737e+04 
8.36317552087667e-02 9.74885344640867e+04 
8.39050731648016e-02 9.70774778771071e+04 
8.41780414864285e-02 9.66789651132779e+04 
8.44501262012828e-02 9.62912998055106e+04 
8.47219933152179e-02 9.59122931549147e+04 
8.49934873457211e-02 9.55392120982628e+04 
8.52650352457257e-02 9.51718729232858e+04 
8.55366804720098e-02 9.48088147904725e+04 
8.58080283327134e-02 9.44478475861905e+04 
8.60790756669898e-02 9.40851744609729e+04 
8.63501060945358e-02 9.37184093268317e+04 
8.66210632966319e-02 9.33446301884197e+04 
8.68918180105520e-02 9.29641096282677e+04 
8.71619062487901e-02 9.25795595123584e+04 
8.74306089643509e-02 9.21945667440360e+04 
8.76981053782749e-02 9.18117107883387e+04 
8.79644725955324e-02 9.14329673625897e+04 
8.82296550262645e-02 9.10538387343740e+04 
8.84938374322451e-02 9.06852766042914e+04 
8.87571358228338e-02 9.03291046506761e+04 
8.90197286332007e-02 8.99858473576168e+04 
8.92816804560539e-02 8.96530099066272e+04 
8.95431792838094e-02 8.93341532030382e+04 
8.98042375288535e-02 8.90284816857704e+04 
9.00650620405853e-02 8.87446474407643e+04 
9.03255996761121e-02 8.84694351575989e+04 
9.05860650181107e-02 8.82087510379766e+04 
9.08459658332608e-02 8.79636554225858e+04 
9.11053838660950e-02 8.77291573761359e+04 
9.13643194127439e-02 8.75137301138978e+04 
9.16228996947977e-02 8.73086064116035e+04 
9.18811691747910e-02 8.71134601855083e+04 
9.21391741785135e-02 8.69299152093357e+04 
9.23970312796064e-02 8.67635671955738e+04 
9.26547078483765e-02 8.66185558372330e+04 
9.29123686354281e-02 8.64966223612585e+04 
9.31699303808341e-02 8.63990790006921e+04 
9.34276135559939e-02 8.63225183220427e+04 
9.36853229985698e-02 8.62648073649206e+04 
9.39432887526747e-02 8.62253252318438e+04 
9.42014196154999e-02 8.62033285091212e+04 
9.44599237090514e-02 8.61977782238352e+04 
9.47185555638957e-02 8.62075740364218e+04 
9.49775088423197e-02 8.62313849225425e+04 
9.52364809223727e-02 8.62684252083583e+04 
9.54958232581676e-02 8.63175591674467e+04 
9.57551694498459e-02 8.63766171605499e+04 
9.60149347033677e-02 8.64470406853109e+04 
9.62747218226369e-02 8.65266671186109e+04 
9.65349801977361e-02 8.66141891927897e+04 
9.67953440288225e-02 8.67072653034663e+04 
9.70563366621560e-02 8.68040213124282e+04 
9.73179218650402e-02 8.69038349303478e+04 
9.75799743163417e-02 8.70059114754874e+04 
9.78423372662913e-02 8.71101617723133e+04 
9.81052447965696e-02 8.72152750912558e+04 
9.83683270813441e-02 8.73201128420852e+04 
9.86320350333087e-02 8.74245905127929e+04 
9.88961004507211e-02 8.75277964503452e+04 
9.91608865445379e-02 8.76296644406464e+04 
9.94260924677806e-02 8.77302777167992e+04 
9.96919190204423e-02 8.78296463763215e+04 
9.99581356246592e-02 8.79287531267885e+04 
1.00224900262976e-01 8.80277737806610e+04 
1.00492063209713e-01 8.81285928871666e+04 
1.00759749616963e-01 8.82316392399862e+04 
1.01027835632889e-01 8.83390703041672e+04 
1.01296278989271e-01 8.84513961118435e+04 
1.01565044436380e-01 8.85701397045690e+04 
1.01834305547124e-01 8.86961139328464e+04 
1.02103875362886e-01 8.88299316478620e+04 
1.02373865405963e-01 8.89719654436382e+04 
1.02644095102182e-01 8.91218845614266e+04 
1.02914726363579e-01 8.92791666547374e+04 
1.03185569837287e-01 8.94423979206176e+04 
1.03456789397171e-01 8.96100617540752e+04 
1.03728160614849e-01 8.97796945785788e+04 
1.03999854528239e-01 8.99489898410329e+04 
1.04271653013478e-01 9.01145666040715e+04 
1.04543752056277e-01 9.02737855429042e+04 
1.04815953455236e-01 9.04231933411726e+04 
1.05088391564678e-01 9.05599453816225e+04 
1.05360831357259e-01 9.06815346407852e+04 
1.05633440471490e-01 9.07864386248217e+04 
1.05906061529067e-01 9.08733088571365e+04 
1.06178845697370e-01 9.09426181260643e+04 
1.06451637615914e-01 9.09939677381189e+04 
1.06724578905930e-01 9.10286576555348e+04 
1.06997541583639e-01 9.10485604598527e+04 
1.07270677962266e-01 9.10575433215777e+04 
1.07543874663973e-01 9.10575326714729e+04 
1.07817287107790e-01 9.10506596804784e+04 
1.08090805322242e-01 9.10388788449064e+04 
1.08364583710032e-01 9.10239016929038e+04 
1.08638508361420e-01 9.10076354865844e+04 
1.08912742956040e-01 9.09912198645737e+04 
1.09187171716035e-01 9.09757707078588e+04 
1.09461969123571e-01 9.09617077144750e+04 
1.09737049410611e-01 9.09493463022033e+04 
1.10012567367983e-01 9.09389045852439e+04 
1.10288501778421e-01 9.09303011238748e+04 
1.10564904148702e-01 9.09230540118080e+04 
1.10841573991618e-01 9.09173084161478e+04 
1.11118524006632e-01 9.09122818320028e+04 
1.11395741811911e-01 9.09062201891325e+04 
1.11673241601114e-01 9.08984765473386e+04 
1.11950979356778e-01 9.08909533172453e+04 
1.12228898823030e-01 9.08811321079591e+04 
1.12507062624992e-01 9.08670262455797e+04 
1.12785406824889e-01 9.08494780967480e+04 
1.13063971829870e-01 9.08298529010880e+04 
1.13342742261675e-01 9.08067312987139e+04 
1.13621762571704e-01 9.07885421764555e+04 
1.13900956953794e-01 9.07735104538480e+04 
1.14180379501075e-01 9.07563622789939e+04 
1.14459976490338e-01 9.07328793286662e+04 
1.14739768936556e-01 9.07001370664419e+04 
1.15019740248005e-01 9.06616180973970e+04 
1.15299889570963e-01 9.06215789896085e+04 
1.15580225619657e-01 9.05768143962296e+04 
1.15860758440567e-01 9.05384200261195e+04 
1.16141397371687e-01 9.05072443326275e+04 
1.16422216863798e-01 9.04793465707185e+04 
1.16703121380158e-01 9.04617058442555e+04 
1.16984221824345e-01 9.04374802610702e+04 
1.17265406565172e-01 9.04090157499659e+04 
1.17546795904399e-01 9.03810704696242e+04 
1.17828263261708e-01 9.03542015015009e+04 
1.18109927388313e-01 9.03296202059970e+04 
1.18391668209749e-01 9.03072007851587e+04 
1.18673609982375e-01 9.02852773536137e+04 
1.18955648929751e-01 9.02623782715246e+04 
1.19237912614963e-01 9.02385897676189e+04 
1.19520303652057e-01 9.02110611134220e+04 
1.19802931486915e-01 9.01790813570017e+04 
1.20085708071916e-01 9.01449910615676e+04 
1.20368742387529e-01 9.01026540208717e+04 
1.20651968754854e-01 9.00552771779890e+04 
1.20935471869171e-01 9.00044029097547e+04 
1.21219208353165e-01 8.99497087354545e+04 
1.21503191459339e-01 8.98956610122518e+04 
1.21787407233157e-01 8.98405772810392e+04 
1.22071837484356e-01 8.97834164183030e+04 
1.22356539571908e-01 8.97243891839174e+04 
1.22641420687106e-01 8.96685876834978e+04 
1.22926539711488e-01 8.96182321456785e+04 
1.23211906823102e-01 8.95769424827568e+04 
1.23497514643792e-01 8.95489322308484e+04 
1.23783423204423e-01 8.95396633401365e+04 
1.24069585845768e-01 8.95545162385880e+04 
1.24356084164761e-01 8.95921194824720e+04 
1.24642884493812e-01 8.96769911105183e+04 
1.24930014850149e-01 8.98138966580185e+04 
1.25217466030708e-01 9.00069237101766e+04 
1.25505257658814e-01 9.02426658641492e+04 
1.25793393710722e-01 9.05375422851834e+04 
1.26081897998472e-01 9.09000220858211e+04 
1.26370743946703e-01 9.13315965155239e+04 
1.26659998495388e-01 9.18359076473204e+04 
1.26949346881866e-01 9.24107184981083e+04 
1.27239110442305e-01 9.30532557685331e+04 
1.27528950994947e-01 9.37546453066863e+04 
1.27819180222112e-01 9.45065526786591e+04 
1.28109496333256e-01 9.52942125790046e+04 
1.28400160196321e-01 9.61004209412435e+04 
1.28690903739010e-01 9.69098047097215e+04 
1.28981912928517e-01 9.77011603114703e+04 
1.29272991449770e-01 9.84523785218088e+04 
1.29564259895904e-01 9.91518328198624e+04 
1.29855597580353e-01 9.97648272066939e+04 
1.30147063133945e-01 1.00295213016886e+05 
1.30438595665686e-01 1.00723287492250e+05 
1.30730222858285e-01 1.01014805110132e+05 
1.31021915291324e-01 1.01190276781603e+05 
1.31313645113311e-01 1.01228135683979e+05 
1.31605489003221e-01 1.01226433390487e+05 
1.31897281653966e-01 1.01195452286354e+05 
1.32189138749220e-01 1.01123624484951e+05 
1.32480954794555e-01 1.01014096614443e+05 
1.32772828112215e-01 1.00859504052768e+05 
1.33064670182451e-01 1.00669212427018e+05 
1.33356553890559e-01 1.00463643165235e+05 
1.33648382106795e-01 1.00247969372448e+05 
1.33940233312945e-01 1.00016830506783e+05 
1.34231994375043e-01 9.97649387600010e+04 
1.34523814046391e-01 9.94939312652083e+04 
1.34815508899057e-01 9.91974601727785e+04 
1.35107292940887e-01 9.88772564670615e+04 
1.35398931008404e-01 9.85497647077366e+04 
1.35690620514263e-01 9.82228188215506e+04 
1.35982215466129e-01 9.79038436208473e+04 
1.36273668391133e-01 9.76022461965667e+04 
1.36565165492628e-01 9.73156547393756e+04 
1.36856434822566e-01 9.70488172590712e+04 
1.37147752603704e-01 9.68046241441496e+04 
1.37438883964889e-01 9.65855372203462e+04 
1.37730052694723e-01 9.63924687430662e+04 
1.38021058528682e-01 9.62261792503074e+04 
1.38312081446348e-01 9.60864179755396e+04 
1.38602975202428e-01 9.59727793077211e+04 
1.38893852793234e-01 9.58842848335685e+04 
1.39184621521287e-01 9.58191742671127e+04 
1.39475350957148e-01 9.57748360949600e+04 
1.39765986513997e-01 9.57496528609791e+04 
1.40056556685666e-01 9.57402116152310e+04 
1.40347043208461e-01 9.57428425006536e+04 
1.40637445735348e-01 9.57553976385077e+04 
1.40927780630034e-01 9.57713585538790e+04 
1.41218035332979e-01 9.57900291490095e+04 
1.41508200477031e-01 9.58112440122914e+04 
1.41798286285045e-01 9.58309436473497e+04 
1.42088287250930e-01 9.58422527052163e+04 
1.42378200161374e-01 9.58467959071135e+04 
1.42668046279947e-01 9.58602776652638e+04 
1.42957803545067e-01 9.58535537289896e+04 
1.43247521556583e-01 9.58173891317932e+04 
1.43537169742231e-01 9.57560448948551e+04 
1.43826809216203e-01 9.56683210873999e+04 
1.44116402640595e-01 9.56260563607971e+04 
1.44406016664069e-01 9.56478585815760e+04 
1.44695612529511e-01 9.57410036378129e+04 
1.44985265502760e-01 9.58988630070461e+04 
1.45274910244242e-01 9.61081172462281e+04 
1.45564636040184e-01 9.63649478682485e+04 
1.45854364241174e-01 9.66601565059663e+04 
1.46144201239882e-01 9.69978483569661e+04 
1.46434065109854e-01 9.73701338727770e+04 
1.46724070125801e-01 9.77717985887857e+04 
1.47014128876094e-01 9.81889868223386e+04 
1.47304296072330e-01 9.86135491417421e+04 
1.47594512818068e-01 9.90299799092685e+04 
1.47884864194427e-01 9.94219031879876e+04 
1.48175290368955e-01 9.97720747844348e+04 
1.48465869135129e-01 1.00070273849167e+05 
1.48756542667202e-01 1.00285753096354e+05 
1.49047303156055e-01 1.00431983474635e+05 
1.49338186194462e-01 1.00490034658388e+05 
1.49629137678380e-01 1.00423610364460e+05 
1.49920220082388e-01 1.00264613144516e+05 
1.50211391648905e-01 9.99963320913141e+04 
1.50502708717635e-01 9.96982026541893e+04 
1.50794136615034e-01 9.93983964927037e+04 
1.51085719644415e-01 9.90871311713310e+04 
1.51377439843701e-01 9.87609023325257e+04 
1.51669331202573e-01 9.84163343694926e+04 
1.51961332492958e-01 9.80516709600158e+04 
1.52253093138928e-01 9.76778668588201e+04 
1.52544929166722e-01 9.72974870000087e+04 
1.52836565939255e-01 9.69153541533126e+04 
1.53128270558352e-01 9.65377708799685e+04 
1.53419814990432e-01 9.61678353954582e+04 
1.53711425515915e-01 9.58123428563576e+04 
1.54002898678729e-01 9.54723934928227e+04 
1.54294436418846e-01 9.51530540889364e+04 
1.54585849863383e-01 9.48557537728061e+04 
1.54877328574855e-01 9.45815613932915e+04 
1.55168676161481e-01 9.43335254330480e+04 
1.55460084844892e-01 9.41187779160829e+04 
1.55751346532689e-01 9.39293639040798e+04 
1.56042664330906e-01 9.37685206282007e+04 
1.56333853730459e-01 9.36150266032966e+04 
1.56625075609711e-01 9.34740545318498e+04 
1.56916187582506e-01 9.33453999127244e+04 
1.57207310423732e-01 9.32303935252809e+04 
1.57498333614951e-01 9.31299796538643e+04 
1.57789339633932e-01 9.30409833740409e+04 
1.58080255948144e-01 9.29634538296070e+04 
1.58371175185857e-01 9.28964795963735e+04 
1.58662047216247e-01 9.28384841812351e+04 
1.58952939388736e-01 9.27888951214265e+04 
1.59243817216066e-01 9.27453148648696e+04 
1.59534718651100e-01 9.27079508993722e+04 
1.59829095193782e-01 9.26785234785848e+04 
1.60123659159055e-01 9.26535663109909e+04 
1.60418178705941e-01 9.26331177244501e+04 
1.60712763633208e-01 9.26168042967971e+04 
1.61007386348660e-01 9.26043539660465e+04 
1.61302092826667e-01 9.25947852164380e+04 
1.61596885317312e-01 9.25878850196822e+04 
1.61891711641284e-01 9.25856676096349e+04 
1.62186659477633e-01 9.25904107222468e+04 
1.62481616862406e-01 9.25987327799194e+04 
1.62776676867485e-01 9.26143434751160e+04 
1.63071762383944e-01 9.26350807046046e+04 
1.63366906891798e-01 9.26618393160573e+04 
1.63662071615414e-01 9.26928546321259e+04 
1.63957083038313e-01 9.27307152133202e+04 
1.64252073135978e-01 9.27766883903051e+04 
1.64546916024486e-01 9.28279783182308e+04 
1.64841743885694e-01 9.28847290199010e+04 
1.65136813277735e-01 9.29453999843729e+04 
1.65431891309016e-01 9.30100901015379e+04 
1.65726785473502e-01 9.30776133937091e+04 
1.66021661585634e-01 9.31432623001363e+04 
1.66316374296470e-01 9.32123598973802e+04 
1.66611059187692e-01 9.32851746499818e+04 
1.66905595183852e-01 9.33598503867117e+04 
1.67200092358095e-01 9.34304901064126e+04 
1.67494433153771e-01 9.34990359902045e+04 
1.67788738581654e-01 9.35657158061321e+04 
1.68082880119736e-01 9.36299653438569e+04 
1.68376996354644e-01 9.36921371942380e+04 
1.68670955205169e-01 9.37510243723076e+04 
1.68964887376743e-01 9.38066296369866e+04 
1.69258665950385e-01 9.38580707159430e+04 
1.69552396027693e-01 9.39053174571380e+04 
1.69845955425718e-01 9.39479140943407e+04 
1.70139416998665e-01 9.39859096326490e+04 
1.70432664727348e-01 9.40191206079089e+04 
1.70727015028583e-01 9.40475439439927e+04 
1.71021105425542e-01 9.40710012526333e+04 
1.71314997393605e-01 9.40896229655025e+04 
1.71608541774282e-01 9.41029899910194e+04 
1.71901765361043e-01 9.41117673663201e+04 
1.72194532034393e-01 9.41156273234305e+04 
1.72486842197473e-01 9.41145589473068e+04 
1.72778568402684e-01 9.41091614490134e+04 
1.73069719141247e-01 9.41012633455216e+04 
1.73360191960682e-01 9.40882241578861e+04 
1.73650004354386e-01 9.40719638067126e+04 
1.73939094451566e-01 9.40537447087344e+04 
1.74227512763796e-01 9.40350902861112e+04 
1.74515246848796e-01 9.40184228787024e+04 
1.74802370025311e-01 9.40020579707345e+04 
1.75088885436957e-01 9.39846164251813e+04 
1.75374916176772e-01 9.39664437651149e+04 
1.75660483810823e-01 9.39484317074341e+04 
1.75945728436240e-01 9.39316114177716e+04 
1.76231186983662e-01 9.39172222960903e+04 
1.76516244664128e-01 9.39064055452566e+04 
1.76800960401109e-01 9.39003400138507e+04 
1.77085377744803e-01 9.39002408416090e+04 
1.77369583741396e-01 9.39058037260160e+04 
1.77653305721983e-01 9.39192159900288e+04 
1.77936644685200e-01 9.39413645553052e+04 
1.78219480550976e-01 9.39681994631559e+04 
1.78502010687607e-01 9.40066531961657e+04 
1.78784156946817e-01 9.40548722978452e+04 
1.79065935361540e-01 9.41101083448017e+04 
1.79347385750610e-01 9.41745031479248e+04 
1.79628527474686e-01 9.42421353337065e+04 
1.79909310012950e-01 9.43119418320143e+04 
1.80189874894402e-01 9.43846007605604e+04 
1.80470181650596e-01 9.44597958465828e+04 
1.80750349484026e-01 9.45373901741849e+04 
1.81030372651778e-01 9.46192462077966e+04 
1.81310121347034e-01 9.47050964758778e+04 
1.81589687739547e-01 9.47955105859939e+04 
1.81869001823823e-01 9.48884088044031e+04 
1.82148087748797e-01 9.49831098234470e+04 
1.82426971113428e-01 9.50777825570790e+04 
1.82705636716730e-01 9.51736683817443e+04 
1.82983898173733e-01 9.52704117321767e+04 
1.83261892105216e-01 9.53784187993129e+04 
1.83539462353590e-01 9.54941449705752e+04 
1.83816916122259e-01 9.56178201023611e+04 
1.84094007668917e-01 9.57423266802095e+04 
1.84370884300040e-01 9.58667622109371e+04 
1.84647447481911e-01 9.59965634750380e+04 
1.84923976622034e-01 9.61347261480811e+04 
1.85200311409742e-01 9.62797295603504e+04 
1.85476486981192e-01 9.64308074333656e+04 
1.85752327378291e-01 9.65886745089867e+04 
1.86027769359193e-01 9.67524017600144e+04 
1.86302814434475e-01 9.69225270498365e+04 
1.86577327540683e-01 9.70980953765765e+04 
1.86851482488553e-01 9.72790975356845e+04 
1.87125145955503e-01 9.74647230645397e+04 
1.87398514317286e-01 9.76547967941641e+04 
1.87671483910992e-01 9.78485443518999e+04 
1.87944218530734e-01 9.80457833121244e+04 
1.88216636162232e-01 9.82459963383107e+04 
1.88488919498037e-01 9.84490571498551e+04 
1.88760978226920e-01 9.86547970442454e+04 
1.89032851948399e-01 9.88632598758456e+04 
1.89304554387995e-01 9.90747880118578e+04 
1.89576078722432e-01 9.92888113900884e+04 
1.89847516778931e-01 9.95058264533894e+04 
1.90118751752008e-01 9.97256318962582e+04 
1.90390009905541e-01 9.99487431478647e+04 
1.90661142917191e-01 1.00174046298458e+05 
1.90932391252267e-01 1.00404108802362e+05 
1.91203602577740e-01 1.00635957131802e+05 
1.91475000282885e-01 1.00867691919623e+05 
1.91746441809885e-01 1.01099994405758e+05 
1.92018126788669e-01 1.01330645038039e+05 
1.92289878231508e-01 1.01559979953409e+05 
1.92561804614531e-01 1.01785758493982e+05 
1.92833790539219e-01 1.02003558664621e+05 
1.93105990853555e-01 1.02213312587391e+05 
1.93378305865971e-01 1.02408472914727e+05 
1.93650868114054e-01 1.02588767504961e+05 
1.93923571606770e-01 1.02749450026462e+05 
1.94196537995987e-01 1.02891547647633e+05 
1.94469514491191e-01 1.03014402045840e+05 
1.94742696938191e-01 1.03110412232260e+05 
1.95015915057833e-01 1.03180369217732e+05 
1.95289394884031e-01 1.03221151976440e+05 
1.95562938179864e-01 1.03230520265146e+05 
1.95836784310436e-01 1.03209181014695e+05 
1.96110737464171e-01 1.03161727492195e+05 
1.96385033111692e-01 1.03091961104929e+05 
1.96659461623768e-01 1.03003900613763e+05 
1.96934234933362e-01 1.02901802873155e+05 
1.97209172890316e-01 1.02793471425229e+05 
1.97484315765055e-01 1.02680268107629e+05 
1.97759730749756e-01 1.02590182787596e+05 
1.98035428739977e-01 1.02527296389218e+05 
1.98311364813291e-01 1.02488476121354e+05 
1.98587651063706e-01 1.02468067453845e+05 
1.98864175927619e-01 1.02447213354841e+05 
1.99141096495584e-01 1.02429873456090e+05 
1.99418252491496e-01 1.02443528359737e+05 
1.99695839661044e-01 1.02519372565795e+05 
1.99973666154450e-01 1.02691225278258e+05 
2.00251929000672e-01 1.02962885382055e+05 
