# Liste des scalaires : TEMPS pmat 
0.00000000000000e+00 1.00000000000000e+05 
7.22956891292051e-05 1.00000000000000e+05 
1.39473830159784e-04 1.00000000000000e+05 
2.09658797050081e-04 1.00000000000000e+05 
2.76117114236692e-04 1.00000000000000e+05 
3.20638761908071e-04 1.00000000000000e+05 
3.55139419127613e-04 1.00000000000000e+05 
3.84466703006890e-04 1.00000000000000e+05 
4.10882456555290e-04 1.00000000000000e+05 
4.35440253196266e-04 1.00000000000000e+05 
4.62453829501340e-04 1.00000000000000e+05 
4.92168763436921e-04 1.00000000000000e+05 
5.24855190766060e-04 1.00000000000000e+05 
5.60810260828113e-04 1.00000000000000e+05 
6.00360837896371e-04 1.00000000000000e+05 
6.43866472671455e-04 1.00000000000000e+05 
6.91722670924048e-04 1.00000000000000e+05 
7.44364489001900e-04 1.00000000000000e+05 
8.02270488887537e-04 1.00000000000000e+05 
8.65967088761738e-04 1.00000000000000e+05 
9.36033348623359e-04 1.00000000000000e+05 
1.01310623447114e-03 1.00000000000000e+05 
1.09788640890370e-03 1.00000000000000e+05 
1.19114460077952e-03 1.00000000000000e+05 
1.28874595967980e-03 1.00000000000000e+05 
1.39427742078071e-03 1.00000000000000e+05 
1.50221628787604e-03 1.00000000000000e+05 
1.61553425737459e-03 1.00000000000000e+05 
1.73457348070806e-03 1.00000000000000e+05 
1.85733677968594e-03 1.00000000000000e+05 
1.98616223838849e-03 1.00000000000000e+05 
2.11872938704601e-03 1.00000000000000e+05 
2.25541689819632e-03 1.00000000000000e+05 
2.39772133018639e-03 1.00000000000000e+05 
2.54485627309052e-03 1.00000000000000e+05 
2.69657390129154e-03 1.00000000000000e+05 
2.85238267869119e-03 1.00000000000000e+05 
3.01245336051974e-03 1.00000000000000e+05 
3.17812497446026e-03 1.00000000000000e+05 
3.34903914085847e-03 1.00000000000000e+05 
3.52550659026203e-03 1.00000000000000e+05 
3.70726992321262e-03 1.00000000000000e+05 
3.89587589613462e-03 1.00000000000000e+05 
4.08975108537044e-03 1.00000000000000e+05 
4.28959471140074e-03 1.00000000000000e+05 
4.49516060408267e-03 1.00000000000000e+05 
4.70839016598596e-03 1.00000000000000e+05 
4.92856382960832e-03 1.00000000000000e+05 
5.15483884145588e-03 1.00000000000000e+05 
5.38810296190328e-03 1.00000000000000e+05 
5.62716630832304e-03 1.00000000000000e+05 
5.87020911791866e-03 1.00000000000000e+05 
6.12048301668488e-03 1.00000000000000e+05 
6.37286594506058e-03 1.00000000000000e+05 
6.63255281659975e-03 1.00000000000000e+05 
6.89402258475338e-03 1.00000000000000e+05 
7.16407888326751e-03 1.00000000000000e+05 
7.43688359573927e-03 1.00000000000000e+05 
7.71399396444247e-03 1.00000000000000e+05 
7.99382024823098e-03 1.00000000000000e+05 
8.27676476722492e-03 1.00000000000000e+05 
8.55486963386194e-03 1.00000000000000e+05 
8.82693129547358e-03 1.00000000000000e+05 
9.09434992257831e-03 1.00000000000000e+05 
9.35798204986176e-03 1.00000000000000e+05 
9.61828190541597e-03 1.00000000000000e+05 
9.87458790234468e-03 1.00000000000000e+05 
1.01275999953448e-02 1.00000000000000e+05 
1.03780906819957e-02 1.00000000000000e+05 
1.06260594936896e-02 1.00000000000000e+05 
1.08549555607512e-02 1.00000000000000e+05 
1.10600486358716e-02 1.00000000000000e+05 
1.12527947243012e-02 1.00000000000000e+05 
1.14376549781111e-02 1.00000000000000e+05 
1.16160555244778e-02 1.00000000000000e+05 
1.17893912906129e-02 1.00000000000000e+05 
1.19585465367460e-02 1.00000000000000e+05 
1.21239074181584e-02 1.00000000000000e+05 
1.22865738919177e-02 1.00000000000000e+05 
1.24467469641869e-02 1.00000000000000e+05 
1.26054874618490e-02 1.00000000000000e+05 
1.27630810565200e-02 1.00000000000000e+05 
1.29205520410569e-02 1.00000000000000e+05 
1.30780807912855e-02 1.00000000000000e+05 
1.32361973892061e-02 1.00000000000000e+05 
1.33950989823723e-02 1.00000000000000e+05 
1.35552086731670e-02 1.00000000000000e+05 
1.37173208320017e-02 1.00000000000000e+05 
1.38814664957808e-02 1.00000000000000e+05 
1.40484212351866e-02 1.00000000000000e+05 
1.42181141062611e-02 1.00000000000000e+05 
1.43911503961317e-02 1.00000000000000e+05 
1.45673293077651e-02 1.00000000000000e+05 
1.47470958214955e-02 1.00000000000000e+05 
1.49301042783671e-02 1.00000000000000e+05 
1.51166614377176e-02 1.00000000000000e+05 
1.53062831289003e-02 1.00000000000000e+05 
1.54991735334283e-02 1.00000000000000e+05 
1.56947380639371e-02 1.00000000000000e+05 
1.58931191079440e-02 1.00000000000000e+05 
1.60936519301416e-02 1.00000000000000e+05 
1.62964592925252e-02 1.00000000000000e+05 
1.65008429770193e-02 1.00000000000000e+05 
1.67069397422126e-02 1.00000000000000e+05 
1.69140454068436e-02 1.00000000000000e+05 
1.71222476305723e-02 1.00000000000000e+05 
1.73310659798658e-02 1.00000000000000e+05 
1.75404805264512e-02 1.00000000000000e+05 
1.77502336744732e-02 1.00000000000000e+05 
1.79602469153467e-02 1.00000000000000e+05 
1.81704402725379e-02 1.00000000000000e+05 
1.83807094909353e-02 1.00000000000000e+05 
1.85910847225261e-02 1.00000000000000e+05 
1.88014518618897e-02 1.00000000000000e+05 
1.90118954916514e-02 1.00000000000000e+05 
1.92223161801321e-02 1.00000000000000e+05 
1.94328283471849e-02 1.00000000000000e+05 
1.96433341289589e-02 1.00000000000000e+05 
1.98539644906983e-02 1.00000000000000e+05 
2.00646351743939e-02 1.00000000000000e+05 
2.02754742134938e-02 1.00000000000000e+05 
2.04863910129380e-02 1.00000000000000e+05 
2.06975019042872e-02 1.00000000000000e+05 
2.09086785812786e-02 1.00000000000000e+05 
2.11199301314033e-02 1.00000000000000e+05 
2.13311184433616e-02 1.00000000000000e+05 
2.15418138949871e-02 1.00000000000000e+05 
2.17517507711009e-02 1.00000000000000e+05 
2.19601275533486e-02 1.00000000000000e+05 
2.21662585931744e-02 1.00000000000000e+05 
2.23694113974886e-02 1.00000000000000e+05 
2.25692808216712e-02 1.00000000000000e+05 
2.27660533069178e-02 1.00000000000000e+05 
2.29597149396164e-02 1.00000000000000e+05 
2.31503907261650e-02 1.00000000000000e+05 
2.33390258968408e-02 1.00000000000000e+05 
2.35247032072145e-02 1.00000000000000e+05 
2.37077308379748e-02 1.00000000000000e+05 
2.38893484530390e-02 1.00000000000000e+05 
2.40697257764707e-02 1.00000000000000e+05 
2.42499115100846e-02 1.00000000000000e+05 
2.44299502243346e-02 1.00000000000000e+05 
2.46106650780769e-02 1.00000000000000e+05 
2.47920383589003e-02 1.00000000000000e+05 
2.49747186378803e-02 1.00000000000000e+05 
2.51586957844892e-02 1.00000000000000e+05 
2.53444784483666e-02 1.00000000000000e+05 
2.55320523216341e-02 1.00000000000000e+05 
2.57203282880009e-02 1.00000000000000e+05 
2.59090897893117e-02 1.00000000000000e+05 
2.60988174382438e-02 1.00000000000000e+05 
2.62894175813987e-02 1.00000000000000e+05 
2.64812871795617e-02 1.00000000000000e+05 
2.66743247001036e-02 1.00000000000000e+05 
2.68688624843393e-02 1.00000000000000e+05 
2.70647948735499e-02 1.00000000000000e+05 
2.72624289881810e-02 1.00000000000000e+05 
2.74616822554610e-02 1.00000000000000e+05 
2.76628395046029e-02 1.00000000000000e+05 
2.78658281613292e-02 1.00000000000000e+05 
2.80708999715042e-02 1.00000000000000e+05 
2.82779817719957e-02 1.00000000000000e+05 
2.84872805716452e-02 1.00000000000000e+05 
2.86981168547536e-02 1.00000000000000e+05 
2.89098553746366e-02 1.00000000000000e+05 
2.91223911067050e-02 1.00000000000000e+05 
2.93359708250098e-02 1.00000000000000e+05 
2.95505019609223e-02 1.00000000000000e+05 
2.97662192410394e-02 1.00000000000000e+05 
2.99830781918712e-02 1.00000000000000e+05 
3.02012960064829e-02 1.00000000000000e+05 
3.04208350269108e-02 1.00000000000000e+05 
3.06418801910652e-02 1.00000000000000e+05 
3.08643930622608e-02 1.00000000000000e+05 
3.10885356292962e-02 1.00000000000000e+05 
3.13142722573930e-02 1.00000000000000e+05 
3.15417357051924e-02 1.00000000000000e+05 
3.17708867170952e-02 1.00000000000000e+05 
3.20008400783060e-02 1.00000000000000e+05 
3.22313501050010e-02 1.00000000000000e+05 
3.24626688737635e-02 1.00000000000000e+05 
3.26947459115113e-02 1.00000000000000e+05 
3.29278078433467e-02 1.00000000000000e+05 
3.31618110672079e-02 1.00000000000000e+05 
3.33969614754960e-02 1.00000000000000e+05 
3.36332150673909e-02 1.00000000000000e+05 
3.38707671935816e-02 1.00000000000000e+05 
3.41095591473261e-02 1.00000000000000e+05 
3.43497813123096e-02 1.00000000000000e+05 
3.45914094578665e-02 1.00000000000000e+05 
3.48346458565695e-02 1.00000000000000e+05 
3.50789254941070e-02 1.00000000000000e+05 
3.53241044731002e-02 1.00000000000000e+05 
3.55701423941721e-02 1.00000000000000e+05 
3.58172913575311e-02 1.00000000000000e+05 
3.60654890808651e-02 1.00000000000000e+05 
3.63149550943714e-02 1.00000000000000e+05 
3.65656061176257e-02 1.00000000000000e+05 
3.68176350300200e-02 1.00000000000000e+05 
3.70709489823883e-02 1.00000000000000e+05 
3.73257183567653e-02 1.00000000000000e+05 
3.75818664970482e-02 1.00000000000000e+05 
3.78395440639043e-02 1.00000000000000e+05 
3.80986567053174e-02 1.00000000000000e+05 
3.83593303832741e-02 1.00000000000000e+05 
3.86214572980755e-02 1.00000000000000e+05 
3.88851618335449e-02 1.00000000000000e+05 
3.91503364933429e-02 1.00000000000000e+05 
3.94170996087113e-02 1.00000000000000e+05 
3.96853157973440e-02 1.00000000000000e+05 
3.99550872684307e-02 1.00000000000000e+05 
4.02259892232811e-02 1.00000000000000e+05 
4.04979859424240e-02 1.00000000000000e+05 
4.07708814438453e-02 1.00000000000000e+05 
4.10448105652179e-02 1.00000000000000e+05 
4.13195825037825e-02 1.00000000000000e+05 
4.15953246419352e-02 1.00000000000000e+05 
4.18718597321591e-02 1.00000000000000e+05 
4.21493134450793e-02 1.00000000000000e+05 
4.24275423935625e-02 1.00000000000000e+05 
4.27066677003451e-02 1.00000000000000e+05 
4.29865738951723e-02 1.00000000000000e+05 
4.32673717621768e-02 1.00000000000000e+05 
4.35489707287089e-02 1.00000000000000e+05 
4.38314655372208e-02 1.00000000000000e+05 
4.41147751863908e-02 1.00000000000000e+05 
4.43989850411296e-02 1.00000000000000e+05 
4.46840066005573e-02 1.00000000000000e+05 
4.49699211207029e-02 1.00000000000000e+05 
4.52566517853524e-02 1.00000000000000e+05 
4.55441463936528e-02 1.00000000000000e+05 
4.58323063369802e-02 1.00000000000000e+05 
4.61211916038789e-02 1.00000000000000e+05 
4.64106756369813e-02 1.03569462442535e+05 
4.66999919700863e-02 1.16145156385761e+05 
4.69894062267666e-02 1.41005726792294e+05 
4.72786674416840e-02 1.71300842577369e+05 
4.75680472801287e-02 2.01829687941448e+05 
4.78573007759382e-02 2.19720223618452e+05 
4.81467082446607e-02 2.22024542048604e+05 
4.84360387052788e-02 2.20705198408770e+05 
4.87255690908986e-02 2.18291313771603e+05 
4.90150676153457e-02 2.14110963851784e+05 
4.93047979636470e-02 2.08681209744836e+05 
4.95945079389649e-02 2.03607133807447e+05 
4.98844736149457e-02 1.99125814118189e+05 
5.01744332954099e-02 1.95281130571248e+05 
5.04646783133199e-02 1.91945882737072e+05 
5.07549332392452e-02 1.88971784389812e+05 
5.10454885845670e-02 1.86095170425067e+05 
5.13360646839285e-02 1.83266656799480e+05 
5.16269491445561e-02 1.80358781587251e+05 
5.19178679700668e-02 1.77428997571123e+05 
5.22091098203160e-02 1.74466955187298e+05 
5.25004101774498e-02 1.71543633820696e+05 
5.27920570937005e-02 1.68663753763941e+05 
5.30837984565765e-02 1.65872262842252e+05 
5.33759223187268e-02 1.63159037965342e+05 
5.36681751636227e-02 1.60547702645545e+05 
5.39608316779043e-02 1.58023421662542e+05 
5.42536246238312e-02 1.55607127364335e+05 
5.45468237382971e-02 1.53285211220808e+05 
5.48401820612114e-02 1.51051258349412e+05 
5.51339722208200e-02 1.48917615656723e+05 
5.54279392309063e-02 1.46867747546054e+05 
5.57223481033203e-02 1.44902955661652e+05 
5.60169436524957e-02 1.43010649804844e+05 
5.63119864553994e-02 1.41194126093979e+05 
5.66072272822577e-02 1.39438743667670e+05 
5.69029214456478e-02 1.37745055306435e+05 
5.71988220808754e-02 1.36092758118098e+05 
5.74951810261290e-02 1.34487651218171e+05 
5.77917551138261e-02 1.32923379719925e+05 
5.80887922312101e-02 1.31406892663316e+05 
5.83860602361048e-02 1.29931120233798e+05 
5.86838033891991e-02 1.28503827582187e+05 
5.89817974126462e-02 1.27128257122459e+05 
5.92802674722948e-02 1.25796993335602e+05 
5.95790108151884e-02 1.24512936247571e+05 
5.98776007772027e-02 1.23277110921334e+05 
6.01760116288873e-02 1.22092626954447e+05 
6.04740362434419e-02 1.20957251339205e+05 
6.07718724735863e-02 1.19875298803411e+05 
6.10693147165975e-02 1.18837345346160e+05 
6.13662416494168e-02 1.17847513629887e+05 
6.16619680078253e-02 1.16893029420925e+05 
6.19562729281854e-02 1.15991569425914e+05 
6.22491931337029e-02 1.15119902600572e+05 
6.25405900233006e-02 1.14293899771025e+05 
6.28306650644578e-02 1.13491569194449e+05 
6.31193618930162e-02 1.12724718053583e+05 
6.34070039721876e-02 1.11975653334824e+05 
6.36935855541629e-02 1.11253014227836e+05 
6.39794783165172e-02 1.10544165468741e+05 
6.42644432913333e-02 1.09847751846214e+05 
6.45486058759812e-02 1.09172137060870e+05 
6.48320733285623e-02 1.08511064750826e+05 
6.51150928811445e-02 1.07868904772054e+05 
6.53977214719231e-02 1.07237606507690e+05 
6.56801931517348e-02 1.06624234899392e+05 
6.59625165649218e-02 1.06021134748476e+05 
6.62448943126596e-02 1.05435564136174e+05 
6.65263930327705e-02 1.04863875027614e+05 
6.68071013572316e-02 1.04312132696256e+05 
6.70872196276538e-02 1.03773922154176e+05 
6.73664992168597e-02 1.03255895588175e+05 
6.76454545488059e-02 1.02751211508871e+05 
6.79237865789075e-02 1.02266104002609e+05 
6.82018714823748e-02 1.01793693974280e+05 
6.84795737100713e-02 1.01338731852348e+05 
6.87569805811781e-02 1.00894912574451e+05 
6.90341449670882e-02 1.00469245957388e+05 
6.93109035064759e-02 1.00045719369483e+05 
6.95875940863416e-02 9.96479008367176e+04 
6.98640134096900e-02 9.92459823020505e+04 
7.01402157204910e-02 9.88701059875571e+04 
7.04162610986329e-02 9.84837233349301e+04 
7.06921405353949e-02 9.81226945448428e+04 
7.09679270004344e-02 9.77438196807292e+04 
7.12435506690722e-02 9.73964876500721e+04 
7.15191007057308e-02 9.70308038857157e+04 
7.17944852001595e-02 9.66952087042156e+04 
7.20697905641822e-02 9.63451820540966e+04 
7.23449586060374e-02 9.60211124697624e+04 
7.26199896603347e-02 9.56879101202261e+04 
7.28949469359766e-02 9.53750734986835e+04 
7.31697026201406e-02 9.50584558578005e+04 
7.34443772902205e-02 9.47424046622477e+04 
7.37187953987254e-02 9.44524879949726e+04 
7.39931596510709e-02 9.41594707432090e+04 
7.42673413787518e-02 9.38896110948962e+04 
7.45415129970656e-02 9.36137434524033e+04 
7.48155375244706e-02 9.33592194321623e+04 
7.50895947524365e-02 9.30962090532658e+04 
7.53634751386110e-02 9.28533269653052e+04 
7.56374818593157e-02 9.25989246868401e+04 
7.59113575842446e-02 9.23624760890468e+04 
7.61854683523037e-02 9.21159541286817e+04 
7.64594830424566e-02 9.18764199286957e+04 
7.67338418362333e-02 9.16369164975932e+04 
7.70080878606902e-02 9.13847851625701e+04 
7.72827643303558e-02 9.11203012920119e+04 
7.75573252022177e-02 9.08380036131358e+04 
7.78322850442392e-02 9.05341968643134e+04 
7.81070613238248e-02 9.02079614315411e+04 
7.83821870216501e-02 8.98589531380415e+04 
7.86572280175014e-02 8.94932685572286e+04 
7.89326054811623e-02 8.91151287868814e+04 
7.92079553476693e-02 8.87682067300073e+04 
7.94835708226287e-02 8.84510267329560e+04 
7.97591565663654e-02 8.81494637926251e+04 
8.00349632800454e-02 8.80294103520449e+04 
8.03106871394982e-02 8.79899512015357e+04 
8.05866387521274e-02 8.80593999842903e+04 
8.08638547088911e-02 8.82178882132895e+04 
8.11412880511680e-02 8.87402205606482e+04 
8.14186097694482e-02 8.98008809982290e+04 
8.16958602516047e-02 9.15302182924831e+04 
8.19730578013365e-02 9.38215774224682e+04 
8.22502306443503e-02 9.63787336281339e+04 
8.25275067977627e-02 9.91132119418710e+04 
8.28047774285501e-02 1.01697355599310e+05 
8.30821862604468e-02 1.04036385950165e+05 
8.33572576039675e-02 1.05589014830666e+05 
8.36317552087667e-02 1.06500434912979e+05 
8.39050731648016e-02 1.06989929875413e+05 
8.41780414864285e-02 1.07220418993736e+05 
8.44501262012828e-02 1.07186689151318e+05 
8.47219933152179e-02 1.06926474737244e+05 
8.49934873457211e-02 1.06507094135029e+05 
8.52650352457257e-02 1.06034911695152e+05 
8.55366804720098e-02 1.05537488606319e+05 
8.58080283327134e-02 1.05040301199679e+05 
8.60790756669898e-02 1.04563120919528e+05 
8.63501060945358e-02 1.04145451236031e+05 
8.66210632966319e-02 1.03749294600946e+05 
8.68918180105520e-02 1.03359619462126e+05 
8.71619062487901e-02 1.03022770655111e+05 
8.74306089643509e-02 1.02731172270411e+05 
8.76981053782749e-02 1.02480940660872e+05 
8.79644725955324e-02 1.02281774898797e+05 
8.82296550262645e-02 1.02113535789089e+05 
8.84938374322451e-02 1.01958998596757e+05 
8.87571358228338e-02 1.01802301215602e+05 
8.90197286332007e-02 1.01643165746788e+05 
8.92816804560539e-02 1.01470377474260e+05 
8.95431792838094e-02 1.01284194912189e+05 
8.98042375288535e-02 1.01079942217658e+05 
9.00650620405853e-02 1.00861546089906e+05 
9.03255996761121e-02 1.00628387567029e+05 
9.05860650181107e-02 1.00385850845355e+05 
9.08459658332608e-02 1.00134224680163e+05 
9.11053838660950e-02 9.98788267135014e+04 
9.13643194127439e-02 9.96193043104787e+04 
9.16228996947977e-02 9.93605204001116e+04 
9.18811691747910e-02 9.91021307008934e+04 
9.21391741785135e-02 9.88486441909541e+04 
9.23970312796064e-02 9.85986917733274e+04 
9.26547078483765e-02 9.83562549436916e+04 
9.29123686354281e-02 9.81189026840850e+04 
9.31699303808341e-02 9.78900886503858e+04 
9.34276135559939e-02 9.76668916901670e+04 
9.36853229985698e-02 9.74522281881968e+04 
9.39432887526747e-02 9.72427584307998e+04 
9.42014196154999e-02 9.70412487756677e+04 
9.44599237090514e-02 9.68438099671035e+04 
9.47185555638957e-02 9.66535361408158e+04 
9.49775088423197e-02 9.64661944217066e+04 
9.52364809223727e-02 9.62851461161584e+04 
9.54958232581676e-02 9.61061342867902e+04 
9.57551694498459e-02 9.59326766050628e+04 
9.60149347033677e-02 9.57608041338241e+04 
9.62747218226369e-02 9.55938115259726e+04 
9.65349801977361e-02 9.54282667912657e+04 
9.67953440288225e-02 9.52675512930764e+04 
9.70563366621560e-02 9.51074862872684e+04 
9.73179218650402e-02 9.49533224597209e+04 
9.75799743163417e-02 9.47995356250115e+04 
9.78423372662913e-02 9.46511260662301e+04 
9.81052447965696e-02 9.45021990270828e+04 
9.83683270813441e-02 9.43569462483689e+04 
9.86320350333087e-02 9.42103685582442e+04 
9.88961004507211e-02 9.40660094552077e+04 
9.91608865445379e-02 9.39204982536537e+04 
9.94260924677806e-02 9.37766927801849e+04 
9.96919190204423e-02 9.36337673486295e+04 
9.99581356246592e-02 9.34918527843387e+04 
1.00224900262976e-01 9.33537558501556e+04 
1.00492063209713e-01 9.32167514384775e+04 
1.00759749616963e-01 9.30833129078187e+04 
1.01027835632889e-01 9.29499435647271e+04 
1.01296278989271e-01 9.28196262207314e+04 
1.01565044436380e-01 9.26892368642457e+04 
1.01834305547124e-01 9.25615619794668e+04 
1.02103875362886e-01 9.24333741274806e+04 
1.02373865405963e-01 9.23074537374708e+04 
1.02644095102182e-01 9.21803876933674e+04 
1.02914726363579e-01 9.20549817792744e+04 
1.03185569837287e-01 9.19281124902142e+04 
1.03456789397171e-01 9.18025877465108e+04 
1.03728160614849e-01 9.16759466012717e+04 
1.03999854528239e-01 9.15510074836989e+04 
1.04271653013478e-01 9.14255077318107e+04 
1.04543752056277e-01 9.13022921393641e+04 
1.04815953455236e-01 9.11790268999695e+04 
1.05088391564678e-01 9.10587146826846e+04 
1.05360831357259e-01 9.09385043602936e+04 
1.05633440471490e-01 9.08218839796192e+04 
1.05906061529067e-01 9.07061891185621e+04 
1.06178845697370e-01 9.05943321466738e+04 
1.06451637615914e-01 9.04845691427196e+04 
1.06724578905930e-01 9.03790685085642e+04 
1.06997541583639e-01 9.02772183177027e+04 
1.07270677962266e-01 9.01804873379014e+04 
1.07543874663973e-01 9.00887252707746e+04 
1.07817287107790e-01 9.00031261633132e+04 
1.08090805322242e-01 8.99233776545070e+04 
1.08364583710032e-01 8.98504210683422e+04 
1.08638508361420e-01 8.97841407799455e+04 
1.08912742956040e-01 8.97248994993163e+04 
1.09187171716035e-01 8.96731083926599e+04 
1.09461969123571e-01 8.96280786816464e+04 
1.09737049410611e-01 8.95906716662831e+04 
1.10012567367983e-01 8.95599861484938e+04 
1.10288501778421e-01 8.95367551051645e+04 
1.10564904148702e-01 8.95203252039423e+04 
1.10841573991618e-01 8.95109167196119e+04 
1.11118524006632e-01 8.95080519170432e+04 
1.11395741811911e-01 8.95112242497988e+04 
1.11673241601114e-01 8.95193438066555e+04 
1.11950979356778e-01 8.95333397473897e+04 
1.12228898823030e-01 8.95515577487058e+04 
1.12507062624992e-01 8.95774824008021e+04 
1.12785406824889e-01 8.96042041611220e+04 
1.13063971829870e-01 8.96384293866644e+04 
1.13342742261675e-01 8.96754260087709e+04 
1.13621762571704e-01 8.97195389974874e+04 
1.13900956953794e-01 8.97673872131511e+04 
1.14180379501075e-01 8.98243665745258e+04 
1.14459976490338e-01 8.98865917227838e+04 
1.14739768936556e-01 8.99614029411293e+04 
1.15019740248005e-01 9.00424248236031e+04 
1.15299889570963e-01 9.01376660582512e+04 
1.15580225619657e-01 9.02380463659611e+04 
1.15860758440567e-01 9.03513170027896e+04 
1.16141397371687e-01 9.04666172755032e+04 
1.16422216863798e-01 9.05897031235852e+04 
1.16703121380158e-01 9.07101112180757e+04 
1.16984221824345e-01 9.08332163508533e+04 
1.17265406565172e-01 9.09497868107937e+04 
1.17546795904399e-01 9.10635380935425e+04 
1.17828263261708e-01 9.11710486807284e+04 
1.18109927388313e-01 9.12723482634230e+04 
1.18391668209749e-01 9.13639407421625e+04 
1.18673609982375e-01 9.14466481826947e+04 
1.18955648929751e-01 9.15171984267041e+04 
1.19237912614963e-01 9.15798776632589e+04 
1.19520303652057e-01 9.16288581258444e+04 
1.19802931486915e-01 9.16704331402761e+04 
1.20085708071916e-01 9.16997250729628e+04 
1.20368742387529e-01 9.17209118465666e+04 
1.20651968754854e-01 9.17305973775924e+04 
1.20935471869171e-01 9.17325861708317e+04 
1.21219208353165e-01 9.17234856760623e+04 
1.21503191459339e-01 9.17077709060384e+04 
1.21787407233157e-01 9.16826746106178e+04 
1.22071837484356e-01 9.16516825703458e+04 
1.22356539571908e-01 9.16135694820169e+04 
1.22641420687106e-01 9.15722307121031e+04 
1.22926539711488e-01 9.15260698619401e+04 
1.23211906823102e-01 9.14799583426768e+04 
1.23497514643792e-01 9.14311560115332e+04 
1.23783423204423e-01 9.13853369435620e+04 
1.24069585845768e-01 9.13391042575698e+04 
1.24356084164761e-01 9.12988588982309e+04 
1.24642884493812e-01 9.12602343522358e+04 
1.24930014850149e-01 9.12298772879727e+04 
1.25217466030708e-01 9.12027629734846e+04 
1.25505257658814e-01 9.11851506733021e+04 
1.25793393710722e-01 9.11720622792935e+04 
1.26081897998472e-01 9.11695708193794e+04 
1.26370743946703e-01 9.11724108237330e+04 
1.26659998495388e-01 9.11861447126436e+04 
1.26949346881866e-01 9.12048791754467e+04 
1.27239110442305e-01 9.12342007823501e+04 
1.27528950994947e-01 9.12669883308922e+04 
1.27819180222112e-01 9.13088126938791e+04 
1.28109496333256e-01 9.13519764763986e+04 
1.28400160196321e-01 9.14021915958288e+04 
1.28690903739010e-01 9.14515740680831e+04 
1.28981912928517e-01 9.15053914570266e+04 
1.29272991449770e-01 9.15562609578019e+04 
1.29564259895904e-01 9.16096359040826e+04 
1.29855597580353e-01 9.16582639978612e+04 
1.30147063133945e-01 9.17076229478213e+04 
1.30438595665686e-01 9.17519069167433e+04 
1.30730222858285e-01 9.17952934249417e+04 
1.31021915291324e-01 9.18310595944634e+04 
1.31313645113311e-01 9.18641028149663e+04 
1.31605489003221e-01 9.18885188733897e+04 
1.31897281653966e-01 9.19085484232284e+04 
1.32189138749220e-01 9.19198132912231e+04 
1.32480954794555e-01 9.19269198545594e+04 
1.32772828112215e-01 9.19251450247606e+04 
1.33064670182451e-01 9.19204573441597e+04 
1.33356553890559e-01 9.19073159528593e+04 
1.33648382106795e-01 9.18925750406192e+04 
1.33940233312945e-01 9.18702354364153e+04 
1.34231994375043e-01 9.18474337298567e+04 
1.34523814046391e-01 9.18177787453419e+04 
1.34815508899057e-01 9.17885691940025e+04 
1.35107292940887e-01 9.17534310811410e+04 
1.35398931008404e-01 9.17197305776783e+04 
1.35690620514263e-01 9.16808359419300e+04 
1.35982215466129e-01 9.16444769504781e+04 
1.36273668391133e-01 9.16034185412811e+04 
1.36565165492628e-01 9.15657034350786e+04 
1.36856434822566e-01 9.15242652933617e+04 
1.37147752603704e-01 9.14868479499468e+04 
1.37438883964889e-01 9.14474114999923e+04 
1.37730052694723e-01 9.14130243216764e+04 
1.38021058528682e-01 9.13783912781162e+04 
1.38312081446348e-01 9.13491848493572e+04 
1.38602975202428e-01 9.13207626129981e+04 
1.38893852793234e-01 9.12970739061818e+04 
1.39184621521287e-01 9.12771750241160e+04 
1.39475350957148e-01 9.12644577114538e+04 
1.39765986513997e-01 9.12541137903986e+04 
1.40056556685666e-01 9.12525759563778e+04 
1.40347043208461e-01 9.12559347028119e+04 
1.40637445735348e-01 9.12694057340334e+04 
1.40927780630034e-01 9.12906831153919e+04 
1.41218035332979e-01 9.13258452227939e+04 
1.41508200477031e-01 9.13719520764273e+04 
1.41798286285045e-01 9.14375543389779e+04 
1.42088287250930e-01 9.15172745826710e+04 
1.42378200161374e-01 9.16192601771738e+04 
1.42668046279947e-01 9.17382493879341e+04 
1.42957803545067e-01 9.18807903779581e+04 
1.43247521556583e-01 9.20408048887606e+04 
1.43537169742231e-01 9.22212912793719e+04 
1.43826809216203e-01 9.24155902510306e+04 
1.44116402640595e-01 9.26248530870637e+04 
1.44406016664069e-01 9.28434331932472e+04 
1.44695612529511e-01 9.30724655106084e+04 
1.44985265502760e-01 9.33034121834543e+04 
1.45274910244242e-01 9.35382859243729e+04 
1.45564636040184e-01 9.37688588562636e+04 
1.45854364241174e-01 9.39967147794490e+04 
1.46144201239882e-01 9.42141559470911e+04 
1.46434065109854e-01 9.44238326616438e+04 
1.46724070125801e-01 9.46199298400480e+04 
1.47014128876094e-01 9.48066566981526e+04 
1.47304296072330e-01 9.49779563280488e+04 
1.47594512818068e-01 9.51398233915283e+04 
1.47884864194427e-01 9.52837807107017e+04 
1.48175290368955e-01 9.54184391442236e+04 
1.48465869135129e-01 9.55360728903587e+04 
1.48756542667202e-01 9.56456643878758e+04 
1.49047303156055e-01 9.57413409765187e+04 
1.49338186194462e-01 9.58295573304605e+04 
1.49629137678380e-01 9.59074758699918e+04 
1.49920220082388e-01 9.59775026087485e+04 
1.50211391648905e-01 9.60416337861684e+04 
1.50502708717635e-01 9.60948548239565e+04 
1.50794136615034e-01 9.61444943674695e+04 
1.51085719644415e-01 9.61852877887402e+04 
1.51377439843701e-01 9.62245176336779e+04 
1.51669331202573e-01 9.62573425535318e+04 
1.51961332492958e-01 9.62891919381649e+04 
1.52253093138928e-01 9.63150443987089e+04 
1.52544929166722e-01 9.63390860893354e+04 
1.52836565939255e-01 9.63561567016968e+04 
1.53128270558352e-01 9.63711451286291e+04 
1.53419814990432e-01 9.63761148574788e+04 
1.53711425515915e-01 9.63797022337157e+04 
1.54002898678729e-01 9.63721505190649e+04 
1.54294436418846e-01 9.63644584958656e+04 
1.54585849863383e-01 9.63466051782074e+04 
1.54877328574855e-01 9.63292924153272e+04 
1.55168676161481e-01 9.63035818109812e+04 
1.55460084844892e-01 9.62770887571743e+04 
1.55751346532689e-01 9.62446133584999e+04 
1.56042664330906e-01 9.62108145889089e+04 
1.56333853730459e-01 9.61735615881738e+04 
1.56625075609711e-01 9.61317733652523e+04 
1.56916187582506e-01 9.60906845467207e+04 
1.57207310423732e-01 9.60491072909126e+04 
1.57498333614951e-01 9.60118013393004e+04 
1.57789339633932e-01 9.59787740117740e+04 
1.58080255948144e-01 9.59520399228802e+04 
1.58371175185857e-01 9.59323053707280e+04 
1.58662047216247e-01 9.59207289204104e+04 
1.58952939388736e-01 9.59176327249915e+04 
1.59243817216066e-01 9.59245283884914e+04 
1.59534718651100e-01 9.59422801865742e+04 
1.59829095193782e-01 9.59729797531712e+04 
1.60123659159055e-01 9.60179529966476e+04 
1.60418178705941e-01 9.60793725129385e+04 
1.60712763633208e-01 9.61554426433783e+04 
1.61007386348660e-01 9.62488732776979e+04 
1.61302092826667e-01 9.63585817188015e+04 
1.61596885317312e-01 9.64846980790257e+04 
1.61891711641284e-01 9.66269992449086e+04 
1.62186659477633e-01 9.67833936554052e+04 
1.62481616862406e-01 9.69536322912463e+04 
1.62776676867485e-01 9.71352291656832e+04 
1.63071762383944e-01 9.73261956006152e+04 
1.63366906891798e-01 9.75270457366612e+04 
1.63662071615414e-01 9.77270926156228e+04 
1.63957083038313e-01 9.79342140014321e+04 
1.64252073135978e-01 9.81361763240054e+04 
1.64546916024486e-01 9.83337283705214e+04 
1.64841743885694e-01 9.85289745929226e+04 
1.65136813277735e-01 9.87136397569519e+04 
1.65431891309016e-01 9.88954349418319e+04 
1.65726785473502e-01 9.90666256294729e+04 
1.66021661585634e-01 9.92311844670220e+04 
1.66316374296470e-01 9.93876732806259e+04 
1.66611059187692e-01 9.95289912643184e+04 
1.66905595183852e-01 9.96707019247030e+04 
1.67200092358095e-01 9.97910993805590e+04 
1.67494433153771e-01 9.99171861696275e+04 
1.67788738581654e-01 1.00018767761482e+05 
1.68082880119736e-01 1.00125981360728e+05 
1.68376996354644e-01 1.00208484710891e+05 
1.68670955205169e-01 1.00295517078650e+05 
1.68964887376743e-01 1.00364203061732e+05 
1.69258665950385e-01 1.00434774985884e+05 
1.69552396027693e-01 1.00496887369686e+05 
1.69845955425718e-01 1.00559953020287e+05 
1.70139416998665e-01 1.00618168152075e+05 
1.70432664727348e-01 1.00680123306225e+05 
1.70727015028583e-01 1.00736479497681e+05 
1.71021105425542e-01 1.00796099302434e+05 
1.71314997393605e-01 1.00849150761837e+05 
1.71608541774282e-01 1.00904822532467e+05 
1.71901765361043e-01 1.00952705418292e+05 
1.72194532034393e-01 1.01003563575704e+05 
1.72486842197473e-01 1.01045427685915e+05 
1.72778568402684e-01 1.01090333254397e+05 
1.73069719141247e-01 1.01125374641146e+05 
1.73360191960682e-01 1.01162079282019e+05 
1.73650004354386e-01 1.01187745104773e+05 
1.73939094451566e-01 1.01213893854570e+05 
1.74227512763796e-01 1.01227641528876e+05 
1.74515246848796e-01 1.01241703957387e+05 
1.74802370025311e-01 1.01242723370501e+05 
1.75088885436957e-01 1.01244650844527e+05 
1.75374916176772e-01 1.01233585233198e+05 
1.75660483810823e-01 1.01223721230121e+05 
1.75945728436240e-01 1.01201232010549e+05 
1.76231186983662e-01 1.01180065217638e+05 
1.76516244664128e-01 1.01146883566180e+05 
1.76800960401109e-01 1.01114711187915e+05 
1.77085377744803e-01 1.01071485738675e+05 
1.77369583741396e-01 1.01027610680446e+05 
1.77653305721983e-01 1.00974070093054e+05 
1.77936644685200e-01 1.00918883055779e+05 
1.78219480550976e-01 1.00855510415073e+05 
1.78502010687607e-01 1.00789852335429e+05 
1.78784156946817e-01 1.00718607213893e+05 
1.79065935361540e-01 1.00646035452972e+05 
1.79347385750610e-01 1.00569261061999e+05 
1.79628527474686e-01 1.00493160493470e+05 
1.79909310012950e-01 1.00413267383366e+05 
1.80189874894402e-01 1.00335217064169e+05 
1.80470181650596e-01 1.00253822470100e+05 
1.80750349484026e-01 1.00175339120090e+05 
1.81030372651778e-01 1.00093451882657e+05 
1.81310121347034e-01 1.00015275873513e+05 
1.81589687739547e-01 9.99336237098595e+04 
1.81869001823823e-01 9.98556512624826e+04 
1.82148087748797e-01 9.97735250019871e+04 
1.82426971113428e-01 9.96946752527544e+04 
1.82705636716730e-01 9.96104215960431e+04 
1.82983898173733e-01 9.95291901117952e+04 
1.83261892105216e-01 9.94411429440977e+04 
1.83539462353590e-01 9.93562945562848e+04 
1.83816916122259e-01 9.92639948490836e+04 
1.84094007668917e-01 9.91752653233446e+04 
1.84370884300040e-01 9.90785382656909e+04 
1.84647447481911e-01 9.89863154489447e+04 
1.84923976622034e-01 9.88858047963163e+04 
1.85200311409742e-01 9.87909808174115e+04 
1.85476486981192e-01 9.86883468527461e+04 
1.85752327378291e-01 9.85916423876688e+04 
1.86027769359193e-01 9.84889392654822e+04 
1.86302814434475e-01 9.83915779099120e+04 
1.86577327540683e-01 9.82888279474779e+04 
1.86851482488553e-01 9.81900597364908e+04 
1.87125145955503e-01 9.80859619662713e+04 
1.87398514317286e-01 9.79844565543769e+04 
1.87671483910992e-01 9.78788195406791e+04 
1.87944218530734e-01 9.77756592900497e+04 
1.88216636162232e-01 9.76699495495044e+04 
1.88488919498037e-01 9.75672630115261e+04 
1.88760978226920e-01 9.74642778841790e+04 
1.89032851948399e-01 9.73657693281887e+04 
1.89304554387995e-01 9.72697832248308e+04 
1.89576078722432e-01 9.71789133134882e+04 
1.89847516778931e-01 9.70929767156575e+04 
1.90118751752008e-01 9.70158634402574e+04 
1.90390009905541e-01 9.69493250281738e+04 
1.90661142917191e-01 9.68929498978874e+04 
1.90932391252267e-01 9.68504656282037e+04 
1.91203602577740e-01 9.68212415116698e+04 
1.91475000282885e-01 9.68115926660263e+04 
1.91746441809885e-01 9.68154063975005e+04 
1.92018126788669e-01 9.68482467722959e+04 
1.92289878231508e-01 9.69021592735466e+04 
1.92561804614531e-01 9.69931793545011e+04 
1.92833790539219e-01 9.71133478125305e+04 
1.93105990853555e-01 9.72770526163973e+04 
1.93378305865971e-01 9.74751491474275e+04 
1.93650868114054e-01 9.77108294002417e+04 
1.93923571606770e-01 9.79788168290408e+04 
1.94196537995987e-01 9.82728506255883e+04 
1.94469514491191e-01 9.85834180786866e+04 
1.94742696938191e-01 9.89084051050041e+04 
1.95015915057833e-01 9.92285987012199e+04 
1.95289394884031e-01 9.95513826981474e+04 
1.95562938179864e-01 9.98503300894775e+04 
1.95836784310436e-01 1.00132634721962e+05 
1.96110737464171e-01 1.00376774394009e+05 
1.96385033111692e-01 1.00589519526007e+05 
1.96659461623768e-01 1.00748211126373e+05 
1.96934234933362e-01 1.00869581576507e+05 
1.97209172890316e-01 1.00935928111915e+05 
1.97484315765055e-01 1.00972716966481e+05 
1.97759730749756e-01 1.00961713778864e+05 
1.98035428739977e-01 1.00923936846290e+05 
1.98311364813291e-01 1.00844313208235e+05 
1.98587651063706e-01 1.00749497097705e+05 
1.98864175927619e-01 1.00616609613330e+05 
1.99141096495584e-01 1.00477385835881e+05 
1.99418252491496e-01 1.00305182411674e+05 
1.99695839661044e-01 1.00116437724898e+05 
1.99973666154450e-01 9.99132350081722e+04 
2.00251929000672e-01 9.97076448782564e+04 
