# Liste des scalaires : TEMPS pmat 
0.00000000000000e+00 1.00000000000000e+05 
7.22956891292051e-05 1.00000000000000e+05 
1.30572261241696e-04 1.00000000000000e+05 
1.87568611318308e-04 1.00000000000000e+05 
2.45642251448377e-04 1.00000000000000e+05 
3.02453568172193e-04 1.00000000000000e+05 
3.61321170103158e-04 1.00000000000000e+05 
4.19910623904195e-04 1.00000000000000e+05 
4.79438897605783e-04 1.00000000000000e+05 
5.37572615268377e-04 1.00000000000000e+05 
5.97687068869645e-04 1.00000000000000e+05 
6.59355765188358e-04 1.00000000000000e+05 
7.20499662202602e-04 1.00000000000000e+05 
7.84617683616652e-04 1.00000000000000e+05 
8.51323000650474e-04 1.00000000000000e+05 
9.21039034222263e-04 1.00000000000000e+05 
9.91536435215421e-04 1.00000000000000e+05 
1.05677168026425e-03 1.00000000000000e+05 
1.12255345896054e-03 1.00000000000000e+05 
1.18904740077394e-03 1.00000000000000e+05 
1.25862877330977e-03 1.00000000000000e+05 
1.32674264411150e-03 1.00000000000000e+05 
1.39580830010988e-03 1.00000000000000e+05 
1.46559685729481e-03 1.00000000000000e+05 
1.53839568155762e-03 1.00000000000000e+05 
1.60988896278099e-03 1.00000000000000e+05 
1.68223153750102e-03 1.00000000000000e+05 
1.75488513055763e-03 1.00000000000000e+05 
1.83000179330364e-03 1.00000000000000e+05 
1.90499651217851e-03 1.00000000000000e+05 
1.98041086876420e-03 1.00000000000000e+05 
2.05561155758112e-03 1.00000000000000e+05 
2.13256780923055e-03 1.00000000000000e+05 
2.21084676946632e-03 1.00000000000000e+05 
2.29180085890957e-03 1.00000000000000e+05 
2.36957866352628e-03 1.00000000000000e+05 
2.44863751632439e-03 1.00000000000000e+05 
2.52851218525614e-03 1.00000000000000e+05 
2.61033556994731e-03 1.00000000000000e+05 
2.69121065058387e-03 1.00000000000000e+05 
2.77288711472692e-03 1.00000000000000e+05 
2.85498767456984e-03 1.00000000000000e+05 
2.93848946578865e-03 1.00000000000000e+05 
3.02440380068567e-03 1.00000000000000e+05 
3.11318926573856e-03 1.00000000000000e+05 
3.19805441725904e-03 1.00000000000000e+05 
3.28431240804920e-03 1.00000000000000e+05 
3.37175779655455e-03 1.00000000000000e+05 
3.46093286145049e-03 1.00000000000000e+05 
3.54918052407624e-03 1.00000000000000e+05 
3.63829361999963e-03 1.00000000000000e+05 
3.72803120765593e-03 1.00000000000000e+05 
3.81894295553651e-03 1.00000000000000e+05 
3.91179760428691e-03 1.00000000000000e+05 
4.00713930976179e-03 1.00000000000000e+05 
4.09990479416679e-03 1.00000000000000e+05 
4.19392784599171e-03 1.00000000000000e+05 
4.28904080917346e-03 1.00000000000000e+05 
4.38559208898747e-03 1.00000000000000e+05 
4.48440275148719e-03 1.00000000000000e+05 
4.58594337632873e-03 1.00000000000000e+05 
4.68377289166170e-03 1.00000000000000e+05 
4.78308677368100e-03 1.00000000000000e+05 
4.88372439609968e-03 1.00000000000000e+05 
4.98587801944243e-03 1.00000000000000e+05 
5.09032102028317e-03 1.00000000000000e+05 
5.19754493555619e-03 1.00000000000000e+05 
5.30054470381154e-03 1.00000000000000e+05 
5.40514819511755e-03 1.00000000000000e+05 
5.51117906356006e-03 1.00000000000000e+05 
5.61929628977906e-03 1.00000000000000e+05 
5.72938603021975e-03 1.00000000000000e+05 
5.84125628676514e-03 1.00000000000000e+05 
5.95599104515322e-03 1.00000000000000e+05 
6.07383289655160e-03 1.00000000000000e+05 
6.18515639753847e-03 1.00000000000000e+05 
6.29840465693180e-03 1.00000000000000e+05 
6.41336792013929e-03 1.00000000000000e+05 
6.53062114127202e-03 1.00000000000000e+05 
6.65000349032505e-03 1.00000000000000e+05 
6.77106029975192e-03 1.00000000000000e+05 
6.89477579090444e-03 1.00000000000000e+05 
7.02151977780313e-03 1.00000000000000e+05 
7.14132129678671e-03 1.00000000000000e+05 
7.26306041369639e-03 1.00000000000000e+05 
7.38646517989189e-03 1.00000000000000e+05 
7.51204879082409e-03 1.00000000000000e+05 
7.63952551214370e-03 1.00000000000000e+05 
7.76928128445486e-03 1.00000000000000e+05 
7.90110047156771e-03 1.00000000000000e+05 
8.03406007397097e-03 1.00000000000000e+05 
8.16906974807757e-03 1.00000000000000e+05 
8.30683067925448e-03 1.00000000000000e+05 
8.43809630427198e-03 1.00000000000000e+05 
8.57108467327297e-03 1.00000000000000e+05 
8.70547977907944e-03 1.00000000000000e+05 
8.84171722299072e-03 1.00000000000000e+05 
8.97948198280053e-03 1.00000000000000e+05 
9.11913050090216e-03 1.00000000000000e+05 
9.26038894835651e-03 1.00000000000000e+05 
9.40348373278677e-03 1.00000000000000e+05 
9.54816970607082e-03 1.00000000000000e+05 
9.69313533540309e-03 1.00000000000000e+05 
9.83900994718164e-03 1.00000000000000e+05 
9.98698111766920e-03 1.00000000000000e+05 
1.01369396423293e-02 1.00000000000000e+05 
1.02893779019156e-02 1.00000000000000e+05 
1.04440491183084e-02 1.00000000000000e+05 
1.06010131278830e-02 1.00000000000000e+05 
1.07567604333600e-02 1.00000000000000e+05 
1.09088382530799e-02 1.00000000000000e+05 
1.10579144578363e-02 1.00000000000000e+05 
1.12019511284559e-02 1.00000000000000e+05 
1.13438387884330e-02 1.00000000000000e+05 
1.14819113164454e-02 1.00000000000000e+05 
1.16185671331901e-02 1.00000000000000e+05 
1.17525748320664e-02 1.00000000000000e+05 
1.18858643730803e-02 1.00000000000000e+05 
1.20174632510684e-02 1.00000000000000e+05 
1.21473895045853e-02 1.00000000000000e+05 
1.22824798397985e-02 1.00000000000000e+05 
1.24220779726522e-02 1.00000000000000e+05 
1.25610366306868e-02 1.00000000000000e+05 
1.26995062503791e-02 1.00000000000000e+05 
1.28422796509630e-02 1.00000000000000e+05 
1.29861875518638e-02 1.00000000000000e+05 
1.31337951659061e-02 1.00000000000000e+05 
1.32815594137851e-02 1.00000000000000e+05 
1.34331223132510e-02 1.00000000000000e+05 
1.35588229911923e-02 1.00000000000000e+05 
1.36970937369277e-02 1.00000000000000e+05 
1.38229629086125e-02 1.00000000000000e+05 
1.39491345151308e-02 1.00000000000000e+05 
1.40755243189577e-02 1.00000000000000e+05 
1.42023265214236e-02 1.00000000000000e+05 
1.43295577087150e-02 1.00000000000000e+05 
1.44557492876746e-02 1.00000000000000e+05 
1.45823726945150e-02 1.00000000000000e+05 
1.47085945098592e-02 1.00000000000000e+05 
1.48358375279132e-02 1.00000000000000e+05 
1.49631141910746e-02 1.00000000000000e+05 
1.50918167892490e-02 1.00000000000000e+05 
1.52230045835897e-02 1.00000000000000e+05 
1.53551782036593e-02 1.00000000000000e+05 
1.54892874578943e-02 1.00000000000000e+05 
1.56241687518320e-02 1.00000000000000e+05 
1.57593159498508e-02 1.00000000000000e+05 
1.58948786693444e-02 1.00000000000000e+05 
1.60306027880226e-02 1.00000000000000e+05 
1.61666726619834e-02 1.00000000000000e+05 
1.63030225881922e-02 1.00000000000000e+05 
1.64399490709778e-02 1.00000000000000e+05 
1.65773560872740e-02 1.00000000000000e+05 
1.67154731122116e-02 1.00000000000000e+05 
1.68543395399200e-02 1.00000000000000e+05 
1.69940515628633e-02 1.00000000000000e+05 
1.71347037174121e-02 1.00000000000000e+05 
1.72763437200456e-02 1.00000000000000e+05 
1.74191423501458e-02 1.00000000000000e+05 
1.75631121839539e-02 1.00000000000000e+05 
1.77084568718571e-02 1.00000000000000e+05 
1.78453302068405e-02 1.00000000000000e+05 
1.79823324715737e-02 1.00000000000000e+05 
1.81196161877389e-02 1.00000000000000e+05 
1.82571085684973e-02 1.00000000000000e+05 
1.83949555741947e-02 1.00000000000000e+05 
1.85331697448665e-02 1.00000000000000e+05 
1.86720322887118e-02 1.00000000000000e+05 
1.88115322305436e-02 1.00000000000000e+05 
1.89517684806746e-02 1.00000000000000e+05 
1.90927430180782e-02 1.00000000000000e+05 
1.92344903611863e-02 1.00000000000000e+05 
1.93770660119941e-02 1.00000000000000e+05 
1.95205102854126e-02 1.00000000000000e+05 
1.96649751041234e-02 1.00000000000000e+05 
1.98104746100584e-02 1.00000000000000e+05 
1.99572339632616e-02 1.00000000000000e+05 
2.01052227491364e-02 1.00000000000000e+05 
2.02547403058633e-02 1.00000000000000e+05 
2.03946873722532e-02 1.00000000000000e+05 
2.05347758613937e-02 1.00000000000000e+05 
2.06751083117072e-02 1.00000000000000e+05 
2.08156285412502e-02 1.00000000000000e+05 
2.09564434268592e-02 1.00000000000000e+05 
2.10975554476583e-02 1.00000000000000e+05 
2.12391973651353e-02 1.00000000000000e+05 
2.13813794855619e-02 1.00000000000000e+05 
2.15242081017763e-02 1.00000000000000e+05 
2.16676835339649e-02 1.00000000000000e+05 
2.18118505470269e-02 1.00000000000000e+05 
2.19567460109334e-02 1.00000000000000e+05 
2.21023907863180e-02 1.00000000000000e+05 
2.22488555147879e-02 1.00000000000000e+05 
2.23961827751497e-02 1.00000000000000e+05 
2.25427997453262e-02 1.00000000000000e+05 
2.26920961771369e-02 1.00000000000000e+05 
2.28388865977919e-02 1.00000000000000e+05 
2.29810734282298e-02 1.00000000000000e+05 
2.31233268958580e-02 1.00000000000000e+05 
2.32657401118209e-02 1.00000000000000e+05 
2.34082556717079e-02 1.00000000000000e+05 
2.35509796386444e-02 1.00000000000000e+05 
2.36938979445862e-02 1.00000000000000e+05 
2.38371216363398e-02 1.00000000000000e+05 
2.39807004347114e-02 1.00000000000000e+05 
2.41248904317344e-02 1.00000000000000e+05 
2.42697049879848e-02 1.00000000000000e+05 
2.44152138454174e-02 1.00000000000000e+05 
2.45614280862539e-02 1.00000000000000e+05 
2.47083784149065e-02 1.00000000000000e+05 
2.48561184430610e-02 1.00000000000000e+05 
2.50046659666863e-02 1.00000000000000e+05 
2.51541265388491e-02 1.00000000000000e+05 
2.53045003564142e-02 1.00000000000000e+05 
2.54559493891000e-02 1.00000000000000e+05 
2.55996911527968e-02 1.00000000000000e+05 
2.57435088388271e-02 1.00000000000000e+05 
2.58874848564561e-02 1.00000000000000e+05 
2.60315629111178e-02 1.00000000000000e+05 
2.61758300393663e-02 1.00000000000000e+05 
2.63202577453378e-02 1.00000000000000e+05 
2.64649376244072e-02 1.00000000000000e+05 
2.66098880987126e-02 1.00000000000000e+05 
2.67551906723130e-02 1.00000000000000e+05 
2.69009804157655e-02 1.00000000000000e+05 
2.70474207083151e-02 1.00000000000000e+05 
2.71945258623624e-02 1.00000000000000e+05 
2.73423257777005e-02 1.00000000000000e+05 
2.74908519908189e-02 1.00000000000000e+05 
2.76401009073215e-02 1.00000000000000e+05 
2.77901514567144e-02 1.00000000000000e+05 
2.79409879975856e-02 1.00000000000000e+05 
2.80927455077424e-02 1.00000000000000e+05 
2.82446084279307e-02 1.00000000000000e+05 
2.83894984253655e-02 1.00000000000000e+05 
2.85344969935110e-02 1.00000000000000e+05 
2.86795357860167e-02 1.00000000000000e+05 
2.88246990435131e-02 1.00000000000000e+05 
2.89699446103762e-02 1.00000000000000e+05 
2.91153661073348e-02 1.00000000000000e+05 
2.92609657719036e-02 1.00000000000000e+05 
2.94068399389254e-02 1.00000000000000e+05 
2.95530545538852e-02 1.00000000000000e+05 
2.96998637689108e-02 1.00000000000000e+05 
2.98472966982974e-02 1.00000000000000e+05 
2.99954209382595e-02 1.00000000000000e+05 
3.01442607782835e-02 1.00000000000000e+05 
3.02938456897007e-02 1.00000000000000e+05 
3.04442330660981e-02 1.00000000000000e+05 
3.05954363081008e-02 1.00000000000000e+05 
3.07471868857297e-02 1.00000000000000e+05 
3.08926698475667e-02 1.00000000000000e+05 
3.10382047037745e-02 1.00000000000000e+05 
3.11838672648098e-02 1.00000000000000e+05 
3.13295928306096e-02 1.00000000000000e+05 
3.14754658197468e-02 1.00000000000000e+05 
3.16214362788050e-02 1.00000000000000e+05 
3.17675903529271e-02 1.00000000000000e+05 
3.19139048502823e-02 1.00000000000000e+05 
3.20604701078552e-02 1.00000000000000e+05 
3.22073202487947e-02 1.00000000000000e+05 
3.23545705389664e-02 1.00000000000000e+05 
3.25023253429454e-02 1.00000000000000e+05 
3.26507036576953e-02 1.00000000000000e+05 
3.27997362424120e-02 1.00000000000000e+05 
3.29494468373238e-02 1.00000000000000e+05 
3.30998987737305e-02 1.00000000000000e+05 
3.32510967069422e-02 1.00000000000000e+05 
3.34031551184445e-02 1.00000000000000e+05 
3.35560641554945e-02 1.00000000000000e+05 
3.37019966350044e-02 1.00000000000000e+05 
3.38480211122619e-02 1.00000000000000e+05 
3.39940748217366e-02 1.00000000000000e+05 
3.41402381345175e-02 1.00000000000000e+05 
3.42864681199346e-02 1.00000000000000e+05 
3.44328513514581e-02 1.00000000000000e+05 
3.45793697201679e-02 1.00000000000000e+05 
3.47261131799575e-02 1.00000000000000e+05 
3.48731148307916e-02 1.00000000000000e+05 
3.50205342529396e-02 1.00000000000000e+05 
3.51684439084326e-02 1.00000000000000e+05 
3.53169534341369e-02 1.00000000000000e+05 
3.54660698751479e-02 1.00000000000000e+05 
3.56158102453314e-02 1.00000000000000e+05 
3.57662104987041e-02 1.00000000000000e+05 
3.59172676022765e-02 1.00000000000000e+05 
3.60690739737509e-02 1.00000000000000e+05 
3.62216226036385e-02 1.00000000000000e+05 
3.63676675798119e-02 1.00000000000000e+05 
3.65137654721950e-02 1.00000000000000e+05 
3.66598470139825e-02 1.00000000000000e+05 
3.68059946620310e-02 1.00000000000000e+05 
3.69521615528650e-02 1.00000000000000e+05 
3.70984404766710e-02 1.00000000000000e+05 
3.72448127638064e-02 1.00000000000000e+05 
3.73913753495055e-02 1.00000000000000e+05 
3.75381578690270e-02 1.00000000000000e+05 
3.76852356197371e-02 1.00000000000000e+05 
3.78327538288491e-02 1.00000000000000e+05 
3.79808761432589e-02 1.00000000000000e+05 
3.81296188081721e-02 1.00000000000000e+05 
3.82790093284927e-02 1.00000000000000e+05 
3.84290807978050e-02 1.00000000000000e+05 
3.85798277086604e-02 1.00000000000000e+05 
3.87313319123125e-02 1.00000000000000e+05 
3.88835760986816e-02 1.00000000000000e+05 
3.90367025773774e-02 1.00000000000000e+05 
3.91827401298082e-02 1.00000000000000e+05 
3.93287601474480e-02 1.00000000000000e+05 
3.94748380981920e-02 1.00000000000000e+05 
3.96209185031850e-02 1.00000000000000e+05 
3.97670863005107e-02 1.00000000000000e+05 
3.99133119728518e-02 1.00000000000000e+05 
4.00596895595857e-02 1.00000000000000e+05 
4.02062389563877e-02 1.00000000000000e+05 
4.03530452746116e-02 1.00000000000000e+05 
4.05001899711563e-02 1.00000000000000e+05 
4.06479239364274e-02 1.00000000000000e+05 
4.07962914382162e-02 1.00000000000000e+05 
4.09453434312768e-02 1.00000000000000e+05 
4.10951221910023e-02 1.00000000000000e+05 
4.12456362492718e-02 1.00000000000000e+05 
4.13969646678648e-02 1.00000000000000e+05 
4.15491042151958e-02 1.00000000000000e+05 
4.17021893707660e-02 1.00000000000000e+05 
4.18481653977257e-02 1.00000000000000e+05 
4.19941750792864e-02 1.00000000000000e+05 
4.21402946222992e-02 1.00000000000000e+05 
4.22864764085332e-02 1.00000000000000e+05 
4.24328048248849e-02 1.00000000000000e+05 
4.25792517010005e-02 1.00000000000000e+05 
4.27259052874895e-02 1.00000000000000e+05 
4.28727697272121e-02 1.00000000000000e+05 
4.30199298192797e-02 1.00000000000000e+05 
4.31674405617491e-02 1.00000000000000e+05 
4.33155131005194e-02 1.00000000000000e+05 
4.34641898238569e-02 1.00000000000000e+05 
4.36135384817523e-02 1.00000000000000e+05 
4.37635705328983e-02 1.00000000000000e+05 
4.39142936909539e-02 1.00000000000000e+05 
4.40657580066119e-02 1.00000000000000e+05 
4.42179460145731e-02 1.00000000000000e+05 
4.43709585045987e-02 1.00000000000000e+05 
4.45247715807129e-02 1.00000000000000e+05 
4.46714113873342e-02 1.00000000000000e+05 
4.48181683215623e-02 1.00000000000000e+05 
4.49649786472641e-02 1.00000000000000e+05 
4.51119134503208e-02 1.00000000000000e+05 
4.52589278808509e-02 1.00000000000000e+05 
4.54060974836365e-02 1.00000000000000e+05 
4.55534010599319e-02 1.00000000000000e+05 
4.57009180510646e-02 1.00000000000000e+05 
4.58486666213665e-02 1.00000000000000e+05 
4.59967119261273e-02 1.00000000000000e+05 
4.61451103368106e-02 1.00000000000000e+05 
4.62940967687465e-02 1.00000000000000e+05 
4.64436831916534e-02 1.00000000000000e+05 
4.65939106082186e-02 1.00000000000000e+05 
4.67447816961710e-02 1.00000000000000e+05 
4.68963026323075e-02 1.00000000000000e+05 
4.70485083368363e-02 1.00000000000000e+05 
4.72013885736567e-02 1.00000000000000e+05 
4.73550225973682e-02 1.00000000000000e+05 
4.75093779010127e-02 1.00000000000000e+05 
4.76628912347672e-02 1.00000000000000e+05 
4.78105228186648e-02 1.00000000000000e+05 
4.79581974633443e-02 1.00000000000000e+05 
4.81059758855233e-02 1.00000000000000e+05 
4.82537974451081e-02 1.00000000000000e+05 
4.84017263418235e-02 1.00000000000000e+05 
4.85497121527620e-02 1.00000000000000e+05 
4.86978212012476e-02 1.00000000000000e+05 
4.88460213582670e-02 1.00000000000000e+05 
4.89943715854804e-02 1.00000000000000e+05 
4.91428685034604e-02 1.00000000000000e+05 
4.92915433425637e-02 1.00000000000000e+05 
4.94405000408004e-02 1.00000000000000e+05 
4.95898641070397e-02 1.00000000000000e+05 
4.97395850169958e-02 1.00000000000000e+05 
4.98896374738067e-02 1.00000000000000e+05 
5.00399502504285e-02 1.00000000000000e+05 
5.01904450096730e-02 1.00000000000000e+05 
5.03398109502211e-02 1.00000000000000e+05 
5.04796918280804e-02 1.00000000000000e+05 
5.06110714926650e-02 1.00000000000000e+05 
5.07413247324673e-02 1.00000000000000e+05 
5.08728681342498e-02 1.00000000000000e+05 
5.10033714145426e-02 1.00000000000000e+05 
5.11351907036609e-02 1.00000000000000e+05 
5.12659749506878e-02 1.00000000000000e+05 
5.13980957738351e-02 1.00000000000000e+05 
5.15291826900937e-02 1.00000000000000e+05 
5.16616230786273e-02 1.00000000000000e+05 
5.17930258501496e-02 1.00000000000000e+05 
5.19257984221534e-02 1.00000000000000e+05 
5.20575262996004e-02 1.00000000000000e+05 
5.21906418298112e-02 1.00000000000000e+05 
5.23227029314910e-02 1.00000000000000e+05 
5.24561722774879e-02 1.00000000000000e+05 
5.25885746594232e-02 1.00000000000000e+05 
5.27224093063884e-02 1.00000000000000e+05 
5.28551615732238e-02 1.00000000000000e+05 
5.29893745418751e-02 1.00000000000000e+05 
5.31224868584950e-02 1.00000000000000e+05 
5.32568782271085e-02 1.00000000000000e+05 
5.33903633638804e-02 1.00000000000000e+05 
5.35240786605287e-02 1.00000000000000e+05 
5.36579574047192e-02 1.00000000000000e+05 
5.37924880691716e-02 1.00000000000000e+05 
5.39267786189020e-02 1.00000000000000e+05 
5.40627106175086e-02 1.00000000000000e+05 
5.41950506417631e-02 1.00000000000000e+05 
5.43270058682917e-02 1.00000000000000e+05 
5.44588672934758e-02 1.00000000000000e+05 
5.45906472796429e-02 1.00000000000000e+05 
5.47226300695411e-02 1.00000000000000e+05 
5.48549327523266e-02 1.00000000000000e+05 
5.49879690560206e-02 1.00000000000000e+05 
5.51218630320005e-02 1.00000000000000e+05 
5.52567988326257e-02 1.00000000000000e+05 
5.53929526580807e-02 1.00000000000000e+05 
5.55304191417545e-02 1.00000000000000e+05 
5.56619329234231e-02 1.00000000000000e+05 
5.57936773451835e-02 1.00000000000000e+05 
5.59255854051908e-02 1.00000000000000e+05 
5.60578469332331e-02 1.00000000000000e+05 
5.61904653073546e-02 1.00000000000000e+05 
5.63236355766414e-02 1.00000000000000e+05 
5.64574819606300e-02 1.00000000000000e+05 
5.65922857417119e-02 1.00000000000000e+05 
5.67281587152668e-02 1.00000000000000e+05 
5.68651875536117e-02 1.00000000000000e+05 
5.70035396913283e-02 1.00000000000000e+05 
5.71361305291301e-02 1.00000000000000e+05 
5.72689003812831e-02 1.00000000000000e+05 
5.74019798977063e-02 1.00000000000000e+05 
5.75352951279311e-02 1.00000000000000e+05 
5.76689941795767e-02 1.00000000000000e+05 
5.78030764769856e-02 1.00000000000000e+05 
5.79376996944032e-02 1.00000000000000e+05 
5.80729748279018e-02 1.00000000000000e+05 
5.82091571188633e-02 1.00000000000000e+05 
5.83463456264732e-02 1.00000000000000e+05 
5.84846139602318e-02 1.00000000000000e+05 
5.86241137179817e-02 1.00000000000000e+05 
5.87578998763085e-02 1.00000000000000e+05 
5.88918282180555e-02 1.00000000000000e+05 
5.90260153495570e-02 1.00000000000000e+05 
5.91603921934423e-02 1.00000000000000e+05 
5.92950972086823e-02 1.00000000000000e+05 
5.94301270828331e-02 1.00000000000000e+05 
5.95656348051702e-02 1.00000000000000e+05 
5.97017225346661e-02 1.00000000000000e+05 
5.98386309074342e-02 1.00000000000000e+05 
5.99764758517066e-02 1.00000000000000e+05 
6.01153537537709e-02 1.00000000000000e+05 
6.02554015119802e-02 1.00000000000000e+05 
6.03899506360058e-02 1.00000000000000e+05 
6.05246180198040e-02 1.00000000000000e+05 
6.06595174568110e-02 1.00000000000000e+05 
6.07945838521781e-02 1.00000000000000e+05 
6.09299492271093e-02 1.00000000000000e+05 
6.10656048226574e-02 1.00000000000000e+05 
6.12016944922011e-02 1.00000000000000e+05 
6.13382970045714e-02 1.00000000000000e+05 
6.14756600850184e-02 1.00000000000000e+05 
6.16138364296998e-02 1.00000000000000e+05 
6.17529922284442e-02 1.00000000000000e+05 
6.18932559638286e-02 1.00000000000000e+05 
6.20346681469446e-02 1.00000000000000e+05 
6.21699047316286e-02 1.00000000000000e+05 
6.23053670057139e-02 1.00000000000000e+05 
6.24409914382097e-02 1.00000000000000e+05 
6.25768998869330e-02 1.00000000000000e+05 
6.27130746795606e-02 1.00000000000000e+05 
6.28496475723128e-02 1.00000000000000e+05 
6.29866706762912e-02 1.00000000000000e+05 
6.31242729284440e-02 1.00000000000000e+05 
6.32625996916658e-02 1.00000000000000e+05 
6.34018870052383e-02 1.00000000000000e+05 
6.35422566232876e-02 1.00000000000000e+05 
6.36837536240191e-02 1.00000000000000e+05 
6.38195598349835e-02 1.00000000000000e+05 
6.39556039392470e-02 1.00000000000000e+05 
6.40918211995802e-02 1.00000000000000e+05 
6.42283218830583e-02 1.00000000000000e+05 
6.43650748041877e-02 1.00000000000000e+05 
6.45021976212843e-02 1.00000000000000e+05 
6.46397096663537e-02 1.00000000000000e+05 
6.47777381190211e-02 1.00000000000000e+05 
6.49163815241590e-02 1.00000000000000e+05 
6.50558584311435e-02 1.00000000000000e+05 
6.51962659784903e-02 1.00000000000000e+05 
6.53376816420646e-02 1.00000000000000e+05 
6.54802014194807e-02 1.00000000000000e+05 
6.56170936602628e-02 1.00000000000000e+05 
6.57541589998651e-02 1.00000000000000e+05 
6.58914877578749e-02 1.00000000000000e+05 
6.60290294149985e-02 1.00000000000000e+05 
6.61668827262649e-02 1.00000000000000e+05 
6.63050270514430e-02 1.00000000000000e+05 
6.64435668637980e-02 1.00000000000000e+05 
6.65825267715813e-02 1.00000000000000e+05 
6.67220123433869e-02 1.00000000000000e+05 
6.68621148978347e-02 1.00000000000000e+05 
6.70030313619037e-02 1.00000000000000e+05 
6.71448498552313e-02 1.00000000000000e+05 
6.72876287992048e-02 1.00000000000000e+05 
6.74314472767972e-02 1.00000000000000e+05 
6.75763036239168e-02 1.00000000000000e+05 
6.77194676357929e-02 1.00000000000000e+05 
6.78574983339138e-02 1.00000000000000e+05 
6.79960707529685e-02 1.00000000000000e+05 
6.81351070093161e-02 1.00000000000000e+05 
6.82746159746415e-02 1.00000000000000e+05 
6.84145669606498e-02 1.00000000000000e+05 
6.85550087547955e-02 1.00000000000000e+05 
6.86959198513564e-02 1.00000000000000e+05 
6.88374112538994e-02 1.00000000000000e+05 
6.89795947312825e-02 1.00000000000000e+05 
6.91225767656587e-02 1.00000000000000e+05 
6.92663466048084e-02 1.00000000000000e+05 
6.94109922125819e-02 1.00000000000000e+05 
6.95564572346648e-02 1.00000000000000e+05 
6.97028663117421e-02 1.00000000000000e+05 
6.98501580596939e-02 1.00000000000000e+05 
6.99985067964791e-02 1.00000000000000e+05 
7.01393344888384e-02 1.00000000000000e+05 
7.02803259926653e-02 1.00000000000000e+05 
7.04215570358719e-02 1.00000000000000e+05 
7.05629705221670e-02 1.00000000000000e+05 
7.07046477251978e-02 1.00000000000000e+05 
7.08465595195910e-02 1.00000000000000e+05 
7.09887912151325e-02 1.00000000000000e+05 
7.11313536507647e-02 1.00000000000000e+05 
7.12743175335220e-02 1.00000000000000e+05 
7.14177387562018e-02 1.00000000000000e+05 
7.15618080925410e-02 1.00000000000000e+05 
7.17065728978496e-02 1.00000000000000e+05 
7.18520892324989e-02 1.00000000000000e+05 
7.19983769792680e-02 1.00000000000000e+05 
7.21454374167231e-02 1.00000000000000e+05 
7.22933191487641e-02 1.00000000000000e+05 
7.24420089235901e-02 1.00000000000000e+05 
7.25915954249955e-02 1.00000000000000e+05 
7.27420549155754e-02 1.00000000000000e+05 
7.28850744007870e-02 1.00000000000000e+05 
7.30283030387948e-02 1.00000000000000e+05 
7.31716879665586e-02 1.00014663609228e+05 
7.33152868147767e-02 1.00150629057438e+05 
7.34590589680877e-02 1.00449076215352e+05 
7.36030657528084e-02 1.00954997195601e+05 
7.37472820264626e-02 1.01697656963131e+05 
7.38917700987280e-02 1.02737228982660e+05 
7.40365294400126e-02 1.04100060685170e+05 
7.41816135621331e-02 1.05841327860429e+05 
7.43270499303117e-02 1.07885582933377e+05 
7.44729628680967e-02 1.10217810218457e+05 
7.46193429941298e-02 1.12818592887777e+05 
7.47663527080989e-02 1.15650449202856e+05 
7.49139980470712e-02 1.18734422058227e+05 
7.50622907792476e-02 1.21973517189085e+05 
7.52112310987732e-02 1.25297996523597e+05 
7.53608045994873e-02 1.28576545988957e+05 
7.55110352533449e-02 1.31762444319493e+05 
7.56619032196975e-02 1.34812560616969e+05 
7.58134602417978e-02 1.37685448375836e+05 
7.59656810186276e-02 1.40711257983456e+05 
7.61186470866020e-02 1.43032716398849e+05 
7.62723233042966e-02 1.45041284766942e+05 
7.64268197203593e-02 1.46582345533178e+05 
7.65731411462667e-02 1.47787659676955e+05 
7.67195892224592e-02 1.48679591657445e+05 
7.68662032979356e-02 1.49303550994120e+05 
7.70129433631587e-02 1.49477610709087e+05 
7.71598492594769e-02 1.49504791659615e+05 
7.73068876476174e-02 1.49643788625855e+05 
7.74540979952154e-02 1.49703366501085e+05 
7.76014547000091e-02 1.49817033886258e+05 
7.77489964864599e-02 1.49870744310942e+05 
7.78967121978988e-02 1.49954955881880e+05 
7.80446319326860e-02 1.50041577769806e+05 
7.81927597763583e-02 1.50141759644472e+05 
7.83411111809368e-02 1.50250654954288e+05 
7.84897896629320e-02 1.50356206695114e+05 
7.86389180619597e-02 1.50462954012904e+05 
7.87884613177831e-02 1.50563521328315e+05 
7.89384202500351e-02 1.50654541663967e+05 
7.90887558334267e-02 1.50721972436990e+05 
7.92394549491829e-02 1.50761004959103e+05 
7.93904936405139e-02 1.50770896838367e+05 
7.95418639112365e-02 1.50740325085447e+05 
7.96935611519419e-02 1.50661798937040e+05 
7.98455802181034e-02 1.50543375746384e+05 
7.99979264776784e-02 1.50388165104385e+05 
8.01505952833409e-02 1.50194796534653e+05 
8.03035998098854e-02 1.49960470112570e+05 
8.04569391819355e-02 1.49690313444232e+05 
8.06105139848884e-02 1.49385410766822e+05 
8.07642634277649e-02 1.49048190542881e+05 
8.09181921448708e-02 1.48689041383503e+05 
8.10723184174873e-02 1.48304683404331e+05 
8.12266490964800e-02 1.47901705546880e+05 
8.13812031068366e-02 1.47479495713007e+05 
8.15359895032479e-02 1.47037863641026e+05 
8.16910261638982e-02 1.46571269893289e+05 
8.18463265621661e-02 1.46098091963640e+05 
8.20019075830982e-02 1.45620354045901e+05 
8.21577894222491e-02 1.45135957792457e+05 
8.23139862762415e-02 1.44643516207490e+05 
8.24705259897372e-02 1.44144279549254e+05 
8.26274195253314e-02 1.43639101802067e+05 
8.27847040263205e-02 1.43128001262121e+05 
8.29423865177982e-02 1.42611705295000e+05 
8.31005153782357e-02 1.42090853899125e+05 
8.32590946395332e-02 1.41565182931768e+05 
8.34181866104053e-02 1.41035295276483e+05 
8.35778016174164e-02 1.40500795462743e+05 
8.37380168297261e-02 1.39962036800780e+05 
8.38988477619928e-02 1.39418978759582e+05 
8.40603878887365e-02 1.38872028635403e+05 
8.42226607521827e-02 1.38321262195562e+05 
8.43857785883262e-02 1.37767109247413e+05 
8.45497780112804e-02 1.37209636627732e+05 
8.47147925449277e-02 1.36649365496232e+05 
8.48808792240223e-02 1.36086481921501e+05 
8.50482051464188e-02 1.35521385109405e+05 
8.52161358041806e-02 1.34956582887503e+05 
8.53845438500719e-02 1.34393635335869e+05 
8.55532543819293e-02 1.33833515462740e+05 
8.57220972411069e-02 1.33277605678851e+05 
8.58909480844083e-02 1.32726643541174e+05 
8.60598057213337e-02 1.32181263709289e+05 
8.62286220476493e-02 1.31641841455244e+05 
8.63974237933052e-02 1.31108729440390e+05 
8.65661732031762e-02 1.30582139137458e+05 
8.67349005852526e-02 1.30062226450932e+05 
8.69035677522459e-02 1.29549084440391e+05 
8.70722035780091e-02 1.29042711002694e+05 
8.72407694552806e-02 1.28543113768062e+05 
8.74092930018491e-02 1.28050183133623e+05 
8.75777354139587e-02 1.27563831787148e+05 
8.77337666644701e-02 1.27118921780034e+05 
8.79023313912950e-02 1.26644095003163e+05 
8.80583525029105e-02 1.26209903612337e+05 
8.82237779621775e-02 1.25754871556652e+05 
8.83925260265650e-02 1.25296248351839e+05 
8.85611752780886e-02 1.24843256211421e+05 
8.87297437747206e-02 1.24395739378085e+05 
8.88981853513489e-02 1.23953595531425e+05 
8.90665297447568e-02 1.23516664368317e+05 
8.92347314126839e-02 1.23084866784950e+05 
8.94028245374331e-02 1.22658062966948e+05 
8.95707620232546e-02 1.22236206660364e+05 
8.97385806207556e-02 1.21819182221621e+05 
8.99062319681642e-02 1.21406964920641e+05 
9.00737514758082e-02 1.20999462290548e+05 
9.02414781979022e-02 1.20595737965754e+05 
9.04092383755543e-02 1.20196234552650e+05 
9.05768591312535e-02 1.19801260903945e+05 
9.07261729539460e-02 1.19452970288501e+05 
9.08904181589078e-02 1.19073623741617e+05 
9.10586395415011e-02 1.18689191301934e+05 
9.12268061850220e-02 1.18308953873849e+05 
9.13693032930191e-02 1.17989926155822e+05 
9.15163579526194e-02 1.17663691493055e+05 
9.16685789415351e-02 1.17329165220343e+05 
9.18299932583209e-02 1.16977911011581e+05 
9.19977344236727e-02 1.16616617626431e+05 
9.21651929036371e-02 1.16259664110952e+05 
9.23319228760187e-02 1.15907885488471e+05 
9.24979029132199e-02 1.15561214023947e+05 
9.26632105016184e-02 1.15219350977455e+05 
9.28040296001973e-02 1.14930767470702e+05 
9.29589306086340e-02 1.14616048392419e+05 
9.31227182120855e-02 1.14286323278776e+05 
9.32856787971355e-02 1.13961270414022e+05 
9.34277363676042e-02 1.13680323635983e+05 
9.35778542871988e-02 1.13385796117626e+05 
9.37283062867265e-02 1.13093006479616e+05 
9.38794598928591e-02 1.12801178222137e+05 
9.40285911390431e-02 1.12515492714537e+05 
9.41751442698136e-02 1.12236838062101e+05 
9.43189842007631e-02 1.11965311081263e+05 
9.44603366270201e-02 1.11700307826479e+05 
9.45993550784634e-02 1.11441439667575e+05 
9.47367269950797e-02 1.11187233456389e+05 
9.48727048388064e-02 1.10937186764145e+05 
9.50082641045676e-02 1.10689333160180e+05 
9.51436520892580e-02 1.10443284526103e+05 
9.52778551334225e-02 1.10200675887015e+05 
9.54101670715371e-02 1.09962737290570e+05 
9.55408527539239e-02 1.09728894445842e+05 
9.56707347684182e-02 1.09497520465503e+05 
9.58001121379041e-02 1.09268147743920e+05 
9.59295042176673e-02 1.09039647187265e+05 
9.60593677383480e-02 1.08811371837103e+05 
9.61900961165928e-02 1.08582347382129e+05 
9.63190586808119e-02 1.08358047640287e+05 
9.64472629829115e-02 1.08135369696548e+05 
9.65748426934537e-02 1.07913710708510e+05 
9.67023727042554e-02 1.07692653249160e+05 
9.68299430316057e-02 1.07471814160075e+05 
9.69579785725437e-02 1.07249895623489e+05 
9.70866196140068e-02 1.07028144179651e+05 
9.72162088100730e-02 1.06805316924054e+05 
9.73470513355111e-02 1.06581014878675e+05 
9.74750126160863e-02 1.06361882136065e+05 
9.76027991150472e-02 1.06142910965454e+05 
9.77306711825131e-02 1.05923397191856e+05 
9.78586321411152e-02 1.05703169596098e+05 
9.79869483992867e-02 1.05482000334902e+05 
9.81156965488933e-02 1.05259819460610e+05 
9.82453191755689e-02 1.05035727832370e+05 
9.83759796265022e-02 1.04809461938036e+05 
9.85078692026169e-02 1.04580622426260e+05 
9.86370501061482e-02 1.04356034443337e+05 
9.87664307679608e-02 1.04130657960995e+05 
9.88959766515163e-02 1.03904538732074e+05 
9.90258491270419e-02 1.03677427044490e+05 
9.91560220582973e-02 1.03449346520162e+05 
9.92866836327386e-02 1.03219996926164e+05 
9.94178696633694e-02 1.02989371310657e+05 
9.95499409399467e-02 1.02756852474890e+05 
9.96829966285460e-02 1.02522372072702e+05 
9.98171807166024e-02 1.02285683670624e+05 
9.99526339884568e-02 1.02046691644528e+05 
1.00084634034437e-01 1.01813252451069e+05 
1.00216862673706e-01 1.01579563667952e+05 
1.00349423063808e-01 1.01345748890482e+05 
1.00482274642244e-01 1.01111497755187e+05 
1.00615541159965e-01 1.00876777369345e+05 
1.00749205278952e-01 1.00641723795866e+05 
1.00883420199404e-01 1.00406132100790e+05 
1.01018328747383e-01 1.00169878508790e+05 
1.01154213631658e-01 9.99325606800485e+04 
1.01291203432201e-01 9.96940585332126e+04 
1.01429378347004e-01 9.94543488175017e+04 
1.01564194946791e-01 9.92213840245416e+04 
1.01699287695704e-01 9.89889435074143e+04 
1.01834617801971e-01 9.87571954628224e+04 
1.01970281984505e-01 9.85260640881561e+04 
1.02106252155020e-01 9.82956896513822e+04 
1.02242646811351e-01 9.80659597904278e+04 
1.02379486034960e-01 9.78369315066790e+04 
1.02516996600837e-01 9.76083144549246e+04 
1.02655281403132e-01 9.73800342794264e+04 
1.02794559568074e-01 9.71518260938448e+04 
1.02934959761534e-01 9.69235859083627e+04 
1.03072545505374e-01 9.67017382992933e+04 
1.03210317160263e-01 9.64814509351595e+04 
1.03348355230762e-01 9.62626540663263e+04 
1.03486634570544e-01 9.60454490193923e+04 
1.03625247448058e-01 9.58297474444207e+04 
1.03764175945693e-01 9.56156368089483e+04 
1.03903529988803e-01 9.54030043480918e+04 
1.04043343068317e-01 9.51918593700416e+04 
1.04183748070015e-01 9.49820615400002e+04 
1.04324958456505e-01 9.47733603631956e+04 
1.04467161044846e-01 9.45655550989430e+04 
1.04610466724209e-01 9.43585663133016e+04 
1.04750918461229e-01 9.41580912331837e+04 
1.04891561480940e-01 9.39597390267728e+04 
1.05032473445353e-01 9.37634329587338e+04 
1.05173634434462e-01 9.35692337459812e+04 
1.05315130126993e-01 9.33770561258443e+04 
1.05456945647829e-01 9.31869542345811e+04 
1.05599180293174e-01 9.29988311646293e+04 
1.05741853549503e-01 9.28126971250855e+04 
1.05885087229021e-01 9.26284322785131e+04 
1.06029017983881e-01 9.24459038623706e+04 
1.06173868479478e-01 9.22648815904975e+04 
1.06319775009176e-01 9.20852557898088e+04 
1.06466809379616e-01 9.19070052067724e+04 
1.06615093750773e-01 9.17300518075157e+04 
1.06762008612919e-01 9.15575307453522e+04 
1.06909466372158e-01 9.13871722610456e+04 
1.07057496483855e-01 9.12189665666592e+04 
1.07205919079285e-01 9.10531361465189e+04 
1.07354815525356e-01 9.08896012266675e+04 
1.07504105921688e-01 9.07284650522062e+04 
1.07653890772973e-01 9.05696337202743e+04 
1.07804123786924e-01 9.04131766149161e+04 
1.07954922670097e-01 9.02589910008145e+04 
1.08106304780611e-01 9.01070903200666e+04 
1.08258565212191e-01 8.99571975590366e+04 
1.08411746093800e-01 8.98092794768073e+04 
1.08565984062373e-01 8.96632190167622e+04 
1.08721284183286e-01 8.95190423401085e+04 
1.08877719765270e-01 8.93767305174288e+04 
1.09035324427304e-01 8.92363005761443e+04 
1.09186845100799e-01 8.91040649946950e+04 
1.09338779513813e-01 8.89741608820548e+04 
1.09491144041299e-01 8.88465634783063e+04 
1.09643932619703e-01 8.87210758166364e+04 
1.09797161908831e-01 8.85977795966149e+04 
1.09950829271749e-01 8.84767513195491e+04 
1.10104950252315e-01 8.83580376209701e+04 
1.10259528048237e-01 8.82415989190252e+04 
1.10414577834222e-01 8.81273147977117e+04 
1.10557883057325e-01 8.80239958090161e+04 
1.10711827122927e-01 8.79142794470002e+04 
1.10855268540878e-01 8.78143983642160e+04 
1.11004920847884e-01 8.77129377579012e+04 
1.11148485216924e-01 8.76179606552110e+04 
1.11298363788577e-01 8.75210655058048e+04 
1.11442042602435e-01 8.74302552673295e+04 
1.11591804521069e-01 8.73376628230144e+04 
1.11735594267898e-01 8.72505537249021e+04 
1.11885239137144e-01 8.71623345848122e+04 
1.12029139770726e-01 8.70795885269362e+04 
1.12178631054077e-01 8.69948299385661e+04 
1.12322644311852e-01 8.69142616293528e+04 
1.12472003773747e-01 8.68317949138876e+04 
1.12616132981910e-01 8.67532765776568e+04 
1.12765353055433e-01 8.66731833012110e+04 
1.12909600511476e-01 8.65968430893395e+04 
1.13058657655859e-01 8.65195690048512e+04 
1.13211964682718e-01 8.64418321965009e+04 
1.13375351979105e-01 8.63609291177556e+04 
1.13526889452819e-01 8.62878671597234e+04 
1.13687552579323e-01 8.62125938383031e+04 
1.13848460475100e-01 8.61396660024519e+04 
1.14009618536117e-01 8.60690889093399e+04 
1.14171022274359e-01 8.60005833020405e+04 
1.14332678109574e-01 8.59340204612405e+04 
1.14477561098163e-01 8.58759815149337e+04 
1.14636932385611e-01 8.58138557872457e+04 
1.14799348985423e-01 8.57513259851666e+04 
1.14962041762554e-01 8.56908700488108e+04 
1.15106988166923e-01 8.56386435335599e+04 
1.15258200522159e-01 8.55855887148413e+04 
1.15416104956015e-01 8.55315589700407e+04 
1.15579952823709e-01 8.54767954366194e+04 
1.15725281189377e-01 8.54292345390324e+04 
1.15875786927638e-01 8.53808923421861e+04 
1.16021379395972e-01 8.53358803788224e+04 
1.16171811786614e-01 8.52896727869971e+04 
1.16317650312459e-01 8.52451874008767e+04 
1.16468117162490e-01 8.51994919752874e+04 
1.16614184865494e-01 8.51553218833969e+04 
1.16764784064419e-01 8.51100220302163e+04 
1.16911009367875e-01 8.50665881686071e+04 
1.17061835450222e-01 8.50223678711139e+04 
1.17208554833296e-01 8.49800335722977e+04 
1.17359710222004e-01 8.49372361543393e+04 
1.17506804802463e-01 8.48964083433765e+04 
1.17658385130676e-01 8.48552986202569e+04 
1.17805910817713e-01 8.48162673490726e+04 
1.17958025325374e-01 8.47768998731706e+04 
1.18105057089760e-01 8.47396138014764e+04 
1.18266445965695e-01 8.46995440007947e+04 
1.18413639439503e-01 8.46638082820369e+04 
1.18574847503347e-01 8.46255572407652e+04 
1.18747212021455e-01 8.45857201137331e+04 
1.18920117404731e-01 8.45469161049869e+04 
1.19093591378928e-01 8.45091810134604e+04 
1.19267674839789e-01 8.44726160187083e+04 
1.19442402617668e-01 8.44372421894121e+04 
1.19617815890874e-01 8.44031601213278e+04 
1.19765958458262e-01 8.43756043775647e+04 
1.19928915282388e-01 8.43467464970881e+04 
1.20106248373642e-01 8.43171089889196e+04 
1.20284365555933e-01 8.42893175656423e+04 
1.20433979185672e-01 8.42677159482037e+04 
1.20595244855421e-01 8.42463975318025e+04 
1.20766504660208e-01 8.42262232898200e+04 
1.20937975066550e-01 8.42087775109583e+04 
1.21109646347074e-01 8.41935736818335e+04 
1.21281525566907e-01 8.41815886305505e+04 
1.21453604423703e-01 8.41733476685348e+04 
1.21625888484959e-01 8.41689980312906e+04 
1.21798373020020e-01 8.41692828919162e+04 
1.21971061495351e-01 8.41736934993089e+04 
1.22143956196363e-01 8.41774503192086e+04 
1.22317058189516e-01 8.41895944462820e+04 
1.22490380422575e-01 8.42084820116912e+04 
1.22664114898503e-01 8.42327566746310e+04 
1.22838292188464e-01 8.42624101216478e+04 
1.23012940426448e-01 8.42974817399342e+04 
1.23188036870158e-01 8.43407382019983e+04 
1.23363550082504e-01 8.43880491567813e+04 
1.23539456222359e-01 8.44353767254966e+04 
1.23715725879749e-01 8.44828093601459e+04 
1.23892347369268e-01 8.45304046576056e+04 
1.24069303822296e-01 8.45821564539029e+04 
1.24246596316708e-01 8.46418346431751e+04 
1.24424218432271e-01 8.47103833552163e+04 
1.24602181620101e-01 8.47914357164838e+04 
1.24780493794230e-01 8.48868054627484e+04 
1.24959182200153e-01 8.49978884316584e+04 
1.25138246739961e-01 8.51263676488697e+04 
1.25317724979188e-01 8.52691539386698e+04 
1.25497610783276e-01 8.54249507667712e+04 
1.25677953014721e-01 8.55932900120210e+04 
1.25858740380567e-01 8.57741801911460e+04 
1.26040034175132e-01 8.59662566052100e+04 
1.26221817915585e-01 8.61695399523579e+04 
1.26404166477651e-01 8.63819192891319e+04 
1.26587058336210e-01 8.66020958587014e+04 
1.26770583284635e-01 8.68285708441849e+04 
1.26954715467239e-01 8.70601012068547e+04 
1.27139561776736e-01 8.72949587171667e+04 
1.27325092442036e-01 8.75316642213507e+04 
1.27511433827047e-01 8.77686931405681e+04 
1.27698553222488e-01 8.80040748641898e+04 
1.27886599397989e-01 8.82367472742520e+04 
1.28075538293339e-01 8.84648538795133e+04 
1.28255060564486e-01 8.86746958379058e+04 
1.28434725297113e-01 8.88786519052507e+04 
1.28614504106554e-01 8.90740808943873e+04 
1.28794419794021e-01 8.92602158956961e+04 
1.28974450251925e-01 8.94368421842819e+04 
1.29154615201485e-01 8.96035160581321e+04 
1.29334900803159e-01 8.97600464531254e+04 
1.29515322249032e-01 8.99063324137055e+04 
1.29695876222904e-01 9.00423542464489e+04 
1.29876572541065e-01 9.01684300930528e+04 
1.30057436603920e-01 9.02850431854690e+04 
1.30238715735009e-01 9.03927519659713e+04 
1.30420400303471e-01 9.04922461442365e+04 
1.30602492774693e-01 9.05840544026030e+04 
1.30784965404069e-01 9.06687151661727e+04 
1.30967784508675e-01 9.07472254388816e+04 
1.31150920962824e-01 9.08202016601460e+04 
1.31334347640706e-01 9.08883518620262e+04 
1.31518043680799e-01 9.09523434336973e+04 
1.31701995622823e-01 9.10128571430293e+04 
1.31886129937305e-01 9.10704095175078e+04 
1.32070329582365e-01 9.11256171773097e+04 
1.32254588352019e-01 9.11789751905953e+04 
1.32438925300043e-01 9.12310413177238e+04 
1.32623335345319e-01 9.12817782979625e+04 
1.32807836558951e-01 9.13317042932977e+04 
1.32992422941670e-01 9.13814337083165e+04 
1.33177111067828e-01 9.14317441164909e+04 
1.33361895355913e-01 9.14823654209871e+04 
1.33546791434721e-01 9.15343267920330e+04 
1.33731794713426e-01 9.15873889556469e+04 
1.33916919971242e-01 9.16423239655218e+04 
1.34102164040991e-01 9.16988423856511e+04 
1.34287540686422e-01 9.17592520887426e+04 
1.34473048523283e-01 9.18244682573467e+04 
1.34658699979377e-01 9.19543482463374e+04 
1.34844495797205e-01 9.21891465634815e+04 
1.35030446786128e-01 9.25561072356272e+04 
1.35216556156618e-01 9.30965018317731e+04 
1.35402832905464e-01 9.38397390427746e+04 
1.35589283009788e-01 9.48192078938271e+04 
1.35775913496268e-01 9.59940914130152e+04 
1.35962733459339e-01 9.73592316454100e+04 
1.36149747437171e-01 9.89276806117412e+04 
1.36336968065601e-01 1.00676802076454e+05 
1.36524397306058e-01 1.02582376860200e+05 
1.36712051896782e-01 1.04596776543599e+05 
1.36899931271683e-01 1.06697756213856e+05 
1.37088056769718e-01 1.08860845299826e+05 
1.37276425068281e-01 1.10991628753858e+05 
1.37465062549981e-01 1.13024380955544e+05 
1.37653962871156e-01 1.14954229767624e+05 
1.37843158672714e-01 1.16838957941159e+05 
1.38032639238651e-01 1.18449687314124e+05 
1.38222444570586e-01 1.19685932291856e+05 
1.38412558471315e-01 1.20604626426702e+05 
1.38603029075252e-01 1.21252467281228e+05 
1.38793835024001e-01 1.21623401634567e+05 
1.38985034170090e-01 1.21606060622813e+05 
1.39176599119887e-01 1.21592984768553e+05 
1.39368599538540e-01 1.21568759823930e+05 
1.39560999900996e-01 1.21518203434767e+05 
1.39753884175013e-01 1.21441792572272e+05 
1.39916974027581e-01 1.21341432683630e+05 
1.40085298825356e-01 1.21198871775777e+05 
1.40248752257521e-01 1.21032842477273e+05 
1.40417317632375e-01 1.20837145425311e+05 
1.40576876536645e-01 1.20635860801216e+05 
1.40740494177592e-01 1.20415741599197e+05 
1.40900961551954e-01 1.20189353170549e+05 
1.41065408047439e-01 1.19949270333877e+05 
1.41226763630454e-01 1.19706717779093e+05 
1.41392298344964e-01 1.19452110431165e+05 
1.41554472290283e-01 1.19200196341244e+05 
1.41720998770035e-01 1.18943867690016e+05 
1.41892687907187e-01 1.18685573242097e+05 
1.42070115184665e-01 1.18423937092878e+05 
1.42253863348581e-01 1.18161425358800e+05 
1.42444533357027e-01 1.17900206882602e+05 
1.42642414408816e-01 1.17642295278465e+05 
1.42832576092454e-01 1.17407349295866e+05 
1.43036849802185e-01 1.17169264538231e+05 
1.43219255953576e-01 1.16968758491550e+05 
1.43419902720106e-01 1.16761420112015e+05 
1.43602509851848e-01 1.16584220520464e+05 
1.43803377696765e-01 1.16401332851293e+05 
1.43986186544044e-01 1.16245059234932e+05 
1.44187276276051e-01 1.16083242573292e+05 
1.44370285051158e-01 1.15944192982082e+05 
1.44571594703775e-01 1.15798927933429e+05 
1.44754801811760e-01 1.15672713881683e+05 
1.44956329630544e-01 1.15539130108597e+05 
1.45139593978046e-01 1.15421482307383e+05 
1.45341184760298e-01 1.15295088550106e+05 
1.45524458627658e-01 1.15182034010697e+05 
1.45726059881754e-01 1.15058689198604e+05 
1.45909418160876e-01 1.14946556935694e+05 
1.46111112267910e-01 1.14822475803329e+05 
1.46294678040352e-01 1.14708184674465e+05 
1.46493280045100e-01 1.14582259215932e+05 
1.46677114750964e-01 1.14463163751687e+05 
1.46875746442997e-01 1.14331008006462e+05 
1.47059867657360e-01 1.14205027277472e+05 
1.47258511215311e-01 1.14065341779705e+05 
1.47442914784771e-01 1.13931089701005e+05 
1.47640323690830e-01 1.13783989675814e+05 
1.47824989206328e-01 1.13641090807932e+05 
1.48020737270070e-01 1.13483506754839e+05 
1.48205641766175e-01 1.13328877874272e+05 
1.48404338202583e-01 1.13161063151698e+05 
1.48589477130201e-01 1.13001246883310e+05 
1.48791389950239e-01 1.12823239580651e+05 
1.48976764598547e-01 1.12655106302149e+05 
1.49176732099000e-01 1.12468857559212e+05 
1.49362337988923e-01 1.12291872076299e+05 
1.49560752392901e-01 1.12098837956838e+05 
1.49746582681074e-01 1.11914723232107e+05 
1.49943690309374e-01 1.11715887395510e+05 
1.50129737752694e-01 1.11525156212139e+05 
1.50325712311712e-01 1.11321157909539e+05 
1.50511969893168e-01 1.11124615936914e+05 
1.50706962996657e-01 1.10916394254599e+05 
1.50893424089089e-01 1.10715084557286e+05 
1.51087578491041e-01 1.10503413018333e+05 
1.51274236988075e-01 1.10298165012035e+05 
1.51467680548572e-01 1.10083849687216e+05 
1.51654531058291e-01 1.09875531438670e+05 
1.51854797587341e-01 1.09651035888271e+05 
1.52055758836436e-01 1.09424750691512e+05 
1.52256661282734e-01 1.09197734650780e+05 
1.52457540206366e-01 1.08970189346490e+05 
1.52658361005056e-01 1.08742345398375e+05 
1.52859251177294e-01 1.08514270009564e+05 
1.53060108922206e-01 1.08286233586302e+05 
1.53261104616453e-01 1.08058218829841e+05 
1.53462080698037e-01 1.07830519766295e+05 
1.53663242820645e-01 1.07603045026224e+05 
1.53864389599289e-01 1.07376096876015e+05 
1.54065755909528e-01 1.07149517689339e+05 
1.54267104748725e-01 1.06923608424399e+05 
1.54468682136222e-01 1.06698164255818e+05 
1.54670236725032e-01 1.06473470479196e+05 
1.54871993661639e-01 1.06249313237775e+05 
1.55073723775312e-01 1.06025928049618e+05 
1.55275631530229e-01 1.05803095990560e+05 
1.55477502271425e-01 1.05581019927893e+05 
1.55679509423002e-01 1.05359511721170e+05 
1.55881487266471e-01 1.05138701038132e+05 
1.56083590619124e-01 1.04918421758376e+05 
1.56285678170434e-01 1.04698772187903e+05 
1.56487882921942e-01 1.04479603617225e+05 
1.56690076518275e-01 1.04261008810500e+05 
1.56892374089019e-01 1.04042865991874e+05 
1.57094660310881e-01 1.03825285479730e+05 
1.57297036237597e-01 1.03608121345291e+05 
1.57499401235477e-01 1.03391456545482e+05 
1.57701843746822e-01 1.03175217193214e+05 
1.57904268961724e-01 1.02959470657374e+05 
1.58106768677350e-01 1.02744132976498e+05 
1.58309252172436e-01 1.02529160013872e+05 
1.58511797978220e-01 1.02314552091337e+05 
1.58714328853569e-01 1.02100276873838e+05 
1.58916905515119e-01 1.01886525493918e+05 
1.59119502287921e-01 1.01672772398919e+05 
1.59322125558196e-01 1.01458731726885e+05 
1.59524611837262e-01 1.01245418000986e+05 
1.59727152597992e-01 1.01032887472640e+05 
1.59929512430381e-01 1.00820340963923e+05 
1.60131735696614e-01 1.00607586477389e+05 
1.60333765569708e-01 1.00394924009455e+05 
1.60535665025081e-01 1.00182304834900e+05 
1.60737719267233e-01 9.99693445447907e+04 
1.60939992989892e-01 9.97560945941302e+04 
1.61142323571046e-01 9.95427698252562e+04 
1.61344678396556e-01 9.93294346289635e+04 
1.61547052678190e-01 9.91162141288092e+04 
1.61749451768533e-01 9.89031846252267e+04 
1.61952181722943e-01 9.86901496469931e+04 
1.62155277900128e-01 9.84772445293802e+04 
1.62358571831211e-01 9.82647821797787e+04 
1.62562016072643e-01 9.80530166989092e+04 
1.62765573824083e-01 9.78421377460641e+04 
1.62969248415476e-01 9.76323315546610e+04 
1.63173311623704e-01 9.74234682979091e+04 
1.63376677117195e-01 9.72167893596931e+04 
1.63581409265096e-01 9.70103033070182e+04 
1.63782551720019e-01 9.68090996062132e+04 
1.63987778213750e-01 9.66055608155965e+04 
1.64187789834377e-01 9.64089578123477e+04 
1.64392709936172e-01 9.62093335703329e+04 
1.64592455945407e-01 9.60165085169846e+04 
1.64797701874784e-01 9.58201442609431e+04 
1.64997896735111e-01 9.56302938555546e+04 
1.65203388494030e-01 9.54370866062684e+04 
1.65404623807972e-01 9.52494599117881e+04 
1.65610220817808e-01 9.50593474072724e+04 
1.65812996162698e-01 9.48733222907157e+04 
1.66018694389235e-01 9.46861025595200e+04 
1.66223437221791e-01 9.45013429592781e+04 
1.66420015639576e-01 9.43255149863491e+04 
1.66621325680211e-01 9.41471423166057e+04 
1.66818605439974e-01 9.39741878642928e+04 
1.67020356516359e-01 9.37999583422384e+04 
1.67218178187756e-01 9.36316715351499e+04 
1.67420518970086e-01 9.34627206268159e+04 
1.67618843419150e-01 9.33012494056697e+04 
1.67821734657501e-01 9.31416080093409e+04 
1.68020548002404e-01 9.29896825188864e+04 
1.68224009184328e-01 9.28416549803355e+04 
1.68423326611793e-01 9.27059347692976e+04 
1.68627395220463e-01 9.25792473857267e+04 
1.68827246591159e-01 9.24575009295451e+04 
1.69025100570681e-01 9.23547474133070e+04 
1.69227713328653e-01 9.22697521027561e+04 
1.69425975684136e-01 9.22029968862470e+04 
1.69629102886618e-01 9.21496364600666e+04 
1.69827787655666e-01 9.21134895450484e+04 
1.70031455089875e-01 9.20949380151550e+04 
1.70230571295770e-01 9.20794695763864e+04 
1.70434797961030e-01 9.20665987230235e+04 
1.70634357942481e-01 9.20690544875846e+04 
1.70839174757263e-01 9.21015340680980e+04 
1.71039200285572e-01 9.21659824815128e+04 
1.71244648254704e-01 9.22747064202165e+04 
1.71445166732648e-01 9.24295512679175e+04 
1.71651296048466e-01 9.26464178670305e+04 
1.71852344109181e-01 9.28978117136523e+04 
1.72059217095477e-01 9.31909919887660e+04 
1.72260835455552e-01 9.35089937163128e+04 
1.72468520912317e-01 9.38638048490405e+04 
1.72670758024213e-01 9.42566215490887e+04 
1.72879340500480e-01 9.47099677031240e+04 
1.73077322784768e-01 9.51925101567654e+04 
1.73281499248448e-01 9.57440547335998e+04 
1.73474895517762e-01 9.63277530370533e+04 
1.73673705549293e-01 9.69663896064060e+04 
1.73862665120457e-01 9.75990378563416e+04 
1.74056183162635e-01 9.82692756383500e+04 
1.74240844126502e-01 9.89458758297169e+04 
1.74429197662047e-01 9.96365192835178e+04 
1.74609774692679e-01 1.00287479838673e+05 
1.74793272486160e-01 1.00943088510478e+05 
1.74970046245078e-01 1.01566910509132e+05 
1.75149371728586e-01 1.02191360141081e+05 
1.75322879595147e-01 1.02768394294977e+05 
1.75499011318432e-01 1.03349863923422e+05 
1.75670497367240e-01 1.03917661763494e+05 
1.75847103748119e-01 1.04494375637306e+05 
1.76016451198725e-01 1.05039001357438e+05 
1.76190721556290e-01 1.05575695928661e+05 
1.76358580511060e-01 1.06060064671691e+05 
1.76530851978028e-01 1.06511025289430e+05 
1.76697263539960e-01 1.06896274308800e+05 
1.76867500162113e-01 1.07239521824557e+05 
1.77032379036518e-01 1.07565008377339e+05 
1.77200464007491e-01 1.07833050292134e+05 
1.77363688157136e-01 1.08021053011496e+05 
1.77529489116657e-01 1.08147855371092e+05 
1.77690980408088e-01 1.08216781474753e+05 
1.77854517947390e-01 1.08240484510629e+05 
1.78014458928188e-01 1.08224234644587e+05 
1.78176210050103e-01 1.08143913071012e+05 
1.78334925324866e-01 1.08015261676759e+05 
1.78495335969309e-01 1.07881363479595e+05 
1.78653136058507e-01 1.07746189546355e+05 
1.78812595526020e-01 1.07607069963441e+05 
1.78969764209194e-01 1.07466198457212e+05 
1.79128609614741e-01 1.07319507878337e+05 
1.79285390708899e-01 1.07170619767010e+05 
1.79443888195106e-01 1.07015766191757e+05 
1.79600459165699e-01 1.06856091782377e+05 
1.79772687233351e-01 1.06673785970598e+05 
1.79929158177571e-01 1.06501299865810e+05 
1.80101276216213e-01 1.06307800720965e+05 
1.80290606058719e-01 1.06092428388159e+05 
1.80498868885475e-01 1.05855617760496e+05 
1.80712193947770e-01 1.05616567443945e+05 
1.80925449480930e-01 1.05380826991088e+05 
1.81081923194470e-01 1.05216208545631e+05 
1.81240195556595e-01 1.05057806642270e+05 
1.81396720623319e-01 1.04912445204561e+05 
1.81555053116805e-01 1.04763536548387e+05 
1.81711637424337e-01 1.04637218164174e+05 
1.81870029545356e-01 1.04529039372055e+05 
1.82026661309804e-01 1.04438079687952e+05 
1.82198956250696e-01 1.04355120161733e+05 
1.82388480685678e-01 1.04284609133991e+05 
1.82596957564157e-01 1.04241782176034e+05 
1.82812924242086e-01 1.04204286959577e+05 
1.83028895314876e-01 1.04181602744736e+05 
1.83245214513784e-01 1.04183140143492e+05 
1.83461528272679e-01 1.04214502030713e+05 
1.83678182685217e-01 1.04277102109686e+05 
1.83894822591962e-01 1.04372369911972e+05 
1.84111517642844e-01 1.04497238151723e+05 
1.84328223665412e-01 1.04645299743499e+05 
1.84544888047786e-01 1.04816040223299e+05 
1.84761554651614e-01 1.05004297729815e+05 
1.84978178454539e-01 1.05204511053576e+05 
1.85194795074793e-01 1.05414520268027e+05 
1.85411368448547e-01 1.05622053963838e+05 
1.85627925564223e-01 1.05821725954436e+05 
1.85844440925567e-01 1.06024436036547e+05 
1.86060931913134e-01 1.06196854389203e+05 
1.86277383463820e-01 1.06345236155772e+05 
1.86493803306943e-01 1.06473442566256e+05 
1.86710185856729e-01 1.06561379968491e+05 
1.86926530024147e-01 1.06648044727747e+05 
1.87142838834282e-01 1.06729635174688e+05 
1.87359103808674e-01 1.06785671708168e+05 
1.87575337108129e-01 1.06817261420997e+05 
1.87791375739540e-01 1.06811838137433e+05 
1.88007535077960e-01 1.06765933454832e+05 
1.88223644863628e-01 1.06685592894574e+05 
1.88439736041152e-01 1.06575586717441e+05 
1.88655777766713e-01 1.06437239817327e+05 
1.88871811050010e-01 1.06270534983375e+05 
1.89087797418956e-01 1.06078852232273e+05 
1.89303787894053e-01 1.05866939060865e+05 
1.89519221098806e-01 1.05636957307687e+05 
1.89734454598792e-01 1.05393564589477e+05 
1.89948997943695e-01 1.05136776405076e+05 
1.90163294759567e-01 1.04868303565831e+05 
1.90376874364968e-01 1.04586983501709e+05 
1.90590183705197e-01 1.04303553133332e+05 
1.90802781649619e-01 1.04019514435861e+05 
1.91015110532616e-01 1.03733402235673e+05 
1.91226768194855e-01 1.03446634658056e+05 
1.91438184111910e-01 1.03159891650683e+05 
1.91648997460721e-01 1.02874767507119e+05 
1.91859569240229e-01 1.02591377169369e+05 
1.92069501780037e-01 1.02310315095270e+05 
1.92279247464640e-01 1.02031792231894e+05 
1.92488460365395e-01 1.01756633201982e+05 
1.92697561332465e-01 1.01484743144292e+05 
1.92906252971741e-01 1.01216896215675e+05 
1.93114915764958e-01 1.00952688302560e+05 
1.93323277699529e-01 1.00692672294655e+05 
1.93531610806461e-01 1.00436579837304e+05 
1.93739625321651e-01 1.00184925413820e+05 
1.93947686732608e-01 9.99372499442315e+04 
1.94155543582010e-01 9.96940039671461e+04 
1.94363515621154e-01 9.94547060149675e+04 
1.94571384063954e-01 9.92197354528564e+04 
1.94779425735793e-01 9.89886397584913e+04 
1.94987446684466e-01 9.87617101889421e+04 
1.95195686308193e-01 9.85385319967518e+04 
1.95367676987903e-01 9.83572253462681e+04 
1.95551492217246e-01 9.81663510220368e+04 
1.95725582590562e-01 9.79883170672615e+04 
1.95900581446273e-01 9.78119377566136e+04 
1.96083936329845e-01 9.76298452019892e+04 
1.96262047602008e-01 9.74554986781337e+04 
1.96445688368727e-01 9.72782433166617e+04 
1.96627355402634e-01 9.71053283486503e+04 
1.96813459655463e-01 9.69305236400442e+04 
1.96996492999808e-01 9.67608411138708e+04 
1.97183815671992e-01 9.65893141975069e+04 
1.97374601052349e-01 9.64167280125535e+04 
1.97568514818802e-01 9.62433367607474e+04 
1.97773218617353e-01 9.60623437586098e+04 
1.97983386378191e-01 9.58785590288100e+04 
1.98193836306385e-01 9.56963450757282e+04 
1.98404400848622e-01 9.55156476053010e+04 
1.98615243116663e-01 9.53361129011218e+04 
1.98826195701592e-01 9.51577658447523e+04 
1.99037415834914e-01 9.49802507040178e+04 
1.99248700121970e-01 9.48036878541166e+04 
1.99460225035362e-01 9.46277043072985e+04 
1.99671798859852e-01 9.44524792011765e+04 
1.99883599045091e-01 9.42776779936749e+04 
2.00095430615879e-01 9.41034723440960e+04 
2.00307475933878e-01 9.39296125306648e+04 
