# Liste des scalaires : TEMPS pmat 
0.00000000000000e+00 1.00000000000000e+05 
7.22956891292051e-05 1.00000000000000e+05 
1.39473830159791e-04 1.00000000000000e+05 
2.09658797050095e-04 1.00000000000000e+05 
2.76117114236732e-04 1.00000000000000e+05 
3.20638761908122e-04 1.00000000000000e+05 
3.55139419127668e-04 1.00000000000000e+05 
3.84466703006947e-04 1.00000000000000e+05 
4.10882456555349e-04 1.00000000000000e+05 
4.35440253196326e-04 1.00000000000000e+05 
4.62453829501401e-04 1.00000000000000e+05 
4.92168763436983e-04 1.00000000000000e+05 
5.24855190766124e-04 1.00000000000000e+05 
5.60810260828179e-04 1.00000000000000e+05 
6.00360837896439e-04 1.00000000000000e+05 
6.43866472671525e-04 1.00000000000000e+05 
6.91722670924120e-04 1.00000000000000e+05 
7.44364489001975e-04 1.00000000000000e+05 
8.02270488887615e-04 1.00000000000000e+05 
8.65967088761818e-04 1.00000000000000e+05 
9.36033348623443e-04 1.00000000000000e+05 
1.01310623447123e-03 1.00000000000000e+05 
1.09788640890379e-03 1.00000000000000e+05 
1.19114460077962e-03 1.00000000000000e+05 
1.28874595967991e-03 1.00000000000000e+05 
1.39427742078085e-03 1.00000000000000e+05 
1.50221628787620e-03 1.00000000000000e+05 
1.61553425737478e-03 1.00000000000000e+05 
1.73457347923507e-03 1.00000000000000e+05 
1.85304239890574e-03 1.00000000000000e+05 
1.98176400397794e-03 1.00000000000000e+05 
2.11426494755693e-03 1.00000000000000e+05 
2.24958974152075e-03 1.00000000000000e+05 
2.38731654744494e-03 1.00000000000000e+05 
2.46260735665704e-03 1.00000000000000e+05 
2.53884727114360e-03 1.00000000000000e+05 
2.61688020002978e-03 1.00000000000000e+05 
2.69756819861753e-03 1.00000000000000e+05 
2.78002735590643e-03 1.00000000000000e+05 
2.86256158785270e-03 1.00000000000000e+05 
2.94099134700048e-03 1.00000000000000e+05 
3.02052159571607e-03 1.00000000000000e+05 
3.10123104683909e-03 1.00000000000000e+05 
3.18343534646873e-03 1.00000000000000e+05 
3.26722506622828e-03 1.00000000000000e+05 
3.35283346761067e-03 1.00000000000000e+05 
3.44039317091122e-03 1.00000000000000e+05 
3.53004050362179e-03 1.00000000000000e+05 
3.62239357034177e-03 1.00000000000000e+05 
3.71715001037528e-03 1.00000000000000e+05 
3.81386154371924e-03 1.00000000000000e+05 
3.91302683205845e-03 1.00000000000000e+05 
4.01442241954297e-03 1.00000000000000e+05 
4.11884722879036e-03 1.00000000000000e+05 
4.22571871673134e-03 1.00000000000000e+05 
4.33447416406420e-03 1.00000000000000e+05 
4.44521539210040e-03 1.00000000000000e+05 
4.55806779098130e-03 1.00000000000000e+05 
4.67306928968314e-03 1.00000000000000e+05 
4.78916075484845e-03 1.00000000000000e+05 
4.89938882819706e-03 1.00000000000000e+05 
5.01355550509879e-03 1.00000000000000e+05 
5.12049171352063e-03 1.00000000000000e+05 
5.22953747222346e-03 1.00000000000000e+05 
5.34111543928201e-03 1.00000000000000e+05 
5.45495338282335e-03 1.00000000000000e+05 
5.57117491017192e-03 1.00000000000000e+05 
5.68946198320294e-03 1.00000000000000e+05 
5.80983361993247e-03 1.00000000000000e+05 
5.93084483067708e-03 1.00000000000000e+05 
6.05229379033224e-03 1.00000000000000e+05 
6.17424483123062e-03 1.00000000000000e+05 
6.30344090116691e-03 1.00000000000000e+05 
6.43344738890550e-03 1.00000000000000e+05 
6.56496309029885e-03 1.00000000000000e+05 
6.69728015148289e-03 1.00000000000000e+05 
6.83097044851683e-03 1.00000000000000e+05 
6.96541581567820e-03 1.00000000000000e+05 
7.11330571955571e-03 1.00000000000000e+05 
7.27598461382098e-03 1.00000000000000e+05 
7.45493139751277e-03 1.00000000000000e+05 
7.65177285957373e-03 1.00000000000000e+05 
7.85812784669946e-03 1.00000000000000e+05 
8.06486571738010e-03 1.00000000000000e+05 
8.27358400465915e-03 1.00000000000000e+05 
8.48301986841346e-03 1.00000000000000e+05 
8.69290497033934e-03 1.00000000000000e+05 
8.90545192667504e-03 1.00000000000000e+05 
9.11615734794918e-03 1.00000000000000e+05 
9.33206055000786e-03 1.00000000000000e+05 
9.54583018444532e-03 1.00000000000000e+05 
9.76469372469186e-03 1.00000000000000e+05 
9.96614159150182e-03 1.00000000000000e+05 
1.01676833789725e-02 1.00000000000000e+05 
1.03554322207220e-02 1.00000000000000e+05 
1.05452366808705e-02 1.00000000000000e+05 
1.07222477730411e-02 1.00000000000000e+05 
1.09014195325163e-02 1.00000000000000e+05 
1.10691847199992e-02 1.00000000000000e+05 
1.12373743218522e-02 1.00000000000000e+05 
1.13986137913253e-02 1.00000000000000e+05 
1.15754094722005e-02 1.00000000000000e+05 
1.17506088035630e-02 1.00000000000000e+05 
1.19248547347970e-02 1.00000000000000e+05 
1.20983214705845e-02 1.00000000000000e+05 
1.22714807289918e-02 1.00000000000000e+05 
1.24445529199855e-02 1.00000000000000e+05 
1.26169668085933e-02 1.00000000000000e+05 
1.27691552318805e-02 1.00000000000000e+05 
1.29211234693819e-02 1.00000000000000e+05 
1.30741561115279e-02 1.00000000000000e+05 
1.32275730681409e-02 1.00000000000000e+05 
1.33821339481381e-02 1.00000000000000e+05 
1.35376283861120e-02 1.00000000000000e+05 
1.36944079254716e-02 1.00000000000000e+05 
1.38527170733441e-02 1.00000000000000e+05 
1.40127794938560e-02 1.00000000000000e+05 
1.41752629961745e-02 1.00000000000000e+05 
1.43351291284676e-02 1.00000000000000e+05 
1.44973449513913e-02 1.00000000000000e+05 
1.46542685687138e-02 1.00000000000000e+05 
1.48131160421259e-02 1.00000000000000e+05 
1.49678282374330e-02 1.00000000000000e+05 
1.51242835834641e-02 1.00000000000000e+05 
1.52646477998876e-02 1.00000000000000e+05 
1.54046656093387e-02 1.00000000000000e+05 
1.55445985256090e-02 1.00000000000000e+05 
1.56845568921591e-02 1.00000000000000e+05 
1.58245750005412e-02 1.00000000000000e+05 
1.59647041551162e-02 1.00000000000000e+05 
1.61051458911454e-02 1.00000000000000e+05 
1.62457313892393e-02 1.00000000000000e+05 
1.63868601825296e-02 1.00000000000000e+05 
1.65281900359776e-02 1.00000000000000e+05 
1.66703042678813e-02 1.00000000000000e+05 
1.68127715013180e-02 1.00000000000000e+05 
1.69563413969428e-02 1.00000000000000e+05 
1.71005078529500e-02 1.00000000000000e+05 
1.72431122710303e-02 1.00000000000000e+05 
1.73842605031195e-02 1.00000000000000e+05 
1.75244656863745e-02 1.00000000000000e+05 
1.76643149539845e-02 1.00000000000000e+05 
1.78043672090319e-02 1.00000000000000e+05 
1.79427475446592e-02 1.00000000000000e+05 
1.80793656717527e-02 1.00000000000000e+05 
1.82145856597858e-02 1.00000000000000e+05 
1.83489799613472e-02 1.00000000000000e+05 
1.84816477039399e-02 1.00000000000000e+05 
1.86146832571655e-02 1.00000000000000e+05 
1.87479565266046e-02 1.00000000000000e+05 
1.88816109915805e-02 1.00000000000000e+05 
1.90155045860105e-02 1.00000000000000e+05 
1.91486316783702e-02 1.00000000000000e+05 
1.92812493095341e-02 1.00000000000000e+05 
1.94136371641060e-02 1.00000000000000e+05 
1.95460506351089e-02 1.00000000000000e+05 
1.96788497581339e-02 1.00000000000000e+05 
1.98125161813243e-02 1.00000000000000e+05 
1.99473742957467e-02 1.00000000000000e+05 
2.00797958380130e-02 1.00000000000000e+05 
2.02120379385384e-02 1.00000000000000e+05 
2.03442998997035e-02 1.00000000000000e+05 
2.04767647539451e-02 1.00000000000000e+05 
2.06096182383130e-02 1.00000000000000e+05 
2.07430983006999e-02 1.00000000000000e+05 
2.08774821793493e-02 1.00000000000000e+05 
2.10130914456711e-02 1.00000000000000e+05 
2.11502924084340e-02 1.00000000000000e+05 
2.12831588479937e-02 1.00000000000000e+05 
2.14162839285428e-02 1.00000000000000e+05 
2.15497899524269e-02 1.00000000000000e+05 
2.16838166538615e-02 1.00000000000000e+05 
2.18185515279904e-02 1.00000000000000e+05 
2.19541544054219e-02 1.00000000000000e+05 
2.20909228316207e-02 1.00000000000000e+05 
2.22292532672536e-02 1.00000000000000e+05 
2.23633657593815e-02 1.00000000000000e+05 
2.24978307836595e-02 1.00000000000000e+05 
2.26327585938254e-02 1.00000000000000e+05 
2.27682641113222e-02 1.00000000000000e+05 
2.29045145794552e-02 1.00000000000000e+05 
2.30416369829207e-02 1.00000000000000e+05 
2.31798963614043e-02 1.00000000000000e+05 
2.33196026452072e-02 1.00000000000000e+05 
2.34553862489661e-02 1.00000000000000e+05 
2.35915411097613e-02 1.00000000000000e+05 
2.37281646956158e-02 1.00000000000000e+05 
2.38653479217064e-02 1.00000000000000e+05 
2.40032449482015e-02 1.00000000000000e+05 
2.41419564888181e-02 1.00000000000000e+05 
2.42817251881057e-02 1.00000000000000e+05 
2.44227601931661e-02 1.00000000000000e+05 
2.45653969194790e-02 1.00000000000000e+05 
2.47034536894397e-02 1.00000000000000e+05 
2.48419293027127e-02 1.00000000000000e+05 
2.49808994836846e-02 1.00000000000000e+05 
2.51205062224283e-02 1.00000000000000e+05 
2.52608310845472e-02 1.00000000000000e+05 
2.54020908140570e-02 1.00000000000000e+05 
2.55443902487771e-02 1.00000000000000e+05 
2.56880863842276e-02 1.00000000000000e+05 
2.58282776757629e-02 1.00000000000000e+05 
2.59688034778874e-02 1.00000000000000e+05 
2.61097212561923e-02 1.00000000000000e+05 
2.62511519811663e-02 1.00000000000000e+05 
2.63931526356335e-02 1.00000000000000e+05 
2.65358956995186e-02 1.00000000000000e+05 
2.66794389022839e-02 1.00000000000000e+05 
2.68240233958075e-02 1.00000000000000e+05 
2.69699069783553e-02 1.00000000000000e+05 
2.71173523107454e-02 1.00000000000000e+05 
2.72604934943393e-02 1.00000000000000e+05 
2.74039810209130e-02 1.00000000000000e+05 
2.75478475293083e-02 1.00000000000000e+05 
2.76922074210931e-02 1.00000000000000e+05 
2.78370829241186e-02 1.00000000000000e+05 
2.79826331653556e-02 1.00000000000000e+05 
2.81288810556984e-02 1.00000000000000e+05 
2.82760514743930e-02 1.00000000000000e+05 
2.84244348221217e-02 1.00000000000000e+05 
2.85742196130006e-02 1.00000000000000e+05 
2.87202007418780e-02 1.00000000000000e+05 
2.88664509790857e-02 1.00000000000000e+05 
2.90129710811756e-02 1.00000000000000e+05 
2.91598432110997e-02 1.00000000000000e+05 
2.93070580275025e-02 1.00000000000000e+05 
2.94547387600695e-02 1.00000000000000e+05 
2.96028754595582e-02 1.00000000000000e+05 
2.97516539375366e-02 1.00000000000000e+05 
2.99012654147655e-02 1.00000000000000e+05 
3.00519195213847e-02 1.00000000000000e+05 
3.02037922896347e-02 1.00000000000000e+05 
3.03533037152514e-02 1.00000000000000e+05 
3.05020199071349e-02 1.00000000000000e+05 
3.06509312438528e-02 1.00000000000000e+05 
3.08000188710304e-02 1.00000000000000e+05 
3.09493736772661e-02 1.00000000000000e+05 
3.10989746877126e-02 1.00000000000000e+05 
3.12489669943746e-02 1.00000000000000e+05 
3.13993428789181e-02 1.00000000000000e+05 
3.15493801070919e-02 1.00000000000000e+05 
3.17012453647206e-02 1.00000000000000e+05 
3.18513120033237e-02 1.00000000000000e+05 
3.20050182221576e-02 1.00000000000000e+05 
3.21551900965898e-02 1.00000000000000e+05 
3.23059558209085e-02 1.00000000000000e+05 
3.24568599477856e-02 1.00000000000000e+05 
3.26078805440750e-02 1.00000000000000e+05 
3.27590243992213e-02 1.00000000000000e+05 
3.29104873805689e-02 1.00000000000000e+05 
3.30611566136257e-02 1.00000000000000e+05 
3.32133905011551e-02 1.00000000000000e+05 
3.33642614336266e-02 1.00000000000000e+05 
3.35174777565549e-02 1.00000000000000e+05 
3.36683769679452e-02 1.00000000000000e+05 
3.38211874956028e-02 1.00000000000000e+05 
3.39721400385650e-02 1.00000000000000e+05 
3.41252080253701e-02 1.00000000000000e+05 
3.42762178367882e-02 1.00000000000000e+05 
3.44295196058502e-02 1.00000000000000e+05 
3.45805846784176e-02 1.00000000000000e+05 
3.47317637432556e-02 1.00000000000000e+05 
3.48823428787847e-02 1.00000000000000e+05 
3.50335637191604e-02 1.00000000000000e+05 
3.51842769867400e-02 1.00000000000000e+05 
3.53354956207420e-02 1.00000000000000e+05 
3.54863201083411e-02 1.00000000000000e+05 
3.56375821146872e-02 1.00000000000000e+05 
3.57887240779930e-02 1.00000000000000e+05 
3.59400000218172e-02 1.00000000000000e+05 
3.60912211802663e-02 1.00000000000000e+05 
3.62425001929776e-02 1.00000000000000e+05 
3.63937314793551e-02 1.00000000000000e+05 
3.65450223881087e-02 1.00000000000000e+05 
3.66962682785242e-02 1.00000000000000e+05 
3.68475745028119e-02 1.00000000000000e+05 
3.69988328764916e-02 1.00000000000000e+05 
3.71501965475170e-02 1.00000000000000e+05 
3.73015131035765e-02 1.00000000000000e+05 
3.74528791231679e-02 1.00000000000000e+05 
3.76041656656842e-02 1.00000000000000e+05 
3.77555060260355e-02 1.00000000000000e+05 
3.79067614113011e-02 1.00000000000000e+05 
3.80581180350838e-02 1.00000000000000e+05 
3.82093923706861e-02 1.00000000000000e+05 
3.83607119638067e-02 1.00000000000000e+05 
3.85119218473322e-02 1.00000000000000e+05 
3.86632243769418e-02 1.00000000000000e+05 
3.88144242022512e-02 1.00000000000000e+05 
3.89656620544395e-02 1.00000000000000e+05 
3.91167769594497e-02 1.00000000000000e+05 
3.92679787012373e-02 1.00000000000000e+05 
3.94190692104337e-02 1.00000000000000e+05 
3.95702358638413e-02 1.00000000000000e+05 
3.97212789345538e-02 1.00000000000000e+05 
3.98723469303961e-02 1.00000000000000e+05 
4.00232779000925e-02 1.00000000000000e+05 
4.01742883687774e-02 1.00000000000000e+05 
4.03251780127922e-02 1.00000000000000e+05 
4.04761401130408e-02 1.00000000000000e+05 
4.06269705168562e-02 1.00000000000000e+05 
4.07778682522839e-02 1.00000000000000e+05 
4.09286259833273e-02 1.00000000000000e+05 
4.10794452129670e-02 1.00000000000000e+05 
4.12301522066269e-02 1.00000000000000e+05 
4.13809115255221e-02 1.00000000000000e+05 
4.15315537860697e-02 1.00000000000000e+05 
4.16822566159215e-02 1.00000000000000e+05 
4.18328313345485e-02 1.00000000000000e+05 
4.19834755687003e-02 1.00000000000000e+05 
4.21339808513605e-02 1.00000000000000e+05 
4.22845623658874e-02 1.00000000000000e+05 
4.24349971972995e-02 1.00000000000000e+05 
4.25855133971432e-02 1.00000000000000e+05 
4.27358784311141e-02 1.00000000000000e+05 
4.28863288744110e-02 1.00000000000000e+05 
4.30366261711790e-02 1.00000000000000e+05 
4.31870122283735e-02 1.00000000000000e+05 
4.33372450590222e-02 1.00000000000000e+05 
4.34875695062839e-02 1.00000000000000e+05 
4.36377418829111e-02 1.00000000000000e+05 
4.37880085084059e-02 1.00000000000000e+05 
4.39381250487619e-02 1.00000000000000e+05 
4.40883384595418e-02 1.00000000000000e+05 
4.42384041609491e-02 1.00000000000000e+05 
4.43885693602925e-02 1.00000000000000e+05 
4.45385892052749e-02 1.00000000000000e+05 
4.46887111220520e-02 1.00000000000000e+05 
4.48386896910518e-02 1.00000000000000e+05 
4.49887764423410e-02 1.00000000000000e+05 
4.51387102438946e-02 1.00000000000000e+05 
4.52887502210093e-02 1.00000000000000e+05 
4.54386544800871e-02 1.00000000000000e+05 
4.55886649146266e-02 1.00000000000000e+05 
4.57385201811038e-02 1.00000000000000e+05 
4.58884976657860e-02 1.00000000000000e+05 
4.60383394941865e-02 1.00000000000000e+05 
4.61882959879862e-02 1.00000000000000e+05 
4.63380956797516e-02 1.00000000000000e+05 
4.64880258444120e-02 1.00000000000000e+05 
4.66378200531696e-02 1.00000000000000e+05 
4.67877429963615e-02 1.00000000000000e+05 
4.69375214333926e-02 1.00000000000000e+05 
4.70874290032947e-02 1.00000000000000e+05 
4.72371916152584e-02 1.00000000000000e+05 
4.73870975538541e-02 1.00000000000000e+05 
4.75368766408669e-02 1.00000000000000e+05 
4.76867977703156e-02 1.00000000000000e+05 
4.78366350870400e-02 1.00000000000000e+05 
4.79865983064195e-02 1.00000000000000e+05 
4.81365652596710e-02 1.00000000000000e+05 
4.82866253409100e-02 1.00000000000000e+05 
4.84368149824308e-02 1.00000000000000e+05 
4.85870388155609e-02 1.00000000000000e+05 
4.87375957179182e-02 1.00000000000000e+05 
4.88873772322854e-02 1.00000000000000e+05 
4.90372340180168e-02 1.00000000000000e+05 
4.91872595008140e-02 1.00000000000000e+05 
4.93373427696646e-02 1.00000000000000e+05 
4.94870788552523e-02 1.00000000000000e+05 
4.96364813506792e-02 1.00000000000000e+05 
4.97854521521196e-02 1.00000000000000e+05 
4.99339914066455e-02 1.00000000000000e+05 
5.00820175116345e-02 1.00000000000000e+05 
5.02294974298585e-02 1.00000000000000e+05 
5.03764164420552e-02 1.00000000000000e+05 
5.05226889714535e-02 1.00000000000000e+05 
5.06684882712271e-02 1.00000000000000e+05 
5.08135966954208e-02 1.00000000000000e+05 
5.09585630801931e-02 1.00000000000000e+05 
5.11030009482798e-02 1.00000000000000e+05 
5.12478229696273e-02 1.00000000000000e+05 
5.13925677156569e-02 1.00000000000000e+05 
5.15383774485091e-02 1.00000000000000e+05 
5.16834675512708e-02 1.00000000000000e+05 
5.18270277731349e-02 1.00000000000000e+05 
5.19667297303084e-02 1.00000000000000e+05 
5.21051635297472e-02 1.00000000000000e+05 
5.22406744034017e-02 1.00000000000000e+05 
5.23749954127636e-02 1.00000000000000e+05 
5.25117539654101e-02 1.00000000000000e+05 
5.26450683734179e-02 1.00000000000000e+05 
5.27817605388081e-02 1.00000000000000e+05 
5.29191543036116e-02 1.00000000000000e+05 
5.30569339637356e-02 1.00000000000000e+05 
5.31949183093015e-02 1.00000000000000e+05 
5.33351756313338e-02 1.00000000000000e+05 
5.34722752603894e-02 1.00000000000000e+05 
5.36069903056524e-02 1.00000000000000e+05 
5.37408938214704e-02 1.00000000000000e+05 
5.38746774583147e-02 1.00000000000000e+05 
5.40082467325880e-02 1.00000000000000e+05 
5.41419879501661e-02 1.00000000000000e+05 
5.42761758014118e-02 1.00000000000000e+05 
5.44109551871141e-02 1.00000000000000e+05 
5.45469832460274e-02 1.00000000000000e+05 
5.46841122909968e-02 1.00000000000000e+05 
5.48213323981238e-02 1.00000000000000e+05 
5.49622805942165e-02 1.00000000000000e+05 
5.50953676120197e-02 1.00000000000000e+05 
5.52284939450168e-02 1.00000000000000e+05 
5.53614065192817e-02 1.00000000000000e+05 
5.54946438212693e-02 1.00000000000000e+05 
5.56281384777465e-02 1.00000000000000e+05 
5.57622271478077e-02 1.00000000000000e+05 
5.58970446039799e-02 1.00000000000000e+05 
5.60327353810058e-02 1.00000000000000e+05 
5.61697625216055e-02 1.00000000000000e+05 
5.63080681740501e-02 1.00000000000000e+05 
5.64466007345286e-02 1.00000000000000e+05 
5.65888819165690e-02 1.00000000000000e+05 
5.67222932403289e-02 1.00000000000000e+05 
5.68558879580529e-02 1.00000000000000e+05 
5.69894678267866e-02 1.00000000000000e+05 
5.71235312245501e-02 1.00000000000000e+05 
5.72579622451739e-02 1.00000000000000e+05 
5.73931029090897e-02 1.00000000000000e+05 
5.75289768194001e-02 1.00000000000000e+05 
5.76657574162999e-02 1.00000000000000e+05 
5.78036838808573e-02 1.00000000000000e+05 
5.79427844163383e-02 1.00000000000000e+05 
5.80829991822358e-02 1.00000000000000e+05 
5.82257897863468e-02 1.00000000000000e+05 
5.83675242462027e-02 1.00000000000000e+05 
5.85021943379048e-02 1.00000000000000e+05 
5.86368735334438e-02 1.00000000000000e+05 
5.87720170941218e-02 1.00000000000000e+05 
5.89074602085476e-02 1.00000000000000e+05 
5.90435312081582e-02 1.00000000000000e+05 
5.91801054606489e-02 1.00000000000000e+05 
5.93175044977115e-02 1.00000000000000e+05 
5.94557699456671e-02 1.00000000000000e+05 
5.95950723058829e-02 1.00000000000000e+05 
5.97358371145086e-02 1.00000000000000e+05 
5.98781259193647e-02 1.00000000000000e+05 
6.00226490419977e-02 1.00000000000000e+05 
6.01692320001564e-02 1.00000000000000e+05 
6.03163259729532e-02 1.00000000000000e+05 
6.04527676554155e-02 1.00000000000000e+05 
6.05892575610509e-02 1.00000000000000e+05 
6.07262238935485e-02 1.00000000000000e+05 
6.08634196570684e-02 1.00000000000000e+05 
6.10011314410626e-02 1.00000000000000e+05 
6.11391681468043e-02 1.00000000000000e+05 
6.12778484248785e-02 1.00000000000000e+05 
6.14171503375814e-02 1.00000000000000e+05 
6.15573063739555e-02 1.00000000000000e+05 
6.16986908027098e-02 1.00000000000000e+05 
6.18414310067792e-02 1.00000000000000e+05 
6.19861858507849e-02 1.00000000000000e+05 
6.21327315780745e-02 1.00000000000000e+05 
6.22820235631973e-02 1.00000000000000e+05 
6.24334023229854e-02 1.00000000000000e+05 
6.25883512167933e-02 1.00000000000000e+05 
6.27454005967536e-02 1.00000000000000e+05 
6.28836917737235e-02 1.00000000000000e+05 
6.30223739162506e-02 1.00000000000000e+05 
6.31611814587335e-02 1.00000000000000e+05 
6.33002786172198e-02 1.00000000000000e+05 
6.34396822083552e-02 1.00000000000000e+05 
6.35796765942709e-02 1.00000000000000e+05 
6.37205007365001e-02 1.00000000000000e+05 
6.38623276401688e-02 1.00000000000000e+05 
6.40056099105590e-02 1.00000000000000e+05 
6.41501182343337e-02 1.00000000000000e+05 
6.42965595776724e-02 1.00000000000000e+05 
6.44444161590554e-02 1.00000000000000e+05 
6.45947839744473e-02 1.00000000000000e+05 
6.47469972876468e-02 1.00000000000000e+05 
6.49025585600339e-02 1.00000000000000e+05 
6.50606608333768e-02 1.00000000000000e+05 
6.52229881443294e-02 1.00000000000000e+05 
6.53879695696321e-02 1.00000000000000e+05 
6.55275636435942e-02 1.00000000000000e+05 
6.56672740433943e-02 1.00000000000000e+05 
6.58072058254553e-02 1.00000000000000e+05 
6.59474726870201e-02 1.00000000000000e+05 
6.60884111019677e-02 1.00000000000000e+05 
6.62300321467124e-02 1.00000000000000e+05 
6.63729072342609e-02 1.00000000000000e+05 
6.65167952281307e-02 1.00000000000000e+05 
6.66625001842489e-02 1.00000000000000e+05 
6.68098973234218e-02 1.00000000000000e+05 
6.69599470327145e-02 1.00000000000000e+05 
6.71124227284624e-02 1.00000000000000e+05 
6.72689492330344e-02 1.00000000000000e+05 
6.74292871087603e-02 1.00000000000000e+05 
6.75784886517370e-02 1.00000000000000e+05 
6.77176171011551e-02 1.00000000000000e+05 
6.78567632845820e-02 1.00000000000000e+05 
6.79960476322637e-02 1.00000000000000e+05 
6.81355911038644e-02 1.00000000000000e+05 
6.82754372860417e-02 1.00000000000000e+05 
6.84159031291951e-02 1.00000000000000e+05 
6.85569782825906e-02 1.00000000000000e+05 
6.86991786440091e-02 1.00000000000000e+05 
6.88425914088051e-02 1.00000000000000e+05 
6.89878081501711e-02 1.00000000000000e+05 
6.91347720390903e-02 1.00000000000000e+05 
6.92849098558401e-02 1.00000000000000e+05 
6.94385735309153e-02 1.00000000000000e+05 
6.95884931517199e-02 1.00000000000000e+05 
6.97440632257912e-02 1.00000000000000e+05 
6.98961597919997e-02 1.00000000000000e+05 
7.00515638805094e-02 1.00000000000000e+05 
7.01907356831522e-02 1.00000000000000e+05 
7.03302028884899e-02 1.00000000000000e+05 
7.04700769775123e-02 1.00000000000000e+05 
7.06104158062894e-02 1.00000000000000e+05 
7.07515018520357e-02 1.00000000000000e+05 
7.08937193306909e-02 1.00000000000000e+05 
7.10372144473030e-02 1.00000000000000e+05 
7.11821684137437e-02 1.00000000000000e+05 
7.13288032061291e-02 1.00000000000000e+05 
7.14772646847195e-02 1.00000000000000e+05 
7.16299268015043e-02 1.00000000000000e+05 
7.17869439573520e-02 1.00000000000000e+05 
7.19396492009993e-02 1.00000000000000e+05 
7.20982623751391e-02 1.00000000000000e+05 
7.22535912653234e-02 1.00000000000000e+05 
7.24137896701472e-02 1.00000000000000e+05 
7.25541835947229e-02 1.00000000000000e+05 
7.26950091581787e-02 1.00000000000000e+05 
7.28363655124894e-02 1.00000000000000e+05 
7.29784877966678e-02 1.00000000000000e+05 
7.31215096728359e-02 1.00000000000000e+05 
7.32641597540356e-02 1.00000000000000e+05 
7.34081511976892e-02 1.00000000000000e+05 
7.35510114928138e-02 1.00000000000000e+05 
7.36952148377374e-02 1.00000000000000e+05 
7.38382776203609e-02 1.00000000000000e+05 
7.39826889389749e-02 1.00000000000000e+05 
7.41259517388377e-02 1.00000000000000e+05 
7.42705726018319e-02 1.00000000000000e+05 
7.44245313478354e-02 1.00000000000000e+05 
7.45848112949829e-02 1.00000000000000e+05 
7.47248568413470e-02 1.00000000000000e+05 
7.48669954620997e-02 1.00000000000000e+05 
7.50095561032273e-02 1.00000000000000e+05 
7.51525902235446e-02 1.00000000000000e+05 
7.52962162976172e-02 1.00000000000000e+05 
7.54405024639571e-02 1.00000000000000e+05 
7.55857075203922e-02 1.00000000000000e+05 
7.57318465796431e-02 1.00000000000000e+05 
7.58791221090956e-02 1.00000000000000e+05 
7.60275548025218e-02 1.00000000000000e+05 
7.61772591559720e-02 1.00000000000000e+05 
7.63283271960391e-02 1.00000000000000e+05 
7.64808039552827e-02 1.00000000000000e+05 
7.66349397118492e-02 1.00000000000000e+05 
7.67910108956410e-02 1.00000000000000e+05 
7.69497166415384e-02 1.00000000000000e+05 
7.70954368984699e-02 1.00000000000000e+05 
7.72439704532450e-02 1.00000000000000e+05 
7.73839987261091e-02 1.00000000000000e+05 
7.75326808142953e-02 1.00000000000000e+05 
7.76788781831520e-02 1.00000000000000e+05 
7.78265777744526e-02 1.00000000000000e+05 
7.79730590816225e-02 1.00000000000000e+05 
7.81197727537922e-02 1.00000000000000e+05 
7.82665765997792e-02 1.00000906559084e+05 
7.84145151408348e-02 1.00095805196656e+05 
7.85616933561229e-02 1.00329158646110e+05 
7.87113605408870e-02 1.00748062148378e+05 
7.88589796605304e-02 1.01398899361307e+05 
7.90096404846510e-02 1.02331290155248e+05 
7.91498894125593e-02 1.03485122994201e+05 
7.93008254015017e-02 1.04998488188905e+05 
7.94412860990881e-02 1.06631838035805e+05 
7.95928020754032e-02 1.08636424061114e+05 
7.97422610246964e-02 1.10806381859503e+05 
7.98946977589704e-02 1.13231904829288e+05 
8.00450210627751e-02 1.15731925604769e+05 
8.01984365243597e-02 1.18299613557802e+05 
8.03498036462273e-02 1.20796926851464e+05 
8.05071440242788e-02 1.23295029427997e+05 
8.06719705327204e-02 1.25997144017343e+05 
8.08406968381632e-02 1.28183944956609e+05 
8.10126752002035e-02 1.29980440149960e+05 
8.11798303406979e-02 1.31213203500198e+05 
8.13565593234343e-02 1.32042664750559e+05 
8.15290765719324e-02 1.32221662924786e+05 
8.17115640270648e-02 1.32158761480962e+05 
8.18886885806760e-02 1.32127428935955e+05 
8.20774187890427e-02 1.32019140326344e+05 
8.22596128582011e-02 1.31895113666469e+05 
8.24485790770776e-02 1.31675748691401e+05 
8.26027209456732e-02 1.31420505782983e+05 
8.27575074103529e-02 1.31123269365117e+05 
8.29129221299896e-02 1.30786713033700e+05 
8.30689271748878e-02 1.30436114322973e+05 
8.32255052375545e-02 1.30058796010974e+05 
8.33827034836383e-02 1.29662435527631e+05 
8.35404860154866e-02 1.29259953260798e+05 
8.36989007170161e-02 1.28852240002580e+05 
8.38579061093495e-02 1.28447745530894e+05 
8.40175356774896e-02 1.28049517601682e+05 
8.41777645872244e-02 1.27660853733197e+05 
8.43386206331789e-02 1.27284437898620e+05 
8.45001133582734e-02 1.26922542571722e+05 
8.46622624930203e-02 1.26577200949275e+05 
8.48251136617564e-02 1.26248281674661e+05 
8.49886760933572e-02 1.25935828141526e+05 
8.51530340395628e-02 1.25638428824019e+05 
8.52972797292674e-02 1.25390800567838e+05 
8.54559499879424e-02 1.25131273369517e+05 
8.56004354926174e-02 1.24905897539673e+05 
8.57567369340001e-02 1.24672326684904e+05 
8.59254850263883e-02 1.24430936358857e+05 
8.60954962345706e-02 1.24196992286581e+05 
8.62667101140213e-02 1.23969228215294e+05 
8.64394433368979e-02 1.23745486523473e+05 
8.66136115110373e-02 1.23524603632134e+05 
8.67896438552863e-02 1.23304472792720e+05 
8.69456989469256e-02 1.23111031388104e+05 
8.71173595477288e-02 1.22899066273764e+05 
8.72733289614057e-02 1.22706683765053e+05 
8.74448953164502e-02 1.22494609259218e+05 
8.76008055652939e-02 1.22301195625206e+05 
8.77660110637563e-02 1.22095168640370e+05 
8.79219406872205e-02 1.21899619814968e+05 
8.80843542511167e-02 1.21694675160759e+05 
8.82403783754745e-02 1.21496667177493e+05 
8.84015056678552e-02 1.21291051329119e+05 
8.85576733458262e-02 1.21090868087177e+05 
8.87183558114756e-02 1.20884112373727e+05 
8.88904582149110e-02 1.20662093805676e+05 
8.90751194668678e-02 1.20423501650182e+05 
8.92682799054059e-02 1.20174007261769e+05 
8.94432468511871e-02 1.19948424329661e+05 
8.96231253593809e-02 1.19717337400970e+05 
8.97993483485957e-02 1.19492070183085e+05 
8.99806623352685e-02 1.19261826116730e+05 
9.01578874827487e-02 1.19038540700914e+05 
9.03405516570365e-02 1.18810520284880e+05 
9.05186138629190e-02 1.18590500702817e+05 
9.07020493718820e-02 1.18366348842151e+05 
9.08806900567074e-02 1.18150584851472e+05 
9.10649594885214e-02 1.17930689628404e+05 
9.12442305494694e-02 1.17719320326259e+05 
9.13926782461292e-02 1.17546174011401e+05 
9.15559707124550e-02 1.17357600090050e+05 
9.17089306019117e-02 1.17182671642296e+05 
9.18771864803141e-02 1.16992032839531e+05 
9.20622679465567e-02 1.16784311793643e+05 
9.22451491695930e-02 1.16580867437668e+05 
9.24365135906217e-02 1.16369666036787e+05 
9.26213712178775e-02 1.16167016170678e+05 
9.28156646976563e-02 1.15955244232192e+05 
9.30026021940380e-02 1.15752390570313e+05 
9.32000012944762e-02 1.15538927301128e+05 
9.33891338359927e-02 1.15334871921981e+05 
9.35899802858908e-02 1.15118632275789e+05 
9.37815756663163e-02 1.14912499613377e+05 
9.39469481245713e-02 1.14734554460379e+05 
9.41126326765249e-02 1.14557146842504e+05 
9.42784987138950e-02 1.14378799079091e+05 
9.44447037565264e-02 1.14199480951746e+05 
9.46112778487036e-02 1.14019249817154e+05 
9.47780355548542e-02 1.13838410027655e+05 
9.49448551480713e-02 1.13657246488632e+05 
9.51118916803838e-02 1.13475446325220e+05 
9.52791204933663e-02 1.13293179791600e+05 
9.54465542947747e-02 1.13110985255136e+05 
9.56141994971853e-02 1.12928942853382e+05 
9.57821741253627e-02 1.12746916800210e+05 
9.59504397504009e-02 1.12565227577221e+05 
9.61191293105891e-02 1.12383811174057e+05 
9.62880769419642e-02 1.12201469061357e+05 
9.64574011057275e-02 1.12018417320666e+05 
9.66269086824485e-02 1.11834875799577e+05 
9.67967302062649e-02 1.11651136022394e+05 
9.69666897803433e-02 1.11476706218063e+05 
9.71369696929652e-02 1.11325791332392e+05 
9.73073895969672e-02 1.11205239752235e+05 
9.74781012832313e-02 1.11115802223654e+05 
9.76489269089297e-02 1.11084191000207e+05 
9.78200171819728e-02 1.11108950015329e+05 
9.79912134623091e-02 1.11184697456567e+05 
9.81626751928552e-02 1.11314276920878e+05 
9.83342642829314e-02 1.11491664500063e+05 
9.85061431418672e-02 1.11716232437260e+05 
9.86781889900452e-02 1.11990759773979e+05 
9.88505618321708e-02 1.12315244945286e+05 
9.90231508775125e-02 1.12686190404547e+05 
9.91961106328416e-02 1.13102467219822e+05 
9.93693397674024e-02 1.13560270249915e+05 
9.95429867417932e-02 1.14057113621797e+05 
9.97169508815830e-02 1.14590663676402e+05 
9.98913192736359e-02 1.15155533625591e+05 
1.00066071650111e-01 1.15749003760027e+05 
1.00241162339344e-01 1.16365317440247e+05 
1.00416675445598e-01 1.16999753956928e+05 
1.00592566626752e-01 1.17645431259283e+05 
1.00768924183181e-01 1.18297316359115e+05 
1.00945704886662e-01 1.18949915456710e+05 
1.01123002894097e-01 1.19600906098349e+05 
1.01300775646399e-01 1.20242989364690e+05 
1.01479125301628e-01 1.20871819957690e+05 
1.01658009290461e-01 1.21480186129150e+05 
1.01837540555927e-01 1.22070059671236e+05 
1.02017675517885e-01 1.22636272839547e+05 
1.02198541562658e-01 1.23170146614899e+05 
1.02380092646383e-01 1.23664156112720e+05 
1.02562475484491e-01 1.24117079387969e+05 
1.02745639385775e-01 1.24541934112454e+05 
1.02929757025067e-01 1.24940104206825e+05 
1.03114769918405e-01 1.25262596018284e+05 
1.03300885591697e-01 1.25520269742460e+05 
1.03488032931126e-01 1.25720286285668e+05 
1.03676466444069e-01 1.25867247682404e+05 
1.03866094783900e-01 1.25905847382919e+05 
1.04057236027408e-01 1.25956545443961e+05 
1.04249496377435e-01 1.25982858601177e+05 
1.04442377147068e-01 1.25979657939506e+05 
1.04635203057902e-01 1.25954326517102e+05 
1.04828226128042e-01 1.25907411449228e+05 
1.04973963247244e-01 1.25854175325458e+05 
1.05124020322142e-01 1.25772056072583e+05 
1.05271229453445e-01 1.25688903509078e+05 
1.05420912252214e-01 1.25602682710928e+05 
1.05568756877350e-01 1.25514751579145e+05 
1.05721895603640e-01 1.25419332080632e+05 
1.05870368739162e-01 1.25317923832204e+05 
1.06024521586719e-01 1.25203264429160e+05 
1.06173634771828e-01 1.25083167661939e+05 
1.06328993528481e-01 1.24946108897389e+05 
1.06478770485629e-01 1.24801432874742e+05 
1.06635428168408e-01 1.24636115851954e+05 
1.06781903792822e-01 1.24467967402837e+05 
1.06939890160362e-01 1.24276722443069e+05 
1.07107092163704e-01 1.24063958442826e+05 
1.07282010622825e-01 1.23830977554408e+05 
1.07444992782876e-01 1.23605469834340e+05 
1.07615265340690e-01 1.23362198664846e+05 
1.07775392539311e-01 1.23127583207966e+05 
1.07942172254905e-01 1.22878347104787e+05 
1.08089136689649e-01 1.22655848029022e+05 
1.08248533303324e-01 1.22412355010800e+05 
1.08395867958878e-01 1.22186158201049e+05 
1.08554038245120e-01 1.21942822329472e+05 
1.08701670995843e-01 1.21715957356441e+05 
1.08858935089629e-01 1.21475178135877e+05 
1.09006897839043e-01 1.21250042305490e+05 
1.09163536002593e-01 1.21013710678122e+05 
1.09311946069416e-01 1.20792132262766e+05 
1.09466431403703e-01 1.20564280412179e+05 
1.09615376151413e-01 1.20347631190273e+05 
1.09769519844919e-01 1.20126873568582e+05 
1.09919044912504e-01 1.19916349095077e+05 
1.10075605828940e-01 1.19700135723818e+05 
1.10225419871396e-01 1.19497248429576e+05 
1.10378831180517e-01 1.19293794924251e+05 
1.10528525114105e-01 1.19099646748485e+05 
1.10682321770207e-01 1.18904872822523e+05 
1.10831922062647e-01 1.18720200159112e+05 
1.10991185918573e-01 1.18528957975242e+05 
1.11141002271752e-01 1.18353678389505e+05 
1.11303230964425e-01 1.18168608218364e+05 
1.11453232174141e-01 1.18002806292207e+05 
1.11616102796838e-01 1.17827874518645e+05 
1.11787431885562e-01 1.17650312408743e+05 
1.11962269512201e-01 1.17476494930903e+05 
1.12130302505130e-01 1.17313662055748e+05 
1.12307227265968e-01 1.17146735944502e+05 
1.12471685078827e-01 1.17000229806091e+05 
1.12644779251616e-01 1.16850658695677e+05 
1.12806862173238e-01 1.16715744429273e+05 
1.12976471937557e-01 1.16577553316315e+05 
1.13125413260075e-01 1.16459463267992e+05 
1.13283937478600e-01 1.16340101450265e+05 
1.13433435279485e-01 1.16227922278380e+05 
1.13591607971808e-01 1.16108737768845e+05 
1.13741465230254e-01 1.15994959852456e+05 
1.13899334115070e-01 1.15875316696536e+05 
1.14049537528575e-01 1.15761756643860e+05 
1.14206905398247e-01 1.15643489791535e+05 
1.14357484790950e-01 1.15530811390118e+05 
1.14513732762332e-01 1.15414711264208e+05 
1.14664740952534e-01 1.15303475154719e+05 
1.14820168999581e-01 1.15189676430521e+05 
1.14970947786381e-01 1.15079745862064e+05 
1.15125857263152e-01 1.14966810133050e+05 
1.15276086220784e-01 1.14857278853507e+05 
1.15438444354064e-01 1.14738827090013e+05 
1.15588572259747e-01 1.14629044560037e+05 
1.15753712955998e-01 1.14507895404887e+05 
1.15935367721875e-01 1.14373789966898e+05 
1.16126174973395e-01 1.14231929063189e+05 
1.16316197181789e-01 1.14089267780914e+05 
1.16505605547443e-01 1.13945273414146e+05 
1.16694195474241e-01 1.13799637828051e+05 
1.16882599469748e-01 1.13651938308169e+05 
1.17070624323090e-01 1.13504126277804e+05 
1.17258724959556e-01 1.13352524642039e+05 
1.17446550827720e-01 1.13198032739205e+05 
1.17634455993570e-01 1.13040841954958e+05 
1.17783088145572e-01 1.12915138404767e+05 
1.17943495079993e-01 1.12778450963265e+05 
1.18117569171000e-01 1.12627363681764e+05 
1.18303056938342e-01 1.12466755874053e+05 
1.18452006657735e-01 1.12338092524030e+05 
1.18604550947804e-01 1.12206354741327e+05 
1.18772076901999e-01 1.12061283453451e+05 
1.18944567396955e-01 1.11911018143340e+05 
1.19093969532603e-01 1.11780377875995e+05 
1.19247583798120e-01 1.11645198555676e+05 
1.19413023235431e-01 1.11498395366394e+05 
1.19583408752227e-01 1.11346050006039e+05 
1.19733405846682e-01 1.11211019304116e+05 
1.19887980154110e-01 1.11071250549262e+05 
1.20052716928558e-01 1.10921571066444e+05 
1.20219403873844e-01 1.10769372167090e+05 
1.20370153197391e-01 1.10631147147985e+05 
1.20525787504003e-01 1.10487906637602e+05 
1.20690883222920e-01 1.10335413141945e+05 
1.20854624245145e-01 1.10183666510210e+05 
1.21019544942687e-01 1.10030317352268e+05 
1.21182581539540e-01 1.09878224918698e+05 
1.21346761014789e-01 1.09724556766976e+05 
1.21509084072713e-01 1.09572148784912e+05 
1.21672704744256e-01 1.09417956505811e+05 
1.21834749362817e-01 1.09264715856361e+05 
1.21998158324367e-01 1.09109657135889e+05 
1.22160298612585e-01 1.08955251094336e+05 
1.22323860916312e-01 1.08798910090265e+05 
1.22486351898293e-01 1.08643009028213e+05 
1.22650328175751e-01 1.08485310934435e+05 
1.22813344103699e-01 1.08327943555256e+05 
1.22977899148387e-01 1.08168486500178e+05 
1.23141560546560e-01 1.08009555464156e+05 
1.23306811853546e-01 1.07848831726114e+05 
1.23471249015363e-01 1.07689097584232e+05 
1.23637350960157e-01 1.07528232357343e+05 
1.23802703668333e-01 1.07367995706738e+05 
1.23969793931750e-01 1.07207081274060e+05 
1.24136189167129e-01 1.07048236114950e+05 
1.24304383127940e-01 1.06890822213607e+05 
1.24471920579319e-01 1.06736428154742e+05 
1.24641343862691e-01 1.06575981151556e+05 
1.24810216705539e-01 1.06425785368824e+05 
1.24981098446102e-01 1.06281669347697e+05 
1.25151539353600e-01 1.06144881391816e+05 
1.25324124616903e-01 1.06012040394158e+05 
1.25496354001341e-01 1.05887510209280e+05 
1.25667396831678e-01 1.05781345518755e+05 
1.25837821250094e-01 1.05672748470943e+05 
1.26006809984171e-01 1.05564325937615e+05 
1.26174909283849e-01 1.05448107648515e+05 
1.26341603605296e-01 1.05340457626179e+05 
1.26507260315191e-01 1.05277398683539e+05 
1.26671585239706e-01 1.05255012640214e+05 
1.26834973738920e-01 1.05276346128984e+05 
1.26997125960336e-01 1.05361525053484e+05 
1.27158262908203e-01 1.05517164753889e+05 
1.27318272884668e-01 1.05758427735694e+05 
1.27477386802654e-01 1.06083650176387e+05 
1.27635538233797e-01 1.06475556534037e+05 
1.27793230701081e-01 1.06929520814315e+05 
1.27966692415093e-01 1.07501661743327e+05 
1.28157500300506e-01 1.08215209859459e+05 
1.28348104406513e-01 1.09001942477751e+05 
1.28538103785483e-01 1.09844856778412e+05 
1.28727455903974e-01 1.10721788433882e+05 
1.28916179108461e-01 1.11621440910118e+05 
1.29104472912667e-01 1.12519971320959e+05 
1.29292716360355e-01 1.13383537471281e+05 
1.29480742383279e-01 1.14188674756140e+05 
1.29668744069710e-01 1.14927523841733e+05 
1.29856759095423e-01 1.15671493154289e+05 
1.30045000650792e-01 1.16252246341726e+05 
1.30233279360943e-01 1.16681951068889e+05 
1.30421643120778e-01 1.16998462189693e+05 
1.30609827269955e-01 1.17194575367033e+05 
1.30766259551015e-01 1.17260593824120e+05 
1.30922643564401e-01 1.17186901255997e+05 
1.31079166693654e-01 1.17125443439263e+05 
1.31235594853087e-01 1.17064472391190e+05 
1.31392131362122e-01 1.16992402841552e+05 
1.31548566328540e-01 1.16912567851853e+05 
1.31705099668840e-01 1.16820195895806e+05 
1.31861530725202e-01 1.16720474794610e+05 
1.32018055273513e-01 1.16609466508807e+05 
1.32174476722584e-01 1.16481776962568e+05 
1.32330990169146e-01 1.16340009198331e+05 
1.32503154960364e-01 1.16173679979206e+05 
1.32659649899693e-01 1.16016520243355e+05 
1.32831794332955e-01 1.15836431774821e+05 
1.33021153209543e-01 1.15633096850302e+05 
1.33212105365663e-01 1.15425934543740e+05 
1.33402173664760e-01 1.15219286039027e+05 
1.33590938847831e-01 1.15016055553133e+05 
1.33779271205366e-01 1.14817785020432e+05 
1.33967148388926e-01 1.14625650492190e+05 
1.34154929599252e-01 1.14440468911111e+05 
1.34342718320283e-01 1.14262953066163e+05 
1.34530481972844e-01 1.14094643923059e+05 
1.34717778656471e-01 1.13934648941998e+05 
1.34905247051375e-01 1.13784173562068e+05 
1.35092773772426e-01 1.13640596988752e+05 
1.35280447405801e-01 1.13503243048212e+05 
1.35467870732243e-01 1.13372887046941e+05 
1.35655292615726e-01 1.13248172459772e+05 
1.35842743731665e-01 1.13127805472516e+05 
1.36030212529156e-01 1.13011758019214e+05 
1.36217238330217e-01 1.12898523000423e+05 
1.36404383076237e-01 1.12786859307679e+05 
1.36591303675568e-01 1.12675892665652e+05 
1.36778404360600e-01 1.12564574016316e+05 
1.36965350094324e-01 1.12452097720265e+05 
1.37152459446581e-01 1.12337648470791e+05 
1.37339405925771e-01 1.12220658113875e+05 
1.37526500484894e-01 1.12100448716085e+05 
1.37713432185380e-01 1.11976648452428e+05 
1.37900491840075e-01 1.11848847054145e+05 
1.38087599955224e-01 1.11716722196630e+05 
1.38274544580935e-01 1.11580951197896e+05 
1.38461683612899e-01 1.11440531451330e+05 
1.38648706514747e-01 1.11295690458014e+05 
1.38835970833953e-01 1.11146531711074e+05 
1.39023132354565e-01 1.10993128307637e+05 
1.39210086992146e-01 1.10836213593087e+05 
1.39396882605180e-01 1.10675714503951e+05 
1.39583924770069e-01 1.10511924944770e+05 
1.39771018783511e-01 1.10345074240986e+05 
1.39958082190961e-01 1.10175834236847e+05 
1.40145151201159e-01 1.10004371568646e+05 
1.40332661454610e-01 1.09830871296554e+05 
1.40520056028530e-01 1.09656066579042e+05 
1.40707716608285e-01 1.09479711426774e+05 
1.40895214866046e-01 1.09302248517724e+05 
1.41083014824196e-01 1.09123582923195e+05 
1.41270557574782e-01 1.08944547008999e+05 
1.41458104182091e-01 1.08765539749604e+05 
1.41645722884940e-01 1.08586859733431e+05 
1.41833524291241e-01 1.08408521764132e+05 
1.42021148696267e-01 1.08231226624794e+05 
1.42208918463701e-01 1.08054921870073e+05 
1.42396648570563e-01 1.07879967985060e+05 
1.42584540677206e-01 1.07706232204954e+05 
1.42772244897046e-01 1.07534626206064e+05 
1.42960125198812e-01 1.07365004618246e+05 
1.43147961696254e-01 1.07197712320101e+05 
1.43335999588239e-01 1.07033809071895e+05 
1.43523731023968e-01 1.06874355422016e+05 
1.43711540841753e-01 1.06720136006110e+05 
1.43899131182741e-01 1.06565076101281e+05 
1.44087143851331e-01 1.06420438732245e+05 
1.44274895730030e-01 1.06284931789298e+05 
1.44462773454954e-01 1.06157711776485e+05 
1.44650691928103e-01 1.06036815303184e+05 
1.44838882588319e-01 1.05929877442930e+05 
1.45026742480050e-01 1.05824419985006e+05 
1.45214701670149e-01 1.05720251461173e+05 
1.45402675375113e-01 1.05616653462702e+05 
1.45590927215571e-01 1.05520730399556e+05 
1.45778855765708e-01 1.05432136286103e+05 
1.45966927084736e-01 1.05359891035660e+05 
1.46155021309610e-01 1.05298765756852e+05 
1.46313299478451e-01 1.05259425389666e+05 
1.46471860476646e-01 1.05232409497853e+05 
1.46630989302039e-01 1.05215473415384e+05 
1.46790594409843e-01 1.05212943262274e+05 
1.46950886317805e-01 1.05221128687744e+05 
1.47111744526775e-01 1.05234387031758e+05 
1.47273374644971e-01 1.05253542176481e+05 
1.47435641543355e-01 1.05278432153255e+05 
1.47598763717825e-01 1.05309461463182e+05 
1.47762602617712e-01 1.05356528809391e+05 
1.47927404810141e-01 1.05420436718845e+05 
1.48093036032226e-01 1.05503760008477e+05 
1.48259788676871e-01 1.05610825503885e+05 
1.48427538649504e-01 1.05743270655041e+05 
1.48596635392169e-01 1.05904286320150e+05 
1.48766965712895e-01 1.06091243219712e+05 
1.48938929411924e-01 1.06299493279553e+05 
1.49112457782756e-01 1.06525798535698e+05 
1.49276773624248e-01 1.06754130782720e+05 
1.49450554471075e-01 1.07009194466018e+05 
1.49626341972462e-01 1.07279697628928e+05 
1.49803434908534e-01 1.07561781609376e+05 
1.49983271766531e-01 1.07854796413063e+05 
1.50165418053875e-01 1.08153429043932e+05 
1.50345215153145e-01 1.08446098435678e+05 
1.50528989665768e-01 1.08748435947206e+05 
1.50691253471043e-01 1.09007459382353e+05 
1.50844935203856e-01 1.09238415798706e+05 
1.51005224988202e-01 1.09467863610591e+05 
1.51159210024299e-01 1.09676842565355e+05 
1.51318150900717e-01 1.09884004400594e+05 
1.51472411666351e-01 1.10075802973093e+05 
1.51630780692645e-01 1.10260873995511e+05 
1.51785505216260e-01 1.10427113677723e+05 
1.51943733097168e-01 1.10582348668139e+05 
1.52098314621290e-01 1.10714283644661e+05 
1.52255040779590e-01 1.10833565740855e+05 
1.52409690350430e-01 1.10939104630641e+05 
1.52567199872695e-01 1.11032860076905e+05 
1.52722689428617e-01 1.11112007887305e+05 
1.52881511288859e-01 1.11173527177802e+05 
1.53038416779458e-01 1.11214174968926e+05 
1.53198891411161e-01 1.11233810938884e+05 
1.53357551260893e-01 1.11234077320096e+05 
1.53520153729431e-01 1.11229700180071e+05 
1.53680947091844e-01 1.11195809914069e+05 
1.53849089433492e-01 1.11128816425068e+05 
1.54011608397986e-01 1.11037601670756e+05 
1.54182733449800e-01 1.10915751411478e+05 
1.54347563108196e-01 1.10776265079575e+05 
1.54522752011818e-01 1.10609420154944e+05 
1.54708186099085e-01 1.10393129755270e+05 
1.54879903846480e-01 1.10190767751541e+05 
1.55056693823635e-01 1.09980268523101e+05 
1.55238034436765e-01 1.09763478442195e+05 
1.55413380615906e-01 1.09551602346528e+05 
1.55593883616973e-01 1.09330715418711e+05 
1.55778429538792e-01 1.09102072203022e+05 
1.55966081259972e-01 1.08864926343958e+05 
1.56156508554434e-01 1.08620114888908e+05 
1.56349089397929e-01 1.08367628669047e+05 
1.56541712852051e-01 1.08111960074498e+05 
1.56734426243367e-01 1.07853972257481e+05 
1.56926972900940e-01 1.07594536266778e+05 
1.57119891363055e-01 1.07333549923016e+05 
1.57312591487126e-01 1.07072224540630e+05 
1.57505644636018e-01 1.06810352207980e+05 
1.57698489818416e-01 1.06549216867513e+05 
1.57891709093893e-01 1.06288517556729e+05 
1.58084729378631e-01 1.06029436386465e+05 
1.58278132138178e-01 1.05771540324471e+05 
1.58471679062467e-01 1.05515564309920e+05 
1.58665466656945e-01 1.05261615510918e+05 
1.58859062882264e-01 1.05010545590383e+05 
1.59053069603232e-01 1.04761740941969e+05 
1.59246950653849e-01 1.04516081272760e+05 
1.59441287875852e-01 1.04272931481548e+05 
1.59635534197397e-01 1.04033194106398e+05 
1.59830286170198e-01 1.03796249631421e+05 
1.60024893951851e-01 1.03562799250134e+05 
1.60219683113677e-01 1.03332628090080e+05 
1.60414372283199e-01 1.03106326763540e+05 
1.60609598845926e-01 1.02883227706722e+05 
1.60804756198800e-01 1.02664179822483e+05 
1.61000162634889e-01 1.02448763765581e+05 
1.61195558631084e-01 1.02237293517952e+05 
1.61391328512508e-01 1.02029143922017e+05 
1.61586830444789e-01 1.01825102070594e+05 
1.61782889773242e-01 1.01623223982603e+05 
1.61978614470581e-01 1.01425725083855e+05 
1.62174891243781e-01 1.01231743225340e+05 
1.62370870317203e-01 1.01041678960890e+05 
1.62567444212488e-01 1.00854867480532e+05 
1.62763770214472e-01 1.00671573510686e+05 
1.62960486113679e-01 1.00491399976327e+05 
1.63157066671994e-01 1.00314610411627e+05 
1.63353849966865e-01 1.00141308505035e+05 
1.63550690293783e-01 9.99712740227422e+04 
1.63748015573794e-01 9.98045501550946e+04 
1.63945167507749e-01 9.96407449755094e+04 
1.64142544881755e-01 9.94814238487711e+04 
1.64339730377685e-01 9.93249172415034e+04 
1.64537164934010e-01 9.91727339934097e+04 
1.64734454466797e-01 9.90205976313917e+04 
1.64932037582715e-01 9.88740191081757e+04 
1.65129529620841e-01 9.87307514474251e+04 
1.65327367711501e-01 9.85907515220105e+04 
1.65525173505290e-01 9.84529857160178e+04 
1.65723400835717e-01 9.83195834813511e+04 
1.65921692311467e-01 9.81867050956819e+04 
1.66120519497631e-01 9.80526714721343e+04 
1.66319317300093e-01 9.79183054535426e+04 
1.66506878158762e-01 9.77905453883466e+04 
1.66705788384668e-01 9.76558743421730e+04 
1.66893214142259e-01 9.75304234317286e+04 
1.67069462151151e-01 9.74140139338532e+04 
1.67245806557709e-01 9.72997309107330e+04 
1.67422210927855e-01 9.71880099941604e+04 
1.67598683198674e-01 9.70793102636018e+04 
1.67774976790960e-01 9.69727848620735e+04 
1.67951038291910e-01 9.68676981490759e+04 
1.68126927526754e-01 9.67654359986389e+04 
1.68302593588576e-01 9.66664823168122e+04 
1.68478097262786e-01 9.65700199134747e+04 
1.68653394483862e-01 9.64766450012256e+04 
1.68828543231142e-01 9.63854162210033e+04 
1.69003522082926e-01 9.62968785061282e+04 
1.69178390816949e-01 9.62127784312216e+04 
1.69353148187391e-01 9.61290622470077e+04 
1.69527840753130e-01 9.60465781631348e+04 
1.69702478625996e-01 9.59656108889602e+04 
1.69877086970290e-01 9.58860134064108e+04 
1.70051687843189e-01 9.58157027943043e+04 
1.70226284479420e-01 9.57560052813521e+04 
1.70400921906679e-01 9.57105664067024e+04 
1.70575585447351e-01 9.56820743761210e+04 
1.70750350108417e-01 9.56720816602097e+04 
1.70925174763484e-01 9.56834543040302e+04 
1.71100158877429e-01 9.57133645614717e+04 
1.71275223370543e-01 9.57597061114707e+04 
1.71450504806101e-01 9.58263467799943e+04 
1.71625882843466e-01 9.59110615334068e+04 
1.71801548763548e-01 9.60139614820196e+04 
1.71977341158581e-01 9.61316627283467e+04 
1.72153520577164e-01 9.62641109320360e+04 
1.72329880161870e-01 9.64101828332807e+04 
1.72506759457816e-01 9.65689160954192e+04 
1.72683903635457e-01 9.67389930099363e+04 
1.72861734478750e-01 9.69175484697441e+04 
1.73039955881381e-01 9.71018624200700e+04 
1.73219063331314e-01 9.72890762083467e+04 
1.73398714634404e-01 9.74777724880162e+04 
1.73579487246981e-01 9.76656330236404e+04 
1.73761194990602e-01 9.78463332376441e+04 
1.73944451573741e-01 9.80254010244425e+04 
1.74129037825062e-01 9.81883694486112e+04 
1.74315512320114e-01 9.83277154655382e+04 
1.74503576243057e-01 9.84435077709971e+04 
1.74693763308095e-01 9.85327929608012e+04 
1.74865708900562e-01 9.86173778630404e+04 
1.75037602847426e-01 9.86629680052479e+04 
1.75209752750189e-01 9.86758328796522e+04 
1.75381956221646e-01 9.86530153310845e+04 
1.75554431719157e-01 9.86057482693296e+04 
1.75727056983724e-01 9.85345826935717e+04 
1.75899916152560e-01 9.84338269412616e+04 
1.76072893993527e-01 9.83113540436958e+04 
1.76246066771782e-01 9.81891653810406e+04 
1.76419353897235e-01 9.80653697895803e+04 
1.76592821010726e-01 9.79357828359980e+04 
1.76766426506360e-01 9.77986344926455e+04 
1.76940217723958e-01 9.76533100602222e+04 
1.77114184979668e-01 9.75006642280868e+04 
1.77288356487977e-01 9.73357877807566e+04 
1.77462769799898e-01 9.71603146633485e+04 
1.77637428009403e-01 9.69721563063637e+04 
1.77812413341580e-01 9.67767865566619e+04 
1.77987694813441e-01 9.65732999362984e+04 
1.78163400199770e-01 9.63619354303027e+04 
1.78339462320710e-01 9.61447508630742e+04 
1.78516056877978e-01 9.59234909413944e+04 
1.78693079389121e-01 9.56989532651251e+04 
1.78870755629188e-01 9.54727883252681e+04 
1.79048943281044e-01 9.52396899287660e+04 
1.79227921504363e-01 9.50095951480842e+04 
1.79407508529449e-01 9.47822663273786e+04 
1.79588037674763e-01 9.45570692532272e+04 
1.79769291598731e-01 9.43344369678111e+04 
1.79951662729995e-01 9.41140734120315e+04 
1.80134907708429e-01 9.38967614077240e+04 
1.80319472027719e-01 9.36879551690173e+04 
1.80505094451767e-01 9.34801100172605e+04 
1.80692275589656e-01 9.32725788728132e+04 
1.80880746022331e-01 9.30672067809045e+04 
1.81053127867453e-01 9.28823181184152e+04 
1.81225555404534e-01 9.27026184878021e+04 
1.81397918214422e-01 9.25293107059283e+04 
1.81570398818262e-01 9.23634342850385e+04 
1.81742887125009e-01 9.22052201630987e+04 
1.81915667767362e-01 9.20540252242805e+04 
1.82088656307625e-01 9.19140424229371e+04 
1.82261930499301e-01 9.17861457625323e+04 
1.82435401710066e-01 9.16684067529136e+04 
1.82609131363290e-01 9.15607175978526e+04 
1.82783056553234e-01 9.14761838050568e+04 
1.82957231498709e-01 9.14107833171200e+04 
1.83131620108620e-01 9.13640275348181e+04 
1.83306264693062e-01 9.13277031505248e+04 
1.83481155705529e-01 9.13069371165987e+04 
1.83656317996300e-01 9.12903142984213e+04 
1.83831769262546e-01 9.12788472674591e+04 
1.84007513046247e-01 9.12739630953436e+04 
1.84183595358787e-01 9.12777223994067e+04 
1.84359996309235e-01 9.12887177251145e+04 
1.84536792151990e-01 9.13077324784544e+04 
1.84713937713142e-01 9.13355800740896e+04 
1.84891541582125e-01 9.13693503396632e+04 
1.85069532105743e-01 9.14079470114016e+04 
1.85248052420381e-01 9.14511714542083e+04 
1.85427003683752e-01 9.14974708746677e+04 
1.85606565777420e-01 9.15454685775365e+04 
1.85786612479019e-01 9.15936553528956e+04 
1.85967360560281e-01 9.16414254283058e+04 
1.86148657584562e-01 9.16863617881269e+04 
1.86330765657154e-01 9.17275517568932e+04 
1.86513505843061e-01 9.17623022284999e+04 
1.86697186607817e-01 9.17959126752268e+04 
1.86881602019524e-01 9.18143592274984e+04 
1.87067109591389e-01 9.18219441613656e+04 
1.87253478260769e-01 9.18187093564745e+04 
1.87441119619847e-01 9.17959758922336e+04 
1.87629783324207e-01 9.17599930985489e+04 
1.87803680423750e-01 9.17141377282065e+04 
1.87977623555926e-01 9.16603527889283e+04 
1.88151505422232e-01 9.15902971609916e+04 
1.88325426946357e-01 9.15185474204311e+04 
1.88499304274464e-01 9.14432060292517e+04 
1.88673299602501e-01 9.13610402801228e+04 
1.88847324013407e-01 9.12707049565213e+04 
1.89021638020525e-01 9.11717138168962e+04 
1.89196169903116e-01 9.10614012150765e+04 
1.89370974384109e-01 9.09383391163273e+04 
1.89545974855350e-01 9.08045730087027e+04 
1.89721208840542e-01 9.06611542922145e+04 
1.89896620403638e-01 9.05099379329692e+04 
1.90072244492822e-01 9.03493752584380e+04 
1.90248045590730e-01 9.01814583237359e+04 
1.90424054407416e-01 9.00060215230654e+04 
1.90600255124271e-01 8.98244190923165e+04 
1.90776669961939e-01 8.96377187187568e+04 
1.90953302624138e-01 8.94463739117917e+04 
1.91130163021169e-01 8.92510434587154e+04 
1.91307274438240e-01 8.90520138092100e+04 
1.91484631681781e-01 8.88500073035619e+04 
1.91662278148489e-01 8.86458932659833e+04 
1.91840191703676e-01 8.84400102753286e+04 
1.92018436759609e-01 8.82329334195675e+04 
1.92196973144704e-01 8.80241777765278e+04 
1.92375887329374e-01 8.78156930623466e+04 
1.92555120539886e-01 8.76077397602131e+04 
1.92734782704048e-01 8.74002239888582e+04 
1.92914795862732e-01 8.71935394384763e+04 
1.93095294901574e-01 8.69877356744940e+04 
1.93276182242357e-01 8.67835940897713e+04 
1.93457619406764e-01 8.65799131008992e+04 
1.93639488765837e-01 8.63770055517736e+04 
1.93821980335722e-01 8.61748532814397e+04 
1.94004956141523e-01 8.59741875677641e+04 
1.94188636810328e-01 8.57750821129445e+04 
1.94372863975767e-01 8.55779058857778e+04 
1.94557891376078e-01 8.53825406874371e+04 
1.94743540595464e-01 8.51894137456190e+04 
1.94930101489719e-01 8.49986651381295e+04 
1.95117376431087e-01 8.48106038948580e+04 
1.95305695118356e-01 8.46252690515758e+04 
1.95494842077212e-01 8.44429079088321e+04 
1.95685191418366e-01 8.42629161992777e+04 
1.95876512437548e-01 8.40855267007124e+04 
1.96052137346657e-01 8.39258380397763e+04 
1.96227809371289e-01 8.37690564741094e+04 
1.96403442539235e-01 8.36153042834751e+04 
1.96579115979703e-01 8.34644172275831e+04 
1.96754766450676e-01 8.33164844417008e+04 
1.96930464209761e-01 8.31713425914172e+04 
1.97106272600796e-01 8.30289585145344e+04 
1.97282365218384e-01 8.28891020158166e+04 
1.97458674112493e-01 8.27518586677624e+04 
1.97635222272234e-01 8.26171343888175e+04 
1.97811946206752e-01 8.24849982132428e+04 
1.97988856215289e-01 8.23553660100729e+04 
1.98165902723903e-01 8.22282861861576e+04 
1.98343106364858e-01 8.21036727181926e+04 
1.98520435114975e-01 8.19815483717743e+04 
1.98697907693041e-01 8.18618275672482e+04 
1.98875500436243e-01 8.17445178256208e+04 
1.99053223895225e-01 8.16295558857236e+04 
1.99231063415958e-01 8.15169319816045e+04 
1.99409034770519e-01 8.14065583450797e+04 
1.99587138300374e-01 8.12984067502808e+04 
1.99765382709526e-01 8.11924094458533e+04 
1.99943776844395e-01 8.10885936600833e+04 
2.00122322056419e-01 8.09868273659769e+04 
