# Liste des scalaires : TEMPS pmat 
0.00000000000000e+00 1.00000000000000e+05 
7.22956891292051e-05 1.00000000000000e+05 
1.39473830159791e-04 1.00000000000000e+05 
2.09658797050095e-04 1.00000000000000e+05 
2.76117114236732e-04 1.00000000000000e+05 
3.20638761908122e-04 1.00000000000000e+05 
3.55139419127668e-04 1.00000000000000e+05 
3.84466703006947e-04 1.00000000000000e+05 
4.10882456555349e-04 1.00000000000000e+05 
4.35440253196326e-04 1.00000000000000e+05 
4.62453829501401e-04 1.00000000000000e+05 
4.92168763436983e-04 1.00000000000000e+05 
5.24855190766124e-04 1.00000000000000e+05 
5.60810260828179e-04 1.00000000000000e+05 
6.00360837896439e-04 1.00000000000000e+05 
6.43866472671525e-04 1.00000000000000e+05 
6.91722670924120e-04 1.00000000000000e+05 
7.44364489001975e-04 1.00000000000000e+05 
8.02270488887615e-04 1.00000000000000e+05 
8.65967088761818e-04 1.00000000000000e+05 
9.36033348623443e-04 1.00000000000000e+05 
1.01310623447123e-03 1.00000000000000e+05 
1.09788640890379e-03 1.00000000000000e+05 
1.19114460077962e-03 1.00000000000000e+05 
1.28874595967991e-03 1.00000000000000e+05 
1.39427742078085e-03 1.00000000000000e+05 
1.50221628787620e-03 1.00000000000000e+05 
1.61553425737478e-03 1.00000000000000e+05 
1.73457347923507e-03 1.00000000000000e+05 
1.85304239890574e-03 1.00000000000000e+05 
1.98176400397794e-03 1.00000000000000e+05 
2.11426494755693e-03 1.00000000000000e+05 
2.24958974152075e-03 1.00000000000000e+05 
2.38731654744494e-03 1.00000000000000e+05 
2.46260735665704e-03 1.00000000000000e+05 
2.53884727114360e-03 1.00000000000000e+05 
2.61688020002978e-03 1.00000000000000e+05 
2.69756819861753e-03 1.00000000000000e+05 
2.78002735590643e-03 1.00000000000000e+05 
2.86256158785270e-03 1.00000000000000e+05 
2.94099134700048e-03 1.00000000000000e+05 
3.02052159571607e-03 1.00000000000000e+05 
3.10123104683909e-03 1.00000000000000e+05 
3.18343534646873e-03 1.00000000000000e+05 
3.26722506622828e-03 1.00000000000000e+05 
3.35283346761067e-03 1.00000000000000e+05 
3.44039317091122e-03 1.00000000000000e+05 
3.53004050362179e-03 1.00000000000000e+05 
3.62239357034177e-03 1.00000000000000e+05 
3.71715001037528e-03 1.00000000000000e+05 
3.81386154371924e-03 1.00000000000000e+05 
3.91302683205845e-03 1.00186610449768e+05 
4.01442241954297e-03 1.08510814812532e+05 
4.11884722879036e-03 1.46475776101842e+05 
4.22571871673134e-03 2.23335235019162e+05 
4.33447416406420e-03 3.30179770126066e+05 
4.44521539210040e-03 4.81898646230697e+05 
4.55806779098130e-03 6.18953907715428e+05 
4.67306928968314e-03 7.06161389832974e+05 
4.78916075484845e-03 7.38304762222413e+05 
4.89938882819706e-03 7.45623859203242e+05 
5.01355550509879e-03 7.31734352697048e+05 
5.12049171352063e-03 7.08019037472416e+05 
5.22953747222346e-03 6.77510915100395e+05 
5.34111543928201e-03 6.37379404166920e+05 
5.45495338282335e-03 5.90707312173701e+05 
5.57117491017192e-03 5.44365534780031e+05 
5.68946198320294e-03 5.00199704291089e+05 
5.80983361993247e-03 4.60215249621412e+05 
5.93084483067708e-03 4.25641303949626e+05 
6.05229379033224e-03 3.96833003304934e+05 
6.17424483123062e-03 3.73122948692121e+05 
6.30344090116691e-03 3.52505672669483e+05 
6.43344738890550e-03 3.35556038171783e+05 
6.56496309029885e-03 3.21205542641661e+05 
6.69728015148289e-03 3.08709120959813e+05 
6.83097044851683e-03 2.97709987768931e+05 
6.96541581567820e-03 2.87711264292060e+05 
7.11330571955571e-03 2.78505375128008e+05 
7.27598461382098e-03 2.69931130875577e+05 
7.45493139751277e-03 2.61413562254539e+05 
7.65177285957373e-03 2.54606902285806e+05 
7.85812784669946e-03 2.53457156560194e+05 
8.06486571738010e-03 2.57775009637302e+05 
8.27358400465915e-03 2.62877368975810e+05 
8.48301986841346e-03 2.65737546165175e+05 
8.69290497033934e-03 2.63831424074603e+05 
8.90545192667504e-03 2.57890862857933e+05 
9.11615734794918e-03 2.50182690916506e+05 
9.33206055000786e-03 2.40917397569098e+05 
9.54583018444532e-03 2.32409059344644e+05 
9.76469372469186e-03 2.23561687108555e+05 
9.96614159150182e-03 2.15365898919273e+05 
1.01676833789725e-02 2.07367602628423e+05 
1.03554322207220e-02 2.00064708629380e+05 
1.05452366808705e-02 1.93222449117611e+05 
1.07222477730411e-02 1.87145714101893e+05 
1.09014195325163e-02 1.81408174929421e+05 
1.10691847199992e-02 1.76206452623763e+05 
1.12373743218522e-02 1.71310381014951e+05 
1.13986137913253e-02 1.66778641675314e+05 
1.15754094722005e-02 1.62156277903163e+05 
1.17506088035630e-02 1.57732706875178e+05 
1.19248547347970e-02 1.53581803434593e+05 
1.20983214705845e-02 1.49556861540625e+05 
1.22714807289918e-02 1.45748776690946e+05 
1.24445529199855e-02 1.42044525461269e+05 
1.26169668085933e-02 1.38581122177291e+05 
1.27691552318805e-02 1.35583642783322e+05 
1.29211234693819e-02 1.32810736273559e+05 
1.30741561115279e-02 1.30091284310470e+05 
1.32275730681409e-02 1.27524430780731e+05 
1.33821339481381e-02 1.25012805816352e+05 
1.35376283861120e-02 1.22631814287648e+05 
1.36944079254716e-02 1.20309592474486e+05 
1.38527170733441e-02 1.18111716253066e+05 
1.40127794938560e-02 1.15964520261998e+05 
1.41752629961745e-02 1.13927768386354e+05 
1.43351291284676e-02 1.11985508450487e+05 
1.44973449513913e-02 1.10153723112046e+05 
1.46542685687138e-02 1.08423806371524e+05 
1.48131160421259e-02 1.06799948117170e+05 
1.49678282374330e-02 1.05246771870070e+05 
1.51242835834641e-02 1.03783249763006e+05 
1.52646477998876e-02 1.02480189761708e+05 
1.54046656093387e-02 1.01254031688528e+05 
1.55445985256090e-02 1.00031576251262e+05 
1.56845568921591e-02 9.88727180641605e+04 
1.58245750005412e-02 9.77135167627828e+04 
1.59647041551162e-02 9.66111329705619e+04 
1.61051458911454e-02 9.55068606497077e+04 
1.62457313892393e-02 9.44563691792480e+04 
1.63868601825296e-02 9.34040056228091e+04 
1.65281900359776e-02 9.24057596267836e+04 
1.66703042678813e-02 9.13998165183179e+04 
1.68127715013180e-02 9.04449730117883e+04 
1.69563413969428e-02 8.94814665725627e+04 
1.71005078529500e-02 8.85756028110116e+04 
1.72431122710303e-02 8.76869410536167e+04 
1.73842605031195e-02 8.68628391914636e+04 
1.75244656863745e-02 8.60498128487152e+04 
1.76643149539845e-02 8.52868548989158e+04 
1.78043672090319e-02 8.45194524206356e+04 
1.79427475446592e-02 8.37954658185669e+04 
1.80793656717527e-02 8.30830356585334e+04 
1.82145856597858e-02 8.24129483320914e+04 
1.83489799613472e-02 8.17572799189919e+04 
1.84816477039399e-02 8.11499098929588e+04 
1.86146832571655e-02 8.05315405260102e+04 
1.87479565266046e-02 7.99534734241702e+04 
1.88816109915805e-02 7.94129625140402e+04 
1.90155045860105e-02 7.89408527641008e+04 
1.91486316783702e-02 7.85115482505712e+04 
1.92812493095341e-02 7.81211326992153e+04 
1.94136371641060e-02 7.78531200103628e+04 
1.95460506351089e-02 7.77073128479251e+04 
1.96788497581339e-02 7.76187484663357e+04 
1.98125161813243e-02 7.76631846106563e+04 
1.99473742957467e-02 7.76880500260226e+04 
2.00797958380130e-02 7.76793531767408e+04 
2.02120379385384e-02 7.78760062697333e+04 
2.03442998997035e-02 7.82654897805014e+04 
2.04767647539451e-02 7.89775851026518e+04 
2.06096182383130e-02 8.00794836992408e+04 
2.07430983006999e-02 8.15477662909990e+04 
2.08774821793493e-02 8.33695561837515e+04 
2.10130914456711e-02 8.55268323773244e+04 
2.11502924084340e-02 8.79274880168701e+04 
2.12831588479937e-02 9.03290743668704e+04 
2.14162839285428e-02 9.27595657503176e+04 
2.15497899524269e-02 9.55852627400314e+04 
2.16838166538615e-02 9.79230512430536e+04 
2.18185515279904e-02 9.98370633982036e+04 
2.19541544054219e-02 1.01347818541866e+05 
2.20909228316207e-02 1.02524006833487e+05 
2.22292532672536e-02 1.03297147731512e+05 
2.23633657593815e-02 1.03305646471992e+05 
2.24978307836595e-02 1.03229218764091e+05 
2.26327585938254e-02 1.03150649460156e+05 
2.27682641113222e-02 1.03026566371896e+05 
2.29045145794552e-02 1.02837057843820e+05 
2.30416369829207e-02 1.02553760759632e+05 
2.31798963614043e-02 1.02183806351497e+05 
2.33196026452072e-02 1.01669467170456e+05 
2.34553862489661e-02 1.01017302305773e+05 
2.35915411097613e-02 1.00314043178416e+05 
2.37281646956158e-02 9.95821320433154e+04 
2.38653479217064e-02 9.88494984605186e+04 
2.40032449482015e-02 9.81246065449799e+04 
2.41419564888181e-02 9.74296775687698e+04 
2.42817251881057e-02 9.67811447640951e+04 
2.44227601931661e-02 9.61903641239237e+04 
2.45653969194790e-02 9.56619033360283e+04 
2.47034536894397e-02 9.52204017249312e+04 
2.48419293027127e-02 9.48430208624234e+04 
2.49808994836846e-02 9.45349640492038e+04 
2.51205062224283e-02 9.42873403602096e+04 
2.52608310845472e-02 9.41052525258236e+04 
2.54020908140570e-02 9.39745473554928e+04 
2.55443902487771e-02 9.39064639482780e+04 
2.56880863842276e-02 9.38732327479349e+04 
2.58282776757629e-02 9.38780042657438e+04 
2.59688034778874e-02 9.38918978882682e+04 
2.61097212561923e-02 9.39337627589230e+04 
2.62511519811663e-02 9.39780707430666e+04 
2.63931526356335e-02 9.40400391873790e+04 
2.65358956995186e-02 9.40979624607732e+04 
2.66794389022839e-02 9.41618235925437e+04 
2.68240233958075e-02 9.42136096541240e+04 
2.69699069783553e-02 9.42610022939507e+04 
2.71173523107454e-02 9.42866661721671e+04 
2.72604934943393e-02 9.43003966159866e+04 
2.74039810209130e-02 9.42877491059928e+04 
2.75478475293083e-02 9.42623483527765e+04 
2.76922074210931e-02 9.42112434204927e+04 
2.78370829241186e-02 9.41495977152355e+04 
2.79826331653556e-02 9.40639889562173e+04 
2.81288810556984e-02 9.39660628577438e+04 
2.82760514743930e-02 9.38488960806527e+04 
2.84244348221217e-02 9.37208701662734e+04 
2.85742196130006e-02 9.35775799735419e+04 
2.87202007418780e-02 9.34308764185194e+04 
2.88664509790857e-02 9.32739415885134e+04 
2.90129710811756e-02 9.31106611981669e+04 
2.91598432110997e-02 9.29394916340397e+04 
2.93070580275025e-02 9.27626545364056e+04 
2.94547387600695e-02 9.25803667152026e+04 
2.96028754595582e-02 9.23942591000449e+04 
2.97516539375366e-02 9.22081694601934e+04 
2.99012654147655e-02 9.20209498763486e+04 
3.00519195213847e-02 9.18384032437066e+04 
3.02037922896347e-02 9.16562497964669e+04 
3.03533037152514e-02 9.14864049077901e+04 
3.05020199071349e-02 9.13203949837139e+04 
3.06509312438528e-02 9.11632035030704e+04 
3.08000188710304e-02 9.10075160472302e+04 
3.09493736772661e-02 9.08605584055449e+04 
3.10989746877126e-02 9.07130254215402e+04 
3.12489669943746e-02 9.05745490324226e+04 
3.13993428789181e-02 9.04334946884090e+04 
3.15493801070919e-02 9.03005222457340e+04 
3.17012453647206e-02 9.01626245155453e+04 
3.18513120033237e-02 9.00300585129300e+04 
3.20050182221576e-02 8.98927179736431e+04 
3.21551900965898e-02 8.97610948968896e+04 
3.23059558209085e-02 8.96278487048979e+04 
3.24568599477856e-02 8.94964858686732e+04 
3.26078805440750e-02 8.93636127550621e+04 
3.27590243992213e-02 8.92330168099601e+04 
3.29104873805689e-02 8.90984546104260e+04 
3.30611566136257e-02 8.89662594861842e+04 
3.32133905011551e-02 8.88273545318351e+04 
3.33642614336266e-02 8.86907880089758e+04 
3.35174777565549e-02 8.85469918984349e+04 
3.36683769679452e-02 8.84060065561764e+04 
3.38211874956028e-02 8.82585846607082e+04 
3.39721400385650e-02 8.81146639059584e+04 
3.41252080253701e-02 8.79647197840500e+04 
3.42762178367882e-02 8.78200158666240e+04 
3.44295196058502e-02 8.76698506596799e+04 
3.45805846784176e-02 8.75254471510711e+04 
3.47317637432556e-02 8.73790711016842e+04 
3.48823428787847e-02 8.72364677947037e+04 
3.50335637191604e-02 8.70925366184584e+04 
3.51842769867400e-02 8.69525522351366e+04 
3.53354956207420e-02 8.68131319965817e+04 
3.54863201083411e-02 8.66777103906136e+04 
3.56375821146872e-02 8.65443960342681e+04 
3.57887240779930e-02 8.64144891160203e+04 
3.59400000218172e-02 8.62879569063237e+04 
3.60912211802663e-02 8.61640817870621e+04 
3.62425001929776e-02 8.60442000712490e+04 
3.63937314793551e-02 8.59254955430453e+04 
3.65450223881087e-02 8.58116877779980e+04 
3.66962682785242e-02 8.56978623797055e+04 
3.68475745028119e-02 8.55898149360814e+04 
3.69988328764916e-02 8.54814529210586e+04 
3.71501965475170e-02 8.53793384693551e+04 
3.73015131035765e-02 8.52771624143526e+04 
3.74528791231679e-02 8.51815560278592e+04 
3.76041656656842e-02 8.50868037590710e+04 
3.77555060260355e-02 8.49990939049656e+04 
3.79067614113011e-02 8.49127452431354e+04 
3.80581180350838e-02 8.48333149460394e+04 
3.82093923706861e-02 8.47550186321031e+04 
3.83607119638067e-02 8.46825911999408e+04 
3.85119218473322e-02 8.46120025923850e+04 
3.86632243769418e-02 8.45456285587975e+04 
3.88144242022512e-02 8.44813181197555e+04 
3.89656620544395e-02 8.44199701733770e+04 
3.91167769594497e-02 8.43602470049418e+04 
3.92679787012373e-02 8.43025727088112e+04 
3.94190692104337e-02 8.42457756028713e+04 
3.95702358638413e-02 8.41904931188838e+04 
3.97212789345538e-02 8.41355625574973e+04 
3.98723469303961e-02 8.40819966394732e+04 
4.00232779000925e-02 8.40290101042647e+04 
4.01742883687774e-02 8.39774934069991e+04 
4.03251780127922e-02 8.39286989130549e+04 
4.04761401130408e-02 8.38806870972122e+04 
4.06269705168562e-02 8.38360015537456e+04 
4.07778682522839e-02 8.37915206375622e+04 
4.09286259833273e-02 8.37502146500836e+04 
4.10794452129670e-02 8.37088568564656e+04 
4.12301522066269e-02 8.36706253059688e+04 
4.13809115255221e-02 8.36322073067237e+04 
4.15315537860697e-02 8.35964174913376e+04 
4.16822566159215e-02 8.35609562097700e+04 
4.18328313345485e-02 8.35283759159320e+04 
4.19834755687003e-02 8.34967803459961e+04 
4.21339808513605e-02 8.34683485449030e+04 
4.22845623658874e-02 8.34423072496105e+04 
4.24349971972995e-02 8.34188138783829e+04 
4.25855133971432e-02 8.33969120342377e+04 
4.27358784311141e-02 8.33767730426743e+04 
4.28863288744110e-02 8.33578146179586e+04 
4.30366261711790e-02 8.33411289933170e+04 
4.31870122283735e-02 8.33250081747220e+04 
4.33372450590222e-02 8.33122212145009e+04 
4.34875695062839e-02 8.32976847391411e+04 
4.36377418829111e-02 8.32858824503457e+04 
4.37880085084059e-02 8.32716484395748e+04 
4.39381250487619e-02 8.32590474729685e+04 
4.40883384595418e-02 8.32446064938392e+04 
4.42384041609491e-02 8.32323353921851e+04 
4.43885693602925e-02 8.32189920037636e+04 
4.45385892052749e-02 8.32086686654225e+04 
4.46887111220520e-02 8.31975981399471e+04 
4.48386896910518e-02 8.31904419778501e+04 
4.49887764423410e-02 8.31822577331959e+04 
4.51387102438946e-02 8.31783496857630e+04 
4.52887502210093e-02 8.31733312504350e+04 
4.54386544800871e-02 8.31728679102350e+04 
4.55886649146266e-02 8.31720132466319e+04 
4.57385201811038e-02 8.31753555501392e+04 
4.58884976657860e-02 8.31779075877166e+04 
4.60383394941865e-02 8.31832464782395e+04 
4.61882959879862e-02 8.31884634830447e+04 
4.63380956797516e-02 8.31969819899278e+04 
4.64880258444120e-02 8.32050868879187e+04 
4.66378200531696e-02 8.32159835243494e+04 
4.67877429963615e-02 8.32260456852421e+04 
4.69375214333926e-02 8.32385019203466e+04 
4.70874290032947e-02 8.32491666296577e+04 
4.72371916152584e-02 8.32616724924310e+04 
4.73870975538541e-02 8.32741134260133e+04 
4.75368766408669e-02 8.32864678961488e+04 
4.76867977703156e-02 8.32964023440096e+04 
4.78366350870400e-02 8.33043040528263e+04 
4.79865983064195e-02 8.33083629420175e+04 
4.81365652596710e-02 8.33117996023479e+04 
4.82866253409100e-02 8.33155422480694e+04 
4.84368149824308e-02 8.33179684397937e+04 
4.85870388155609e-02 8.33227574989597e+04 
4.87375957179182e-02 8.33250692213344e+04 
4.88873772322854e-02 8.33308801876885e+04 
4.90372340180168e-02 8.33327368188977e+04 
4.91872595008140e-02 8.33387582309502e+04 
4.93373427696646e-02 8.33392512621298e+04 
4.94870788552523e-02 8.33447247667996e+04 
4.96364813506792e-02 8.33441147243285e+04 
4.97854521521196e-02 8.33498202246668e+04 
4.99339914066455e-02 8.33491893210081e+04 
5.00820175116345e-02 8.33571392029484e+04 
5.02294974298585e-02 8.33581764087338e+04 
5.03764164420552e-02 8.33672300735529e+04 
5.05226889714535e-02 8.33703369313666e+04 
5.06684882712271e-02 8.33828504335855e+04 
5.08135966954208e-02 8.33920632311984e+04 
5.09585630801931e-02 8.34117259207868e+04 
5.11030009482798e-02 8.34300907606959e+04 
5.12478229696273e-02 8.34602707031316e+04 
5.13925677156569e-02 8.34879349978441e+04 
5.15383774485091e-02 8.35270972858124e+04 
5.16834675512708e-02 8.35642770663461e+04 
5.18270277731349e-02 8.36199968901628e+04 
5.19667297303084e-02 8.36753006563263e+04 
5.21051635297472e-02 8.37486817736057e+04 
5.22406744034017e-02 8.38200341339603e+04 
5.23749954127636e-02 8.39088849391845e+04 
5.25117539654101e-02 8.39990067588641e+04 
5.26450683734179e-02 8.41058557911284e+04 
5.27817605388081e-02 8.42179028860251e+04 
5.29191543036116e-02 8.43488607110362e+04 
5.30569339637356e-02 8.44676562751442e+04 
5.31949183093015e-02 8.46087021043880e+04 
5.33351756313338e-02 8.47690698196978e+04 
5.34722752603894e-02 8.49401276428253e+04 
5.36069903056524e-02 8.51181876032482e+04 
5.37408938214704e-02 8.53067170076797e+04 
5.38746774583147e-02 8.55093733183579e+04 
5.40082467325880e-02 8.57214068098594e+04 
5.41419879501661e-02 8.59471198990132e+04 
5.42761758014118e-02 8.61829766152713e+04 
5.44109551871141e-02 8.64439755245961e+04 
5.45469832460274e-02 8.67171650988442e+04 
5.46841122909968e-02 8.69789747767508e+04 
5.48213323981238e-02 8.72521479886393e+04 
5.49622805942165e-02 8.75223666763771e+04 
5.50953676120197e-02 8.78012960543412e+04 
5.52284939450168e-02 8.80872644378421e+04 
5.53614065192817e-02 8.83974078182917e+04 
5.54946438212693e-02 8.87181819498195e+04 
5.56281384777465e-02 8.90641844300206e+04 
5.57622271478077e-02 8.94267546626115e+04 
5.58970446039799e-02 8.98249188856235e+04 
5.60327353810058e-02 9.02519727715030e+04 
5.61697625216055e-02 9.07265030914584e+04 
5.63080681740501e-02 9.12273600970369e+04 
5.64466007345286e-02 9.17724845071519e+04 
5.65888819165690e-02 9.23505993027853e+04 
5.67222932403289e-02 9.29381112357058e+04 
5.68558879580529e-02 9.35438086937948e+04 
5.69894678267866e-02 9.41944139130196e+04 
5.71235312245501e-02 9.48708030328002e+04 
5.72579622451739e-02 9.55980284236873e+04 
5.73931029090897e-02 9.63622138232486e+04 
5.75289768194001e-02 9.71839993489406e+04 
5.76657574162999e-02 9.80520860236374e+04 
5.78036838808573e-02 9.89838970147613e+04 
5.79427844163383e-02 9.99685815478439e+04 
5.80829991822358e-02 1.01017766646101e+05 
5.82257897863468e-02 1.02127655868542e+05 
5.83675242462027e-02 1.03284401404956e+05 
5.85021943379048e-02 1.04412399088006e+05 
5.86368735334438e-02 1.05577862210607e+05 
5.87720170941218e-02 1.06765831310010e+05 
5.89074602085476e-02 1.07973341375406e+05 
5.90435312081582e-02 1.09183439217110e+05 
5.91801054606489e-02 1.10387638302066e+05 
5.93175044977115e-02 1.11564322194872e+05 
5.94557699456671e-02 1.12710250934269e+05 
5.95950723058829e-02 1.13804709230029e+05 
5.97358371145086e-02 1.14855894963338e+05 
5.98781259193647e-02 1.15840502942211e+05 
6.00226490419977e-02 1.16777043458791e+05 
6.01692320001564e-02 1.17636083177545e+05 
6.03163259729532e-02 1.18425989096115e+05 
6.04527676554155e-02 1.19086311052037e+05 
6.05892575610509e-02 1.19726952694224e+05 
6.07262238935485e-02 1.20284296796597e+05 
6.08634196570684e-02 1.20829645010530e+05 
6.10011314410626e-02 1.21300028369963e+05 
6.11391681468043e-02 1.21716011592902e+05 
6.12778484248785e-02 1.22084622275494e+05 
6.14171503375814e-02 1.22399372538387e+05 
6.15573063739555e-02 1.22659696138234e+05 
6.16986908027098e-02 1.22903001807982e+05 
6.18414310067792e-02 1.23085993831892e+05 
6.19861858507849e-02 1.23270702868859e+05 
6.21327315780745e-02 1.23409860605241e+05 
6.22820235631973e-02 1.23551548818119e+05 
6.24334023229854e-02 1.23674428564297e+05 
6.25883512167933e-02 1.23833346318297e+05 
6.27454005967536e-02 1.23949077430073e+05 
6.28836917737235e-02 1.24082145312107e+05 
6.30223739162506e-02 1.24207114338167e+05 
6.31611814587335e-02 1.24334895593744e+05 
6.33002786172198e-02 1.24480650605430e+05 
6.34396822083552e-02 1.24592071454499e+05 
6.35796765942709e-02 1.24724881368712e+05 
6.37205007365001e-02 1.24832759571362e+05 
6.38623276401688e-02 1.24962066380032e+05 
6.40056099105590e-02 1.25101008866912e+05 
6.41501182343337e-02 1.25217434454833e+05 
6.42965595776724e-02 1.25416549786624e+05 
6.44444161590554e-02 1.25560934084126e+05 
6.45947839744473e-02 1.25769093687144e+05 
6.47469972876468e-02 1.25934286028781e+05 
6.49025585600339e-02 1.26145620831526e+05 
6.50606608333768e-02 1.26376464105588e+05 
6.52229881443294e-02 1.26547418835918e+05 
6.53879695696321e-02 1.26669019415513e+05 
6.55275636435942e-02 1.26761780423530e+05 
6.56672740433943e-02 1.26830119382311e+05 
6.58072058254553e-02 1.26853259086119e+05 
6.59474726870201e-02 1.26876038101532e+05 
6.60884111019677e-02 1.26967593812974e+05 
6.62300321467124e-02 1.27024730595765e+05 
6.63729072342609e-02 1.27130866724939e+05 
6.65167952281307e-02 1.27189629649746e+05 
6.66625001842489e-02 1.27290518200922e+05 
6.68098973234218e-02 1.27324334870604e+05 
6.69599470327145e-02 1.27374284691308e+05 
6.71124227284624e-02 1.27402123917836e+05 
6.72689492330344e-02 1.27405037455580e+05 
6.74292871087603e-02 1.27404781665204e+05 
6.75784886517370e-02 1.27392249534742e+05 
6.77176171011551e-02 1.27356326292852e+05 
6.78567632845820e-02 1.27346591638506e+05 
6.79960476322637e-02 1.27285169918709e+05 
6.81355911038644e-02 1.27241309326366e+05 
6.82754372860417e-02 1.27206681006325e+05 
6.84159031291951e-02 1.27155963985703e+05 
6.85569782825906e-02 1.27131985238946e+05 
6.86991786440091e-02 1.27071695867144e+05 
6.88425914088051e-02 1.27052566912241e+05 
6.89878081501711e-02 1.26986186551629e+05 
6.91347720390903e-02 1.26963285217537e+05 
6.92849098558401e-02 1.26884087844633e+05 
6.94385735309153e-02 1.26856945402061e+05 
6.95884931517199e-02 1.26763779824200e+05 
6.97440632257912e-02 1.26716051283277e+05 
6.98961597919997e-02 1.26592381206298e+05 
7.00515638805094e-02 1.26499644376704e+05 
7.01907356831522e-02 1.26352092350821e+05 
7.03302028884899e-02 1.26231283721440e+05 
7.04700769775123e-02 1.26050881828438e+05 
7.06104158062894e-02 1.25899754016951e+05 
7.07515018520357e-02 1.25690941300739e+05 
7.08937193306909e-02 1.25485246420210e+05 
7.10372144473030e-02 1.25226623830273e+05 
7.11821684137437e-02 1.24988728318041e+05 
7.13288032061291e-02 1.24725502734405e+05 
7.14772646847195e-02 1.24476467367714e+05 
7.16299268015043e-02 1.24200805739598e+05 
7.17869439573520e-02 1.23927921506684e+05 
7.19396492009993e-02 1.23641193373910e+05 
7.20982623751391e-02 1.23349541740216e+05 
7.22535912653234e-02 1.23041485044135e+05 
7.24137896701472e-02 1.22728937674942e+05 
7.25541835947229e-02 1.22433932089144e+05 
7.26950091581787e-02 1.22143335696887e+05 
7.28363655124894e-02 1.21826632272511e+05 
7.29784877966678e-02 1.21515685214684e+05 
7.31215096728359e-02 1.21173004098719e+05 
7.32641597540356e-02 1.20839302950099e+05 
7.34081511976892e-02 1.20463260745830e+05 
7.35510114928138e-02 1.20102825322021e+05 
7.36952148377374e-02 1.19703726935043e+05 
7.38382776203609e-02 1.19322807413506e+05 
7.39826889389749e-02 1.18897935801502e+05 
7.41259517388377e-02 1.18502203916171e+05 
7.42705726018319e-02 1.18058399597934e+05 
7.44245313478354e-02 1.17623974416792e+05 
7.45848112949829e-02 1.17116198939747e+05 
7.47248568413470e-02 1.16714785495963e+05 
7.48669954620997e-02 1.16262664101118e+05 
7.50095561032273e-02 1.15856272490738e+05 
7.51525902235446e-02 1.15400978232999e+05 
7.52962162976172e-02 1.14997080707062e+05 
7.54405024639571e-02 1.14540896372177e+05 
7.55857075203922e-02 1.14140574610173e+05 
7.57318465796431e-02 1.13683811665294e+05 
7.58791221090956e-02 1.13287695544214e+05 
7.60275548025218e-02 1.12830780640206e+05 
7.61772591559720e-02 1.12439700770863e+05 
7.63283271960391e-02 1.11983381247283e+05 
7.64808039552827e-02 1.09983496496828e+05 
7.66349397118492e-02 1.09567480235687e+05 
7.67910108956410e-02 1.09194835749561e+05 
7.69497166415384e-02 1.08781275451556e+05 
7.70954368984699e-02 1.08458416561875e+05 
7.72439704532450e-02 1.08091211401479e+05 
7.73839987261091e-02 1.07802229407270e+05 
7.75326808142953e-02 1.07454680754182e+05 
7.76788781831520e-02 1.07176996086580e+05 
7.78265777744526e-02 1.06850196323281e+05 
7.79730590816225e-02 1.06593007003435e+05 
7.81197727537922e-02 1.06288906045632e+05 
7.82665765997792e-02 1.06051593884656e+05 
7.84145151408348e-02 1.05765982184734e+05 
7.85616933561229e-02 1.05547304202522e+05 
7.87113605408870e-02 1.05282150478950e+05 
7.88589796605304e-02 1.05077174073144e+05 
7.90096404846510e-02 1.04832591913545e+05 
7.91498894125593e-02 1.04642583179858e+05 
7.93008254015017e-02 1.04417644378319e+05 
7.94412860990881e-02 1.04228034646765e+05 
7.95928020754032e-02 1.04019575673570e+05 
7.97422610246964e-02 1.03814377591375e+05 
7.98946977589704e-02 1.03622843378346e+05 
8.00450210627751e-02 1.03410287404595e+05 
8.01984365243597e-02 1.03239156075395e+05 
8.03498036462273e-02 1.03017313940800e+05 
8.05071440242788e-02 1.02864033057543e+05 
8.06719705327204e-02 1.02611446885739e+05 
8.08406968381632e-02 1.02475613392650e+05 
8.10126752002035e-02 1.02204836982541e+05 
8.11798303406979e-02 1.02102828445070e+05 
8.13565593234343e-02 1.01814548784534e+05 
8.15290765719324e-02 1.01745230773643e+05 
8.17115640270648e-02 1.01425312042230e+05 
8.18886885806760e-02 1.01390596018987e+05 
8.20774187890427e-02 1.01026971646139e+05 
8.22596128582011e-02 1.01032347918705e+05 
8.24485790770776e-02 1.00630240185483e+05 
8.26027209456732e-02 1.00643182696627e+05 
8.27575074103529e-02 1.00328751002965e+05 
8.29129221299896e-02 1.00346709104015e+05 
8.30689271748878e-02 9.99986358377509e+04 
8.32255052375545e-02 1.00039472236702e+05 
8.33827034836383e-02 9.96630113862789e+04 
8.35404860154866e-02 9.97304710590925e+04 
8.36989007170161e-02 9.93259438502636e+04 
8.38579061093495e-02 9.94188928573670e+04 
8.40175356774896e-02 9.89836241128122e+04 
8.41777645872244e-02 9.90967085821906e+04 
8.43386206331789e-02 9.86252682818998e+04 
8.45001133582734e-02 9.87513626848065e+04 
8.46622624930203e-02 9.82368627272012e+04 
8.48251136617564e-02 9.83705447099070e+04 
8.49886760933572e-02 9.78041987617415e+04 
8.51530340395628e-02 9.79439446478078e+04 
8.52972797292674e-02 9.74276914606004e+04 
8.54559499879424e-02 9.75195790579220e+04 
8.56004354926174e-02 9.69566348065998e+04 
8.57567369340001e-02 9.70346151514359e+04 
8.59254850263883e-02 9.62891423851379e+04 
8.60954962345706e-02 9.64459074408847e+04 
8.62667101140213e-02 9.56418392398571e+04 
8.64394433368979e-02 9.58111203349208e+04 
8.66136115110373e-02 9.49951939164424e+04 
8.67896438552863e-02 9.51698507853003e+04 
8.69456989469256e-02 9.64541157140901e+04 
8.71173595477288e-02 9.62160290929113e+04 
8.72733289614057e-02 9.60208073991870e+04 
8.74448953164502e-02 9.57862127524458e+04 
8.76008055652939e-02 9.55989484323465e+04 
8.77660110637563e-02 9.53778568233715e+04 
8.79219406872205e-02 9.51974622180549e+04 
8.80843542511167e-02 9.49850786243131e+04 
8.82403783754745e-02 9.48113730690469e+04 
8.84015056678552e-02 9.46056017663410e+04 
8.85576733458262e-02 9.44374349549309e+04 
8.87183558114756e-02 9.42364388052641e+04 
8.88904582149110e-02 9.40572150437814e+04 
8.90751194668678e-02 9.38275602439092e+04 
8.92682799054059e-02 9.36357445174209e+04 
8.94432468511871e-02 9.34156883681155e+04 
8.96231253593809e-02 9.32332441982637e+04 
8.97993483485957e-02 9.30139943171320e+04 
8.99806623352685e-02 9.28296454575176e+04 
9.01578874827487e-02 9.26077419836463e+04 
9.03405516570365e-02 9.24191933621926e+04 
9.05186138629190e-02 9.21939400064463e+04 
9.07020493718820e-02 9.20010903841201e+04 
9.08806900567074e-02 9.17730667703612e+04 
9.10649594885214e-02 9.15762357705127e+04 
9.12442305494694e-02 9.13464628189237e+04 
9.13926782461292e-02 9.11847783623381e+04 
9.15559707124550e-02 9.09821596842444e+04 
9.17089306019117e-02 9.08157652405527e+04 
9.18771864803141e-02 9.06084667468795e+04 
9.20622679465567e-02 9.04112694746252e+04 
9.22451491695930e-02 9.01860385296727e+04 
9.24365135906217e-02 8.99874923920484e+04 
9.26213712178775e-02 8.97671472839932e+04 
9.28156646976563e-02 8.95719684413994e+04 
9.30026021940380e-02 8.93580400448254e+04 
9.32000012944762e-02 8.91668183721723e+04 
9.33891338359927e-02 8.89595323652097e+04 
9.35899802858908e-02 8.87719052927718e+04 
9.37815756663163e-02 8.85707004160642e+04 
9.39469481245713e-02 8.84207043038254e+04 
9.41126326765249e-02 8.82568184663580e+04 
9.42784987138950e-02 8.81081538383864e+04 
9.44447037565264e-02 8.79476984120849e+04 
9.46112778487036e-02 8.78010477444257e+04 
9.47780355548542e-02 8.76441825022467e+04 
9.49448551480713e-02 8.74998418569777e+04 
9.51118916803838e-02 8.73463778056493e+04 
9.52791204933663e-02 8.72036680947479e+04 
9.54465542947747e-02 8.70527564648759e+04 
9.56141994971853e-02 8.69110295822237e+04 
9.57821741253627e-02 8.67618017502968e+04 
9.59504397504009e-02 8.66202765847512e+04 
9.61191293105891e-02 8.64718889011180e+04 
9.62880769419642e-02 8.63300060654962e+04 
9.64574011057275e-02 8.61820167443251e+04 
9.66269086824485e-02 8.60395526509412e+04 
9.67967302062649e-02 8.58918170041749e+04 
9.69666897803433e-02 8.57487690957261e+04 
9.71369696929652e-02 8.56012762020810e+04 
9.73073895969672e-02 8.54578085994932e+04 
9.74781012832313e-02 8.53106633431277e+04 
9.76489269089297e-02 8.51670589323228e+04 
9.78200171819728e-02 8.50203573466297e+04 
9.79912134623091e-02 8.48766704557855e+04 
9.81626751928552e-02 8.47303205969851e+04 
9.83342642829314e-02 8.45863950036814e+04 
9.85061431418672e-02 8.44401295755561e+04 
9.86781889900452e-02 8.42956647944279e+04 
9.88505618321708e-02 8.41491387189544e+04 
9.90231508775125e-02 8.40038123595094e+04 
9.91961106328416e-02 8.38567260824858e+04 
9.93693397674024e-02 8.37103036067780e+04 
9.95429867417932e-02 8.35624747798006e+04 
9.97169508815830e-02 8.34149322194236e+04 
9.98913192736359e-02 8.32663173402120e+04 
1.00066071650111e-01 8.31177143641858e+04 
1.00241162339344e-01 8.29682703653593e+04 
1.00416675445598e-01 8.28185864580784e+04 
1.00592566626752e-01 8.26680851283316e+04 
1.00768924183181e-01 8.25170347456981e+04 
1.00945704886662e-01 8.23650374422884e+04 
1.01123002894097e-01 8.22121051016604e+04 
1.01300775646399e-01 8.20579575877136e+04 
1.01479125301628e-01 8.19024853415233e+04 
1.01658009290461e-01 8.17454568461536e+04 
1.01837540555927e-01 8.15868519978489e+04 
1.02017675517885e-01 8.14264032388861e+04 
1.02198541562658e-01 8.12644436779836e+04 
1.02380092646383e-01 8.11005311606448e+04 
1.02562475484491e-01 8.09354706826675e+04 
1.02745639385775e-01 8.07685768045684e+04 
1.02929757025067e-01 8.06012623509490e+04 
1.03114769918405e-01 8.04325140432681e+04 
1.03300885591697e-01 8.02644250827538e+04 
1.03488032931126e-01 8.00955341991078e+04 
1.03676466444069e-01 7.99286063042424e+04 
1.03866094783900e-01 7.97616509373168e+04 
1.04057236027408e-01 7.95979973545843e+04 
1.04249496377435e-01 7.94352985539513e+04 
1.04442377147068e-01 7.92780026845921e+04 
1.04635203057902e-01 7.91233355048267e+04 
1.04828226128042e-01 7.89751620752738e+04 
1.04973963247244e-01 7.88640425880767e+04 
1.05124020322142e-01 7.87528084336915e+04 
1.05271229453445e-01 7.86475428683550e+04 
1.05420912252214e-01 7.85435790850743e+04 
1.05568756877350e-01 7.84446193466591e+04 
1.05721895603640e-01 7.83449443454723e+04 
1.05870368739162e-01 7.82518639677229e+04 
1.06024521586719e-01 7.81577593279496e+04 
1.06173634771828e-01 7.80702735050434e+04 
1.06328993528481e-01 7.79812931251678e+04 
1.06478770485629e-01 7.78992444616537e+04 
1.06635428168408e-01 7.78149885721539e+04 
1.06781903792822e-01 7.77396705743485e+04 
1.06939890160362e-01 7.76594578858319e+04 
1.07107092163704e-01 7.75793872059278e+04 
1.07282010622825e-01 7.74971159365756e+04 
1.07444992782876e-01 7.74237827410292e+04 
1.07615265340690e-01 7.73480610112856e+04 
1.07775392539311e-01 7.72807734949541e+04 
1.07942172254905e-01 7.72110783565299e+04 
1.08089136689649e-01 7.71532896979296e+04 
1.08248533303324e-01 7.70904667544337e+04 
1.08395867958878e-01 7.70370377772550e+04 
1.08554038245120e-01 7.69795902020167e+04 
1.08701670995843e-01 7.69312034677404e+04 
1.08858935089629e-01 7.68797228859402e+04 
1.09006897839043e-01 7.68371258176874e+04 
1.09163536002593e-01 7.67923328548528e+04 
1.09311946069416e-01 7.67563136706089e+04 
1.09466431403703e-01 7.67193917744895e+04 
1.09615376151413e-01 7.66907240901402e+04 
1.09769519844919e-01 7.66618068537129e+04 
1.09919044912504e-01 7.66409651675183e+04 
1.10075605828940e-01 7.66199039073119e+04 
1.10225419871396e-01 7.66069304570605e+04 
1.10378831180517e-01 7.65941805897017e+04 
1.10528525114105e-01 7.65884842066667e+04 
1.10682321770207e-01 7.65825059508310e+04 
1.10831922062647e-01 7.65826360054054e+04 
1.10991185918573e-01 7.65815816815581e+04 
1.11141002271752e-01 7.65856895043629e+04 
1.11303230964425e-01 7.65878029693031e+04 
1.11453232174141e-01 7.65940693075809e+04 
1.11616102796838e-01 7.65974266607304e+04 
1.11787431885562e-01 7.66059243403376e+04 
1.11962269512201e-01 7.66094396220238e+04 
1.12130302505130e-01 7.66157738455249e+04 
1.12307227265968e-01 7.66156584311764e+04 
1.12471685078827e-01 7.66180118184417e+04 
1.12644779251616e-01 7.66134466737415e+04 
1.12806862173238e-01 7.66122676392228e+04 
1.12976471937557e-01 7.66043730433887e+04 
1.13125413260075e-01 7.66009604615609e+04 
1.13283937478600e-01 7.65918053996700e+04 
1.13433435279485e-01 7.65884334664960e+04 
1.13591607971808e-01 7.65795607817789e+04 
1.13741465230254e-01 7.65782047640389e+04 
1.13899334115070e-01 7.65720652523869e+04 
1.14049537528575e-01 7.65749716042124e+04 
1.14206905398247e-01 7.65747155844836e+04 
1.14357484790950e-01 7.65839928740548e+04 
1.14513732762332e-01 7.65913921206794e+04 
1.14664740952534e-01 7.66083714871711e+04 
1.14820168999581e-01 7.66244777162156e+04 
1.14970947786381e-01 7.66498768792730e+04 
1.15125857263152e-01 7.66750501526132e+04 
1.15276086220784e-01 7.67088438395549e+04 
1.15438444354064e-01 7.67444267888811e+04 
1.15588572259747e-01 7.67862414668350e+04 
1.15753712955998e-01 7.68312572540448e+04 
1.15935367721875e-01 7.68918781991185e+04 
1.16126174973395e-01 7.69541411145517e+04 
1.16316197181789e-01 7.70258295857911e+04 
1.16505605547443e-01 7.70951427246467e+04 
1.16694195474241e-01 7.71710373062977e+04 
1.16882599469748e-01 7.72429024392238e+04 
1.17070624323090e-01 7.73190502438491e+04 
1.17258724959556e-01 7.73895998704591e+04 
1.17446550827720e-01 7.74623085136350e+04 
1.17634455993570e-01 7.75280112935889e+04 
1.17783088145572e-01 7.75794585069441e+04 
1.17943495079993e-01 7.76292246676137e+04 
1.18117569171000e-01 7.76835981283650e+04 
1.18303056938342e-01 7.77333430778121e+04 
1.18452006657735e-01 7.77718916954527e+04 
1.18604550947804e-01 7.78058321201980e+04 
1.18772076901999e-01 7.78424344850664e+04 
1.18944567396955e-01 7.78730040478835e+04 
1.19093969532603e-01 7.78979789416094e+04 
1.19247583798120e-01 7.79183485808134e+04 
1.19413023235431e-01 7.79391915581624e+04 
1.19583408752227e-01 7.79544373377996e+04 
1.19733405846682e-01 7.79665225487865e+04 
1.19887980154110e-01 7.79743266137189e+04 
1.20052716928558e-01 7.79817947924560e+04 
1.20219403873844e-01 7.79843299830344e+04 
1.20370153197391e-01 7.79860025811041e+04 
1.20525787504003e-01 7.79838513425041e+04 
1.20690883222920e-01 7.79814688427493e+04 
1.20854624245145e-01 7.79751447983119e+04 
1.21019544942687e-01 7.79690759933974e+04 
1.21182581539540e-01 7.79595414770599e+04 
1.21346761014789e-01 7.79506476688404e+04 
1.21509084072713e-01 7.79385656345537e+04 
1.21672704744256e-01 7.79270977579909e+04 
1.21834749362817e-01 7.79129184910613e+04 
1.21998158324367e-01 7.78996444707365e+04 
1.22160298612585e-01 7.78837701802782e+04 
1.22323860916312e-01 7.78690839857623e+04 
1.22486351898293e-01 7.78517707321176e+04 
1.22650328175751e-01 7.78359491293917e+04 
1.22813344103699e-01 7.78175240049124e+04 
1.22977899148387e-01 7.78008251241332e+04 
1.23141560546560e-01 7.77814844323230e+04 
1.23306811853546e-01 7.77640623850794e+04 
1.23471249015363e-01 7.77439593846032e+04 
1.23637350960157e-01 7.77259593016405e+04 
1.23802703668333e-01 7.77052667605242e+04 
1.23969793931750e-01 7.76868729938379e+04 
1.24136189167129e-01 7.76658012264987e+04 
1.24304383127940e-01 7.76472333388899e+04 
1.24471920579319e-01 7.76260135157214e+04 
1.24641343862691e-01 7.76074903444695e+04 
1.24810216705539e-01 7.75863169656809e+04 
1.24981098446102e-01 7.75679832686988e+04 
1.25151539353600e-01 7.75447683415579e+04 
1.25324124616903e-01 7.75222862123852e+04 
1.25496354001341e-01 7.75013203261809e+04 
1.25667396831678e-01 7.74818884550949e+04 
1.25837821250094e-01 7.74634239469978e+04 
1.26006809984171e-01 7.74457502702900e+04 
1.26174909283849e-01 7.74286321776102e+04 
1.26341603605296e-01 7.74118093118900e+04 
1.26507260315191e-01 7.73953787908620e+04 
1.26671585239706e-01 7.73787803235466e+04 
1.26834973738920e-01 7.73624885901180e+04 
1.26997125960336e-01 7.73456117548415e+04 
1.27158262908203e-01 7.73284257617066e+04 
1.27318272884668e-01 7.73102719328759e+04 
1.27477386802654e-01 7.72924271873489e+04 
1.27635538233797e-01 7.72735680008266e+04 
1.27793230701081e-01 7.72555469064049e+04 
1.27966692415093e-01 7.72339964390318e+04 
1.28157500300506e-01 7.72118119682126e+04 
1.28348104406513e-01 7.71884757620869e+04 
1.28538103785483e-01 7.71665779935267e+04 
1.28727455903974e-01 7.71436559542673e+04 
1.28916179108461e-01 7.71226514887045e+04 
1.29104472912667e-01 7.71004750952903e+04 
1.29292716360355e-01 7.70806250606155e+04 
1.29480742383279e-01 7.70592151952552e+04 
1.29668744069710e-01 7.70405333450744e+04 
1.29856759095423e-01 7.70200290172460e+04 
1.30045000650792e-01 7.70024694104948e+04 
1.30233279360943e-01 7.69829033436140e+04 
1.30421643120778e-01 7.69665771381804e+04 
1.30609827269955e-01 7.69480023370050e+04 
1.30766259551015e-01 7.69353484281032e+04 
1.30922643564401e-01 7.69207601409938e+04 
1.31079166693654e-01 7.69092509746102e+04 
1.31235594853087e-01 7.68951718922501e+04 
1.31392131362122e-01 7.68844119398860e+04 
1.31548566328540e-01 7.68704646850030e+04 
1.31705099668840e-01 7.68602689526064e+04 
1.31861530725202e-01 7.68462958780891e+04 
1.32018055273513e-01 7.68363599564915e+04 
1.32174476722584e-01 7.68224238414997e+04 
1.32330990169146e-01 7.68127857165859e+04 
1.32503154960364e-01 7.67971202994921e+04 
1.32659649899693e-01 7.67876962796251e+04 
1.32831794332955e-01 7.67722365829647e+04 
1.33021153209543e-01 7.67618932334325e+04 
1.33212105365663e-01 7.67447494203835e+04 
1.33402173664760e-01 7.67346224314428e+04 
1.33590938847831e-01 7.67174424273733e+04 
1.33779271205366e-01 7.67073813191485e+04 
1.33967148388926e-01 7.66896702241288e+04 
1.34154929599252e-01 7.66794008982271e+04 
1.34342718320283e-01 7.66607988199849e+04 
1.34530481972844e-01 7.66500252494218e+04 
1.34717778656471e-01 7.66302113975940e+04 
1.34905247051375e-01 7.66186103946961e+04 
1.35092773772426e-01 7.65972069544792e+04 
1.35280447405801e-01 7.65845995528034e+04 
1.35467870732243e-01 7.65612971077934e+04 
1.35655292615726e-01 7.65467393634198e+04 
1.35842743731665e-01 7.65214831344813e+04 
1.36030212529156e-01 7.65058665193169e+04 
1.36217238330217e-01 7.64800407356399e+04 
1.36404383076237e-01 7.64632339376851e+04 
1.36591303675568e-01 7.64375490274181e+04 
1.36778404360600e-01 7.63920853741436e+04 
1.36965350094324e-01 7.63652839742597e+04 
1.37152459446581e-01 7.63595916974817e+04 
1.37339405925771e-01 7.63514679597228e+04 
1.37526500484894e-01 7.63533009591600e+04 
1.37713432185380e-01 7.63514138182174e+04 
1.37900491840075e-01 7.63598082352545e+04 
1.38087599955224e-01 7.63633203160280e+04 
1.38274544580935e-01 7.63766330275938e+04 
1.38461683612899e-01 7.63837178998225e+04 
1.38648706514747e-01 7.63995507598141e+04 
1.38835970833953e-01 7.64078614213737e+04 
1.39023132354565e-01 7.64238771793240e+04 
1.39210086992146e-01 7.64310981121078e+04 
1.39396882605180e-01 7.64453258855856e+04 
1.39583924770069e-01 7.64500488898501e+04 
1.39771018783511e-01 7.64619710149332e+04 
1.39958082190961e-01 7.64642342135575e+04 
1.40145151201159e-01 7.64748250794118e+04 
1.40332661454610e-01 7.64762878766681e+04 
1.40520056028530e-01 7.64879102783150e+04 
1.40707716608285e-01 7.64912630606420e+04 
1.40895214866046e-01 7.65066019156299e+04 
1.41083014824196e-01 7.65145817472636e+04 
1.41270557574782e-01 7.65356331419025e+04 
1.41458104182091e-01 7.65498454204313e+04 
1.41645722884940e-01 7.65773913836915e+04 
1.41833524291241e-01 7.65980005656506e+04 
1.42021148696267e-01 7.66319256030495e+04 
1.42208918463701e-01 7.66586054293371e+04 
1.42396648570563e-01 7.66982970850115e+04 
1.42584540677206e-01 7.67293096837289e+04 
1.42772244897046e-01 7.67724020687338e+04 
1.42960125198812e-01 7.68047276695596e+04 
1.43147961696254e-01 7.68481871208466e+04 
1.43335999588239e-01 7.68807865630637e+04 
1.43523731023968e-01 7.69242629793939e+04 
1.43711540841753e-01 7.69584866764734e+04 
1.43899131182741e-01 7.70016972579286e+04 
1.44087143851331e-01 7.70360017091731e+04 
1.44274895730030e-01 7.70775442369022e+04 
1.44462773454954e-01 7.71106069139027e+04 
1.44650691928103e-01 7.71495024531592e+04 
1.44838882588319e-01 7.71804542057222e+04 
1.45026742480050e-01 7.72168214469258e+04 
1.45214701670149e-01 7.72472210951975e+04 
1.45402675375113e-01 7.72834517081263e+04 
1.45590927215571e-01 7.73165235521061e+04 
1.45778855765708e-01 7.73551081201082e+04 
1.45966927084736e-01 7.73939422480748e+04 
1.46155021309610e-01 7.74371351179291e+04 
1.46313299478451e-01 7.74750042548856e+04 
1.46471860476646e-01 7.75141472817868e+04 
1.46630989302039e-01 7.75572564572954e+04 
1.46790594409843e-01 7.75994564643038e+04 
1.46950886317805e-01 7.76469718117920e+04 
1.47111744526775e-01 7.76919277127609e+04 
1.47273374644971e-01 7.77442191179721e+04 
1.47435641543355e-01 7.77924562027536e+04 
1.47598763717825e-01 7.78504130417648e+04 
1.47762602617712e-01 7.79026708961389e+04 
1.47927404810141e-01 7.79672121174409e+04 
1.48093036032226e-01 7.80240450156646e+04 
1.48259788676871e-01 7.80958974625764e+04 
1.48427538649504e-01 7.81575072315780e+04 
1.48596635392169e-01 7.82371575241083e+04 
1.48766965712895e-01 7.83033177266277e+04 
1.48938929411924e-01 7.83911861848136e+04 
1.49112457782756e-01 7.84614007193882e+04 
1.49276773624248e-01 7.85506431742627e+04 
1.49450554471075e-01 7.86233486731989e+04 
1.49626341972462e-01 7.87245071718882e+04 
1.49803434908534e-01 7.87985208637664e+04 
1.49983271766531e-01 7.89064857142317e+04 
1.50165418053875e-01 7.89814732658865e+04 
1.50345215153145e-01 7.90934486413623e+04 
1.50528989665768e-01 7.91678610253177e+04 
1.50691253471043e-01 7.92710647209123e+04 
1.50844935203856e-01 7.93358873643710e+04 
1.51005224988202e-01 7.94386053957838e+04 
1.51159210024299e-01 7.95021175304278e+04 
1.51318150900717e-01 7.96064271146918e+04 
1.51472411666351e-01 7.96694084377652e+04 
1.51630780692645e-01 7.97766128743719e+04 
1.51785505216260e-01 7.98394959931952e+04 
1.51943733097168e-01 7.99502505013305e+04 
1.52098314621290e-01 8.00123520046259e+04 
1.52255040779590e-01 8.01294654372021e+04 
1.52409690350430e-01 8.01937037733199e+04 
1.52567199872695e-01 8.03176627958618e+04 
1.52722689428617e-01 8.03849109132132e+04 
1.52881511288859e-01 8.05170409452368e+04 
1.53038416779458e-01 8.05898987057568e+04 
1.53198891411161e-01 8.07323455199939e+04 
1.53357551260893e-01 8.08133741080925e+04 
1.53520153729431e-01 8.09682018990702e+04 
1.53680947091844e-01 8.10593260952184e+04 
1.53849089433492e-01 8.12316089745670e+04 
1.54011608397986e-01 8.13347710584512e+04 
1.54182733449800e-01 8.15237634213813e+04 
1.54347563108196e-01 8.16378212378780e+04 
1.54522752011818e-01 8.18432251789225e+04 
1.54708186099085e-01 8.19770939675248e+04 
1.54879903846480e-01 8.21927251102052e+04 
1.55056693823635e-01 8.23345839604172e+04 
1.55238034436765e-01 8.25726999714675e+04 
1.55413380615906e-01 8.27185562169372e+04 
1.55593883616973e-01 8.29609209405159e+04 
1.55778429538792e-01 8.31154303627517e+04 
1.55966081259972e-01 8.33723843361492e+04 
1.56156508554434e-01 8.35274421071976e+04 
1.56349089397929e-01 8.37902757628585e+04 
1.56541712852051e-01 8.39421974693985e+04 
1.56734426243367e-01 8.41994220329392e+04 
1.56926972900940e-01 8.43416890663059e+04 
1.57119891363055e-01 8.45953925051409e+04 
1.57312591487126e-01 8.47307736923952e+04 
1.57505644636018e-01 8.49862302676794e+04 
1.57698489818416e-01 8.51204221155701e+04 
1.57891709093893e-01 8.53842183018450e+04 
1.58084729378631e-01 8.55250316588078e+04 
1.58278132138178e-01 8.58039937422581e+04 
1.58471679062467e-01 8.59574287344411e+04 
1.58665466656945e-01 8.62550081199463e+04 
1.58859062882264e-01 8.64230735680769e+04 
1.59053069603232e-01 8.67385041195989e+04 
1.59246950653849e-01 8.69208237060314e+04 
1.59441287875852e-01 8.72521321320085e+04 
1.59635534197397e-01 8.74463940601510e+04 
1.59830286170198e-01 8.77907604743314e+04 
1.60024893951851e-01 8.79934602424941e+04 
1.60219683113677e-01 8.83467814523384e+04 
1.60414372283199e-01 8.85536727276395e+04 
1.60609598845926e-01 8.89129228312328e+04 
1.60804756198800e-01 8.91194488407264e+04 
1.61000162634889e-01 8.94805467555282e+04 
1.61195558631084e-01 8.96820857860121e+04 
1.61391328512508e-01 9.00418309092183e+04 
1.61586830444789e-01 9.02337983118654e+04 
1.61782889773242e-01 9.05893682930884e+04 
1.61978614470581e-01 9.07688466333992e+04 
1.62174891243781e-01 9.11181755226336e+04 
1.62370870317203e-01 9.12840491852337e+04 
1.62567444212488e-01 9.16252536415261e+04 
1.62763770214472e-01 9.17755409685613e+04 
1.62960486113679e-01 9.21069470907976e+04 
1.63157066671994e-01 9.22406579890279e+04 
1.63353849966865e-01 9.25618823455986e+04 
1.63550690293783e-01 9.26808082619481e+04 
1.63748015573794e-01 9.29929891552468e+04 
1.63945167507749e-01 9.30984449538560e+04 
1.64142544881755e-01 9.33995246510765e+04 
1.64339730377685e-01 9.34931054145259e+04 
1.64537164934010e-01 9.37827617405048e+04 
1.64734454466797e-01 9.38663871409214e+04 
1.64932037582715e-01 9.41448491870423e+04 
1.65129529620841e-01 9.42210206965441e+04 
1.65327367711501e-01 9.44856814761697e+04 
1.65525173505290e-01 9.45510889770040e+04 
1.65723400835717e-01 9.47971345390364e+04 
1.65921692311467e-01 9.48450010736159e+04 
1.66120519497631e-01 9.50733553904444e+04 
1.66319317300093e-01 9.51066004465174e+04 
1.66506878158762e-01 9.53052214367291e+04 
1.66705788384668e-01 9.53380932666442e+04 
1.66893214142259e-01 9.55277613202178e+04 
1.67069462151151e-01 9.55596818771912e+04 
1.67245806557709e-01 9.57172278350528e+04 
1.67422210927855e-01 9.57485221013405e+04 
1.67598683198674e-01 9.58961672500431e+04 
1.67774976790960e-01 9.59279729483942e+04 
1.67951038291910e-01 9.60671747646851e+04 
1.68126927526754e-01 9.60994076549028e+04 
1.68302593588576e-01 9.62215508661644e+04 
1.68478097262786e-01 9.62567195970424e+04 
1.68653394483862e-01 9.63679742316637e+04 
1.68828543231142e-01 9.64018016091653e+04 
1.69003522082926e-01 9.65035097201964e+04 
1.69178390816949e-01 9.65399281052705e+04 
1.69353148187391e-01 9.66304904286824e+04 
1.69527840753130e-01 9.66630610094605e+04 
1.69702478625996e-01 9.67431293027262e+04 
1.69877086970290e-01 9.67696797087399e+04 
1.70051687843189e-01 9.68396110334600e+04 
1.70226284479420e-01 9.68600285376487e+04 
1.70400921906679e-01 9.69210214420123e+04 
1.70575585447351e-01 9.69364044822899e+04 
1.70750350108417e-01 9.69902455571617e+04 
1.70925174763484e-01 9.70021272307872e+04 
1.71100158877429e-01 9.70505436177059e+04 
1.71275223370543e-01 9.70600773701929e+04 
1.71450504806101e-01 9.71042349182108e+04 
1.71625882843466e-01 9.71121600903518e+04 
1.71801548763548e-01 9.71529324742650e+04 
1.71977341158581e-01 9.71599291454029e+04 
1.72153520577164e-01 9.71980505359846e+04 
1.72329880161870e-01 9.72048545189896e+04 
1.72506759457816e-01 9.72410589822137e+04 
1.72683903635457e-01 9.72484022680852e+04 
1.72861734478750e-01 9.72832534829529e+04 
1.73039955881381e-01 9.72916949398381e+04 
1.73219063331314e-01 9.73252898523244e+04 
1.73398714634404e-01 9.73341372467692e+04 
1.73579487246981e-01 9.73651194395117e+04 
1.73761194990602e-01 9.73731578210386e+04 
1.73944451573741e-01 9.74006206859518e+04 
1.74129037825062e-01 9.74074068093698e+04 
1.74315512320114e-01 9.74311989115592e+04 
1.74503576243057e-01 9.74371373143749e+04 
1.74693763308095e-01 9.74575928874218e+04 
1.74865708900562e-01 9.74634233160018e+04 
1.75037602847426e-01 9.74787140329712e+04 
1.75209752750189e-01 9.74845674122652e+04 
1.75381956221646e-01 9.74982751778876e+04 
1.75554431719157e-01 9.75036499596401e+04 
1.75727056983724e-01 9.75147526307614e+04 
1.75899916152560e-01 9.75196245097031e+04 
1.76072893993527e-01 9.75288856442401e+04 
1.76246066771782e-01 9.75345032886131e+04 
1.76419353897235e-01 9.75435136927336e+04 
1.76592821010726e-01 9.75513873284306e+04 
1.76766426506360e-01 9.75618223257453e+04 
1.76940217723958e-01 9.75733136880213e+04 
1.77114184979668e-01 9.75866280446183e+04 
1.77288356487977e-01 9.76027893251907e+04 
1.77462769799898e-01 9.76200879043751e+04 
1.77637428009403e-01 9.76415793164558e+04 
1.77812413341580e-01 9.76634591171207e+04 
1.77987694813441e-01 9.76904286613872e+04 
1.78163400199770e-01 9.77168511951368e+04 
1.78339462320710e-01 9.77488125539180e+04 
1.78516056877978e-01 9.77789509269600e+04 
1.78693079389121e-01 9.78147600792229e+04 
1.78870755629188e-01 9.78472022056760e+04 
1.79048943281044e-01 9.78850044874769e+04 
1.79227921504363e-01 9.79175950551370e+04 
1.79407508529449e-01 9.79549347461376e+04 
1.79588037674763e-01 9.79850231688866e+04 
1.79769291598731e-01 9.80207408395049e+04 
1.79951662729995e-01 9.80453086481426e+04 
1.80134907708429e-01 9.80774020942142e+04 
1.80319472027719e-01 9.80944250058859e+04 
1.80505094451767e-01 9.81207815387227e+04 
1.80692275589656e-01 9.81296619854229e+04 
1.80880746022331e-01 9.81493153650695e+04 
1.81053127867453e-01 9.81500162128031e+04 
1.81225555404534e-01 9.81599788446154e+04 
1.81397918214422e-01 9.81567682771350e+04 
1.81570398818262e-01 9.81633565002679e+04 
1.81742887125009e-01 9.81571322369126e+04 
1.81915667767362e-01 9.81606037427377e+04 
1.82088656307625e-01 9.81511243010698e+04 
1.82261930499301e-01 9.81510520521425e+04 
1.82435401710066e-01 9.81380813338176e+04 
1.82609131363290e-01 9.81344815516314e+04 
1.82783056553234e-01 9.81181401063948e+04 
1.82957231498709e-01 9.81110571557636e+04 
1.83131620108620e-01 9.80920862807203e+04 
1.83306264693062e-01 9.80826859015181e+04 
1.83481155705529e-01 9.80628277323937e+04 
1.83656317996300e-01 9.80530016220248e+04 
1.83831769262546e-01 9.80342501706670e+04 
1.84007513046247e-01 9.80260186536941e+04 
1.84183595358787e-01 9.80100776632875e+04 
1.84359996309235e-01 9.80048720240573e+04 
1.84536792151990e-01 9.79926421769003e+04 
1.84713937713142e-01 9.79910398593588e+04 
1.84891541582125e-01 9.79826732826539e+04 
1.85069532105743e-01 9.79846290474392e+04 
1.85248052420381e-01 9.79798552865316e+04 
1.85427003683752e-01 9.79850533139579e+04 
1.85606565777420e-01 9.79835037798979e+04 
1.85786612479019e-01 9.79916260005207e+04 
1.85967360560281e-01 9.79930235546562e+04 
1.86148657584562e-01 9.80038737608396e+04 
1.86330765657154e-01 9.80081019728573e+04 
1.86513505843061e-01 9.80216503040386e+04 
1.86697186607817e-01 9.80287584171548e+04 
1.86881602019524e-01 9.80451104297203e+04 
1.87067109591389e-01 9.80552519521358e+04 
1.87253478260769e-01 9.80745725050771e+04 
1.87441119619847e-01 9.80879534411112e+04 
1.87629783324207e-01 9.81103874269162e+04 
1.87803680423750e-01 9.81257742709776e+04 
1.87977623555926e-01 9.81476717610643e+04 
1.88151505422232e-01 9.81659723227259e+04 
1.88325426946357e-01 9.81902749597040e+04 
1.88499304274464e-01 9.82112498851230e+04 
1.88673299602501e-01 9.82374094885405e+04 
1.88847324013407e-01 9.82605060226780e+04 
1.89021638020525e-01 9.82879580491440e+04 
1.89196169903116e-01 9.83127075370597e+04 
1.89370974384109e-01 9.83409670184145e+04 
1.89545974855350e-01 9.83668844312480e+04 
1.89721208840542e-01 9.83953962327643e+04 
1.89896620403638e-01 9.84219576582691e+04 
1.90072244492822e-01 9.84501468702910e+04 
1.90248045590730e-01 9.84768946390201e+04 
1.90424054407416e-01 9.85043262344540e+04 
1.90600255124271e-01 9.85310646831406e+04 
1.90776669961939e-01 9.85577130324437e+04 
1.90953302624138e-01 9.85849934029372e+04 
1.91130163021169e-01 9.86109394304952e+04 
1.91307274438240e-01 9.86380940907173e+04 
1.91484631681781e-01 9.86628222199705e+04 
1.91662278148489e-01 9.86890605232109e+04 
1.91840191703676e-01 9.87122845070421e+04 
1.92018436759609e-01 9.87374562191325e+04 
1.92196973144704e-01 9.87593684369809e+04 
1.92375887329374e-01 9.87838591479363e+04 
1.92555120539886e-01 9.88049451964338e+04 
1.92734782704048e-01 9.88292880232939e+04 
1.92914795862732e-01 9.88499384463550e+04 
1.93095294901574e-01 9.88743913808227e+04 
1.93276182242357e-01 9.88946263575833e+04 
1.93457619406764e-01 9.89190810191282e+04 
1.93639488765837e-01 9.89386331596524e+04 
1.93821980335722e-01 9.89627775858381e+04 
1.94004956141523e-01 9.89812797855683e+04 
1.94188636810328e-01 9.90047397235475e+04 
1.94372863975767e-01 9.90218547101133e+04 
1.94557891376078e-01 9.90442532498964e+04 
1.94743540595464e-01 9.90598373832867e+04 
1.94930101489719e-01 9.90811033212942e+04 
1.95117376431087e-01 9.90951908935882e+04 
1.95305695118356e-01 9.91153961058558e+04 
1.95494842077212e-01 9.91280907119114e+04 
1.95685191418366e-01 9.91473536823000e+04 
1.95876512437548e-01 9.91587606085577e+04 
1.96052137346657e-01 9.91753955469969e+04 
1.96227809371289e-01 9.91843619883897e+04 
1.96403442539235e-01 9.91999773609860e+04 
1.96579115979703e-01 9.92082023051217e+04 
1.96754766450676e-01 9.92231895354206e+04 
1.96930464209761e-01 9.92303398899758e+04 
1.97106272600796e-01 9.92438768886607e+04 
1.97282365218384e-01 9.92490960302244e+04 
1.97458674112493e-01 9.92603484322894e+04 
1.97635222272234e-01 9.92628631480803e+04 
1.97811946206752e-01 9.92713118238126e+04 
1.97988856215289e-01 9.92707713179950e+04 
1.98165902723903e-01 9.92763811128943e+04 
1.98343106364858e-01 9.92729235522428e+04 
1.98520435114975e-01 9.92760178334343e+04 
1.98697907693041e-01 9.92699227665110e+04 
1.98875500436243e-01 9.92708229997461e+04 
1.99053223895225e-01 9.92627015213140e+04 
1.99231063415958e-01 9.92624689120134e+04 
1.99409034770519e-01 9.92532406898313e+04 
1.99587138300374e-01 9.92526429442342e+04 
1.99765382709526e-01 9.92427025699975e+04 
1.99943776844395e-01 9.92418973666139e+04 
2.00122322056419e-01 9.92311819217989e+04 
