# Liste des scalaires : TEMPS pmat 
0.00000000000000e+00 1.00000000000000e+05 
7.22956891292051e-05 1.00000000000000e+05 
1.39473830159789e-04 1.00000000000000e+05 
2.09658797050091e-04 1.00000000000000e+05 
2.76117114236758e-04 1.00000000000000e+05 
3.20638761908159e-04 1.00000000000000e+05 
3.55139419127711e-04 1.00000000000000e+05 
3.84466703006994e-04 1.00000000000000e+05 
4.10882456555398e-04 1.00000000000000e+05 
4.35440253196377e-04 1.00000000000000e+05 
4.62453829501454e-04 1.00000000000000e+05 
4.92168763437039e-04 1.00000000000000e+05 
5.24855190766183e-04 1.00000000000000e+05 
5.60810260828241e-04 1.00000000000000e+05 
6.00360837896504e-04 1.00000000000000e+05 
6.43866472671594e-04 1.00000000000000e+05 
6.91722670924193e-04 1.00000000000000e+05 
7.44364489002052e-04 1.00000000000000e+05 
8.02270488887697e-04 1.00000000000000e+05 
8.65967088761906e-04 1.00000000000000e+05 
9.36033348623536e-04 1.00000000000000e+05 
1.01310623447133e-03 1.00000000000000e+05 
1.09788640890390e-03 1.00000000000000e+05 
1.19114460077973e-03 1.00000000000000e+05 
1.28874595968005e-03 1.00000000000000e+05 
1.39427742078100e-03 1.00000000000000e+05 
1.50221628787637e-03 1.00000000000000e+05 
1.61553425737496e-03 1.00000000000000e+05 
1.73457348070849e-03 1.00000000000000e+05 
1.85733677968642e-03 1.00000000000000e+05 
1.98616223838902e-03 1.00000000000000e+05 
2.11872938704660e-03 1.00000000000000e+05 
2.25541689819697e-03 1.00000000000000e+05 
2.39772133018711e-03 1.00000000000000e+05 
2.54485627309131e-03 1.00000000000000e+05 
2.69657390129240e-03 1.00000000000000e+05 
2.85238267869213e-03 1.00000000000000e+05 
3.01245336052077e-03 1.00000000000000e+05 
3.17812497446138e-03 1.00000000000000e+05 
3.34903914085969e-03 1.00000000000000e+05 
3.52550659026334e-03 1.00000000000000e+05 
3.70726992321402e-03 1.00000000000000e+05 
3.89587589613611e-03 1.00000000000000e+05 
4.08975108537204e-03 1.00000000000000e+05 
4.28959471140244e-03 1.00000000000000e+05 
4.49516060408449e-03 1.00000000000000e+05 
4.70839016598790e-03 1.00000000000000e+05 
4.92856382961039e-03 1.00000000000000e+05 
5.15483884145809e-03 1.00000000000000e+05 
5.38810296190563e-03 1.00000000000000e+05 
5.62716630832549e-03 1.00000000000000e+05 
5.87020911792125e-03 1.00000000000000e+05 
6.12048301668761e-03 1.00000000000000e+05 
6.37286594506346e-03 1.00000000000000e+05 
6.63255281660287e-03 1.00000000000000e+05 
6.89402258475671e-03 1.00000000000000e+05 
7.16407888327086e-03 1.00000000000000e+05 
7.43688358986632e-03 1.00000000000000e+05 
7.71367443739275e-03 1.00000000000000e+05 
7.99348750691746e-03 1.00000000000000e+05 
8.27643828737059e-03 1.00000000000000e+05 
8.55454911876853e-03 1.00000000000000e+05 
8.82661670676210e-03 1.00000000000000e+05 
9.09404080755414e-03 1.00000000000000e+05 
9.35767668944259e-03 1.00000000000000e+05 
9.61798037555283e-03 1.00000000000000e+05 
9.87429028728488e-03 1.00000000000000e+05 
1.01273057754243e-02 1.00000000000000e+05 
1.03777988105485e-02 1.00000000000000e+05 
1.06257698034278e-02 1.00000000000000e+05 
1.08546910881105e-02 1.00000000000000e+05 
1.10598054048118e-02 1.00000000000000e+05 
1.12525637595050e-02 1.00000000000000e+05 
1.14374334453374e-02 1.00000000000000e+05 
1.16158415277513e-02 1.00000000000000e+05 
1.17891840582193e-02 1.00000000000000e+05 
1.19583450318163e-02 1.00000000000000e+05 
1.21237108607606e-02 1.00000000000000e+05 
1.22863814425783e-02 1.00000000000000e+05 
1.24465578775136e-02 1.00000000000000e+05 
1.26053009090753e-02 1.00000000000000e+05 
1.27628962673487e-02 1.00000000000000e+05 
1.29203682601925e-02 1.00000000000000e+05 
1.30778979541362e-02 1.00000000000000e+05 
1.32360151286004e-02 1.00000000000000e+05 
1.33949161516572e-02 1.00000000000000e+05 
1.35550249601345e-02 1.00000000000000e+05 
1.37171356258499e-02 1.00000000000000e+05 
1.38812792783539e-02 1.00000000000000e+05 
1.40482316494880e-02 1.00000000000000e+05 
1.42179218589546e-02 1.00000000000000e+05 
1.43909554067138e-02 1.00000000000000e+05 
1.45671317970286e-02 1.00000000000000e+05 
1.47468963590678e-02 1.00000000000000e+05 
1.49299039269542e-02 1.00000000000000e+05 
1.51164616253488e-02 1.00000000000000e+05 
1.53060857169192e-02 1.00000000000000e+05 
1.54989802220270e-02 1.00000000000000e+05 
1.56943417709432e-02 1.00000000000000e+05 
1.58927179358152e-02 1.00000000000000e+05 
1.60932360221558e-02 1.00000000000000e+05 
1.62960149397573e-02 1.00000000000000e+05 
1.65003545196360e-02 1.00000000000000e+05 
1.67063860240075e-02 1.00000000000000e+05 
1.69134359943889e-02 1.00000000000000e+05 
1.71215394263965e-02 1.00000000000000e+05 
1.73303180544718e-02 1.00000000000000e+05 
1.75397275372841e-02 1.00000000000000e+05 
1.77495338281434e-02 1.00000000000000e+05 
1.79588778721689e-02 1.00000000000000e+05 
1.81632141324444e-02 1.00000000000000e+05 
1.83563495627921e-02 1.00000000000000e+05 
1.85350655069269e-02 1.00000000000000e+05 
1.87033349009649e-02 1.00000000000000e+05 
1.88655209306245e-02 1.00000000000000e+05 
1.90248812022828e-02 1.00000000000000e+05 
1.91806392642588e-02 1.00000000000000e+05 
1.93330518371115e-02 1.00000000000000e+05 
1.94844472498789e-02 1.00000000000000e+05 
1.96354513157170e-02 1.00000000000000e+05 
1.97874716678358e-02 1.00000000000000e+05 
1.99407659599239e-02 1.00000000000000e+05 
2.00949665046624e-02 1.00000000000000e+05 
2.02488757450002e-02 1.00000000000000e+05 
2.04037368908796e-02 1.00000000000000e+05 
2.05594695645294e-02 1.00000000000000e+05 
2.07169725223496e-02 1.00000000000000e+05 
2.08761018701561e-02 1.00000000000000e+05 
2.10375359337218e-02 1.00000000000000e+05 
2.12011108374501e-02 1.00000000000000e+05 
2.13673096278024e-02 1.00000000000000e+05 
2.15349476118400e-02 1.00000000000000e+05 
2.17033881946087e-02 1.00000000000000e+05 
2.18726928186357e-02 1.00000000000000e+05 
2.20433328503315e-02 1.00000000000000e+05 
2.22153194801514e-02 1.00000000000000e+05 
2.23890634933800e-02 1.00000000000000e+05 
2.25644939069313e-02 1.00000000000000e+05 
2.27419396854016e-02 1.00000000000000e+05 
2.29213174598040e-02 1.00000000000000e+05 
2.31019380835495e-02 1.00000000000000e+05 
2.32830848372009e-02 1.00000000000000e+05 
2.34652057636936e-02 1.00000000000000e+05 
2.36482741111968e-02 1.00000000000000e+05 
2.38326681181262e-02 1.00000000000000e+05 
2.40183461884612e-02 1.00000000000000e+05 
2.42056351678552e-02 1.00000000000000e+05 
2.43944443153899e-02 1.00000000000000e+05 
2.45849926283179e-02 1.00000000000000e+05 
2.47761662612027e-02 1.00000000000000e+05 
2.49681765023286e-02 1.00000000000000e+05 
2.51610313981712e-02 1.00000000000000e+05 
2.53551212747265e-02 1.00000000000000e+05 
2.55503816872382e-02 1.00000000000000e+05 
2.57471422182524e-02 1.00000000000000e+05 
2.59452822104390e-02 1.00000000000000e+05 
2.61451528429536e-02 1.00000000000000e+05 
2.63466226288007e-02 1.00000000000000e+05 
2.65498641614128e-02 1.00000000000000e+05 
2.67541660971652e-02 1.00000000000000e+05 
2.69598767883930e-02 1.00000000000000e+05 
2.71668065951619e-02 1.00000000000000e+05 
2.73752465998853e-02 1.00000000000000e+05 
2.75850144665138e-02 1.00000000000000e+05 
2.77963373318146e-02 1.00000000000000e+05 
2.80090247670451e-02 1.00000000000000e+05 
2.82231994806313e-02 1.00000000000000e+05 
2.84386445599125e-02 1.00000000000000e+05 
2.86553518681140e-02 1.00000000000000e+05 
2.88730861364197e-02 1.00000000000000e+05 
2.90919285661235e-02 1.00000000000000e+05 
2.93117253389601e-02 1.00000000000000e+05 
2.95327202080199e-02 1.00000000000000e+05 
2.97545567652604e-02 1.00000000000000e+05 
2.99775726528584e-02 1.00000000000000e+05 
3.02013351761710e-02 1.00000000000000e+05 
3.04263074562289e-02 1.00000000000000e+05 
3.06518782788292e-02 1.00000000000000e+05 
3.08785277066601e-02 1.00000000000000e+05 
3.11055252657692e-02 1.00000000000000e+05 
3.13337945992388e-02 1.00000000000000e+05 
3.15625913116404e-02 1.00000000000000e+05 
3.17925723636762e-02 1.00000000000000e+05 
3.20231583627837e-02 1.00000000000000e+05 
3.22547854147867e-02 1.00000000000000e+05 
3.24869575947604e-02 1.00000000000000e+05 
3.27202798976581e-02 1.00000000000000e+05 
3.29540952897270e-02 1.00000000000000e+05 
3.31891761710678e-02 1.00000000000000e+05 
3.34246198104820e-02 1.00000000000000e+05 
3.36614371434417e-02 1.00000000000000e+05 
3.38987021988416e-02 1.00000000000000e+05 
3.41376632222944e-02 1.00000000000000e+05 
3.43772137268704e-02 1.00000000000000e+05 
3.46185344395379e-02 1.00000000000000e+05 
3.48605449649594e-02 1.00000000000000e+05 
3.51044049365805e-02 1.00000000000000e+05 
3.53488566182503e-02 1.00000000000000e+05 
3.55949548682021e-02 1.00000000000000e+05 
3.58417889250050e-02 1.00000000000000e+05 
3.60899289717390e-02 1.00000000000000e+05 
3.63387724954578e-02 1.00000000000000e+05 
3.65890902979294e-02 1.00000000000000e+05 
3.68401295334141e-02 1.00000000000000e+05 
3.70928687116172e-02 1.00000000000000e+05 
3.73463389060990e-02 1.00000000000000e+05 
3.76017207928382e-02 1.00000000000000e+05 
3.78578325806471e-02 1.00000000000000e+05 
3.81158874903788e-02 1.00000000000000e+05 
3.83747322707021e-02 1.00000000000000e+05 
3.86353294349918e-02 1.00000000000000e+05 
3.88968746748791e-02 1.00000000000000e+05 
3.91599093522002e-02 1.00000000000000e+05 
3.94238749701638e-02 1.00000000000000e+05 
3.96895146178761e-02 1.00000000000000e+05 
3.99560827943768e-02 1.00000000000000e+05 
4.02245354382392e-02 1.00000000000000e+05 
4.04939122726271e-02 1.00000000000000e+05 
4.07653674084073e-02 1.00000000000000e+05 
4.10377701723960e-02 1.00000000000000e+05 
4.13123214678252e-02 1.00000000000000e+05 
4.15878279010041e-02 1.00000000000000e+05 
4.18653372930204e-02 1.00000000000000e+05 
4.21440756470133e-02 1.00000000000000e+05 
4.24245598892316e-02 1.00000000000000e+05 
4.27062571309825e-02 1.00000000000000e+05 
4.29898194631012e-02 1.00000000000000e+05 
4.32745477322303e-02 1.00000000000000e+05 
4.35612774372013e-02 1.00000000000000e+05 
4.38491398647668e-02 1.00000000000000e+05 
4.41391917978119e-02 1.00000000000000e+05 
4.44303376955089e-02 1.00000000000000e+05 
4.47238434411344e-02 1.00000000000000e+05 
4.50184368283226e-02 1.00000000000000e+05 
4.53154361941088e-02 1.00000000000000e+05 
4.56135206798343e-02 1.00000000000000e+05 
4.59141531948485e-02 1.00000000000000e+05 
4.62154179332475e-02 1.00000000000000e+05 
4.65170548306518e-02 1.00000000000000e+05 
4.68189082257249e-02 1.00000000000000e+05 
4.71212270914237e-02 1.00000000000000e+05 
4.74237287465079e-02 1.00000000000000e+05 
4.77267555190507e-02 1.00000000000000e+05 
4.80299516774554e-02 1.00000000000000e+05 
4.83337600170995e-02 1.00000000000000e+05 
4.86377878440885e-02 1.00000000000000e+05 
4.89423754767194e-02 1.00000000000000e+05 
4.92471717349830e-02 1.00000000000000e+05 
4.95524389292021e-02 1.00000000000000e+05 
4.98579599426881e-02 1.00000000000000e+05 
5.01640004670122e-02 1.00000000000000e+05 
5.04703728011660e-02 1.00000000000000e+05 
5.07773325464030e-02 1.00000000000000e+05 
5.10841940976669e-02 1.00000000000000e+05 
5.13908071157039e-02 1.00000000000000e+05 
5.16959585006919e-02 1.00000000000000e+05 
5.20007881982416e-02 1.00000000000000e+05 
5.23042104874756e-02 1.00000000000000e+05 
5.26072735959481e-02 1.00000000000000e+05 
5.29092023459128e-02 1.00000000000000e+05 
5.32108907998399e-02 1.00000000000000e+05 
5.35115365782376e-02 1.00000000000000e+05 
5.38119456821670e-02 1.00000000000000e+05 
5.41114305154278e-02 1.00000000000000e+05 
5.44107729422749e-02 1.00000000000000e+05 
5.47092986373742e-02 1.00000000000000e+05 
5.50078753378286e-02 1.00000000000000e+05 
5.53058837604338e-02 1.00000000000000e+05 
5.56036312649045e-02 1.00000000000000e+05 
5.59007402308466e-02 1.00000000000000e+05 
5.61976278959916e-02 1.00000000000000e+05 
5.64938831267439e-02 1.00000000000000e+05 
5.67902414562668e-02 1.00000000000000e+05 
5.70861827028296e-02 1.00000000000000e+05 
5.73824385221049e-02 1.00000000000000e+05 
5.76783307275912e-02 1.00000000000000e+05 
5.79745390204994e-02 1.00000000000000e+05 
5.82703859037504e-02 1.00000000000000e+05 
5.85663624563883e-02 1.00000000000000e+05 
5.88622585420033e-02 1.00000000000000e+05 
5.91567812319133e-02 1.00000000000000e+05 
5.94464974795228e-02 1.00000000000000e+05 
5.97319796952853e-02 1.00000000000000e+05 
6.00198207011508e-02 1.00000000000000e+05 
6.03058295148702e-02 1.00000000000000e+05 
6.05888141504088e-02 1.00000000000000e+05 
6.08682288025791e-02 1.00000000000000e+05 
6.11451055990859e-02 1.00000000000000e+05 
6.14206036054689e-02 1.00000000000000e+05 
6.16943400936658e-02 1.00000000000000e+05 
6.19675635402100e-02 1.00000000000000e+05 
6.22405236099292e-02 1.00000000000000e+05 
6.25133054914981e-02 1.00000000000000e+05 
6.27849855791876e-02 1.00000000000000e+05 
6.30552823180629e-02 1.00000000000000e+05 
6.33249147732975e-02 1.00000000000000e+05 
6.35933008418283e-02 1.00000000000000e+05 
6.38608161491329e-02 1.00000000000000e+05 
6.41276980616542e-02 1.00000000000000e+05 
6.43941256822054e-02 1.00000000000000e+05 
6.46597071309117e-02 1.00000000000000e+05 
6.49247508260505e-02 1.00000000000000e+05 
6.51888832488847e-02 1.00000000000000e+05 
6.54487524312076e-02 1.00000000000000e+05 
6.57030236764305e-02 1.00000000000000e+05 
6.59520438348361e-02 1.00000000000000e+05 
6.61971522366761e-02 1.00000000000000e+05 
6.64406514714375e-02 1.00000000000000e+05 
6.66806543663560e-02 1.00000000000000e+05 
6.69166251628203e-02 1.00000000000000e+05 
6.71506847725349e-02 1.00000000000000e+05 
6.73820343968606e-02 1.00000000000000e+05 
6.76105577886831e-02 1.00000000000000e+05 
6.78372894284630e-02 1.00000000000000e+05 
6.80634524776325e-02 1.00000000000000e+05 
6.82893236243096e-02 1.00000000000000e+05 
6.85147169377624e-02 1.00000000000000e+05 
6.87399839730627e-02 1.00000000000000e+05 
6.89657391450786e-02 1.00000000000000e+05 
6.91922994626238e-02 1.00000000000000e+05 
6.94198812282757e-02 1.00000000000000e+05 
6.96483708405688e-02 1.00000000000000e+05 
6.98777110118622e-02 1.00000000000000e+05 
7.01074824048163e-02 1.00000000000000e+05 
7.03384038501418e-02 1.00000000000000e+05 
7.05698344018090e-02 1.00000000000000e+05 
7.08023982599217e-02 1.00000000000000e+05 
7.10355642894764e-02 1.00000000000000e+05 
7.12696230463550e-02 1.00000000000000e+05 
7.15040460760521e-02 1.00000000000000e+05 
7.17393564786835e-02 1.00000000000000e+05 
7.19748129586673e-02 1.00000000000000e+05 
7.22112716271291e-02 1.00000000000000e+05 
7.24480452405871e-02 1.00000000000000e+05 
7.26848418210125e-02 1.00000000000000e+05 
7.29216964781374e-02 1.00000000000000e+05 
7.31577868767679e-02 1.00000000000000e+05 
7.33931171668489e-02 1.00000000000000e+05 
7.36277432346069e-02 1.00000000000000e+05 
7.38618947431629e-02 1.00000000000000e+05 
7.40954366447277e-02 1.00000000000000e+05 
7.43287803930489e-02 1.00000000000000e+05 
7.45619063982219e-02 1.00000000000000e+05 
7.47951073063724e-02 1.00000000000000e+05 
7.50284710294912e-02 1.00000000000000e+05 
7.52621059802106e-02 1.00000000000000e+05 
7.54958912639423e-02 1.00000000000000e+05 
7.57301535129996e-02 1.00000000000000e+05 
7.59647363473699e-02 1.00000000000000e+05 
7.61996421158966e-02 1.00000000000000e+05 
7.64350462658116e-02 1.00000000000000e+05 
7.66708555266548e-02 1.00000000000000e+05 
7.69070141563143e-02 1.00000000000000e+05 
7.71433596422760e-02 1.00000000000000e+05 
7.73798742475151e-02 1.00000000000000e+05 
7.76166877720453e-02 1.00000000000000e+05 
7.78543349620968e-02 1.00000000000000e+05 
7.80923270839575e-02 1.00000000000000e+05 
7.83305418546258e-02 1.00000000000000e+05 
7.85690505700427e-02 1.00000000000000e+05 
7.88077411745723e-02 1.00000000000000e+05 
7.90467188534977e-02 1.00000000000000e+05 
7.92871404880119e-02 1.00000000000000e+05 
7.95279106694071e-02 1.00000000000000e+05 
7.97688256639201e-02 1.00000000000000e+05 
8.00099661151036e-02 1.00000000000000e+05 
8.02513080542588e-02 1.00000000000000e+05 
8.04929885182828e-02 1.00000000000000e+05 
8.07362247039237e-02 1.00000000000000e+05 
8.09798848112081e-02 1.00000000000000e+05 
8.12239133105645e-02 1.00000000000000e+05 
8.14684168100846e-02 1.00000000000000e+05 
8.17132735990054e-02 1.00000000000000e+05 
8.19586160590494e-02 1.00000000000000e+05 
8.22042331083820e-02 1.00000000000000e+05 
8.24501800387579e-02 1.00000000000000e+05 
8.26964730172992e-02 1.00000000000000e+05 
8.29432954144337e-02 1.00000000000000e+05 
8.31905322800771e-02 1.00000000000000e+05 
8.34381389477583e-02 1.00000000000000e+05 
8.36860874146959e-02 1.00000000000000e+05 
8.39344175578045e-02 1.00000000000000e+05 
8.41830897102189e-02 1.00000000000000e+05 
8.44328590134963e-02 1.00000000000000e+05 
8.46829289974097e-02 1.00000000000000e+05 
8.49333448381511e-02 1.00000000000000e+05 
8.51840455240137e-02 1.00000000000000e+05 
8.54350844773978e-02 1.00000000000000e+05 
8.56863798120727e-02 1.00000000000000e+05 
8.59379932715274e-02 1.00000000000000e+05 
8.61898319637174e-02 1.00000000000000e+05 
8.64430231412672e-02 1.00000000000000e+05 
8.66964195850290e-02 1.00000000000000e+05 
8.69501255380312e-02 1.00000000000000e+05 
8.72040308902813e-02 1.00000000000000e+05 
8.74582013416483e-02 1.00000000000000e+05 
8.77126095269775e-02 1.00000000000000e+05 
8.79673384184244e-02 1.00000000000000e+05 
8.82223226461367e-02 1.00000000000000e+05 
8.84776653131794e-02 1.00000000000000e+05 
8.87340412177314e-02 1.00000000000000e+05 
8.89908801089022e-02 1.00000000000000e+05 
8.92479925396856e-02 1.00000000000000e+05 
8.95056435115353e-02 1.00000000000000e+05 
8.97635693046424e-02 1.00000000000000e+05 
9.00219921533248e-02 1.00000000000000e+05 
9.02807474270500e-02 1.00000000000000e+05 
9.05399729950671e-02 1.00000000000000e+05 
9.07994942657336e-02 1.00000000000000e+05 
9.10595262821830e-02 1.00000000000000e+05 
9.13198164912486e-02 1.00000000000000e+05 
9.15805547311137e-02 1.00000000000000e+05 
9.18415623946768e-02 1.00000000000000e+05 
9.21029391188711e-02 1.00000000000000e+05 
9.23645084690369e-02 1.00000000000000e+05 
9.26264087163442e-02 1.00000000000000e+05 
9.28884916636210e-02 1.00000000000000e+05 
9.31508630042103e-02 1.00000000000000e+05 
9.34134062780664e-02 1.00000000000000e+05 
9.36769272509942e-02 1.00000000000000e+05 
9.39405529355136e-02 1.00000000000000e+05 
9.42044310553894e-02 1.00000000000000e+05 
9.44683492783098e-02 1.00000000000000e+05 
9.47323756821869e-02 1.00000000000000e+05 
9.49963769261264e-02 1.00000000000000e+05 
9.52603443779101e-02 1.00000000000000e+05 
9.55234548831431e-02 1.00000000000000e+05 
9.57851545477125e-02 1.00000000000000e+05 
9.60460979762275e-02 1.00000000000000e+05 
9.63059256961080e-02 1.00000000000000e+05 
9.65651575152424e-02 1.00000000000000e+05 
9.68235949243939e-02 1.00000000000000e+05 
9.70818934804817e-02 1.00000000000000e+05 
9.73398685789405e-02 1.00000000000000e+05 
9.75975885408764e-02 1.00000000000000e+05 
9.78546094971249e-02 1.00000000000000e+05 
9.81113308505886e-02 1.00000000000000e+05 
9.83674688028380e-02 1.00000000000000e+05 
9.86233626069281e-02 1.00000000000000e+05 
9.88790815272181e-02 1.00000000000000e+05 
9.91348034886019e-02 1.00000000000000e+05 
9.93902745237438e-02 1.00000000000000e+05 
9.96455541784613e-02 1.00000000000000e+05 
9.99005903740169e-02 1.00000000000000e+05 
1.00155693460484e-01 1.00000000000000e+05 
1.00410769690443e-01 1.00000000000000e+05 
1.00666133032826e-01 1.00000000000000e+05 
1.00921709292295e-01 1.00000000000000e+05 
1.01177578689646e-01 1.00000000000000e+05 
1.01433606215354e-01 1.00000000000000e+05 
1.01689779980830e-01 1.00000000000000e+05 
1.01946238484436e-01 1.00000000000000e+05 
1.02202975045576e-01 1.00000000000000e+05 
1.02460117990223e-01 1.00000000000000e+05 
1.02717584576911e-01 1.00000000000000e+05 
1.02975466283087e-01 1.00000000000000e+05 
1.03233818814121e-01 1.00000000000000e+05 
1.03492611955380e-01 1.00000000000000e+05 
1.03751867723846e-01 1.00000000000000e+05 
1.04011563775313e-01 1.00000000000000e+05 
1.04271735852872e-01 1.00000000000000e+05 
1.04532337360025e-01 1.00000000000000e+05 
1.04793442370852e-01 1.00000000000000e+05 
1.05054945657371e-01 1.00000000000000e+05 
1.05316946184264e-01 1.00000000000000e+05 
1.05579331263278e-01 1.00000000000000e+05 
1.05842256362651e-01 1.00000000000000e+05 
1.06105574366433e-01 1.00000000000000e+05 
1.06369358920427e-01 1.00000000000000e+05 
1.06633620074157e-01 1.00000000000000e+05 
1.06898176590043e-01 1.00000000000000e+05 
1.07163252095555e-01 1.00000000000000e+05 
1.07428558025413e-01 1.00000000000000e+05 
1.07694352980844e-01 1.00000000000000e+05 
1.07960381360159e-01 1.00000000000000e+05 
1.08226828486468e-01 1.00000000000000e+05 
1.08493526647844e-01 1.00000000000000e+05 
1.08760608691959e-01 1.00000000000000e+05 
1.09027965399040e-01 1.00000000000000e+05 
1.09295764356938e-01 1.00000000000000e+05 
1.09563747595313e-01 1.00000000000000e+05 
1.09832089010896e-01 1.00000000000000e+05 
1.10100532526384e-01 1.00000000000000e+05 
1.10369056432215e-01 1.00000000000000e+05 
1.10637630822752e-01 1.00000000000000e+05 
1.10906164954999e-01 1.00000000000000e+05 
1.11174647689664e-01 1.00000000000000e+05 
1.11442947119981e-01 1.00000000000000e+05 
1.11711068699460e-01 1.00000000000000e+05 
1.11978970932168e-01 1.00000000000000e+05 
1.12246530390239e-01 1.00000000000000e+05 
1.12513521269841e-01 1.00000000000000e+05 
1.12780473512848e-01 1.00000000000000e+05 
1.13047182351217e-01 1.00000000000000e+05 
1.13314170555937e-01 1.00000000000000e+05 
1.13581199644100e-01 1.00000000000000e+05 
1.13848464568303e-01 1.00000000000000e+05 
1.14115987025316e-01 1.00000000000000e+05 
1.14383179401358e-01 1.00000000000000e+05 
1.14650393702439e-01 1.00000000000000e+05 
1.14917467161207e-01 1.00000000000000e+05 
1.15184752955957e-01 1.00000000000000e+05 
1.15451832905645e-01 1.00000000000000e+05 
1.15719075737043e-01 1.00000000000000e+05 
1.15986349013085e-01 1.00000000000000e+05 
1.16253787272528e-01 1.00000000000000e+05 
1.16520304476809e-01 1.00000000000000e+05 
1.16786804030268e-01 1.00000000000000e+05 
1.17052173110399e-01 1.00000000000000e+05 
1.17318060199420e-01 1.00000000000000e+05 
1.17582740141190e-01 1.00000000000000e+05 
1.17847980056189e-01 1.00000000000000e+05 
1.18112286462144e-01 1.00000000000000e+05 
1.18376853590151e-01 1.00000000000000e+05 
1.18640762326804e-01 1.00000000000000e+05 
1.18905139307281e-01 1.00000000000000e+05 
1.19169516997862e-01 1.00000000000000e+05 
1.19434194415665e-01 1.00000000000000e+05 
1.19698927871859e-01 1.00000000000000e+05 
1.19964186629075e-01 1.00000000000000e+05 
1.20229640235728e-01 1.00000000000000e+05 
1.20495770907235e-01 1.00000000000000e+05 
1.20762100959772e-01 1.00000000000000e+05 
1.21028664902578e-01 1.00000000000000e+05 
1.21295372081901e-01 1.00000000000000e+05 
1.21562277143908e-01 1.00000000000000e+05 
1.21829371944231e-01 1.00000000000000e+05 
1.22096756153316e-01 1.00000000000000e+05 
1.22364318464511e-01 1.00000000000000e+05 
1.22632322752315e-01 1.00000000000000e+05 
1.22900476052778e-01 1.00000000000000e+05 
1.23169163154980e-01 1.00000000000000e+05 
1.23439496714935e-01 1.00000000000000e+05 
1.23710237900940e-01 1.00000000000000e+05 
1.23981405514757e-01 1.00000000000000e+05 
1.24252981378509e-01 1.00000000000000e+05 
1.24524933977978e-01 1.00000000000000e+05 
1.24797334277908e-01 1.00000000000000e+05 
1.25070014573347e-01 1.00000000000000e+05 
1.25343135843796e-01 1.00000000000000e+05 
1.25616586709395e-01 1.00000000000000e+05 
1.25890472608817e-01 1.00000000000000e+05 
1.26164712135222e-01 1.00000000000000e+05 
1.26439374819842e-01 1.00000000000000e+05 
1.26714444642299e-01 1.00000000000000e+05 
1.26989961901146e-01 1.00000000000000e+05 
1.27265930383111e-01 1.00000000000000e+05 
1.27542359434715e-01 1.00000000000000e+05 
1.27819263605250e-01 1.00000000000000e+05 
1.28096622044527e-01 1.00000000000000e+05 
1.28374477443221e-01 1.00000000000000e+05 
1.28652781128892e-01 1.00000000000000e+05 
1.28931545339684e-01 1.00000000000000e+05 
1.29210776332662e-01 1.00000000000000e+05 
1.29490446254135e-01 1.00000000000000e+05 
1.29770557913364e-01 1.00000000000000e+05 
1.30051068918931e-01 1.00000000000000e+05 
1.30331965659717e-01 1.00000000000000e+05 
1.30613258068708e-01 1.00000000000000e+05 
1.30894933123204e-01 1.00014829596171e+05 
1.31177022136894e-01 1.00473805942940e+05 
1.31459509894415e-01 1.01905700138316e+05 
1.31742438802834e-01 1.04589109473081e+05 
1.32025777286349e-01 1.08381311042926e+05 
1.32309586351846e-01 1.13120188372693e+05 
1.32593808039373e-01 1.18141563088792e+05 
1.32878518829526e-01 1.22839001228670e+05 
1.33163657412412e-01 1.27120077556376e+05 
1.33449266852317e-01 1.29875864511879e+05 
1.33735306869429e-01 1.30766559433928e+05 
1.34021811834911e-01 1.30875618158749e+05 
1.34310191824461e-01 1.30709114479893e+05 
1.34599097168432e-01 1.30406021474747e+05 
1.34888410322559e-01 1.29892796153569e+05 
1.35178271410455e-01 1.29278638817430e+05 
1.35468603484449e-01 1.28684421359350e+05 
1.35759558984017e-01 1.28119952903705e+05 
1.36051065599477e-01 1.27593455944151e+05 
1.36343212907149e-01 1.27123648634053e+05 
1.36635952597317e-01 1.26731498049189e+05 
1.36929317728280e-01 1.26395548633533e+05 
1.37223265976981e-01 1.26086589431322e+05 
1.37517846638223e-01 1.25805203287278e+05 
1.37812996397356e-01 1.25536753786394e+05 
1.38108808220512e-01 1.25269781629205e+05 
1.38405202981153e-01 1.24997141633779e+05 
1.38702285298563e-01 1.24717528532106e+05 
1.38999992261682e-01 1.24430773558419e+05 
1.39298422367287e-01 1.24139161203813e+05 
1.39597297164095e-01 1.23845333648748e+05 
1.39897090672454e-01 1.23551905766433e+05 
1.40197230418364e-01 1.23260268793234e+05 
1.40497677584428e-01 1.22972804461132e+05 
1.40798335560061e-01 1.22689626461033e+05 
1.41099289041546e-01 1.22411420617714e+05 
1.41400473556971e-01 1.22137883434556e+05 
1.41701942088683e-01 1.21868676619980e+05 
1.42003628881819e-01 1.21603717455996e+05 
1.42305552336273e-01 1.21342330031306e+05 
1.42607725851799e-01 1.21084532103982e+05 
1.42910189083375e-01 1.20829898276488e+05 
1.43212869850007e-01 1.20578507847661e+05 
1.43515832305684e-01 1.20330219432116e+05 
1.43820212153136e-01 1.20083878814473e+05 
1.44124935915375e-01 1.19840332058776e+05 
1.44429796170717e-01 1.19599393190267e+05 
1.44734966400044e-01 1.19360514976823e+05 
1.45040185714335e-01 1.19123282345990e+05 
1.45345687288124e-01 1.18886863824495e+05 
1.45651798403565e-01 1.18650242691745e+05 
1.45958278225175e-01 1.18412823401783e+05 
1.46264843688308e-01 1.18174127519732e+05 
1.46571727159013e-01 1.17933688706797e+05 
1.46878662578058e-01 1.17691736775999e+05 
1.47185875126612e-01 1.17448282149794e+05 
1.47493113424851e-01 1.17205557883451e+05 
1.47800535455459e-01 1.16963895217359e+05 
1.48107951590868e-01 1.16722783243027e+05 
1.48415505883135e-01 1.16489709763788e+05 
1.48723009619867e-01 1.16269249626646e+05 
1.49030620541095e-01 1.16056095358280e+05 
1.49338128964078e-01 1.15849477908959e+05 
1.49645729291220e-01 1.15659460668114e+05 
1.49953198940424e-01 1.15490515868887e+05 
1.50260755854030e-01 1.15341004732812e+05 
1.50568148159542e-01 1.15192692275430e+05 
1.50875627170061e-01 1.15049063223446e+05 
1.51182912082316e-01 1.14914326482570e+05 
1.51489229480614e-01 1.14786166970884e+05 
1.51795055480519e-01 1.14661234400147e+05 
1.52099876204131e-01 1.14538159156344e+05 
1.52404266232556e-01 1.14413361124663e+05 
1.52707755795578e-01 1.14285072120374e+05 
1.53010872791612e-01 1.14149940450804e+05 
1.53313190410849e-01 1.14008149693308e+05 
1.53615141274979e-01 1.13854792412158e+05 
1.53916427724980e-01 1.13691396778438e+05 
1.54217362699811e-01 1.13520399254500e+05 
1.54517405164771e-01 1.13341374711979e+05 
1.54817264456135e-01 1.13157893055168e+05 
1.55116262827572e-01 1.12973695440796e+05 
1.55415200084422e-01 1.12786994440660e+05 
1.55713448864714e-01 1.12597426664256e+05 
1.56011745255501e-01 1.12406770358310e+05 
1.56309546963925e-01 1.12216125953119e+05 
1.56607489227015e-01 1.12026422058998e+05 
1.56905172591101e-01 1.11839428113935e+05 
1.57203010721631e-01 1.11654043874965e+05 
1.57500726699501e-01 1.11471964172204e+05 
1.57798525446904e-01 1.11293753485239e+05 
1.58096221934507e-01 1.11119283080828e+05 
1.58394047282366e-01 1.10948167681091e+05 
1.58691914455468e-01 1.10780103996257e+05 
1.58989984312325e-01 1.10614297476095e+05 
1.59288213343718e-01 1.10449980159296e+05 
1.59586703810315e-01 1.10286469219645e+05 
1.59885442984493e-01 1.10122885308875e+05 
1.60184472652137e-01 1.09958657698658e+05 
1.60483455260220e-01 1.09793216860230e+05 
1.60782207047432e-01 1.09626230186852e+05 
1.61080581787617e-01 1.09457129957095e+05 
1.61378794127159e-01 1.09285426103868e+05 
1.61676668850368e-01 1.09111030631391e+05 
1.61974547497258e-01 1.08933841553430e+05 
1.62272098866228e-01 1.08753758816767e+05 
1.62569851400615e-01 1.08571047085259e+05 
1.62867269427998e-01 1.08386317329082e+05 
1.63165060851003e-01 1.08198997367511e+05 
1.63462489711715e-01 1.08010030098146e+05 
1.63760337296898e-01 1.07818933700463e+05 
1.64057870898249e-01 1.07626575875805e+05 
1.64355773742095e-01 1.07432758391532e+05 
1.64653256513748e-01 1.07238230973975e+05 
1.64950726519962e-01 1.07042934727749e+05 
1.65247925268947e-01 1.06847297396381e+05 
1.65545037325333e-01 1.06651418935941e+05 
1.65841994254289e-01 1.06455598817716e+05 
1.66138759807556e-01 1.06260124864224e+05 
1.66435430338700e-01 1.06065188154187e+05 
1.66731851744398e-01 1.05871145567266e+05 
1.67028101690733e-01 1.05678193540475e+05 
1.67324121939554e-01 1.05486632386102e+05 
1.67619905409434e-01 1.05296706943603e+05 
1.67915508094735e-01 1.05108624309873e+05 
1.68210883750128e-01 1.04922620755840e+05 
1.68506136072630e-01 1.04738842724189e+05 
1.68801201062778e-01 1.04557526573784e+05 
1.69096167782456e-01 1.04378800272342e+05 
1.69390964226021e-01 1.04202920156349e+05 
1.69685700483141e-01 1.04030023178281e+05 
1.69980306346585e-01 1.03860427484313e+05 
1.70275603855646e-01 1.03693985177692e+05 
1.70574012887603e-01 1.03529795874157e+05 
1.70872077588261e-01 1.03370156912422e+05 
1.71170595299406e-01 1.03215111861974e+05 
1.71468743861738e-01 1.03065438494091e+05 
1.71767349632901e-01 1.02921008880938e+05 
1.72065559407852e-01 1.02782291347795e+05 
1.72364025291497e-01 1.02651673584601e+05 
1.72662322851335e-01 1.02529455010733e+05 
1.72960118600459e-01 1.02413636281314e+05 
1.73257824533204e-01 1.02304829258595e+05 
1.73555056012361e-01 1.02203302789506e+05 
1.73852211476896e-01 1.02108961203263e+05 
1.74148991293974e-01 1.02021699079800e+05 
1.74445659395781e-01 1.01940884087616e+05 
1.74741992211085e-01 1.01866058068558e+05 
1.75038183589173e-01 1.01796528734188e+05 
1.75334141405767e-01 1.01731564393055e+05 
1.75629989275266e-01 1.01670326936095e+05 
1.75925664592499e-01 1.01612036664132e+05 
1.76221260312912e-01 1.01555809153608e+05 
1.76516741064144e-01 1.01500967240616e+05 
1.76812132874233e-01 1.01447034805611e+05 
1.77107443503425e-01 1.01393521758188e+05 
1.77402692841303e-01 1.01340050984702e+05 
1.77697781282469e-01 1.01286323332823e+05 
1.77992913795045e-01 1.01232776392817e+05 
1.78287910287629e-01 1.01177846372652e+05 
1.78582959628472e-01 1.01122228164701e+05 
1.78877850674483e-01 1.01065622271645e+05 
1.79172835576556e-01 1.01007951982285e+05 
1.79467564356483e-01 1.00949327015322e+05 
1.79762407035204e-01 1.00889498064455e+05 
1.80057036494732e-01 1.00828219236587e+05 
1.80351798453036e-01 1.00765051893191e+05 
1.80646381283346e-01 1.00699719379768e+05 
1.80941009013562e-01 1.00631985537173e+05 
1.81235577664153e-01 1.00561316136232e+05 
1.81529937655674e-01 1.00487109062463e+05 
1.81824152875669e-01 1.00408686920930e+05 
1.82118820454028e-01 1.00325210574633e+05 
1.82413321861150e-01 1.00236055836792e+05 
1.82708015667942e-01 1.00140376052339e+05 
1.83002423711166e-01 1.00038407293233e+05 
1.83296925807869e-01 9.99290630227339e+04 
1.83591131379756e-01 9.98134394036401e+04 
1.83885335153540e-01 9.96909978920085e+04 
1.84179278481596e-01 9.95654059934619e+04 
1.84473135640004e-01 9.94383023667121e+04 
1.84670279302491e-01 9.93525844368878e+04 
1.84867442097734e-01 9.92706026929281e+04 
1.85064765314960e-01 9.91913466737584e+04 
1.85262193313358e-01 9.91144843912207e+04 
1.85459914063212e-01 9.90433523140538e+04 
1.85657864024856e-01 9.89693896428138e+04 
1.85856253815431e-01 9.88938916666375e+04 
1.86055011372479e-01 9.88173229165731e+04 
1.86254364068757e-01 9.87530872696022e+04 
1.86454235888150e-01 9.87094466890674e+04 
1.86654870743284e-01 9.86946561661996e+04 
1.86856197889675e-01 9.87157297808278e+04 
1.87058477919211e-01 9.87761945525950e+04 
1.87262500971926e-01 9.88790885851265e+04 
1.87467993722286e-01 9.90170993356846e+04 
1.87674845151654e-01 9.91909177262692e+04 
1.87883014684738e-01 9.93997906789666e+04 
1.88092478225731e-01 9.96397846839574e+04 
1.88303442581678e-01 9.99072022943569e+04 
1.88515898789947e-01 1.00197449836175e+05 
1.88730214767473e-01 1.00507104585406e+05 
1.88946358982086e-01 1.00830615263208e+05 
1.89164836957965e-01 1.01163192309058e+05 
1.89385590001372e-01 1.01498646340601e+05 
1.89608894978112e-01 1.01831079072130e+05 
1.89833637201885e-01 1.02151861936804e+05 
1.90059862534843e-01 1.02459264245986e+05 
1.90286839490204e-01 1.02746273021574e+05 
1.90515010311516e-01 1.03010574347303e+05 
1.90743704344564e-01 1.03249081466669e+05 
1.90973518602353e-01 1.03461863937957e+05 
1.91203748291615e-01 1.03647288412602e+05 
1.91435072264290e-01 1.03809213855427e+05 
1.91666725181810e-01 1.03951725931027e+05 
1.91899437613346e-01 1.04074866153937e+05 
1.92132372156920e-01 1.04184142914987e+05 
1.92366323790709e-01 1.04282952069810e+05 
1.92600396270559e-01 1.04375294937790e+05 
1.92835438912678e-01 1.04465384273434e+05 
1.93070509696977e-01 1.04556585979512e+05 
1.93306500567871e-01 1.04652185831191e+05 
1.93542435097039e-01 1.04754714633717e+05 
1.93779235513708e-01 1.04866068523537e+05 
1.94015898724528e-01 1.04986955907752e+05 
1.94253364723537e-01 1.05118755003274e+05 
1.94490608817601e-01 1.05260671612196e+05 
1.94728579439709e-01 1.05412624696772e+05 
1.94966235391292e-01 1.05572820097394e+05 
1.95204526986916e-01 1.05740358604621e+05 
1.95442401951998e-01 1.05911430975219e+05 
1.95680807703892e-01 1.06086120395076e+05 
1.95918686638521e-01 1.06257864597563e+05 
1.96156978743389e-01 1.06424377400976e+05 
1.96394627216166e-01 1.06584180096972e+05 
1.96632560822486e-01 1.06730684334096e+05 
1.96869731275158e-01 1.06859699280961e+05 
1.97107053006575e-01 1.06978613532253e+05 
1.97343495880307e-01 1.07074682508705e+05 
1.97579955417097e-01 1.07140928629571e+05 
1.97815429975213e-01 1.07181370892867e+05 
1.98050789582029e-01 1.07198830345451e+05 
1.98285071678328e-01 1.07192562812759e+05 
1.98519113446386e-01 1.07161643198012e+05 
1.98752001762596e-01 1.07123029743020e+05 
1.98984533809418e-01 1.07076205932850e+05 
1.99215855887878e-01 1.07017569122655e+05 
1.99446718095161e-01 1.06948077614389e+05 
1.99676334479929e-01 1.06867006512745e+05 
1.99905402540909e-01 1.06772341053944e+05 
2.00133233816086e-01 1.06664122586106e+05 
