# Liste des scalaires : TEMPS pmat 
0.00000000000000e+00 1.00000000000000e+05 
7.22956891292051e-05 1.00000000000000e+05 
1.39473830159789e-04 1.00000000000000e+05 
2.09658797050091e-04 1.00000000000000e+05 
2.76117114236758e-04 1.00000000000000e+05 
3.20638761908159e-04 1.00000000000000e+05 
3.55139419127711e-04 1.00000000000000e+05 
3.84466703006994e-04 1.00000000000000e+05 
4.10882456555398e-04 1.00000000000000e+05 
4.35440253196377e-04 1.00000000000000e+05 
4.62453829501454e-04 1.00000000000000e+05 
4.92168763437039e-04 1.00000000000000e+05 
5.24855190766183e-04 1.00000000000000e+05 
5.60810260828241e-04 1.00000000000000e+05 
6.00360837896504e-04 1.00000000000000e+05 
6.43866472671594e-04 1.00000000000000e+05 
6.91722670924193e-04 1.00000000000000e+05 
7.44364489002052e-04 1.00000000000000e+05 
8.02270488887697e-04 1.00000000000000e+05 
8.65967088761906e-04 1.00000000000000e+05 
9.36033348623536e-04 1.00000000000000e+05 
1.01310623447133e-03 1.00000000000000e+05 
1.09788640890390e-03 1.00000000000000e+05 
1.19114460077973e-03 1.00000000000000e+05 
1.28874595968005e-03 1.00000000000000e+05 
1.39427742078100e-03 1.00000000000000e+05 
1.50221628787637e-03 1.00000000000000e+05 
1.61553425737496e-03 1.00000000000000e+05 
1.73457348070849e-03 1.00000000000000e+05 
1.85733677968642e-03 1.00000000000000e+05 
1.98616223838902e-03 1.00000000000000e+05 
2.11872938704660e-03 1.00000000000000e+05 
2.25541689819697e-03 1.00000000000000e+05 
2.39772133018711e-03 1.00000000000000e+05 
2.54485627309131e-03 1.00000000000000e+05 
2.69657390129240e-03 1.00000000000000e+05 
2.85238267869213e-03 1.00000000000000e+05 
3.01245336052077e-03 1.00000000000000e+05 
3.17812497446138e-03 1.00000000000000e+05 
3.34903914085969e-03 1.00000000000000e+05 
3.52550659026334e-03 1.00000000000000e+05 
3.70726992321402e-03 1.00000000000000e+05 
3.89587589613611e-03 1.00000000000000e+05 
4.08975108537204e-03 1.00000000000000e+05 
4.28959471140244e-03 1.00000000000000e+05 
4.49516060408449e-03 1.00000000000000e+05 
4.70839016598790e-03 1.00000000000000e+05 
4.92856382961039e-03 1.00000000000000e+05 
5.15483884145809e-03 1.00000000000000e+05 
5.38810296190563e-03 1.00000000000000e+05 
5.62716630832549e-03 1.00000000000000e+05 
5.87020911792125e-03 1.00000000000000e+05 
6.12048301668761e-03 1.00000000000000e+05 
6.37286594506346e-03 1.00000000000000e+05 
6.63255281660287e-03 1.00000000000000e+05 
6.89402258475671e-03 1.00000000000000e+05 
7.16407888327086e-03 1.00000000000000e+05 
7.43688358986632e-03 1.00000000000000e+05 
7.71367443739275e-03 1.00000000000000e+05 
7.99348750691746e-03 1.00000000000000e+05 
8.27643828737059e-03 1.00000000000000e+05 
8.55454911876853e-03 1.00000000000000e+05 
8.82661670676210e-03 1.00000000000000e+05 
9.09404080755414e-03 1.00000000000000e+05 
9.35767668944259e-03 1.00000000000000e+05 
9.61798037555283e-03 1.00000000000000e+05 
9.87429028728488e-03 1.00000000000000e+05 
1.01273057754243e-02 1.00000000000000e+05 
1.03777988105485e-02 1.00000000000000e+05 
1.06257698034278e-02 1.00000000000000e+05 
1.08546910881105e-02 1.00000000000000e+05 
1.10598054048118e-02 1.00000000000000e+05 
1.12525637595050e-02 1.00000000000000e+05 
1.14374334453374e-02 1.00000000000000e+05 
1.16158415277513e-02 1.00000000000000e+05 
1.17891840582193e-02 1.00000000000000e+05 
1.19583450318163e-02 1.00000000000000e+05 
1.21237108607606e-02 1.00000000000000e+05 
1.22863814425783e-02 1.00000000000000e+05 
1.24465578775136e-02 1.00000000000000e+05 
1.26053009090753e-02 1.00000000000000e+05 
1.27628962673487e-02 1.00000000000000e+05 
1.29203682601925e-02 1.00000000000000e+05 
1.30778979541362e-02 1.00000000000000e+05 
1.32360151286004e-02 1.00000000000000e+05 
1.33949161516572e-02 1.00000000000000e+05 
1.35550249601345e-02 1.00000000000000e+05 
1.37171356258499e-02 1.00000000000000e+05 
1.38812792783539e-02 1.00000000000000e+05 
1.40482316494880e-02 1.00000000000000e+05 
1.42179218589546e-02 1.00000000000000e+05 
1.43909554067138e-02 1.00000000000000e+05 
1.45671317970286e-02 1.00000000000000e+05 
1.47468963590678e-02 1.00000000000000e+05 
1.49299039269542e-02 1.00000000000000e+05 
1.51164616253488e-02 1.00000000000000e+05 
1.53060857169192e-02 1.00000000000000e+05 
1.54989802220270e-02 1.00000000000000e+05 
1.56943417709432e-02 1.00000000000000e+05 
1.58927179358152e-02 1.00000000000000e+05 
1.60932360221558e-02 1.00000000000000e+05 
1.62960149397573e-02 1.00000000000000e+05 
1.65003545196360e-02 1.00000000000000e+05 
1.67063860240075e-02 1.00000000000000e+05 
1.69134359943889e-02 1.00000000000000e+05 
1.71215394263965e-02 1.00000000000000e+05 
1.73303180544718e-02 1.00000000000000e+05 
1.75397275372841e-02 1.00000000000000e+05 
1.77495338281434e-02 1.00000000000000e+05 
1.79588778721689e-02 1.00000000000000e+05 
1.81632141324444e-02 1.00000000000000e+05 
1.83563495627921e-02 1.00000000000000e+05 
1.85350655069269e-02 1.00000000000000e+05 
1.87033349009649e-02 1.00000000000000e+05 
1.88655209306245e-02 1.00000000000000e+05 
1.90248812022828e-02 1.00000000000000e+05 
1.91806392642588e-02 1.00000000000000e+05 
1.93330518371115e-02 1.00000000000000e+05 
1.94844472498789e-02 1.00000000000000e+05 
1.96354513157170e-02 1.00000000000000e+05 
1.97874716678358e-02 1.00000000000000e+05 
1.99407659599239e-02 1.00000000000000e+05 
2.00949665046624e-02 1.00000000000000e+05 
2.02488757450002e-02 1.00000000000000e+05 
2.04037368908796e-02 1.00000000000000e+05 
2.05594695645294e-02 1.00000000000000e+05 
2.07169725223496e-02 1.00000000000000e+05 
2.08761018701561e-02 1.00000000000000e+05 
2.10375359337218e-02 1.00000000000000e+05 
2.12011108374501e-02 1.00000000000000e+05 
2.13673096278024e-02 1.00000000000000e+05 
2.15349476118400e-02 1.00000000000000e+05 
2.17033881946087e-02 1.00000000000000e+05 
2.18726928186357e-02 1.00000000000000e+05 
2.20433328503315e-02 1.00000000000000e+05 
2.22153194801514e-02 1.00000000000000e+05 
2.23890634933800e-02 1.00000000000000e+05 
2.25644939069313e-02 1.00000000000000e+05 
2.27419396854016e-02 1.00000000000000e+05 
2.29213174598040e-02 1.00000000000000e+05 
2.31019380835495e-02 1.00000000000000e+05 
2.32830848372009e-02 1.00000000000000e+05 
2.34652057636936e-02 1.00000000000000e+05 
2.36482741111968e-02 1.00000000000000e+05 
2.38326681181262e-02 1.00000000000000e+05 
2.40183461884612e-02 1.00000000000000e+05 
2.42056351678552e-02 1.00000000000000e+05 
2.43944443153899e-02 1.00000000000000e+05 
2.45849926283179e-02 1.00000000000000e+05 
2.47761662612027e-02 1.00000000000000e+05 
2.49681765023286e-02 1.00000000000000e+05 
2.51610313981712e-02 1.00000000000000e+05 
2.53551212747265e-02 1.00000000000000e+05 
2.55503816872382e-02 1.00000000000000e+05 
2.57471422182524e-02 1.00000000000000e+05 
2.59452822104390e-02 1.00000000000000e+05 
2.61451528429536e-02 1.00000000000000e+05 
2.63466226288007e-02 1.00000000000000e+05 
2.65498641614128e-02 1.00000000000000e+05 
2.67541660971652e-02 1.00000000000000e+05 
2.69598767883930e-02 1.00000000000000e+05 
2.71668065951619e-02 1.00000000000000e+05 
2.73752465998853e-02 1.00000000000000e+05 
2.75850144665138e-02 1.00000000000000e+05 
2.77963373318146e-02 1.00000000000000e+05 
2.80090247670451e-02 1.00000000000000e+05 
2.82231994806313e-02 1.00000000000000e+05 
2.84386445599125e-02 1.00000000000000e+05 
2.86553518681140e-02 1.00000000000000e+05 
2.88730861364197e-02 1.00000000000000e+05 
2.90919285661235e-02 1.00000000000000e+05 
2.93117253389601e-02 1.00000000000000e+05 
2.95327202080199e-02 1.00000000000000e+05 
2.97545567652604e-02 1.00000000000000e+05 
2.99775726528584e-02 1.00000000000000e+05 
3.02013351761710e-02 1.00000000000000e+05 
3.04263074562289e-02 1.00000000000000e+05 
3.06518782788292e-02 1.00000000000000e+05 
3.08785277066601e-02 1.00000000000000e+05 
3.11055252657692e-02 1.00000000000000e+05 
3.13337945992388e-02 1.00000000000000e+05 
3.15625913116404e-02 1.00000000000000e+05 
3.17925723636762e-02 1.00000000000000e+05 
3.20231583627837e-02 1.00000000000000e+05 
3.22547854147867e-02 1.00000000000000e+05 
3.24869575947604e-02 1.00000000000000e+05 
3.27202798976581e-02 1.00000000000000e+05 
3.29540952897270e-02 1.00000000000000e+05 
3.31891761710678e-02 1.00000000000000e+05 
3.34246198104820e-02 1.00000000000000e+05 
3.36614371434417e-02 1.00000000000000e+05 
3.38987021988416e-02 1.00000000000000e+05 
3.41376632222944e-02 1.00000000000000e+05 
3.43772137268704e-02 1.00000000000000e+05 
3.46185344395379e-02 1.00000000000000e+05 
3.48605449649594e-02 1.00000000000000e+05 
3.51044049365805e-02 1.00000000000000e+05 
3.53488566182503e-02 1.00000000000000e+05 
3.55949548682021e-02 1.00000000000000e+05 
3.58417889250050e-02 1.00000000000000e+05 
3.60899289717390e-02 1.00000000000000e+05 
3.63387724954578e-02 1.00000000000000e+05 
3.65890902979294e-02 1.00000000000000e+05 
3.68401295334141e-02 1.00000000000000e+05 
3.70928687116172e-02 1.00000000000000e+05 
3.73463389060990e-02 1.00000000000000e+05 
3.76017207928382e-02 1.00000000000000e+05 
3.78578325806471e-02 1.00000000000000e+05 
3.81158874903788e-02 1.00000000000000e+05 
3.83747322707021e-02 1.00000000000000e+05 
3.86353294349918e-02 1.00000000000000e+05 
3.88968746748791e-02 1.00000000000000e+05 
3.91599093522002e-02 1.00000000000000e+05 
3.94238749701638e-02 1.00000000000000e+05 
3.96895146178761e-02 1.00000000000000e+05 
3.99560827943768e-02 1.00000000000000e+05 
4.02245354382392e-02 1.00000000000000e+05 
4.04939122726271e-02 1.00000000000000e+05 
4.07653674084073e-02 1.00000000000000e+05 
4.10377701723960e-02 1.00000000000000e+05 
4.13123214678252e-02 1.00000000000000e+05 
4.15878279010041e-02 1.00000000000000e+05 
4.18653372930204e-02 1.00000000000000e+05 
4.21440756470133e-02 1.00000000000000e+05 
4.24245598892316e-02 1.00000000000000e+05 
4.27062571309825e-02 1.00000000000000e+05 
4.29898194631012e-02 1.00000000000000e+05 
4.32745477322303e-02 1.00000000000000e+05 
4.35612774372013e-02 1.00000000000000e+05 
4.38491398647668e-02 1.00000000000000e+05 
4.41391917978119e-02 1.00000000000000e+05 
4.44303376955089e-02 1.00139440797629e+05 
4.47238434411344e-02 1.03381702535675e+05 
4.50184368283226e-02 1.12684989118732e+05 
4.53154361941088e-02 1.29034055504350e+05 
4.56135206798343e-02 1.49533738565788e+05 
4.59141531948485e-02 1.71344957017174e+05 
4.62154179332475e-02 1.85172057081910e+05 
4.65170548306518e-02 1.90288365668379e+05 
4.68189082257249e-02 1.89446540118583e+05 
4.71212270914237e-02 1.88533618145081e+05 
4.74237287465079e-02 1.86665152933285e+05 
4.77267555190507e-02 1.83736415588188e+05 
4.80299516774554e-02 1.80740182460052e+05 
4.83337600170995e-02 1.77839684815508e+05 
4.86377878440885e-02 1.75197716163647e+05 
4.89423754767194e-02 1.72915901848060e+05 
4.92471717349830e-02 1.71001681673278e+05 
4.95524389292021e-02 1.69349573483264e+05 
4.98579599426881e-02 1.67895349082695e+05 
5.01640004670122e-02 1.66528880704135e+05 
5.04703728011660e-02 1.65180269563740e+05 
5.07773325464030e-02 1.63819796842702e+05 
5.10841940976669e-02 1.62428198059329e+05 
5.13908071157039e-02 1.61014658816113e+05 
5.16959585006919e-02 1.59590341221579e+05 
5.20007881982416e-02 1.58168910733654e+05 
5.23042104874756e-02 1.56769053725923e+05 
5.26072735959481e-02 1.55398894544795e+05 
5.29092023459128e-02 1.54070576218952e+05 
5.32108907998399e-02 1.52782770218258e+05 
5.35115365782376e-02 1.51541693026769e+05 
5.38119456821670e-02 1.50340605833957e+05 
5.41114305154278e-02 1.49180595373019e+05 
5.44107729422749e-02 1.48053363015010e+05 
5.47092986373742e-02 1.46958747053461e+05 
5.50078753378286e-02 1.45892280511642e+05 
5.53058837604338e-02 1.44859766133069e+05 
5.56036312649045e-02 1.43868113475467e+05 
5.59007402308466e-02 1.42923401187801e+05 
5.61976278959916e-02 1.42038463376587e+05 
5.64938831267439e-02 1.41198662504471e+05 
5.67902414562668e-02 1.40454144924771e+05 
5.70861827028296e-02 1.39808610683329e+05 
5.73824385221049e-02 1.39206917952254e+05 
5.76783307275912e-02 1.38665829778210e+05 
5.79745390204994e-02 1.38231187119914e+05 
5.82703859037504e-02 1.37922731706175e+05 
5.85663624563883e-02 1.37701980815399e+05 
5.88622585420033e-02 1.37550505229374e+05 
5.91567812319133e-02 1.37419809968901e+05 
5.94464974795228e-02 1.37261881813343e+05 
5.97319796952853e-02 1.37073845736461e+05 
6.00198207011508e-02 1.36767573324160e+05 
6.03058295148702e-02 1.36314212256212e+05 
6.05888141504088e-02 1.35721494216680e+05 
6.08682288025791e-02 1.35080476239125e+05 
6.11451055990859e-02 1.34426401900462e+05 
6.14206036054689e-02 1.33634779877183e+05 
6.16943400936658e-02 1.33001643189150e+05 
6.19675635402100e-02 1.32560678523197e+05 
6.22405236099292e-02 1.32308543716766e+05 
6.25133054914981e-02 1.32450644535940e+05 
6.27849855791876e-02 1.33870241701337e+05 
6.30552823180629e-02 1.36761053672401e+05 
6.33249147732975e-02 1.41110966552095e+05 
6.35933008418283e-02 1.46717766245613e+05 
6.38608161491329e-02 1.52348423305812e+05 
6.41276980616542e-02 1.57470029730170e+05 
6.43941256822054e-02 1.61359349131763e+05 
6.46597071309117e-02 1.63457663603962e+05 
6.49247508260505e-02 1.63706866603092e+05 
6.51888832488847e-02 1.62898968578701e+05 
6.54487524312076e-02 1.61935955422078e+05 
6.57030236764305e-02 1.60509754806420e+05 
6.59520438348361e-02 1.58668528504112e+05 
6.61971522366761e-02 1.56603013144726e+05 
6.64406514714375e-02 1.54498929568757e+05 
6.66806543663560e-02 1.52416005272019e+05 
6.69166251628203e-02 1.50421056852744e+05 
6.71506847725349e-02 1.48534642140255e+05 
6.73820343968606e-02 1.46801396914620e+05 
6.76105577886831e-02 1.45220942399961e+05 
6.78372894284630e-02 1.43767213436409e+05 
6.80634524776325e-02 1.42415394998429e+05 
6.82893236243096e-02 1.41148624081479e+05 
6.85147169377624e-02 1.39949954688310e+05 
6.87399839730627e-02 1.38797859208784e+05 
6.89657391450786e-02 1.37669119365048e+05 
6.91922994626238e-02 1.36546320273787e+05 
6.94198812282757e-02 1.35417570713267e+05 
6.96483708405688e-02 1.34276670397975e+05 
6.98777110118622e-02 1.33117885229598e+05 
7.01074824048163e-02 1.31947349149509e+05 
7.03384038501418e-02 1.30772677282172e+05 
7.05698344018090e-02 1.29619435188656e+05 
7.08023982599217e-02 1.28514281601670e+05 
7.10355642894764e-02 1.27403703054807e+05 
7.12696230463550e-02 1.26452172646624e+05 
7.15040460760521e-02 1.25637791310463e+05 
7.17393564786835e-02 1.25047429812218e+05 
7.19748129586673e-02 1.24502091051032e+05 
7.22112716271291e-02 1.23967992969773e+05 
7.24480452405871e-02 1.23817231651232e+05 
7.26848418210125e-02 1.24244682096179e+05 
7.29216964781374e-02 1.25413118505945e+05 
7.31577868767679e-02 1.27300514092793e+05 
7.33931171668489e-02 1.29703642993293e+05 
7.36277432346069e-02 1.32474916263875e+05 
7.38618947431629e-02 1.35408814385787e+05 
7.40954366447277e-02 1.38179260986484e+05 
7.43287803930489e-02 1.40764234878996e+05 
7.45619063982219e-02 1.42867017405990e+05 
7.47951073063724e-02 1.44058881087197e+05 
7.50284710294912e-02 1.44506640333607e+05 
7.52621059802106e-02 1.44185395022287e+05 
7.54958912639423e-02 1.43528190109784e+05 
7.57301535129996e-02 1.42774394163852e+05 
7.59647363473699e-02 1.41951068303220e+05 
7.61996421158966e-02 1.40984431725145e+05 
7.64350462658116e-02 1.39897201791390e+05 
7.66708555266548e-02 1.38723498635931e+05 
7.69070141563143e-02 1.37499802885562e+05 
7.71433596422760e-02 1.36240252131484e+05 
7.73798742475151e-02 1.34961384966823e+05 
7.76166877720453e-02 1.33685926000202e+05 
7.78543349620968e-02 1.32429979132452e+05 
7.80923270839575e-02 1.31204044305420e+05 
7.83305418546258e-02 1.30017124607506e+05 
7.85690505700427e-02 1.28867884857162e+05 
7.88077411745723e-02 1.27758874496186e+05 
7.90467188534977e-02 1.26687743627643e+05 
7.92871404880119e-02 1.25648930497724e+05 
7.95279106694071e-02 1.24643690300076e+05 
7.97688256639201e-02 1.23668719639953e+05 
8.00099661151036e-02 1.22718978432342e+05 
8.02513080542588e-02 1.21790445731222e+05 
8.04929885182828e-02 1.20879183783065e+05 
8.07362247039237e-02 1.19977913358543e+05 
8.09798848112081e-02 1.19088634843872e+05 
8.12239133105645e-02 1.18209963101509e+05 
8.14684168100846e-02 1.17340377979846e+05 
8.17132735990054e-02 1.16480150915212e+05 
8.19586160590494e-02 1.15628830717819e+05 
8.22042331083820e-02 1.14788008620423e+05 
8.24501800387579e-02 1.13958100877113e+05 
8.26964730172992e-02 1.13140292419742e+05 
8.29432954144337e-02 1.12334774448168e+05 
8.31905322800771e-02 1.11543119635735e+05 
8.34381389477583e-02 1.10766126732056e+05 
8.36860874146959e-02 1.10004675839507e+05 
8.39344175578045e-02 1.09258944973204e+05 
8.41830897102189e-02 1.08529322806318e+05 
8.44328590134963e-02 1.07813573516185e+05 
8.46829289974097e-02 1.07113853612368e+05 
8.49333448381511e-02 1.06429647997962e+05 
8.51840455240137e-02 1.05760603432890e+05 
8.54350844773978e-02 1.05106033328681e+05 
8.56863798120727e-02 1.04465604789337e+05 
8.59379932715274e-02 1.03838711377105e+05 
8.61898319637174e-02 1.03225202355603e+05 
8.64430231412672e-02 1.02622209469792e+05 
8.66964195850290e-02 1.02032447082248e+05 
8.69501255380312e-02 1.01455769972491e+05 
8.72040308902813e-02 1.00892613015867e+05 
8.74582013416483e-02 1.00343083616876e+05 
8.77126095269775e-02 9.98076724883847e+04 
8.79673384184244e-02 9.92867221941198e+04 
8.82223226461367e-02 9.87807930004329e+04 
8.84776653131794e-02 9.82901413902940e+04 
8.87340412177314e-02 9.78137437230661e+04 
8.89908801089022e-02 9.73524776783281e+04 
8.92479925396856e-02 9.69077729965656e+04 
8.95056435115353e-02 9.64791735646670e+04 
8.97635693046424e-02 9.60666639064023e+04 
9.00219921533248e-02 9.56696062583047e+04 
9.02807474270500e-02 9.52873706102510e+04 
9.05399729950671e-02 9.49196448969343e+04 
9.07994942657336e-02 9.45641417272065e+04 
9.10595262821830e-02 9.42192869838411e+04 
9.13198164912486e-02 9.38848186071446e+04 
9.15805547311137e-02 9.35596880101694e+04 
9.18415623946768e-02 9.32427067111145e+04 
9.21029391188711e-02 9.29327682628013e+04 
9.23645084690369e-02 9.26293876383618e+04 
9.26264087163442e-02 9.23290207412422e+04 
9.28884916636210e-02 9.20350065795073e+04 
9.31508630042103e-02 9.17492630903771e+04 
9.34134062780664e-02 9.14638325884763e+04 
9.36769272509942e-02 9.11661243279026e+04 
9.39405529355136e-02 9.08951164911575e+04 
9.42044310553894e-02 9.06329237521319e+04 
9.44683492783098e-02 9.03894051816929e+04 
9.47323756821869e-02 9.01931330120675e+04 
9.49963769261264e-02 9.00067596538517e+04 
9.52603443779101e-02 8.99693825755942e+04 
9.55234548831431e-02 9.01712832303557e+04 
9.57851545477125e-02 9.05556868871207e+04 
9.60460979762275e-02 9.11880304421993e+04 
9.63059256961080e-02 9.21538915448319e+04 
9.65651575152424e-02 9.35394768514015e+04 
9.68235949243939e-02 9.53362358044607e+04 
9.70818934804817e-02 9.74881943867699e+04 
9.73398685789405e-02 9.99104950027212e+04 
9.75975885408764e-02 1.02550919147679e+05 
9.78546094971249e-02 1.05226036169926e+05 
9.81113308505886e-02 1.07830449005359e+05 
9.83674688028380e-02 1.10318866393517e+05 
9.86233626069281e-02 1.12452822944856e+05 
9.88790815272181e-02 1.14180489815468e+05 
9.91348034886019e-02 1.15462651131826e+05 
9.93902745237438e-02 1.16389092135493e+05 
9.96455541784613e-02 1.17079691526200e+05 
9.99005903740169e-02 1.17445803051239e+05 
1.00155693460484e-01 1.17492670770054e+05 
1.00410769690443e-01 1.17310215197831e+05 
1.00666133032826e-01 1.16836580847803e+05 
1.00921709292295e-01 1.16313700179817e+05 
1.01177578689646e-01 1.15704108816147e+05 
1.01433606215354e-01 1.15053012948621e+05 
1.01689779980830e-01 1.14370523432839e+05 
1.01946238484436e-01 1.13644299118097e+05 
1.02202975045576e-01 1.12904814322024e+05 
1.02460117990223e-01 1.12156527905581e+05 
1.02717584576911e-01 1.11409861079064e+05 
1.02975466283087e-01 1.10670135294889e+05 
1.03233818814121e-01 1.09944164459588e+05 
1.03492611955380e-01 1.09230977503979e+05 
1.03751867723846e-01 1.08530366466785e+05 
1.04011563775313e-01 1.07842860550756e+05 
1.04271735852872e-01 1.07166261640604e+05 
1.04532337360025e-01 1.06497939855060e+05 
1.04793442370852e-01 1.05837142838722e+05 
1.05054945657371e-01 1.05181042684744e+05 
1.05316946184264e-01 1.04528206612573e+05 
1.05579331263278e-01 1.03876093265009e+05 
1.05842256362651e-01 1.03224407668661e+05 
1.06105574366433e-01 1.02572154617056e+05 
1.06369358920427e-01 1.01919740253507e+05 
1.06633620074157e-01 1.01266431929192e+05 
1.06898176590043e-01 1.00613725585892e+05 
1.07163252095555e-01 9.99611312792446e+04 
1.07428558025413e-01 9.93106279468854e+04 
1.07694352980844e-01 9.86620048905959e+04 
1.07960381360159e-01 9.80170962547141e+04 
1.08226828486468e-01 9.73758857478166e+04 
1.08493526647844e-01 9.67394603909170e+04 
1.08760608691959e-01 9.61074089395825e+04 
1.09027965399040e-01 9.54807083661834e+04 
1.09295764356938e-01 9.48587669723301e+04 
1.09563747595313e-01 9.42422084016065e+04 
1.09832089010896e-01 9.36302373732637e+04 
1.10100532526384e-01 9.30235057009128e+04 
1.10369056432215e-01 9.24215800060601e+04 
1.10637630822752e-01 9.18257432455222e+04 
1.10906164954999e-01 9.12338076735854e+04 
1.11174647689664e-01 9.06484779074829e+04 
1.11442947119981e-01 9.00671285062163e+04 
1.11711068699460e-01 8.94906107442937e+04 
1.11978970932168e-01 8.89196882619479e+04 
1.12246530390239e-01 8.83551170294408e+04 
1.12513521269841e-01 8.77952127364679e+04 
1.12780473512848e-01 8.72404495253124e+04 
1.13047182351217e-01 8.66899359681441e+04 
1.13314170555937e-01 8.61453258352994e+04 
1.13581199644100e-01 8.56064193646433e+04 
1.13848464568303e-01 8.50736952652095e+04 
1.14115987025316e-01 8.45466707152669e+04 
1.14383179401358e-01 8.40272285455390e+04 
1.14650393702439e-01 8.35156369460245e+04 
1.14917467161207e-01 8.30123718707494e+04 
1.15184752955957e-01 8.25169545786833e+04 
1.15451832905645e-01 8.20288803040194e+04 
1.15719075737043e-01 8.15471574124662e+04 
1.15986349013085e-01 8.10721836373767e+04 
1.16253787272528e-01 8.06035854782137e+04 
1.16520304476809e-01 8.01431251440684e+04 
1.16786804030268e-01 7.96895488539093e+04 
1.17052173110399e-01 7.92445635761171e+04 
1.17318060199420e-01 7.88060287204416e+04 
1.17582740141190e-01 7.83765331745556e+04 
1.17847980056189e-01 7.79531199171526e+04 
1.18112286462144e-01 7.75368751655509e+04 
1.18376853590151e-01 7.71272348775293e+04 
1.18640762326804e-01 7.67260790203768e+04 
1.18905139307281e-01 7.63300260273761e+04 
1.19169516997862e-01 7.59406827366563e+04 
1.19434194415665e-01 7.55563753570283e+04 
1.19698927871859e-01 7.51791370830977e+04 
1.19964186629075e-01 7.48056763632704e+04 
1.20229640235728e-01 7.44388424315543e+04 
1.20495770907235e-01 7.40771294718167e+04 
1.20762100959772e-01 7.37203689557764e+04 
1.21028664902578e-01 7.33701628005733e+04 
1.21295372081901e-01 7.30248796677629e+04 
1.21562277143908e-01 7.26858694975809e+04 
1.21829371944231e-01 7.23522720438028e+04 
1.22096756153316e-01 7.20256656739727e+04 
1.22364318464511e-01 7.17058089693321e+04 
1.22632322752315e-01 7.13922527882231e+04 
1.22900476052778e-01 7.10856324431404e+04 
1.23169163154980e-01 7.07850303659084e+04 
1.23439496714935e-01 7.04904811039789e+04 
1.23710237900940e-01 7.02025923177483e+04 
1.23981405514757e-01 6.99227075284121e+04 
1.24252981378509e-01 6.96497275642524e+04 
1.24524933977978e-01 6.93842468208372e+04 
1.24797334277908e-01 6.91262180367168e+04 
1.25070014573347e-01 6.88761421691583e+04 
1.25343135843796e-01 6.86341554462693e+04 
1.25616586709395e-01 6.84004607100154e+04 
1.25890472608817e-01 6.81752092074754e+04 
1.26164712135222e-01 6.79584434588846e+04 
1.26439374819842e-01 6.77503415650678e+04 
1.26714444642299e-01 6.75508006088205e+04 
1.26989961901146e-01 6.73599883359722e+04 
1.27265930383111e-01 6.71779478985744e+04 
1.27542359434715e-01 6.70046234988270e+04 
1.27819263605250e-01 6.68400447055012e+04 
1.28096622044527e-01 6.66840834367972e+04 
1.28374477443221e-01 6.65368182865535e+04 
1.28652781128892e-01 6.63980174452870e+04 
1.28931545339684e-01 6.62676537391131e+04 
1.29210776332662e-01 6.61456864001119e+04 
1.29490446254135e-01 6.60317022064191e+04 
1.29770557913364e-01 6.59255747279618e+04 
1.30051068918931e-01 6.58274749548758e+04 
1.30331965659717e-01 6.57372922803374e+04 
1.30613258068708e-01 6.56548536613102e+04 
1.30894933123204e-01 6.55808575154747e+04 
1.31177022136894e-01 6.55152754910539e+04 
1.31459509894415e-01 6.54535074523650e+04 
1.31742438802834e-01 6.54038902319579e+04 
1.32025777286349e-01 6.53642089672245e+04 
1.32309586351846e-01 6.53317752202155e+04 
1.32593808039373e-01 6.53106339677729e+04 
1.32878518829526e-01 6.52898118858578e+04 
1.33163657412412e-01 6.52674725290676e+04 
1.33449266852317e-01 6.52497684582501e+04 
1.33735306869429e-01 6.52396256239230e+04 
1.34021811834911e-01 6.52398371503130e+04 
1.34310191824461e-01 6.52540876596555e+04 
1.34599097168432e-01 6.52788418279393e+04 
1.34888410322559e-01 6.53136029583409e+04 
1.35178271410455e-01 6.53585904978641e+04 
1.35468603484449e-01 6.54131066813574e+04 
1.35759558984017e-01 6.54776373010216e+04 
1.36051065599477e-01 6.55493843977132e+04 
1.36343212907149e-01 6.56267913893770e+04 
1.36635952597317e-01 6.57082928506535e+04 
1.36929317728280e-01 6.57925184874455e+04 
1.37223265976981e-01 6.58780506444598e+04 
1.37517846638223e-01 6.59643443846120e+04 
1.37812996397356e-01 6.60508085444386e+04 
1.38108808220512e-01 6.61377957421045e+04 
1.38405202981153e-01 6.62262178452666e+04 
1.38702285298563e-01 6.63181660660844e+04 
1.38999992261682e-01 6.64167190837961e+04 
1.39298422367287e-01 6.65263330965303e+04 
1.39597297164095e-01 6.66524532292580e+04 
1.39897090672454e-01 6.68018489125964e+04 
1.40197230418364e-01 6.69817557080396e+04 
1.40497677584428e-01 6.71999278364898e+04 
1.40798335560061e-01 6.74645085486330e+04 
1.41099289041546e-01 6.77826903096507e+04 
1.41400473556971e-01 6.81612736741865e+04 
1.41701942088683e-01 6.86043771184954e+04 
1.42003628881819e-01 6.91137834273158e+04 
1.42305552336273e-01 6.96886250236267e+04 
1.42607725851799e-01 7.03219088825156e+04 
1.42910189083375e-01 7.10037954907337e+04 
1.43212869850007e-01 7.17207195642745e+04 
1.43515832305684e-01 7.24508928935013e+04 
1.43820212153136e-01 7.31761803422549e+04 
1.44124935915375e-01 7.38742474384228e+04 
1.44429796170717e-01 7.44979913636929e+04 
1.44734966400044e-01 7.50463603043929e+04 
1.45040185714335e-01 7.55174486284664e+04 
1.45345687288124e-01 7.58223076653267e+04 
1.45651798403565e-01 7.59970256788709e+04 
1.45958278225175e-01 7.60516389070307e+04 
1.46264843688308e-01 7.59903538393366e+04 
1.46571727159013e-01 7.59177310155938e+04 
1.46878662578058e-01 7.58308441317976e+04 
1.47185875126612e-01 7.57256701964973e+04 
1.47493113424851e-01 7.55897000043068e+04 
1.47800535455459e-01 7.54278644031367e+04 
1.48107951590868e-01 7.52460261874477e+04 
1.48415505883135e-01 7.50498945291109e+04 
1.48723009619867e-01 7.48421090565478e+04 
1.49030620541095e-01 7.46277488828730e+04 
1.49338128964078e-01 7.44115963518828e+04 
1.49645729291220e-01 7.41967018875742e+04 
1.49953198940424e-01 7.39869467840334e+04 
1.50260755854030e-01 7.37848871726245e+04 
1.50568148159542e-01 7.35926052572287e+04 
1.50875627170061e-01 7.34112859444081e+04 
1.51182912082316e-01 7.32415177151894e+04 
1.51489229480614e-01 7.30839092029947e+04 
1.51795055480519e-01 7.29385798999336e+04 
1.52099876204131e-01 7.28051656372405e+04 
1.52404266232556e-01 7.26830942071555e+04 
1.52707755795578e-01 7.25728882569292e+04 
1.53010872791612e-01 7.24740726013111e+04 
1.53313190410849e-01 7.23869215401508e+04 
1.53615141274979e-01 7.23108589422448e+04 
1.53916427724980e-01 7.22519293536858e+04 
1.54217362699811e-01 7.21976172048639e+04 
1.54517405164771e-01 7.21673985180321e+04 
1.54817264456135e-01 7.21748702333136e+04 
1.55116262827572e-01 7.22042608923922e+04 
1.55415200084422e-01 7.22602325807908e+04 
1.55713448864714e-01 7.23214133363312e+04 
1.56011745255501e-01 7.23791677510580e+04 
1.56309546963925e-01 7.24524698259479e+04 
1.56607489227015e-01 7.25521246508425e+04 
1.56905172591101e-01 7.28725553007572e+04 
1.57203010721631e-01 7.35340373226799e+04 
1.57500726699501e-01 7.45709360105863e+04 
1.57798525446904e-01 7.59849269422141e+04 
1.58096221934507e-01 7.77912761037254e+04 
1.58394047282366e-01 7.98192291829575e+04 
1.58691914455468e-01 8.20998668400797e+04 
1.58989984312325e-01 8.43445633273506e+04 
1.59288213343718e-01 8.63379922481933e+04 
1.59586703810315e-01 8.81589048393600e+04 
1.59885442984493e-01 8.93664812660893e+04 
1.60184472652137e-01 9.01103390159119e+04 
1.60483455260220e-01 9.04134779609139e+04 
1.60782207047432e-01 9.06140874620114e+04 
1.61080581787617e-01 9.07076104058416e+04 
1.61378794127159e-01 9.07102506981754e+04 
1.61676668850368e-01 9.05933424621324e+04 
1.61974547497258e-01 9.04393611623967e+04 
1.62272098866228e-01 9.02653846429301e+04 
1.62569851400615e-01 9.00959867621831e+04 
1.62867269427998e-01 8.99690644624378e+04 
1.63165060851003e-01 8.98987638604414e+04 
1.63462489711715e-01 8.99095145354170e+04 
1.63760337296898e-01 9.00306914632609e+04 
1.64057870898249e-01 9.02210962690307e+04 
1.64355773742095e-01 9.04842761657502e+04 
1.64653256513748e-01 9.08091174880915e+04 
1.64950726519962e-01 9.11790115259201e+04 
1.65247925268947e-01 9.15756764489650e+04 
1.65545037325333e-01 9.19817774761745e+04 
1.65841994254289e-01 9.23815554716425e+04 
1.66138759807556e-01 9.27608182191688e+04 
1.66435430338700e-01 9.31094174063985e+04 
1.66731851744398e-01 9.34173577555383e+04 
1.67028101690733e-01 9.36809593791017e+04 
1.67324121939554e-01 9.38968354438214e+04 
1.67619905409434e-01 9.40734907058908e+04 
1.67915508094735e-01 9.42136339296886e+04 
1.68210883750128e-01 9.43269248114906e+04 
1.68506136072630e-01 9.44213420602250e+04 
1.68801201062778e-01 9.45089904722496e+04 
1.69096167782456e-01 9.46004496206976e+04 
1.69390964226021e-01 9.47063361312018e+04 
1.69685700483141e-01 9.48337070782323e+04 
1.69980306346585e-01 9.49898978322295e+04 
1.70275603855646e-01 9.51782389573715e+04 
1.70574012887603e-01 9.54036631373903e+04 
1.70872077588261e-01 9.56611292498725e+04 
1.71170595299406e-01 9.59491691449159e+04 
1.71468743861738e-01 9.62601348822678e+04 
1.71767349632901e-01 9.65844691684011e+04 
1.72065559407852e-01 9.69155622721855e+04 
1.72364025291497e-01 9.72373055843238e+04 
1.72662322851335e-01 9.75407514872974e+04 
1.72960118600459e-01 9.78181997751594e+04 
1.73257824533204e-01 9.80468672467820e+04 
1.73555056012361e-01 9.82423604009028e+04 
1.73852211476896e-01 9.83559182222956e+04 
1.74148991293974e-01 9.83976162929447e+04 
1.74445659395781e-01 9.83858088551646e+04 
1.74741992211085e-01 9.83100908942608e+04 
1.75038183589173e-01 9.82275197178943e+04 
1.75334141405767e-01 9.81371673125184e+04 
1.75629989275266e-01 9.80267578783841e+04 
1.75925664592499e-01 9.78840086519626e+04 
1.76221260312912e-01 9.77113605565841e+04 
1.76516741064144e-01 9.75156007344078e+04 
1.76812132874233e-01 9.72989409315101e+04 
1.77107443503425e-01 9.70635901986571e+04 
1.77402692841303e-01 9.68115324248389e+04 
1.77697781282469e-01 9.65463056163725e+04 
1.77992913795045e-01 9.62689993290271e+04 
1.78287910287629e-01 9.59827766249913e+04 
1.78582959628472e-01 9.56891025097960e+04 
1.78877850674483e-01 9.53904827827280e+04 
1.79172835576556e-01 9.50881144993611e+04 
1.79467564356483e-01 9.47840381151940e+04 
1.79762407035204e-01 9.44791135897412e+04 
1.80057036494732e-01 9.41750727044980e+04 
1.80351798453036e-01 9.38726252393198e+04 
1.80646381283346e-01 9.35732167091932e+04 
1.80941009013562e-01 9.32774576063975e+04 
1.81235577664153e-01 9.29863685395438e+04 
1.81529937655674e-01 9.27007716459908e+04 
1.81824152875669e-01 9.24212111282807e+04 
1.82118820454028e-01 9.21476430822752e+04 
1.82413321861150e-01 9.18807127819167e+04 
1.82708015667942e-01 9.16202429139538e+04 
1.83002423711166e-01 9.13680221664758e+04 
1.83296925807869e-01 9.11250404553217e+04 
1.83591131379756e-01 9.08902412239046e+04 
1.83885335153540e-01 9.06643987866884e+04 
1.84179278481596e-01 9.04453895462077e+04 
1.84473135640004e-01 9.02328990303279e+04 
1.84670279302491e-01 9.00942437146206e+04 
1.84867442097734e-01 8.99588565873313e+04 
1.85064765314960e-01 8.98265761496052e+04 
1.85262193313358e-01 8.96973091971588e+04 
1.85459914063212e-01 8.95710359997443e+04 
1.85657864024856e-01 8.94474896942875e+04 
1.85856253815431e-01 8.93268344255399e+04 
1.86055011372479e-01 8.92086742597160e+04 
1.86254364068757e-01 8.90930980485489e+04 
1.86454235888150e-01 8.89797653424832e+04 
1.86654870743284e-01 8.88688068294389e+04 
1.86856197889675e-01 8.87599738728696e+04 
1.87058477919211e-01 8.86532597385233e+04 
1.87262500971926e-01 8.85476749964790e+04 
1.87467993722286e-01 8.84437804389268e+04 
1.87674845151654e-01 8.83413121870256e+04 
1.87883014684738e-01 8.82405115827360e+04 
1.88092478225731e-01 8.81398915683412e+04 
1.88303442581678e-01 8.80411219804730e+04 
1.88515898789947e-01 8.79441515681699e+04 
1.88730214767473e-01 8.78477818925019e+04 
1.88946358982086e-01 8.77532649999318e+04 
1.89164836957965e-01 8.76576166757058e+04 
1.89385590001372e-01 8.75610178485876e+04 
1.89608894978112e-01 8.74651933771016e+04 
1.89833637201885e-01 8.73708359723917e+04 
1.90059862534843e-01 8.72796789918318e+04 
1.90286839490204e-01 8.71911885668970e+04 
1.90515010311516e-01 8.71054541067122e+04 
1.90743704344564e-01 8.70217113057522e+04 
1.90973518602353e-01 8.69401017167641e+04 
1.91203748291615e-01 8.68612109718666e+04 
1.91435072264290e-01 8.67848236058553e+04 
1.91666725181810e-01 8.67124553707766e+04 
1.91899437613346e-01 8.66422929040512e+04 
1.92132372156920e-01 8.65767418500124e+04 
1.92366323790709e-01 8.65182244919916e+04 
1.92600396270559e-01 8.64727585885007e+04 
1.92835438912678e-01 8.64500908525098e+04 
1.93070509696977e-01 8.64361719808124e+04 
1.93306500567871e-01 8.64549767695031e+04 
1.93542435097039e-01 8.65048019108233e+04 
1.93779235513708e-01 8.65815224955880e+04 
1.94015898724528e-01 8.66846760356008e+04 
1.94253364723537e-01 8.68040112091624e+04 
1.94490608817601e-01 8.69385664392005e+04 
1.94728579439709e-01 8.70963937781828e+04 
1.94966235391292e-01 8.73180428682814e+04 
1.95204526986916e-01 8.76137197805713e+04 
1.95442401951998e-01 8.79820437070089e+04 
1.95680807703892e-01 8.84480570316365e+04 
1.95918686638521e-01 8.89782144316068e+04 
1.96156978743389e-01 8.95876561294321e+04 
1.96394627216166e-01 9.02626614139685e+04 
1.96632560822486e-01 9.09966006904954e+04 
1.96869731275158e-01 9.17742384086643e+04 
1.97107053006575e-01 9.25839753280024e+04 
1.97343495880307e-01 9.33944555748334e+04 
1.97579955417097e-01 9.41997158355225e+04 
1.97815429975213e-01 9.49716923013526e+04 
1.98050789582029e-01 9.57034170630625e+04 
1.98285071678328e-01 9.63892284526644e+04 
1.98519113446386e-01 9.69984143328605e+04 
1.98752001762596e-01 9.75482169480244e+04 
1.98984533809418e-01 9.80344083754636e+04 
1.99215855887878e-01 9.83813499561409e+04 
1.99446718095161e-01 9.86747739153966e+04 
1.99676334479929e-01 9.89180096226314e+04 
1.99905402540909e-01 9.91210017618839e+04 
2.00133233816086e-01 9.92425973172901e+04 
