# Liste des scalaires : TEMPS pmat 
0.00000000000000e+00 1.00000000000000e+05 
7.22956891292051e-05 1.00000000000000e+05 
1.30572261241699e-04 1.00000000000000e+05 
1.87568611318314e-04 1.00000000000000e+05 
2.45642251448384e-04 1.00000000000000e+05 
3.02453568172202e-04 1.00000000000000e+05 
3.61321170103168e-04 1.00000000000000e+05 
4.19910623904207e-04 1.00000000000000e+05 
4.79438897605796e-04 1.00000000000000e+05 
5.37572615268392e-04 1.00000000000000e+05 
5.97687068869661e-04 1.00000000000000e+05 
6.59355765188375e-04 1.00000000000000e+05 
7.20499662202621e-04 1.00000000000000e+05 
7.84617683616673e-04 1.00000000000000e+05 
8.51323000650498e-04 1.00000000000000e+05 
9.21039034222289e-04 1.00000000000000e+05 
9.91536435215451e-04 1.00000000000000e+05 
1.05677168026428e-03 1.00000000000000e+05 
1.12255345896057e-03 1.00000000000000e+05 
1.18904740077398e-03 1.00000000000000e+05 
1.25862877330981e-03 1.00000000000000e+05 
1.32674264411154e-03 1.00000000000000e+05 
1.39580830010993e-03 1.00000000000000e+05 
1.46559685729487e-03 1.00000000000000e+05 
1.53839568155768e-03 1.00000000000000e+05 
1.60988896278105e-03 1.00000000000000e+05 
1.68223153750109e-03 1.00000000000000e+05 
1.75488513055769e-03 1.00000000000000e+05 
1.83000179330371e-03 1.00000000000000e+05 
1.90499651217859e-03 1.00000000000000e+05 
1.98041086876428e-03 1.00000000000000e+05 
2.05561155758121e-03 1.00000000000000e+05 
2.13256780923064e-03 1.00000000000000e+05 
2.21084676946641e-03 1.00000000000000e+05 
2.29180085890966e-03 1.00000000000000e+05 
2.36957866352639e-03 1.00000000000000e+05 
2.44863751632449e-03 1.00000000000000e+05 
2.52851218525625e-03 1.00000000000000e+05 
2.61033556994743e-03 1.00000000000000e+05 
2.69121065058400e-03 1.00000000000000e+05 
2.77288711472705e-03 1.00000000000000e+05 
2.85498767456997e-03 1.00000000000000e+05 
2.93848946578878e-03 1.00000000000000e+05 
3.02440380068582e-03 1.00000000000000e+05 
3.11318926573871e-03 1.00000000000000e+05 
3.19805441725919e-03 1.00000000000000e+05 
3.28431240804935e-03 1.00000000000000e+05 
3.37175779655472e-03 1.00000000000000e+05 
3.46093286145066e-03 1.00000000000000e+05 
3.54918052407641e-03 1.00000000000000e+05 
3.63829361999981e-03 1.00000000000000e+05 
3.72803120765611e-03 1.00000000000000e+05 
3.81894295553670e-03 1.00000000000000e+05 
3.91179760428710e-03 1.00000000000000e+05 
4.00713930976199e-03 1.00000000000000e+05 
4.09990479416700e-03 1.00000000000000e+05 
4.19392784599192e-03 1.00000000000000e+05 
4.28904080917367e-03 1.00000000000000e+05 
4.38559208898769e-03 1.00000000000000e+05 
4.48440275148741e-03 1.00000000000000e+05 
4.58594337632896e-03 1.00000000000000e+05 
4.68377289166193e-03 1.00000000000000e+05 
4.78308677368125e-03 1.00000000000000e+05 
4.88372439609993e-03 1.00000000000000e+05 
4.98587801944268e-03 1.00000000000000e+05 
5.09032102028343e-03 1.00000000000000e+05 
5.19754493555645e-03 1.00000000000000e+05 
5.30054470381181e-03 1.00000000000000e+05 
5.40514819511783e-03 1.00000000000000e+05 
5.51117906356035e-03 1.00000000000000e+05 
5.61929628977935e-03 1.00000000000000e+05 
5.72938603022005e-03 1.00000000000000e+05 
5.84125628676544e-03 1.00000000000000e+05 
5.95599104515353e-03 1.00000000000000e+05 
6.07383289655192e-03 1.00000000000000e+05 
6.18515639753879e-03 1.00000000000000e+05 
6.29840465693213e-03 1.00000000000000e+05 
6.41336792013963e-03 1.00000000000000e+05 
6.53062114127236e-03 1.00000000000000e+05 
6.65000349032540e-03 1.00000000000000e+05 
6.77106029975227e-03 1.00000000000000e+05 
6.89477579090480e-03 1.00000000000000e+05 
7.02151977780350e-03 1.00000000000000e+05 
7.14132129678709e-03 1.00000000000000e+05 
7.26306041369678e-03 1.00000000000000e+05 
7.38646517989229e-03 1.00000000000000e+05 
7.51204879082449e-03 1.00000000000000e+05 
7.63952551214411e-03 1.00000000000000e+05 
7.76928128445528e-03 1.00000000000000e+05 
7.90110047156813e-03 1.00000000000000e+05 
8.03406007397140e-03 1.00000000000000e+05 
8.16906974807801e-03 1.00000000000000e+05 
8.30683067925493e-03 1.00000000000000e+05 
8.43809630427244e-03 1.00000000000000e+05 
8.57108467327344e-03 1.00000000000000e+05 
8.70547977907991e-03 1.00000000000000e+05 
8.84171722299121e-03 1.00000000000000e+05 
8.97948198280102e-03 1.00000000000000e+05 
9.11913050090267e-03 1.00000000000000e+05 
9.26038894835703e-03 1.00000000000000e+05 
9.40348373278730e-03 1.00000000000000e+05 
9.54816970607136e-03 1.00000000000000e+05 
9.69313533540363e-03 1.00000000000000e+05 
9.83900994718220e-03 1.00000000000000e+05 
9.98698111766976e-03 1.00000000000000e+05 
1.01369396423299e-02 1.00000000000000e+05 
1.02893779019162e-02 1.00000000000000e+05 
1.04440491183090e-02 1.00000000000000e+05 
1.06010131278836e-02 1.00000000000000e+05 
1.07567604333611e-02 1.00000000000000e+05 
1.09088382530858e-02 1.00000000000000e+05 
1.10579144578463e-02 1.00000000000000e+05 
1.12019511284544e-02 1.00000000000000e+05 
1.13438387884169e-02 1.00000000000000e+05 
1.14819113163869e-02 1.00000000000000e+05 
1.16185671330845e-02 1.00000000000000e+05 
1.17525748318856e-02 1.00000000000000e+05 
1.18858643728206e-02 1.00000000000000e+05 
1.20174632507104e-02 1.00000000000000e+05 
1.21473895041221e-02 1.00000000000000e+05 
1.22824798392363e-02 1.00000000000000e+05 
1.24220779719869e-02 1.00000000000000e+05 
1.25610366301308e-02 1.00000000000000e+05 
1.26995062500414e-02 1.00000000000000e+05 
1.28422796513219e-02 1.00000000000000e+05 
1.29861875531819e-02 1.00000000000000e+05 
1.31337951690090e-02 1.00000000000000e+05 
1.32815594187875e-02 1.00000000000000e+05 
1.34331223204319e-02 1.00000000000000e+05 
1.35588229992987e-02 1.00000000000000e+05 
1.36970937460522e-02 1.00000000000000e+05 
1.38229629179726e-02 1.00000000000000e+05 
1.39491345241598e-02 1.00000000000000e+05 
1.40755243264986e-02 1.00000000000000e+05 
1.42023265264682e-02 1.00000000000000e+05 
1.43295577128974e-02 1.00000000000000e+05 
1.44557492902522e-02 1.00000000000000e+05 
1.45823726940343e-02 1.00000000000000e+05 
1.47085945054363e-02 1.00000000000000e+05 
1.48358375172920e-02 1.00000000000000e+05 
1.49631141728786e-02 1.00000000000000e+05 
1.50918167601908e-02 1.00000000000000e+05 
1.52230045419485e-02 1.00000000000000e+05 
1.53551781479791e-02 1.00000000000000e+05 
1.54892873893666e-02 1.00000000000000e+05 
1.56241686780636e-02 1.00000000000000e+05 
1.57593158575398e-02 1.00000000000000e+05 
1.58948785582533e-02 1.00000000000000e+05 
1.60306026637479e-02 1.00000000000000e+05 
1.61666725317472e-02 1.00000000000000e+05 
1.63030224663170e-02 1.00000000000000e+05 
1.64399489732399e-02 1.00000000000000e+05 
1.65773560367734e-02 1.00000000000000e+05 
1.67154731321153e-02 1.00000000000000e+05 
1.68543396548681e-02 1.00000000000000e+05 
1.69940517953068e-02 1.00000000000000e+05 
1.71347040837152e-02 1.00000000000000e+05 
1.72763442299974e-02 1.00000000000000e+05 
1.74191429972731e-02 1.00000000000000e+05 
1.75631129499321e-02 1.00000000000000e+05 
1.77084577161079e-02 1.00000000000000e+05 
1.78453311689719e-02 1.00000000000000e+05 
1.79823335506874e-02 1.00000000000000e+05 
1.81196173711040e-02 1.00000000000000e+05 
1.82571098242103e-02 1.00000000000000e+05 
1.83949568558567e-02 1.00000000000000e+05 
1.85331709868992e-02 1.00000000000000e+05 
1.86720334203024e-02 1.00000000000000e+05 
1.88115331615817e-02 1.00000000000000e+05 
1.89517691180897e-02 1.00000000000000e+05 
1.90927432520515e-02 1.00000000000000e+05 
1.92344900721183e-02 1.00000000000000e+05 
1.93770650755483e-02 1.00000000000000e+05 
1.95205085822760e-02 1.00000000000000e+05 
1.96649725473947e-02 1.00000000000000e+05 
1.98104711177736e-02 1.00000000000000e+05 
1.99572295197762e-02 1.00000000000000e+05 
2.01052173466794e-02 1.00000000000000e+05 
2.02547340460326e-02 1.00000000000000e+05 
2.03946804276816e-02 1.00000000000000e+05 
2.05347681744356e-02 1.00000000000000e+05 
2.06750998457436e-02 1.00000000000000e+05 
2.08156192652556e-02 1.00000000000000e+05 
2.09564333481318e-02 1.00000000000000e+05 
2.10975447169220e-02 1.00000000000000e+05 
2.12391861448902e-02 1.00000000000000e+05 
2.13813681080989e-02 1.00000000000000e+05 
2.15241969931937e-02 1.00000000000000e+05 
2.16676733363309e-02 1.00000000000000e+05 
2.18118419504974e-02 1.00000000000000e+05 
2.19567399784298e-02 1.00000000000000e+05 
2.21023883349239e-02 1.00000000000000e+05 
2.22488643985296e-02 1.00000000000000e+05 
2.23961980058735e-02 1.00000000000000e+05 
2.25428302160821e-02 1.00000000000000e+05 
2.26921364344839e-02 1.00000000000000e+05 
2.28389458881742e-02 1.00000000000000e+05 
2.29811363414181e-02 1.00000000000000e+05 
2.31233948562675e-02 1.00000000000000e+05 
2.32658144945750e-02 1.00000000000000e+05 
2.34083382358048e-02 1.00000000000000e+05 
2.35510720169167e-02 1.00000000000000e+05 
2.36940018134682e-02 1.00000000000000e+05 
2.38372385556488e-02 1.00000000000000e+05 
2.39808316617737e-02 1.00000000000000e+05 
2.41250369488738e-02 1.00000000000000e+05 
2.42698672463604e-02 1.00000000000000e+05 
2.44153918901804e-02 1.00000000000000e+05 
2.45616209979970e-02 1.00000000000000e+05 
2.47085844880355e-02 1.00000000000000e+05 
2.48563342401743e-02 1.00000000000000e+05 
2.50048867084115e-02 1.00000000000000e+05 
2.51543455637200e-02 1.00000000000000e+05 
2.53047107047002e-02 1.00000000000000e+05 
2.54561439075857e-02 1.00000000000000e+05 
2.55999064019973e-02 1.00000000000000e+05 
2.57437431536448e-02 1.00000000000000e+05 
2.58877348292114e-02 1.00000000000000e+05 
2.60318228400114e-02 1.00000000000000e+05 
2.61760941475652e-02 1.00000000000000e+05 
2.63205173936309e-02 1.00000000000000e+05 
2.64651832412133e-02 1.00000000000000e+05 
2.66101074875594e-02 1.00000000000000e+05 
2.67553700331041e-02 1.00000000000000e+05 
2.69011022117747e-02 1.00000000000000e+05 
2.70474659249038e-02 1.00000000000000e+05 
2.71944721236238e-02 1.00000000000000e+05 
2.73421498374691e-02 1.00000000000000e+05 
2.74905284027231e-02 1.00000000000000e+05 
2.76396039990291e-02 1.00000000000000e+05 
2.77894534900090e-02 1.00000000000000e+05 
2.79400633774560e-02 1.00000000000000e+05 
2.80915680510475e-02 1.00000000000000e+05 
2.82430256025857e-02 1.00000000000000e+05 
2.83877512691253e-02 1.00000000000000e+05 
2.85325575933408e-02 1.00000000000000e+05 
2.86773733335385e-02 1.00000000000000e+05 
2.88222853574793e-02 1.00000000000000e+05 
2.89672513840730e-02 1.00000000000000e+05 
2.91123693062864e-02 1.00000000000000e+05 
2.92576461348464e-02 1.00000000000000e+05 
2.94031836014147e-02 1.00000000000000e+05 
2.95490592446566e-02 1.00000000000000e+05 
2.96955317201214e-02 1.00000000000000e+05 
2.98426448073770e-02 1.00000000000000e+05 
2.99904626633285e-02 1.00000000000000e+05 
3.01390273344373e-02 1.00000000000000e+05 
3.02883640978569e-02 1.00000000000000e+05 
3.04385533277872e-02 1.00000000000000e+05 
3.05896079291374e-02 1.00000000000000e+05 
3.07416624196170e-02 1.00000000000000e+05 
3.08865944835804e-02 1.00000000000000e+05 
3.10315638647233e-02 1.00000000000000e+05 
3.11766523299291e-02 1.00000000000000e+05 
3.13218102013313e-02 1.00000000000000e+05 
3.14671248529982e-02 1.00000000000000e+05 
3.16125701847068e-02 1.00000000000000e+05 
3.17582390342593e-02 1.00000000000000e+05 
3.19041445729938e-02 1.00000000000000e+05 
3.20503790973407e-02 1.00000000000000e+05 
3.21970187850003e-02 1.00000000000000e+05 
3.23443059832297e-02 1.00000000000000e+05 
3.24922782149517e-02 1.00000000000000e+05 
3.26409864814945e-02 1.00000000000000e+05 
3.27904782177265e-02 1.00000000000000e+05 
3.29407752597021e-02 1.00000000000000e+05 
3.30919768292849e-02 1.00012453971940e+05 
3.32440921375524e-02 1.00366422015134e+05 
3.33893990827725e-02 1.01215975697459e+05 
3.35348478968972e-02 1.02730172911304e+05 
3.36803824147594e-02 1.05129461146549e+05 
3.38260843580318e-02 1.08483948988267e+05 
3.39719135325161e-02 1.12879700897177e+05 
3.41179563281842e-02 1.18202911811152e+05 
3.42641935040780e-02 1.24188411428478e+05 
3.44107142679630e-02 1.30591031093660e+05 
3.45575379679664e-02 1.37171932465397e+05 
3.47047402113712e-02 1.44781864647564e+05 
3.48523886755212e-02 1.51234095639246e+05 
3.50007124295300e-02 1.56443919284781e+05 
3.51497346375669e-02 1.60464852083281e+05 
3.52994766921170e-02 1.63385091865207e+05 
3.54499617631832e-02 1.65510512819323e+05 
3.56011617962034e-02 1.65727258742955e+05 
3.57531452934127e-02 1.65744689601050e+05 
3.59058681337932e-02 1.65435471372103e+05 
3.60594551851854e-02 1.64899831284372e+05 
3.62058757196349e-02 1.64288006985779e+05 
3.63523261334446e-02 1.63470732662166e+05 
3.64988732715549e-02 1.62288764134461e+05 
3.66454511214082e-02 1.60907785661382e+05 
3.67921402380594e-02 1.59414056639399e+05 
3.69389049179535e-02 1.57899672718010e+05 
3.70858377784421e-02 1.56331246354646e+05 
3.72329506246871e-02 1.54751472122165e+05 
3.73803238445555e-02 1.53204037050261e+05 
3.75280181911935e-02 1.51716356700234e+05 
3.76762382973815e-02 1.50303925208313e+05 
3.78250248206723e-02 1.48977440491023e+05 
3.79744428943723e-02 1.47738317252674e+05 
3.81245014975616e-02 1.46589612844856e+05 
3.82752093515300e-02 1.45529508181332e+05 
3.84266100384544e-02 1.44555647621630e+05 
3.85786914167278e-02 1.43663748211510e+05 
3.87315470590498e-02 1.42842808948619e+05 
3.88851493872134e-02 1.42084935768029e+05 
3.90319146669577e-02 1.41418929719112e+05 
3.91787511921002e-02 1.40795806473515e+05 
3.93255910296573e-02 1.40209764392625e+05 
3.94725007108277e-02 1.39650057495672e+05 
3.96194287642266e-02 1.39111663085672e+05 
3.97664500571240e-02 1.38586462291422e+05 
3.99135354881045e-02 1.38071949445498e+05 
4.00607671577260e-02 1.37562448844180e+05 
4.02081583660514e-02 1.37054751211714e+05 
4.03557787681786e-02 1.36544496384305e+05 
4.05036932999127e-02 1.36029847568543e+05 
4.06521458986919e-02 1.35508250316814e+05 
4.08011676712162e-02 1.34978811430591e+05 
4.09508064785016e-02 1.34440896987875e+05 
4.11010930054126e-02 1.33894618387833e+05 
4.12520380695552e-02 1.33340230416844e+05 
4.14037083482704e-02 1.32778403192291e+05 
4.15561032473593e-02 1.32210016092028e+05 
4.17093342052248e-02 1.31635840104914e+05 
4.18633904003398e-02 1.31057094084708e+05 
4.20101555925753e-02 1.30505473786635e+05 
4.21570110402474e-02 1.29954425944729e+05 
4.23039034621161e-02 1.29405150461305e+05 
4.24509049764243e-02 1.28858418476192e+05 
4.25979786933321e-02 1.28315233926977e+05 
4.27452038548136e-02 1.27776160620054e+05 
4.28925643523457e-02 1.27241990343971e+05 
4.30401443522128e-02 1.26713078826948e+05 
4.31879631533429e-02 1.26189932897979e+05 
4.33360867692166e-02 1.25672790631157e+05 
4.34845746585402e-02 1.25161876637759e+05 
4.36336625196408e-02 1.24656731420744e+05 
4.37833649331295e-02 1.24157635014948e+05 
4.39337149950919e-02 1.23664722542747e+05 
4.40847210707162e-02 1.23178179902340e+05 
4.42363728834134e-02 1.22698186556914e+05 
4.43887165248782e-02 1.22224713547488e+05 
4.45417255484048e-02 1.21757916013793e+05 
4.46954903821171e-02 1.21297568551980e+05 
4.48499752737194e-02 1.20843803336802e+05 
4.50053209071185e-02 1.20396222564066e+05 
4.51528361509471e-02 1.19979161100093e+05 
4.52946171779774e-02 1.19585505939107e+05 
4.54422337740180e-02 1.19182995542297e+05 
4.55838879317077e-02 1.18803687265194e+05 
4.57309339946256e-02 1.18416974027472e+05 
4.58726946802070e-02 1.18050850688432e+05 
4.60158101383124e-02 1.17687725884371e+05 
4.61577260525879e-02 1.17334008269908e+05 
4.63009864583599e-02 1.16983198270827e+05 
4.64430216171128e-02 1.16641525975779e+05 
4.65863811098531e-02 1.16302689547279e+05 
4.67284928786677e-02 1.15972713858281e+05 
4.68719080652865e-02 1.15645494794797e+05 
4.70140566611431e-02 1.15326848189231e+05 
4.71574928409216e-02 1.15010855114110e+05 
4.72996511155869e-02 1.14703123046662e+05 
4.74430893362742e-02 1.14397908168028e+05 
4.75852447241438e-02 1.14100617763992e+05 
4.77286779349066e-02 1.13805677021779e+05 
4.78708248535516e-02 1.13518307065985e+05 
4.80141702003133e-02 1.13233246789398e+05 
4.81562056276179e-02 1.12955419495097e+05 
4.82995474472108e-02 1.12679459811133e+05 
4.84416306985911e-02 1.12410238540001e+05 
4.85850599084029e-02 1.12142561964885e+05 
4.87272313124427e-02 1.11881211773956e+05 
4.88707430897755e-02 1.11621138409817e+05 
4.90129842820700e-02 1.11366981660627e+05 
4.91565549427156e-02 1.11113811297805e+05 
4.92988467024337e-02 1.10866118979342e+05 
4.94424563484055e-02 1.10619095119155e+05 
4.95847801806329e-02 1.10377093475067e+05 
4.97336067999454e-02 1.10126723938840e+05 
4.98758842934460e-02 1.09889804522155e+05 
5.00251725803749e-02 1.09643471067057e+05 
5.01675294690062e-02 1.09410586229737e+05 
5.03176441773672e-02 1.09166867497973e+05 
5.04601289714005e-02 1.08937178368809e+05 
5.06081147882192e-02 1.08700077629020e+05 
5.07507178098514e-02 1.08472888839826e+05 
5.08975564272685e-02 1.08240088810780e+05 
5.10403090871551e-02 1.08014843613142e+05 
5.11864627867850e-02 1.07785210432990e+05 
5.13293880503698e-02 1.07561528526440e+05 
5.14751651834761e-02 1.07334258626826e+05 
5.16182795273096e-02 1.07112062926575e+05 
5.17638852117414e-02 1.06887137243148e+05 
5.19072038770674e-02 1.06667067963746e+05 
5.20527798142449e-02 1.06444817551468e+05 
5.21963196348844e-02 1.06227276662836e+05 
5.23419699996191e-02 1.06008563125691e+05 
5.24857509519554e-02 1.05795404507520e+05 
5.26315584764596e-02 1.05582389067221e+05 
5.27756058509095e-02 1.05374523314924e+05 
5.29216428975607e-02 1.05168447887111e+05 
5.30659896616021e-02 1.04970450305574e+05 
5.32123262615290e-02 1.04775838246865e+05 
5.33569860661036e-02 1.04591289197457e+05 
5.35053158705050e-02 1.04409897409300e+05 
5.36502095806271e-02 1.04231647550160e+05 
5.37909027659889e-02 1.04072037014837e+05 
5.39355689788257e-02 1.03918912869254e+05 
5.40819247571076e-02 1.03778369423209e+05 
5.42267247051029e-02 1.03649608345364e+05 
5.43731196520826e-02 1.03530416381650e+05 
5.45183928697248e-02 1.03436706475289e+05 
5.46660986204735e-02 1.03338984114912e+05 
5.48124728072727e-02 1.03244725054649e+05 
5.49638641786689e-02 1.03152171436806e+05 
5.51113952892732e-02 1.03063674118724e+05 
5.52643972735627e-02 1.02986243933305e+05 
5.54130527074731e-02 1.02926118810469e+05 
5.55675673833270e-02 1.02884468225543e+05 
5.57235225059023e-02 1.02868758622554e+05 
5.58712345301158e-02 1.02880328399976e+05 
5.60188761276976e-02 1.02922435243723e+05 
5.61665232422551e-02 1.02988281744676e+05 
5.63141232030889e-02 1.03075972907334e+05 
5.64617561439970e-02 1.03184806036988e+05 
5.66093920288043e-02 1.03313558629484e+05 
5.67571129743320e-02 1.03460774743318e+05 
5.69049213624606e-02 1.03623624495299e+05 
5.70528879513917e-02 1.03793511716809e+05 
5.72010531666252e-02 1.03978150747134e+05 
5.73496575675138e-02 1.04173215441770e+05 
5.74987001823549e-02 1.04374732244253e+05 
5.76482262438186e-02 1.04579168480320e+05 
5.77982206295848e-02 1.04784836576753e+05 
5.79486989627431e-02 1.04988901187400e+05 
5.80996725291938e-02 1.05187964341931e+05 
5.82511494485843e-02 1.05378439759071e+05 
5.84031734558774e-02 1.05560141568396e+05 
5.85557428340390e-02 1.05736799446947e+05 
5.87089359979136e-02 1.05903063221931e+05 
5.88627347994109e-02 1.06061156263815e+05 
5.90172535747222e-02 1.06215383135547e+05 
5.91724594371981e-02 1.06344973688588e+05 
5.93285088562204e-02 1.06453713761065e+05 
5.94761868636230e-02 1.06546386188717e+05 
5.96238631133599e-02 1.06630317696106e+05 
5.97716030637364e-02 1.06709178403562e+05 
5.99193520241198e-02 1.06784547200634e+05 
6.00671780637339e-02 1.06853884039516e+05 
6.02150434885071e-02 1.06931975183253e+05 
6.03630178247531e-02 1.06998728756794e+05 
6.05110886737732e-02 1.07085633579062e+05 
6.06593183477699e-02 1.07160259319521e+05 
6.08077290342945e-02 1.07236652645528e+05 
6.09565195051782e-02 1.07315099765538e+05 
6.11056306791395e-02 1.07391861463889e+05 
6.12552028272418e-02 1.07467200423816e+05 
6.14052330376209e-02 1.07554070044895e+05 
6.15557401480961e-02 1.07623294154953e+05 
6.17067298500872e-02 1.07675902125577e+05 
6.18581961269088e-02 1.07711246295939e+05 
6.20101737980798e-02 1.07731149972358e+05 
6.21626536179779e-02 1.07733999535010e+05 
6.23157065548587e-02 1.07721552364463e+05 
6.24693163935200e-02 1.07682127667427e+05 
6.26235923228102e-02 1.07640315571945e+05 
6.27785071824873e-02 1.07596846862191e+05 
6.29342134203509e-02 1.07548973259325e+05 
6.30906699346150e-02 1.07494129660925e+05 
6.32384682935752e-02 1.07432691463149e+05 
6.33863124021862e-02 1.07362135846861e+05 
6.35341408894135e-02 1.07282380995580e+05 
6.36820251322062e-02 1.07188795507277e+05 
6.38299225082497e-02 1.07081177264963e+05 
6.39779075913880e-02 1.06957862051265e+05 
6.41259630874593e-02 1.06818706176045e+05 
6.42741604196231e-02 1.06668920174633e+05 
6.44225166388184e-02 1.06509444627053e+05 
6.45711778127796e-02 1.06341007300485e+05 
6.47201275774830e-02 1.06164213331823e+05 
6.48695477706334e-02 1.05979750919349e+05 
6.50194379778531e-02 1.05788436256890e+05 
6.51698263884331e-02 1.05591181320607e+05 
6.53207132068354e-02 1.05389027461131e+05 
6.54720967829116e-02 1.05182909617146e+05 
6.56240100525205e-02 1.04973553544927e+05 
6.57764403059579e-02 1.04761664505388e+05 
6.59294551097129e-02 1.04547905589878e+05 
6.60830342821189e-02 1.04332885013398e+05 
6.62372823811877e-02 1.04117118014454e+05 
6.63921690007284e-02 1.03901129131618e+05 
6.65478404052253e-02 1.03685276329750e+05 
6.67042528947424e-02 1.03470008460486e+05 
6.68521579032673e-02 1.03268357732220e+05 
6.70001216091981e-02 1.03068725612781e+05 
6.71480816458822e-02 1.02871515689049e+05 
6.72961048218500e-02 1.02676815368267e+05 
6.74441454811158e-02 1.02484936904738e+05 
6.75922736892804e-02 1.02295898360355e+05 
6.77404657907919e-02 1.02109930056243e+05 
6.78887918387669e-02 1.01927013090008e+05 
6.80372581668986e-02 1.01747275832553e+05 
6.81859171581037e-02 1.01570697716187e+05 
6.83348090541083e-02 1.01397312070159e+05 
6.84841648231252e-02 1.01226879452881e+05 
6.86339830202503e-02 1.01059458425176e+05 
6.87842938276595e-02 1.00895031223546e+05 
6.89350841217594e-02 1.00733632769249e+05 
6.90863490427566e-02 1.00575263782071e+05 
6.92381052313908e-02 1.00419894433128e+05 
6.93903358796626e-02 1.00267521001984e+05 
6.95430878792393e-02 1.00118057298643e+05 
6.96963408356545e-02 9.99714953650953e+04 
6.98501727225345e-02 9.98276946870852e+04 
7.00045553943480e-02 9.96866500745380e+04 
7.01595986191280e-02 9.95481828394455e+04 
7.03152634067991e-02 9.94122958235331e+04 
7.04716938713070e-02 9.92787778798962e+04 
7.06288379239132e-02 9.91476439436053e+04 
7.07868784691949e-02 9.90186540105562e+04 
7.09353869310451e-02 9.89000250473956e+04 
7.10839017550675e-02 9.87837785678551e+04 
7.12324818016769e-02 9.86698199404995e+04 
7.13810835344590e-02 9.85580771259599e+04 
7.15297657366861e-02 9.84484672987911e+04 
7.16785004545604e-02 9.83409122723462e+04 
7.18273441109460e-02 9.82353454277167e+04 
7.19762898426937e-02 9.81316811397991e+04 
7.21253804031998e-02 9.80298793867309e+04 
7.22746339338610e-02 9.79298464788234e+04 
7.24242741679459e-02 9.78314430366427e+04 
7.25742802144154e-02 9.77346163653704e+04 
7.27246799241388e-02 9.76393785912859e+04 
7.28754383102513e-02 9.75456917256845e+04 
7.30265516213387e-02 9.74535840513403e+04 
7.31780045303001e-02 9.73630349619749e+04 
7.33297918493442e-02 9.72740787831492e+04 
7.34819193200422e-02 9.71866943570189e+04 
7.36343823089923e-02 9.71009189622774e+04 
7.37872058303972e-02 9.70167317506061e+04 
7.39403818339287e-02 9.69341725590456e+04 
7.40939550755245e-02 9.68532204736203e+04 
7.42479083896892e-02 9.67739173584519e+04 
7.44023064209940e-02 9.66962415407875e+04 
7.45571223900312e-02 9.66202352717739e+04 
7.47124419926535e-02 9.65458778548541e+04 
7.48682284058383e-02 9.64732157648742e+04 
7.50245897654235e-02 9.64022322137081e+04 
7.51814789911300e-02 9.63329750999836e+04 
7.53390289262095e-02 9.62654304846889e+04 
7.54971821142233e-02 9.61996450296912e+04 
7.56561000759531e-02 9.61356084744000e+04 
7.58054527905626e-02 9.60773153057941e+04 
7.59547953830793e-02 9.60208932687146e+04 
7.61041727321958e-02 9.59663379176108e+04 
7.62535451809996e-02 9.59136981516572e+04 
7.64029555889067e-02 9.58629686474475e+04 
7.65523730956309e-02 9.58141879205317e+04 
7.67018365993773e-02 9.57673524491197e+04 
7.68513264891159e-02 9.57225022867916e+04 
7.70008753369956e-02 9.56796516060351e+04 
7.71504795254647e-02 9.56388214979394e+04 
7.73001606975041e-02 9.56000599276389e+04 
7.74500163807117e-02 9.55633178417646e+04 
7.76001765554814e-02 9.55285522286270e+04 
7.77506005759871e-02 9.54957819295688e+04 
7.79012935137032e-02 9.54650147566026e+04 
7.80522148995119e-02 9.54363014685950e+04 
7.82033535536024e-02 9.54095973086628e+04 
7.83546841229835e-02 9.53848989992859e+04 
7.85062003604258e-02 9.53621516438282e+04 
7.86578918517717e-02 9.53411545513163e+04 
7.88097566760149e-02 9.53220537921859e+04 
7.89617958717538e-02 9.53047345094088e+04 
7.91140081041158e-02 9.52893492515278e+04 
7.92664046443432e-02 9.52757313134324e+04 
7.94189801868379e-02 9.52638971978438e+04 
7.95717552736869e-02 9.52524698215970e+04 
7.97247203737027e-02 9.52432373289002e+04 
7.98779050030775e-02 9.52360124047138e+04 
8.00312949450390e-02 9.52301850446792e+04 
8.01849282823458e-02 9.52256377843570e+04 
8.03387858183929e-02 9.52219152446853e+04 
8.04929143724333e-02 9.52193131552127e+04 
8.06472893947560e-02 9.52176920023365e+04 
8.08019670363376e-02 9.52157175941098e+04 
8.09569168754476e-02 9.52133855452935e+04 
8.11122098720909e-02 9.52109047854960e+04 
8.12678076495903e-02 9.52085428124866e+04 
8.14237935420292e-02 9.52066776071652e+04 
8.15801241174216e-02 9.52057871829735e+04 
8.17368942480259e-02 9.52053915805382e+04 
8.18940572879478e-02 9.52056125224202e+04 
8.20515956485099e-02 9.52066150722156e+04 
8.22043523625875e-02 9.52083339885366e+04 
8.23618921774279e-02 9.52108924346728e+04 
8.25210845718236e-02 9.52143233502037e+04 
8.26786332323681e-02 9.52184128351505e+04 
8.28332346848750e-02 9.52232712354352e+04 
8.29908020250014e-02 9.52290222227060e+04 
8.31515679627064e-02 9.52359396413111e+04 
8.33015270006035e-02 9.52433392453589e+04 
8.34514874321073e-02 9.52519451086583e+04 
8.36014236171648e-02 9.52620663994266e+04 
8.37513539704009e-02 9.52729210559628e+04 
8.39012619003828e-02 9.52863222311105e+04 
8.40511610875559e-02 9.53018717331447e+04 
8.42010468013445e-02 9.53200892553526e+04 
8.43509260401819e-02 9.53407628941134e+04 
8.45008085997568e-02 9.53644453329323e+04 
8.46508972289762e-02 9.53917415913513e+04 
8.48011665451526e-02 9.54242471829858e+04 
8.49516185932582e-02 9.54615591890209e+04 
8.51022099427393e-02 9.55056619079997e+04 
8.52529204702347e-02 9.55541520752497e+04 
8.54037191422389e-02 9.56074811114153e+04 
8.55545917352287e-02 9.56679709161198e+04 
8.57055196785676e-02 9.57373430594798e+04 
8.58564957474792e-02 9.58151166406857e+04 
8.60075102882620e-02 9.59045569313718e+04 
8.61585603663872e-02 9.60055375007011e+04 
8.63096428555839e-02 9.61200028677174e+04 
8.64607559715335e-02 9.62473326646158e+04 
8.66119018741563e-02 9.63871623184041e+04 
8.67630778638675e-02 9.65395893855768e+04 
8.69142898054658e-02 9.67039444983085e+04 
8.70655341157152e-02 9.68813696430768e+04 
8.72168193618299e-02 9.70697612137943e+04 
8.73681414995205e-02 9.72721250454869e+04 
8.75194964370512e-02 9.74844353110454e+04 
8.76708843842139e-02 9.77065642107506e+04 
8.78223089228269e-02 9.79368786830412e+04 
8.79737710324514e-02 9.81779197267813e+04 
8.81252753563646e-02 9.84213666160260e+04 
8.82768224830930e-02 9.86639447702581e+04 
8.84284182960911e-02 9.89069791034763e+04 
8.85800628595334e-02 9.91423268468340e+04 
8.87317634630618e-02 9.93816273544598e+04 
8.88835195733784e-02 9.96217418086348e+04 
8.90353399904260e-02 9.98572221876299e+04 
8.91872235226128e-02 1.00088759784502e+05 
8.93391805999939e-02 1.00313229844350e+05 
8.94912093435607e-02 1.00530591472203e+05 
8.96433220699906e-02 1.00738094534892e+05 
8.97955161048982e-02 1.00935158348212e+05 
8.99478059754290e-02 1.01118036410098e+05 
9.01001880744289e-02 1.01287831945281e+05 
9.02526792153314e-02 1.01441359970202e+05 
9.04052750349035e-02 1.01580323289066e+05 
9.05579949458955e-02 1.01700605301991e+05 
9.07108336930382e-02 1.01804000983957e+05 
9.08638135681408e-02 1.01887895402843e+05 
9.10169283087554e-02 1.01963442013523e+05 
9.11702036406178e-02 1.02016317669058e+05 
9.13236318740271e-02 1.02049154098831e+05 
9.14772430360608e-02 1.02064070927405e+05 
9.16310273202262e-02 1.02061872278450e+05 
9.17850194302621e-02 1.02045385780853e+05 
9.19392078909498e-02 1.02010326931505e+05 
9.20936327371122e-02 1.01968449804124e+05 
9.22482809527587e-02 1.01921419380864e+05 
9.24031987189353e-02 1.01870798884544e+05 
9.25583714172802e-02 1.01815749352466e+05 
9.27138524895123e-02 1.01757719161996e+05 
9.28696255772862e-02 1.01696650545532e+05 
9.30257522561370e-02 1.01633113282781e+05 
9.31822149552206e-02 1.01567385496092e+05 
9.33390846626627e-02 1.01500489682875e+05 
9.34963429480763e-02 1.01433284917295e+05 
9.36540718813348e-02 1.01366231566040e+05 
9.38122527641257e-02 1.01299298991048e+05 
9.39709810822762e-02 1.01234685887530e+05 
9.41302382069428e-02 1.01171245831139e+05 
9.42901350661477e-02 1.01110057709304e+05 
9.44506551149269e-02 1.01051351131589e+05 
9.46119273746808e-02 1.00995190839370e+05 
9.47739404144341e-02 1.00941634252381e+05 
9.49368452649886e-02 1.00890762889719e+05 
9.51006384729993e-02 1.00842377672597e+05 
9.52654969837715e-02 1.00796584673414e+05 
9.54314384876256e-02 1.00753213453485e+05 
9.55986690620861e-02 1.00712225862799e+05 
9.57669654631733e-02 1.00673456629479e+05 
9.59362657403141e-02 1.00636889611096e+05 
9.61059901739241e-02 1.00602371838663e+05 
9.62759820800661e-02 1.00569808294471e+05 
9.64461480374147e-02 1.00539009111730e+05 
9.66164948664867e-02 1.00509800648571e+05 
9.67869921714903e-02 1.00482063476852e+05 
9.69576764326408e-02 1.00455597125902e+05 
9.71285167953735e-02 1.00430327887147e+05 
9.72995559322214e-02 1.00406044104720e+05 
9.74707559714333e-02 1.00382691944900e+05 
9.76421604301606e-02 1.00360058792614e+05 
9.78137299857648e-02 1.00338130211556e+05 
9.79855063058925e-02 1.00316753647592e+05 
9.81574509159427e-02 1.00295909819501e+05 
9.83296045363498e-02 1.00275522335668e+05 
9.85019279522721e-02 1.00255710565161e+05 
9.86744625444723e-02 1.00236425025141e+05 
9.88471658931202e-02 1.00217432568443e+05 
9.90200818491429e-02 1.00198596800800e+05 
9.91931632176799e-02 1.00180120285731e+05 
9.93664583066806e-02 1.00161902925324e+05 
9.95399136904244e-02 1.00144001066188e+05 
9.97135837077367e-02 1.00126281777703e+05 
9.98874079650353e-02 1.00109041626812e+05 
1.00061447348000e-01 1.00091976603900e+05 
1.00235633994956e-01 1.00075207651836e+05 
1.00410042642155e-01 1.00058682260073e+05 
1.00584587511405e-01 1.00042283713860e+05 
1.00759356464490e-01 1.00026061232552e+05 
1.00934247837025e-01 1.00010086400851e+05 
1.01109362510039e-01 9.99938084217757e+04 
1.01284586500124e-01 9.99772309821499e+04 
1.01460032304784e-01 9.99604189780399e+04 
1.01635575713888e-01 9.99434583015997e+04 
1.01811340332831e-01 9.99261777478105e+04 
1.01987191802028e-01 9.99086707855556e+04 
1.02163264625673e-01 9.98908721280768e+04 
1.02339414089988e-01 9.98727085143370e+04 
1.02515785599527e-01 9.98542238363413e+04 
1.02692223731767e-01 9.98352615789946e+04 
1.02868885040531e-01 9.98157832654689e+04 
1.03045602822804e-01 9.97957090509644e+04 
1.03222545205465e-01 9.97750633579204e+04 
1.03399533685114e-01 9.97537756700123e+04 
1.03576748430339e-01 9.97318333557474e+04 
1.03753998722507e-01 9.97092020230074e+04 
1.03931477202455e-01 9.96859175165397e+04 
1.04108980606631e-01 9.96621329417036e+04 
1.04286714386201e-01 9.96377114583793e+04 
1.04464462449311e-01 9.96127706144406e+04 
1.04642443614294e-01 9.95868451114884e+04 
1.04820428137280e-01 9.95607536624891e+04 
1.04998648637504e-01 9.95341976818083e+04 
1.05176861510086e-01 9.95072665611450e+04 
1.05355313524503e-01 9.94801992218635e+04 
1.05533746928298e-01 9.94528977074515e+04 
1.05712422885598e-01 9.94254125906203e+04 
1.05891069326518e-01 9.93977228221117e+04 
1.06069961885500e-01 9.93698934103432e+04 
1.06248814235170e-01 9.93419786693661e+04 
1.06427916571502e-01 9.93141090074824e+04 
1.06606968087385e-01 9.92862697531095e+04 
1.06786273549432e-01 9.92584980358374e+04 
1.06965517723732e-01 9.92309845911709e+04 
1.07145019919762e-01 9.92043203073577e+04 
1.07324450578348e-01 9.91782063561018e+04 
1.07504143547973e-01 9.91524407551306e+04 
1.07683754911888e-01 9.91290934148417e+04 
1.07863633083248e-01 9.91078053740519e+04 
1.08043419650684e-01 9.90889778371274e+04 
1.08223477603129e-01 9.90713518439642e+04 
1.08403434091205e-01 9.90553159903101e+04 
1.08583666674919e-01 9.90412517778243e+04 
1.08763788120731e-01 9.90277219261432e+04 
1.08944190531336e-01 9.90143558080287e+04 
1.09124472370764e-01 9.90006671012894e+04 
1.09305040256111e-01 9.89897876505303e+04 
1.09485478418311e-01 9.89832360480521e+04 
1.09666208042187e-01 9.89830783157210e+04 
1.09846799005657e-01 9.89901726910384e+04 
1.10027687200244e-01 9.90068602777475e+04 
1.10208428023208e-01 9.90322450391059e+04 
1.10389472247253e-01 9.90664339503251e+04 
1.10570360453499e-01 9.91081533760967e+04 
1.10751558310230e-01 9.91588253338970e+04 
1.10932591747376e-01 9.92180324690276e+04 
1.11113941209251e-01 9.92870538236697e+04 
1.11295118185579e-01 9.93654339473010e+04 
1.11476617748630e-01 9.94539724291220e+04 
1.11657937038724e-01 9.95513706857855e+04 
1.11839585594842e-01 9.96591651834397e+04 
1.12021046333395e-01 9.97757270173550e+04 
1.12202843087576e-01 9.99026333311958e+04 
1.12384444706772e-01 1.00037858077359e+05 
1.12566389211464e-01 1.00183020051107e+05 
1.12748131503516e-01 1.00335398929246e+05 
1.12930223350265e-01 1.00496426186628e+05 
1.13112106355224e-01 1.00663871305801e+05 
1.13294345739190e-01 1.00836981530397e+05 
1.13476369909209e-01 1.01015610782403e+05 
1.13658757333705e-01 1.01197529260571e+05 
1.13840923246815e-01 1.01381061262741e+05 
1.14023459262860e-01 1.01565411117346e+05 
1.14205767456028e-01 1.01748530965567e+05 
1.14388452458506e-01 1.01929976633689e+05 
1.14570903268460e-01 1.02107674013769e+05 
1.14753737200600e-01 1.02280873664722e+05 
1.14936330667654e-01 1.02447802510448e+05 
1.15119313597152e-01 1.02607748133860e+05 
1.15302049439996e-01 1.02759339716917e+05 
1.15485180823172e-01 1.02902226283257e+05 
1.15668058161193e-01 1.03034964464170e+05 
1.15851336919400e-01 1.03157964792042e+05 
1.16034354405182e-01 1.03270005103607e+05 
1.16217779014911e-01 1.03371196780079e+05 
1.16400934836199e-01 1.03460814907801e+05 
1.16584503293916e-01 1.03538076173749e+05 
1.16767795135017e-01 1.03608016500208e+05 
1.16951504921525e-01 1.03662916799617e+05 
1.17134929912735e-01 1.03705057826843e+05 
1.17318777925260e-01 1.03737123015248e+05 
1.17502332626584e-01 1.03760101472399e+05 
1.17686315215013e-01 1.03771780898749e+05 
1.17869995717298e-01 1.03779514218441e+05 
1.18054108814944e-01 1.03784762332481e+05 
1.18237910877872e-01 1.03786942126770e+05 
1.18422150123394e-01 1.03786907149826e+05 
1.18606069181927e-01 1.03784473248747e+05 
1.18790429822276e-01 1.03779607364596e+05 
1.18974460911518e-01 1.03773561487532e+05 
1.19158937735915e-01 1.03766476370807e+05 
1.19343075541966e-01 1.03759267022930e+05 
1.19527663079141e-01 1.03751602177636e+05 
1.19711902100219e-01 1.03743905366360e+05 
1.19896594761758e-01 1.03736367669014e+05 
1.20080929424115e-01 1.03729585526937e+05 
1.20265721670053e-01 1.03723230186250e+05 
1.20450146358465e-01 1.03717452854043e+05 
1.20635032589566e-01 1.03712573581740e+05 
1.20819541557352e-01 1.03708466665312e+05 
1.21004515736457e-01 1.03704983742998e+05 
1.21189103175206e-01 1.03701989825705e+05 
1.21374159488585e-01 1.03699283268470e+05 
1.21558819844917e-01 1.03696785426094e+05 
1.21743952775047e-01 1.03694428149998e+05 
1.21928680866620e-01 1.03693328611931e+05 
1.22113885315312e-01 1.03690992720408e+05 
1.22298676467432e-01 1.03687719735294e+05 
1.22483947856549e-01 1.03683338040543e+05 
1.22668797957751e-01 1.03678042273142e+05 
1.22854132219849e-01 1.03671555720337e+05 
1.23039037655136e-01 1.03663818093649e+05 
1.23224431026352e-01 1.03653150413763e+05 
1.23409388584321e-01 1.03642034041319e+05 
1.23594837606836e-01 1.03630672741036e+05 
1.23779844438478e-01 1.03618877180344e+05 
1.23965346223956e-01 1.03605882826950e+05 
1.24150399685195e-01 1.03591498403779e+05 
1.24335951059269e-01 1.03575606777963e+05 
1.24521048481614e-01 1.03557978157549e+05 
1.24706646380738e-01 1.03538077892930e+05 
1.24891785023910e-01 1.03516564347397e+05 
1.25077426203940e-01 1.03492095250553e+05 
1.25262603148073e-01 1.03465964417278e+05 
1.25448284250149e-01 1.03438381205907e+05 
1.25633496385723e-01 1.03409925030419e+05 
1.25819213876822e-01 1.03379636163138e+05 
1.26004457861838e-01 1.03349454686887e+05 
1.26190207943613e-01 1.03319566151812e+05 
1.26375480130665e-01 1.03290317814117e+05 
1.26561258629185e-01 1.03261542723661e+05 
1.26746554961522e-01 1.03231861222991e+05 
1.26932357232868e-01 1.03203976102293e+05 
1.27117673193008e-01 1.03177897574545e+05 
1.27303494171348e-01 1.03153121276253e+05 
1.27488824797231e-01 1.03129560203313e+05 
1.27674659019177e-01 1.03107132509845e+05 
1.27859998940631e-01 1.03087729572929e+05 
1.28045840577342e-01 1.03068132761946e+05 
1.28231184054812e-01 1.03048214120530e+05 
1.28417026940594e-01 1.03028053105139e+05 
1.28602367878652e-01 1.03007983057903e+05 
1.28788205482262e-01 1.02989271528412e+05 
1.28973537434606e-01 1.02972144409238e+05 
1.29159362872382e-01 1.02957200772764e+05 
1.29344679094933e-01 1.02945032020711e+05 
1.29530485281702e-01 1.02935840142108e+05 
1.29715778885617e-01 1.02930108229239e+05 
1.29901558746346e-01 1.02926655304005e+05 
1.30086822851559e-01 1.02925409075250e+05 
1.30272569204803e-01 1.02926255911304e+05 
1.30457797024403e-01 1.02929074381342e+05 
1.30643502701535e-01 1.02933601677725e+05 
1.30828687528850e-01 1.02939591750326e+05 
1.31014345339236e-01 1.02946864711310e+05 
1.31199480472669e-01 1.02955106266845e+05 
1.31385083202447e-01 1.02963926937312e+05 
1.31570161899642e-01 1.02972879339310e+05 
1.31755702291994e-01 1.02981537636604e+05 
1.31940717712777e-01 1.02990217263380e+05 
1.32126188392157e-01 1.02997951526056e+05 
1.32311133483136e-01 1.03004021290237e+05 
1.32496526810313e-01 1.03007899290508e+05 
1.32681394234624e-01 1.03009229591689e+05 
1.32866702288720e-01 1.03009970483752e+05 
1.33051484459736e-01 1.03008623010648e+05 
1.33236699117813e-01 1.03002595398724e+05 
1.33421388275278e-01 1.02992313214557e+05 
1.33606501282199e-01 1.02978400463284e+05 
1.33791089514426e-01 1.02961556148415e+05 
1.33976092472917e-01 1.02941866761306e+05 
1.34160571705041e-01 1.02915813947507e+05 
1.34345456061082e-01 1.02889653472381e+05 
1.34529818066302e-01 1.02863625834482e+05 
1.34714575132070e-01 1.02837416388176e+05 
1.34898811563888e-01 1.02810681851560e+05 
1.35083432556164e-01 1.02782073294672e+05 
1.35267534979209e-01 1.02751795112964e+05 
1.35452011035702e-01 1.02718946066057e+05 
1.35635970916518e-01 1.02683251690005e+05 
1.35820293061296e-01 1.02644174240301e+05 
1.36004101719622e-01 1.02601433672846e+05 
1.36188260850251e-01 1.02555708073861e+05 
1.36371909476217e-01 1.02507414556969e+05 
1.36555896392855e-01 1.02456554163149e+05 
1.36739376053831e-01 1.02403421605873e+05 
1.36923181443458e-01 1.02348004007625e+05 
1.37106483074694e-01 1.02290642063014e+05 
1.37290097497560e-01 1.02231391753700e+05 
1.37473211900074e-01 1.02170612674737e+05 
1.37656625797255e-01 1.02108353765888e+05 
1.37839543662894e-01 1.02044922561811e+05 
1.38022747397575e-01 1.01980392248575e+05 
1.38205459346119e-01 1.01915103722555e+05 
1.38388443244997e-01 1.01849102596301e+05 
1.38570939849386e-01 1.01782793326344e+05 
1.38753694213517e-01 1.01716058547591e+05 
1.38935965989982e-01 1.01649372368857e+05 
1.39118481056404e-01 1.01582563160922e+05 
1.39300518409660e-01 1.01516122004135e+05 
1.39482784283551e-01 1.01449684682849e+05 
1.39664577450458e-01 1.01384048425830e+05 
1.39846584060124e-01 1.01318129309338e+05 
1.40028123064984e-01 1.01254148999021e+05 
1.40209860125033e-01 1.01191921218432e+05 
1.40391134741371e-01 1.01131065320959e+05 
1.40572591729649e-01 1.01071763370114e+05 
1.40753591446622e-01 1.01013591681040e+05 
1.40934757533330e-01 1.00956431747039e+05 
1.41115471515458e-01 1.00900942268157e+05 
1.41296335421632e-01 1.00847642335206e+05 
1.41476752597883e-01 1.00796355973180e+05 
1.41657302912952e-01 1.00746931226383e+05 
1.41837412149283e-01 1.00699612841804e+05 
1.42017637765106e-01 1.00654300767809e+05 
1.42197427991295e-01 1.00611200541875e+05 
1.42377317842459e-01 1.00570188233888e+05 
1.42556777896832e-01 1.00531410708964e+05 
1.42736320820469e-01 1.00494746812030e+05 
1.42915439395439e-01 1.00460342720420e+05 
1.43094624062551e-01 1.00428111278666e+05 
1.43273389663843e-01 1.00398173137302e+05 
1.43452204573839e-01 1.00370463378837e+05 
1.43630605526025e-01 1.00345076172373e+05 
1.43809039002958e-01 1.00321957801630e+05 
1.43987063493587e-01 1.00301156032139e+05 
1.44165103796902e-01 1.00282598362071e+05 
1.44342739984363e-01 1.00266299717552e+05 
1.44520375408311e-01 1.00252168563901e+05 
1.44697611506974e-01 1.00240175669321e+05 
1.44874830453686e-01 1.00230206433470e+05 
1.45051654812685e-01 1.00222190616416e+05 
1.45228445863802e-01 1.00215993852388e+05 
1.45404847016629e-01 1.00211511376833e+05 
1.45581198961189e-01 1.00208588332149e+05 
1.45757165653203e-01 1.00207092129474e+05 
1.45933067516270e-01 1.00206850666343e+05 
1.46108588759328e-01 1.00207712123407e+05 
1.46284029904553e-01 1.00209494560605e+05 
1.46459095085182e-01 1.00212033885893e+05 
1.46634065331751e-01 1.00215144106607e+05 
1.46808664276836e-01 1.00218656241828e+05 
1.46983153857437e-01 1.00222384838426e+05 
1.47157276823810e-01 1.00226165173814e+05 
1.47331276469168e-01 1.00229816240189e+05 
1.47504914239298e-01 1.00233184206210e+05 
1.47678415268667e-01 1.00236096628928e+05 
1.47851559238489e-01 1.00238419289976e+05 
1.48024553481902e-01 1.00239972531819e+05 
1.48197195634411e-01 1.00240673348751e+05 
1.48369675596819e-01 1.00240349985089e+05 
1.48541808648023e-01 1.00238894740722e+05 
1.48713763090717e-01 1.00236193725966e+05 
1.48885753153897e-01 1.00232096452205e+05 
1.49057722965299e-01 1.00226676878179e+05 
1.49229776150596e-01 1.00219667034711e+05 
1.49402047208101e-01 1.00210930984274e+05 
1.49574242552336e-01 1.00201359223195e+05 
1.49746585018763e-01 1.00189387393378e+05 
1.49918816617328e-01 1.00175441824149e+05 
1.50091170483884e-01 1.00159810615270e+05 
1.50263787925130e-01 1.00142118841485e+05 
1.50436486881641e-01 1.00122974958692e+05 
1.50609268579049e-01 1.00103261661921e+05 
1.50782271052435e-01 1.00082558890579e+05 
1.50955166060188e-01 1.00060947541327e+05 
1.51128196605958e-01 1.00038230986213e+05 
1.51301073376083e-01 1.00014177358618e+05 
1.51474267070879e-01 9.99889256536956e+04 
1.51647619372890e-01 9.99627402802683e+04 
1.51820999653690e-01 9.99356523438647e+04 
1.51994428560529e-01 9.99077208758493e+04 
1.52168055241342e-01 9.98790045572138e+04 
1.52341546950033e-01 9.98495550772341e+04 
1.52515152507801e-01 9.98194502654296e+04 
1.52688858668596e-01 9.97887556722265e+04 
1.52862712477989e-01 9.97575517953802e+04 
1.53036646146760e-01 9.97259513803517e+04 
1.53210556120079e-01 9.96940230410014e+04 
1.53384476493877e-01 9.96618523450575e+04 
1.53558559428785e-01 9.96294457876601e+04 
1.53732464502368e-01 9.95969567104319e+04 
1.53906649183638e-01 9.95643346617453e+04 
1.54080939563664e-01 9.95316693750934e+04 
1.54255432993807e-01 9.94989989665299e+04 
1.54429753609715e-01 9.94664400544662e+04 
1.54604138726308e-01 9.94339829143088e+04 
1.54778681663012e-01 9.94016479872210e+04 
1.54953449126115e-01 9.93694519030824e+04 
1.55128020757180e-01 9.93375040874728e+04 
1.55302642609212e-01 9.93058315523282e+04 
1.55477389542298e-01 9.92744466026474e+04 
1.55635670821760e-01 9.92462575491988e+04 
1.55799897569001e-01 9.92172901257253e+04 
1.55970055669647e-01 9.91875551889181e+04 
1.56145981362556e-01 9.91571643489863e+04 
1.56322055076824e-01 9.91270873757481e+04 
1.56497691669417e-01 9.90976659212021e+04 
1.56673213855202e-01 9.90685420853551e+04 
1.56848656720415e-01 9.90397089507579e+04 
1.57024054071597e-01 9.90112675210627e+04 
1.57199362009447e-01 9.89831932146269e+04 
1.57374679037998e-01 9.89555654905263e+04 
1.57550072995996e-01 9.89283048044349e+04 
1.57710200726616e-01 9.89038096029522e+04 
1.57878314726346e-01 9.88784335567383e+04 
1.58041780530793e-01 9.88541213359002e+04 
1.58212537207051e-01 9.88289188430701e+04 
1.58389915387249e-01 9.88031677652885e+04 
1.58566936716600e-01 9.87779029388709e+04 
1.58743653281634e-01 9.87529658962363e+04 
1.58920177096907e-01 9.87284996568190e+04 
1.59096579259510e-01 9.87042662808683e+04 
1.59273014698483e-01 9.86803581002394e+04 
1.59449446722811e-01 9.86565703448081e+04 
1.59625943931179e-01 9.86330049441301e+04 
1.59789178892280e-01 9.86112860573567e+04 
1.59964331371083e-01 9.85881810840890e+04 
1.60141881995656e-01 9.85648129462515e+04 
1.60319198242474e-01 9.85416703985863e+04 
1.60496894438185e-01 9.85184997639909e+04 
1.60674586186390e-01 9.84955135825559e+04 
1.60852255107058e-01 9.84725325786132e+04 
1.61029836684335e-01 9.84497227000385e+04 
1.61207486778855e-01 9.84268889038314e+04 
1.61385112649271e-01 9.84042105330561e+04 
1.61551302016430e-01 9.83829651545924e+04 
1.61726451306425e-01 9.83607140809359e+04 
1.61889438984090e-01 9.83401260013602e+04 
1.62054005155470e-01 9.83194156444076e+04 
1.62217509325514e-01 9.82988850468929e+04 
1.62382408389273e-01 9.82782337754073e+04 
1.62546021552530e-01 9.82577776557892e+04 
1.62725996032114e-01 9.82353287927326e+04 
1.62906229352909e-01 9.82128856407495e+04 
1.63085946386557e-01 9.81905523484186e+04 
1.63260840889975e-01 9.81688456613043e+04 
1.63440116677521e-01 9.81466269293581e+04 
1.63619813116935e-01 9.81243739284128e+04 
1.63799636184487e-01 9.81021233314243e+04 
1.63979744743589e-01 9.80798373571219e+04 
1.64160045240632e-01 9.80575320638472e+04 
1.64340508595028e-01 9.80351884890773e+04 
1.64521029472253e-01 9.80128250192690e+04 
1.64701600988204e-01 9.79904189941791e+04 
1.64882156096722e-01 9.79679831313593e+04 
1.65062801194390e-01 9.79454787302243e+04 
1.65243574709186e-01 9.79229103960728e+04 
1.65424527893257e-01 9.79002607807731e+04 
1.65605623168299e-01 9.78775194849003e+04 
1.65786924888148e-01 9.78546732077363e+04 
1.65968363956092e-01 9.78317152138204e+04 
1.66150019087956e-01 9.78086267889167e+04 
1.66331803725087e-01 9.77854046220462e+04 
1.66513806853778e-01 9.77620220758437e+04 
1.66695935931962e-01 9.77384875642447e+04 
1.66878287268820e-01 9.77147684291049e+04 
1.67060764027780e-01 9.76908882198814e+04 
1.67243467272374e-01 9.76668425277364e+04 
1.67426286246367e-01 9.76426170864845e+04 
1.67609548674986e-01 9.76181818099611e+04 
1.67792866185406e-01 9.75935665946288e+04 
1.67976381230242e-01 9.75687641313179e+04 
1.68160023081885e-01 9.75437827875054e+04 
1.68343899915074e-01 9.75186136876264e+04 
1.68527913310173e-01 9.74932934958941e+04 
1.68712172317107e-01 9.74678163140320e+04 
1.68896569244050e-01 9.74422235886864e+04 
1.69081217347959e-01 9.74165154959593e+04 
1.69266004401382e-01 9.73907363564348e+04 
1.69451048013085e-01 9.73648793920331e+04 
1.69636231529454e-01 9.73389921867539e+04 
1.69821676690709e-01 9.73130752421199e+04 
1.70007262809516e-01 9.72871779388569e+04 
1.70193115891326e-01 9.72613058837892e+04 
1.70379111237494e-01 9.72355114787433e+04 
1.70565379153395e-01 9.72098041480563e+04 
1.70751790773814e-01 9.71842395317213e+04 
1.70938480558617e-01 9.71588290169431e+04 
1.71125315588104e-01 9.71336307931906e+04 
1.71312434295821e-01 9.71086563113412e+04 
1.71499700074728e-01 9.70839643352970e+04 
1.71687267240501e-01 9.70595628978649e+04 
1.71874851372560e-01 9.70355272789709e+04 
1.72062841970555e-01 9.70118323234557e+04 
1.72250902627672e-01 9.69885549493442e+04 
1.72439152519153e-01 9.69656998414168e+04 
1.72627378546642e-01 9.69433212847109e+04 
1.72815799017821e-01 9.69214063370113e+04 
1.73004359359238e-01 9.68999844780427e+04 
1.73193195251449e-01 9.68790479697839e+04 
1.73382195602897e-01 9.68586265584758e+04 
1.73571490315735e-01 9.68387079852926e+04 
1.73760953232125e-01 9.68193173349916e+04 
1.73950731874260e-01 9.68004356301054e+04 
1.74140545183675e-01 9.67820974223918e+04 
1.74330781420004e-01 9.67642570702133e+04 
1.74521103308438e-01 9.67469500421297e+04 
1.74711628245804e-01 9.67301536043206e+04 
1.74902141090841e-01 9.67138855991274e+04 
1.75092666453131e-01 9.66981273384552e+04 
1.75283538288408e-01 9.66828463979771e+04 
1.75473863046445e-01 9.66680929017412e+04 
1.75665198554682e-01 9.66537385241516e+04 
1.75855917527357e-01 9.66398849403416e+04 
1.76047645959042e-01 9.66264018891947e+04 
1.76238248153203e-01 9.66134142641930e+04 
1.76430513350432e-01 9.66007114717980e+04 
1.76621539786391e-01 9.65884550397208e+04 
1.76814033768411e-01 9.65764516699900e+04 
1.77005615768629e-01 9.65648216794527e+04 
1.77198522202370e-01 9.65534041349792e+04 
1.77390059992773e-01 9.65423195889037e+04 
1.77583328964060e-01 9.65313564989821e+04 
1.77775299118969e-01 9.65206379106954e+04 
1.77969110648242e-01 9.65099775132648e+04 
1.78161600045937e-01 9.64995133524473e+04 
1.78355641406742e-01 9.64890384871170e+04 
1.78548061252295e-01 9.64786733681149e+04 
1.78742475517620e-01 9.64681822295486e+04 
1.78935331599690e-01 9.64577218183006e+04 
1.79130106988696e-01 9.64471438977894e+04 
1.79323471130622e-01 9.64364874068867e+04 
1.79518415883420e-01 9.64255102202277e+04 
1.79712325921772e-01 9.64143214518173e+04 
1.79907789206573e-01 9.64028222483056e+04 
1.80101594690635e-01 9.63913277156544e+04 
1.80297334244505e-01 9.63795640788486e+04 
1.80491541938589e-01 9.63673407264998e+04 
1.80687410376979e-01 9.63545578296507e+04 
1.80882103034530e-01 9.63415411973214e+04 
1.81078469803857e-01 9.63279568877358e+04 
1.81273006935599e-01 9.63143018130714e+04 
1.81469767129961e-01 9.62997547676416e+04 
1.81664653324642e-01 9.62855148855495e+04 
1.81861755375726e-01 9.62715346255140e+04 
1.82057065399235e-01 9.62572252727111e+04 
1.82254313093148e-01 9.62431956834158e+04 
1.82450082082884e-01 9.62289308222478e+04 
1.82647833866224e-01 9.62142204668272e+04 
1.82843409458389e-01 9.61989635122604e+04 
1.83041429060571e-01 9.61823286314919e+04 
1.83237315332764e-01 9.61647185000242e+04 
1.83435839502981e-01 9.61454888018903e+04 
1.83632110233435e-01 9.61245917802206e+04 
1.83830838763082e-01 9.61019276956279e+04 
1.84027540709227e-01 9.60781278224831e+04 
1.84226666910318e-01 9.60529676978124e+04 
1.84423820115113e-01 9.60274958051659e+04 
1.84623332167404e-01 9.60012012292014e+04 
1.84820922627667e-01 9.59747736262170e+04 
1.85020621159450e-01 9.59478943732656e+04 
1.85218663186508e-01 9.59213927823390e+04 
1.85418914062866e-01 9.58948045652543e+04 
1.85616748092434e-01 9.58692473293921e+04 
1.85817317978348e-01 9.58440893791456e+04 
1.86015463983910e-01 9.58196313047538e+04 
1.86216519596811e-01 9.57954502427883e+04 
1.86415066979185e-01 9.57727064151123e+04 
1.86616497201635e-01 9.57512192855336e+04 
1.86815506432675e-01 9.57314650793138e+04 
1.87017289281501e-01 9.57135680764720e+04 
1.87216798393864e-01 9.56996405973874e+04 
1.87418810339634e-01 9.56894371940160e+04 
1.87618828132346e-01 9.56802470414157e+04 
1.87821451934517e-01 9.56785446981805e+04 
1.88021970656632e-01 9.56825400189202e+04 
1.88224934886954e-01 9.56916939088122e+04 
1.88425299469159e-01 9.57049983164970e+04 
1.88628239501247e-01 9.57240842071139e+04 
1.88828974095956e-01 9.57432860148103e+04 
1.89031891809958e-01 9.57644624138833e+04 
1.89233104977000e-01 9.57877500337636e+04 
1.89436001785828e-01 9.58331326810142e+04 
1.89637721307695e-01 9.59051258187609e+04 
1.89840599165489e-01 9.60129235036381e+04 
1.90042863077347e-01 9.61642164157363e+04 
1.90245723273332e-01 9.63629263169981e+04 
1.90448556114310e-01 9.66039516743148e+04 
1.90651398828878e-01 9.68865590533979e+04 
1.90854113436037e-01 9.72101478966235e+04 
1.91056938291479e-01 9.75732128189300e+04 
1.91259754455218e-01 9.79712613277589e+04 
1.91462560956613e-01 9.83990607883864e+04 
1.91665358990451e-01 9.88499533124062e+04 
1.91868148416925e-01 9.93189940267934e+04 
1.92070930153444e-01 9.97983001140792e+04 
1.92273703737125e-01 1.00279095499768e+05 
1.92476470812228e-01 1.00751784471697e+05 
1.92679230438391e-01 1.01212899077063e+05 
1.92881983910071e-01 1.01647603482517e+05 
1.93084728721702e-01 1.02049308830644e+05 
1.93287466845709e-01 1.02404264697924e+05 
1.93490196434829e-01 1.02746087130430e+05 
1.93692920215591e-01 1.03012680760084e+05 
1.93895636295410e-01 1.03205531706022e+05 
1.94098347841579e-01 1.03340598038050e+05 
1.94301052624222e-01 1.03433166671003e+05 
1.94503754101254e-01 1.03443842829485e+05 
1.94706449837847e-01 1.03443757970338e+05 
1.94909143359816e-01 1.03439870923688e+05 
1.95111851017412e-01 1.03416161340742e+05 
1.95314554832534e-01 1.03382768130650e+05 
1.95517258680549e-01 1.03332249779545e+05 
1.95719958245520e-01 1.03260010850668e+05 
1.95922657129822e-01 1.03163469255129e+05 
1.96125350932458e-01 1.03045899023938e+05 
1.96328043420570e-01 1.02912398552067e+05 
1.96530730288628e-01 1.02765101170712e+05 
1.96733414951284e-01 1.02603524662325e+05 
1.96936092978247e-01 1.02431737503449e+05 
1.97138768050358e-01 1.02251990054283e+05 
1.97341435730954e-01 1.02066207502033e+05 
1.97544100059092e-01 1.01876375761069e+05 
1.97746756748555e-01 1.01683621137410e+05 
1.97949409434926e-01 1.01489697721182e+05 
1.98152054564057e-01 1.01295615989973e+05 
1.98354695898324e-01 1.01102714145038e+05 
1.98557330383852e-01 1.00911706851375e+05 
1.98759962191934e-01 1.00723641791372e+05 
1.98962588235837e-01 1.00538945398579e+05 
1.99165212785534e-01 1.00358210667936e+05 
1.99367832720308e-01 1.00181640360631e+05 
1.99570620990204e-01 1.00009415684389e+05 
1.99774361260143e-01 9.98409585550388e+04 
1.99980587927690e-01 9.96752432268828e+04 
2.00188601096832e-01 9.95128838488996e+04 
