# Liste des scalaires : TEMPS pmat 
0.00000000000000e+00 1.00000000000000e+05 
7.22956891292051e-05 1.00000000000000e+05 
1.39473830159785e-04 1.00000000000000e+05 
2.09658797050083e-04 1.00000000000000e+05 
2.76117114236727e-04 1.00000000000000e+05 
3.20638761908119e-04 1.00000000000000e+05 
3.55139419127668e-04 1.00000000000000e+05 
3.84466703006949e-04 1.00000000000000e+05 
4.10882456555352e-04 1.00000000000000e+05 
4.35440253196332e-04 1.00000000000000e+05 
4.62453829501409e-04 1.00000000000000e+05 
4.92168763436994e-04 1.00000000000000e+05 
5.24855190766137e-04 1.00000000000000e+05 
5.60810260828195e-04 1.00000000000000e+05 
6.00360837896459e-04 1.00000000000000e+05 
6.43866472671549e-04 1.00000000000000e+05 
6.91722670924148e-04 1.00000000000000e+05 
7.44364489002007e-04 1.00000000000000e+05 
8.02270488887652e-04 1.00000000000000e+05 
8.65967088761862e-04 1.00000000000000e+05 
9.36033348623492e-04 1.00000000000000e+05 
1.01310623447129e-03 1.00000000000000e+05 
1.09788640890386e-03 1.00000000000000e+05 
1.19114460077969e-03 1.00000000000000e+05 
1.28874595957386e-03 1.00000000000000e+05 
1.39292301033427e-03 1.00000000000000e+05 
1.50082592674780e-03 1.00000000000000e+05 
1.61402159796081e-03 1.00000000000000e+05 
1.72630849223517e-03 1.00000000000000e+05 
1.83629605756303e-03 1.00000000000000e+05 
1.94984793356826e-03 1.00000000000000e+05 
2.05819614285843e-03 1.00000000000000e+05 
2.12140367145846e-03 1.00000000000000e+05 
2.18463119825096e-03 1.00000000000000e+05 
2.24813233650700e-03 1.00000000000000e+05 
2.31202179689085e-03 1.00000000000000e+05 
2.37617119269751e-03 1.00000000000000e+05 
2.44131875809203e-03 1.00000000000000e+05 
2.50676621794443e-03 1.00000000000000e+05 
2.57245282311721e-03 1.00000000000000e+05 
2.63848642924439e-03 1.00000000000000e+05 
2.71112339598428e-03 1.00000000000000e+05 
2.77885045752687e-03 1.00000000000000e+05 
2.84761897173431e-03 1.00000000000000e+05 
2.91728625608515e-03 1.00000000000000e+05 
2.98818303617272e-03 1.00000000000000e+05 
3.06017201963887e-03 1.00000000000000e+05 
3.13339296221639e-03 1.00000000000000e+05 
3.20510580157162e-03 1.00000000000000e+05 
3.27786348146824e-03 1.00000000000000e+05 
3.35177764247571e-03 1.00000000000000e+05 
3.42712348988033e-03 1.00000000000000e+05 
3.50366397099987e-03 1.00000000000000e+05 
3.58158964588797e-03 1.00000000000000e+05 
3.66070234806770e-03 1.00000000000000e+05 
3.74119800398983e-03 1.00000000000000e+05 
3.82286630040868e-03 1.00000000000000e+05 
3.90578960149271e-03 1.00000000000000e+05 
3.98697620862987e-03 1.00000000000000e+05 
4.06937667160292e-03 1.00000000000000e+05 
4.15307346629137e-03 1.00000000000000e+05 
4.23828880757317e-03 1.00000000000000e+05 
4.32472535775370e-03 1.00000000000000e+05 
4.41251923705895e-03 1.00000000000000e+05 
4.50145318268567e-03 1.00000000000000e+05 
4.59165885689157e-03 1.00000000000000e+05 
4.68296782781966e-03 1.00000000000000e+05 
4.77542284488301e-03 1.00000000000000e+05 
4.86880599140752e-03 1.00000000000000e+05 
4.97152745258447e-03 1.00000000000000e+05 
5.08452105987912e-03 1.00000000000000e+05 
5.20881402790323e-03 1.00000000000000e+05 
5.30584934667681e-03 1.00000000000000e+05 
5.40432657517052e-03 1.00000000000000e+05 
5.50398243747417e-03 1.00000000000000e+05 
5.60506060746659e-03 1.00000000000000e+05 
5.70732774483427e-03 1.00000000000000e+05 
5.81102211869450e-03 1.00000000000000e+05 
5.91582544472519e-03 1.00000000000000e+05 
6.02187856287717e-03 1.00000000000000e+05 
6.12888729773618e-03 1.00000000000000e+05 
6.23693661902549e-03 1.00000000000000e+05 
6.34562431700510e-03 1.00000000000000e+05 
6.45496568762498e-03 1.00000000000000e+05 
6.56484120995258e-03 1.00000000000000e+05 
6.68570428451295e-03 1.00000000000000e+05 
6.81865366652935e-03 1.00000000000000e+05 
6.96489798674739e-03 1.00000000000000e+05 
7.12282276302401e-03 1.00000000000000e+05 
7.28232003057748e-03 1.00000000000000e+05 
7.44277499940353e-03 1.00000000000000e+05 
7.60446987460259e-03 1.00000000000000e+05 
7.76794824157672e-03 1.00000000000000e+05 
7.93211926056426e-03 1.00000000000000e+05 
8.09817455499363e-03 1.00000000000000e+05 
8.26512142263875e-03 1.00000000000000e+05 
8.43354022799033e-03 1.00000000000000e+05 
8.60369652979117e-03 1.00000000000000e+05 
8.77475800758253e-03 1.00000000000000e+05 
8.94871383509511e-03 1.00000000000000e+05 
9.12278451581643e-03 1.00000000000000e+05 
9.29939112714107e-03 1.00000000000000e+05 
9.47687978206866e-03 1.00000000000000e+05 
9.65632974737638e-03 1.00000000000000e+05 
9.83770629887811e-03 1.00000000000000e+05 
1.00202649948720e-02 1.00000000000000e+05 
1.02049071643068e-02 1.00000000000000e+05 
1.03908384832321e-02 1.00000000000000e+05 
1.05783252283692e-02 1.00000000000000e+05 
1.07680041728275e-02 1.00000000000000e+05 
1.09586079708172e-02 1.00000000000000e+05 
1.11519744284913e-02 1.00000000000000e+05 
1.13461476186866e-02 1.00000000000000e+05 
1.15425384571929e-02 1.00000000000000e+05 
1.17406780863908e-02 1.00000000000000e+05 
1.19403295445935e-02 1.00000000000000e+05 
1.21422250393587e-02 1.00000000000000e+05 
1.23455494042339e-02 1.00000000000000e+05 
1.25506061704678e-02 1.00000000000000e+05 
1.27580087568490e-02 1.00000000000000e+05 
1.29665497875435e-02 1.00000000000000e+05 
1.31778747404850e-02 1.00000000000000e+05 
1.33902071713593e-02 1.00000000000000e+05 
1.36048419660983e-02 1.00000000000000e+05 
1.38214250120622e-02 1.00000000000000e+05 
1.40396933765760e-02 1.00000000000000e+05 
1.42602231232594e-02 1.00000000000000e+05 
1.44823717253456e-02 1.00000000000000e+05 
1.47062951739549e-02 1.00000000000000e+05 
1.49320519174824e-02 1.00000000000000e+05 
1.51581816519177e-02 1.00000000000000e+05 
1.53873748941427e-02 1.00000000000000e+05 
1.56186658805377e-02 1.00000000000000e+05 
1.58542683968975e-02 1.00000000000000e+05 
1.59777405372261e-02 1.00000000000000e+05 
1.61011396251512e-02 1.00000000000000e+05 
1.62246677922211e-02 1.00000000000000e+05 
1.63482873850021e-02 1.00000000000000e+05 
1.64721086749785e-02 1.00000000000000e+05 
1.65924871375242e-02 1.00000000000000e+05 
1.67127609247981e-02 1.00000000000000e+05 
1.68329057060560e-02 1.00000000000000e+05 
1.69534357347526e-02 1.00000000000000e+05 
1.70742653827885e-02 1.00000000000000e+05 
1.71958565765256e-02 1.00000000000000e+05 
1.73182437356805e-02 1.00000000000000e+05 
1.74416525953542e-02 1.00000000000000e+05 
1.75656736269907e-02 1.00000000000000e+05 
1.76884761373347e-02 1.00000000000000e+05 
1.78101408395219e-02 1.00000000000000e+05 
1.79309212776683e-02 1.00000000000000e+05 
1.80508375823977e-02 1.00000000000000e+05 
1.81700898577957e-02 1.00000000000000e+05 
1.82861952805730e-02 1.00000000000000e+05 
1.84026405075713e-02 1.00000000000000e+05 
1.85192959794287e-02 1.00000000000000e+05 
1.86363661310999e-02 1.00000000000000e+05 
1.87531115835142e-02 1.00000000000000e+05 
1.88709927239619e-02 1.00000000000000e+05 
1.89891963395432e-02 1.00000000000000e+05 
1.91078736598018e-02 1.00000000000000e+05 
1.92268300406130e-02 1.00000000000000e+05 
1.93462112968234e-02 1.00000000000000e+05 
1.94658581740489e-02 1.00000000000000e+05 
1.95859230030738e-02 1.00000000000000e+05 
1.97063086530756e-02 1.00000000000000e+05 
1.98271806664419e-02 1.00000000000000e+05 
1.99485421409563e-02 1.00000000000000e+05 
2.00705093577829e-02 1.00000000000000e+05 
2.01931155478166e-02 1.00000000000000e+05 
2.03164287891092e-02 1.00000000000000e+05 
2.04405761545856e-02 1.00000000000000e+05 
2.05642386394204e-02 1.00000000000000e+05 
2.06874942321715e-02 1.00000000000000e+05 
2.08102759651411e-02 1.00000000000000e+05 
2.09326913697957e-02 1.00000000000000e+05 
2.10548177014449e-02 1.00000000000000e+05 
2.11767137036677e-02 1.00000000000000e+05 
2.12984154123190e-02 1.00000000000000e+05 
2.14156860265434e-02 1.00000000000000e+05 
2.15332016114100e-02 1.00000000000000e+05 
2.16507320331547e-02 1.00000000000000e+05 
2.17685216284624e-02 1.00000000000000e+05 
2.18859184341572e-02 1.00000000000000e+05 
2.20023414950847e-02 1.00000000000000e+05 
2.21181507451053e-02 1.00000000000000e+05 
2.22339295710105e-02 1.00000000000000e+05 
2.23499010354470e-02 1.00000000000000e+05 
2.24665629547162e-02 1.00000000000000e+05 
2.25839993725106e-02 1.00000000000000e+05 
2.27024829762556e-02 1.00000000000000e+05 
2.28220948541157e-02 1.00000000000000e+05 
2.29424360570846e-02 1.00000000000000e+05 
2.30634517010447e-02 1.00000000000000e+05 
2.31845648735568e-02 1.00000000000000e+05 
2.33057833224885e-02 1.00000000000000e+05 
2.34271048145843e-02 1.00000000000000e+05 
2.35485381880050e-02 1.00000000000000e+05 
2.36700675846277e-02 1.00000000000000e+05 
2.37917033086170e-02 1.00000000000000e+05 
2.39134039487048e-02 1.00000000000000e+05 
2.40352015549432e-02 1.00000000000000e+05 
2.41530077827948e-02 1.00000000000000e+05 
2.42710764854869e-02 1.00000000000000e+05 
2.43896085548717e-02 1.00000000000000e+05 
2.45083810194418e-02 1.00000000000000e+05 
2.46276504146394e-02 1.00000000000000e+05 
2.47472040607240e-02 1.00000000000000e+05 
2.48672785574117e-02 1.00000000000000e+05 
2.49876534785887e-02 1.00000000000000e+05 
2.51085436006135e-02 1.00000000000000e+05 
2.52297516187527e-02 1.00000000000000e+05 
2.53514816034168e-02 1.00000000000000e+05 
2.54738751268356e-02 1.00000000000000e+05 
2.55963092375945e-02 1.00000000000000e+05 
2.57192481304025e-02 1.00000000000000e+05 
2.58422771813223e-02 1.00000000000000e+05 
2.59655544259971e-02 1.00000000000000e+05 
2.60889594120794e-02 1.00000000000000e+05 
2.62126508992915e-02 1.00000000000000e+05 
2.63365128321358e-02 1.00000000000000e+05 
2.64606809389133e-02 1.00000000000000e+05 
2.65850836211679e-02 1.00000000000000e+05 
2.67019749881296e-02 1.00000000000000e+05 
2.68191665342689e-02 1.00000000000000e+05 
2.69365478175561e-02 1.00000000000000e+05 
2.70536776591408e-02 1.00000000000000e+05 
2.71707232898102e-02 1.00000000000000e+05 
2.72876988169240e-02 1.00000000000000e+05 
2.74046139337323e-02 1.00000000000000e+05 
2.75214815858512e-02 1.00000000000000e+05 
2.76382203605940e-02 1.00000000000000e+05 
2.77548070816178e-02 1.00000000000000e+05 
2.78712813468646e-02 1.00000000000000e+05 
2.79876253188957e-02 1.00000000000000e+05 
2.81038804155605e-02 1.00000000000000e+05 
2.82200318476589e-02 1.00000000000000e+05 
2.83361230099584e-02 1.00000000000000e+05 
2.84521397022109e-02 1.00000000000000e+05 
2.85681272641823e-02 1.00000000000000e+05 
2.86840707492290e-02 1.00000000000000e+05 
2.88000888305938e-02 1.00000000000000e+05 
2.89162302227548e-02 1.00000000000000e+05 
2.90325389638073e-02 1.00000000000000e+05 
2.91490510067328e-02 1.00000000000000e+05 
2.92657710346222e-02 1.00000000000000e+05 
2.93826114183048e-02 1.00000000000000e+05 
2.94994015871087e-02 1.00000000000000e+05 
2.96161754965947e-02 1.00000000000000e+05 
2.97328882640078e-02 1.00000000000000e+05 
2.98495876332662e-02 1.00000000000000e+05 
2.99662213036286e-02 1.00000000000000e+05 
3.00828507413498e-02 1.00000000000000e+05 
3.01994166984030e-02 1.00000000000000e+05 
3.03159904278556e-02 1.00000000000000e+05 
3.04325038527328e-02 1.00000000000000e+05 
3.05490509543201e-02 1.00000000000000e+05 
3.06655586952693e-02 1.00000000000000e+05 
3.07821125085917e-02 1.00000000000000e+05 
3.08986336447039e-02 1.00000000000000e+05 
3.10152222610469e-02 1.00000000000000e+05 
3.11317947343038e-02 1.00000000000000e+05 
3.12484307978504e-02 1.00000000000000e+05 
3.13650408796029e-02 1.00000000000000e+05 
3.14817223470148e-02 1.00000000000000e+05 
3.15983803593569e-02 1.00000000000000e+05 
3.17151080298871e-02 1.00000000000000e+05 
3.18318013000526e-02 1.00000000000000e+05 
3.19485461494687e-02 1.00000000000000e+05 
3.20652247437238e-02 1.00000000000000e+05 
3.21819235043468e-02 1.00000000000000e+05 
3.22985184169262e-02 1.00000000000000e+05 
3.24151043313949e-02 1.00000000000000e+05 
3.25315563131242e-02 1.00000000000000e+05 
3.26479812832241e-02 1.00000000000000e+05 
3.27642575974016e-02 1.00000000000000e+05 
3.28805218069452e-02 1.00000000000000e+05 
3.29966609567722e-02 1.00000000000000e+05 
3.31128017484856e-02 1.00000000000000e+05 
3.32288320013643e-02 1.00000000000000e+05 
3.33448803072422e-02 1.00000000000000e+05 
3.34608392724733e-02 1.00000000000000e+05 
3.35768397842804e-02 1.00000000000000e+05 
3.36927767797623e-02 1.00000000000000e+05 
3.38087793076645e-02 1.00000000000000e+05 
3.39247725528053e-02 1.00000000000000e+05 
3.40408526191891e-02 1.00000000000000e+05 
3.41569118054735e-02 1.00000000000000e+05 
3.42730616307691e-02 1.00000000000000e+05 
3.43892269330975e-02 1.00000000000000e+05 
3.45054864441824e-02 1.00000000000000e+05 
3.46217354101853e-02 1.00000000000000e+05 
3.47380674237130e-02 1.00000000000000e+05 
3.48543844902465e-02 1.00000000000000e+05 
3.49707753990135e-02 1.00000000000000e+05 
3.50871480262835e-02 1.00000000000000e+05 
3.52035848376459e-02 1.00000000000000e+05 
3.53199998806951e-02 1.00000000000000e+05 
3.54364703668212e-02 1.00000000000000e+05 
3.55529167418262e-02 1.00000000000000e+05 
3.56694119827549e-02 1.00000000000000e+05 
3.57858828523505e-02 1.00000000000000e+05 
3.59023996931591e-02 1.00000000000000e+05 
3.60188882340019e-02 1.00000000000000e+05 
3.61354127062351e-02 1.00000000000000e+05 
3.62518949452737e-02 1.00000000000000e+05 
3.63684035853896e-02 1.00000000000000e+05 
3.64848617195777e-02 1.00000000000000e+05 
3.66013451751737e-02 1.00000000000000e+05 
3.67192133744787e-02 1.00000000000000e+05 
3.68371724587818e-02 1.00000000000000e+05 
3.69552001954373e-02 1.00000000000000e+05 
3.70733174898365e-02 1.00000000000000e+05 
3.71915010104272e-02 1.00000000000000e+05 
3.73097745786566e-02 1.00000000000000e+05 
3.74281138475959e-02 1.00000000000000e+05 
3.75465458128456e-02 1.00000000000000e+05 
3.76650453611688e-02 1.00000000000000e+05 
3.77836425229431e-02 1.00000000000000e+05 
3.79023115810906e-02 1.00000000000000e+05 
3.80210855621767e-02 1.00000000000000e+05 
3.81399381743118e-02 1.00000000000000e+05 
3.82589057672986e-02 1.00000000000000e+05 
3.83779615995294e-02 1.00000000000000e+05 
3.84971448500772e-02 1.00000000000000e+05 
3.86164273806800e-02 1.00000000000000e+05 
3.87358513489083e-02 1.00000000000000e+05 
3.88553842890930e-02 1.00000000000000e+05 
3.89750762564127e-02 1.00000000000000e+05 
3.90948879589250e-02 1.00000000000000e+05 
3.92148902332487e-02 1.00000000000000e+05 
3.93350476303219e-02 1.00000000000000e+05 
3.94547467432940e-02 1.00000000000000e+05 
3.95751705270271e-02 1.00000000000000e+05 
3.96963378010414e-02 1.00000000000000e+05 
3.98189300064892e-02 1.00000000000000e+05 
3.99424712048099e-02 1.00000000000000e+05 
4.00674969181926e-02 1.00000000000000e+05 
4.01938976767761e-02 1.00000000000000e+05 
4.03220320319026e-02 1.00000000000000e+05 
4.04516577494873e-02 1.00000000000000e+05 
4.05832235635259e-02 1.00000000000000e+05 
4.07155348233139e-02 1.00000000000000e+05 
4.08475291744238e-02 1.00000000000000e+05 
4.09792508936876e-02 1.00000000000000e+05 
4.11108039742985e-02 1.00000000000000e+05 
4.12422145894377e-02 1.00000000000000e+05 
4.13736180065834e-02 1.00000000000000e+05 
4.15050036502211e-02 1.00000000000000e+05 
4.16365133283212e-02 1.00000000000000e+05 
4.17680792651132e-02 1.00000000000000e+05 
4.19001720945108e-02 1.00000000000000e+05 
4.20324958229796e-02 1.00000000000000e+05 
4.21511995762593e-02 1.00000000000000e+05 
4.22699498285891e-02 1.00000000000000e+05 
4.23887225479229e-02 1.00000000000000e+05 
4.25075568146491e-02 1.00000000000000e+05 
4.26264184782871e-02 1.00000000000000e+05 
4.27453688578779e-02 1.00000000000000e+05 
4.28643425610830e-02 1.00000000000000e+05 
4.29834043598730e-02 1.00000000000000e+05 
4.31024621549534e-02 1.00000000000000e+05 
4.32215922622329e-02 1.00000000000000e+05 
4.33406995365751e-02 1.00000000000000e+05 
4.34599070283674e-02 1.00000000000000e+05 
4.35791421210471e-02 1.00000000000000e+05 
4.36985616092083e-02 1.00000000000000e+05 
4.38181067252095e-02 1.00000000000000e+05 
4.39379228630311e-02 1.00000000000000e+05 
4.40579512893900e-02 1.00000000000000e+05 
4.41783016249615e-02 1.00000000000000e+05 
4.42989123615220e-02 1.00000000000000e+05 
4.44198579371155e-02 1.00000000000000e+05 
4.45410802754562e-02 1.00000000000000e+05 
4.46619803030264e-02 1.00000000000000e+05 
4.47837354688367e-02 1.00000000000000e+05 
4.49063570982075e-02 1.00000000000000e+05 
4.50303680022689e-02 1.00000000000000e+05 
4.51555059462012e-02 1.00000000000000e+05 
4.52820848870021e-02 1.00000000000000e+05 
4.54099375637696e-02 1.00000000000000e+05 
4.55392810068399e-02 1.00000000000000e+05 
4.56698981964450e-02 1.00000000000000e+05 
4.58021020504901e-02 1.00000000000000e+05 
4.59353388564640e-02 1.00000000000000e+05 
4.60689089942485e-02 1.00000000000000e+05 
4.62026488262066e-02 1.00000000000000e+05 
4.63368406852629e-02 1.00000000000000e+05 
4.64710774744685e-02 1.00000000000000e+05 
4.66056619066760e-02 1.00000000000000e+05 
4.67405872534593e-02 1.00000000000000e+05 
4.68760257040004e-02 1.00000000000000e+05 
4.70116081731915e-02 1.00000000000000e+05 
4.71478102316683e-02 1.00000000000000e+05 
4.72841157519386e-02 1.00000000000000e+05 
4.74209013556424e-02 1.00000000000000e+05 
4.75579501115727e-02 1.00000000000000e+05 
4.76784987044897e-02 1.00000000000000e+05 
4.77991072345771e-02 1.00000000000000e+05 
4.79197804107404e-02 1.00000000000000e+05 
4.80405324717849e-02 1.00000000000000e+05 
4.81613598101993e-02 1.00000000000000e+05 
4.82822776647936e-02 1.00000000000000e+05 
4.84032804533971e-02 1.00000000000000e+05 
4.85243756169576e-02 1.00000000000000e+05 
4.86455574777598e-02 1.00000000000000e+05 
4.87668257221353e-02 1.00000000000000e+05 
4.88881800428551e-02 1.00000000000000e+05 
4.90096139955581e-02 1.00000000000000e+05 
4.91311342893299e-02 1.00000000000000e+05 
4.92527304060352e-02 1.00000000000000e+05 
4.93744103523635e-02 1.00000000000000e+05 
4.94961593759894e-02 1.00000000000000e+05 
4.96179856497206e-02 1.00000000000000e+05 
4.97398767542741e-02 1.00000000000000e+05 
4.98618413381711e-02 1.00000000000000e+05 
4.99838689263648e-02 1.00000000000000e+05 
5.01059608132127e-02 1.00000000000000e+05 
5.02280910100840e-02 1.00000000000000e+05 
5.03502376255089e-02 1.00000000000000e+05 
5.04724226816923e-02 1.00000000000000e+05 
5.05946228171633e-02 1.00000000000000e+05 
5.07168615501560e-02 1.00000000000000e+05 
5.08391140711056e-02 1.00000000000000e+05 
5.09614056766280e-02 1.00000000000000e+05 
5.10837102471735e-02 1.00000000000000e+05 
5.12060546689912e-02 1.00000000000000e+05 
5.13284119699442e-02 1.00000000000000e+05 
5.14508093778939e-02 1.00000000000000e+05 
5.15732195621224e-02 1.00000000000000e+05 
5.16956697641170e-02 1.00000000000000e+05 
5.18181324882396e-02 1.00000000000000e+05 
5.19406350522382e-02 1.00000000000000e+05 
5.20631499415043e-02 1.00000000000000e+05 
5.21857050457186e-02 1.00000000000000e+05 
5.23082726615412e-02 1.00000000000000e+05 
5.24308810845730e-02 1.00000000000000e+05 
5.25535023058840e-02 1.00000000000000e+05 
5.26761647000967e-02 1.00000000000000e+05 
5.27988400647618e-02 1.00000000000000e+05 
5.29215567992686e-02 1.00000000000000e+05 
5.30442867967568e-02 1.00000000000000e+05 
5.31670583968955e-02 1.00000000000000e+05 
5.32898435781608e-02 1.00000000000000e+05 
5.34126706941129e-02 1.00000000000000e+05 
5.35355116707615e-02 1.00000000000000e+05 
5.36583948996570e-02 1.00000000000000e+05 
5.37812921880934e-02 1.00000000000000e+05 
5.39042320945483e-02 1.00000000000000e+05 
5.40271862584515e-02 1.00000000000000e+05 
5.41501835456943e-02 1.00000000000000e+05 
5.42731953602590e-02 1.00000000000000e+05 
5.43962509964387e-02 1.00000000000000e+05 
5.45193215285326e-02 1.00000000000000e+05 
5.46424367888526e-02 1.00000000000000e+05 
5.47655674096822e-02 1.00000000000000e+05 
5.48887438832092e-02 1.00000000000000e+05 
5.50119362772372e-02 1.00000000000000e+05 
5.51351758711236e-02 1.00000000000000e+05 
5.52584320907496e-02 1.00000000000000e+05 
5.53817371543719e-02 1.00000000000000e+05 
5.55050598878252e-02 1.00000000000000e+05 
5.56284341221615e-02 1.00000000000000e+05 
5.57518277211908e-02 1.00000000000000e+05 
5.58752759099703e-02 1.00000000000000e+05 
5.59980739641502e-02 1.00000000000000e+05 
5.61214669122435e-02 1.00000000000000e+05 
5.62457878534270e-02 1.00000000000000e+05 
5.63700865273722e-02 1.00000000000000e+05 
5.64951659422844e-02 1.00000000000000e+05 
5.66207635967253e-02 1.00000000000000e+05 
5.67470201367362e-02 1.00000000000000e+05 
5.68736089967893e-02 1.00000000000000e+05 
5.70005773733304e-02 1.00000000000000e+05 
5.71277048055286e-02 1.00000000000000e+05 
5.72550856561760e-02 1.00000000000000e+05 
5.73825956297484e-02 1.00000000000000e+05 
5.75103745130498e-02 1.00000000000000e+05 
5.76382880156280e-02 1.00000000000000e+05 
5.77664952496620e-02 1.00000000000000e+05 
5.78948925280290e-02 1.00000000000000e+05 
5.80236370208617e-02 1.00000000000000e+05 
5.81526169859040e-02 1.00000000000000e+05 
5.82819919369684e-02 1.00000000000000e+05 
5.84116391254940e-02 1.00000000000000e+05 
5.85417248099169e-02 1.00000000000000e+05 
5.86721168139084e-02 1.00000000000002e+05 
5.88029897089796e-02 1.00000000000007e+05 
5.89342038037686e-02 1.00000000000016e+05 
5.90659413793827e-02 1.00000000000030e+05 
5.91980580311009e-02 1.00000000000048e+05 
5.93307416666573e-02 1.00000000000071e+05 
5.94638463454187e-02 1.00000000000096e+05 
5.95975624798929e-02 1.00000000000125e+05 
5.97317454735632e-02 1.00000000000156e+05 
5.98665852465255e-02 1.00000000000192e+05 
6.00019412121313e-02 1.00000000000233e+05 
6.01380015251228e-02 1.00000000000397e+05 
6.02743931031003e-02 1.00000000000576e+05 
6.03954634202354e-02 1.00000000000746e+05 
6.05167141287195e-02 1.00000000000927e+05 
6.06381937666956e-02 1.00000000001122e+05 
6.07599469832413e-02 1.00000000001330e+05 
6.08819674072760e-02 1.00000000001553e+05 
6.10042621058652e-02 1.00000000001789e+05 
6.11268518877705e-02 1.00000000002042e+05 
6.12497568764893e-02 1.00000000002310e+05 
6.13730354421654e-02 1.00000000002596e+05 
6.14967060172877e-02 1.00000000002897e+05 
6.16208511587945e-02 1.00000000003217e+05 
6.17454734736465e-02 1.00000000003552e+05 
6.18706752810639e-02 1.00000000003904e+05 
6.19964359932028e-02 1.00000000004273e+05 
6.21228989780448e-02 1.00000000004663e+05 
6.22500391213697e-02 1.00000000005073e+05 
6.23780402030036e-02 1.00000000005507e+05 
6.25068792519946e-02 1.00000000005965e+05 
6.26367801449274e-02 1.00000000006450e+05 
6.27677572844992e-02 1.00000000006984e+05 
6.29000689267919e-02 1.00000000007569e+05 
6.30336958546005e-02 1.00000000008205e+05 
6.31678114005295e-02 1.00000000008889e+05 
6.33026452312756e-02 1.00000000009621e+05 
6.34371792431706e-02 1.00000000010396e+05 
6.35722601304453e-02 1.00000000011218e+05 
6.37069138911145e-02 1.00000000011952e+05 
6.38419567983327e-02 1.00000000012724e+05 
6.39765000725656e-02 1.00000000013497e+05 
6.41113895572095e-02 1.00000000014307e+05 
6.42457817053951e-02 1.00000000015153e+05 
6.43805141141764e-02 1.00000000016020e+05 
6.45147726832750e-02 1.00000000016959e+05 
6.46495559415069e-02 1.00000000017920e+05 
6.47840734283223e-02 1.00000000018954e+05 
6.49190342610797e-02 1.00000000020010e+05 
6.50409434791540e-02 1.00000000021032e+05 
6.51666148877435e-02 1.00000000022089e+05 
6.52894624275401e-02 1.00000000023207e+05 
6.54142062465567e-02 1.00000000024362e+05 
6.55377335214883e-02 1.00000000025590e+05 
6.56633552769825e-02 1.00000000026892e+05 
6.57876862556741e-02 1.00000000028263e+05 
6.59160473011580e-02 1.00000000033120e+05 
6.60411222578758e-02 1.00000000034500e+05 
6.61707080925405e-02 1.00000000039534e+05 
6.62967041754928e-02 1.00000000044280e+05 
6.64277013675513e-02 1.00000000049203e+05 
6.65547511346143e-02 1.00000000053895e+05 
6.66875763028110e-02 1.00000000058796e+05 
6.68159934687881e-02 1.00000000058383e+05 
6.69507839607213e-02 1.00000000057886e+05 
6.70806667321438e-02 1.00000000057390e+05 
6.72151494912290e-02 1.00000000056879e+05 
6.73469157024736e-02 1.00000000056585e+05 
6.74811512642321e-02 1.00000000056234e+05 
6.76155007133357e-02 1.00000000055978e+05 
6.77498244065639e-02 1.00000000055763e+05 
6.78838049667974e-02 1.00000000055644e+05 
6.80188158727411e-02 1.00000000055619e+05 
6.81544598641226e-02 1.00000000055733e+05 
6.82905910379475e-02 1.00000000056040e+05 
6.84268590798188e-02 1.00000000056675e+05 
6.85634101322667e-02 1.00000000057711e+05 
6.87002067332512e-02 1.00000000059254e+05 
6.88377274801066e-02 1.00000000061400e+05 
6.89756726776225e-02 1.00000000074267e+05 
6.91141407631526e-02 1.00000000086643e+05 
6.92531500460808e-02 1.00000000098678e+05 
6.93930378088076e-02 1.00000000110346e+05 
6.95332472476515e-02 1.00000000121309e+05 
6.96743392048273e-02 1.00000000121856e+05 
6.98157619541613e-02 1.00000000121954e+05 
6.99577852945721e-02 1.00000000122745e+05 
7.00999471965093e-02 1.00000000124508e+05 
7.02426421492794e-02 1.00000000126906e+05 
7.03855643474631e-02 1.00000000128895e+05 
7.05291539284229e-02 1.00000000131769e+05 
7.06730824346872e-02 1.00000000134612e+05 
7.08169738834953e-02 1.00000000151928e+05 
7.09611598197923e-02 1.00000000176936e+05 
7.11053121429417e-02 1.00000000212981e+05 
7.12497753671219e-02 1.00000000261172e+05 
7.13942092453424e-02 1.00000000326801e+05 
7.15375420803393e-02 1.00000000400821e+05 
7.16804950082684e-02 1.00000000508989e+05 
7.18217934907292e-02 1.00000000630289e+05 
7.19628278317842e-02 1.00000000774048e+05 
7.21023905472205e-02 1.00000000935405e+05 
7.22418151044966e-02 1.00000001114936e+05 
7.23799729276321e-02 1.00000001310978e+05 
7.25163572855229e-02 1.00000001521625e+05 
7.26513849403986e-02 1.00000001745596e+05 
7.27868574524584e-02 1.00000001983733e+05 
7.29217779495278e-02 1.00000002231980e+05 
7.30572132302721e-02 1.00000002490126e+05 
7.31920675034495e-02 1.00000002754819e+05 
7.33274162593062e-02 1.00000003025258e+05 
7.34622366239753e-02 1.00000003286026e+05 
7.35974624366216e-02 1.00000003546923e+05 
7.37322069393082e-02 1.00000003813162e+05 
7.38673707725685e-02 1.00000004074981e+05 
7.40021315909543e-02 1.00000004328057e+05 
7.41373337337187e-02 1.00000004573452e+05 
7.42721891381449e-02 1.00000004799900e+05 
7.44074937125096e-02 1.00000005009922e+05 
7.45424790696362e-02 1.00000005201551e+05 
7.46779107351342e-02 1.00000005377605e+05 
7.48132334075566e-02 1.00000005536760e+05 
7.49490847778172e-02 1.00000005679816e+05 
7.50851480129059e-02 1.00000005807966e+05 
7.52217549710028e-02 1.00000005871053e+05 
7.53585073803884e-02 1.00000005931020e+05 
7.54957472265325e-02 1.00000005988251e+05 
7.56330990130606e-02 1.00000006040303e+05 
7.57709481808445e-02 1.00000006088755e+05 
7.59089104617003e-02 1.00000006133269e+05 
7.60473609475318e-02 1.00000006175566e+05 
7.61859024572040e-02 1.00000006215019e+05 
7.63249073020460e-02 1.00000006296572e+05 
7.64639911030652e-02 1.00000006383810e+05 
7.66035447608325e-02 1.00000006473885e+05 
7.67431769274615e-02 1.00000006566650e+05 
7.68832887679939e-02 1.00000006664221e+05 
7.70234766195387e-02 1.00000006766621e+05 
7.71641507505980e-02 1.00000006871576e+05 
7.73048950423404e-02 1.00000146241097e+05 
7.74461292731234e-02 1.00016102483385e+05 
7.75874251214732e-02 1.00057448448338e+05 
7.77292121972551e-02 1.00130104407031e+05 
7.78710499808017e-02 1.00240229711719e+05 
7.80133783769596e-02 1.00394338136254e+05 
7.81557443942677e-02 1.00598552812561e+05 
7.82985986471033e-02 1.00860118859818e+05 
7.84414746672904e-02 1.01185257813521e+05 
7.85848337209403e-02 1.01563416441209e+05 
7.87281941877247e-02 1.01992193433187e+05 
7.88720283599192e-02 1.02472435736870e+05 
7.90158371231410e-02 1.03000593409785e+05 
7.91601037933659e-02 1.03575162688743e+05 
7.93043018482072e-02 1.04193271121442e+05 
7.94489256958479e-02 1.04853609374810e+05 
7.95934174400918e-02 1.05548446060652e+05 
7.97383062542070e-02 1.06272850527401e+05 
7.98830092290299e-02 1.07016519706314e+05 
8.00280940914726e-02 1.07773973065070e+05 
8.01729414892522e-02 1.08540065560619e+05 
8.03181500467411e-02 1.09316330325152e+05 
8.04630551744738e-02 1.10082960845082e+05 
8.06082856769083e-02 1.10829285071800e+05 
8.07531215055442e-02 1.11540718629384e+05 
8.08982440125699e-02 1.12212707106066e+05 
8.10429027721273e-02 1.12834945903520e+05 
8.11878542586361e-02 1.13468893985282e+05 
8.13323150409613e-02 1.14069357771590e+05 
8.14770771226718e-02 1.14570962642162e+05 
8.16212985783129e-02 1.14982488916737e+05 
8.17657911715176e-02 1.15317683121449e+05 
8.19096539995150e-02 1.15583849982980e+05 
8.20537447843525e-02 1.15791474138097e+05 
8.21971195320240e-02 1.15945924926381e+05 
8.23407041190496e-02 1.15985226887687e+05 
8.24835248988079e-02 1.15973593785565e+05 
8.26265741981537e-02 1.15963620621879e+05 
8.27688581632909e-02 1.15954891981375e+05 
8.29114204199697e-02 1.15945636262038e+05 
8.30532554110627e-02 1.15931737728885e+05 
8.31954379350755e-02 1.15912824029294e+05 
8.33369511351343e-02 1.15888783491719e+05 
8.34788780433153e-02 1.15858362743137e+05 
8.36201841311239e-02 1.15817756146596e+05 
8.37619553552093e-02 1.15767255198146e+05 
8.39031393041479e-02 1.15706386885030e+05 
8.40448417222313e-02 1.15635228712045e+05 
8.41859921499653e-02 1.15557782451169e+05 
8.43277102459995e-02 1.15473989907954e+05 
8.44689369445511e-02 1.15384995232668e+05 
8.46108173300250e-02 1.15290774791496e+05 
8.47523647577604e-02 1.15192591927197e+05 
8.48940394863146e-02 1.15090950792052e+05 
8.50358162154275e-02 1.14986663242428e+05 
8.51776431660245e-02 1.14880682402041e+05 
8.53196149250691e-02 1.14773791579345e+05 
8.54616683296486e-02 1.14666750056087e+05 
8.56027606030720e-02 1.14561021351297e+05 
8.57446509397940e-02 1.14455919926377e+05 
8.58867506759778e-02 1.14352467938688e+05 
8.60290043320576e-02 1.14251236197881e+05 
8.61713034624045e-02 1.14152737408109e+05 
8.63136136491599e-02 1.14057347875145e+05 
8.64556468124987e-02 1.13965582192609e+05 
8.65981455221232e-02 1.13876879174149e+05 
8.67399515121511e-02 1.13792388117641e+05 
8.68823353040900e-02 1.13711713741813e+05 
8.70240678432902e-02 1.13635205516826e+05 
8.71664455842183e-02 1.13562451777998e+05 
8.73082332363822e-02 1.13493580202139e+05 
8.74507077969150e-02 1.13428164196866e+05 
8.75921670826084e-02 1.13366405429906e+05 
8.77341368985263e-02 1.13307747325441e+05 
8.78751377725093e-02 1.13252070977725e+05 
8.80167339001233e-02 1.13199050901586e+05 
8.81574931498028e-02 1.13148218605205e+05 
8.82989289599706e-02 1.13098569318255e+05 
8.84396478721984e-02 1.13050691866954e+05 
8.85811115736577e-02 1.13003480644598e+05 
8.87219531881235e-02 1.12957320305082e+05 
8.88635804339580e-02 1.12911225573245e+05 
8.90046358386290e-02 1.12865519730941e+05 
8.91464836491302e-02 1.12819546160424e+05 
8.92877748101856e-02 1.12773439319150e+05 
8.94278929287839e-02 1.12726856261090e+05 
8.95676918035708e-02 1.12679428706215e+05 
8.97073718363417e-02 1.12630898612570e+05 
8.98467452614736e-02 1.12581089780717e+05 
8.99859968410210e-02 1.12530235558828e+05 
9.01250249230303e-02 1.12479428720994e+05 
9.02639709676152e-02 1.12425967665611e+05 
9.04028228770641e-02 1.12370314454202e+05 
9.05416529709408e-02 1.12312640623459e+05 
9.06805435309671e-02 1.12253226408476e+05 
9.08194899765495e-02 1.12192257419487e+05 
9.09586751251881e-02 1.12129790795892e+05 
9.10980359636141e-02 1.12064228881631e+05 
9.12378336273442e-02 1.11998042769824e+05 
9.13779421634770e-02 1.11931551263676e+05 
9.15186917984020e-02 1.11864594445432e+05 
9.16598986980745e-02 1.11797173064198e+05 
9.18019633400297e-02 1.11729133086775e+05 
9.19446518589304e-02 1.11659980188215e+05 
9.20884450387724e-02 1.11589599227029e+05 
9.22330669904091e-02 1.11517905411446e+05 
9.23790991169577e-02 1.11444456396018e+05 
9.25262318790160e-02 1.11369388960389e+05 
9.26640516153761e-02 1.11297969584158e+05 
9.28017813593699e-02 1.11225592647106e+05 
9.29391921271827e-02 1.11152555184682e+05 
9.30766505848360e-02 1.11078884912129e+05 
9.32139430197854e-02 1.11004734580810e+05 
9.33513120596893e-02 1.10930063083206e+05 
9.34886623548443e-02 1.10854987712634e+05 
9.36261723007802e-02 1.10779518213196e+05 
9.37638474319039e-02 1.10703723095634e+05 
9.39017746816012e-02 1.10627699878352e+05 
9.40400607388444e-02 1.10551416863534e+05 
9.41786970678193e-02 1.10474986613703e+05 
9.43179004610185e-02 1.10398319282037e+05 
9.44575738519742e-02 1.10321536861207e+05 
9.45980521725204e-02 1.10244507469160e+05 
9.47391763320098e-02 1.10167390009238e+05 
9.48813776603094e-02 1.10089984233317e+05 
9.50244347550936e-02 1.10012451029749e+05 
9.51688699722119e-02 1.09934547164704e+05 
9.53144179058522e-02 1.09856426662456e+05 
9.54616999909014e-02 1.09777794230918e+05 
9.55993442573438e-02 1.09704671041562e+05 
9.57367653650832e-02 1.09632025823666e+05 
9.58743245083615e-02 1.09559634416746e+05 
9.60118062904233e-02 1.09487604220761e+05 
9.61495052852850e-02 1.09415739658716e+05 
9.62873080474061e-02 1.09344082763547e+05 
9.64253724457339e-02 1.09272500865439e+05 
9.65636379632566e-02 1.09200991358005e+05 
9.67022025857175e-02 1.09129439368518e+05 
9.68410665873588e-02 1.09057801068885e+05 
9.69802843513890e-02 1.08985978724178e+05 
9.71200039528074e-02 1.08913863644779e+05 
9.72601952423737e-02 1.08841403736003e+05 
9.74011231724999e-02 1.08768407246052e+05 
9.75426560476170e-02 1.08694883539156e+05 
9.76851768042658e-02 1.08620557315316e+05 
9.78284669172635e-02 1.08545605435749e+05 
9.79730277143767e-02 1.08469564662239e+05 
9.81185897912316e-02 1.08392566466258e+05 
9.82657539979704e-02 1.08314212683337e+05 
9.84142234384239e-02 1.08234735190782e+05 
9.85524698924977e-02 1.08160460798593e+05 
9.86908057286378e-02 1.08085802111084e+05 
9.88290364146644e-02 1.08010615125650e+05 
9.89675052492720e-02 1.07934918808273e+05 
9.91060703657042e-02 1.07859489631955e+05 
9.92449070028238e-02 1.07783760645961e+05 
9.93839211262092e-02 1.07708464588281e+05 
9.95232250480824e-02 1.07633748088900e+05 
9.96628049322233e-02 1.07555711148144e+05 
9.98027091499786e-02 1.07481370827432e+05 
9.99429986903666e-02 1.07409321378355e+05 
1.00083662775170e-01 1.07340722442970e+05 
1.00224917387653e-01 1.07273070463322e+05 
1.00366661914719e-01 1.07207115197136e+05 
1.00509252308705e-01 1.07144188938286e+05 
1.00652486433413e-01 1.07086185537680e+05 
1.00796866678479e-01 1.07027323274923e+05 
1.00942116213862e-01 1.06963477733002e+05 
1.01088871975904e-01 1.06899449042402e+05 
1.01236819328856e-01 1.06847208594153e+05 
1.01375554943041e-01 1.06807470326992e+05 
1.01514281781611e-01 1.06803520349912e+05 
1.01652823958802e-01 1.06812537561914e+05 
1.01791557721400e-01 1.06836434556690e+05 
1.01930362607890e-01 1.06889418094760e+05 
1.02069449696854e-01 1.06962705970654e+05 
1.02208737075650e-01 1.07077337409987e+05 
1.02348346605551e-01 1.07233682171339e+05 
1.02488284655634e-01 1.07427287104485e+05 
1.02628594632134e-01 1.07658723884995e+05 
1.02769367270000e-01 1.07925700234750e+05 
1.02910575357997e-01 1.08226777627101e+05 
1.03052469425031e-01 1.08559592418641e+05 
1.03194930319934e-01 1.08922954950301e+05 
1.03338356852342e-01 1.09314255694560e+05 
1.03482530223166e-01 1.09729379243025e+05 
1.03627999970725e-01 1.10166595097826e+05 
1.03774472015486e-01 1.10620936466269e+05 
1.03922636851332e-01 1.11089518555027e+05 
1.04061830453754e-01 1.11531455339866e+05 
1.04200803257801e-01 1.11969741605624e+05 
1.04339793107511e-01 1.12401053718591e+05 
1.04478676451620e-01 1.12821170743909e+05 
1.04617849899243e-01 1.13223524248695e+05 
1.04757209917660e-01 1.13599217615275e+05 
1.04896935543269e-01 1.13949128182277e+05 
1.05036974332915e-01 1.14260907377199e+05 
1.05177427008759e-01 1.14556613253579e+05 
1.05318334682722e-01 1.14834942921560e+05 
1.05459720125157e-01 1.15040743700502e+05 
1.05601730606406e-01 1.15192272761270e+05 
1.05744298944426e-01 1.15282420063608e+05 
1.05887686706958e-01 1.15339418337116e+05 
1.06031762087451e-01 1.15375280796776e+05 
1.06176922232314e-01 1.15361920874128e+05 
1.06322951482823e-01 1.15303759501527e+05 
1.06470382793163e-01 1.15244661616302e+05 
1.06618930729280e-01 1.15174733871256e+05 
1.06758878417813e-01 1.15100246568123e+05 
1.06898898147116e-01 1.15020358018310e+05 
1.07038809938156e-01 1.14936065132595e+05 
1.07178819823211e-01 1.14846258355096e+05 
1.07318822219739e-01 1.14747821369492e+05 
1.07459196283591e-01 1.14643077110132e+05 
1.07599850460608e-01 1.14533521139743e+05 
1.07740947822445e-01 1.14420464265677e+05 
1.07882425906912e-01 1.14304024670445e+05 
1.08024383406364e-01 1.14184173372412e+05 
1.08166824198062e-01 1.14061291618792e+05 
1.08309792585557e-01 1.13935812427737e+05 
1.08453371243819e-01 1.13808331483244e+05 
1.08597545524675e-01 1.13679588426530e+05 
1.08742490219887e-01 1.13549810141761e+05 
1.08888118059537e-01 1.13419846709402e+05 
1.09034698985444e-01 1.13289580953798e+05 
1.09182073782544e-01 1.13159590595334e+05 
1.09330625265944e-01 1.13029720454149e+05 
1.09480129313229e-01 1.12900428981984e+05 
1.09631077234099e-01 1.12771391605849e+05 
1.09783192650969e-01 1.12643120719974e+05 
1.09924954079046e-01 1.12525135668821e+05 
1.10066836761747e-01 1.12408714778279e+05 
1.10208696819759e-01 1.12293899915141e+05 
1.10350698631521e-01 1.12180681833135e+05 
1.10492759345183e-01 1.12069017238351e+05 
1.10635220686218e-01 1.11958682243319e+05 
1.10777996142095e-01 1.11849619683892e+05 
1.10921217134863e-01 1.11741716707753e+05 
1.11064810051324e-01 1.11634884796047e+05 
1.11208856668035e-01 1.11529016532944e+05 
1.11353329437511e-01 1.11423986600721e+05 
1.11498275696458e-01 1.11319707846353e+05 
1.11643722490209e-01 1.11216018289431e+05 
1.11789679299819e-01 1.11112860652941e+05 
1.11936233238106e-01 1.11010038034684e+05 
1.12083351049323e-01 1.10907528178644e+05 
1.12231183796183e-01 1.10805101746321e+05 
1.12379652729884e-01 1.10702777107063e+05 
1.12528977495780e-01 1.10600291038513e+05 
1.12679031506562e-01 1.10497710136652e+05 
1.12830106501296e-01 1.10394738306024e+05 
1.12982028382282e-01 1.10291493653395e+05 
1.13135170547477e-01 1.10187642343907e+05 
1.13289305247681e-01 1.10083356255200e+05 
1.13433354049587e-01 1.09986049941174e+05 
1.13577516812634e-01 1.09888838204139e+05 
1.13721664088918e-01 1.09791764088835e+05 
1.13865926380894e-01 1.09694766362955e+05 
1.14010206169569e-01 1.09597877754333e+05 
1.14154628707514e-01 1.09501044387947e+05 
1.14299215165597e-01 1.09404228652367e+05 
1.14444185244102e-01 1.09307315176810e+05 
1.14589455090267e-01 1.09210342783569e+05 
1.14735115066428e-01 1.09113283343058e+05 
1.14881093201758e-01 1.09016169312682e+05 
1.15027454004448e-01 1.08918984244441e+05 
1.15174154915444e-01 1.08821736162380e+05 
1.15321243434687e-01 1.08724408290335e+05 
1.15468709026945e-01 1.08626979790665e+05 
1.15616579759196e-01 1.08529439749109e+05 
1.15764878368166e-01 1.08431728297414e+05 
1.15913609710356e-01 1.08333834272195e+05 
1.16062830794583e-01 1.08235660606736e+05 
1.16212520316802e-01 1.08137211153124e+05 
1.16362769876480e-01 1.08038377890870e+05 
1.16513531514000e-01 1.07939185434626e+05 
1.16664932214849e-01 1.07839473336167e+05 
1.16816896670087e-01 1.07739303359441e+05 
1.16969588493870e-01 1.07638517314909e+05 
1.17122904884779e-01 1.07537234420411e+05 
1.17277048754516e-01 1.07435388118044e+05 
1.17431888758326e-01 1.07333072361737e+05 
1.17587668487403e-01 1.07230166977433e+05 
1.17744231585709e-01 1.07126947163654e+05 
1.17901864341898e-01 1.07023369539052e+05 
1.18060388977952e-01 1.06919829353981e+05 
1.18207526761838e-01 1.06824284576027e+05 
1.18354789748051e-01 1.06729499680385e+05 
1.18502096212840e-01 1.06635805042649e+05 
1.18649528851605e-01 1.06543394196361e+05 
1.18797019020004e-01 1.06452713412888e+05 
1.18944643423421e-01 1.06363749733990e+05 
1.19092352363048e-01 1.06274101181228e+05 
1.19240273475482e-01 1.06187955636850e+05 
1.19388422683801e-01 1.06105025705088e+05 
1.19536920214272e-01 1.06024686232347e+05 
1.19685705061986e-01 1.05946905084740e+05 
1.19834799787322e-01 1.05871287262590e+05 
1.19984151325304e-01 1.05797679874793e+05 
1.20133777392185e-01 1.05728282338761e+05 
1.20283639798376e-01 1.05659093359892e+05 
1.20433755646446e-01 1.05590107023937e+05 
1.20584100088957e-01 1.05521149207332e+05 
1.20734685689469e-01 1.05452937866007e+05 
1.20885499962668e-01 1.05384843033046e+05 
1.21036547990480e-01 1.05320109003758e+05 
1.21187828686249e-01 1.05259528786290e+05 
1.21339338451757e-01 1.05204181101850e+05 
1.21491086854373e-01 1.05155287730019e+05 
1.21643061270605e-01 1.05113464002866e+05 
1.21795285102624e-01 1.05079999115466e+05 
1.21947738677025e-01 1.05055203869903e+05 
1.22100452114071e-01 1.05038546146467e+05 
1.22253400291720e-01 1.05028845064081e+05 
1.22406616559923e-01 1.05026522055910e+05 
1.22560020568464e-01 1.05032603697031e+05 
1.22713531158966e-01 1.05045620049906e+05 
1.22867137374206e-01 1.05064876573856e+05 
1.23020859860058e-01 1.05091292097487e+05 
1.23174685467400e-01 1.05124551420965e+05 
1.23328637411672e-01 1.05163931567066e+05 
1.23482700355664e-01 1.05209181234751e+05 
1.23636900960524e-01 1.05259967544803e+05 
1.23791221129711e-01 1.05315775583610e+05 
1.23945690867107e-01 1.05376079235862e+05 
1.24100289153758e-01 1.05440465463556e+05 
1.24255049501007e-01 1.05508340253252e+05 
1.24409947824443e-01 1.05579190096849e+05 
1.24565021375943e-01 1.05652387576665e+05 
1.24720242763975e-01 1.05727405744185e+05 
1.24875653272641e-01 1.05803613146029e+05 
1.25031221828910e-01 1.05880460785755e+05 
1.25186994140064e-01 1.05957323958298e+05 
1.25342935010937e-01 1.06033646609346e+05 
1.25499095081939e-01 1.06108894242322e+05 
1.25655434643913e-01 1.06182549391424e+05 
1.25812009869894e-01 1.06254113345736e+05 
1.25968776162730e-01 1.06323109564488e+05 
1.26125795935123e-01 1.06389016315588e+05 
1.26283019183063e-01 1.06451511336438e+05 
1.26440515327973e-01 1.06510347544431e+05 
1.26598228331652e-01 1.06565079342750e+05 
1.26756235407477e-01 1.06615258652285e+05 
1.26914473842479e-01 1.06660562171397e+05 
1.27073029608857e-01 1.06700771338003e+05 
1.27231832257635e-01 1.06736959059205e+05 
1.27390977614770e-01 1.06767950597132e+05 
1.27550386609539e-01 1.06792623685557e+05 
1.27710166865060e-01 1.06811173142776e+05 
1.27870228329685e-01 1.06822376870589e+05 
1.28030692491868e-01 1.06827652978089e+05 
1.28191456165720e-01 1.06835526705685e+05 
1.28352656424163e-01 1.06834206601635e+05 
1.28514177831371e-01 1.06825038377091e+05 
1.28676175034893e-01 1.06808258553923e+05 
1.28838529326127e-01 1.06785550046013e+05 
1.29001412831849e-01 1.06758541174624e+05 
1.29164700958759e-01 1.06727744713452e+05 
1.29328584247133e-01 1.06688075409706e+05 
1.29492930989413e-01 1.06648909142670e+05 
1.29657951842716e-01 1.06611389517366e+05 
1.29823509802184e-01 1.06575228523182e+05 
1.29989838152350e-01 1.06540879315619e+05 
1.30156796894846e-01 1.06507991536728e+05 
1.30324644510079e-01 1.06475476202799e+05 
1.30492949660449e-01 1.06443442751994e+05 
1.30658584551116e-01 1.06411954736104e+05 
1.30824390665306e-01 1.06380164321884e+05 
1.30990372856998e-01 1.06347813360561e+05 
1.31156503907137e-01 1.06314680269642e+05 
1.31322779018074e-01 1.06280593714802e+05 
1.31489106115242e-01 1.06245926665839e+05 
1.31655238190015e-01 1.06210935315681e+05 
1.31821388276690e-01 1.06175518776660e+05 
1.31986251672990e-01 1.06139980262515e+05 
1.32151225407491e-01 1.06103986373508e+05 
1.32315263305181e-01 1.06067806786992e+05 
1.32479081342074e-01 1.06031306729348e+05 
1.32643001086254e-01 1.05994469417172e+05 
1.32807243858326e-01 1.05957262620726e+05 
1.32971879821686e-01 1.05919678367387e+05 
1.33136883714944e-01 1.05881730050595e+05 
1.33302241763302e-01 1.05843411213436e+05 
1.33467843824039e-01 1.05804743236378e+05 
1.33633649789341e-01 1.05765712793293e+05 
1.33802332323955e-01 1.05725670010064e+05 
1.33971007037795e-01 1.05685260157685e+05 
1.34139406697608e-01 1.05644529177725e+05 
1.34305733264391e-01 1.05603887182205e+05 
1.34472250177967e-01 1.05562753823100e+05 
1.34638833745802e-01 1.05521124652479e+05 
1.34805557172488e-01 1.05478962119452e+05 
1.34972179204892e-01 1.05436297794471e+05 
1.35138932138907e-01 1.05393050902573e+05 
1.35304378125198e-01 1.05349570027072e+05 
1.35471001567140e-01 1.05305218114683e+05 
1.35636619347643e-01 1.05260565800010e+05 
1.35801974922627e-01 1.05215442515879e+05 
1.35967424291942e-01 1.05169762143832e+05 
1.36133203086833e-01 1.05123410191599e+05 
1.36299390857421e-01 1.05076365313564e+05 
1.36468041604912e-01 1.05028112048596e+05 
1.36636709718084e-01 1.04979365307671e+05 
1.36805259786338e-01 1.04930143530454e+05 
1.36973933451658e-01 1.04880438986907e+05 
1.37142516648535e-01 1.04830257245266e+05 
1.37301665588826e-01 1.04782465778893e+05 
1.37463754123618e-01 1.04733291445031e+05 
1.37623010683350e-01 1.04684577643846e+05 
1.37785151415541e-01 1.04633983241009e+05 
1.37944454565400e-01 1.04583986800586e+05 
1.38106630504619e-01 1.04532912470683e+05 
1.38265965053382e-01 1.04482299227212e+05 
1.38428165707138e-01 1.04430433597046e+05 
1.38587523195272e-01 1.04378976410690e+05 
1.38749742070179e-01 1.04326218048890e+05 
1.38909120112613e-01 1.04273877743159e+05 
1.39071357621107e-01 1.04220285309391e+05 
1.39230758632052e-01 1.04167136594763e+05 
1.39393015590060e-01 1.04112758425515e+05 
1.39552437378892e-01 1.04058879409497e+05 
1.39714708534000e-01 1.04004042978505e+05 
1.39874145355930e-01 1.03949489919542e+05 
1.40036427460068e-01 1.03894016629946e+05 
1.40195880207860e-01 1.03839143070621e+05 
1.40358177247359e-01 1.03782944358301e+05 
1.40517649818252e-01 1.03727556268384e+05 
1.40679965648375e-01 1.03670830253025e+05 
1.40839461397160e-01 1.03614992418136e+05 
1.41001799054707e-01 1.03557928344628e+05 
1.41161320730435e-01 1.03501749769381e+05 
1.41323682906826e-01 1.03444314970489e+05 
1.41483233577352e-01 1.03387644437034e+05 
1.41645621986433e-01 1.03329813592626e+05 
1.41805199680726e-01 1.03272848833511e+05 
1.41967611383556e-01 1.03214692170792e+05 
1.42127216626899e-01 1.03157368994337e+05 
1.42289654817866e-01 1.03098814366880e+05 
1.42449290575599e-01 1.03041055244730e+05 
1.42611756156914e-01 1.02982025150832e+05 
1.42771422079695e-01 1.02923762779025e+05 
1.42933916008742e-01 1.02864195646491e+05 
1.43093615813792e-01 1.02805374898434e+05 
1.43256141288062e-01 1.02745216600465e+05 
1.43415876365790e-01 1.02685803048735e+05 
1.43578435884292e-01 1.02625035786155e+05 
1.43738210688506e-01 1.02565004804824e+05 
1.43900807771462e-01 1.02503590458260e+05 
1.44060622894627e-01 1.02442901217386e+05 
1.44221813959101e-01 1.02381356458738e+05 
1.44381675334139e-01 1.02319991904761e+05 
1.44544726898637e-01 1.02257076682998e+05 
1.44713405432686e-01 1.02191634884705e+05 
1.44883538115642e-01 1.02125292087128e+05 
1.45053471156370e-01 1.02058687027254e+05 
1.45223390077671e-01 1.01991715134166e+05 
1.45383358034819e-01 1.01928345812724e+05 
1.45546200199334e-01 1.01863524248024e+05 
1.45706274950302e-01 1.01799504966636e+05 
1.45867742239021e-01 1.01734628506793e+05 
1.46027890979676e-01 1.01670050738203e+05 
1.46189423191432e-01 1.01604674616916e+05 
1.46349632128198e-01 1.01539920164084e+05 
1.46511221413478e-01 1.01474370121155e+05 
1.46671489336760e-01 1.01408980690267e+05 
1.46833136355181e-01 1.01342848132346e+05 
1.46993464811157e-01 1.01277149889630e+05 
1.47155171603264e-01 1.01210953384811e+05 
1.47315564036708e-01 1.01145367273274e+05 
1.47477333134044e-01 1.01079303116840e+05 
1.47637789584482e-01 1.01013139373598e+05 
1.47799618252577e-01 1.00947072198073e+05 
1.47960134166075e-01 1.00881763175124e+05 
1.48122019923374e-01 1.00816454783293e+05 
1.48282597847082e-01 1.00752229831926e+05 
1.48444544188339e-01 1.00687945140925e+05 
1.48605186276370e-01 1.00624519519038e+05 
1.48767193385497e-01 1.00561412946257e+05 
1.48927897591726e-01 1.00498416260379e+05 
1.49089963758696e-01 1.00434489643248e+05 
1.49250730911700e-01 1.00370526410824e+05 
1.49412858552624e-01 1.00305270204488e+05 
1.49573692066547e-01 1.00240010873878e+05 
1.49735884644755e-01 1.00179106194765e+05 
1.49896787684257e-01 1.00126333867894e+05 
1.50059048071684e-01 1.00082712207590e+05 
1.50220023393073e-01 1.00051769359084e+05 
1.50382355211426e-01 1.00034744459818e+05 
1.50543407447087e-01 1.00033715819883e+05 
1.50705813787669e-01 1.00050544086915e+05 
1.50866941898420e-01 1.00082100287285e+05 
1.51029421339673e-01 1.00130078575455e+05 
1.51190625361541e-01 1.00193016172520e+05 
1.51353179520290e-01 1.00272123830827e+05 
1.51514461868291e-01 1.00364390866089e+05 
1.51677094206062e-01 1.00470848982530e+05 
1.51838458201713e-01 1.00589926366662e+05 
1.52001172929315e-01 1.00722276099704e+05 
1.52174793621747e-01 1.00875903037718e+05 
1.52348136971509e-01 1.01040940301853e+05 
1.52521318607137e-01 1.01215992312523e+05 
1.52694116229042e-01 1.01398363720532e+05 
1.52867094711465e-01 1.01586130080080e+05 
1.53040040810257e-01 1.01777737952444e+05 
1.53213066470691e-01 1.01971008097778e+05 
1.53386027023958e-01 1.02163068464880e+05 
1.53559046692249e-01 1.02351645611613e+05 
1.53731984601787e-01 1.02533973412411e+05 
1.53905373556794e-01 1.02709760227573e+05 
1.54078536111989e-01 1.02875687285405e+05 
1.54251925456827e-01 1.03028165863585e+05 
1.54425276382671e-01 1.03163676935237e+05 
1.54598693060206e-01 1.03280569490977e+05 
1.54772013158208e-01 1.03379019844636e+05 
1.54945774416562e-01 1.03479195573735e+05 
1.55119558190302e-01 1.03546211969847e+05 
1.55293435500497e-01 1.03585512467423e+05 
1.55467227864315e-01 1.03601871862585e+05 
1.55641064494531e-01 1.03596455775146e+05 
1.55814787322312e-01 1.03571165355409e+05 
1.55988943531746e-01 1.03514958915651e+05 
1.56162836048205e-01 1.03450594019331e+05 
1.56336934247862e-01 1.03386666775054e+05 
1.56510952172795e-01 1.03321837902905e+05 
1.56685012224163e-01 1.03255783517063e+05 
1.56858929723747e-01 1.03187429173006e+05 
1.57033258916496e-01 1.03116621989327e+05 
1.57207557784840e-01 1.03042196098788e+05 
1.57381918012174e-01 1.02963425586276e+05 
1.57556131713625e-01 1.02880570510471e+05 
1.57730757328087e-01 1.02794184050019e+05 
1.57905342642172e-01 1.02705486875429e+05 
1.58079984902564e-01 1.02614383019376e+05 
1.58254468273527e-01 1.02521392770695e+05 
1.58429360397862e-01 1.02426730520827e+05 
1.58604199681642e-01 1.02331095148354e+05 
1.58779090516133e-01 1.02234872073449e+05 
1.58953808256599e-01 1.02138797741481e+05 
1.59128929736605e-01 1.02042957549097e+05 
1.59303713896887e-01 1.01948156854484e+05 
1.59478663425714e-01 1.01854519098909e+05 
1.59653447528625e-01 1.01762748107523e+05 
1.59828632430352e-01 1.01672954174376e+05 
1.60003724128440e-01 1.01585888085705e+05 
1.60178845180624e-01 1.01501359199558e+05 
1.60353750016385e-01 1.01421062776808e+05 
1.60529027363685e-01 1.01344722403577e+05 
1.60704190343693e-01 1.01273308017470e+05 
1.60879367471497e-01 1.01205269322384e+05 
1.61054311934321e-01 1.01145229497019e+05 
1.61229611006886e-01 1.01091417678837e+05 
1.61404771434772e-01 1.01044182621164e+05 
1.61580333374239e-01 1.00999512641857e+05 
1.61755775936527e-01 1.00962306607378e+05 
1.61931228967190e-01 1.00930216398144e+05 
1.62106433207879e-01 1.00902674672023e+05 
1.62281983252091e-01 1.00879667849432e+05 
1.62457376838521e-01 1.00860711003061e+05 
1.62633161471291e-01 1.00848171199350e+05 
1.62808808360619e-01 1.00838887190248e+05 
1.62984456063144e-01 1.00830767402129e+05 
1.63159837656114e-01 1.00823942608227e+05 
1.63335552377180e-01 1.00818194154947e+05 
1.63511092088049e-01 1.00813751658148e+05 
1.63679791505997e-01 1.00810531630269e+05 
1.63855558593402e-01 1.00808019076080e+05 
1.64024956079712e-01 1.00805966831264e+05 
1.64200950934004e-01 1.00804081037196e+05 
1.64372205886565e-01 1.00802103038109e+05 
1.64548435898928e-01 1.00799959397688e+05 
1.64722992296927e-01 1.00797496837180e+05 
1.64899086562463e-01 1.00794871736402e+05 
1.65075495026730e-01 1.00791607418279e+05 
1.65251720791097e-01 1.00786374911226e+05 
1.65428333813038e-01 1.00780232834676e+05 
1.65604790649357e-01 1.00769903711385e+05 
1.65781247331839e-01 1.00756123134083e+05 
1.65957421473452e-01 1.00738338204013e+05 
1.66133927802733e-01 1.00716721165381e+05 
1.66310244790523e-01 1.00694026407174e+05 
1.66486936894625e-01 1.00668913889470e+05 
1.66663453162422e-01 1.00641773102649e+05 
1.66840357607806e-01 1.00611798016040e+05 
1.67017089210027e-01 1.00578516026693e+05 
1.67194218561371e-01 1.00542591444109e+05 
1.67371176343126e-01 1.00504790934026e+05 
1.67548541107475e-01 1.00465260279178e+05 
1.67725741828491e-01 1.00424195444164e+05 
1.67902950054610e-01 1.00382160149745e+05 
1.68079866737287e-01 1.00339873256686e+05 
1.68257122259723e-01 1.00298299787603e+05 
1.68434182058749e-01 1.00257742872902e+05 
1.68611622945428e-01 1.00215610819152e+05 
1.68788884064010e-01 1.00177713620624e+05 
1.68966539681389e-01 1.00143867073841e+05 
1.69144019653774e-01 1.00111937428790e+05 
1.69321902689482e-01 1.00084408461822e+05 
1.69499612350160e-01 1.00060910966385e+05 
1.69677733229117e-01 1.00041858119103e+05 
1.69855688907625e-01 1.00023573002585e+05 
1.70033655711211e-01 1.00005083363157e+05 
1.70211330856715e-01 9.99864440496061e+04 
1.70389346305335e-01 9.99733550837816e+04 
1.70567166115356e-01 9.99763304150177e+04 
1.70745366766974e-01 1.00001676213115e+05 
1.70923387751491e-01 1.00053258500221e+05 
1.71101801194759e-01 1.00137475548478e+05 
1.71280038664243e-01 1.00252433916498e+05 
1.71458674274166e-01 1.00399482649564e+05 
1.71637135982967e-01 1.00571501752081e+05 
1.71816001192114e-01 1.00773133667165e+05 
1.71994694968835e-01 1.00999507175027e+05 
1.72173798113873e-01 1.01253700976831e+05 
1.72352732824963e-01 1.01533522378595e+05 
1.72532083076840e-01 1.01838491516504e+05 
1.72711273670094e-01 1.02164318905959e+05 
1.72890477429546e-01 1.02509487629789e+05 
1.73069394919030e-01 1.02871858232161e+05 
1.73248652875226e-01 1.03251595839062e+05 
1.73427718925473e-01 1.03642903976182e+05 
1.73607163259504e-01 1.04040078514798e+05 
1.73786427289393e-01 1.04436416278507e+05 
1.73966074402869e-01 1.04828428344913e+05 
1.74145541185800e-01 1.05214543543715e+05 
1.74325391425032e-01 1.05587975227833e+05 
1.74505058114725e-01 1.05944679223067e+05 
1.74685106315078e-01 1.06276806290085e+05 
1.74864967011202e-01 1.06585951871291e+05 
1.75045206160108e-01 1.06888918065064e+05 
1.75225253576763e-01 1.07149038479096e+05 
1.75405675541985e-01 1.07374844659882e+05 
1.75585900874101e-01 1.07569844606985e+05 
1.75751083396101e-01 1.07725418041650e+05 
1.75919328208887e-01 1.07864170637414e+05 
1.76084736003746e-01 1.07958970955052e+05 
1.76251618575398e-01 1.08051799959652e+05 
1.76417157216403e-01 1.08141651991546e+05 
1.76584151410799e-01 1.08222081931007e+05 
1.76749784026684e-01 1.08298157106001e+05 
1.76916860637878e-01 1.08371299552071e+05 
1.77082567188956e-01 1.08436665377945e+05 
1.77249710186586e-01 1.08495168352441e+05 
1.77415479633039e-01 1.08542978751102e+05 
1.77582679895123e-01 1.08578616078113e+05 
1.77748505951543e-01 1.08603035692847e+05 
1.77915757956058e-01 1.08617630458232e+05 
1.78081636745851e-01 1.08621914346538e+05 
1.78248936779372e-01 1.08616341945965e+05 
1.78414865696149e-01 1.08601307926371e+05 
1.78582211027506e-01 1.08576562773612e+05 
1.78748188172917e-01 1.08542821295559e+05 
1.78915576658803e-01 1.08499866463183e+05 
1.79081600607383e-01 1.08448814797608e+05 
1.79249030459383e-01 1.08388979447977e+05 
1.79415099998444e-01 1.08321841079916e+05 
1.79582569588050e-01 1.08246587291566e+05 
1.79748683606152e-01 1.08164970073209e+05 
1.79916191460875e-01 1.08076011675033e+05 
1.80082349022676e-01 1.07981728696795e+05 
1.80249894015243e-01 1.07880994321572e+05 
1.80416094590977e-01 1.07776001805510e+05 
1.80583676012111e-01 1.07665476142829e+05 
1.80749919291948e-01 1.07551744176920e+05 
1.80917536806340e-01 1.07433344255792e+05 
1.81083822874535e-01 1.07312688703652e+05 
1.81251476782457e-01 1.07188232386127e+05 
1.81417806364905e-01 1.07062421791846e+05 
1.81585497861710e-01 1.06933596521813e+05 
1.81751872498677e-01 1.06804227480045e+05 
1.81919603832574e-01 1.06672556106764e+05 
1.82086025990313e-01 1.06541045319829e+05 
1.82253800603616e-01 1.06407872620608e+05 
1.82420273757659e-01 1.06275458756289e+05 
1.82588096399605e-01 1.06141992328850e+05 
1.82754625128281e-01 1.06009788300844e+05 
1.82922502039536e-01 1.05876977556993e+05 
1.83089092227545e-01 1.05745902922634e+05 
1.83257031442732e-01 1.05614634851285e+05 
1.83436379105244e-01 1.05475439921127e+05 
1.83615469221722e-01 1.05337977789157e+05 
1.83794542300367e-01 1.05201441665137e+05 
1.83973366685553e-01 1.05067254201567e+05 
1.84152164462850e-01 1.04934251359859e+05 
1.84330732020453e-01 1.04803399554585e+05 
1.84509269484077e-01 1.04673869412608e+05 
1.84687626144594e-01 1.04546328294700e+05 
1.84865984736574e-01 1.04420100418164e+05 
1.85044147368522e-01 1.04295724977152e+05 
1.85222268429949e-01 1.04172861290256e+05 
1.85400217433332e-01 1.04051675069262e+05 
1.85578124363739e-01 1.03932127660675e+05 
1.85755879002957e-01 1.03814099576075e+05 
1.85933620864676e-01 1.03697525267491e+05 
1.86111231270162e-01 1.03582301786935e+05 
1.86288796185867e-01 1.03468469432278e+05 
1.86466259231193e-01 1.03355774314903e+05 
1.86643685607529e-01 1.03244353550883e+05 
1.86820997750350e-01 1.03134030629958e+05 
1.86998271967086e-01 1.03025133662437e+05 
1.87175461482359e-01 1.02917168511606e+05 
1.87352622172122e-01 1.02810064641116e+05 
1.87529751213074e-01 1.02703794758254e+05 
1.87706856718304e-01 1.02598064015247e+05 
1.87883946950737e-01 1.02493341362872e+05 
1.88061017349250e-01 1.02389663595567e+05 
1.88238091301232e-01 1.02287038840323e+05 
1.88415154776634e-01 1.02185311702515e+05 
1.88592240434505e-01 1.02084432694546e+05 
1.88769358639884e-01 1.01984875349824e+05 
1.88946508304425e-01 1.01885977816336e+05 
1.89123698128954e-01 1.01787697071397e+05 
1.89300923441519e-01 1.01689915097066e+05 
1.89478162471423e-01 1.01592723731994e+05 
1.89655449291533e-01 1.01496554065390e+05 
1.89832792256724e-01 1.01403096225802e+05 
1.90010195241524e-01 1.01312615142621e+05 
1.90177456574223e-01 1.01231045340638e+05 
1.90347909813527e-01 1.01151934777848e+05 
1.90515510251121e-01 1.01078700356218e+05 
1.90687055488638e-01 1.01009268950756e+05 
1.90854855508974e-01 1.00946548865125e+05 
1.91026406704618e-01 1.00887530782199e+05 
1.91194376271113e-01 1.00833906333850e+05 
1.91366138328787e-01 1.00783309356301e+05 
1.91534258752593e-01 1.00738681803358e+05 
1.91706175539083e-01 1.00697449143641e+05 
1.91874439090601e-01 1.00662383932859e+05 
1.92046494364884e-01 1.00631882486853e+05 
1.92214898070549e-01 1.00607040922457e+05 
1.92387083485811e-01 1.00586798353371e+05 
1.92555626643763e-01 1.00572111007244e+05 
1.92727938848089e-01 1.00562282457223e+05 
1.92896621802601e-01 1.00557804478960e+05 
1.93069060199354e-01 1.00558270774299e+05 
1.93237883796078e-01 1.00563589055903e+05 
1.93410449598227e-01 1.00573780548818e+05 
1.93579415041185e-01 1.00588226526129e+05 
1.93752106805639e-01 1.00607257342503e+05 
1.93921215796418e-01 1.00629768774648e+05 
1.94094029830519e-01 1.00656339184990e+05 
1.94263284322401e-01 1.00685443583094e+05 
1.94436218259574e-01 1.00717844838415e+05 
1.94605620492126e-01 1.00751676537742e+05 
1.94778674160866e-01 1.00787817758943e+05 
1.94948226579003e-01 1.00824188473609e+05 
1.95121401669300e-01 1.00861728454496e+05 
1.95291106847056e-01 1.00898276881793e+05 
1.95464406327343e-01 1.00934751065654e+05 
1.95634266885502e-01 1.00969066836098e+05 
1.95807694591693e-01 1.01002087779493e+05 
1.95977713125392e-01 1.01031950544842e+05 
1.96151273660165e-01 1.01059321740124e+05 
1.96321452688377e-01 1.01082637076700e+05 
1.96495151646311e-01 1.01102442486658e+05 
1.96665493892429e-01 1.01117614340827e+05 
1.96839337590816e-01 1.01128447683712e+05 
1.97019013418143e-01 1.01134444864561e+05 
1.97202251483556e-01 1.01134723223533e+05 
1.97385606746293e-01 1.01129139520820e+05 
1.97568853112005e-01 1.01117647175544e+05 
1.97752224541826e-01 1.01099784962286e+05 
1.97935486260541e-01 1.01075744891069e+05 
1.98118874237425e-01 1.01045856414158e+05 
1.98302153491740e-01 1.01010492681849e+05 
1.98485555806580e-01 1.00970676055699e+05 
1.98668870379237e-01 1.00926657999578e+05 
1.98852300333194e-01 1.00876732086902e+05 
1.99035672388019e-01 1.00820539437098e+05 
1.99219146104553e-01 1.00764412870657e+05 
1.99402593070674e-01 1.00698679356709e+05 
1.99586131245746e-01 1.00625269187469e+05 
1.99769663972431e-01 1.00547502620706e+05 
1.99953278378926e-01 1.00466504173230e+05 
2.00136898226390e-01 1.00384243257839e+05 
