# Liste des scalaires : TEMPS pmat 
0.00000000000000e+00 1.00000000000000e+05 
7.22956891292051e-05 1.00000000000000e+05 
1.36027416499052e-04 1.00000000000000e+05 
1.97651274822253e-04 1.00000000000000e+05 
2.48442149402502e-04 1.00000000000000e+05 
2.94029664698804e-04 1.00000000000000e+05 
3.33884279503931e-04 1.00000000000000e+05 
3.70509265657976e-04 1.00000000000000e+05 
4.03719470199150e-04 1.00000000000000e+05 
4.34681507136054e-04 1.00000000000000e+05 
4.64277523565547e-04 1.00000000000000e+05 
4.96833141637988e-04 1.00000000000000e+05 
5.32644321517674e-04 1.00000000000000e+05 
5.72036619385329e-04 1.00000000000000e+05 
6.15368147039749e-04 1.00000000000000e+05 
6.62897506064780e-04 1.00000000000000e+05 
7.09341932519707e-04 1.00000000000000e+05 
7.54758931819875e-04 1.00000000000000e+05 
8.04717631050060e-04 1.00000000000000e+05 
8.59672200203264e-04 1.00000000000000e+05 
9.20122226271788e-04 1.00000000000000e+05 
9.84474351726036e-04 1.00000000000000e+05 
1.04760557543545e-03 1.00000000000000e+05 
1.11704992151581e-03 1.00000000000000e+05 
1.19343870220420e-03 1.00000000000000e+05 
1.27595478015934e-03 1.00000000000000e+05 
1.36141506265919e-03 1.00000000000000e+05 
1.44732397491099e-03 1.00000000000000e+05 
1.54182377838797e-03 1.00000000000000e+05 
1.64577356221265e-03 1.00000000000000e+05 
1.75458843625644e-03 1.00000000000000e+05 
1.86649590003092e-03 1.00000000000000e+05 
1.98553502872898e-03 1.00000000000000e+05 
2.11303025362818e-03 1.00000000000000e+05 
2.24449397619557e-03 1.00000000000000e+05 
2.38215351210126e-03 1.00000000000000e+05 
2.52388042068907e-03 1.00000000000000e+05 
2.67095862886691e-03 1.00000000000000e+05 
2.82327391686081e-03 1.00000000000000e+05 
2.98018672915785e-03 1.00000000000000e+05 
3.14242205471934e-03 1.00000000000000e+05 
3.30800195500291e-03 1.00000000000000e+05 
3.47881700750962e-03 1.00000000000000e+05 
3.65507998401930e-03 1.00000000000000e+05 
3.83592045789361e-03 1.00000000000000e+05 
4.02214989600666e-03 1.00000000000000e+05 
4.21480140825554e-03 1.00000000000000e+05 
4.41377317493730e-03 1.00000000000000e+05 
4.62049723545218e-03 1.00000000000000e+05 
4.83304169316497e-03 1.00000000000000e+05 
5.04895137088713e-03 1.00000000000000e+05 
5.26562193450209e-03 1.00000000000000e+05 
5.48294037133287e-03 1.00000000000000e+05 
5.70242223213788e-03 1.00000000000000e+05 
5.92351717758279e-03 1.00000000000000e+05 
6.14649424029891e-03 1.00000000000000e+05 
6.37082499196495e-03 1.00000000000000e+05 
6.59641543541000e-03 1.00000000000000e+05 
6.82347357112377e-03 1.00000000000000e+05 
7.05079640401220e-03 1.00000000000000e+05 
7.27588330137480e-03 1.00000000000000e+05 
7.50153127839547e-03 1.00000000000000e+05 
7.72542646316582e-03 1.00000000000000e+05 
7.94701439570821e-03 1.00000000000000e+05 
8.16679828259019e-03 1.00000000000000e+05 
8.38369439240821e-03 1.00000000000000e+05 
8.59968242956329e-03 1.00000000000000e+05 
8.81441706356428e-03 1.00000000000000e+05 
9.02750694367384e-03 1.00000000000000e+05 
9.23873779301499e-03 1.00000000000000e+05 
9.44843181668489e-03 1.00000000000000e+05 
9.65756947566715e-03 1.00000000000000e+05 
9.86612846509015e-03 1.00000000000000e+05 
1.00745786295070e-02 1.00000000000000e+05 
1.02838932767565e-02 1.00000000000000e+05 
1.04939672291116e-02 1.00000000000000e+05 
1.07069056111283e-02 1.00000000000000e+05 
1.09251472058144e-02 1.00000000000000e+05 
1.11447752998334e-02 1.00000000000000e+05 
1.13683081842533e-02 1.00000000000000e+05 
1.15920422750467e-02 1.00000000000000e+05 
1.18189252530120e-02 1.00000000000000e+05 
1.20500105322023e-02 1.00000000000000e+05 
1.22856915768191e-02 1.00000000000000e+05 
1.25226774396387e-02 1.00000000000000e+05 
1.27651731566319e-02 1.00000000000000e+05 
1.30145344941567e-02 1.00000000000000e+05 
1.32656629411688e-02 1.00000000000000e+05 
1.35185620303138e-02 1.00000000000000e+05 
1.37808416948377e-02 1.00000000000000e+05 
1.40422719748801e-02 1.00000000000000e+05 
1.43043788799084e-02 1.00000000000000e+05 
1.45683422725788e-02 1.00000000000000e+05 
1.48308320773444e-02 1.00000000000000e+05 
1.50926525918924e-02 1.00000000000000e+05 
1.53537371160469e-02 1.00000000000000e+05 
1.56142714514169e-02 1.00000000000000e+05 
1.58743247125250e-02 1.00000000000000e+05 
1.61346629222251e-02 1.00000000000000e+05 
1.63953890782142e-02 1.00000000000000e+05 
1.66569234619070e-02 1.00000000000000e+05 
1.69192665939698e-02 1.00000000000000e+05 
1.71827425126150e-02 1.00000000000000e+05 
1.74471028385211e-02 1.00000000000000e+05 
1.77126923513054e-02 1.00000000000000e+05 
1.79781891131847e-02 1.00000000000000e+05 
1.82445277924017e-02 1.00000000000000e+05 
1.85109084559813e-02 1.00000000000000e+05 
1.87785774362942e-02 1.00000000000000e+05 
1.90464759703132e-02 1.00000000000000e+05 
1.93159894435252e-02 1.00000000000000e+05 
1.95858695858028e-02 1.00000000000000e+05 
1.98565654283636e-02 1.00000000000000e+05 
2.01277103540821e-02 1.00000000000000e+05 
2.03998179479767e-02 1.00000000000000e+05 
2.06723058309980e-02 1.00000000000000e+05 
2.09457648734105e-02 1.00000000000000e+05 
2.12196078101889e-02 1.00000000000000e+05 
2.14944939965519e-02 1.00000000000000e+05 
2.17698221766458e-02 1.00000000000000e+05 
2.20462440752672e-02 1.00000000000000e+05 
2.23231540439575e-02 1.00000000000000e+05 
2.26011890568043e-02 1.00000000000000e+05 
2.28797068565879e-02 1.00000000000000e+05 
2.31593436858696e-02 1.00000000000000e+05 
2.34394426817697e-02 1.00000000000000e+05 
2.37201852633507e-02 1.00000000000000e+05 
2.40010601505065e-02 1.00000000000000e+05 
2.42825010104497e-02 1.00000000000000e+05 
2.45641429829980e-02 1.00000000000000e+05 
2.48465351573193e-02 1.00000000000000e+05 
2.51292390817158e-02 1.00000000000000e+05 
2.54126792775643e-02 1.00000000000000e+05 
2.56966870365555e-02 1.00000000000000e+05 
2.59808968930783e-02 1.00000000000000e+05 
2.62661603287079e-02 1.00000000000000e+05 
2.65513583266147e-02 1.00000000000000e+05 
2.68370798561818e-02 1.00000000000000e+05 
2.71226659553192e-02 1.00000000000000e+05 
2.74093040221296e-02 1.00000000000000e+05 
2.76963254865759e-02 1.00000000000000e+05 
2.79843341768968e-02 1.00000000000000e+05 
2.82726683955146e-02 1.00000000000000e+05 
2.85619190677366e-02 1.00000000000000e+05 
2.88514902645709e-02 1.00000000000000e+05 
2.91420956021973e-02 1.00000000000000e+05 
2.94330884338744e-02 1.00000000000000e+05 
2.97252381485989e-02 1.00000000000000e+05 
3.00178247385405e-02 1.00000000000000e+05 
3.03117030466007e-02 1.00000000000000e+05 
3.06060899357728e-02 1.00000000000000e+05 
3.09019204905061e-02 1.00000000000000e+05 
3.11983506439745e-02 1.00000000000000e+05 
3.14962985437571e-02 1.00000000000000e+05 
3.17949437178594e-02 1.00000000000000e+05 
3.20944874794065e-02 1.00000000000000e+05 
3.23946861194816e-02 1.00000000000000e+05 
3.26948715526651e-02 1.00000000000000e+05 
3.29951230612157e-02 1.00000000000000e+05 
3.32951733850171e-02 1.00000000000000e+05 
3.35949048574424e-02 1.00000000000000e+05 
3.38883723236208e-02 1.00000000000000e+05 
3.41684457259427e-02 1.00000000000000e+05 
3.44570497873344e-02 1.00000000000000e+05 
3.47311205510735e-02 1.00000000000000e+05 
3.50112980130565e-02 1.00000000000000e+05 
3.52821277165832e-02 1.00000000000000e+05 
3.55545598486907e-02 1.00000000000000e+05 
3.58309945577918e-02 1.00000000000000e+05 
3.61081981896072e-02 1.00000000000000e+05 
3.63808162314452e-02 1.00000000000000e+05 
3.66444632372609e-02 1.00000000000000e+05 
3.69030634311658e-02 1.00000000000000e+05 
3.71594126155518e-02 1.00000000000000e+05 
3.74161567085426e-02 1.00000000000000e+05 
3.76707810411581e-02 1.00000000000000e+05 
3.79248729079304e-02 1.00000000000000e+05 
3.81785141273892e-02 1.00000000000000e+05 
3.84324322270375e-02 1.00000000000000e+05 
3.86866182135549e-02 1.00000000000000e+05 
3.89402564674884e-02 1.00000000000000e+05 
3.91935867933933e-02 1.00000000000000e+05 
3.94467876993788e-02 1.00000000000000e+05 
3.97003072406479e-02 1.00000000000000e+05 
3.99542219747982e-02 1.00000000000000e+05 
4.02081840636294e-02 1.00000000000000e+05 
4.04620139782239e-02 1.00000000000000e+05 
4.07163548621631e-02 1.00000000000000e+05 
4.09710153918035e-02 1.00000000000000e+05 
4.12263496297359e-02 1.00000000000000e+05 
4.14817485708831e-02 1.00000000000000e+05 
4.17377834224099e-02 1.00000000000000e+05 
4.19941054161235e-02 1.00000000000000e+05 
4.22512956478931e-02 1.00000000000000e+05 
4.25089330638752e-02 1.00000000000000e+05 
4.27674573283787e-02 1.00000000000000e+05 
4.30262158347718e-02 1.00000000000000e+05 
4.32856341714280e-02 1.00000000000000e+05 
4.35454394377322e-02 1.00000000000000e+05 
4.38060896145253e-02 1.00000000000000e+05 
4.40673174866658e-02 1.00000000000000e+05 
4.43291096093691e-02 1.00000000000000e+05 
4.45915035517457e-02 1.00000000000000e+05 
4.48546674978665e-02 1.00000000000000e+05 
4.51185887519960e-02 1.00000000000000e+05 
4.53833052431175e-02 1.00000000000000e+05 
4.56488356183586e-02 1.00000000000000e+05 
4.59149435214500e-02 1.00000000000000e+05 
4.61818200379746e-02 1.00000000000000e+05 
4.64493143193896e-02 1.00000000000000e+05 
4.67178542662980e-02 1.00000000000000e+05 
4.69860359331531e-02 1.00000000000000e+05 
4.72539939085711e-02 1.00000000000000e+05 
4.75056767748335e-02 1.00000000000000e+05 
4.77530462222846e-02 1.00000000000000e+05 
4.79933984633513e-02 1.00000000000000e+05 
4.82467812227749e-02 1.00000000000000e+05 
4.84967895416835e-02 1.00000000000000e+05 
4.87467088188246e-02 1.00000000000000e+05 
4.89950554639172e-02 1.00000000000000e+05 
4.92419966419516e-02 1.00000000000000e+05 
4.94885910242341e-02 1.00000000000000e+05 
4.97330852318282e-02 1.00000000000000e+05 
4.99760138543702e-02 1.00000000000000e+05 
5.02187586349126e-02 1.00000000000000e+05 
5.04614981132195e-02 1.00000000000000e+05 
5.07045558318439e-02 1.00000000000000e+05 
5.09480488289358e-02 1.00000000000000e+05 
5.11925847191632e-02 1.00000000000000e+05 
5.14380133229803e-02 1.00000000000000e+05 
5.16847395201900e-02 1.00000000000000e+05 
5.19324850319622e-02 1.00000000000000e+05 
5.21813059578303e-02 1.00000000000000e+05 
5.24312058583383e-02 1.00000000000000e+05 
5.26820265572387e-02 1.00000000000000e+05 
5.29337987509598e-02 1.00000000000000e+05 
5.31860091370527e-02 1.00000000000000e+05 
5.34386806399442e-02 1.00000000000000e+05 
5.36921496600141e-02 1.00000000000000e+05 
5.39463387159441e-02 1.00000000000000e+05 
5.42016669694666e-02 1.00000000000000e+05 
5.44580229653011e-02 1.00000000000000e+05 
5.47156842502340e-02 1.00000000000000e+05 
5.49744856439023e-02 1.00000000000000e+05 
5.52344224402010e-02 1.00000000000000e+05 
5.54952379637570e-02 1.00000000000000e+05 
5.57571003573389e-02 1.00000000000000e+05 
5.60198254947654e-02 1.00000000000000e+05 
5.62836650401607e-02 1.00000000000000e+05 
5.65467024781605e-02 1.00000000000000e+05 
5.68098408534358e-02 1.00000000000000e+05 
5.70723795499155e-02 1.00000000000000e+05 
5.73362302024515e-02 1.00000000000000e+05 
5.75997064037897e-02 1.00000000000000e+05 
5.78641814801234e-02 1.00000000000000e+05 
5.81291471866079e-02 1.00000000000000e+05 
5.83949672734998e-02 1.00000000000000e+05 
5.86605987427169e-02 1.00000000000000e+05 
5.89274703981232e-02 1.00000000000000e+05 
5.91951649903622e-02 1.00000000000000e+05 
5.94639151359622e-02 1.00000000000000e+05 
5.97344186614023e-02 1.00000000000000e+05 
6.00060916387876e-02 1.00000000000000e+05 
6.02787754342980e-02 1.00000000000000e+05 
6.05532176919666e-02 1.00000000000000e+05 
6.08291374890242e-02 1.00000000000000e+05 
6.11069071110813e-02 1.00000000000000e+05 
6.13857875764288e-02 1.00000000000000e+05 
6.16663186114931e-02 1.00000000000000e+05 
6.19474827495715e-02 1.00000000000000e+05 
6.22294505931761e-02 1.00000000000000e+05 
6.25123551812032e-02 1.00000000000000e+05 
6.27958903724380e-02 1.00000000000000e+05 
6.30799338102580e-02 1.00000000000000e+05 
6.33645607307044e-02 1.00000000000000e+05 
6.36502714155780e-02 1.00000000000000e+05 
6.39364424518176e-02 1.00000000000000e+05 
6.42247706406430e-02 1.00000000000000e+05 
6.45136092234802e-02 1.00000000000000e+05 
6.48037273933834e-02 1.00000000000000e+05 
6.50941336004894e-02 1.00000000000000e+05 
6.53857173968714e-02 1.00000000000000e+05 
6.56783523351189e-02 1.00000000000000e+05 
6.59728104504615e-02 1.00000000000000e+05 
6.62679159192505e-02 1.00000000000000e+05 
6.65652007031441e-02 1.00000000000000e+05 
6.68627048943752e-02 1.00000000000000e+05 
6.71625547029502e-02 1.00000000000000e+05 
6.74628321622224e-02 1.00000000000000e+05 
6.77646396993112e-02 1.00000000000000e+05 
6.80669947255045e-02 1.00000000000000e+05 
6.83710583731911e-02 1.00000000000000e+05 
6.86758716728119e-02 1.00000000000000e+05 
6.89823284225243e-02 1.00000000000000e+05 
6.92894403886213e-02 1.00000000000000e+05 
6.95979043877885e-02 1.00000000000000e+05 
6.99068641810913e-02 1.00000000000000e+05 
7.02174967208422e-02 1.00000000000000e+05 
7.05287826817736e-02 1.00000000000000e+05 
7.08417424237087e-02 1.00000000000000e+05 
7.11551437744469e-02 1.00000000000000e+05 
7.14701506253438e-02 1.00000000000000e+05 
7.17854507118487e-02 1.00000000000000e+05 
7.21021812891244e-02 1.00000000000000e+05 
7.24198199644502e-02 1.00000000000000e+05 
7.27379609483504e-02 1.00000000000000e+05 
7.30551387653351e-02 1.00000000000000e+05 
7.33730465603229e-02 1.00000000000000e+05 
7.36902173289429e-02 1.00000000000000e+05 
7.40080638336451e-02 1.00000000000000e+05 
7.43250689479352e-02 1.00000000000000e+05 
7.46427095959752e-02 1.00000000000000e+05 
7.49593917511139e-02 1.00000000000000e+05 
7.52765524778628e-02 1.00000000000000e+05 
7.55925629114221e-02 1.00000000000000e+05 
7.59088916905480e-02 1.00000000000011e+05 
7.62240471856037e-02 1.00000000000128e+05 
7.65393806909543e-02 1.00000000001552e+05 
7.68535492693903e-02 1.00000000003648e+05 
7.71676478675224e-02 1.00000000006624e+05 
7.74805932612194e-02 1.00000000010487e+05 
7.77934282332118e-02 1.00000000026614e+05 
7.81050869436584e-02 1.00000000044961e+05 
7.84165749759591e-02 1.00000000069071e+05 
7.87267247808087e-02 1.00000000095567e+05 
7.90366842554544e-02 1.00000000126566e+05 
7.93476816615751e-02 1.00000000159474e+05 
7.96720813500205e-02 1.00000000186382e+05 
7.99976252124696e-02 1.00000000229948e+05 
8.03250411093233e-02 1.00000000270908e+05 
8.06531631298080e-02 1.00000000321243e+05 
8.09827485031337e-02 1.00000000367621e+05 
8.13121153317348e-02 1.00000000424693e+05 
8.16400313009870e-02 1.00000000473446e+05 
8.19686470812353e-02 1.00000000526592e+05 
8.22969993600478e-02 1.00000000581351e+05 
8.26251301362579e-02 1.00000000638591e+05 
8.29529122103939e-02 1.00000000622168e+05 
8.32802510288423e-02 1.00000000614444e+05 
8.36075262711814e-02 1.00000000619252e+05 
8.39347094607120e-02 1.00000000635066e+05 
8.42622168226798e-02 1.00000000667072e+05 
8.45899949332572e-02 1.00000000715311e+05 
8.49180010468165e-02 1.00000000776383e+05 
8.52466408743639e-02 1.00000000850523e+05 
8.55755214605926e-02 1.00000000920200e+05 
8.59049776843983e-02 1.00000001014354e+05 
8.62343730502867e-02 1.00000001122955e+05 
8.65627038169381e-02 1.00000001228191e+05 
8.68911140640495e-02 1.00000001296179e+05 
8.72187727003431e-02 1.00000001340405e+05 
8.75465849308940e-02 1.00000001338811e+05 
8.78739247154743e-02 1.00000001338687e+05 
8.82014196883664e-02 1.00000001335223e+05 
8.85286148664653e-02 1.00000001370274e+05 
8.88559422445674e-02 1.00000001600770e+05 
8.91830691835392e-02 1.00000004115921e+05 
8.95101865410280e-02 1.00000010427120e+05 
8.98363573409623e-02 1.00000021603251e+05 
9.01631832442786e-02 1.00000036964626e+05 
9.04881716587086e-02 1.00000055277496e+05 
9.08137668654740e-02 1.00000075516805e+05 
9.11374917450464e-02 1.00000094552474e+05 
9.14617484767833e-02 1.00000112365192e+05 
9.17840963556346e-02 1.00000127618589e+05 
9.21069421357366e-02 1.00000137330288e+05 
9.24277368656646e-02 1.00000148247105e+05 
9.27489767974698e-02 1.00000159397593e+05 
9.30680472837065e-02 1.00000177517104e+05 
9.33875303472668e-02 1.00000191554566e+05 
9.37048566050863e-02 1.00008923255582e+05 
9.40226402622888e-02 1.00162561178452e+05 
9.43383842584857e-02 1.00630642693421e+05 
9.46546427475248e-02 1.01533035557831e+05 
9.49689812835920e-02 1.02983699131418e+05 
9.52838818100255e-02 1.04932534016947e+05 
9.55970007542619e-02 1.07336764110001e+05 
9.59107164272916e-02 1.10260488167092e+05 
9.62228301788542e-02 1.13627339590629e+05 
9.65356256207134e-02 1.17312355407341e+05 
9.68469870998000e-02 1.21247239754470e+05 
9.71590678847443e-02 1.25242958739166e+05 
9.74698343421566e-02 1.28990878740728e+05 
9.77913753445542e-02 1.32544145957883e+05 
9.81143648330632e-02 1.35073929620032e+05 
9.84370891855934e-02 1.36623728081595e+05 
9.87600603199352e-02 1.37061542890773e+05 
9.90828251590949e-02 1.37289700007747e+05 
9.94057952059294e-02 1.37301409919183e+05 
9.97285847823291e-02 1.37019803253467e+05 
1.00051558245548e-01 1.36552664824748e+05 
1.00374066200212e-01 1.35949275834456e+05 
1.00696033213540e-01 1.35297140553723e+05 
1.01017135778820e-01 1.34653709478189e+05 
1.01339462025436e-01 1.34060056146202e+05 
1.01661339698771e-01 1.33523310666263e+05 
1.01983277992700e-01 1.33050803537745e+05 
1.02304832435931e-01 1.32631199938237e+05 
1.02626073183038e-01 1.32256880241804e+05 
1.02946318196595e-01 1.31914083766844e+05 
1.03266034013001e-01 1.31590716128132e+05 
1.03584750133350e-01 1.31270934616229e+05 
1.03903063523842e-01 1.30951532888761e+05 
1.04220415799860e-01 1.30622354928044e+05 
1.04537490165238e-01 1.30288895900133e+05 
1.04853678219213e-01 1.29946036491049e+05 
1.05169636554035e-01 1.29595809745039e+05 
1.05483417891392e-01 1.29243107601360e+05 
1.05796658300984e-01 1.28886907239033e+05 
1.06107381160787e-01 1.28533194902702e+05 
1.06417791327506e-01 1.28177006658378e+05 
1.06725327405824e-01 1.27823546993033e+05 
1.07032347055728e-01 1.27470129874313e+05 
1.07337078091367e-01 1.27119796940597e+05 
1.07642551584053e-01 1.26769639400019e+05 
1.07946716213070e-01 1.26421425762439e+05 
1.08250649240891e-01 1.26075746299849e+05 
1.08553114567511e-01 1.25733498798661e+05 
1.08855781866627e-01 1.25393394358225e+05 
1.09158015685502e-01 1.25055191856399e+05 
1.09461221524103e-01 1.24717806659750e+05 
1.09764781963006e-01 1.24380767573600e+05 
1.10069142740795e-01 1.24044374249608e+05 
1.10373892722202e-01 1.23708081410329e+05 
1.10679611715244e-01 1.23371905709796e+05 
1.10986532193988e-01 1.23034876696837e+05 
1.11294728550128e-01 1.22697651107955e+05 
1.11604550066300e-01 1.22359292769713e+05 
1.11914758535455e-01 1.22021854245361e+05 
1.12225013594269e-01 1.21685247677312e+05 
1.12535318098920e-01 1.21350042233920e+05 
1.12845869992803e-01 1.21015560063444e+05 
1.13156611920182e-01 1.20682314037381e+05 
1.13467735478783e-01 1.20349590537760e+05 
1.13779147329697e-01 1.20017861334846e+05 
1.14091046729349e-01 1.19686377405216e+05 
1.14403331738275e-01 1.19355586814457e+05 
1.14716197541571e-01 1.19024846649864e+05 
1.15029531774218e-01 1.18694604575884e+05 
1.15343528197225e-01 1.18364362884916e+05 
1.15658055038612e-01 1.18034622491124e+05 
1.15973305958772e-01 1.17705009379737e+05 
1.16289130251050e-01 1.17376090376475e+05 
1.16605211079169e-01 1.17048108753595e+05 
1.16921000917089e-01 1.16722050525032e+05 
1.17237017713908e-01 1.16397326096860e+05 
1.17552309587376e-01 1.16075294910941e+05 
1.17867346486934e-01 1.15755401490703e+05 
1.18182099588460e-01 1.15437987177502e+05 
1.18496769084966e-01 1.15122738046517e+05 
1.18815646701608e-01 1.14805633908777e+05 
1.19135090888835e-01 1.14490164827206e+05 
1.19454776606671e-01 1.14176880567155e+05 
1.19774951920389e-01 1.13865339676292e+05 
1.20095268437859e-01 1.13556056248102e+05 
1.20416295664700e-01 1.13248288662743e+05 
1.20737593348756e-01 1.12942623223232e+05 
1.21059400459259e-01 1.12638669220856e+05 
1.21381763766504e-01 1.12336561553193e+05 
1.21704598172155e-01 1.12036294330683e+05 
1.22028093309301e-01 1.11737843458265e+05 
1.22352207214437e-01 1.11441294444728e+05 
1.22677063362529e-01 1.11146787254511e+05 
1.23002557474873e-01 1.10854249839569e+05 
1.23328630380235e-01 1.10564088548103e+05 
1.23655434254872e-01 1.10275969145903e+05 
1.23982615614689e-01 1.09990488313192e+05 
1.24310601030328e-01 1.09707159754728e+05 
1.24639116862024e-01 1.09426394533557e+05 
1.24968437788886e-01 1.09147846001309e+05 
1.25298379634232e-01 1.08871804201975e+05 
1.25629035776031e-01 1.08597995494975e+05 
1.25960328481812e-01 1.08326592071653e+05 
1.26292268161310e-01 1.08057338869222e+05 
1.26624889175993e-01 1.07790322900332e+05 
1.26958116288704e-01 1.07525295743717e+05 
1.27291449871169e-01 1.07262775868496e+05 
1.27624524401317e-01 1.07002707343932e+05 
1.27957339514853e-01 1.06745213201532e+05 
1.28289900196548e-01 1.06490051548448e+05 
1.28622227908508e-01 1.06237452978088e+05 
1.28954312965215e-01 1.05987282992773e+05 
1.29286155732920e-01 1.05740073333361e+05 
1.29617788328446e-01 1.05496051062498e+05 
1.29949179286126e-01 1.05255442237460e+05 
1.30280359548872e-01 1.05019460335485e+05 
1.30611321126092e-01 1.04789384792751e+05 
1.30941866625374e-01 1.04567176314315e+05 
1.31272481978824e-01 1.04350472294520e+05 
1.31602397029304e-01 1.04143952785597e+05 
1.31932508016066e-01 1.03950041089438e+05 
1.32261928189435e-01 1.03766778744191e+05 
1.32591606966581e-01 1.03594650772286e+05 
1.32920731552127e-01 1.03426890935979e+05 
1.33250183248050e-01 1.03278545582445e+05 
1.33579215411126e-01 1.03175895386941e+05 
1.33908639545299e-01 1.03136738559131e+05 
1.34237723475692e-01 1.03169693264610e+05 
1.34567227710475e-01 1.03270477074859e+05 
1.34896437723463e-01 1.03438295810474e+05 
1.35226064723726e-01 1.03666911966663e+05 
1.35555429480303e-01 1.03946672701087e+05 
1.35885186261785e-01 1.04266634736139e+05 
1.36214693360445e-01 1.04610760853279e+05 
1.36544550930591e-01 1.04963776765247e+05 
1.36874152361773e-01 1.05302687120438e+05 
1.37204067785414e-01 1.05610387161829e+05 
1.37533703920931e-01 1.05864859143421e+05 
1.37863610235554e-01 1.06053452879419e+05 
1.38193212584127e-01 1.06167255463448e+05 
1.38523043112780e-01 1.06185012387425e+05 
1.38852571425849e-01 1.06132070379021e+05 
1.39182275180674e-01 1.06021885198164e+05 
1.39511652351889e-01 1.05930052616401e+05 
1.39841173893855e-01 1.05854984342347e+05 
1.40170310240602e-01 1.05786345188219e+05 
1.40499607111516e-01 1.05739661305887e+05 
1.40828476976913e-01 1.05727914814891e+05 
1.41157528156228e-01 1.05753537126195e+05 
1.41486116008980e-01 1.05848763284960e+05 
1.41814915927742e-01 1.06063602601833e+05 
1.42143055440930e-01 1.06388009575266e+05 
1.42471544888405e-01 1.06816056101711e+05 
1.42799336208139e-01 1.07338916610911e+05 
1.43127505965624e-01 1.07929101398659e+05 
1.43454960812197e-01 1.08545592531308e+05 
1.43782843822332e-01 1.09159098789336e+05 
1.44109930578098e-01 1.09678244255284e+05 
1.44437514381371e-01 1.10098738504892e+05 
1.44764168204167e-01 1.10333561467276e+05 
1.45091428502951e-01 1.10436188461338e+05 
1.45417621610319e-01 1.10387856562948e+05 
1.45744378536348e-01 1.10254504536554e+05 
1.46069681713875e-01 1.10094918905245e+05 
1.46394669679872e-01 1.09871258907427e+05 
1.46717432275880e-01 1.09595226658747e+05 
1.47039524738947e-01 1.09282754340263e+05 
1.47359068376696e-01 1.08976642512479e+05 
1.47677650091113e-01 1.08700620999293e+05 
1.47993272348579e-01 1.08473352558636e+05 
1.48307692490535e-01 1.08286234340024e+05 
1.48618770511514e-01 1.08166395349322e+05 
1.48928721434454e-01 1.08119045707926e+05 
1.49235491169952e-01 1.08169451749863e+05 
1.49541576044012e-01 1.08306894239996e+05 
1.49844919378139e-01 1.08573543807196e+05 
1.50148219274337e-01 1.08929552681414e+05 
1.50449210743803e-01 1.09377411327415e+05 
1.50749795216838e-01 1.09898807323028e+05 
1.51048376293993e-01 1.10450994118840e+05 
1.51346409950641e-01 1.11042471730511e+05 
1.51643295425682e-01 1.11678026532430e+05 
1.51940600463538e-01 1.12359885305650e+05 
1.52238226887431e-01 1.13068013196405e+05 
1.52536845381388e-01 1.13792201702969e+05 
1.52835597478056e-01 1.14517829834322e+05 
1.53135668305305e-01 1.15247118867292e+05 
1.53436607238708e-01 1.15921160186833e+05 
1.53738463690560e-01 1.16518493338588e+05 
1.54040957357094e-01 1.17016068232079e+05 
1.54343965698206e-01 1.17443039931435e+05 
1.54647776130842e-01 1.17796523645339e+05 
1.54952146536311e-01 1.18054184398548e+05 
1.55257341031376e-01 1.18277521960561e+05 
1.55562156478651e-01 1.18436845275676e+05 
1.55867030489630e-01 1.18512905957040e+05 
1.56171681193565e-01 1.18502882983756e+05 
1.56476526908852e-01 1.18430286801928e+05 
1.56781256646578e-01 1.18298842505143e+05 
1.57086275302849e-01 1.18118913807546e+05 
1.57391150863372e-01 1.17902069235837e+05 
1.57696279532371e-01 1.17658818666936e+05 
1.58001261619005e-01 1.17396743380766e+05 
1.58306350879170e-01 1.17120599295926e+05 
1.58611335540333e-01 1.16833808240011e+05 
1.58916516852956e-01 1.16540085275414e+05 
1.59221702682740e-01 1.16240566776855e+05 
1.59527147506873e-01 1.15936533524379e+05 
1.59832665441318e-01 1.15627659067085e+05 
1.60138480780716e-01 1.15313849831152e+05 
1.60444411189246e-01 1.14994894968107e+05 
1.60750668995057e-01 1.14668913192819e+05 
1.61057067772686e-01 1.14338858163236e+05 
1.61363804618874e-01 1.13996457446324e+05 
1.61670692460059e-01 1.13644699643908e+05 
1.61977860578817e-01 1.13286178490671e+05 
1.62285235143859e-01 1.12920646970803e+05 
1.62592886612411e-01 1.12560634322570e+05 
1.62900738722569e-01 1.12204903504056e+05 
1.63208881131384e-01 1.11859863487825e+05 
1.63517205507889e-01 1.11526889000663e+05 
1.63825840889512e-01 1.11205035682232e+05 
1.64134636821467e-01 1.10914848385019e+05 
1.64443813723467e-01 1.10658779017332e+05 
1.64753048285843e-01 1.10432200239525e+05 
1.65062630120706e-01 1.10246475331618e+05 
1.65372285519561e-01 1.10065265689358e+05 
1.65682306889862e-01 1.09956436921458e+05 
1.65992397147255e-01 1.10028967212970e+05 
1.66302847986350e-01 1.10353849320329e+05 
1.66613359678460e-01 1.10995937555203e+05 
1.66924235378084e-01 1.11939821091528e+05 
1.67235171952415e-01 1.13161976286509e+05 
1.67546478028782e-01 1.14605263718389e+05 
1.67857843425600e-01 1.16208850714203e+05 
1.68169590474297e-01 1.17902178020002e+05 
1.68481399213152e-01 1.19607883841626e+05 
1.68793601388059e-01 1.21276395593459e+05 
1.69105863415531e-01 1.22726640757127e+05 
1.69418529970406e-01 1.23989467394347e+05 
1.69731261070123e-01 1.24847339034129e+05 
1.70044360279302e-01 1.25394277664877e+05 
1.70357568374055e-01 1.25630907032452e+05 
1.70671053296034e-01 1.25654389179394e+05 
1.70984655646220e-01 1.25599530063290e+05 
1.71298537586466e-01 1.25403635464303e+05 
1.71612511584584e-01 1.25087181353576e+05 
1.71926791588397e-01 1.24629390408039e+05 
1.72241132124314e-01 1.24062357974954e+05 
1.72555796330703e-01 1.23419085735846e+05 
1.72870486867790e-01 1.22742464641218e+05 
1.73185512616667e-01 1.22040035430542e+05 
1.73500533728190e-01 1.21315647942477e+05 
1.73815905550042e-01 1.20574262853715e+05 
1.74131242024984e-01 1.19824497094928e+05 
1.74446935050324e-01 1.19074420264502e+05 
1.74762569012748e-01 1.18330647434183e+05 
1.75078569531653e-01 1.17597355061982e+05 
1.75394484992956e-01 1.16876429150146e+05 
1.75710777675533e-01 1.16170615459252e+05 
1.76026961216581e-01 1.15481453888114e+05 
1.76343526592063e-01 1.14809104638089e+05 
1.76659954454251e-01 1.14153755042281e+05 
1.76976763170561e-01 1.13513228773982e+05 
1.77293407409303e-01 1.12887245951265e+05 
1.77610423386640e-01 1.12274187474385e+05 
1.77927250058433e-01 1.11674111356355e+05 
1.78244440871945e-01 1.11084966253336e+05 
1.78561427113244e-01 1.10507124931953e+05 
1.78878777047769e-01 1.09938646888430e+05 
1.79195915929585e-01 1.09380578814469e+05 
1.79513419473716e-01 1.08831704636494e+05 
1.79830709846701e-01 1.08293491554947e+05 
1.80148366720556e-01 1.07765123712812e+05 
1.80465813056477e-01 1.07248232253534e+05 
1.80783627580496e-01 1.06742211263540e+05 
1.81101236755345e-01 1.06248403512199e+05 
1.81419125669521e-01 1.05766292406078e+05 
1.81736906988273e-01 1.05296686722591e+05 
1.82054873132826e-01 1.04839201241435e+05 
1.82372830109444e-01 1.04394035290698e+05 
1.82690872913343e-01 1.03960891054962e+05 
1.83009008830138e-01 1.03539365157468e+05 
1.83327117039812e-01 1.03129184461376e+05 
1.83645395134242e-01 1.02729498594772e+05 
1.83963565205171e-01 1.02340019277228e+05 
1.84281912598311e-01 1.01959623416931e+05 
1.84600163586650e-01 1.01587868622719e+05 
1.84918593922538e-01 1.01223542161828e+05 
1.85236945306515e-01 1.00866085390326e+05 
1.85555485269498e-01 1.00514253350951e+05 
1.85873963829102e-01 1.00167406650601e+05 
1.86192645645502e-01 9.98243511003190e+04 
1.86511262849528e-01 9.94844861789939e+04 
1.86830068950298e-01 9.91468024840969e+04 
1.87148816751009e-01 9.88108744339746e+04 
1.87467770068342e-01 9.84758873054076e+04 
1.87786696419154e-01 9.81416768613467e+04 
1.88105889920794e-01 9.78077058074296e+04 
1.88425050349705e-01 9.74741879164791e+04 
1.88744443177597e-01 9.71409314423448e+04 
1.89063773701337e-01 9.68084283563644e+04 
1.89383256612339e-01 9.64767660535102e+04 
1.89702618918279e-01 9.61465911590000e+04 
1.90022069128052e-01 9.58181340876537e+04 
1.90341354665150e-01 9.54920129314645e+04 
1.90660731742320e-01 9.51684790963603e+04 
1.90979941548566e-01 9.48481166030962e+04 
1.91299300006228e-01 9.45310304019469e+04 
1.91618519282234e-01 9.42178436760298e+04 
1.91937937631932e-01 9.39085826672373e+04 
1.92257249244573e-01 9.36039102447940e+04 
1.92576777959597e-01 9.33033317972819e+04 
1.92896215074352e-01 9.30081934933402e+04 
1.93215762949249e-01 9.27185762234064e+04 
1.93535301342048e-01 9.24321656529012e+04 
1.93854824880290e-01 9.21542097653616e+04 
1.94174460431929e-01 9.18823899226455e+04 
1.94494233067507e-01 9.16152832516729e+04 
1.94813897908011e-01 9.13540972710301e+04 
1.95133665266048e-01 9.10932235731399e+04 
1.95453305152281e-01 9.08333039909134e+04 
1.95773027126197e-01 9.05770964648205e+04 
1.96092612935928e-01 9.03274791211506e+04 
1.96412269966972e-01 9.00856783850489e+04 
1.96731799996935e-01 8.98531053012792e+04 
1.97051395310655e-01 8.96290085026776e+04 
1.97370880218095e-01 8.94119725295524e+04 
1.97690343185895e-01 8.92020907444186e+04 
1.98009552349403e-01 8.89987660808544e+04 
1.98328702845870e-01 8.88013980927763e+04 
1.98647611519337e-01 8.86096144815763e+04 
1.98966450241510e-01 8.84230649360130e+04 
1.99285071656361e-01 8.82416601471072e+04 
1.99603611641768e-01 8.80651579773222e+04 
1.99921949586702e-01 8.78935108152114e+04 
2.00240187337503e-01 8.77266090982315e+04 
