temps pression
0.00000000000000e+00 1.00000000000000e+05 
7.22956891292051e-05 1.00000000000000e+05 
1.36027416499052e-04 1.00000000000000e+05 
1.97651274822253e-04 1.00000000000000e+05 
2.48442149402502e-04 1.00000000000000e+05 
2.94029664698804e-04 1.00000000000000e+05 
3.33884279503931e-04 1.00000000000000e+05 
3.70509265657976e-04 1.00000000000000e+05 
4.03719470199150e-04 1.00000000000000e+05 
4.34681507136054e-04 1.00000000000000e+05 
4.64277523565547e-04 1.00000000000000e+05 
4.96833141637988e-04 1.00000000000000e+05 
5.32644321517674e-04 1.00000000000000e+05 
5.72036619385329e-04 1.00000000000000e+05 
6.15368147039749e-04 1.00000000000000e+05 
6.62897506064780e-04 1.00000000000000e+05 
7.09341932519707e-04 1.00000000000000e+05 
7.54758931819875e-04 1.00000000000000e+05 
8.04717631050060e-04 1.00000000000000e+05 
8.59672200203264e-04 1.00000000000000e+05 
9.20122226271788e-04 1.00000000000000e+05 
9.84474351726036e-04 1.00000000000000e+05 
1.04760557543545e-03 1.00000000000000e+05 
1.11704992151581e-03 1.00000000000000e+05 
1.19343870220420e-03 1.00000000000000e+05 
1.27595478015934e-03 1.00000000000000e+05 
1.36141506265919e-03 1.00000000000000e+05 
1.44732397491099e-03 1.00000000000000e+05 
1.54182377838797e-03 1.00000000000000e+05 
1.64577356221265e-03 1.00000000000000e+05 
1.75458843625644e-03 1.00000000000000e+05 
1.86649590003092e-03 1.00000000000000e+05 
1.98553502872898e-03 1.00000000000000e+05 
2.11303025362818e-03 1.00000000000000e+05 
2.24449397619557e-03 1.00000000000000e+05 
2.38215351210126e-03 1.00000000000000e+05 
2.52388042068907e-03 1.00000000000000e+05 
2.67095862886691e-03 1.00000000000000e+05 
2.82327391686081e-03 1.00000000000000e+05 
2.98018672915785e-03 1.00000000000000e+05 
3.14242205471934e-03 1.00000000000000e+05 
3.30800195500291e-03 1.00000000000000e+05 
3.47881700750962e-03 1.00000000000000e+05 
3.65507998401930e-03 1.00000000000000e+05 
3.83592045789361e-03 1.00000000000000e+05 
4.02214989600666e-03 1.00000000000000e+05 
4.21480140825554e-03 1.00000000000000e+05 
4.41377317493730e-03 1.00000000000000e+05 
4.62049723545218e-03 1.00000000000000e+05 
4.83304169316497e-03 1.00000000000000e+05 
5.04895137088713e-03 1.00000000000000e+05 
5.26562193450209e-03 1.00000000000000e+05 
5.48294037133287e-03 1.00000000000000e+05 
5.70242223213788e-03 1.00000000000000e+05 
5.92351717758279e-03 1.00000000000000e+05 
6.14649424029891e-03 1.00000000000000e+05 
6.37082499196495e-03 1.00000000000000e+05 
6.59641543541000e-03 1.00000000000000e+05 
6.82347357112377e-03 1.00000000000000e+05 
7.05079640401220e-03 1.00000000000000e+05 
7.27588330137480e-03 1.00000000000000e+05 
7.50153127839547e-03 1.00000000000000e+05 
7.72542646316582e-03 1.00000000000000e+05 
7.94701439570821e-03 1.00000000000000e+05 
8.16679828259019e-03 1.00000000000000e+05 
8.38369439240821e-03 1.00000000000000e+05 
8.59968242956329e-03 1.00000000000000e+05 
8.81441706356428e-03 1.00000000000000e+05 
9.02750694367384e-03 1.00000000000000e+05 
9.23873779301499e-03 1.00000000000000e+05 
9.44843181668489e-03 1.00000000000000e+05 
9.65756947566715e-03 1.00000000000000e+05 
9.86612846509015e-03 1.00000000000000e+05 
1.00745786295070e-02 1.00000000000000e+05 
1.02838932767565e-02 1.00000000000000e+05 
1.04939672291116e-02 1.00000000000000e+05 
1.07069056111283e-02 1.00000000000000e+05 
1.09251472058144e-02 1.00000000000000e+05 
1.11447752998334e-02 1.00000000000000e+05 
1.13683081842533e-02 1.00000000000000e+05 
1.15920422750467e-02 1.00000000000000e+05 
1.18189252530120e-02 1.00000000000000e+05 
1.20500105322023e-02 1.00000000000000e+05 
1.22856915768191e-02 1.00000000000000e+05 
1.25226774396387e-02 1.00000000000000e+05 
1.27651731566319e-02 1.00000000000000e+05 
1.30145344941567e-02 1.00000000000000e+05 
1.32656629411688e-02 1.00000000000000e+05 
1.35185620303138e-02 1.00000000000000e+05 
1.37808416948376e-02 1.00000000000000e+05 
1.40422719748801e-02 1.00000000000000e+05 
1.43043788799084e-02 1.00000000000000e+05 
1.45683422725788e-02 1.00000000000000e+05 
1.48308320773444e-02 1.00000000000000e+05 
1.50926525918924e-02 1.00000000000000e+05 
1.53537371160469e-02 1.00000000000000e+05 
1.56142714514169e-02 1.00000000000000e+05 
1.58743247125250e-02 1.00000000000000e+05 
1.61346629222251e-02 1.00000000000000e+05 
1.63953890782142e-02 1.00000000000000e+05 
1.66569234619070e-02 1.00000000000000e+05 
1.69192665939698e-02 1.00000000000000e+05 
1.71827425126150e-02 1.00000000000000e+05 
1.74471028385211e-02 1.00000000000000e+05 
1.77126923513054e-02 1.00000000000000e+05 
1.79781891131847e-02 1.00000000000000e+05 
1.82445277924017e-02 1.00000000000000e+05 
1.85109084559813e-02 1.00000000000000e+05 
1.87785774362942e-02 1.00000000000000e+05 
1.90464759703132e-02 1.00000000000000e+05 
1.93159894435252e-02 1.00000000000000e+05 
1.95858695858028e-02 1.00000000000000e+05 
1.98565654283636e-02 1.00000000000000e+05 
2.01277103540821e-02 1.00000000000000e+05 
2.03998179479767e-02 1.00000000000000e+05 
2.06723058309980e-02 1.00000000000000e+05 
2.09457648734105e-02 1.00000000000000e+05 
2.12196078101889e-02 1.00000000000000e+05 
2.14944939965519e-02 1.00000000000000e+05 
2.17698221766458e-02 1.00000000000000e+05 
2.20462440752672e-02 1.00000000000000e+05 
2.23231540439588e-02 1.00000000000000e+05 
2.26011890568081e-02 1.00000000000000e+05 
2.28797068566012e-02 1.00000000000000e+05 
2.31593436858967e-02 1.00000000000000e+05 
2.34394426818171e-02 1.00000000000000e+05 
2.37201852634031e-02 1.00000000000000e+05 
2.40010601505589e-02 1.00000000000000e+05 
2.42825010105021e-02 1.00000000000000e+05 
2.45641429830505e-02 1.00000000000000e+05 
2.48465351573718e-02 1.00000000000000e+05 
2.51292390817683e-02 1.00000000000000e+05 
2.54126792776169e-02 1.00000000000000e+05 
2.56966870368953e-02 1.00000000000000e+05 
2.59808968934170e-02 1.00000000000000e+05 
2.62661603331236e-02 1.00000000000000e+05 
2.65513583415495e-02 1.00000000000000e+05 
2.68370798904081e-02 1.00000000000000e+05 
2.71226660167148e-02 1.00000000000000e+05 
2.74093041078627e-02 1.00000000000000e+05 
2.76963255811074e-02 1.00000000000000e+05 
2.79843342715262e-02 1.00000000000000e+05 
2.82726684902984e-02 1.00000000000000e+05 
2.85619191627070e-02 1.00000000000000e+05 
2.88514903597444e-02 1.00000000000000e+05 
2.91420956976098e-02 1.00000000000000e+05 
2.94330885295951e-02 1.00000000000000e+05 
2.97252382447645e-02 1.00000000000000e+05 
3.00178250005179e-02 1.00000000000000e+05 
3.03117042691628e-02 1.00000000000000e+05 
3.06060933301169e-02 1.00000000000000e+05 
3.09019275810468e-02 1.00000000000000e+05 
3.11983627426985e-02 1.00000000000000e+05 
3.14963134072330e-02 1.00000000000000e+05 
3.17949637326633e-02 1.00000000000000e+05 
3.20945380498198e-02 1.00000000000000e+05 
3.23947366366447e-02 1.00000000000000e+05 
3.26961861387502e-02 1.00000000000000e+05 
3.29981491131500e-02 1.00000000000000e+05 
3.33006588632651e-02 1.02986432041663e+05 
3.36036878808850e-02 1.17196085482872e+05 
3.39073246079853e-02 1.45329295893297e+05 
3.42116142753726e-02 1.79766655099514e+05 
3.45165906167042e-02 2.05961969022109e+05 
3.48223436018897e-02 2.15723447940488e+05 
3.51288188107861e-02 2.14924807643382e+05 
3.54361434424202e-02 2.13527963509362e+05 
3.57441847861618e-02 2.09909437821743e+05 
3.60530793776442e-02 2.04578064862933e+05 
3.63626917069911e-02 1.99400576913103e+05 
3.66730263748239e-02 1.94872684431367e+05 
3.69841135202702e-02 1.91012544337595e+05 
3.72953176689940e-02 1.87856200308397e+05 
3.76074048575343e-02 1.85225374441058e+05 
3.79196556305294e-02 1.82856091933716e+05 
3.82326245723626e-02 1.80562444849308e+05 
3.85458008891690e-02 1.78220996848946e+05 
3.88596647310681e-02 1.75808356778904e+05 
3.91737141772631e-02 1.73323430534860e+05 
3.94884449615648e-02 1.70804060600718e+05 
3.98033200240503e-02 1.68285768356242e+05 
4.01188796222670e-02 1.65806252630731e+05 
4.04345398421051e-02 1.63390212438704e+05 
4.07509018497810e-02 1.61053252854829e+05 
4.10670036263501e-02 1.58804024229155e+05 
4.13834536578707e-02 1.56643552331588e+05 
4.16995978623513e-02 1.54568403173545e+05 
4.20160948598645e-02 1.52573042834772e+05 
4.23322976014527e-02 1.50651850951462e+05 
4.26488697416866e-02 1.48798834242411e+05 
4.29651389560410e-02 1.47010014444403e+05 
4.32817297629271e-02 1.45280534680332e+05 
4.35979702996072e-02 1.43607800555782e+05 
4.39144842344584e-02 1.41987347066137e+05 
4.42306400091013e-02 1.40417043457010e+05 
4.45470659781097e-02 1.38892607899261e+05 
4.48631521997251e-02 1.37412274553334e+05 
4.51795144417388e-02 1.35972154859834e+05 
4.54955548750756e-02 1.34570951321421e+05 
4.58118702644822e-02 1.33205344468737e+05 
4.61278796755512e-02 1.31874570298295e+05 
4.64441557392224e-02 1.30576021691751e+05 
4.67601261064728e-02 1.29309528886209e+05 
4.70763270203160e-02 1.28073228672707e+05 
4.73922034411653e-02 1.26867376759203e+05 
4.77082861701215e-02 1.25690557173227e+05 
4.80240412245681e-02 1.24543198559094e+05 
4.83399909412180e-02 1.23424106482396e+05 
4.86556224181411e-02 1.22333635087454e+05 
4.89714476082346e-02 1.21270617714784e+05 
4.92869555970755e-02 1.20235238133056e+05 
4.96026283520911e-02 1.19226316113709e+05 
4.99179511932004e-02 1.18243836883649e+05 
5.02333875654410e-02 1.17286563446117e+05 
5.05484604260428e-02 1.16354219922761e+05 
5.08636395130472e-02 1.15445518665602e+05 
5.11784417269411e-02 1.14560173381230e+05 
5.14933195632737e-02 1.13697001990026e+05 
5.18078288368233e-02 1.12855673833090e+05 
5.21224111818917e-02 1.12035155226452e+05 
5.24366551310809e-02 1.11235137149840e+05 
5.27509812852790e-02 1.10454764325011e+05 
5.30649934204091e-02 1.09693770665666e+05 
5.33790842651648e-02 1.08951440560190e+05 
5.36928632263098e-02 1.08227499925250e+05 
5.40066909870229e-02 1.07521298271988e+05 
5.43201899132513e-02 1.06832455216539e+05 
5.46337025557818e-02 1.06160283669191e+05 
5.49468816643813e-02 1.05504215854259e+05 
5.52600686584684e-02 1.04863473392635e+05 
5.55729441354635e-02 1.04237328345750e+05 
5.58858422563913e-02 1.03624974288584e+05 
5.61984512027410e-02 1.03025652174110e+05 
5.65111142927673e-02 1.02438608138506e+05 
5.68235448436532e-02 1.01863162967641e+05 
5.71360829734452e-02 1.01298800176857e+05 
5.74484555213666e-02 1.00745119073228e+05 
5.77609734822234e-02 1.00202048674324e+05 
5.80733515775491e-02 9.96696322458886e+04 
5.83858743870361e-02 9.91483029564874e+04 
5.86982602041322e-02 9.86386042290247e+04 
5.90107790085197e-02 9.81416571939508e+04 
5.93231594542516e-02 9.76585092532185e+04 
5.96356631004868e-02 9.71913512096157e+04 
5.99480364382258e-02 9.67423264253541e+04 
6.02605377545927e-02 9.63150126061844e+04 
6.05729347085921e-02 9.59106328420932e+04 
6.08854821757840e-02 9.55349525864803e+04 
6.11979600768842e-02 9.51917086187773e+04 
6.15106101183975e-02 9.48843111648873e+04 
6.18232163277334e-02 9.46237396819415e+04 
6.21360037281743e-02 9.43909147692597e+04 
6.24487570017381e-02 9.42287400147351e+04 
6.27616872614152e-02 9.41193879852840e+04 
6.30745782344777e-02 9.40553953703978e+04 
6.33876278253515e-02 9.40189528449672e+04 
6.37006221658825e-02 9.39880303487623e+04 
6.40137458972427e-02 9.39827867511312e+04 
6.43267763648197e-02 9.40071040290464e+04 
6.46398222997522e-02 9.40630004376133e+04 
6.49527145622371e-02 9.41456031073623e+04 
6.52656193186923e-02 9.42472257192228e+04 
6.55783935853694e-02 9.43601561527988e+04 
6.58912001315042e-02 9.44762039764973e+04 
6.62039037409113e-02 9.45883165581376e+04 
6.65166502557947e-02 9.46895069510369e+04 
6.68293047693769e-02 9.47730647073591e+04 
6.71419956053540e-02 9.48372688328257e+04 
6.74545920687928e-02 9.48825296417059e+04 
6.77672113195284e-02 9.49113592189352e+04 
6.80797303557082e-02 9.49367023786140e+04 
6.83922535804532e-02 9.49562561928505e+04 
6.87046766315441e-02 9.49726593608289e+04 
6.90171084244018e-02 9.49928651916811e+04 
6.93294639416633e-02 9.50175521693203e+04 
6.96418522011257e-02 9.50667356606457e+04 
6.99541796875510e-02 9.51604786438355e+04 
7.02665401662134e-02 9.53048700048356e+04 
7.05788137444456e-02 9.54879633032909e+04 
7.08910864968481e-02 9.57205174711419e+04 
7.12032367606550e-02 9.59934887157586e+04 
7.15153604493366e-02 9.62905020188728e+04 
7.18273542161827e-02 9.65960055076124e+04 
7.21393223025402e-02 9.69018367560962e+04 
7.24511676874299e-02 9.71904461893042e+04 
7.27629924833226e-02 9.74408425621551e+04 
7.30747005857274e-02 9.76352667556013e+04 
7.33863964810255e-02 9.77783481089226e+04 
7.36979848232028e-02 9.78788920845577e+04 
7.40095705611214e-02 9.79408717044915e+04 
7.43210558150203e-02 9.79392601459116e+04 
7.46325453269725e-02 9.78649859609717e+04 
7.49439415851791e-02 9.77714010284758e+04 
7.52553480452769e-02 9.76535178786226e+04 
7.55666676971225e-02 9.74995542166901e+04 
7.58780011922698e-02 9.73110549004546e+04 
7.61892501418549e-02 9.71027516779903e+04 
7.65005120155042e-02 9.68797436698712e+04 
7.68116850426203e-02 9.66456757191049e+04 
7.71228649850787e-02 9.64052394838042e+04 
7.74339519427883e-02 9.61615757677513e+04 
7.77450425412167e-02 9.59194633565705e+04 
7.80560442076675e-02 9.56792392350902e+04 
7.83670534377991e-02 9.54429156029968e+04 
7.86779758138500e-02 9.52121394587055e+04 
7.89889012965495e-02 9.49875825743475e+04 
7.92997244145022e-02 9.47692490912331e+04 
7.96105334741352e-02 9.45573355207898e+04 
7.99212225234627e-02 9.43516685857390e+04 
8.02318869071402e-02 9.41524397354216e+04 
8.05424298064300e-02 9.39592219121182e+04 
8.08529543119490e-02 9.37719195637223e+04 
8.11633761108096e-02 9.35902025956931e+04 
8.14738042476171e-02 9.34141521463811e+04 
8.17841663149990e-02 9.32435388823092e+04 
8.20945663658202e-02 9.30785433673295e+04 
8.24049159530881e-02 9.29190677514413e+04 
8.27153012015425e-02 9.27654480196475e+04 
8.30256158175914e-02 9.26176743011567e+04 
8.33359496771792e-02 9.24761310087588e+04 
8.36462008721943e-02 9.23408017729767e+04 
8.39564706124138e-02 9.22120553576742e+04 
8.42666535269620e-02 9.20898223355945e+04 
8.45768538984740e-02 9.19743967604948e+04 
8.48869615253443e-02 9.18656151899350e+04 
8.51970821871010e-02 9.17636757123634e+04 
8.55071054468102e-02 9.16683125292161e+04 
8.58171409462092e-02 9.15796326895268e+04 
8.61270790308262e-02 9.14972844520308e+04 
8.64370339669996e-02 9.14213150690453e+04 
8.67468958274121e-02 9.13513288768559e+04 
8.70567821226723e-02 9.12873637389863e+04 
8.73665815867864e-02 9.12290210575609e+04 
8.76764138454853e-02 9.11763565581077e+04 
8.79861655798385e-02 9.11289833848731e+04 
8.82959616217038e-02 9.10869401129214e+04 
8.86056869276640e-02 9.10498119140689e+04 
8.89154662156304e-02 9.10175696317942e+04 
8.92251779440211e-02 9.09897179430173e+04 
8.95349431359505e-02 9.09661458996378e+04 
8.98446366874974e-02 9.09461876377719e+04 
9.01543856083951e-02 9.09296418400260e+04 
9.04640439032695e-02 9.09157217920266e+04 
9.07737524273240e-02 9.09041022063282e+04 
9.10833620073875e-02 9.08940304947605e+04 
9.13930339070111e-02 9.08851193363712e+04 
9.17025897302963e-02 9.08766659346584e+04 
9.20121705652195e-02 9.08682338515155e+04 
9.23216308866400e-02 9.08593085462258e+04 
9.26310645556409e-02 9.08495739656602e+04 
9.29403737195583e-02 9.08385366382039e+04 
9.32496557099338e-02 9.08258519767179e+04 
9.35588340929639e-02 9.08113842862702e+04 
9.38680087162607e-02 9.07950640284670e+04 
9.41770913167237e-02 9.07770495687455e+04 
9.44861734880330e-02 9.07573688522084e+04 
9.47951613245461e-02 9.07363438821639e+04 
9.51041464077964e-02 9.07143204445362e+04 
9.54130375658062e-02 9.06913962735052e+04 
9.57219291014939e-02 9.06684456219198e+04 
9.60307323567236e-02 9.06458337032087e+04 
9.63395428148211e-02 9.06239237090714e+04 
9.66482721808530e-02 9.06037324875191e+04 
9.69570154748486e-02 9.05863579896329e+04 
9.72656820306043e-02 9.05722046877553e+04 
9.75743644082880e-02 9.05594235041283e+04 
9.78829680660644e-02 9.05519823299761e+04 
9.81915814283385e-02 9.05491480541388e+04 
9.85001072641968e-02 9.05488607641664e+04 
9.88086343104290e-02 9.05536506168171e+04 
9.91170632240550e-02 9.05593323081185e+04 
9.94254838609691e-02 9.05649505569218e+04 
9.97337965207791e-02 9.05743364160306e+04 
1.00042095024166e-01 9.05875708788613e+04 
1.00350280576594e-01 9.06051616475897e+04 
1.00658447959261e-01 9.06274371997181e+04 
1.00966504457264e-01 9.06508618203512e+04 
1.01274547281212e-01 9.06773457290091e+04 
1.01582487440498e-01 9.07068330371821e+04 
1.01890422416548e-01 9.07388020110412e+04 
1.02198262333757e-01 9.07732003927630e+04 
1.02506103260458e-01 9.08097009828521e+04 
1.02813852557185e-01 9.08494122278588e+04 
1.03121604753911e-01 9.08906376437051e+04 
1.03429264746102e-01 9.09326257015224e+04 
1.03736927073584e-01 9.09761902759353e+04 
1.04044497092431e-01 9.10204649781241e+04 
1.04352072045882e-01 9.10662308004487e+04 
1.04659560122695e-01 9.11124705305863e+04 
1.04967061057180e-01 9.11599356368106e+04 
1.05274482117983e-01 9.12072464698467e+04 
1.05581919233156e-01 9.12563085594034e+04 
1.05889280504204e-01 9.13056885368988e+04 
1.06196663454488e-01 9.13550301805570e+04 
1.06503979786111e-01 9.14061654549824e+04 
1.06811323726605e-01 9.14564306454226e+04 
1.07118607903621e-01 9.15075784487200e+04 
1.07425920350805e-01 9.15576198494948e+04 
1.07733174454475e-01 9.16080083527262e+04 
1.08040448645555e-01 9.16569833360568e+04 
1.08347660172246e-01 9.17062478605609e+04 
1.08654883760836e-01 9.17543187176624e+04 
1.08962039511740e-01 9.18013328347709e+04 
1.09269202895312e-01 9.18478063867403e+04 
1.09576295586163e-01 9.18929566132760e+04 
1.09883392434588e-01 9.19367930440180e+04 
1.10190422850803e-01 9.19792195548620e+04 
1.10497428739734e-01 9.20202551963884e+04 
1.10804406490277e-01 9.20597677463953e+04 
1.11111327844471e-01 9.20979484358308e+04 
1.11418268621240e-01 9.21347700938177e+04 
1.11725119837837e-01 9.21707078521372e+04 
1.12032016753195e-01 9.22053805362580e+04 
1.12338815358972e-01 9.22396392587178e+04 
1.12645667520562e-01 9.22732791131192e+04 
1.12952427097801e-01 9.23074871755554e+04 
1.13259242827236e-01 9.23423555430665e+04 
1.13565966454355e-01 9.23789541865021e+04 
1.13872743781611e-01 9.24184389086826e+04 
1.14179425769180e-01 9.24608874235334e+04 
1.14486156865532e-01 9.25074282732665e+04 
1.14789715783616e-01 9.25577740212473e+04 
1.15084475444501e-01 9.26118628995303e+04 
1.15386159760847e-01 9.26735218295429e+04 
1.15680035082463e-01 9.27407980360225e+04 
1.15982493075329e-01 9.28176494280850e+04 
1.16289035073570e-01 9.29036676390432e+04 
1.16595469657103e-01 9.29982870685769e+04 
1.16901946787730e-01 9.31012912127854e+04 
1.17208321437060e-01 9.32120855841499e+04 
1.17514746195257e-01 9.33304092821869e+04 
1.17821078877341e-01 9.34538304283268e+04 
1.18122217497625e-01 9.35801319478815e+04 
1.18424348714742e-01 9.37104444249870e+04 
1.18730729140176e-01 9.38430389237954e+04 
1.19037038464539e-01 9.39756851208130e+04 
1.19343414224569e-01 9.41052190307504e+04 
1.19649717258432e-01 9.42303805700461e+04 
1.19956083801104e-01 9.43486953136082e+04 
1.20262375439915e-01 9.44603923841787e+04 
1.20568730234250e-01 9.45586845773268e+04 
1.20875011141695e-01 9.46492888526877e+04 
1.21181355058373e-01 9.47285159130290e+04 
1.21487623214524e-01 9.47962480556392e+04 
1.21793947498442e-01 9.48467326046852e+04 
1.22100186842720e-01 9.48855592225094e+04 
1.22406473581991e-01 9.49142061438143e+04 
1.22712670583345e-01 9.49263524850964e+04 
1.23018907804392e-01 9.49279995587714e+04 
1.23325051891438e-01 9.49192096088900e+04 
1.23631235185774e-01 9.49106153883386e+04 
1.23937322519990e-01 9.49037126315080e+04 
1.24243443885425e-01 9.48949665685390e+04 
1.24549469608043e-01 9.48831034259282e+04 
1.24855529200266e-01 9.48691093436348e+04 
1.25161495552197e-01 9.48529826514913e+04 
1.25467497407876e-01 9.48350770106207e+04 
1.25773407240048e-01 9.48154698332142e+04 
1.26079353701793e-01 9.47946048396090e+04 
1.26385208469502e-01 9.47726593494555e+04 
1.26691095721333e-01 9.47499591915617e+04 
1.26996894370814e-01 9.47267654402137e+04 
1.27302727326426e-01 9.47034375130764e+04 
1.27608477627833e-01 9.46802123618355e+04 
1.27914258828644e-01 9.46573388180578e+04 
1.28219955925553e-01 9.46350868970617e+04 
1.28525674854237e-01 9.46135900571313e+04 
1.28831300748806e-01 9.45930826547342e+04 
1.29136938429237e-01 9.45737747102413e+04 
1.29442478130468e-01 9.45554629796909e+04 
1.29748034979901e-01 9.45385035618560e+04 
1.30053503133558e-01 9.45228866435293e+04 
1.30359015246974e-01 9.45086622149048e+04 
1.30664458984741e-01 9.44953836967117e+04 
1.30969975798609e-01 9.44839886527586e+04 
1.31275439247867e-01 9.44738858330457e+04 
1.31580987682347e-01 9.44648327319926e+04 
1.31886495538647e-01 9.44573343937692e+04 
1.32192101681834e-01 9.44505928875329e+04 
1.32497667222111e-01 9.44451796154270e+04 
1.32803327368630e-01 9.44404876678410e+04 
1.33108933869565e-01 9.44369543034342e+04 
1.33414614450552e-01 9.44341851669018e+04 
1.33720219402527e-01 9.44320799070029e+04 
1.34025875952027e-01 9.44310744217568e+04 
1.34331434987007e-01 9.44298458732624e+04 
1.34637023321516e-01 9.44301674433212e+04 
1.34942495991013e-01 9.44309566587116e+04 
1.35247983940852e-01 9.44334222126762e+04 
1.35553352977574e-01 9.44369425581171e+04 
1.35858738082767e-01 9.44424546405618e+04 
1.36164011675236e-01 9.44492167825556e+04 
1.36469308804214e-01 9.44574474915459e+04 
1.36774506053533e-01 9.44669851708837e+04 
1.37079737904262e-01 9.44770830785823e+04 
1.37384883011772e-01 9.44885276312393e+04 
1.37690075154996e-01 9.45002955846854e+04 
1.37995192730221e-01 9.45137574464251e+04 
1.38300369413888e-01 9.45279592710473e+04 
1.38605481877442e-01 9.45430143092419e+04 
1.38910664039349e-01 9.45587880316597e+04 
1.39215789624706e-01 9.45751207841497e+04 
1.39520992321180e-01 9.45919538292770e+04 
1.39826141505455e-01 9.46091778800201e+04 
1.40131369142272e-01 9.46265259181179e+04 
1.40436539739488e-01 9.46443914089044e+04 
1.40741782795794e-01 9.46621290110459e+04 
1.41046959675278e-01 9.46802596808392e+04 
1.41352198086825e-01 9.46981639206340e+04 
1.41657359346251e-01 9.47161197166447e+04 
1.41962570508027e-01 9.47338113603120e+04 
1.42267695527720e-01 9.47512277763067e+04 
1.42572861135180e-01 9.47684339607114e+04 
1.42877935177847e-01 9.47849952535963e+04 
1.43183043912236e-01 9.48013227820335e+04 
1.43488059424283e-01 9.48167154115733e+04 
1.43793108354871e-01 9.48319999330347e+04 
1.44098066941151e-01 9.48466037199355e+04 
1.44403063025797e-01 9.48604738149095e+04 
1.44707975850289e-01 9.48740218357093e+04 
1.45012933327773e-01 9.48869047828427e+04 
1.45317816129491e-01 9.48992684898205e+04 
1.45622750353132e-01 9.49110711759987e+04 
1.45927620128439e-01 9.49226206609801e+04 
1.46232549446477e-01 9.49336725538529e+04 
1.46537419195135e-01 9.49448020482485e+04 
1.46842348550105e-01 9.49554209140444e+04 
1.47147222662567e-01 9.49665073336534e+04 
1.47452159029117e-01 9.49768695822522e+04 
1.47757048687887e-01 9.49882933196002e+04 
1.48062003020849e-01 9.49990795840454e+04 
1.48366912756071e-01 9.50108127841554e+04 
1.48671883569829e-01 9.50221997899164e+04 
1.48976809453173e-01 9.50340049605228e+04 
1.49281792006197e-01 9.50461912810951e+04 
1.49586724966184e-01 9.50588131540695e+04 
1.49891712895894e-01 9.50717473572329e+04 
1.50196645718302e-01 9.50852575186651e+04 
1.50501628291464e-01 9.50991186992834e+04 
1.50806552381130e-01 9.51137119349019e+04 
1.51111520561996e-01 9.51291883100616e+04 
1.51416426650455e-01 9.51448996203349e+04 
1.51721372383090e-01 9.51609318100184e+04 
1.52026252121822e-01 9.51779509444929e+04 
1.52331168743114e-01 9.51947736724936e+04 
1.52636021489254e-01 9.52123141057745e+04 
1.52940912202722e-01 9.52308282888094e+04 
1.53245746815080e-01 9.52497430083110e+04 
1.53550621681005e-01 9.52697453852899e+04 
1.53855445622897e-01 9.52898481083704e+04 
1.54160312689064e-01 9.53108882978949e+04 
1.54465133465053e-01 9.53319388222881e+04 
1.54770000266334e-01 9.53538309697034e+04 
1.55074824527465e-01 9.53756581690602e+04 
1.55379695123264e-01 9.53978774396386e+04 
1.55684523943847e-01 9.54200343616263e+04 
1.55989396781288e-01 9.54425534007106e+04 
1.56294226898951e-01 9.54650857278747e+04 
1.56599098447997e-01 9.54879819778863e+04 
1.56903926456572e-01 9.55110297537757e+04 
1.57208794173078e-01 9.55344364319633e+04 
1.57513618027172e-01 9.55581479921298e+04 
1.57818480733276e-01 9.55821977019534e+04 
1.58123299693929e-01 9.56066782496990e+04 
1.58428157302403e-01 9.56314245079401e+04 
1.58732971837416e-01 9.56567488599937e+04 
1.59037825370352e-01 9.56822105864430e+04 
1.59342636880784e-01 9.57083456082008e+04 
1.59647487886301e-01 9.57344590698322e+04 
1.59952297898308e-01 9.57611294002657e+04 
1.60257147423071e-01 9.57875488694371e+04 
1.60561956334774e-01 9.58142753066231e+04 
1.60866803698574e-01 9.58405101021325e+04 
1.61171609361948e-01 9.58667496613495e+04 
1.61476451198602e-01 9.58923150911602e+04 
1.61781248967578e-01 9.59175313791698e+04 
1.62086080365742e-01 9.59420103199436e+04 
1.62390865352107e-01 9.59657177698803e+04 
1.62695682308589e-01 9.59885802473508e+04 
1.63000451644152e-01 9.60104366140326e+04 
1.63305252510640e-01 9.60314664996618e+04 
1.63610006471907e-01 9.60513493613991e+04 
1.63914792297285e-01 9.60704048027441e+04 
1.64219533642043e-01 9.60881120550400e+04 
1.64524307989402e-01 9.61051888508540e+04 
1.64829039775586e-01 9.61213405811300e+04 
1.65133805594235e-01 9.61366659115442e+04 
1.65438530530938e-01 9.61508576146468e+04 
1.65743290269304e-01 9.61645159713729e+04 
1.66048010898028e-01 9.61768393532296e+04 
1.66352767275831e-01 9.61889815675207e+04 
1.66657486143620e-01 9.62001140788611e+04 
1.66962241458203e-01 9.62113303777584e+04 
1.67266960341566e-01 9.62219178069995e+04 
1.67571715912119e-01 9.62325974268305e+04 
1.67876435742694e-01 9.62427767702230e+04 
1.68181192243679e-01 9.62533099517401e+04 
1.68485913455487e-01 9.62636142001293e+04 
1.68790670992983e-01 9.62743225152500e+04 
1.69095393090656e-01 9.62850477336318e+04 
1.69400150284690e-01 9.62963297809905e+04 
1.69704872493013e-01 9.63077250937983e+04 
1.70009627908306e-01 9.63197871137329e+04 
1.70314347419087e-01 9.63319603420800e+04 
1.70619096717115e-01 9.63450640989321e+04 
1.70923807671044e-01 9.63579043574773e+04 
1.71228547186262e-01 9.63718306018713e+04 
1.71533249720119e-01 9.63851871614376e+04 
1.71837983236112e-01 9.63995571124853e+04 
1.72142682888096e-01 9.64131939996295e+04 
1.72447415504603e-01 9.64279253881167e+04 
1.72752115805305e-01 9.64417092094351e+04 
1.73056849196900e-01 9.64566055141609e+04 
1.73361549972211e-01 9.64709489646900e+04 
1.73666282531791e-01 9.64857866336300e+04 
1.73970981271450e-01 9.65000777148036e+04 
1.74275710111768e-01 9.65143336728178e+04 
1.74580404223872e-01 9.65283958578775e+04 
1.74885127460192e-01 9.65423825206402e+04 
1.75189816108368e-01 9.65558719292239e+04 
1.75494534078067e-01 9.65694636639094e+04 
1.75799218832008e-01 9.65819849933627e+04 
1.76103934705181e-01 9.65951088856078e+04 
1.76408620310831e-01 9.66070443786390e+04 
1.76713340319825e-01 9.66193980161601e+04 
1.77018033424994e-01 9.66305958812372e+04 
1.77322763310918e-01 9.66419185397847e+04 
1.77627467615281e-01 9.66521409498423e+04 
1.77932208545200e-01 9.66625076405488e+04 
1.78236922869112e-01 9.66718335600813e+04 
1.78541671852038e-01 9.66812840890928e+04 
1.78846392116939e-01 9.66900313858067e+04 
1.79151144916229e-01 9.66982467059764e+04 
1.79455867638400e-01 9.67059273365163e+04 
1.79760622438328e-01 9.67131927102479e+04 
1.80065347814350e-01 9.67196128059000e+04 
1.80370106646764e-01 9.67255595706208e+04 
1.80674837988571e-01 9.67306799524758e+04 
1.80979604290997e-01 9.67354309328644e+04 
1.81284344865771e-01 9.67393708466880e+04 
1.81589122738849e-01 9.67430633977538e+04 
1.81893876927610e-01 9.67458588378019e+04 
1.82198668730902e-01 9.67487244316815e+04 
1.82503435571537e-01 9.67510381313130e+04 
1.82808238945596e-01 9.67532228100726e+04 
1.83113016931412e-01 9.67555949582406e+04 
1.83417831329532e-01 9.67580850023042e+04 
1.83722620982185e-01 9.67610756981842e+04 
1.84027447196224e-01 9.67647609608163e+04 
1.84332249181073e-01 9.67699434313059e+04 
1.84637087518095e-01 9.67759284947598e+04 
1.84941901889704e-01 9.67844924452325e+04 
1.85246752493581e-01 9.67954654001263e+04 
1.85551579539972e-01 9.68085986657004e+04 
1.85856442616625e-01 9.68241050802229e+04 
1.86161282343667e-01 9.68420210956746e+04 
1.86466157620748e-01 9.68610690093427e+04 
1.86771009687589e-01 9.68820194480200e+04 
1.87075896849799e-01 9.69054123309941e+04 
1.87380760993455e-01 9.69315629428369e+04 
1.87685659813677e-01 9.69603378291511e+04 
1.87990536038230e-01 9.69916156060674e+04 
1.88295447591209e-01 9.70240262431917e+04 
1.88600337917355e-01 9.70575935360684e+04 
1.88905262254356e-01 9.70910927819648e+04 
1.89210165598907e-01 9.71245470624126e+04 
1.89515103815549e-01 9.71570584742490e+04 
1.89820024979802e-01 9.71883194370730e+04 
1.90124986914885e-01 9.72180254017016e+04 
1.90429940521874e-01 9.72455525100597e+04 
1.90734939844319e-01 9.72710488530447e+04 
1.91039917693019e-01 9.72942547709415e+04 
1.91344953870346e-01 9.73152454514162e+04 
1.91649976444462e-01 9.73339759551288e+04 
1.91955050251205e-01 9.73508145270755e+04 
1.92260091510037e-01 9.73656517356665e+04 
1.92565156911604e-01 9.73788828856394e+04 
1.92870160588353e-01 9.73907000865046e+04 
1.93175161076998e-01 9.74014502717862e+04 
1.93480082017679e-01 9.74117157121548e+04 
1.93784989431252e-01 9.74212052982124e+04 
1.94089823412268e-01 9.74307197628156e+04 
1.94394657126264e-01 9.74397647496160e+04 
1.94699442349278e-01 9.74491145464808e+04 
1.95004250813145e-01 9.74586305424743e+04 
1.95309037656265e-01 9.74688095823713e+04 
1.95613865261929e-01 9.74792126540610e+04 
1.95918685586589e-01 9.74904690427498e+04 
1.96223550851051e-01 9.75023314550814e+04 
1.96528407805243e-01 9.75150840824926e+04 
1.96833303207348e-01 9.75284774617912e+04 
1.97138181239134e-01 9.75422943477695e+04 
1.97443086875131e-01 9.75563151034803e+04 
1.97747965974927e-01 9.75702371803440e+04 
1.98052866732976e-01 9.75841772583323e+04 
1.98357739121482e-01 9.75975664798575e+04 
1.98662631994209e-01 9.76107383435057e+04 
1.98967494088503e-01 9.76232062095633e+04 
1.99272377105775e-01 9.76350947769754e+04 
1.99577237323900e-01 9.76461094671587e+04 
1.99882122756080e-01 9.76564539053028e+04 
2.00186993045836e-01 9.76656789495243e+04 
