# Liste des scalaires : TEMPS pmat 
0.00000000000000e+00 1.00000000000000e+05 
7.22956891292051e-05 1.00000000000000e+05 
1.39473830159789e-04 1.00000000000000e+05 
2.09658797050092e-04 1.00000000000000e+05 
2.76117114236758e-04 1.00000000000000e+05 
3.20638761908160e-04 1.00000000000000e+05 
3.55139419127714e-04 1.00000000000000e+05 
3.84466703006997e-04 1.00000000000000e+05 
4.10882456555402e-04 1.00000000000000e+05 
4.35440253196381e-04 1.00000000000000e+05 
4.62453829501457e-04 1.00000000000000e+05 
4.92168763437040e-04 1.00000000000000e+05 
5.24855190766182e-04 1.00000000000000e+05 
5.60810260828239e-04 1.00000000000000e+05 
6.00360837896501e-04 1.00000000000000e+05 
6.43866472671589e-04 1.00000000000000e+05 
6.91722670924186e-04 1.00000000000000e+05 
7.44364489002042e-04 1.00000000000000e+05 
8.02270488887684e-04 1.00000000000000e+05 
8.65967088761891e-04 1.00000000000000e+05 
9.36033348623518e-04 1.00000000000000e+05 
1.01310623447131e-03 1.00000000000000e+05 
1.09788640890388e-03 1.00000000000000e+05 
1.19114460077970e-03 1.00000000000000e+05 
1.28874595968002e-03 1.00000000000000e+05 
1.39427742078097e-03 1.00000000000000e+05 
1.50221628787634e-03 1.00000000000000e+05 
1.61553425737493e-03 1.00000000000000e+05 
1.73457348070845e-03 1.00000000000000e+05 
1.85733677968638e-03 1.00000000000000e+05 
1.98616223838898e-03 1.00000000000000e+05 
2.11872938704655e-03 1.00000000000000e+05 
2.25541689819692e-03 1.00000000000000e+05 
2.39772133018705e-03 1.00000000000000e+05 
2.54485627309124e-03 1.00000000000000e+05 
2.69657390129233e-03 1.00000000000000e+05 
2.85238267869205e-03 1.00000000000000e+05 
3.01245336052069e-03 1.00000000000000e+05 
3.17812497446130e-03 1.00000000000000e+05 
3.34903328673670e-03 1.00000000000000e+05 
3.52543634274647e-03 1.00000000000000e+05 
3.70717411137036e-03 1.00000000000000e+05 
3.89440410535401e-03 1.00000000000000e+05 
4.08798942890767e-03 1.00000000000000e+05 
4.28735122432852e-03 1.00000000000000e+05 
4.49228521643651e-03 1.00000000000000e+05 
4.70217924942305e-03 1.00000000000000e+05 
4.91486943328189e-03 1.00000000000000e+05 
5.13042743252746e-03 1.00000000000000e+05 
5.34915587470392e-03 1.00000000000000e+05 
5.56912355967936e-03 1.00000000000000e+05 
5.78984344098479e-03 1.00000000000000e+05 
6.00886364049922e-03 1.00000000000000e+05 
6.22486870349554e-03 1.00000000000000e+05 
6.33429028689339e-03 1.00000000000000e+05 
6.44483030640440e-03 1.00000000000000e+05 
6.55687450163317e-03 1.00000000000000e+05 
6.67048338621143e-03 1.00000000000000e+05 
6.78606577232394e-03 1.00000000000000e+05 
6.90366907477170e-03 1.00000000000000e+05 
7.02378063512075e-03 1.00000000000000e+05 
7.14527155177733e-03 1.00000000000000e+05 
7.26961139902403e-03 1.00000000000000e+05 
7.39706833984155e-03 1.00000000000000e+05 
7.52876165268415e-03 1.00000000000000e+05 
7.66450043100305e-03 1.00000000000000e+05 
7.80493406359243e-03 1.00000000000000e+05 
7.94965415843735e-03 1.00000000000000e+05 
8.09941477382621e-03 1.00000000000000e+05 
8.25365237893035e-03 1.00000000000000e+05 
8.41324363959660e-03 1.00000000000000e+05 
8.57739198878357e-03 1.00000000000000e+05 
8.74698880074812e-03 1.00000000000000e+05 
8.92078074665301e-03 1.00000000000000e+05 
9.05449669187034e-03 1.00000000000000e+05 
9.18955504600265e-03 1.00000000000000e+05 
9.32659650834087e-03 1.00000000000000e+05 
9.46571203824548e-03 1.00000000000000e+05 
9.60822294606222e-03 1.00000000000000e+05 
9.75458022849597e-03 1.00000000000000e+05 
9.90678992832327e-03 1.00000000000000e+05 
1.00407499907083e-02 1.00000000000000e+05 
1.01754819350096e-02 1.00000000000000e+05 
1.03114183563795e-02 1.00000000000000e+05 
1.04489011329575e-02 1.00000000000000e+05 
1.05883892282841e-02 1.00000000000000e+05 
1.07303642372084e-02 1.00000000000000e+05 
1.08755121278957e-02 1.00000000000000e+05 
1.10243697089304e-02 1.00000000000000e+05 
1.11753043382821e-02 1.00000000000000e+05 
1.13235946303632e-02 1.00000000000000e+05 
1.14632895221090e-02 1.00000000000000e+05 
1.16040493045079e-02 1.00000000000000e+05 
1.17460745690897e-02 1.00000000000000e+05 
1.18887485897004e-02 1.00000000000000e+05 
1.20307631211845e-02 1.00000000000000e+05 
1.21727372313289e-02 1.00000000000000e+05 
1.23143117236142e-02 1.00000000000000e+05 
1.24559470489472e-02 1.00000000000000e+05 
1.25968548467331e-02 1.00000000000000e+05 
1.27385746879267e-02 1.00000000000000e+05 
1.28805626242457e-02 1.00000000000000e+05 
1.30240439217723e-02 1.00000000000000e+05 
1.31686656483664e-02 1.00000000000000e+05 
1.33153357224071e-02 1.00000000000000e+05 
1.34638067219667e-02 1.00000000000000e+05 
1.36147635055676e-02 1.00000000000000e+05 
1.37672246478843e-02 1.00000000000000e+05 
1.39203175229299e-02 1.00000000000000e+05 
1.40740493958702e-02 1.00000000000000e+05 
1.42285318831673e-02 1.00000000000000e+05 
1.43838576918274e-02 1.00000000000000e+05 
1.45400379596518e-02 1.00000000000000e+05 
1.46970739399161e-02 1.00000000000000e+05 
1.48549461069308e-02 1.00000000000000e+05 
1.50136223009177e-02 1.00000000000000e+05 
1.51730907092215e-02 1.00000000000000e+05 
1.53333165435888e-02 1.00000000000000e+05 
1.54943209121376e-02 1.00000000000000e+05 
1.56560517667906e-02 1.00000000000000e+05 
1.58184150136660e-02 1.00000000000000e+05 
1.59811433524883e-02 1.00000000000000e+05 
1.61438716270077e-02 1.00000000000000e+05 
1.63066267223493e-02 1.00000000000000e+05 
1.64693608588080e-02 1.00000000000000e+05 
1.66321262279742e-02 1.00000000000000e+05 
1.67948734191591e-02 1.00000000000000e+05 
1.69576534600933e-02 1.00000000000000e+05 
1.71204167736003e-02 1.00000000000000e+05 
1.72832163466440e-02 1.00000000000000e+05 
1.74460017858199e-02 1.00000000000000e+05 
1.76088270222165e-02 1.00000000000000e+05 
1.77708469814653e-02 1.00000000000000e+05 
1.79337240838708e-02 1.00000000000000e+05 
1.80949408524851e-02 1.00000000000000e+05 
1.82567152063654e-02 1.00000000000000e+05 
1.84197531949680e-02 1.00000000000000e+05 
1.85825961997363e-02 1.00000000000000e+05 
1.87458659459643e-02 1.00000000000000e+05 
1.89082827835554e-02 1.00000000000000e+05 
1.90719030460105e-02 1.00000000000000e+05 
1.92331397410185e-02 1.00000000000000e+05 
1.93960471417620e-02 1.00000000000000e+05 
1.95551849761217e-02 1.00000000000000e+05 
1.97162174481757e-02 1.00000000000000e+05 
1.98741929960477e-02 1.00000000000000e+05 
2.00340500381580e-02 1.00000000000000e+05 
2.01916063196245e-02 1.00000000000000e+05 
2.03508826345917e-02 1.00000000000000e+05 
2.05083740516961e-02 1.00000000000000e+05 
2.06687574448711e-02 1.00000000000000e+05 
2.08263441853897e-02 1.00000000000000e+05 
2.09844740138732e-02 1.00000000000000e+05 
2.11419666756564e-02 1.00000000000000e+05 
2.12992860940387e-02 1.00000000000000e+05 
2.14563434555581e-02 1.00000000000000e+05 
2.16123349584188e-02 1.00000000000000e+05 
2.17674462726816e-02 1.00000000000000e+05 
2.19220111048397e-02 1.00000000000000e+05 
2.20763218947304e-02 1.00000000000000e+05 
2.22305651146114e-02 1.00000000000000e+05 
2.23849296184976e-02 1.00000000000000e+05 
2.25395746273574e-02 1.00000000000000e+05 
2.26946864267238e-02 1.00000000000000e+05 
2.28504624358491e-02 1.00000000000000e+05 
2.30071455286587e-02 1.00000000000000e+05 
2.31614461052549e-02 1.00000000000000e+05 
2.33150535899433e-02 1.00000000000000e+05 
2.34681421663511e-02 1.00000000000000e+05 
2.36207931963805e-02 1.00000000000000e+05 
2.37732525374570e-02 1.00000000000000e+05 
2.39258302504418e-02 1.00000000000000e+05 
2.40787879000136e-02 1.00000000000000e+05 
2.42323647906699e-02 1.00000000000000e+05 
2.43867100830364e-02 1.00000000000000e+05 
2.45419971284055e-02 1.00000000000000e+05 
2.46983791887665e-02 1.00000000000000e+05 
2.48524486665068e-02 1.00000000000000e+05 
2.50062219221975e-02 1.00000000000000e+05 
2.51597454388899e-02 1.00000000000000e+05 
2.53131755969072e-02 1.00000000000000e+05 
2.54665830905178e-02 1.00000000000000e+05 
2.56202148922538e-02 1.00000000000000e+05 
2.57743746976731e-02 1.00000000000000e+05 
2.59293344603292e-02 1.00000000000000e+05 
2.60853635146242e-02 1.00000000000000e+05 
2.62426445734176e-02 1.00000000000000e+05 
2.63982825052471e-02 1.00000000000000e+05 
2.65538306644684e-02 1.00000000000000e+05 
2.67093433654453e-02 1.00000000000000e+05 
2.68649456420990e-02 1.00000000000000e+05 
2.70206915717269e-02 1.00000000000000e+05 
2.71767675778699e-02 1.00000000000000e+05 
2.73332496812246e-02 1.00000000000000e+05 
2.74904688603392e-02 1.00000000000000e+05 
2.76487291630336e-02 1.00000000000000e+05 
2.78082108709642e-02 1.00000000000000e+05 
2.79691224991389e-02 1.00000000000000e+05 
2.81276259578085e-02 1.00000000000000e+05 
2.82861974562397e-02 1.00000000000000e+05 
2.84448782377760e-02 1.00000000000000e+05 
2.86037847793301e-02 1.00000000000000e+05 
2.87630053715226e-02 1.00000000000000e+05 
2.89225705899193e-02 1.00000000000000e+05 
2.90826785953361e-02 1.00000000000000e+05 
2.92424372153590e-02 1.00000000000000e+05 
2.94042237158579e-02 1.00000000000000e+05 
2.95651690728798e-02 1.00000000000000e+05 
2.97295722292186e-02 1.00000000000000e+05 
2.98915919257585e-02 1.00000000000000e+05 
3.00431630438556e-02 1.00000000000000e+05 
3.02054159006588e-02 1.00000000000000e+05 
3.03571407291360e-02 1.00000000000000e+05 
3.05163006318730e-02 1.00000000000000e+05 
3.06688730073476e-02 1.00000000000000e+05 
3.08270475405591e-02 1.00000000000000e+05 
3.09804840807456e-02 1.00000000000000e+05 
3.11407293935183e-02 1.00000000000000e+05 
3.12950105295395e-02 1.00000000000000e+05 
3.14562084501054e-02 1.00000000000000e+05 
3.16116038864325e-02 1.00000000000000e+05 
3.17744649907480e-02 1.00000000000000e+05 
3.19315278227473e-02 1.00000000000000e+05 
3.20903268053990e-02 1.00000000000000e+05 
3.22549784166334e-02 1.00000000000000e+05 
3.24208338669248e-02 1.00000000000000e+05 
3.25846946594266e-02 1.00000000000000e+05 
3.27512164773936e-02 1.00000000000000e+05 
3.28989317669443e-02 1.00000000000000e+05 
3.30548185543190e-02 1.00000000000000e+05 
3.32070885458290e-02 1.00000000000000e+05 
3.33652550517151e-02 1.00000000000000e+05 
3.35169877961088e-02 1.00000000000000e+05 
3.36838938149418e-02 1.00000000000000e+05 
3.38524548990026e-02 1.00000000000000e+05 
3.40210215933959e-02 1.00000000000000e+05 
3.41778854929988e-02 1.00000000000000e+05 
3.43459192291845e-02 1.00000000000000e+05 
3.45023038911040e-02 1.00000000000000e+05 
3.46645958432853e-02 1.00000000000000e+05 
3.48206248534382e-02 1.00000000000000e+05 
3.49807591845669e-02 1.00000000000000e+05 
3.51427134002853e-02 1.00000000000000e+05 
3.53085728949207e-02 1.00000000000000e+05 
3.54697132217187e-02 1.00000000000000e+05 
3.56358881488326e-02 1.00000000000000e+05 
3.57964411484834e-02 1.00000000000000e+05 
3.59605913694303e-02 1.00000000000000e+05 
3.61205729247213e-02 1.00000000000000e+05 
3.62818617649521e-02 1.00000000000000e+05 
3.64318458332119e-02 1.00000000000000e+05 
3.65853775793741e-02 1.00000000000000e+05 
3.67425682572312e-02 1.00000000000000e+05 
3.68948536270075e-02 1.00000000000000e+05 
3.70505615500342e-02 1.00000000000000e+05 
3.72067400917856e-02 1.00000000000000e+05 
3.73630831202248e-02 1.00000000000000e+05 
3.75188804597816e-02 1.00000000000000e+05 
3.76743873467716e-02 1.00000000000000e+05 
3.78297760728512e-02 1.00000000000000e+05 
3.79842180210818e-02 1.00000000000000e+05 
3.81399513972744e-02 1.00000000000000e+05 
3.82964056199070e-02 1.00000000000000e+05 
3.84532147462990e-02 1.00000000000000e+05 
3.86114673637848e-02 1.00000000000000e+05 
3.87706622409119e-02 1.00000000000000e+05 
3.89300779848157e-02 1.00000000000000e+05 
3.90918028654429e-02 1.00000000000000e+05 
3.92552330765850e-02 1.00000000000000e+05 
3.94200789703543e-02 1.00000000000000e+05 
3.95834458619928e-02 1.00000000000000e+05 
3.97521626988194e-02 1.00000000000000e+05 
3.99166586780226e-02 1.00000000000000e+05 
4.00849082437949e-02 1.00000000000000e+05 
4.02490097870783e-02 1.00000000000000e+05 
4.04184347728406e-02 1.00000000000000e+05 
4.05821168507558e-02 1.00000000000000e+05 
4.07506990268098e-02 1.00000000000000e+05 
4.09139577639127e-02 1.00000000000000e+05 
4.10818688622458e-02 1.00000000000000e+05 
4.12447418707353e-02 1.00000000000000e+05 
4.14097617621608e-02 1.00000000000000e+05 
4.15764740029153e-02 1.00000000000000e+05 
4.17304504148793e-02 1.00000000000000e+05 
4.18935207282001e-02 1.00000000000000e+05 
4.20483970813184e-02 1.00000000000000e+05 
4.22121068107402e-02 1.00000000000000e+05 
4.23825179488770e-02 1.00000000000000e+05 
4.25446189576211e-02 1.00000000000000e+05 
4.27169951754301e-02 1.00000000000000e+05 
4.28837178316531e-02 1.00000000000000e+05 
4.30576024089117e-02 1.00000000000000e+05 
4.32292687498957e-02 1.00000000000000e+05 
4.34033086270959e-02 1.00000000000000e+05 
4.35720645802671e-02 1.00000000000000e+05 
4.37386763898205e-02 1.00000000000000e+05 
4.39115013308595e-02 1.00000000000000e+05 
4.40775644446070e-02 1.00000000000000e+05 
4.42499067186517e-02 1.00000000000000e+05 
4.44198839212337e-02 1.00000000000000e+05 
4.45941445856556e-02 1.00000000000000e+05 
4.47665084686441e-02 1.00000000000000e+05 
4.49406143308123e-02 1.00000000000000e+05 
4.51146277830471e-02 1.00000000000000e+05 
4.52888547383390e-02 1.00000000000000e+05 
4.54636506182425e-02 1.00000000000000e+05 
4.56393643911141e-02 1.00000000000000e+05 
4.58163368227965e-02 1.00000000000000e+05 
4.59910376447003e-02 1.00000000000000e+05 
4.61589409429924e-02 1.00000000000000e+05 
4.63330568492673e-02 1.00000000000000e+05 
4.65070521566491e-02 1.00000000000000e+05 
4.66808977184315e-02 1.00000000000000e+05 
4.68552968064179e-02 1.00000000000000e+05 
4.70303614404518e-02 1.00000000000000e+05 
4.72065701866681e-02 1.00000000000000e+05 
4.73793559659153e-02 1.00000000000000e+05 
4.75535769096956e-02 1.00000000000000e+05 
4.77277334855256e-02 1.00000000000000e+05 
4.79018328010187e-02 1.00000000000000e+05 
4.80761121468156e-02 1.00000000000000e+05 
4.82507156028802e-02 1.00000000000000e+05 
4.84260050129467e-02 1.00000000000000e+05 
4.86023821869584e-02 1.00000000000000e+05 
4.87579055693629e-02 1.00000000000000e+05 
4.89187947491420e-02 1.00000000000000e+05 
4.90858152670006e-02 1.00000000000000e+05 
4.92584537570557e-02 1.00000000000000e+05 
4.94148321300033e-02 1.00000000000000e+05 
4.95761884411278e-02 1.00000000000000e+05 
4.97431781277988e-02 1.00000000000000e+05 
4.99033090149470e-02 1.00000000000000e+05 
5.00687323330409e-02 1.00000000000000e+05 
5.02401018597902e-02 1.00000000000000e+05 
5.03982212209770e-02 1.00000000000000e+05 
5.05615638990026e-02 1.00000000000000e+05 
5.07306308419886e-02 1.00000000000000e+05 
5.08929400471600e-02 1.00000000000000e+05 
5.10610060066610e-02 1.00000000000000e+05 
5.12354211164825e-02 1.00000000000000e+05 
5.13959965363967e-02 1.00000000000000e+05 
5.15630122344405e-02 1.00000000000000e+05 
5.17368185261917e-02 1.00000000000000e+05 
5.19029755032438e-02 1.00000000000000e+05 
5.20743789868016e-02 1.00000000000000e+05 
5.22508653035961e-02 1.00000000000000e+05 
5.24076307769102e-02 1.00000000000000e+05 
5.25697883983011e-02 1.00000000000000e+05 
5.27263193628790e-02 1.00000000000000e+05 
5.28885920009304e-02 1.00000000000000e+05 
5.30572126805063e-02 1.00000000000000e+05 
5.32332655369423e-02 1.00000000000000e+05 
5.33907423071624e-02 1.00000000000076e+05 
5.35532203428160e-02 1.00000000000190e+05 
5.37213429945812e-02 1.00000000000449e+05 
5.38821332809098e-02 1.00000000000728e+05 
5.40485117758142e-02 1.00000000001175e+05 
5.42204662363769e-02 1.00000000004278e+05 
5.43797252459664e-02 1.00000000007605e+05 
5.45444785646575e-02 1.00000000011418e+05 
5.47153857920220e-02 1.00000000026958e+05 
5.48796506750944e-02 1.00000000042606e+05 
5.50503805335648e-02 1.00000000059534e+05 
5.52278237215035e-02 1.00000000077929e+05 
5.53913770293060e-02 1.00000000095445e+05 
5.55619116766151e-02 1.00000000114735e+05 
5.57198289910813e-02 1.00000000133332e+05 
5.58848086983046e-02 1.00000000154796e+05 
5.60565919749069e-02 1.00000000178484e+05 
5.62363904927406e-02 1.00000000203785e+05 
5.63950601990664e-02 1.00000000227453e+05 
5.65601942330393e-02 1.00000000258488e+05 
5.67321436010470e-02 1.00000000292424e+05 
5.68948559539244e-02 1.00000000334604e+05 
5.70633104869152e-02 1.00000000380417e+05 
5.72382400624039e-02 1.00000000443117e+05 
5.73979461397573e-02 1.00000000503723e+05 
5.75627040308680e-02 1.00000000553066e+05 
5.77331537743303e-02 1.00000000597954e+05 
5.78965828911426e-02 1.00000000635862e+05 
5.80656472071364e-02 1.00000000662364e+05 
5.82409603265736e-02 1.00000000692287e+05 
5.84031276553555e-02 1.00000000724081e+05 
5.85712228081181e-02 1.00000000766880e+05 
5.87456457377070e-02 1.00000000821343e+05 
5.89133382580976e-02 1.00000000890498e+05 
5.90877586448226e-02 1.00000000985207e+05 
5.92695724292718e-02 1.00000001135141e+05 
5.94362559568897e-02 1.00000001297853e+05 
5.96108256640569e-02 1.00000001624405e+05 
5.97714482519794e-02 1.00000001930483e+05 
5.99435504531488e-02 1.00000002658218e+05 
6.01218849990570e-02 1.00000003359417e+05 
6.03086469066534e-02 1.00000003174291e+05 
6.04694982660230e-02 1.00000003466371e+05 
6.06380655566711e-02 1.00000004185614e+05 
6.07983947777529e-02 1.00000005609121e+05 
6.09645370114071e-02 1.00000005762033e+05 
6.11369203980033e-02 1.00000006966631e+05 
6.13159676380752e-02 1.00000009724947e+05 
6.14768743517059e-02 1.00000012958631e+05 
6.16437079470075e-02 1.00000018200102e+05 
6.18170620004031e-02 1.00000023984766e+05 
6.19838344579306e-02 1.00000029403221e+05 
6.21569741308631e-02 1.00000035304449e+05 
6.23372611149742e-02 1.00000040778027e+05 
6.25028482677593e-02 1.00000045663531e+05 
6.26751598234903e-02 1.00000050330398e+05 
6.28547183071376e-02 1.00000054618831e+05 
6.30260111810552e-02 1.00000058697068e+05 
6.32049667890550e-02 1.00000061895818e+05 
6.33844020536817e-02 1.00000065176672e+05 
6.35470735792964e-02 1.00000066944152e+05 
6.37181766294861e-02 1.00000069152644e+05 
6.38803174386299e-02 1.00000070890509e+05 
6.40479428483518e-02 1.00000071795841e+05 
6.42225448494983e-02 1.00000071906683e+05 
6.44054475853739e-02 1.00000071979564e+05 
6.45680806802863e-02 1.00000072155910e+05 
6.47360333566634e-02 1.00000072773142e+05 
6.49099744878077e-02 1.00000073843838e+05 
6.50762677532359e-02 1.00000076302802e+05 
6.52488078281820e-02 1.00000075430097e+05 
6.54169035528869e-02 1.00000076863729e+05 
6.55916145118358e-02 1.00000078587879e+05 
6.57737470358206e-02 1.00000085076053e+05 
6.59412175443475e-02 1.00000121487416e+05 
6.61157011209137e-02 1.00000291751827e+05 
6.62881233906473e-02 1.00000592370336e+05 
6.64594761931388e-02 1.00001135065376e+05 
6.66229487051856e-02 1.00001866643152e+05 
6.67968605260467e-02 1.00003005223770e+05 
6.69601229217184e-02 1.00004407722757e+05 
6.71299751956909e-02 1.00006393594330e+05 
6.72927848462450e-02 1.00008700900224e+05 
6.74592856781387e-02 1.00011510441662e+05 
6.76211332825295e-02 1.00014778732055e+05 
6.77895969053846e-02 1.00018774512606e+05 
6.79525667561604e-02 1.00023389477095e+05 
6.81191068430870e-02 1.00028989529662e+05 
6.82840729482452e-02 1.00035469840028e+05 
6.84560516620392e-02 1.00043378652231e+05 
6.86212745443759e-02 1.00052204467672e+05 
6.87881185409979e-02 1.00062547367298e+05 
6.89537568059188e-02 1.00074401784662e+05 
6.91206320501510e-02 1.00088120995439e+05 
6.92861640538584e-02 1.00103304018665e+05 
6.94557069234085e-02 1.00121184928963e+05 
6.96222954058444e-02 1.00141716412386e+05 
6.97926665140310e-02 1.00165674823384e+05 
6.99593793455948e-02 1.00192735884743e+05 
7.01302115158625e-02 1.00224220453308e+05 
7.03008969101616e-02 1.00261124291573e+05 
7.04753641789038e-02 1.00309332831630e+05 
7.06439757193985e-02 1.00360952033655e+05 
7.08188356551850e-02 1.00422361712763e+05 
7.09934190230444e-02 1.00489251879536e+05 
7.11671773344236e-02 1.00565666636098e+05 
7.13455010021218e-02 1.00691564667667e+05 
7.15290078273660e-02 1.00905804171032e+05 
7.17024854637759e-02 1.01206910265083e+05 
7.18801943393388e-02 1.01639344265582e+05 
7.20626120630761e-02 1.02239812431874e+05 
7.22422563123457e-02 1.03009858091972e+05 
7.24296395396623e-02 1.04007434311806e+05 
7.26247379749974e-02 1.05217063026324e+05 
7.28023245212619e-02 1.06470679671763e+05 
7.29898277484359e-02 1.07940520245331e+05 
7.31631639721498e-02 1.09414072085325e+05 
7.33416535806523e-02 1.11025780936407e+05 
7.35242121977067e-02 1.12746228766926e+05 
7.36823171500293e-02 1.14289580766889e+05 
7.38492669402188e-02 1.15931492384959e+05 
7.40286247914964e-02 1.17695152728623e+05 
7.42134835295771e-02 1.19432238967735e+05 
7.43807803542302e-02 1.20910067457806e+05 
7.45555734341722e-02 1.22516992096122e+05 
7.47352999361863e-02 1.23930494669091e+05 
7.49182876520166e-02 1.25164386615564e+05 
7.50910538916397e-02 1.26139859013780e+05 
7.52694372680099e-02 1.27005744011994e+05 
7.54512464521419e-02 1.27758864414046e+05 
7.56353873129813e-02 1.28235928555596e+05 
7.58062254466950e-02 1.28676670685261e+05 
7.59829241913720e-02 1.29099173383228e+05 
7.61631431777788e-02 1.29499847791860e+05 
7.63456939485451e-02 1.29879549229497e+05 
7.65151690878328e-02 1.30201336837929e+05 
7.66901113709929e-02 1.30500004450268e+05 
7.68684286649809e-02 1.30755889256688e+05 
7.70490249923663e-02 1.30985895614947e+05 
7.72169101284749e-02 1.31141194852134e+05 
7.73903673476914e-02 1.31256070627465e+05 
7.75673115628462e-02 1.31329526569324e+05 
7.77465964431897e-02 1.31366146693068e+05 
7.79136787132305e-02 1.31371927993571e+05 
7.80859204859216e-02 1.31330306942800e+05 
7.82614556972926e-02 1.31283697955335e+05 
7.84392585915062e-02 1.31223140825629e+05 
7.86050467844119e-02 1.31155589581495e+05 
7.87760595818739e-02 1.31072251819198e+05 
7.89504375225111e-02 1.30974846674486e+05 
7.91271166814567e-02 1.30861438867979e+05 
7.92921005072975e-02 1.30741309352693e+05 
7.94624001897370e-02 1.30608255429731e+05 
7.96361298173544e-02 1.30464356213159e+05 
7.98121901357864e-02 1.30311176144171e+05 
7.99767100237998e-02 1.30162785683160e+05 
8.01466751993957e-02 1.30003582874664e+05 
8.03201380866570e-02 1.29836596669402e+05 
8.04959454553104e-02 1.29663408679006e+05 
8.06740646402448e-02 1.29485821638689e+05 
8.08543188320305e-02 1.29304460985127e+05 
8.10432620677839e-02 1.29114005430650e+05 
8.12327909797849e-02 1.28922894734273e+05 
8.14227952459470e-02 1.28731695053670e+05 
8.16134218362023e-02 1.28540354070427e+05 
8.18046079628520e-02 1.28349331409634e+05 
8.19964954594695e-02 1.28158378088175e+05 
8.21890717554195e-02 1.27967960753985e+05 
8.23824647903556e-02 1.27777681609898e+05 
8.25767358969461e-02 1.27587661282811e+05 
8.27720047772291e-02 1.27397365208807e+05 
8.29684196806311e-02 1.27206661447638e+05 
8.31660868522237e-02 1.27015031750568e+05 
8.33599800006131e-02 1.26827325447732e+05 
8.35588996894228e-02 1.26634660022181e+05 
8.37598082821171e-02 1.26439973305335e+05 
8.39663600039340e-02 1.26239356470112e+05 
8.41737067726155e-02 1.26037515723314e+05 
8.43884823960394e-02 1.25827634378368e+05 
8.45722208026503e-02 1.25647483699419e+05 
8.47565393895629e-02 1.25466034698037e+05 
8.49413698218913e-02 1.25283452046558e+05 
8.51268377499645e-02 1.25099469232040e+05 
8.53128091361948e-02 1.24914346403656e+05 
8.54993939214465e-02 1.24727869189386e+05 
8.56864386460330e-02 1.24540345232016e+05 
8.58740472794100e-02 1.24351606218530e+05 
8.60620555125307e-02 1.24161996320740e+05 
8.62505746425946e-02 1.23971376726220e+05 
8.64394470562234e-02 1.23780102409549e+05 
8.66288037366836e-02 1.23588041690709e+05 
8.68185131136353e-02 1.23395530048060e+05 
8.70086885411340e-02 1.23202468130607e+05 
8.71992307404789e-02 1.23009155564060e+05 
8.73902606310703e-02 1.22815486208252e+05 
8.75817073128258e-02 1.22621719165655e+05 
8.77736926975624e-02 1.22427736237488e+05 
8.79661698776579e-02 1.22233750658387e+05 
8.81592493686290e-02 1.22039630445794e+05 
8.83529112535126e-02 1.21845535719574e+05 
8.85472537996302e-02 1.21651321108722e+05 
8.87422983858992e-02 1.21457075406135e+05 
8.89381368845420e-02 1.21262630165968e+05 
8.91348387580683e-02 1.21067994680311e+05 
8.93324866658146e-02 1.20872982720109e+05 
8.95312108377203e-02 1.20677518679362e+05 
8.97310877397001e-02 1.20481406871113e+05 
8.99323281870262e-02 1.20284480077539e+05 
9.01346688020367e-02 1.20086872859181e+05 
9.03372302255843e-02 1.19889479672589e+05 
9.05419514460599e-02 1.19690302903315e+05 
9.07483176663727e-02 1.19489891611958e+05 
9.09583682369925e-02 1.19286190661575e+05 
9.11701177950408e-02 1.19081190615577e+05 
9.13854862258082e-02 1.18872973799122e+05 
9.16008848413055e-02 1.18665073317685e+05 
9.18166028737891e-02 1.18457181035287e+05 
9.20036779556099e-02 1.18277199204965e+05 
9.21912132773211e-02 1.18097042712821e+05 
9.23791133494651e-02 1.17916926774252e+05 
9.25674111748973e-02 1.17736761152837e+05 
9.27559923356518e-02 1.17556720961741e+05 
9.29448954742808e-02 1.17376756343880e+05 
9.31086024383353e-02 1.17221470181176e+05 
9.32883352100425e-02 1.17051296279924e+05 
9.34776327817725e-02 1.16872562239697e+05 
9.36673535028549e-02 1.16694221186498e+05 
9.38572094509715e-02 1.16516713319412e+05 
9.40473054865352e-02 1.16340350330461e+05 
9.42375514630282e-02 1.16165579021875e+05 
9.44280608574862e-02 1.15992325137557e+05 
9.46187642166413e-02 1.15820709246564e+05 
9.48097442752080e-02 1.15650975381147e+05 
9.50009487674105e-02 1.15483702474085e+05 
9.51924566325130e-02 1.15319281004121e+05 
9.53842308290381e-02 1.15158275296694e+05 
9.55763525490833e-02 1.14999868818352e+05 
9.57687997365665e-02 1.14845638048249e+05 
9.59616512882144e-02 1.14696572988332e+05 
9.61549043215109e-02 1.14553025157815e+05 
9.63486346543026e-02 1.14412788395557e+05 
9.65428646850437e-02 1.14274665080517e+05 
9.67376642687506e-02 1.14146057044592e+05 
9.69330857609680e-02 1.14025363239777e+05 
9.71291913357779e-02 1.13910524834288e+05 
9.73260717092044e-02 1.13800819153534e+05 
9.75237821747974e-02 1.13702468324225e+05 
9.77224636174129e-02 1.13602676607994e+05 
9.79221674427804e-02 1.13501006292298e+05 
9.81191436734065e-02 1.13398620618327e+05 
9.83133677569390e-02 1.13299788214313e+05 
9.85116402631636e-02 1.13202950924460e+05 
9.87144229671137e-02 1.13110355740652e+05 
9.89109516515378e-02 1.13029143100806e+05 
9.91117214070464e-02 1.12955793109996e+05 
9.93083165831430e-02 1.12893767710959e+05 
9.95030290227547e-02 1.12839421502684e+05 
9.97017553753630e-02 1.12791146167848e+05 
9.98965782234573e-02 1.12750844573000e+05 
1.00095440455441e-01 1.12716299318146e+05 
1.00290377117620e-01 1.12688340116057e+05 
1.00478276649312e-01 1.12666125233176e+05 
1.00666580268965e-01 1.12647971547922e+05 
1.00855203375836e-01 1.12633296407879e+05 
1.01044137017727e-01 1.12621399380062e+05 
1.01233304219991e-01 1.12611544051242e+05 
1.01422709863863e-01 1.12602734620676e+05 
1.01612282931545e-01 1.12594205348868e+05 
1.01802036528765e-01 1.12585359184716e+05 
1.01991894601851e-01 1.12575350406094e+05 
1.02181913671255e-01 1.12563122140257e+05 
1.02372030175924e-01 1.12547628751335e+05 
1.02562319822985e-01 1.12527906082572e+05 
1.02752724017865e-01 1.12504918664284e+05 
1.02943326378716e-01 1.12476648551566e+05 
1.03134070944150e-01 1.12441699887808e+05 
1.03325042329995e-01 1.12399177903565e+05 
1.03516197750076e-01 1.12348611815967e+05 
1.03707583093946e-01 1.12295113141068e+05 
1.03899168861330e-01 1.12234741920544e+05 
1.04090999130505e-01 1.12162312137693e+05 
1.04283056743379e-01 1.12079863089096e+05 
1.04475394262558e-01 1.11989033733093e+05 
1.04668007444918e-01 1.11891538693591e+05 
1.04860951809810e-01 1.11786238375164e+05 
1.05054234179462e-01 1.11669948895232e+05 
1.05247907667550e-01 1.11554259129095e+05 
1.05441992146855e-01 1.11438762033415e+05 
1.05636536837721e-01 1.11323619466415e+05 
1.05831578993108e-01 1.11206993561816e+05 
1.06027164014865e-01 1.11088251630806e+05 
1.06223352359618e-01 1.10966593369962e+05 
1.06420186381400e-01 1.10841234187328e+05 
1.06617757275566e-01 1.10711755507378e+05 
1.06816105944248e-01 1.10577647846443e+05 
1.07014394814470e-01 1.10440973013723e+05 
1.07213366080108e-01 1.10301656253521e+05 
1.07414495086187e-01 1.10159033383030e+05 
1.07617695847809e-01 1.10013370187994e+05 
1.07824288260839e-01 1.09864323717487e+05 
1.08033503524224e-01 1.09712900728567e+05 
1.08242543457039e-01 1.09561694938397e+05 
1.08454857967303e-01 1.09408656962042e+05 
1.08664113985202e-01 1.09258885010622e+05 
1.08876555416699e-01 1.09108317425761e+05 
1.09086067279852e-01 1.08961705475402e+05 
1.09298652308893e-01 1.08815130424646e+05 
1.09508422400473e-01 1.08673047086276e+05 
1.09697145480585e-01 1.08547433832789e+05 
1.09886141117214e-01 1.08423970026684e+05 
1.10075369734681e-01 1.08302482535620e+05 
1.10264768188633e-01 1.08183233752072e+05 
1.10454311323350e-01 1.08066213979384e+05 
1.10643948874819e-01 1.07951474897258e+05 
1.10833679822883e-01 1.07838903423911e+05 
1.11023464196092e-01 1.07728371217051e+05 
1.11213324069410e-01 1.07619209799640e+05 
1.11403224487357e-01 1.07512159213603e+05 
1.11593204619671e-01 1.07406670640865e+05 
1.11783229959404e-01 1.07302707173392e+05 
1.11973343771819e-01 1.07199681246980e+05 
1.12163502514508e-01 1.07097726453934e+05 
1.12353773703654e-01 1.06996442226624e+05 
1.12544114681940e-01 1.06895712552805e+05 
1.12734593289162e-01 1.06795390414436e+05 
1.12925164281166e-01 1.06695371103683e+05 
1.13115891278848e-01 1.06595516810348e+05 
1.13306728363264e-01 1.06495736396794e+05 
1.13497734992283e-01 1.06395906959953e+05 
1.13688868065740e-01 1.06295954596204e+05 
1.13880186773023e-01 1.06195771133359e+05 
1.14071653114180e-01 1.06095301588542e+05 
1.14263325779307e-01 1.05994455109531e+05 
1.14455172905525e-01 1.05893195556776e+05 
1.14647251489203e-01 1.05791452464327e+05 
1.14839537141433e-01 1.05689208486108e+05 
1.15032084402747e-01 1.05586415769497e+05 
1.15224877772251e-01 1.05483073573454e+05 
1.15417968864739e-01 1.05379156440280e+05 
1.15611353174177e-01 1.05274677071464e+05 
1.15805078627124e-01 1.05169630464889e+05 
1.15999154005430e-01 1.05064039195546e+05 
1.16193622629496e-01 1.04957914602719e+05 
1.16388509335663e-01 1.04851284090134e+05 
1.16583852091406e-01 1.04744172644568e+05 
1.16779695274831e-01 1.04636607168261e+05 
1.16975448196060e-01 1.04528967500879e+05 
1.17172942488373e-01 1.04420307917552e+05 
1.17372233737927e-01 1.04310662742794e+05 
1.17574273428185e-01 1.04199584023956e+05 
1.17778394999753e-01 1.04087522272291e+05 
1.17985303828410e-01 1.03974188781319e+05 
1.18193618940555e-01 1.03860439991011e+05 
1.18401986517065e-01 1.03747116414942e+05 
1.18610604669017e-01 1.03634217024022e+05 
1.18819408995761e-01 1.03521880117829e+05 
1.19028520463333e-01 1.03410149629527e+05 
1.19237681426706e-01 1.03299265676183e+05 
1.19446980342293e-01 1.03189293470799e+05 
1.19656413910777e-01 1.03080370276902e+05 
1.19866070590950e-01 1.02972419992307e+05 
1.20075917859713e-01 1.02865926561747e+05 
1.20286049751302e-01 1.02760883954924e+05 
1.20496411346725e-01 1.02657387650400e+05 
1.20707106505949e-01 1.02555448515695e+05 
1.20918062923182e-01 1.02455461195262e+05 
1.21129396281387e-01 1.02356863734310e+05 
1.21341020146756e-01 1.02260313101828e+05 
1.21553062257285e-01 1.02165393031838e+05 
1.21765423833923e-01 1.02072696422640e+05 
1.21978244158745e-01 1.01981788812072e+05 
1.22191412162863e-01 1.01893135547346e+05 
1.22405077900375e-01 1.01806712052140e+05 
1.22619069648904e-01 1.01722727869956e+05 
1.22833315907118e-01 1.01641175520498e+05 
1.23047804071836e-01 1.01562110025810e+05 
1.23262601661886e-01 1.01485638594620e+05 
1.23477681893164e-01 1.01411835293586e+05 
1.23693119508603e-01 1.01340454555313e+05 
1.23908875445814e-01 1.01271697613985e+05 
1.24125031947458e-01 1.01205940019352e+05 
1.24341535691726e-01 1.01143259123369e+05 
1.24557759234511e-01 1.01083631726558e+05 
1.24775065966190e-01 1.01024482524417e+05 
1.24992836864951e-01 1.00970069906922e+05 
1.25210991073506e-01 1.00919518905488e+05 
1.25429632408023e-01 1.00871975660348e+05 
1.25648669120954e-01 1.00827207305851e+05 
1.25863177058896e-01 1.00787531274321e+05 
1.26083120975700e-01 1.00747780214617e+05 
1.26297726790016e-01 1.00709470136740e+05 
1.26518611420296e-01 1.00670391419952e+05 
1.26733220500844e-01 1.00632528312454e+05 
1.26955076078522e-01 1.00596335303481e+05 
1.27173070404526e-01 1.00563126331903e+05 
1.27393270352739e-01 1.00531790375406e+05 
1.27606309397196e-01 1.00502666137379e+05 
1.27824261657944e-01 1.00474238734811e+05 
1.28033482301567e-01 1.00446052511357e+05 
1.28248147167388e-01 1.00417133777663e+05 
1.28453497461121e-01 1.00390622781092e+05 
1.28662874414261e-01 1.00367887167063e+05 
1.28875174897558e-01 1.00351063402972e+05 
1.29083341515154e-01 1.00341436773013e+05 
1.29288981038135e-01 1.00340282635328e+05 
1.29499747228886e-01 1.00346487240499e+05 
1.29705880702639e-01 1.00360605107699e+05 
1.29917316599487e-01 1.00383698007302e+05 
1.30123952509058e-01 1.00416549942215e+05 
1.30335962415664e-01 1.00460836439012e+05 
1.30554072598939e-01 1.00516661875006e+05 
1.30764406233396e-01 1.00576036395849e+05 
1.30980533884853e-01 1.00653360830992e+05 
1.31203205725769e-01 1.00744775212974e+05 
1.31420289593717e-01 1.00844095177192e+05 
1.31630552259663e-01 1.00957360156168e+05 
1.31847175948611e-01 1.01070109667292e+05 
1.32069541615806e-01 1.01181398326454e+05 
1.32298516311760e-01 1.01325374099271e+05 
1.32528355187663e-01 1.01516691258010e+05 
1.32748871132061e-01 1.01762168052077e+05 
1.32965105767683e-01 1.02065238574784e+05 
1.33179113524113e-01 1.02411137905161e+05 
1.33400451273172e-01 1.02816982264770e+05 
1.33627329565661e-01 1.03279640274070e+05 
1.33858056182008e-01 1.03790715638010e+05 
1.34072331584741e-01 1.04292953401797e+05 
1.34294149991528e-01 1.04832427902406e+05 
1.34508640677315e-01 1.05363469454401e+05 
1.34725392622102e-01 1.05900487034578e+05 
1.34939657278799e-01 1.06416611468616e+05 
1.35156703828598e-01 1.06919909566190e+05 
1.35370689548462e-01 1.07385644578597e+05 
1.35588254417636e-01 1.07813844981494e+05 
1.35802033337853e-01 1.08208521194617e+05 
1.36020047091093e-01 1.08535356634261e+05 
1.36233697309868e-01 1.08784834196184e+05 
1.36452018969844e-01 1.08978408448486e+05 
1.36665587080866e-01 1.09102690789440e+05 
1.36884153665749e-01 1.09203497580100e+05 
1.37097657340200e-01 1.09247960053624e+05 
1.37316432500901e-01 1.09247143287221e+05 
1.37529873024724e-01 1.09199538267303e+05 
1.37748789898959e-01 1.09105037505198e+05 
1.37962162066877e-01 1.08997795491043e+05 
1.38181121533830e-01 1.08886508828267e+05 
1.38394420803185e-01 1.08775620139118e+05 
1.38613316934962e-01 1.08664387639130e+05 
1.38819256964272e-01 1.08558474384233e+05 
1.39032755330509e-01 1.08450748986474e+05 
1.39238713894465e-01 1.08349647477379e+05 
1.39451345539737e-01 1.08247627177656e+05 
1.39657318465024e-01 1.08152015889860e+05 
1.39869434659690e-01 1.08056497805919e+05 
1.40075428643429e-01 1.07967086407799e+05 
1.40287231078787e-01 1.07879070748672e+05 
1.40493257654682e-01 1.07796909255921e+05 
1.40704870953183e-01 1.07715975613393e+05 
1.40910944453912e-01 1.07640033188420e+05 
1.41122455666541e-01 1.07564651059491e+05 
1.41328593065559e-01 1.07493343953528e+05 
1.41540069150346e-01 1.07421642402027e+05 
1.41746290706782e-01 1.07352937654183e+05 
1.41957789192484e-01 1.07283363010082e+05 
1.42164119656943e-01 1.07215980806532e+05 
1.42375696128036e-01 1.07146956714202e+05 
1.42582164290508e-01 1.07079337936898e+05 
1.42793877307384e-01 1.07009112130434e+05 
1.42979068214062e-01 1.06946364621312e+05 
1.43169433800318e-01 1.06880351594455e+05 
1.43365023656113e-01 1.06810751945776e+05 
1.43554099967031e-01 1.06742172371035e+05 
1.43741497023203e-01 1.06672820285886e+05 
1.43930662107673e-01 1.06601398198861e+05 
1.44118249046263e-01 1.06529251253020e+05 
1.44307589781858e-01 1.06455209129447e+05 
1.44495328523836e-01 1.06380705227780e+05 
1.44684812030729e-01 1.06304540006209e+05 
1.44878038363665e-01 1.06226040201637e+05 
1.45067778799753e-01 1.06148370634326e+05 
1.45255755889991e-01 1.06071010991076e+05 
1.45445714659376e-01 1.05992581492794e+05 
1.45633801759108e-01 1.05914884983066e+05 
1.45824031956429e-01 1.05836540962016e+05 
1.46012231413652e-01 1.05759528374415e+05 
1.46202726264963e-01 1.05682333143867e+05 
1.46391047521766e-01 1.05606398908719e+05 
1.46581785393612e-01 1.05530611095661e+05 
1.46770242558280e-01 1.05457170319064e+05 
1.46961103303220e-01 1.05384538200989e+05 
1.47149435998073e-01 1.05314701882027e+05 
1.47340569513542e-01 1.05243774275992e+05 
1.47528740485543e-01 1.05176619648553e+05 
1.47720419930965e-01 1.05111049478736e+05 
1.47908474230375e-01 1.05049195714642e+05 
1.48100839841543e-01 1.04987922735769e+05 
1.48288835119338e-01 1.04929753282205e+05 
1.48481854933079e-01 1.04871852506999e+05 
1.48693114025062e-01 1.04812247443705e+05 
1.48908150337985e-01 1.04751794238167e+05 
1.49119250203019e-01 1.04692420770465e+05 
1.49334029917360e-01 1.04632405373289e+05 
1.49544948741478e-01 1.04577412437114e+05 
1.49763538753606e-01 1.04525126008193e+05 
1.49980717945178e-01 1.04479932607183e+05 
1.50196028315663e-01 1.04442826513115e+05 
1.50409994027418e-01 1.04414950129228e+05 
1.50596228198713e-01 1.04397540024763e+05 
1.50801085787138e-01 1.04384295379070e+05 
1.51010859792067e-01 1.04376856327052e+05 
1.51220179117272e-01 1.04375276976428e+05 
1.51428030082983e-01 1.04379001379975e+05 
1.51635585260374e-01 1.04387329061607e+05 
1.51842249738193e-01 1.04399530299452e+05 
1.52048550691064e-01 1.04414799759374e+05 
1.52254061123427e-01 1.04432441219701e+05 
1.52459206717469e-01 1.04451734167972e+05 
1.52663494194105e-01 1.04471967592917e+05 
1.52867514848019e-01 1.04492500249072e+05 
1.53070502398263e-01 1.04512611592471e+05 
1.53273223229917e-01 1.04531801535387e+05 
1.53474974793976e-01 1.04549442374695e+05 
1.53676434036454e-01 1.04565098291412e+05 
1.53876937223011e-01 1.04578254534769e+05 
1.54077141331064e-01 1.04588641662842e+05 
1.54276421155511e-01 1.04596017568807e+05 
1.54475402751857e-01 1.04600164521879e+05 
1.54673498485612e-01 1.04600958781733e+05 
1.54871302050255e-01 1.04598537477531e+05 
1.55068263923879e-01 1.04593067102741e+05 
1.55264944149807e-01 1.04584568259588e+05 
1.55460831627944e-01 1.04573468344202e+05 
1.55656451337649e-01 1.04560498979441e+05 
1.55851330595841e-01 1.04546434232304e+05 
1.56045957984600e-01 1.04530697127012e+05 
1.56239899254408e-01 1.04513857489082e+05 
1.56433605514944e-01 1.04499790003679e+05 
1.56626680941122e-01 1.04488382596459e+05 
1.56819538303679e-01 1.04480301096787e+05 
1.57011820290171e-01 1.04476191816103e+05 
1.57203900630635e-01 1.04478378296567e+05 
1.57395460734795e-01 1.04483772408989e+05 
1.57586834637155e-01 1.04493084005364e+05 
1.57777742842852e-01 1.04508547222525e+05 
1.57968478988303e-01 1.04531102891526e+05 
1.58158803269312e-01 1.04563252892409e+05 
1.58348968096111e-01 1.04607202023187e+05 
1.58538774242375e-01 1.04662693117701e+05 
1.58728431840413e-01 1.04730735909452e+05 
1.58917783525345e-01 1.04812430408518e+05 
1.59106995751411e-01 1.04908512113026e+05 
1.59295954862653e-01 1.05019546090180e+05 
1.59484781697723e-01 1.05146057481191e+05 
1.59673409050058e-01 1.05288287910377e+05 
1.59861909359267e-01 1.05446346885332e+05 
1.60050266157006e-01 1.05620100472142e+05 
1.60238499137223e-01 1.05809172093702e+05 
1.60426650140768e-01 1.06012942130931e+05 
1.60614678416246e-01 1.06230248377118e+05 
1.60821509519272e-01 1.06483773944084e+05 
1.61009671329995e-01 1.06726057206279e+05 
1.61198175384756e-01 1.06978019107604e+05 
1.61386803369288e-01 1.07237061303254e+05 
1.61575739160891e-01 1.07501454752923e+05 
1.61764795604570e-01 1.07768748776201e+05 
1.61954116715409e-01 1.08036214222519e+05 
1.62143555799302e-01 1.08300563674166e+05 
1.62333237976136e-01 1.08558821991412e+05 
1.62523044220653e-01 1.08810820793671e+05 
1.62713083066844e-01 1.09051055494062e+05 
1.62903253473486e-01 1.09274591141479e+05 
1.63093650502669e-01 1.09477643726743e+05 
1.63284184887722e-01 1.09659332995393e+05 
1.63474941230471e-01 1.09840605320932e+05 
1.63665837317700e-01 1.09983034917181e+05 
1.63856949125064e-01 1.10093166886694e+05 
1.64048200990266e-01 1.10177629119804e+05 
1.64239662690056e-01 1.10237565070082e+05 
1.64431263514643e-01 1.10274284422202e+05 
1.64623068960106e-01 1.10271046993072e+05 
1.64815007864236e-01 1.10265117346719e+05 
1.65007143229128e-01 1.10255350703287e+05 
1.65199405875516e-01 1.10240668255021e+05 
1.65391858652464e-01 1.10216324752592e+05 
1.65584432684162e-01 1.10183376618856e+05 
1.65777192293613e-01 1.10136644143456e+05 
1.65970067278490e-01 1.10076479260645e+05 
1.66163124712562e-01 1.09996164950120e+05 
1.66356291768266e-01 1.09898405873674e+05 
1.66549639289494e-01 1.09786310107593e+05 
1.66743090740952e-01 1.09659399081520e+05 
1.66936721591542e-01 1.09522805000540e+05 
1.67130450751374e-01 1.09377219552226e+05 
1.67324359045846e-01 1.09222332389251e+05 
1.67518360122133e-01 1.09058156884531e+05 
1.67712540704091e-01 1.08886552510222e+05 
1.67906808630308e-01 1.08708903968513e+05 
1.68101256993431e-01 1.08525889201107e+05 
1.68295787394131e-01 1.08338347757169e+05 
1.68490499720936e-01 1.08147151405694e+05 
1.68685288993321e-01 1.07953103038672e+05 
1.68880262216004e-01 1.07756901637306e+05 
1.69075307585567e-01 1.07559358591214e+05 
1.69270539484153e-01 1.07360942341831e+05 
1.69465839162701e-01 1.07162299483881e+05 
1.69661328493898e-01 1.06963735839913e+05 
1.69856881790358e-01 1.06765732902680e+05 
1.70052628341557e-01 1.06568495192634e+05 
1.70248435550412e-01 1.06372425368246e+05 
1.70444440061374e-01 1.06177578410695e+05 
1.70640502238786e-01 1.05984259754768e+05 
1.70836766082625e-01 1.05792401034747e+05 
1.71033084753569e-01 1.05602219659572e+05 
1.71229609626012e-01 1.05413557762413e+05 
1.71426186605807e-01 1.05226565743122e+05 
1.71622974426308e-01 1.05041030713567e+05 
1.71819811796730e-01 1.04857062305718e+05 
1.72016864737140e-01 1.04674416935159e+05 
1.72213964873136e-01 1.04493183315777e+05 
1.72411285388768e-01 1.04313102039948e+05 
1.72608650957375e-01 1.04134262557128e+05 
1.72806241770391e-01 1.03956407800418e+05 
1.73003875693204e-01 1.03779646437235e+05 
1.73201739744248e-01 1.03603734158725e+05 
1.73399645144425e-01 1.03428804496707e+05 
1.73597785542875e-01 1.03254626058465e+05 
1.73795965695271e-01 1.03081354607405e+05 
1.73994385676028e-01 1.02908778790023e+05 
1.74192843966558e-01 1.02737065789372e+05 
1.74391546850447e-01 1.02566020745645e+05 
1.74590286734071e-01 1.02395852775731e+05 
1.74789275847379e-01 1.02226342222111e+05 
1.74988300835416e-01 1.02057758651243e+05 
1.75187579625951e-01 1.01889895208747e+05 
1.75386893402470e-01 1.01722815291869e+05 
1.75586465521260e-01 1.01556724243546e+05 
1.75786071916382e-01 1.01391719742717e+05 
1.75985941083786e-01 1.01227496907507e+05 
1.76185843910805e-01 1.01064545352990e+05 
1.76386013745795e-01 1.00902054948452e+05 
1.76586216673736e-01 1.00740334617557e+05 
1.76786690609082e-01 1.00579283246145e+05 
1.76987197126215e-01 1.00419234640993e+05 
1.77187978399666e-01 1.00260002433902e+05 
1.77388791802770e-01 1.00101839856869e+05 
1.77589883443985e-01 9.99446815339431e+04 
1.77791006810130e-01 9.97887143220722e+04 
1.77992411609502e-01 9.96337806511167e+04 
1.78193847771968e-01 9.94799857777847e+04 
1.78395568263012e-01 9.93271764701066e+04 
1.78597319803762e-01 9.91755539428065e+04 
1.78799358264119e-01 9.90249216922504e+04 
1.79001427519469e-01 9.88755216922855e+04 
1.79203785966343e-01 9.87271302745218e+04 
1.79406174990442e-01 9.85800014768503e+04 
1.79608855134963e-01 9.84339101522167e+04 
1.79811565648524e-01 9.82890875746549e+04 
1.80014568850638e-01 9.81453167760627e+04 
1.80217602205934e-01 9.80028024755841e+04 
1.80420929452741e-01 9.78613385180289e+04 
1.80624286617682e-01 9.77211116981411e+04 
1.80827938510836e-01 9.75819132208121e+04 
1.81031620056053e-01 9.74439337845932e+04 
1.81235596802641e-01 9.73069523137901e+04 
1.81439602889116e-01 9.71711597727219e+04 
1.81643904290836e-01 9.70363223926551e+04 
1.81848234652427e-01 9.69026231377903e+04 
1.82052860084873e-01 9.67698258883911e+04 
1.82257514023292e-01 9.66381044531302e+04 
1.82462462451176e-01 9.65072215702253e+04 
1.82667438870272e-01 9.63773487569958e+04 
1.82872708882571e-01 9.62482529080437e+04 
1.83078006319626e-01 9.61201119107982e+04 
1.83283596181458e-01 9.59926701437982e+04 
1.83489212875982e-01 9.58661140260677e+04 
1.83695120605880e-01 9.57402224149688e+04 
1.83901054570378e-01 9.56151386679235e+04 
1.84107278012619e-01 9.54907507157843e+04 
1.84313527098891e-01 9.53672644780574e+04 
1.84520063987897e-01 9.52442535164700e+04 
1.84726625946112e-01 9.51221894937290e+04 
1.84933473958780e-01 9.50010474912627e+04 
1.85140346498452e-01 9.48805384978516e+04 
1.85347503322099e-01 9.47604717701505e+04 
1.85554684198704e-01 9.46412043709956e+04 
1.85762147616322e-01 9.45224711626222e+04 
1.85969634713692e-01 9.44045093703431e+04 
1.86177402669039e-01 9.42871280513777e+04 
1.86385194053260e-01 9.41705104227095e+04 
1.86593264687390e-01 9.40544539401331e+04 
1.86801358643008e-01 9.39391546430227e+04 
1.87009730294422e-01 9.38244091479167e+04 
1.87218125279399e-01 9.37104006246287e+04 
1.87426796427172e-01 9.35969247329155e+04 
1.87635491043211e-01 9.34841577835530e+04 
1.87844460292970e-01 9.33719016940577e+04 
1.88053453267217e-01 9.32603232742738e+04 
1.88262719311061e-01 9.31492269473759e+04 
1.88472009437570e-01 9.30387815626928e+04 
1.88681570983531e-01 9.29287845663062e+04 
1.88891157052210e-01 9.28197351579555e+04 
1.89101012752968e-01 9.27109349525200e+04 
1.89310893489148e-01 9.26024797844784e+04 
1.89521041886892e-01 9.24943695442505e+04 
1.89731215897184e-01 9.23864690860647e+04 
1.89941655369688e-01 9.22788854173154e+04 
1.90152121076960e-01 9.21714440671144e+04 
1.90362849769060e-01 9.20642269939645e+04 
1.90573605319009e-01 9.19570582503071e+04 
1.90784621057678e-01 9.18500219852794e+04 
1.90995664281854e-01 9.17429351210493e+04 
1.91206964554497e-01 9.16359141841663e+04 
1.91418292953708e-01 9.15287821170276e+04 
1.91629874866668e-01 9.14215786550531e+04 
1.91841485548114e-01 9.13140177013305e+04 
1.92053345744784e-01 9.12061889851874e+04 
1.92265235270876e-01 9.10987712489477e+04 
1.92477369810562e-01 9.09909655279402e+04 
1.92689534105341e-01 9.08831762744366e+04 
1.92901938393446e-01 9.07747464075448e+04 
1.93114372689336e-01 9.06660757493037e+04 
1.93327041456131e-01 9.05566300051255e+04 
1.93539740322462e-01 9.04468633506061e+04 
1.93752667724411e-01 9.03362107185937e+04 
1.93965625210405e-01 9.02251515290611e+04 
1.94178804974211e-01 9.01131393392504e+04 
1.94392014737938e-01 9.00006038096441e+04 
1.94605440283887e-01 8.98871672843280e+04 
1.94818895704498e-01 8.97728707127546e+04 
1.95032560250801e-01 8.96579114987872e+04 
1.95246254512290e-01 8.95419609737583e+04 
1.95460151144190e-01 8.94253177620114e+04 
1.95674077294299e-01 8.93079021354783e+04 
1.95888199024929e-01 8.91898402641176e+04 
1.96102349992103e-01 8.90712821222684e+04 
1.96316689724841e-01 8.89521681835909e+04 
1.96531058274639e-01 8.88326230208266e+04 
1.96745608830443e-01 8.87126289695271e+04 
1.96960187623375e-01 8.85923107308602e+04 
1.97174941794314e-01 8.84716579617983e+04 
1.97389722680731e-01 8.83508122481047e+04 
1.97604671743676e-01 8.82297519714536e+04 
1.97819645240329e-01 8.81086491527566e+04 
1.98034779680717e-01 8.79874612100651e+04 
1.98249936148735e-01 8.78663896838351e+04 
1.98465247142296e-01 8.77453777511901e+04 
1.98680577731741e-01 8.76246365810435e+04 
1.98896057395531e-01 8.75041005538307e+04 
1.99111554172423e-01 8.73839857374375e+04 
1.99327195648266e-01 8.72642197496153e+04 
1.99542851704249e-01 8.71450101957478e+04 
1.99758649333420e-01 8.70262844719835e+04 
1.99974458995507e-01 8.69082322699735e+04 
2.00190408589133e-01 8.67907851098311e+04 
