# Liste des scalaires : TEMPS pmat 
0.00000000000000e+00 1.00000000000000e+05 
7.22956891292051e-05 1.00000000000000e+05 
1.39473830159790e-04 1.00000000000000e+05 
2.09658797050094e-04 1.00000000000000e+05 
2.76117114236751e-04 1.00000000000000e+05 
3.20638761908149e-04 1.00000000000000e+05 
3.55139419127700e-04 1.00000000000000e+05 
3.84466703006982e-04 1.00000000000000e+05 
4.10882456555386e-04 1.00000000000000e+05 
4.35440253196364e-04 1.00000000000000e+05 
4.62453829501440e-04 1.00000000000000e+05 
4.92168763437023e-04 1.00000000000000e+05 
5.24855190766165e-04 1.00000000000000e+05 
5.60810260828221e-04 1.00000000000000e+05 
6.00360837896482e-04 1.00000000000000e+05 
6.43866472671570e-04 1.00000000000000e+05 
6.91722670924167e-04 1.00000000000000e+05 
7.44364489002023e-04 1.00000000000000e+05 
8.02270488887665e-04 1.00000000000000e+05 
8.65967088761871e-04 1.00000000000000e+05 
9.36033348623497e-04 1.00000000000000e+05 
1.01310623447129e-03 1.00000000000000e+05 
1.09788640890385e-03 1.00000000000000e+05 
1.19114460077968e-03 1.00000000000000e+05 
1.28874595967999e-03 1.00000000000000e+05 
1.39427742078094e-03 1.00000000000000e+05 
1.50221628787630e-03 1.00000000000000e+05 
1.61553425737489e-03 1.00000000000000e+05 
1.73457348070841e-03 1.00000000000000e+05 
1.85733677968633e-03 1.00000000000000e+05 
1.98616223838892e-03 1.00000000000000e+05 
2.11872938704649e-03 1.00000000000000e+05 
2.25541689819685e-03 1.00000000000000e+05 
2.39772133018698e-03 1.00000000000000e+05 
2.54485627309116e-03 1.00000000000000e+05 
2.69657390129224e-03 1.00000000000000e+05 
2.85238267869196e-03 1.00000000000000e+05 
3.01245336052058e-03 1.00000000000000e+05 
3.17812497446118e-03 1.00000000000000e+05 
3.34903914085947e-03 1.00000000000000e+05 
3.52550659026312e-03 1.00000000000000e+05 
3.70726992321381e-03 1.00000000000000e+05 
3.89587589613588e-03 1.00000000000000e+05 
4.08975108537179e-03 1.00000000000000e+05 
4.28959471140218e-03 1.00000000000000e+05 
4.49516060408421e-03 1.00000000000000e+05 
4.70839016598760e-03 1.00000000000000e+05 
4.92856382961008e-03 1.00000000000000e+05 
5.15483884145775e-03 1.00000000000000e+05 
5.38810296190528e-03 1.00000000000000e+05 
5.62716630832513e-03 1.00000000000000e+05 
5.87020911792086e-03 1.00000000000000e+05 
6.12048301668719e-03 1.00000000000000e+05 
6.37286594506301e-03 1.00000000000000e+05 
6.63255281660237e-03 1.00000000000000e+05 
6.89402258475617e-03 1.00000000000000e+05 
7.16407888327033e-03 1.00000000000000e+05 
7.43688359574235e-03 1.00000000000000e+05 
7.71399393221855e-03 1.00000000000000e+05 
7.99382021467310e-03 1.00000000000000e+05 
8.27676473429865e-03 1.00000000000000e+05 
8.55486960153738e-03 1.00000000000000e+05 
8.82693126374683e-03 1.00000000000000e+05 
9.09434989140301e-03 1.00000000000000e+05 
9.35798201906543e-03 1.00000000000000e+05 
9.61828187500616e-03 1.00000000000000e+05 
9.87458787232985e-03 1.00000000000000e+05 
1.01275999656724e-02 1.00000000000000e+05 
1.03780906518186e-02 1.00000000000000e+05 
1.06260594614974e-02 1.00000000000000e+05 
1.08549555313681e-02 1.00000000000000e+05 
1.10600486088503e-02 1.00000000000000e+05 
1.12527946986219e-02 1.00000000000000e+05 
1.14376549534527e-02 1.00000000000000e+05 
1.16160555005572e-02 1.00000000000000e+05 
1.17893912672504e-02 1.00000000000000e+05 
1.19585465137970e-02 1.00000000000000e+05 
1.21239073957473e-02 1.00000000000000e+05 
1.22865738699372e-02 1.00000000000000e+05 
1.24467469425439e-02 1.00000000000000e+05 
1.26054874405472e-02 1.00000000000000e+05 
1.27630810355035e-02 1.00000000000000e+05 
1.29205520206995e-02 1.00000000000000e+05 
1.30780807734455e-02 1.00000000000000e+05 
1.32361973639633e-02 1.00000000000000e+05 
1.33950989578841e-02 1.00000000000000e+05 
1.35552086406588e-02 1.00000000000000e+05 
1.37173207920779e-02 1.00000000000000e+05 
1.38814664426139e-02 1.00000000000000e+05 
1.40484211363458e-02 1.00000000000000e+05 
1.42181139113575e-02 1.00000000000000e+05 
1.43911500323866e-02 1.00000000000000e+05 
1.45673286922750e-02 1.00000000000000e+05 
1.47470948648431e-02 1.00000000000000e+05 
1.49301029188272e-02 1.00000000000000e+05 
1.51166596566482e-02 1.00000000000000e+05 
1.53062809875187e-02 1.00000000000000e+05 
1.54991712388470e-02 1.00000000000000e+05 
1.56947357412140e-02 1.00000000000000e+05 
1.58931166979030e-02 1.00000000000000e+05 
1.60936493504658e-02 1.00000000000000e+05 
1.62964564761498e-02 1.00000000000000e+05 
1.65008398629389e-02 1.00000000000000e+05 
1.67069364580981e-02 1.00000000000000e+05 
1.69140420194051e-02 1.00000000000000e+05 
1.71222375437440e-02 1.00000000000000e+05 
1.73310471967112e-02 1.00000000000000e+05 
1.75404392122239e-02 1.00000000000000e+05 
1.77501622448156e-02 1.00000000000000e+05 
1.79601354537485e-02 1.00000000000000e+05 
1.81702749819394e-02 1.00000000000000e+05 
1.83805013896825e-02 1.00000000000000e+05 
1.85908071262630e-02 1.00000000000000e+05 
1.88011417167746e-02 1.00000000000000e+05 
1.90115595978175e-02 1.00000000000000e+05 
1.92219930241806e-02 1.00000000000000e+05 
1.94324535445470e-02 1.00000000000000e+05 
1.96429694154238e-02 1.00000000000000e+05 
1.98528436399812e-02 1.00000000000000e+05 
2.00607312378546e-02 1.00000000000000e+05 
2.02656245683998e-02 1.00000000000000e+05 
2.04661579242866e-02 1.00000000000000e+05 
2.06623172689975e-02 1.00000000000000e+05 
2.08545683041387e-02 1.00000000000000e+05 
2.10441761188836e-02 1.00000000000000e+05 
2.12299851696883e-02 1.00000000000000e+05 
2.14120735558349e-02 1.00000000000000e+05 
2.15917140278203e-02 1.00000000000000e+05 
2.17689026134442e-02 1.00000000000000e+05 
2.19449031550639e-02 1.00000000000000e+05 
2.21199497491614e-02 1.00000000000000e+05 
2.22949898025764e-02 1.00000000000000e+05 
2.24700739932526e-02 1.00000000000000e+05 
2.26459198679593e-02 1.00000000000000e+05 
2.28225382755869e-02 1.00000000000000e+05 
2.30005234060363e-02 1.00000000000000e+05 
2.31798761306059e-02 1.00000000000000e+05 
2.33610800777068e-02 1.00000000000000e+05 
2.35441467543042e-02 1.00000000000000e+05 
2.37279493004495e-02 1.00000000000000e+05 
2.39120387628798e-02 1.00000000000000e+05 
2.40969523096115e-02 1.00000000000000e+05 
2.42827085989292e-02 1.00000000000000e+05 
2.44697940753801e-02 1.00000000000000e+05 
2.46581343329679e-02 1.00000000000000e+05 
2.48481725971794e-02 1.00000000000000e+05 
2.50397631647202e-02 1.00000000000000e+05 
2.52333034397180e-02 1.00000000000000e+05 
2.54285913292649e-02 1.00000000000000e+05 
2.56260270320069e-02 1.00000000000000e+05 
2.58253851973220e-02 1.00000000000000e+05 
2.60270674008565e-02 1.00000000000000e+05 
2.62308217476340e-02 1.00000000000000e+05 
2.64363890832867e-02 1.00000000000000e+05 
2.66428510485858e-02 1.00000000000000e+05 
2.68506731902597e-02 1.00000000000000e+05 
2.70596157354608e-02 1.00000000000000e+05 
2.72701264567734e-02 1.00000000000000e+05 
2.74819512275618e-02 1.00000000000000e+05 
2.76955065511689e-02 1.00000000000000e+05 
2.79105269943183e-02 1.00000000000000e+05 
2.81274092862336e-02 1.00000000000000e+05 
2.83459017042760e-02 1.00000000000000e+05 
2.85663669196374e-02 1.00000000000000e+05 
2.87885450518577e-02 1.00000000000000e+05 
2.90127434367211e-02 1.00000000000000e+05 
2.92387014950583e-02 1.00000000000000e+05 
2.94666648439148e-02 1.00000000000000e+05 
2.96963821674973e-02 1.00000000000000e+05 
2.99280570766998e-02 1.00000000000000e+05 
3.01610742293826e-02 1.00000000000000e+05 
3.03951647771598e-02 1.00000000000000e+05 
3.06300975251249e-02 1.00000000000000e+05 
3.08660921475845e-02 1.00000000000000e+05 
3.11028563656965e-02 1.00000000000000e+05 
3.13406972034424e-02 1.00000000000000e+05 
3.15793731985311e-02 1.00000000000000e+05 
3.18191993622072e-02 1.00000000000000e+05 
3.20599561563562e-02 1.00000000000000e+05 
3.23019731787779e-02 1.00000000000000e+05 
3.25450215586311e-02 1.00000000000000e+05 
3.27894553188395e-02 1.00000000000000e+05 
3.30350312192673e-02 1.00000000000000e+05 
3.32821304659451e-02 1.00000000000000e+05 
3.35304912902806e-02 1.00000000000000e+05 
3.37805111313478e-02 1.00000000000000e+05 
3.40318999632066e-02 1.00000000000000e+05 
3.42850634084665e-02 1.00000000000000e+05 
3.45396815175795e-02 1.00000000000000e+05 
3.47961649813782e-02 1.00000000000000e+05 
3.50541593782731e-02 1.00000000000000e+05 
3.53140580115709e-02 1.00000000000000e+05 
3.55754803116854e-02 1.00000000000000e+05 
3.58388030768982e-02 1.00000000000000e+05 
3.61036481455064e-02 1.00000000000000e+05 
3.63700740431552e-02 1.00000000000000e+05 
3.66369948985425e-02 1.00000000000000e+05 
3.69047505954871e-02 1.00000000000000e+05 
3.71730296093993e-02 1.00000000000000e+05 
3.74419254507614e-02 1.00000000000000e+05 
3.77113829535267e-02 1.00000000000000e+05 
3.79814849717408e-02 1.00000000000000e+05 
3.82521646082964e-02 1.00000000000000e+05 
3.85234752247257e-02 1.00000000000000e+05 
3.87953474898655e-02 1.00000000000000e+05 
3.90678031346435e-02 1.00000000000000e+05 
3.93407784015143e-02 1.00000000000000e+05 
3.96142623430538e-02 1.00000000000000e+05 
3.98882246422014e-02 1.00000000000000e+05 
4.01626340476343e-02 1.00000000000000e+05 
4.04374703376480e-02 1.00000000000000e+05 
4.07126850652628e-02 1.00000000000000e+05 
4.09882473062541e-02 1.00000000000000e+05 
4.12641102752563e-02 1.00000000000000e+05 
4.15402494910387e-02 1.00000000000000e+05 
4.18166427351597e-02 1.00000000000000e+05 
4.20932623632549e-02 1.00000000000000e+05 
4.23701141405577e-02 1.00000000000000e+05 
4.26471728132148e-02 1.00000000000000e+05 
4.29244508337740e-02 1.00000000000000e+05 
4.32019143962468e-02 1.00000000000000e+05 
4.34795854883767e-02 1.00000000000000e+05 
4.37574356455258e-02 1.00000000000000e+05 
4.40354930997785e-02 1.00000000000000e+05 
4.43136522100779e-02 1.00000000000000e+05 
4.45919818546493e-02 1.00000000000000e+05 
4.48703992961974e-02 1.00000000000000e+05 
4.51488588976162e-02 1.00000000000000e+05 
4.54273967813256e-02 1.00000000000000e+05 
4.57059228679700e-02 1.00000000000000e+05 
4.59845860871733e-02 1.00000000000000e+05 
4.62633166143343e-02 1.00000000000000e+05 
4.65422632825217e-02 1.00000000000000e+05 
4.68213591024628e-02 1.00000000000000e+05 
4.71007713958045e-02 1.00000000000000e+05 
4.73804330880204e-02 1.00000000000000e+05 
4.76605212226357e-02 1.00000000000000e+05 
4.79409361242747e-02 1.00000000000000e+05 
4.82218432232865e-02 1.00000000000000e+05 
4.85031407976871e-02 1.00000000000000e+05 
4.87849855500758e-02 1.00000000000000e+05 
4.90673195961364e-02 1.00000000000000e+05 
4.93502089198610e-02 1.00000000000000e+05 
4.96336114777007e-02 1.00000000000000e+05 
4.99173506319836e-02 1.00000000000000e+05 
5.02011564726543e-02 1.00000000000000e+05 
5.04852489564819e-02 1.00000000000000e+05 
5.07693859062090e-02 1.00000000000000e+05 
5.10537795622484e-02 1.00000000000000e+05 
5.13381700954884e-02 1.00000000000000e+05 
5.16227537751024e-02 1.00000000000000e+05 
5.19072982042647e-02 1.00000000000000e+05 
5.21919296634346e-02 1.00000000000000e+05 
5.24764752089728e-02 1.00000000000000e+05 
5.27608476462581e-02 1.00000000000000e+05 
5.30449452811707e-02 1.00000000000000e+05 
5.33288288643732e-02 1.00000000000000e+05 
5.36123596075348e-02 1.00000000000000e+05 
5.38956414138278e-02 1.00000000000000e+05 
5.41784866406946e-02 1.00000000000000e+05 
5.44610328480766e-02 1.00000000000000e+05 
5.47430098870170e-02 1.00000000000000e+05 
5.50245872491492e-02 1.00000000000000e+05 
5.53054325204223e-02 1.00000000000000e+05 
5.55857707316567e-02 1.00000000000000e+05 
5.58652434761891e-02 1.00000000000000e+05 
5.61441654444605e-02 1.00000000000000e+05 
5.64222206566548e-02 1.00000000000000e+05 
5.66995418395139e-02 1.00000000000000e+05 
5.69760110640712e-02 1.00000000000000e+05 
5.72519342447911e-02 1.00000000000000e+05 
5.75273161595151e-02 1.00000000000000e+05 
5.78024681461741e-02 1.00000000000000e+05 
5.80774649602071e-02 1.00000000000000e+05 
5.83523914559917e-02 1.00000000000000e+05 
5.86261712979004e-02 1.00000000000000e+05 
5.88992370074414e-02 1.00000000000000e+05 
5.91713524130849e-02 1.00000000000000e+05 
5.94428705489352e-02 1.00000000000000e+05 
5.97135445787855e-02 1.00000000000000e+05 
5.99837995845185e-02 1.00000000000000e+05 
6.02533876104607e-02 1.00000000000000e+05 
6.05227800794492e-02 1.00000000000000e+05 
6.07916771416971e-02 1.00000000000000e+05 
6.10602605715114e-02 1.00000000000000e+05 
6.13286343432142e-02 1.00000000000000e+05 
6.15969838121804e-02 1.00000000000000e+05 
6.18651385084587e-02 1.00000000000000e+05 
6.21334434126015e-02 1.00000000000000e+05 
6.24016918704043e-02 1.00000000000000e+05 
6.26701989366338e-02 1.00000000000000e+05 
6.29387416980738e-02 1.00000000000000e+05 
6.32076148378692e-02 1.00000000000000e+05 
6.34765956184706e-02 1.00000000000000e+05 
6.37459619344537e-02 1.00000000000000e+05 
6.40154590839137e-02 1.00000000000000e+05 
6.42853762468147e-02 1.00000000000000e+05 
6.45554533593111e-02 1.00000000000000e+05 
6.48256152765334e-02 1.00000000000000e+05 
6.50961649827857e-02 1.00000000000000e+05 
6.53669065071629e-02 1.00000000000000e+05 
6.56379443421632e-02 1.00000000000000e+05 
6.59092516659023e-02 1.00000000000000e+05 
6.61808694250757e-02 1.00000000000000e+05 
6.64527939674477e-02 1.00000000000000e+05 
6.67250177845529e-02 1.00000000000000e+05 
6.69975424805485e-02 1.00000000000000e+05 
6.72703449561896e-02 1.00000000000000e+05 
6.75434253054310e-02 1.00000000000000e+05 
6.78167617457089e-02 1.00000000000000e+05 
6.80903359295956e-02 1.00000000000000e+05 
6.83641332385888e-02 1.00000000000000e+05 
6.86381301305732e-02 1.00000000000000e+05 
6.89123195074115e-02 1.00000000000000e+05 
6.91864607891263e-02 1.00000000000000e+05 
6.94609947117785e-02 1.00000000000000e+05 
6.97354968889809e-02 1.00000000000000e+05 
7.00103510079143e-02 1.00000000000000e+05 
7.02851452734680e-02 1.00000000000000e+05 
7.05602063444780e-02 1.00000000000000e+05 
7.08351721893934e-02 1.00000000000000e+05 
7.11100255575211e-02 1.00000000000000e+05 
7.13848099180801e-02 1.00000000000000e+05 
7.16594694559623e-02 1.00000000000000e+05 
7.19340194005711e-02 1.00000000000000e+05 
7.22084034332376e-02 1.00000000000000e+05 
7.24827211240370e-02 1.00000000000000e+05 
7.27569319839686e-02 1.00000000000000e+05 
7.30311877656293e-02 1.00000000000000e+05 
7.33055224417016e-02 1.00000000000000e+05 
7.35803030598428e-02 1.00000000000000e+05 
7.38553587382179e-02 1.00000000000000e+05 
7.41302489623670e-02 1.00000000000000e+05 
7.44050860841230e-02 1.00000000000000e+05 
7.46797067465650e-02 1.00000000000000e+05 
7.49543671778534e-02 1.00000000000000e+05 
7.52288654593022e-02 1.00000000000000e+05 
7.55035811116981e-02 1.00000000000000e+05 
7.57802668518457e-02 1.00000000000000e+05 
7.60572172900136e-02 1.00000000000000e+05 
7.63342654488010e-02 1.00000000000000e+05 
7.66115541138451e-02 1.00000000000000e+05 
7.68890243760614e-02 1.00000000000000e+05 
7.71668234832984e-02 1.00000000000000e+05 
7.74449379904288e-02 1.00000000000000e+05 
7.77234574802588e-02 1.00000000000000e+05 
7.80023673410785e-02 1.00000000000000e+05 
7.82817238020044e-02 1.00000000000000e+05 
7.85614850415765e-02 1.00000000000000e+05 
7.88417308826587e-02 1.00000000000000e+05 
7.91224857812685e-02 1.00000000000000e+05 
7.94038116651984e-02 1.00000000000000e+05 
7.96857985570897e-02 1.00000000000000e+05 
7.99682895831125e-02 1.00000000000000e+05 
8.02506896983011e-02 1.00000000000000e+05 
8.05331553663196e-02 1.00000000000000e+05 
8.08153541451525e-02 1.00000000000000e+05 
8.10973536889499e-02 1.00000000000000e+05 
8.13788561713851e-02 1.00000000000000e+05 
8.16598748013986e-02 1.00000000000000e+05 
8.19403358258245e-02 1.00000000000000e+05 
8.22203223370684e-02 1.00000000000000e+05 
8.25033338274873e-02 1.00000000000000e+05 
8.27854862672275e-02 1.00000000000000e+05 
8.30667154286522e-02 1.00000000000000e+05 
8.33472539627256e-02 1.00000000000000e+05 
8.36270049978341e-02 1.00000000000000e+05 
8.39059431160364e-02 1.00000000000000e+05 
8.41841975410763e-02 1.00000000000000e+05 
8.44618077074223e-02 1.00000000000000e+05 
8.47388829651156e-02 1.00000000000000e+05 
8.50155085657034e-02 1.00000000000000e+05 
8.52917759264996e-02 1.00000000000000e+05 
8.55677424016852e-02 1.00000000000000e+05 
8.58434606021756e-02 1.00000000000000e+05 
8.61188157570541e-02 1.00000000000000e+05 
8.63938418518997e-02 1.00000000000000e+05 
8.66682792941549e-02 1.00000000000000e+05 
8.69419008217847e-02 1.00000000000000e+05 
8.72141931344068e-02 1.00000000000000e+05 
8.74848468734822e-02 1.00000000000000e+05 
8.77573489905529e-02 1.00000000000000e+05 
8.80281920407598e-02 1.00000000000000e+05 
8.82973049159629e-02 1.00000000000000e+05 
8.85645102710918e-02 1.00000000000000e+05 
8.88299544630796e-02 1.00000000000000e+05 
8.90935443784869e-02 1.00000000000000e+05 
8.93557103134163e-02 1.00000000000000e+05 
8.96164937791331e-02 1.00000000000000e+05 
8.98763194966967e-02 1.00000000000000e+05 
9.01352952439863e-02 1.00000000000000e+05 
9.03936547969061e-02 1.00000000000000e+05 
9.06522957887342e-02 1.00000000000000e+05 
9.09104375489392e-02 1.00000000000000e+05 
9.11678367072218e-02 1.00000000000000e+05 
9.14248440106461e-02 1.00000000000000e+05 
9.16812497013755e-02 1.00000000000000e+05 
9.19373766795392e-02 1.00000000000000e+05 
9.21931410627574e-02 1.00000000000000e+05 
9.24487765250292e-02 1.00000000000000e+05 
9.27040535064745e-02 1.00000000000000e+05 
9.29593352203395e-02 1.00000000000000e+05 
9.32141834441523e-02 1.00000000000000e+05 
9.34686550039065e-02 1.00000000000000e+05 
9.37231773127561e-02 1.00000000000000e+05 
9.39772187339322e-02 1.00000000000000e+05 
9.42313092214946e-02 1.00000000000000e+05 
9.44851555248024e-02 1.00000000000000e+05 
9.47390045755151e-02 1.00000000000000e+05 
9.49928356557422e-02 1.00000000000000e+05 
9.52466410052803e-02 1.00000000000000e+05 
9.55006642948468e-02 1.00000000000000e+05 
9.57546972835331e-02 1.00000000000000e+05 
9.60087218904262e-02 1.00000000000000e+05 
9.62630273777881e-02 1.00000000000000e+05 
9.65172408973296e-02 1.00000000000000e+05 
9.67716147380908e-02 1.00000000000000e+05 
9.70260540443205e-02 1.00000000000000e+05 
9.72806014464064e-02 1.00000000000000e+05 
9.75354400244901e-02 1.00000000000000e+05 
9.77903399062649e-02 1.00000000000000e+05 
9.80457136051550e-02 1.00000000000000e+05 
9.83011786684322e-02 1.00000000000000e+05 
9.85571172823364e-02 1.00000000000000e+05 
9.88131260999897e-02 1.00000000000000e+05 
9.90694747066386e-02 1.00000000000000e+05 
9.93260830173692e-02 1.00000000000000e+05 
9.95830362784446e-02 1.00000000000000e+05 
9.98403692969773e-02 1.00000000000000e+05 
1.00098065585611e-01 1.00000000000000e+05 
1.00356078408393e-01 1.00000000000000e+05 
1.00614408941018e-01 1.00000000000000e+05 
1.00873078261318e-01 1.00000000000000e+05 
1.01131954464788e-01 1.00000000000000e+05 
1.01391180722758e-01 1.00000000000000e+05 
1.01650677094047e-01 1.00000000000000e+05 
1.01910624626473e-01 1.00000000000000e+05 
1.02170826102985e-01 1.00000000000000e+05 
1.02431509164901e-01 1.00000000000000e+05 
1.02692409962674e-01 1.00000000000000e+05 
1.02954232491448e-01 1.00000000000000e+05 
1.03216270982461e-01 1.00000000000000e+05 
1.03478773148705e-01 1.00000000000000e+05 
1.03741379777022e-01 1.00000000000000e+05 
1.04004385576978e-01 1.00000000000000e+05 
1.04267555321304e-01 1.00000000000000e+05 
1.04531128648486e-01 1.00000000000000e+05 
1.04794902993283e-01 1.00000000000000e+05 
1.05059010191665e-01 1.00000000000000e+05 
1.05323325664117e-01 1.00000000000000e+05 
1.05588743029923e-01 1.00000000000000e+05 
1.05854400724050e-01 1.00000000000000e+05 
1.06120870952500e-01 1.00000000000000e+05 
1.06387505176612e-01 1.00000000000000e+05 
1.06654330844058e-01 1.00000000000000e+05 
1.06921225818097e-01 1.00000000000000e+05 
1.07188237930527e-01 1.00000000000000e+05 
1.07455356938476e-01 1.00000000000000e+05 
1.07722610796088e-01 1.00000000000000e+05 
1.07990021147022e-01 1.00000000000000e+05 
1.08257560602430e-01 1.00000000000000e+05 
1.08525201488666e-01 9.99999999999992e+04 
1.08792972979324e-01 9.99999999999983e+04 
1.09060810990133e-01 9.99999999999972e+04 
1.09328699464494e-01 9.99999999999962e+04 
1.09597994019103e-01 1.00000000001920e+05 
1.09867545025814e-01 1.00000000003461e+05 
1.10137091650307e-01 1.00000000126673e+05 
1.10406787602599e-01 1.00000000228588e+05 
1.10676449203276e-01 1.00000000511212e+05 
1.10946278454566e-01 1.00000000829378e+05 
1.11216126837431e-01 1.00000001401701e+05 
1.11486165802688e-01 1.00000002502711e+05 
1.11756233436302e-01 1.00000004465617e+05 
1.12026485842285e-01 1.00000008235797e+05 
1.12296747493289e-01 1.00000014199036e+05 
1.12567174266198e-01 1.00000024997121e+05 
1.12838397967941e-01 1.00000041292949e+05 
1.13109768099180e-01 1.00000069214258e+05 
1.13381170171982e-01 1.00000110400321e+05 
1.13652752486991e-01 1.00000175976252e+05 
1.13924227351976e-01 1.00000176108863e+05 
1.14195901648964e-01 1.00000173181731e+05 
1.14467483859369e-01 1.00000160946665e+05 
1.14739250549391e-01 1.00000145855916e+05 
1.15010893975395e-01 1.00000129532394e+05 
1.15282677154102e-01 1.00000117056857e+05 
1.15554346590045e-01 1.00000113199051e+05 
1.15826188146329e-01 1.00000129842223e+05 
1.16098380280380e-01 1.00000161215017e+05 
1.16370669561614e-01 1.00000202511529e+05 
1.16642887398576e-01 1.00000250289798e+05 
1.16915137664306e-01 1.00000413974347e+05 
1.17187137722912e-01 1.00000758620348e+05 
1.17459197611256e-01 1.00001365005842e+05 
1.17731036047812e-01 1.00002348653817e+05 
1.18002936118420e-01 1.00003744424661e+05 
1.18274650303463e-01 1.00005655319972e+05 
1.18546430244468e-01 1.00008196723236e+05 
1.18818046062877e-01 1.00011574400794e+05 
1.19090083312203e-01 1.00015987309158e+05 
1.19362176480396e-01 1.00021780401013e+05 
1.19634430863049e-01 1.00029302793391e+05 
1.19906566159074e-01 1.00039009207604e+05 
1.20178816329016e-01 1.00051384262400e+05 
1.20450907909259e-01 1.00067174731333e+05 
1.20723160232352e-01 1.00087158239174e+05 
1.20995288293951e-01 1.00112342578777e+05 
1.21267616953509e-01 1.00143849753493e+05 
1.21539853563361e-01 1.00183005249210e+05 
1.21745917174213e-01 1.00218608616203e+05 
1.21946737427597e-01 1.00259060070918e+05 
1.22147902670898e-01 1.00306036858479e+05 
1.22349581815052e-01 1.00360463564157e+05 
1.22552354196035e-01 1.00423521653844e+05 
1.22756207914661e-01 1.00496358491678e+05 
1.22961710380181e-01 1.00580525667208e+05 
1.23168849386458e-01 1.00677487140576e+05 
1.23375529044304e-01 1.00787736537347e+05 
1.23587053964701e-01 1.00915918916330e+05 
1.23793855746219e-01 1.01057777997638e+05 
1.24011303616347e-01 1.01226052606813e+05 
1.24218210241673e-01 1.01405941390764e+05 
1.24445156077432e-01 1.01626846963735e+05 
1.24652113336065e-01 1.01851259510794e+05 
1.24879766320561e-01 1.02124387706303e+05 
1.25086817774536e-01 1.02397627627400e+05 
1.25294013867619e-01 1.02694895967287e+05 
1.25501038761790e-01 1.03015745159509e+05 
1.25728766145377e-01 1.03395324948168e+05 
1.25935592064916e-01 1.03763123245939e+05 
1.26163100576408e-01 1.04190825178798e+05 
1.26369778907429e-01 1.04597851574263e+05 
1.26597125071553e-01 1.05062322288015e+05 
1.26801706462064e-01 1.05491469730241e+05 
1.27006665260309e-01 1.05928271256937e+05 
1.27211990336283e-01 1.06368458755646e+05 
1.27417692279373e-01 1.06807847467315e+05 
1.27623803695521e-01 1.07241826617449e+05 
1.27830366527706e-01 1.07666226166043e+05 
1.28036756065811e-01 1.08075202368560e+05 
1.28243327057338e-01 1.08465697832892e+05 
1.28449858929960e-01 1.08834059144426e+05 
1.28656159091860e-01 1.09176298697399e+05 
1.28862907217512e-01 1.09490772116693e+05 
1.29069463471973e-01 1.09777390243610e+05 
1.29276591265239e-01 1.10031613208638e+05 
1.29483851539414e-01 1.10253152647518e+05 
1.29691730641594e-01 1.10450932225228e+05 
1.29899888132549e-01 1.10610673721634e+05 
1.30108735586382e-01 1.10736932550440e+05 
1.30318065273573e-01 1.10834675248001e+05 
1.30527705507003e-01 1.10907843192904e+05 
1.30737371519271e-01 1.10960079572856e+05 
1.30947287212242e-01 1.11007865782683e+05 
1.31157092980128e-01 1.11050100712951e+05 
1.31367144559070e-01 1.11085978722439e+05 
1.31577178351769e-01 1.11114536445862e+05 
1.31783115999134e-01 1.11136135758831e+05 
1.31989485202797e-01 1.11152376557541e+05 
1.32196050826345e-01 1.11164656221235e+05 
1.32402921808323e-01 1.11173365129308e+05 
1.32609887306763e-01 1.11178139911869e+05 
1.32817114617194e-01 1.11179942999732e+05 
1.33024429348770e-01 1.11179430043862e+05 
1.33232053685230e-01 1.11177445982344e+05 
1.33439927626628e-01 1.11174624913124e+05 
1.33648327607686e-01 1.11171238031089e+05 
1.33857286742461e-01 1.11167602705859e+05 
1.34067081635930e-01 1.11163900962955e+05 
1.34277769819406e-01 1.11160294786153e+05 
1.34489652704107e-01 1.11156997737326e+05 
1.34702790286407e-01 1.11153967577861e+05 
1.34917546497755e-01 1.11151081928197e+05 
1.35133983877498e-01 1.11148144518631e+05 
1.35352494904123e-01 1.11144700251056e+05 
1.35571745465927e-01 1.11140483073867e+05 
1.35792106540296e-01 1.11135070433171e+05 
1.36012941114633e-01 1.11128157743567e+05 
1.36219243010724e-01 1.11120068585620e+05 
1.36426219837147e-01 1.11110097877246e+05 
1.36631820154463e-01 1.11098198955331e+05 
1.36837950216564e-01 1.11084104141619e+05 
1.37042901589359e-01 1.11067868438725e+05 
1.37207940121552e-01 1.11053160642203e+05 
1.37382536546108e-01 1.11036019696946e+05 
1.37566140464409e-01 1.11016264978126e+05 
1.37730207557837e-01 1.10997127414646e+05 
1.37904662662337e-01 1.10975377495513e+05 
1.38088714298211e-01 1.10950847064812e+05 
1.38281808586921e-01 1.10923320740060e+05 
1.38482827166508e-01 1.10892742386033e+05 
1.38685441286613e-01 1.10860173286311e+05 
1.38887081419978e-01 1.10826126451036e+05 
1.39090337602439e-01 1.10790114729445e+05 
1.39292756551896e-01 1.10752641198699e+05 
1.39496633870328e-01 1.10713342120591e+05 
1.39699605232604e-01 1.10672726200390e+05 
1.39903908205873e-01 1.10630372326120e+05 
1.40059421911898e-01 1.10597347198391e+05 
1.40227748699402e-01 1.10560922519049e+05 
1.40407589693933e-01 1.10521250677977e+05 
1.40598418417561e-01 1.10478596385127e+05 
1.40797291751939e-01 1.10433270315316e+05 
1.40997746012888e-01 1.10387384910360e+05 
1.41196745974327e-01 1.10341031688578e+05 
1.41397972539887e-01 1.10295873931387e+05 
1.41598927808238e-01 1.10252687769233e+05 
1.41802014493171e-01 1.10212547571323e+05 
1.42004687730973e-01 1.10176772123113e+05 
1.42209179108897e-01 1.10145595882090e+05 
1.42413021263136e-01 1.10120852243496e+05 
1.42618400466046e-01 1.10101424199061e+05 
1.42822923663300e-01 1.10089884453574e+05 
1.43028871979523e-01 1.10086390452128e+05 
1.43233921776966e-01 1.10092400614238e+05 
1.43440305849178e-01 1.10108660874131e+05 
1.43645920025062e-01 1.10137063459402e+05 
1.43852806281716e-01 1.10177180282350e+05 
1.44058050293922e-01 1.10229179168537e+05 
1.44270619621057e-01 1.10296273876222e+05 
1.44486414069583e-01 1.10378772229616e+05 
1.44702469117254e-01 1.10476289405976e+05 
1.44901384306595e-01 1.10579211882241e+05 
1.45112760949206e-01 1.10702126324551e+05 
1.45313788366626e-01 1.10831648085983e+05 
1.45467497646221e-01 1.10938794588410e+05 
1.45632056901200e-01 1.11060717891042e+05 
1.45807081703982e-01 1.11198104906686e+05 
1.45965111553012e-01 1.11328366098404e+05 
1.46129221457081e-01 1.11469343299840e+05 
1.46297571066590e-01 1.11619255070490e+05 
1.46464945820220e-01 1.11772929236067e+05 
1.46632446909599e-01 1.11930456046219e+05 
1.46802936982399e-01 1.12093819013036e+05 
1.46972405008932e-01 1.12258309797269e+05 
1.47144778753494e-01 1.12426751895584e+05 
1.47315531329360e-01 1.12593603072224e+05 
1.47492273001809e-01 1.12765336222990e+05 
1.47675391895116e-01 1.12941081626490e+05 
1.47865506518773e-01 1.13119936377764e+05 
1.48062343779653e-01 1.13299907274083e+05 
1.48266574231904e-01 1.13480057528765e+05 
1.48471742460884e-01 1.13652496660372e+05 
1.48677271981589e-01 1.13814552698863e+05 
1.48883908153625e-01 1.13966286855673e+05 
1.49090265123003e-01 1.14104905190951e+05 
1.49295958112413e-01 1.14230194530323e+05 
1.49500905006664e-01 1.14340875721439e+05 
1.49698555342624e-01 1.14434569791516e+05 
1.49897192983210e-01 1.14514952791375e+05 
1.50095975551455e-01 1.14582260337484e+05 
1.50295421847141e-01 1.14636028873968e+05 
1.50494793795641e-01 1.14676964015095e+05 
1.50693742111467e-01 1.14704790950498e+05 
1.50892331511460e-01 1.14720743248406e+05 
1.51091350133392e-01 1.14724877081492e+05 
1.51290569142586e-01 1.14718445221007e+05 
1.51490029004902e-01 1.14701562861222e+05 
1.51689911269023e-01 1.14675599347396e+05 
1.51890291928174e-01 1.14640768608533e+05 
1.52090542241806e-01 1.14598572160477e+05 
1.52290651630530e-01 1.14549391035161e+05 
1.52484539855759e-01 1.14496316790741e+05 
1.52678812508438e-01 1.14438132966892e+05 
1.52873050735170e-01 1.14376018996195e+05 
1.53068431232705e-01 1.14309903762309e+05 
1.53264298273738e-01 1.14240957898847e+05 
1.53461241574278e-01 1.14169205464371e+05 
1.53658675414188e-01 1.14095712111913e+05 
1.53856258231387e-01 1.14020764840085e+05 
1.54054223066497e-01 1.13944979308133e+05 
1.54253145417465e-01 1.13868268697111e+05 
1.54453142086541e-01 1.13790742279901e+05 
1.54654220736451e-01 1.13713040629288e+05 
1.54856818056730e-01 1.13635064525438e+05 
1.55060659335363e-01 1.13557319677622e+05 
1.55257925477017e-01 1.13482735827915e+05 
1.55452788195566e-01 1.13409899973407e+05 
1.55646561774785e-01 1.13338238763685e+05 
1.55841452471821e-01 1.13267031105064e+05 
1.56037221649986e-01 1.13196290944038e+05 
1.56234803319859e-01 1.13125760164658e+05 
1.56433710949503e-01 1.13055488655653e+05 
1.56633631940471e-01 1.12985606892066e+05 
1.56834641135378e-01 1.12915939743765e+05 
1.57037025068263e-01 1.12846318046301e+05 
1.57240897635501e-01 1.12776582171292e+05 
1.57445991700042e-01 1.12706721996375e+05 
1.57645068172154e-01 1.12638985962281e+05 
1.57844532765115e-01 1.12571438657589e+05 
1.58043832329959e-01 1.12503545521788e+05 
1.58241016145287e-01 1.12435696558190e+05 
1.58437234512594e-01 1.12367810136720e+05 
1.58634740233370e-01 1.12298895580698e+05 
1.58833209866496e-01 1.12228892403971e+05 
1.59033579390901e-01 1.12157360104657e+05 
1.59235303683377e-01 1.12084080008546e+05 
1.59438612034341e-01 1.12009448081594e+05 
1.59643079133186e-01 1.11934224611813e+05 
1.59848006022303e-01 1.11857810139512e+05 
1.60053964070095e-01 1.11780002113254e+05 
1.60261106562464e-01 1.11700383236339e+05 
1.60462758126369e-01 1.11621763415369e+05 
1.60664763340465e-01 1.11541952234262e+05 
1.60866626345643e-01 1.11461185685305e+05 
1.61066382522453e-01 1.11380453765534e+05 
1.61265163958073e-01 1.11299020867017e+05 
1.61465227867957e-01 1.11216713126341e+05 
1.61666233671212e-01 1.11133764629446e+05 
1.61869159399216e-01 1.11049960225666e+05 
1.62073431364729e-01 1.10965523098090e+05 
1.62279324037073e-01 1.10880466473421e+05 
1.62486358883024e-01 1.10793989588491e+05 
1.62693791574408e-01 1.10708609627699e+05 
1.62902044569279e-01 1.10624622490255e+05 
1.63111484787247e-01 1.10541019434238e+05 
1.63322392033183e-01 1.10459171800945e+05 
1.63534494982664e-01 1.10377283733778e+05 
1.63739845482074e-01 1.10299176572845e+05 
1.63945600386935e-01 1.10223165057392e+05 
1.64151343004282e-01 1.10149613280188e+05 
1.64354854593884e-01 1.10080419538018e+05 
1.64557316861612e-01 1.10015111919004e+05 
1.64761038268675e-01 1.09952422732006e+05 
1.64965650624361e-01 1.09892479591909e+05 
1.65172171974510e-01 1.09834958552172e+05 
1.65379972899260e-01 1.09780363338201e+05 
1.65589372875801e-01 1.09728307359101e+05 
1.65799801065221e-01 1.09678901230182e+05 
1.66010451624694e-01 1.09631998349914e+05 
1.66221589245752e-01 1.09587283205070e+05 
1.66433931270940e-01 1.09544343656626e+05 
1.66647349018241e-01 1.09502952736601e+05 
1.66861502948932e-01 1.09462863924037e+05 
1.67076679672023e-01 1.09423684051520e+05 
1.67292683602161e-01 1.09385022754133e+05 
1.67509959295743e-01 1.09346441532895e+05 
1.67728090961332e-01 1.09307592052182e+05 
1.67938479873538e-01 1.09269632295875e+05 
1.68146521757566e-01 1.09231284574871e+05 
1.68353269449125e-01 1.09192037078485e+05 
1.68561056489433e-01 1.09151135070269e+05 
1.68769437857115e-01 1.09108360956580e+05 
1.68979532312251e-01 1.09063210126197e+05 
1.69190639824419e-01 1.09015550215249e+05 
1.69403196686342e-01 1.08965157924598e+05 
1.69616559206305e-01 1.08912058849290e+05 
1.69830899131884e-01 1.08856116852918e+05 
1.70045864881379e-01 1.08797358194017e+05 
1.70259702191938e-01 1.08736322226915e+05 
1.70473242138937e-01 1.08672964097182e+05 
1.70687843846393e-01 1.08606977660006e+05 
1.70903322684272e-01 1.08538694785190e+05 
1.71119593714585e-01 1.08468194576459e+05 
1.71336647905645e-01 1.08395831634202e+05 
1.71554771694475e-01 1.08321817625273e+05 
1.71773821793312e-01 1.08246344483443e+05 
1.71993407977893e-01 1.08169820738539e+05 
1.72213772541521e-01 1.08092576982066e+05 
1.72438352013705e-01 1.08013560824167e+05 
1.72665483899254e-01 1.07933671680189e+05 
1.72893495447705e-01 1.07853531908152e+05 
1.73105400314908e-01 1.07779408972549e+05 
1.73318814424602e-01 1.07705125456070e+05 
1.73533325129271e-01 1.07630994211796e+05 
1.73749117757477e-01 1.07556929617637e+05 
1.73965881296463e-01 1.07483108900255e+05 
1.74181105710217e-01 1.07410345764708e+05 
1.74395617622872e-01 1.07338314650844e+05 
1.74611209448544e-01 1.07266292207329e+05 
1.74827486685995e-01 1.07194351388226e+05 
1.75045197999930e-01 1.07122078882276e+05 
1.75263730145691e-01 1.07049588083346e+05 
1.75483301894574e-01 1.06976683616723e+05 
1.75703432057204e-01 1.06903640579241e+05 
1.75922748103784e-01 1.06830365388911e+05 
1.76141796652882e-01 1.06756534751317e+05 
1.76361608464762e-01 1.06682023713348e+05 
1.76581109943450e-01 1.06607236415016e+05 
1.76802426843760e-01 1.06531575700585e+05 
1.77022598910990e-01 1.06456157831186e+05 
1.77244548797579e-01 1.06379398424108e+05 
1.77464908835226e-01 1.06302075935872e+05 
1.77687661819248e-01 1.06222948321064e+05 
1.77908377829281e-01 1.06143565451586e+05 
1.78132262750895e-01 1.06061840123019e+05 
1.78353587571926e-01 1.05979909681996e+05 
1.78578229464786e-01 1.05895465758945e+05 
1.78800394759081e-01 1.05810739288812e+05 
1.79026054580490e-01 1.05723457890312e+05 
1.79249298358462e-01 1.05635971954954e+05 
1.79475930924461e-01 1.05546068676912e+05 
1.79697904607939e-01 1.05457027143012e+05 
1.79917954714917e-01 1.05367909573822e+05 
1.80136913242812e-01 1.05278486035467e+05 
1.80356674829765e-01 1.05188110940768e+05 
1.80576782199662e-01 1.05097080044173e+05 
1.80798184752059e-01 1.05005108089055e+05 
1.81020248861336e-01 1.04912630733148e+05 
1.81243503626120e-01 1.04819572929271e+05 
1.81467426646076e-01 1.04726162751939e+05 
1.81692134801939e-01 1.04632733389171e+05 
1.81917224953601e-01 1.04539943004102e+05 
1.82140151903588e-01 1.04448076992537e+05 
1.82361812923621e-01 1.04356644359095e+05 
1.82584335957887e-01 1.04265329279257e+05 
1.82807274037226e-01 1.04174581828519e+05 
1.83031433677981e-01 1.04084147019880e+05 
1.83256195489913e-01 1.03994235288622e+05 
1.83481789900278e-01 1.03904940512149e+05 
1.83707764140284e-01 1.03816286395975e+05 
1.83934116021220e-01 1.03728407300544e+05 
1.84160663846788e-01 1.03641430416629e+05 
1.84386134708233e-01 1.03555838029448e+05 
1.84611205348320e-01 1.03471596246875e+05 
1.84837041544015e-01 1.03388258037149e+05 
1.85063435252533e-01 1.03306053358878e+05 
1.85290613491463e-01 1.03225006372458e+05 
1.85518318489290e-01 1.03145206876831e+05 
1.85745946146894e-01 1.03067067348997e+05 
1.85973664014105e-01 1.02990519992541e+05 
1.86205550644059e-01 1.02914449002145e+05 
1.86440512588583e-01 1.02839391531745e+05 
1.86677416380910e-01 1.02765956846104e+05 
1.86915491847280e-01 1.02694564587656e+05 
1.87154760490148e-01 1.02625430703266e+05 
1.87394471886648e-01 1.02558961203132e+05 
1.87633714360021e-01 1.02495662912709e+05 
1.87872563720960e-01 1.02435681699132e+05 
1.88112866767913e-01 1.02378864733685e+05 
1.88336247331347e-01 1.02329425058687e+05 
1.88560248621061e-01 1.02283348793115e+05 
1.88784471004383e-01 1.02240929455866e+05 
1.89009871244626e-01 1.02202236595116e+05 
1.89236106724766e-01 1.02167500723249e+05 
1.89463410965404e-01 1.02136999589456e+05 
1.89691512625996e-01 1.02110777865297e+05 
1.89917724185609e-01 1.02089316880967e+05 
1.90142881748911e-01 1.02072551405777e+05 
1.90368757723675e-01 1.02060189461533e+05 
1.90594970317606e-01 1.02052518192973e+05 
1.90822246385721e-01 1.02049368220391e+05 
1.91050029816461e-01 1.02050759606879e+05 
1.91278563934299e-01 1.02055394118850e+05 
1.91507376775843e-01 1.02065189127993e+05 
1.91736505484749e-01 1.02079412435861e+05 
1.91965789290206e-01 1.02097074263145e+05 
1.92193514067427e-01 1.02117809968636e+05 
1.92420424567012e-01 1.02140186586644e+05 
1.92648036966225e-01 1.02163213457922e+05 
1.92876021360647e-01 1.02187335969525e+05 
1.93104822517602e-01 1.02212647654467e+05 
1.93334011632315e-01 1.02239061951173e+05 
1.93563623673525e-01 1.02266087488026e+05 
1.93793420325009e-01 1.02292572667796e+05 
1.94022520381750e-01 1.02317940593903e+05 
1.94251342883249e-01 1.02341835782423e+05 
1.94480648904865e-01 1.02363736788623e+05 
1.94710280673715e-01 1.02383170409808e+05 
1.94943368263935e-01 1.02399921707325e+05 
1.95179049282903e-01 1.02413442520002e+05 
1.95416209382685e-01 1.02423538944128e+05 
1.95654215035250e-01 1.02430127438578e+05 
1.95893226437124e-01 1.02433440275976e+05 
1.96132490236494e-01 1.02433708750305e+05 
1.96371453845269e-01 1.02431528474455e+05 
1.96610097400133e-01 1.02427445489359e+05 
1.96848542828605e-01 1.02422375087824e+05 
1.97072907352642e-01 1.02417333007283e+05 
1.97297652841606e-01 1.02412923687658e+05 
1.97522444955072e-01 1.02410131456901e+05 
1.97748208340589e-01 1.02409653647531e+05 
1.97974564551966e-01 1.02412553844779e+05 
1.98199649038062e-01 1.02419757227303e+05 
1.98424024804448e-01 1.02432215634965e+05 
1.98649053513349e-01 1.02451038677801e+05 
1.98874464835300e-01 1.02476886019556e+05 
1.99100759411052e-01 1.02510758246657e+05 
1.99327505132919e-01 1.02553157161161e+05 
1.99554758642999e-01 1.02604745780144e+05 
1.99782198199977e-01 1.02665661338327e+05 
2.00008665081609e-01 1.02735726403350e+05 
2.00234610171323e-01 1.02814722933173e+05 
