# Liste des scalaires : TEMPS pmat 
0.00000000000000e+00 1.00000000000000e+05 
7.22956891292051e-05 1.00000000000000e+05 
1.39473830159789e-04 1.00000000000000e+05 
2.09658797050092e-04 1.00000000000000e+05 
2.76117114236729e-04 1.00000000000000e+05 
3.20638761908118e-04 1.00000000000000e+05 
3.55139419127665e-04 1.00000000000000e+05 
3.84466703006944e-04 1.00000000000000e+05 
4.10882456555346e-04 1.00000000000000e+05 
4.35440253196323e-04 1.00000000000000e+05 
4.62453829501398e-04 1.00000000000000e+05 
4.92168763436980e-04 1.00000000000000e+05 
5.24855190766121e-04 1.00000000000000e+05 
5.60810260828176e-04 1.00000000000000e+05 
6.00360837896436e-04 1.00000000000000e+05 
6.43866472671523e-04 1.00000000000000e+05 
6.91722670924118e-04 1.00000000000000e+05 
7.44364489001972e-04 1.00000000000000e+05 
8.02270488887612e-04 1.00000000000000e+05 
8.65967088761816e-04 1.00000000000000e+05 
9.36033348623440e-04 1.00000000000000e+05 
1.01310623447123e-03 1.00000000000000e+05 
1.09788640890379e-03 1.00000000000000e+05 
1.19114460077961e-03 1.00000000000000e+05 
1.28874595967991e-03 1.00000000000000e+05 
1.39427742078085e-03 1.00000000000000e+05 
1.50221628787620e-03 1.00000000000000e+05 
1.61553425737477e-03 1.00000000000000e+05 
1.73457348070829e-03 1.00000000000000e+05 
1.85733677968619e-03 1.00000000000000e+05 
1.98616223838878e-03 1.00000000000000e+05 
2.11872938704633e-03 1.00000000000000e+05 
2.25541689819668e-03 1.00000000000000e+05 
2.39772133018674e-03 1.00000000000000e+05 
2.54437294972199e-03 1.00000000000000e+05 
2.69589567675677e-03 1.00000000000000e+05 
2.85168208047648e-03 1.00000000000000e+05 
3.01172012266313e-03 1.00000000000000e+05 
3.17737004676429e-03 1.00000000000000e+05 
3.34823872177391e-03 1.00000000000000e+05 
3.52475255065863e-03 1.00000000000000e+05 
3.70521641618279e-03 1.00000000000000e+05 
3.87776949584132e-03 1.00000000000000e+05 
4.04647739550477e-03 1.00000000000000e+05 
4.21037672420160e-03 1.00000000000000e+05 
4.37309775338683e-03 1.00000000000000e+05 
4.53387195894491e-03 1.00000000000000e+05 
4.69344789329809e-03 1.00000000000000e+05 
4.85277069096456e-03 1.00000000000000e+05 
5.01617500282332e-03 1.00000000000000e+05 
5.18282700056675e-03 1.00000000000000e+05 
5.34915064162517e-03 1.00000000000000e+05 
5.51508533567072e-03 1.00000000000000e+05 
5.68532754760180e-03 1.00000000000000e+05 
5.85711183542420e-03 1.00000000000000e+05 
6.03094226796761e-03 1.00000000000000e+05 
6.20639266804269e-03 1.00000000000000e+05 
6.38483980572227e-03 1.00000000000000e+05 
6.56714917548056e-03 1.00000000000000e+05 
6.75106722984590e-03 1.00000000000000e+05 
6.93238890581451e-03 1.00000000000000e+05 
7.11207908294553e-03 1.00000000000000e+05 
7.28917935358987e-03 1.00000000000000e+05 
7.46531565540006e-03 1.00000000000000e+05 
7.63892885290825e-03 1.00000000000000e+05 
7.81230304994983e-03 1.00000000000000e+05 
7.98294835038325e-03 1.00000000000000e+05 
8.15338293626891e-03 1.00000000000000e+05 
8.32228951977535e-03 1.00000000000000e+05 
8.49067784288093e-03 1.00000000000000e+05 
8.65913272355592e-03 1.00000000000000e+05 
8.82573297307100e-03 1.00000000000000e+05 
8.99099745839537e-03 1.00000000000000e+05 
9.15635582434134e-03 1.00000000000000e+05 
9.31941856999081e-03 1.00000000000000e+05 
9.47897872146062e-03 1.00000000000000e+05 
9.63493380976866e-03 1.00000000000000e+05 
9.78835558845185e-03 1.00000000000000e+05 
9.93954759853222e-03 1.00000000000000e+05 
1.00896010459671e-02 1.00000000000000e+05 
1.02387306835046e-02 1.00000000000000e+05 
1.03879040190152e-02 1.00000000000000e+05 
1.05372096194701e-02 1.00000000000000e+05 
1.06876448270988e-02 1.00000000000000e+05 
1.08385628829391e-02 1.00000000000000e+05 
1.09897084777938e-02 1.00000000000000e+05 
1.11412962549511e-02 1.00000000000000e+05 
1.12943084015333e-02 1.00000000000000e+05 
1.14490046209512e-02 1.00000000000000e+05 
1.16062677808320e-02 1.00000000000000e+05 
1.17662867516601e-02 1.00000000000000e+05 
1.19297825141986e-02 1.00000000000000e+05 
1.20964631924562e-02 1.00000000000000e+05 
1.22667988697188e-02 1.00000000000000e+05 
1.24391230134354e-02 1.00000000000000e+05 
1.26140505292377e-02 1.00000000000000e+05 
1.27917627190221e-02 1.00000000000000e+05 
1.29728364599501e-02 1.00000000000000e+05 
1.31572695309756e-02 1.00000000000000e+05 
1.33456118344179e-02 1.00000000000000e+05 
1.35368314932724e-02 1.00000000000000e+05 
1.37300901360393e-02 1.00000000000000e+05 
1.39240686116977e-02 1.00000000000000e+05 
1.41184400805891e-02 1.00000000000000e+05 
1.43133400598215e-02 1.00000000000000e+05 
1.45084978310530e-02 1.00000000000000e+05 
1.47043524316933e-02 1.00000000000000e+05 
1.49006839651257e-02 1.00000000000000e+05 
1.50975215027799e-02 1.00000000000000e+05 
1.52946070990858e-02 1.00000000000000e+05 
1.54924565223572e-02 1.00000000000000e+05 
1.56908693672456e-02 1.00000000000000e+05 
1.58903539581285e-02 1.00000000000000e+05 
1.60906808659186e-02 1.00000000000000e+05 
1.62921094255578e-02 1.00000000000000e+05 
1.64940970247924e-02 1.00000000000000e+05 
1.66970582209986e-02 1.00000000000000e+05 
1.69005208649820e-02 1.00000000000000e+05 
1.71050074068364e-02 1.00000000000000e+05 
1.73101767464520e-02 1.00000000000000e+05 
1.75165355162332e-02 1.00000000000000e+05 
1.77236954141576e-02 1.00000000000000e+05 
1.79321449250315e-02 1.00000000000000e+05 
1.81414630281787e-02 1.00000000000000e+05 
1.83521181809965e-02 1.00000000000000e+05 
1.85636655137918e-02 1.00000000000000e+05 
1.87765504073111e-02 1.00000000000000e+05 
1.89901696605957e-02 1.00000000000000e+05 
1.92048244873255e-02 1.00000000000000e+05 
1.93409954098302e-02 1.00000000000000e+05 
1.94907834245854e-02 1.00000000000000e+05 
1.96281635220625e-02 1.00000000000000e+05 
1.97792816292873e-02 1.00000000000000e+05 
1.99190241609919e-02 1.00000000000000e+05 
2.00727409458669e-02 1.00000000000000e+05 
2.02159341370501e-02 1.00000000000000e+05 
2.03734466473515e-02 1.00000000000000e+05 
2.05211529232367e-02 1.00000000000000e+05 
2.06836298267104e-02 1.00000000000000e+05 
2.08369600366974e-02 1.00000000000000e+05 
2.10056232676830e-02 1.00000000000000e+05 
2.11658089481397e-02 1.00000000000000e+05 
2.13417535829528e-02 1.00000000000000e+05 
2.14931668456595e-02 1.00000000000000e+05 
2.16559194024735e-02 1.00000000000000e+05 
2.18080615610779e-02 1.00000000000000e+05 
2.19720112198256e-02 1.00000000000000e+05 
2.21251604084993e-02 1.00000000000000e+05 
2.22903780623786e-02 1.00000000000000e+05 
2.24445604538190e-02 1.00000000000000e+05 
2.26111187622700e-02 1.00000000000000e+05 
2.27663732598083e-02 1.00000000000000e+05 
2.29343787689029e-02 1.00000000000000e+05 
2.30907495901933e-02 1.00000000000000e+05 
2.32603758987103e-02 1.00000000000000e+05 
2.34310668490583e-02 1.00000000000000e+05 
2.36026955175002e-02 1.00000000000000e+05 
2.37756523107735e-02 1.00000000000000e+05 
2.39499912492815e-02 1.00000000000000e+05 
2.41264477392247e-02 1.00000000000000e+05 
2.43046833045000e-02 1.00000000000000e+05 
2.44856551495777e-02 1.00000000000000e+05 
2.46528298060393e-02 1.00000000000000e+05 
2.48206793790060e-02 1.00000000000000e+05 
2.49892554921277e-02 1.00000000000000e+05 
2.51587171354328e-02 1.00000000000000e+05 
2.53291263747916e-02 1.00000000000000e+05 
2.55007511736681e-02 1.00000000000000e+05 
2.56735462531237e-02 1.00000000000000e+05 
2.58477573570638e-02 1.00000000000000e+05 
2.60232320022877e-02 1.00000000000000e+05 
2.62002332051246e-02 1.00000000000000e+05 
2.63785773978634e-02 1.00000000000000e+05 
2.65585146164603e-02 1.00000000000000e+05 
2.67398788293229e-02 1.00000000000000e+05 
2.69228818434974e-02 1.00000000000000e+05 
2.71074180707268e-02 1.00000000000000e+05 
2.72936519396803e-02 1.00000000000000e+05 
2.74815459918948e-02 1.00000000000000e+05 
2.76712074960850e-02 1.00000000000000e+05 
2.78626825423324e-02 1.00000000000000e+05 
2.80560179253078e-02 1.00000000000000e+05 
2.82513523484922e-02 1.00000000000000e+05 
2.84486504683507e-02 1.00000000000000e+05 
2.86481609546461e-02 1.00000000000000e+05 
2.88497351674747e-02 1.00000000000000e+05 
2.90527339845754e-02 1.00000000000000e+05 
2.92558762206792e-02 1.00000000000000e+05 
2.94593664876548e-02 1.00000000000000e+05 
2.96611116862455e-02 1.00000000000000e+05 
2.98624889822489e-02 1.00000000000000e+05 
3.00422423013608e-02 1.00000000000000e+05 
3.02224271309336e-02 1.00000000000000e+05 
3.04028501816834e-02 1.00000000000000e+05 
3.05835796262170e-02 1.00000000000000e+05 
3.07591778445097e-02 1.00000000000000e+05 
3.09523358846317e-02 1.00000000000000e+05 
3.11531446393342e-02 1.00000000000000e+05 
3.13089550492522e-02 1.00000000000000e+05 
3.14659145360603e-02 1.00000000000000e+05 
3.16068650837021e-02 1.00000000000000e+05 
3.17414825266982e-02 1.00000000000000e+05 
3.18763234244286e-02 1.00000000000000e+05 
3.20036955783727e-02 1.00000000000000e+05 
3.21323597836248e-02 1.00000000000000e+05 
3.22569590438466e-02 1.00000000000000e+05 
3.23830309013548e-02 1.00000000000000e+05 
3.25198373076246e-02 1.00000000000000e+05 
3.26597120835993e-02 1.00000000000000e+05 
3.27992893409606e-02 1.00000000000000e+05 
3.29339676326087e-02 1.00000000000000e+05 
3.30667081250624e-02 1.00000000000000e+05 
3.31988473537370e-02 1.00000000000000e+05 
3.33324606974776e-02 1.00000000000000e+05 
3.34684293399845e-02 1.00000000000000e+05 
3.36059476377465e-02 1.00000000000000e+05 
3.37531414141320e-02 1.00000000000000e+05 
3.39004209084195e-02 1.00000000000000e+05 
3.40553886656814e-02 1.00000000000000e+05 
3.41889344870719e-02 1.00000000000000e+05 
3.43234656521848e-02 1.00000000000000e+05 
3.44604301032138e-02 1.00000000000000e+05 
3.46059731316060e-02 1.00000000000000e+05 
3.47517693760509e-02 1.00000000000000e+05 
3.49049251853084e-02 1.00000000000000e+05 
3.50398138540087e-02 1.00000000000000e+05 
3.51758006278536e-02 1.00000000000000e+05 
3.53138319387394e-02 1.00000000000000e+05 
3.54558100476475e-02 1.00000000000000e+05 
3.55998178704060e-02 1.00000000000000e+05 
3.57530450181579e-02 1.00000000000000e+05 
3.59098356663363e-02 1.00000000000000e+05 
3.60476575286997e-02 1.00000000000000e+05 
3.61864387559061e-02 1.00000000000000e+05 
3.63267760314084e-02 1.00000000000000e+05 
3.64690278877898e-02 1.00000000000000e+05 
3.66211273618001e-02 1.00000000000000e+05 
3.67702214274546e-02 1.00000000000000e+05 
3.69288269544819e-02 1.00000000000000e+05 
3.70917416547637e-02 1.00000000000000e+05 
3.72636723244969e-02 1.00000000000000e+05 
3.74069993331758e-02 1.00000000000000e+05 
3.75519992632468e-02 1.00000000000000e+05 
3.76991103488420e-02 1.00000000000000e+05 
3.78559175514998e-02 1.00000000000000e+05 
3.80091396684945e-02 1.00000000000000e+05 
3.81711935756086e-02 1.00000000000000e+05 
3.83365120781799e-02 1.00000000000000e+05 
3.85101256617280e-02 1.00000000000000e+05 
3.86570736565272e-02 1.00000000000000e+05 
3.88055545888967e-02 1.00000000000000e+05 
3.89571160410350e-02 1.00000000000000e+05 
3.91125530480663e-02 1.00000000000000e+05 
3.92664463203552e-02 1.00000000000000e+05 
3.94299859699670e-02 1.00000000000000e+05 
3.95917325968013e-02 1.00000000000000e+05 
3.97624585409839e-02 1.00000000000000e+05 
3.99368529242441e-02 1.00000000000000e+05 
4.01195988428300e-02 1.00000000000000e+05 
4.02721549683218e-02 1.00000000000000e+05 
4.04262053758982e-02 1.00000000000000e+05 
4.05832205028758e-02 1.00000000000000e+05 
4.07438817164983e-02 1.00000000000000e+05 
4.09035882622072e-02 1.00000000000000e+05 
4.10720798033977e-02 1.00000000000000e+05 
4.12376691164855e-02 1.00000000000000e+05 
4.14127937716824e-02 1.00000000000000e+05 
4.15871258710856e-02 1.00000000000000e+05 
4.17704556373385e-02 1.00000000000000e+05 
4.19275880109171e-02 1.00000000000000e+05 
4.20858845960526e-02 1.00000000000000e+05 
4.22453324919628e-02 1.00000000000000e+05 
4.24062506676356e-02 1.00000000000000e+05 
4.25698217557043e-02 1.00000000000000e+05 
4.27364574928086e-02 1.00000000000000e+05 
4.29026376798080e-02 1.00000000000000e+05 
4.30783769345036e-02 1.00000000000000e+05 
4.32482973527241e-02 1.00000000000000e+05 
4.34255214270857e-02 1.00000000000000e+05 
4.36006260028097e-02 1.00000000000000e+05 
4.37838285780194e-02 1.00000000000000e+05 
4.39657222081011e-02 1.00000000000000e+05 
4.41518696099937e-02 1.00000000000000e+05 
4.43164861571418e-02 1.00000000000000e+05 
4.44818094879618e-02 1.00000000000000e+05 
4.46479115595152e-02 1.00000000000000e+05 
4.48151009089568e-02 1.00000000000000e+05 
4.49833245409247e-02 1.00000000000000e+05 
4.51527894741960e-02 1.00000000000000e+05 
4.53262425473998e-02 1.00000000000000e+05 
4.55034625886652e-02 1.00000000000000e+05 
4.56863345911955e-02 1.00000000000000e+05 
4.58745598435150e-02 1.00000000000000e+05 
4.60493606901559e-02 1.00000000000000e+05 
4.62321258720885e-02 1.00000000000000e+05 
4.64102408491994e-02 1.00000000000000e+05 
4.65964409904086e-02 1.00000000000000e+05 
4.67777149142746e-02 1.00000000000000e+05 
4.69473328921695e-02 1.00000000000000e+05 
4.71174067091343e-02 1.00000000000000e+05 
4.72879323450999e-02 1.00000000000000e+05 
4.74589973223110e-02 1.00000000000000e+05 
4.76305465081202e-02 1.00000000000000e+05 
4.78029247932677e-02 1.00000000000000e+05 
4.79760068492666e-02 1.00000000000000e+05 
4.81503504619007e-02 1.00000000000000e+05 
4.83257941104724e-02 1.00000000000000e+05 
4.85031200785693e-02 1.00000000000000e+05 
4.86826153020913e-02 1.00000000000000e+05 
4.88648010359306e-02 1.00000000000000e+05 
4.90496707313482e-02 1.00000000000000e+05 
4.92379174977000e-02 1.00000000000000e+05 
4.94296535127850e-02 1.00000000000000e+05 
4.96263363494866e-02 1.00000000000000e+05 
4.98274645442644e-02 1.00000000000000e+05 
5.00333682550870e-02 1.00000000000000e+05 
5.02417100727387e-02 1.00000000000000e+05 
5.04232146716507e-02 1.00000000000000e+05 
5.05973346486571e-02 1.00000000000000e+05 
5.07716327384089e-02 1.00000000000000e+05 
5.09462085981076e-02 1.00000000000000e+05 
5.11211262212280e-02 1.00000000000000e+05 
5.12964882819645e-02 1.00000000000000e+05 
5.14724797283441e-02 1.00000000000000e+05 
5.16491508460465e-02 1.00000000000000e+05 
5.18268080486081e-02 1.00000000000000e+05 
5.20054559398930e-02 1.00000000000000e+05 
5.21855511437183e-02 1.00000000000000e+05 
5.23669743132693e-02 1.00000000000000e+05 
5.25503534983494e-02 1.00000000000000e+05 
5.27353466294582e-02 1.00000000000000e+05 
5.29228171255135e-02 1.00000000000000e+05 
5.31122357533081e-02 1.00000000000000e+05 
5.33047906255684e-02 1.00000000000000e+05 
5.34997612073322e-02 1.00000000000000e+05 
5.36987861304185e-02 1.00000000000000e+05 
5.39001543278948e-02 1.00000000000000e+05 
5.41051615017567e-02 1.00000000000000e+05 
5.43138849438567e-02 1.00000000000000e+05 
5.44903173808685e-02 1.00000000000000e+05 
5.46672612461970e-02 1.00000000000000e+05 
5.48445321448074e-02 1.00000000000000e+05 
5.50222723925140e-02 1.00000000000000e+05 
5.52002593346828e-02 1.00000000000000e+05 
5.53786820391470e-02 1.00000000000000e+05 
5.55575908334412e-02 1.00000000000000e+05 
5.57369332023962e-02 1.00000000000000e+05 
5.59169321403016e-02 1.00000000000000e+05 
5.60977728946125e-02 1.00000000000000e+05 
5.62792166116061e-02 1.00000000000000e+05 
5.64612177076733e-02 1.00000000000000e+05 
5.66441412670618e-02 1.00000000000000e+05 
5.68283495462927e-02 1.00000000000000e+05 
5.70141394846985e-02 1.00000000000000e+05 
5.72016078888749e-02 1.00000000000000e+05 
5.73911124221952e-02 1.00000000000000e+05 
5.75827382247555e-02 1.00000000000000e+05 
5.77767483713331e-02 1.00000000000000e+05 
5.79730443850928e-02 1.00000000000000e+05 
5.81718852181707e-02 1.00000000000000e+05 
5.83731134047446e-02 1.00000000000000e+05 
5.85531690502733e-02 1.00000000000000e+05 
5.87335450302269e-02 1.00000000000000e+05 
5.89141737459854e-02 1.00000000000000e+05 
5.90952775766335e-02 1.00000000000000e+05 
5.92768042790262e-02 1.00000000000000e+05 
5.94587818005161e-02 1.00000000000000e+05 
5.96411716691422e-02 1.00000000000000e+05 
5.98240007936499e-02 1.00000000000000e+05 
6.00072815916734e-02 1.00000000000000e+05 
6.01910707674193e-02 1.00000000000000e+05 
6.03754391273363e-02 1.00000000000000e+05 
6.05604768004509e-02 1.00000000000000e+05 
6.07463164038206e-02 1.00000000000000e+05 
6.09330834756605e-02 1.00000000000000e+05 
6.11209864488211e-02 1.00000000000000e+05 
6.13100655333029e-02 1.00000000000000e+05 
6.15006057570479e-02 1.00000000000000e+05 
6.16925458076682e-02 1.00000000000000e+05 
6.18862704277437e-02 1.00000000000000e+05 
6.20675529307644e-02 1.00000000000000e+05 
6.22494146259017e-02 1.00000000000000e+05 
6.24319326158358e-02 1.00000000000000e+05 
6.26148534814981e-02 1.00000000000000e+05 
6.27982552027927e-02 1.00000000000000e+05 
6.29820243551967e-02 1.00000000000000e+05 
6.31663717348134e-02 1.00000000000000e+05 
6.33512260935782e-02 1.00000000000000e+05 
6.35368431768642e-02 1.00000000000000e+05 
6.37232366256592e-02 1.00000000000000e+05 
6.39104971708459e-02 1.00000000000000e+05 
6.40986879962598e-02 1.00000000000000e+05 
6.42879069553483e-02 1.00000000000000e+05 
6.44783107299894e-02 1.00000000000000e+05 
6.46698493290209e-02 1.00000000000000e+05 
6.48627868452700e-02 1.00000000000000e+05 
6.50572091138368e-02 1.00000000000000e+05 
6.52492438803661e-02 1.00000000000000e+05 
6.54317680746322e-02 1.00000000000000e+05 
6.56157151131185e-02 1.00000000000000e+05 
6.58009345362067e-02 1.00000000000000e+05 
6.59870350533088e-02 1.00000000000000e+05 
6.61739773917718e-02 1.00000000000000e+05 
6.63615661977822e-02 1.00000000000000e+05 
6.65499706438680e-02 1.00000000000000e+05 
6.67390883009561e-02 1.00000000000000e+05 
6.69291516815991e-02 1.00000000000000e+05 
6.71201797116511e-02 1.00000000000000e+05 
6.73122410972664e-02 1.00000000000000e+05 
6.75054302287703e-02 1.00000000000000e+05 
6.76997339585880e-02 1.00000000000000e+05 
6.78953500596094e-02 1.00000000000000e+05 
6.80921921535653e-02 1.00000000000000e+05 
6.82905667014865e-02 1.00000000000000e+05 
6.84905674731575e-02 1.00000000000000e+05 
6.86880986691459e-02 1.00000000000000e+05 
6.88738872616616e-02 1.00000000000000e+05 
6.90781411624169e-02 1.00000000000000e+05 
6.92672063459915e-02 1.00000000000000e+05 
6.94573569224382e-02 1.00000000000000e+05 
6.96485357776926e-02 1.00000000000000e+05 
6.98405609382163e-02 1.00000000000000e+05 
7.00334616982863e-02 1.00000000000000e+05 
7.02272185801577e-02 1.00000000000000e+05 
7.04220999955999e-02 1.00000000000000e+05 
7.06181189727675e-02 1.00000000000000e+05 
7.08153036339433e-02 1.00000000000000e+05 
7.10137055368323e-02 1.00000000000000e+05 
7.12133170883879e-02 1.00000000000000e+05 
7.14142556616979e-02 1.00000000000000e+05 
7.16164584654241e-02 1.00000000000000e+05 
7.18201060636631e-02 1.00000000000000e+05 
7.20250962278869e-02 1.00000000000000e+05 
7.22316740678070e-02 1.00000000000000e+05 
7.24399433363234e-02 1.00000000000000e+05 
7.26452856613727e-02 1.00000000000000e+05 
7.28537116199463e-02 1.00000000000000e+05 
7.30606646785051e-02 1.00000000000000e+05 
7.32549191250847e-02 1.00000000000000e+05 
7.34685990163222e-02 1.00000000000000e+05 
7.36661995812024e-02 1.00000000000000e+05 
7.38651225416435e-02 1.00000000000000e+05 
7.40651190442534e-02 1.00000000000000e+05 
7.42661540116032e-02 1.00000000000000e+05 
7.44682010714461e-02 1.00000000000000e+05 
7.46713034972349e-02 1.00000000000000e+05 
7.48752662457526e-02 1.00000000000000e+05 
7.50801757412639e-02 1.00000000000000e+05 
7.52858111750947e-02 1.00000000000000e+05 
7.54923099398399e-02 1.00000000000000e+05 
7.56994177371719e-02 1.00000000000000e+05 
7.59055183579983e-02 1.00000000000000e+05 
7.61098875497989e-02 1.00000000000000e+05 
7.63123293481127e-02 1.00000000000000e+05 
7.65124669781941e-02 1.00000000000000e+05 
7.67102282137008e-02 1.00000000000000e+05 
7.69277655727582e-02 1.00000000000000e+05 
7.71505345389044e-02 1.00000000000000e+05 
7.73683502275217e-02 1.00000000000000e+05 
7.75824485986617e-02 1.00000000000000e+05 
7.77910706825295e-02 1.00000000000000e+05 
7.79960014860147e-02 1.00000000000000e+05 
7.81967094948396e-02 1.00000000000000e+05 
7.83701894673020e-02 1.00000000000000e+05 
7.85486239019197e-02 1.00000000000000e+05 
7.87231870557136e-02 1.00000000000000e+05 
7.89021271897502e-02 1.00000000000000e+05 
7.90771282158307e-02 1.00000000000000e+05 
7.92563980000789e-02 1.00000000000000e+05 
7.94316149120735e-02 1.00000000000000e+05 
7.96109878402088e-02 1.00000000000000e+05 
7.97862506953100e-02 1.00000000000000e+05 
7.99655757241991e-02 1.00000000000000e+05 
8.01407609657703e-02 1.00000000000000e+05 
8.03199246342353e-02 1.00000000000000e+05 
8.04949334529816e-02 1.00000000000000e+05 
8.06738468914873e-02 1.00000000000000e+05 
8.08485886464611e-02 1.00000000000000e+05 
8.10271728218606e-02 1.00000000000000e+05 
8.12015175115442e-02 1.00000000000000e+05 
8.13796368195309e-02 1.00000000000000e+05 
8.15533563100539e-02 1.00000000000000e+05 
8.17309552112380e-02 1.00000000000000e+05 
8.19147474112580e-02 1.00000000000000e+05 
8.21003857920882e-02 1.00000000000000e+05 
8.22863017847817e-02 1.00000000000000e+05 
8.24725577455377e-02 1.00000000000000e+05 
8.26590986260779e-02 1.00000000000000e+05 
8.28459783053013e-02 1.00000000000000e+05 
8.30331468915160e-02 1.00000000000000e+05 
8.32206652399868e-02 1.00000000000000e+05 
8.34084860116963e-02 1.00000000000000e+05 
8.35967036540886e-02 1.00000000000000e+05 
8.37852767953798e-02 1.00000000000000e+05 
8.39742279590285e-02 1.00000000000000e+05 
8.41635235133246e-02 1.00000000000000e+05 
8.43531921685974e-02 1.00000000000000e+05 
8.45431987393307e-02 1.00000000000000e+05 
8.47336223172882e-02 1.00000000000000e+05 
8.49244313550549e-02 1.00000000000000e+05 
8.51156786498298e-02 1.00000000000000e+05 
8.53073350710621e-02 1.00000000000000e+05 
8.54994478842989e-02 1.00000000000000e+05 
8.56919973092988e-02 1.00000000000000e+05 
8.58850288719816e-02 1.00000000000000e+05 
8.60334891912728e-02 1.00000000000000e+05 
8.61787647054103e-02 1.00000000000000e+05 
8.63241657572044e-02 1.00000000000000e+05 
8.64698686419446e-02 1.00000000000000e+05 
8.66140440202007e-02 1.00000000000000e+05 
8.67590837800838e-02 1.00000000000000e+05 
8.69031800613885e-02 1.00000000000000e+05 
8.70484880100432e-02 1.00000000000000e+05 
8.71932838921455e-02 1.00070766380450e+05 
8.73398171450746e-02 1.00338416655592e+05 
8.74859037582200e-02 1.00867465962607e+05 
8.76266549664404e-02 1.01654596701939e+05 
8.77690755509846e-02 1.02848281149432e+05 
8.79129125923317e-02 1.04481212693293e+05 
8.80580642449001e-02 1.06619726431504e+05 
8.82042544595205e-02 1.09192075082209e+05 
8.83515355584337e-02 1.12192596567274e+05 
8.84997281229485e-02 1.15638625103648e+05 
8.86491558071992e-02 1.19495573163348e+05 
8.87998003445939e-02 1.23539715261172e+05 
8.89523852643704e-02 1.27747460708932e+05 
8.90956497914634e-02 1.31595837877565e+05 
8.92391684904434e-02 1.35472286788361e+05 
8.93831403209104e-02 1.39539608735302e+05 
8.95278202994006e-02 1.42852493788684e+05 
8.96736572557014e-02 1.45596301232899e+05 
8.98209763980627e-02 1.47791500822680e+05 
8.99703392807499e-02 1.49469844731381e+05 
9.01116070855811e-02 1.50573824142685e+05 
9.02531095239506e-02 1.50837880483862e+05 
9.03950261936521e-02 1.50828485753667e+05 
9.05377361185175e-02 1.50844222828779e+05 
9.06815760162717e-02 1.50797824755378e+05 
9.08270189329521e-02 1.50721113616508e+05 
9.09745452623799e-02 1.50583248304555e+05 
9.11142289487502e-02 1.50413795764113e+05 
9.12542707158901e-02 1.50200028844180e+05 
9.13948652779642e-02 1.49904199391490e+05 
9.15363753172062e-02 1.49543590824243e+05 
9.16791804319022e-02 1.49148315016609e+05 
9.18236056525099e-02 1.48725930343569e+05 
9.19620039776065e-02 1.48302880636093e+05 
9.21006725693289e-02 1.47866921110053e+05 
9.22396946412859e-02 1.47423995709709e+05 
9.23792914866056e-02 1.46978131870456e+05 
9.25196401818884e-02 1.46534579805180e+05 
9.26611771503692e-02 1.46096636173737e+05 
9.27981621911331e-02 1.45686478761600e+05 
9.29352786333258e-02 1.45290492512677e+05 
9.30726249182039e-02 1.44911518873361e+05 
9.32104538630972e-02 1.44549995198875e+05 
9.33489461419821e-02 1.44206883154477e+05 
9.34885649729195e-02 1.43881277585664e+05 
9.36241988867924e-02 1.43584284956976e+05 
9.37599602129550e-02 1.43305330052329e+05 
9.38959998566452e-02 1.43043171437025e+05 
9.40326234735871e-02 1.42796399782193e+05 
9.41700236182028e-02 1.42563342399443e+05 
9.43044897055458e-02 1.42348789534215e+05 
9.44389683075730e-02 1.42145899518434e+05 
9.45736573441646e-02 1.41953166472630e+05 
9.47087485468186e-02 1.41768753561679e+05 
9.48446154521964e-02 1.41590834003393e+05 
9.49781013770782e-02 1.41421989515029e+05 
9.51115473278744e-02 1.41257885276201e+05 
9.52451063109992e-02 1.41097045501440e+05 
9.53790883915437e-02 1.40937826429560e+05 
9.55137456742562e-02 1.40779041597950e+05 
9.56465109799793e-02 1.40622421276323e+05 
9.57792448229594e-02 1.40465723775380e+05 
9.59122034847128e-02 1.40306934134160e+05 
9.60455875205095e-02 1.40145198789254e+05 
9.61798549552519e-02 1.39979237980231e+05 
9.63127500709274e-02 1.39812373176509e+05 
9.64458697269924e-02 1.39641719882273e+05 
9.65788765185554e-02 1.39465735100981e+05 
9.67127257287836e-02 1.39283408734193e+05 
9.68468843320992e-02 1.39096122004246e+05 
9.69825661691511e-02 1.38901143726759e+05 
9.71191560616164e-02 1.38698405957191e+05 
9.72580279858460e-02 1.38490012030100e+05 
9.73982640215928e-02 1.38276040991013e+05 
9.75415281795087e-02 1.38052862841394e+05 
9.76864965372580e-02 1.37821602207392e+05 
9.78355219483936e-02 1.37578696352844e+05 
9.79863471769408e-02 1.37325896413953e+05 
9.81220563148139e-02 1.37091947583422e+05 
9.82587572313493e-02 1.36851089624296e+05 
9.83957506482223e-02 1.36605177761385e+05 
9.85336729500069e-02 1.36353249593644e+05 
9.86721203248611e-02 1.36096102083289e+05 
9.88117737922442e-02 1.35832803524849e+05 
9.89526769863773e-02 1.35563547374347e+05 
9.90954360908241e-02 1.35287654387165e+05 
9.92405308440298e-02 1.35004686306544e+05 
9.93887339596297e-02 1.34713557751035e+05 
9.95204332137347e-02 1.34453704704339e+05 
9.96528289577803e-02 1.34191725087464e+05 
9.97856632582393e-02 1.33928688365566e+05 
9.99192397627484e-02 1.33664280320185e+05 
1.00052913159032e-01 1.33400308677050e+05 
1.00187427897618e-01 1.33135646678466e+05 
1.00321845239311e-01 1.32872631005041e+05 
1.00457209873889e-01 1.32609557569615e+05 
1.00592271846479e-01 1.32349289983925e+05 
1.00729235066543e-01 1.32087891840944e+05 
1.00868220140802e-01 1.31825602959536e+05 
1.01009430998528e-01 1.31562396437564e+05 
1.01153026338306e-01 1.31298426565410e+05 
1.01299113321269e-01 1.31033840301898e+05 
1.01434618067092e-01 1.30792159237086e+05 
1.01583673287497e-01 1.30530512587263e+05 
1.01719310618561e-01 1.30296306491848e+05 
1.01868511682730e-01 1.30042901784090e+05 
1.02025919664953e-01 1.29780284893250e+05 
1.02184000124905e-01 1.29521246513982e+05 
1.02343431737359e-01 1.29264543002646e+05 
1.02502921420457e-01 1.29012000438097e+05 
1.02662592987406e-01 1.28763092991252e+05 
1.02822440896387e-01 1.28517434076008e+05 
1.02982669266740e-01 1.28274313930683e+05 
1.03143279475839e-01 1.28033288266188e+05 
1.03304183901364e-01 1.27794057844927e+05 
1.03464324673993e-01 1.27557721193052e+05 
1.03623637444731e-01 1.27323936643360e+05 
1.03782263357515e-01 1.27092076718033e+05 
1.03940205336607e-01 1.26861783712586e+05 
1.04097640945682e-01 1.26632486651942e+05 
1.04254675131731e-01 1.26403818499260e+05 
1.04411768985697e-01 1.26174930172307e+05 
1.04567386025295e-01 1.25947987081324e+05 
1.04723122084093e-01 1.25720642853717e+05 
1.04878935055550e-01 1.25493138863038e+05 
1.05031051073960e-01 1.25271045051924e+05 
1.05186774815960e-01 1.25043940595088e+05 
1.05339362451963e-01 1.24821940152574e+05 
1.05494173384894e-01 1.24597651992465e+05 
1.05647544631764e-01 1.24377281611214e+05 
1.05803309819590e-01 1.24155420122618e+05 
1.05957767343795e-01 1.23938216745550e+05 
1.06115103707347e-01 1.23720777062182e+05 
1.06270946665852e-01 1.23509966513616e+05 
1.06429053553188e-01 1.23302110525604e+05 
1.06586599259742e-01 1.23100440109934e+05 
1.06745711607402e-01 1.22905652848563e+05 
1.06905343668231e-01 1.22720835300409e+05 
1.07065752789266e-01 1.22545615743172e+05 
1.07226902163976e-01 1.22374079054170e+05 
1.07388910403486e-01 1.22215394296599e+05 
1.07551805591113e-01 1.22077247832428e+05 
1.07715790889694e-01 1.21955544526446e+05 
1.07880953109112e-01 1.21848519593796e+05 
1.08047389319498e-01 1.21755845046504e+05 
1.08214978992355e-01 1.21689418349332e+05 
1.08384267291896e-01 1.21619995033951e+05 
1.08553603012226e-01 1.21548732209395e+05 
1.08725139225691e-01 1.21480548640480e+05 
1.08894719511600e-01 1.21432049445733e+05 
1.09065708017734e-01 1.21406889695948e+05 
1.09235371615517e-01 1.21417228750159e+05 
1.09405303193666e-01 1.21468731416370e+05 
1.09573982651195e-01 1.21568477962233e+05 
1.09742905631459e-01 1.21705805391910e+05 
1.09910509716794e-01 1.21876066115296e+05 
1.10075654214187e-01 1.22073027459617e+05 
1.10242256327495e-01 1.22300649609686e+05 
1.10408925738706e-01 1.22551052574276e+05 
1.10574576324204e-01 1.22822785539200e+05 
1.10741740845178e-01 1.23114187070057e+05 
1.10906550390998e-01 1.23418423780514e+05 
1.11073481559274e-01 1.23737093862387e+05 
1.11236577903846e-01 1.24053086923556e+05 
1.11403388643463e-01 1.24375514669943e+05 
1.11566769999927e-01 1.24681360901212e+05 
1.11732898419288e-01 1.24974594508724e+05 
1.11895660421620e-01 1.25239840520775e+05 
1.12060563430904e-01 1.25484800287990e+05 
1.12222789950493e-01 1.25697216447289e+05 
1.12388054761569e-01 1.25878706390468e+05 
1.12550318133153e-01 1.26027926476819e+05 
1.12715685802864e-01 1.26139722983924e+05 
1.12878079812185e-01 1.26228248663668e+05 
1.13043611300367e-01 1.26258514596453e+05 
1.13206187830471e-01 1.26238313566542e+05 
1.13371933594144e-01 1.26176298158508e+05 
1.13534761615469e-01 1.26073180963678e+05 
1.13700797357835e-01 1.25934512709049e+05 
1.13863967958659e-01 1.25765546538808e+05 
1.14030387149549e-01 1.25590662519443e+05 
1.14193984822132e-01 1.25416156596916e+05 
1.14360880593347e-01 1.25230082947606e+05 
1.14524995103608e-01 1.25037266441048e+05 
1.14692475398292e-01 1.24829866368326e+05 
1.14857223316313e-01 1.24612380976299e+05 
1.15025432900488e-01 1.24377030606557e+05 
1.15190946198276e-01 1.24132165198806e+05 
1.15359618836237e-01 1.23872586239663e+05 
1.15525530554008e-01 1.23608113226833e+05 
1.15694595341802e-01 1.23329844671891e+05 
1.15861057444462e-01 1.23047810619261e+05 
1.16015694010933e-01 1.22779614870832e+05 
1.16182692965278e-01 1.22484337253254e+05 
1.16337488291302e-01 1.22206785515936e+05 
1.16505556928540e-01 1.21902347106953e+05 
1.16668561208156e-01 1.21605149311927e+05 
1.16837302890041e-01 1.21296347560384e+05 
1.17009485593737e-01 1.20981067390051e+05 
1.17178557629317e-01 1.20672091636941e+05 
1.17349486481917e-01 1.20361067449172e+05 
1.17518281363604e-01 1.20055872745124e+05 
1.17688783561921e-01 1.19750232380723e+05 
1.17857638027787e-01 1.19450667172014e+05 
1.18027777438685e-01 1.19152444989128e+05 
1.18196248602682e-01 1.18861118433853e+05 
1.18365217567758e-01 1.18573181063530e+05 
1.18532791153710e-01 1.18292067246945e+05 
1.18697361539839e-01 1.18020406292546e+05 
1.18863781729819e-01 1.17750223790022e+05 
1.19030708906492e-01 1.17483796953752e+05 
1.19195864747510e-01 1.17224713929895e+05 
1.19349698937006e-01 1.16987351912294e+05 
1.19503629602335e-01 1.16753591977882e+05 
1.19657685520721e-01 1.16523273180686e+05 
1.19811852276260e-01 1.16296285977446e+05 
1.19966167755306e-01 1.16072399596570e+05 
1.20120619149180e-01 1.15851440076948e+05 
1.20275255736441e-01 1.15633108931774e+05 
1.20425621551815e-01 1.15423335571229e+05 
1.20577529506364e-01 1.15213671397486e+05 
1.20728311863503e-01 1.15007521203913e+05 
1.20880681499978e-01 1.14800877381514e+05 
1.21031876467395e-01 1.14597165312023e+05 
1.21184752745721e-01 1.14392203896444e+05 
1.21336401075364e-01 1.14189542457219e+05 
1.21489875728445e-01 1.13984767649953e+05 
1.21642060127965e-01 1.13781678578063e+05 
1.21796308067302e-01 1.13575468832875e+05 
1.21949191761174e-01 1.13370396481601e+05 
1.22104433098135e-01 1.13161257842532e+05 
1.22258235431081e-01 1.12952793567747e+05 
1.22415078030465e-01 1.12738634608012e+05 
1.22570275900630e-01 1.12524981645958e+05 
1.22729322380365e-01 1.12304323471488e+05 
1.22886687798804e-01 1.12084565089913e+05 
1.23048259170225e-01 1.11857201402408e+05 
1.23208957807828e-01 1.11629752312325e+05 
1.23374288503042e-01 1.11395211387765e+05 
1.23538705377499e-01 1.11161740187340e+05 
1.23704987536393e-01 1.10924575269931e+05 
1.23855613746676e-01 1.10712756356887e+05 
1.24006341123461e-01 1.10506746501114e+05 
1.24157180075640e-01 1.10308089720770e+05 
1.24308301442154e-01 1.10116381147418e+05 
1.24459730934188e-01 1.09915294120138e+05 
1.24611635411834e-01 1.09736475178981e+05 
1.24764027245117e-01 1.09575851589247e+05 
1.24917076535777e-01 1.09429631192482e+05 
1.25070156732695e-01 1.09298056337542e+05 
1.25224803190379e-01 1.09186617292089e+05 
1.25378606959688e-01 1.09112247509180e+05 
1.25535366086628e-01 1.09033585110214e+05 
1.25688975089831e-01 1.08954147013106e+05 
1.25844692662029e-01 1.08868364673036e+05 
1.25997623450694e-01 1.08831542399251e+05 
1.26152762632841e-01 1.08916552194090e+05 
1.26305410371280e-01 1.09115223257253e+05 
1.26455521955376e-01 1.09435798082933e+05 
1.26605541901215e-01 1.09943551248740e+05 
1.26755668777206e-01 1.10662889971010e+05 
1.26905979647715e-01 1.11571391995383e+05 
1.27056665206873e-01 1.12645010326841e+05 
1.27207741319631e-01 1.13888186202968e+05 
1.27359358133787e-01 1.15279511835748e+05 
1.27511518562280e-01 1.16788361877383e+05 
1.27664390410685e-01 1.18402956032140e+05 
1.27817989093969e-01 1.20089216629611e+05 
1.27972551117841e-01 1.21824152048545e+05 
1.28128155578371e-01 1.23536868159174e+05 
1.28285157368695e-01 1.25194701082573e+05 
1.28438499178186e-01 1.26694512829926e+05 
1.28599053964917e-01 1.28271782684220e+05 
1.28748082459421e-01 1.29522525067416e+05 
1.28897082792325e-01 1.30504657807205e+05 
1.29046171056128e-01 1.31252690946822e+05 
1.29195581869918e-01 1.31782914655995e+05 
1.29345460812417e-01 1.32061426429353e+05 
1.29496004691485e-01 1.32138723189424e+05 
1.29647278747689e-01 1.32106927388154e+05 
1.29799417700039e-01 1.32059264225194e+05 
1.29952467882496e-01 1.31995038456824e+05 
1.30106570408048e-01 1.31893750875893e+05 
1.30261781841708e-01 1.31766119224461e+05 
1.30418324035645e-01 1.31591381258217e+05 
1.30576298141810e-01 1.31359554858450e+05 
1.30725292519997e-01 1.31107320324817e+05 
1.30874283672662e-01 1.30830234970240e+05 
1.31023265845811e-01 1.30533946312729e+05 
1.31172371759113e-01 1.30221278594727e+05 
1.31321831119541e-01 1.29895834850028e+05 
1.31471829325724e-01 1.29558768923620e+05 
1.31622602558069e-01 1.29212369784030e+05 
1.31774306609875e-01 1.28861123990365e+05 
1.31927152115742e-01 1.28509012281315e+05 
1.32081178405205e-01 1.28159157721744e+05 
1.32229524298002e-01 1.27829777822590e+05 
1.32377926730428e-01 1.27510011515525e+05 
1.32526403884664e-01 1.27201492245464e+05 
1.32675071731657e-01 1.26904854430938e+05 
1.32823981226354e-01 1.26619742634235e+05 
1.32973321355022e-01 1.26347442226999e+05 
1.33123359889053e-01 1.26087652883845e+05 
1.33274334751497e-01 1.25839819055571e+05 
1.33426487175924e-01 1.25604656145125e+05 
1.33580013791273e-01 1.25381073918857e+05 
1.33728225853121e-01 1.25178552077075e+05 
1.33876579000120e-01 1.24988284737319e+05 
1.34025106066025e-01 1.24807288000604e+05 
1.34173923877501e-01 1.24640021225402e+05 
1.34323089009674e-01 1.24484799788595e+05 
1.34472787438413e-01 1.24339582416534e+05 
1.34623293194927e-01 1.24206746486162e+05 
1.34774868890089e-01 1.24078665548644e+05 
1.34922912973493e-01 1.23959510786265e+05 
1.35071040441278e-01 1.23846229036288e+05 
1.35219296601146e-01 1.23739553121924e+05 
1.35367794452968e-01 1.23638449314882e+05 
1.35516593606494e-01 1.23543523676183e+05 
1.35665850000334e-01 1.23450907105742e+05 
1.35815654971585e-01 1.23366495557849e+05 
1.35966282453068e-01 1.23289543932886e+05 
1.36114112087571e-01 1.23220578116333e+05 
1.36261966266281e-01 1.23157446992678e+05 
1.36409916109816e-01 1.23098548944770e+05 
1.36558096377304e-01 1.23045126916412e+05 
1.36706598536955e-01 1.22995345529017e+05 
1.36855593849691e-01 1.22945606221908e+05 
1.37005192570117e-01 1.22894227880311e+05 
1.37155664499537e-01 1.22843218506557e+05 
1.37303219075864e-01 1.22792426803752e+05 
1.37450806048473e-01 1.22743405262415e+05 
1.37598508816421e-01 1.22694335816298e+05 
1.37746474441397e-01 1.22657697710988e+05 
1.37894811422973e-01 1.22640008524796e+05 
1.38043700847488e-01 1.22644156385371e+05 
1.38193270470979e-01 1.22673088322248e+05 
1.38343844180070e-01 1.22729338415864e+05 
1.38490988800135e-01 1.22816617495683e+05 
1.38638212823779e-01 1.22935550407915e+05 
1.38785621989674e-01 1.23091459490777e+05 
1.38933381225978e-01 1.23273123111253e+05 
1.39081619785224e-01 1.23485460766095e+05 
1.39230565544905e-01 1.23727083278486e+05 
1.39380396579727e-01 1.24000036578892e+05 
1.39527003407272e-01 1.24295943411137e+05 
1.39673642503500e-01 1.24618345688041e+05 
1.39820477431812e-01 1.24967130871608e+05 
1.39967656789446e-01 1.25339586545571e+05 
1.40115393379131e-01 1.25736093554410e+05 
1.40263864005506e-01 1.26154192548452e+05 
1.40409959407825e-01 1.26582653847692e+05 
1.40556029739833e-01 1.27025333572198e+05 
1.40702219476366e-01 1.27479447652506e+05 
1.40848667920682e-01 1.27941942695949e+05 
1.40995574827647e-01 1.28410297804767e+05 
1.41143103398446e-01 1.28881579892231e+05 
1.41291593983968e-01 1.29351875180810e+05 
1.41437339647288e-01 1.29805119551951e+05 
1.41583145171556e-01 1.30248328148276e+05 
1.41729125955472e-01 1.30675076702062e+05 
1.41875503517993e-01 1.31086197017574e+05 
1.42022407991634e-01 1.31477115980159e+05 
1.42170202200433e-01 1.31845637123678e+05 
1.42319048101739e-01 1.32189003772901e+05 
1.42465471562991e-01 1.32506759204794e+05 
1.42611980259998e-01 1.32787715340864e+05 
1.42758825156414e-01 1.33023361112917e+05 
1.42906091145578e-01 1.33210872245850e+05 
1.43054109924913e-01 1.33369912602712e+05 
1.43202977492053e-01 1.33492322272709e+05 
1.43353095466472e-01 1.33615958820554e+05 
1.43504850635257e-01 1.33701733808870e+05 
1.43653608896076e-01 1.33720462410826e+05 
1.43802563488345e-01 1.33690932624869e+05 
1.43951810098767e-01 1.33621357205276e+05 
1.44101424582788e-01 1.33513523066038e+05 
1.44251506307487e-01 1.33373158338372e+05 
1.44402097974024e-01 1.33207257755588e+05 
1.44553300982047e-01 1.32969082022247e+05 
1.44705232610896e-01 1.32731558047218e+05 
1.44858015036295e-01 1.32492823082839e+05 
1.45011831156324e-01 1.32253621793598e+05 
1.45166627748969e-01 1.32011936028625e+05 
1.45322550817353e-01 1.31770522290335e+05 
1.45479359225828e-01 1.31529152502732e+05 
1.45635938644900e-01 1.31287704144291e+05 
1.45792081509701e-01 1.31046851935892e+05 
1.45947826139149e-01 1.30805685422644e+05 
1.46103220770173e-01 1.30565387817472e+05 
1.46258302085787e-01 1.30325425047954e+05 
1.46413085122641e-01 1.30085665196380e+05 
1.46567634672184e-01 1.29845574219542e+05 
1.46721921772280e-01 1.29605244670952e+05 
1.46876033195907e-01 1.29364303207271e+05 
1.47029904099428e-01 1.29122620668056e+05 
1.47183632635752e-01 1.28879908324134e+05 
1.47337133389106e-01 1.28636034346961e+05 
1.47490516443843e-01 1.28390705621134e+05 
1.47643711099962e-01 1.28143781805309e+05 
1.47796837208887e-01 1.27894961435958e+05 
1.47949833110257e-01 1.27644140147200e+05 
1.48102818876915e-01 1.27391376446931e+05 
1.48255738194679e-01 1.27136141725714e+05 
1.48408763829112e-01 1.26878088728042e+05 
1.48561815820398e-01 1.26617255492443e+05 
1.48715039383604e-01 1.26353363939228e+05 
1.48868351211217e-01 1.26086521319484e+05 
1.49021888405854e-01 1.25816512103194e+05 
1.49175576093367e-01 1.25543471731831e+05 
1.49329537175466e-01 1.25267243544056e+05 
1.49483464616225e-01 1.24988102643960e+05 
1.49637964802257e-01 1.24705605021943e+05 
1.49791706695465e-01 1.24422206094021e+05 
1.49945964925426e-01 1.24135659182125e+05 
1.50098669470330e-01 1.23849885409124e+05 
1.50252970172442e-01 1.23559148073019e+05 
1.50405928019636e-01 1.23269051436730e+05 
1.50560614269655e-01 1.22973915471892e+05 
1.50713827395878e-01 1.22679932290221e+05 
1.50867090822962e-01 1.22384344711265e+05 
1.51020246626671e-01 1.22087544712060e+05 
1.51172256783315e-01 1.21791680885140e+05 
1.51323700642599e-01 1.21495728221023e+05 
1.51473374422694e-01 1.21202164018386e+05 
1.51623054162805e-01 1.20907589925650e+05 
1.51771810834332e-01 1.20613893773117e+05 
1.51920450481251e-01 1.20319561391932e+05 
1.52067684738373e-01 1.20027185542537e+05 
1.52215110379042e-01 1.19733642756548e+05 
1.52361868497489e-01 1.19440645798963e+05 
1.52509105755982e-01 1.19145949374239e+05 
1.52655199955239e-01 1.18852803629480e+05 
1.52801699099330e-01 1.18558142539231e+05 
1.52947683401405e-01 1.18263807959390e+05 
1.53094455228890e-01 1.17967257258348e+05 
1.53240768735530e-01 1.17671391733977e+05 
1.53387437113238e-01 1.17374481588695e+05 
1.53533758964736e-01 1.17077896517652e+05 
1.53680801355542e-01 1.16779851500810e+05 
1.53827866821161e-01 1.16481998935197e+05 
1.53975924467690e-01 1.16183108016325e+05 
1.54123658889518e-01 1.15885952188083e+05 
1.54272058840106e-01 1.15589350022347e+05 
1.54420446042818e-01 1.15295440578479e+05 
1.54569762124187e-01 1.15003356658939e+05 
1.54719319021594e-01 1.14714737755786e+05 
1.54869992201474e-01 1.14426420278700e+05 
1.55020837688653e-01 1.14146791241770e+05 
1.55172400687659e-01 1.13876726594208e+05 
1.55324128109192e-01 1.13617904476498e+05 
1.55476804760009e-01 1.13358630555363e+05 
1.55624552296254e-01 1.13126917019718e+05 
1.55773586258304e-01 1.12913027812085e+05 
1.55922246396365e-01 1.12714565539936e+05 
1.56074169075640e-01 1.12524428191265e+05 
1.56225844888878e-01 1.12352912991639e+05 
1.56377336945558e-01 1.12201015658179e+05 
1.56528610201279e-01 1.12058152568339e+05 
1.56681762409597e-01 1.11928004713174e+05 
1.56834712472179e-01 1.11811362698227e+05 
1.56987464339610e-01 1.11718924526554e+05 
1.57139991158055e-01 1.11646348570981e+05 
1.57292326259888e-01 1.11605090742452e+05 
1.57444447239399e-01 1.11603503700046e+05 
1.57596409094168e-01 1.11652460747429e+05 
1.57748188819311e-01 1.11754450411740e+05 
1.57899852794638e-01 1.11891800680635e+05 
1.58051374417906e-01 1.12066733948135e+05 
1.58205446245308e-01 1.12279789255239e+05 
1.58359401778471e-01 1.12525500584285e+05 
1.58513260685940e-01 1.12798152739544e+05 
1.58666999866287e-01 1.13091834134687e+05 
1.58820663291440e-01 1.13405073278811e+05 
1.58974232598101e-01 1.13727762229588e+05 
1.59127766936367e-01 1.14054955175239e+05 
1.59281246669196e-01 1.14371984962343e+05 
1.59434738235577e-01 1.14677025300178e+05 
1.59591184497477e-01 1.15004165101175e+05 
1.59736665123442e-01 1.15264326371803e+05 
1.59889765916623e-01 1.15491915771859e+05 
1.60046751285605e-01 1.15678364191890e+05 
1.60202860951866e-01 1.15825587876249e+05 
1.60360542065595e-01 1.15938890126945e+05 
1.60518356283043e-01 1.15974271405345e+05 
1.60676733177962e-01 1.16006287445239e+05 
1.60835393104665e-01 1.16035796735301e+05 
1.60994411189183e-01 1.16057628813438e+05 
1.61153679429617e-01 1.16057994837568e+05 
1.61313257931083e-01 1.16021622705977e+05 
1.61472946703551e-01 1.15956834423878e+05 
1.61624884157519e-01 1.15878401695586e+05 
1.61787741397564e-01 1.15765656766124e+05 
1.61957597446457e-01 1.15627283621585e+05 
1.62126583064934e-01 1.15462564840657e+05 
1.62293180259575e-01 1.15265611296957e+05 
1.62465238495636e-01 1.15040756532965e+05 
1.62631821588474e-01 1.14807271377603e+05 
1.62803683855541e-01 1.14549318321072e+05 
1.62969680032549e-01 1.14289568552419e+05 
1.63141174901377e-01 1.14009822399134e+05 
1.63306937503574e-01 1.13730827766140e+05 
1.63478053565359e-01 1.13437431970759e+05 
1.63643589622859e-01 1.13150363075885e+05 
1.63814212217061e-01 1.12853395232292e+05 
1.63979491777055e-01 1.12565926780821e+05 
1.64149522515980e-01 1.12271229869300e+05 
1.64314348109060e-01 1.11987444173645e+05 
1.64483947371966e-01 1.11697602548576e+05 
1.64648788124111e-01 1.11418512706033e+05 
1.64818152699884e-01 1.11134599862121e+05 
1.64983017833702e-01 1.10861099922867e+05 
1.65152083918528e-01 1.10583478940405e+05 
1.65316910797487e-01 1.10315400267955e+05 
1.65488345479395e-01 1.10039251366003e+05 
1.65652805850536e-01 1.09775555677199e+05 
1.65826546000563e-01 1.09499579200724e+05 
1.65990829493916e-01 1.09240984268956e+05 
1.66164702439261e-01 1.08968472200560e+05 
1.66329419906179e-01 1.08711219492528e+05 
1.66503814329796e-01 1.08439354090213e+05 
1.66669111100217e-01 1.08182039813271e+05 
1.66840783381901e-01 1.07914808012725e+05 
1.67006763216456e-01 1.07656385077909e+05 
1.67178458472046e-01 1.07388788986411e+05 
1.67345190613926e-01 1.07128655546988e+05 
1.67516842919682e-01 1.06860444050023e+05 
1.67684401324953e-01 1.06598276091015e+05 
1.67856010867879e-01 1.06329393191657e+05 
1.68024726616170e-01 1.06064738772779e+05 
1.68196306282253e-01 1.05795341747988e+05 
1.68365816715759e-01 1.05529039604790e+05 
1.68537413140731e-01 1.05259419870300e+05 
1.68707231076280e-01 1.04991617645061e+05 
1.68878926508677e-01 1.04721690615212e+05 
1.69049950290193e-01 1.04453505199300e+05 
1.69221840210650e-01 1.04184640299798e+05 
1.69393691934210e-01 1.03916536486533e+05 
1.69565887265856e-01 1.03648534952502e+05 
1.69738284203585e-01 1.03381031673966e+05 
1.69910924492986e-01 1.03114106023007e+05 
1.70083841500791e-01 1.02848642488062e+05 
1.70257103552520e-01 1.02583118094241e+05 
1.70430737854167e-01 1.02318151935545e+05 
1.70604846337404e-01 1.02053134704722e+05 
1.70779449645905e-01 1.01788820965564e+05 
1.70952006872586e-01 1.01528368413527e+05 
1.71126513551918e-01 1.01266690372450e+05 
1.71299614223831e-01 1.01008232038288e+05 
1.71474869688876e-01 1.00748430390256e+05 
1.71648645900894e-01 1.00492186530773e+05 
1.71823467753417e-01 1.00236657955759e+05 
1.71997924901482e-01 9.99836396039294e+04 
1.72172310185551e-01 9.97331683049919e+04 
1.72337516297527e-01 9.94980665193570e+04 
1.72502526887174e-01 9.92654708571303e+04 
1.72667537877284e-01 9.90351850054272e+04 
1.72832638626605e-01 9.88074833942713e+04 
1.72997873124264e-01 9.85822252133307e+04 
1.73163260401083e-01 9.83597633151395e+04 
1.73328790719098e-01 9.81403342694044e+04 
1.73490676921328e-01 9.79293846934243e+04 
1.73655641335386e-01 9.77187256726772e+04 
1.73817745097418e-01 9.75158643113352e+04 
1.73983785631634e-01 9.73128243778272e+04 
1.74149963748722e-01 9.71152940440641e+04 
1.74316282973866e-01 9.69246323457801e+04 
1.74482791133969e-01 9.67403241704864e+04 
1.74649514056089e-01 9.65633365395880e+04 
1.74816498634277e-01 9.63927148567518e+04 
1.74983794564689e-01 9.62233900335013e+04 
1.75151484068591e-01 9.60664680782418e+04 
1.75319656237814e-01 9.59197271820730e+04 
1.75488394345404e-01 9.57827136710650e+04 
1.75657836738372e-01 9.56537366352239e+04 
1.75828119706181e-01 9.55332302721535e+04 
1.75999459983712e-01 9.54260196305213e+04 
1.76171996451476e-01 9.53249067685439e+04 
1.76332470396302e-01 9.52335682328863e+04 
1.76492717595287e-01 9.51445917090971e+04 
1.76652679884661e-01 9.50585401309529e+04 
1.76812514795598e-01 9.49825687259935e+04 
1.76972381178474e-01 9.49158927221595e+04 
1.77132450165871e-01 9.48595886149487e+04 
1.77292849391740e-01 9.48162070888786e+04 
1.77453655422444e-01 9.47865821752815e+04 
1.77614918701025e-01 9.47727791190867e+04 
1.77776691943488e-01 9.47744354264295e+04 
1.77939022865235e-01 9.47882992175590e+04 
1.78101990694740e-01 9.48130331915093e+04 
1.78265681802579e-01 9.48483176379144e+04 
1.78430214911529e-01 9.48937795635742e+04 
1.78595736183090e-01 9.49475899105179e+04 
1.78752362605734e-01 9.50050452418118e+04 
1.78908815253184e-01 9.50670430084161e+04 
1.79065151693315e-01 9.51318772964200e+04 
1.79221343959249e-01 9.51986156006213e+04 
1.79377489791769e-01 9.52657996942226e+04 
1.79533597712907e-01 9.53321531250988e+04 
1.79689945757808e-01 9.53960525432056e+04 
1.79846755986765e-01 9.54564666365154e+04 
1.80004182970394e-01 9.55119925480322e+04 
1.80162346936283e-01 9.55622049221900e+04 
1.80321364066896e-01 9.56068661208720e+04 
1.80481345415658e-01 9.56430498430754e+04 
1.80642429236970e-01 9.56751713348776e+04 
1.80795615274208e-01 9.56944331443789e+04 
1.80948769399823e-01 9.57010386643223e+04 
1.81101873624963e-01 9.57073283818998e+04 
1.81255012271900e-01 9.56915586494135e+04 
1.81408189618662e-01 9.56682468490548e+04 
1.81561557743739e-01 9.56377175540314e+04 
1.81715246095407e-01 9.56012245724071e+04 
1.81869550145323e-01 9.55601164917087e+04 
1.82024708124752e-01 9.55135237745527e+04 
1.82180905936809e-01 9.54615637706721e+04 
1.82331730761093e-01 9.53999689375428e+04 
1.82482501218556e-01 9.53413565303929e+04 
1.82633229090431e-01 9.52828380114718e+04 
1.82784007068711e-01 9.52259367922811e+04 
1.82934853893006e-01 9.51680957652211e+04 
1.83085904224839e-01 9.51102637885577e+04 
1.83237186489140e-01 9.50522244712935e+04 
1.83388965298598e-01 9.49936607807640e+04 
1.83541550947989e-01 9.49350821423713e+04 
1.83695178825194e-01 9.48753591078369e+04 
1.83850058188392e-01 9.48152577307699e+04 
1.83999575117451e-01 9.47568277608782e+04 
1.84149078286499e-01 9.46987279151380e+04 
1.84298671123086e-01 9.46401376482881e+04 
1.84448389843078e-01 9.45813141068769e+04 
1.84598394438621e-01 9.45216772173008e+04 
1.84748723402040e-01 9.44614409508550e+04 
1.84899632145826e-01 9.44003259239187e+04 
1.85051372142575e-01 9.43381778524126e+04 
1.85204228444677e-01 9.42752635380738e+04 
1.85353676273771e-01 9.42125813395337e+04 
1.85503109610592e-01 9.41489043828368e+04 
1.85652574326807e-01 9.40840189183358e+04 
1.85802194010399e-01 9.40175790676431e+04 
1.85952010022765e-01 9.39492177577489e+04 
1.86102204783118e-01 9.38790288352707e+04 
1.86252823624863e-01 9.38073712923103e+04 
1.86404125030485e-01 9.37335748096829e+04 
1.86556365320411e-01 9.36575116125862e+04 
1.86709830947744e-01 9.35785295724688e+04 
1.86860210897959e-01 9.34988147747308e+04 
1.87010630775588e-01 9.34160568823866e+04 
1.87161144768441e-01 9.33306227246447e+04 
1.87311873195472e-01 9.32426384876044e+04 
1.87462861028724e-01 9.31522017262004e+04 
1.87614283472024e-01 9.30593095249100e+04 
1.87766184268766e-01 9.29639649182631e+04 
1.87918810654406e-01 9.28660110288877e+04 
1.88072416556365e-01 9.27652037551052e+04 
1.88227270010971e-01 9.26577248604923e+04 
1.88383613100054e-01 9.25471114558290e+04 
1.88536007380159e-01 9.24388299012488e+04 
1.88688545066557e-01 9.23296015256064e+04 
1.88841331774435e-01 9.22191200843721e+04 
1.88994399637246e-01 9.21066722285479e+04 
1.89147884534608e-01 9.19921422815440e+04 
1.89301807113900e-01 9.18753985919653e+04 
1.89456362334046e-01 9.17566354034961e+04 
1.89611674608081e-01 9.16375309796244e+04 
1.89768009407890e-01 9.15182380648847e+04 
1.89925590267920e-01 9.13949502961526e+04 
1.90084543519876e-01 9.12674590981405e+04 
1.90245012149144e-01 9.11361992744312e+04 
1.90401219204066e-01 9.10057939577452e+04 
1.90557709482037e-01 9.08737464376462e+04 
1.90714557547855e-01 9.07424625787240e+04 
1.90871741967750e-01 9.06127064099947e+04 
1.91029351546861e-01 9.04845771800715e+04 
1.91187342080186e-01 9.03591732944244e+04 
1.91345819769101e-01 9.02375885425272e+04 
1.91504729493491e-01 9.01204657227631e+04 
1.91664211500316e-01 9.00089345047393e+04 
1.91824406960420e-01 8.99034046858697e+04 
1.91985439181449e-01 8.98050412920676e+04 
1.92147411671106e-01 8.97114206686986e+04 
1.92310337538844e-01 8.96226992585219e+04 
1.92473428085898e-01 8.95392686731117e+04 
1.92636057389791e-01 8.94615194081227e+04 
1.92798332103112e-01 8.93891715786046e+04 
1.92960247483813e-01 8.93222984497127e+04 
1.93121909311003e-01 8.92605263939002e+04 
1.93283303709139e-01 8.92037012556267e+04 
1.93444533427460e-01 8.91513801436555e+04 
1.93605575695618e-01 8.91033222461520e+04 
1.93766531102888e-01 8.90591324476879e+04 
1.93927368685203e-01 8.90186026646530e+04 
1.94088187762698e-01 8.89813278379684e+04 
1.94248950042041e-01 8.89471391529830e+04 
1.94409753950458e-01 8.89156633439631e+04 
1.94570554691507e-01 8.88866549317270e+04 
1.94731449614697e-01 8.88597548350792e+04 
1.94892388327045e-01 8.88346853078071e+04 
1.95053467630021e-01 8.88111170067012e+04 
1.95214631589088e-01 8.87887649172953e+04 
1.95375976872512e-01 8.87672649367606e+04 
1.95537443421246e-01 8.87463295273127e+04 
1.95699127293074e-01 8.87256912866888e+04 
1.95860966246085e-01 8.87050768314543e+04 
1.96023056263124e-01 8.86842659467618e+04 
1.96185332731093e-01 8.86630098524834e+04 
1.96347892674975e-01 8.86411305390567e+04 
1.96510668947335e-01 8.86184191398190e+04 
1.96673760963999e-01 8.85947182214092e+04 
1.96837100576716e-01 8.85698408874978e+04 
1.97000790321120e-01 8.85436579250387e+04 
1.97164761692530e-01 8.85160107665192e+04 
1.97329152365077e-01 8.84867769078627e+04 
1.97493882625110e-01 8.84558225681644e+04 
1.97659048693420e-01 8.84230665939473e+04 
1.97824581171492e-01 8.83883768967722e+04 
1.97990625106451e-01 8.83517373176170e+04 
1.98157101651020e-01 8.83129577284480e+04 
1.98324118765050e-01 8.82719672926580e+04 
1.98491607291177e-01 8.82285086530202e+04 
1.98659733239190e-01 8.81828124687758e+04 
1.98828415793614e-01 8.81346362150833e+04 
1.98997789251341e-01 8.80840216858187e+04 
1.99167783316740e-01 8.80308770119483e+04 
1.99338566156955e-01 8.79749848878780e+04 
1.99510070965085e-01 8.79164810294611e+04 
1.99682498239555e-01 8.78550109880310e+04 
1.99855781489747e-01 8.77911746785337e+04 
2.00030162214228e-01 8.77238922038008e+04 
2.00205574004368e-01 8.76537829239919e+04 
