# Liste des scalaires : TEMPS pmat 
0.00000000000000e+00 1.00000000000000e+05 
7.22956891292051e-05 1.00000000000000e+05 
1.39473830159789e-04 1.00000000000000e+05 
2.09658797050092e-04 1.00000000000000e+05 
2.76117114236729e-04 1.00000000000000e+05 
3.20638761908118e-04 1.00000000000000e+05 
3.55139419127665e-04 1.00000000000000e+05 
3.84466703006944e-04 1.00000000000000e+05 
4.10882456555346e-04 1.00000000000000e+05 
4.35440253196323e-04 1.00000000000000e+05 
4.62453829501398e-04 1.00000000000000e+05 
4.92168763436980e-04 1.00000000000000e+05 
5.24855190766121e-04 1.00000000000000e+05 
5.60810260828176e-04 1.00000000000000e+05 
6.00360837896436e-04 1.00000000000000e+05 
6.43866472671523e-04 1.00000000000000e+05 
6.91722670924118e-04 1.00000000000000e+05 
7.44364489001972e-04 1.00000000000000e+05 
8.02270488887612e-04 1.00000000000000e+05 
8.65967088761816e-04 1.00000000000000e+05 
9.36033348623440e-04 1.00000000000000e+05 
1.01310623447123e-03 1.00000000000000e+05 
1.09788640890379e-03 1.00000000000000e+05 
1.19114460077961e-03 1.00000000000000e+05 
1.28874595967991e-03 1.00000000000000e+05 
1.39427742078085e-03 1.00000000000000e+05 
1.50221628787620e-03 1.00000000000000e+05 
1.61553425737477e-03 1.00000000000000e+05 
1.73457348070829e-03 1.00000000000000e+05 
1.85733677968619e-03 1.00000000000000e+05 
1.98616223838878e-03 1.00000000000000e+05 
2.11872938704633e-03 1.00000000000000e+05 
2.25541689819668e-03 1.00000000000000e+05 
2.39772133018674e-03 1.00000000000000e+05 
2.54437294972199e-03 1.00000000000000e+05 
2.69589567675677e-03 1.00000000000000e+05 
2.85168208047648e-03 1.00000000000000e+05 
3.01172012266313e-03 1.00000000000000e+05 
3.17737004676429e-03 1.00000000000000e+05 
3.34823872177391e-03 1.00000000000000e+05 
3.52475255065863e-03 1.00000000000000e+05 
3.70521641618279e-03 1.00000000000000e+05 
3.87776949584132e-03 1.00000000000000e+05 
4.04647739550477e-03 1.00000000000000e+05 
4.21037672420160e-03 1.00000000000000e+05 
4.37309775338683e-03 1.00000000000000e+05 
4.53387195894491e-03 1.00000000000000e+05 
4.69344789329809e-03 1.00000000000000e+05 
4.85277069096456e-03 1.00000000000000e+05 
5.01617500282332e-03 1.00000000000000e+05 
5.18282700056675e-03 1.00000000000000e+05 
5.34915064162517e-03 1.00000000000000e+05 
5.51508533567072e-03 1.00000000000000e+05 
5.68532754760180e-03 1.00000000000000e+05 
5.85711183542420e-03 1.00000000000000e+05 
6.03094226796761e-03 1.00000000000000e+05 
6.20639266804269e-03 1.00000000000000e+05 
6.38483980572227e-03 1.00000000000000e+05 
6.56714917548056e-03 1.00000000000000e+05 
6.75106722984590e-03 1.00000000000000e+05 
6.93238890581451e-03 1.00000000000000e+05 
7.11207908294553e-03 1.00000000000000e+05 
7.28917935358987e-03 1.00000000000000e+05 
7.46531565540006e-03 1.00000000000000e+05 
7.63892885290825e-03 1.00000000000000e+05 
7.81230304994983e-03 1.00000000000000e+05 
7.98294835038325e-03 1.00000000000000e+05 
8.15338293626891e-03 1.00000000000000e+05 
8.32228951977535e-03 1.00000000000000e+05 
8.49067784288093e-03 1.00000000000000e+05 
8.65913272355592e-03 1.00000000000000e+05 
8.82573297307100e-03 1.00000000000000e+05 
8.99099745839537e-03 1.00000000000000e+05 
9.15635582434134e-03 1.00000000000000e+05 
9.31941856999081e-03 1.00000000000000e+05 
9.47897872146062e-03 1.00000000000000e+05 
9.63493380976866e-03 1.00000000000000e+05 
9.78835558845185e-03 1.00000000000000e+05 
9.93954759853222e-03 1.00000000000000e+05 
1.00896010459671e-02 1.00000000000000e+05 
1.02387306835046e-02 1.00000000000000e+05 
1.03879040190152e-02 1.00000000000000e+05 
1.05372096194701e-02 1.00000000000000e+05 
1.06876448270988e-02 1.00000000000000e+05 
1.08385628829391e-02 1.00000000000000e+05 
1.09897084777938e-02 1.00000000000000e+05 
1.11412962549511e-02 1.00000000000000e+05 
1.12943084015333e-02 1.00000000000000e+05 
1.14490046209512e-02 1.00000000000000e+05 
1.16062677808320e-02 1.00000000000000e+05 
1.17662867516601e-02 1.00000000000000e+05 
1.19297825141986e-02 1.00000000000000e+05 
1.20964631924562e-02 1.00000000000000e+05 
1.22667988697188e-02 1.00000000000000e+05 
1.24391230134354e-02 1.00000000000000e+05 
1.26140505292377e-02 1.00000000000000e+05 
1.27917627190221e-02 1.00000000000000e+05 
1.29728364599501e-02 1.00000000000000e+05 
1.31572695309756e-02 1.00000000000000e+05 
1.33456118344179e-02 1.00000000000000e+05 
1.35368314932724e-02 1.00000000000000e+05 
1.37300901360393e-02 1.00000000000000e+05 
1.39240686116977e-02 1.00000000000000e+05 
1.41184400805891e-02 1.00000000000000e+05 
1.43133400598215e-02 1.00000000000000e+05 
1.45084978310530e-02 1.00000000000000e+05 
1.47043524316933e-02 1.00000000000000e+05 
1.49006839651257e-02 1.00000000000000e+05 
1.50975215027799e-02 1.00000000000000e+05 
1.52946070990858e-02 1.00000000000000e+05 
1.54924565223572e-02 1.00000000000000e+05 
1.56908693672456e-02 1.00000000000000e+05 
1.58903539581285e-02 1.00000000000000e+05 
1.60906808659186e-02 1.00000000000000e+05 
1.62921094255578e-02 1.00000000000000e+05 
1.64940970247924e-02 1.00000000000000e+05 
1.66970582209986e-02 1.00000000000000e+05 
1.69005208649820e-02 1.00000000000000e+05 
1.71050074068364e-02 1.00000000000000e+05 
1.73101767464520e-02 1.00000000000000e+05 
1.75165355162332e-02 1.00000000000000e+05 
1.77236954141576e-02 1.00000000000000e+05 
1.79321449250315e-02 1.00000000000000e+05 
1.81414630281787e-02 1.00000000000000e+05 
1.83521181809965e-02 1.00000000000000e+05 
1.85636655137918e-02 1.00000000000000e+05 
1.87765504073111e-02 1.00000000000000e+05 
1.89901696605957e-02 1.00000000000000e+05 
1.92048244873255e-02 1.00000000000000e+05 
1.93409954098302e-02 1.00000000000000e+05 
1.94907834245854e-02 1.00000000000000e+05 
1.96281635220625e-02 1.00000000000000e+05 
1.97792816292873e-02 1.00000000000000e+05 
1.99190241609919e-02 1.00000000000000e+05 
2.00727409458669e-02 1.00000000000000e+05 
2.02159341370501e-02 1.00000000000000e+05 
2.03734466473515e-02 1.00000000000000e+05 
2.05211529232367e-02 1.00000000000000e+05 
2.06836298267104e-02 1.00000000000000e+05 
2.08369600366974e-02 1.00000000000000e+05 
2.10056232676830e-02 1.00000000000000e+05 
2.11658089481397e-02 1.00000000000000e+05 
2.13417535829528e-02 1.00000000000000e+05 
2.14931668456595e-02 1.00000000000000e+05 
2.16559194024735e-02 1.00000000000000e+05 
2.18080615610779e-02 1.00000000000000e+05 
2.19720112198256e-02 1.00000000000000e+05 
2.21251604084993e-02 1.00000000000000e+05 
2.22903780623786e-02 1.00000000000000e+05 
2.24445604538190e-02 1.00000000000000e+05 
2.26111187622700e-02 1.00000000000000e+05 
2.27663732598083e-02 1.00000000000000e+05 
2.29343787689029e-02 1.00000000000000e+05 
2.30907495901933e-02 1.00000000000000e+05 
2.32603758987103e-02 1.00000000000000e+05 
2.34310668490583e-02 1.00000000000000e+05 
2.36026955175002e-02 1.00000000000000e+05 
2.37756523107735e-02 1.00000000000000e+05 
2.39499912492815e-02 1.00000000000000e+05 
2.41264477392247e-02 1.00000000000000e+05 
2.43046833045000e-02 1.00000000000000e+05 
2.44856551495777e-02 1.00000000000000e+05 
2.46528298060393e-02 1.00000000000000e+05 
2.48206793790060e-02 1.00000000000000e+05 
2.49892554921277e-02 1.00000000000000e+05 
2.51587171354328e-02 1.00000000000000e+05 
2.53291263747916e-02 1.00000000000000e+05 
2.55007511736681e-02 1.00000000000000e+05 
2.56735462531237e-02 1.00000000000000e+05 
2.58477573570638e-02 1.00000000000000e+05 
2.60232320022877e-02 1.00000000000000e+05 
2.62002332051246e-02 1.00000000000000e+05 
2.63785773978634e-02 1.00000000000000e+05 
2.65585146164603e-02 1.00000000000000e+05 
2.67398788293229e-02 1.00000000000000e+05 
2.69228818434974e-02 1.00000000000000e+05 
2.71074180707268e-02 1.00000000000000e+05 
2.72936519396803e-02 1.00000000000000e+05 
2.74815459918948e-02 1.00000000000000e+05 
2.76712074960850e-02 1.00000000000000e+05 
2.78626825423324e-02 1.00000000000000e+05 
2.80560179253078e-02 1.00000000000000e+05 
2.82513523484922e-02 1.00000000000000e+05 
2.84486504683507e-02 1.00000000000000e+05 
2.86481609546461e-02 1.00000000000000e+05 
2.88497351674747e-02 1.00000000000000e+05 
2.90527339845754e-02 1.00000000000000e+05 
2.92558762206792e-02 1.00000000000000e+05 
2.94593664876548e-02 1.00000000000000e+05 
2.96611116862455e-02 1.00000000000000e+05 
2.98624889822489e-02 1.00000000000000e+05 
3.00422423013608e-02 1.00000000000000e+05 
3.02224271309336e-02 1.00000000000000e+05 
3.04028501816834e-02 1.00000000000000e+05 
3.05835796262170e-02 1.00000000000000e+05 
3.07591778445097e-02 1.00000000000000e+05 
3.09523358846317e-02 1.00000000000000e+05 
3.11531446393342e-02 1.00000000000000e+05 
3.13089550492522e-02 1.00000000000000e+05 
3.14659145360603e-02 1.00000000000000e+05 
3.16068650837021e-02 1.00000000000000e+05 
3.17414825266982e-02 1.00000000000000e+05 
3.18763234244286e-02 1.00000000000000e+05 
3.20036955783727e-02 1.00000000000000e+05 
3.21323597836248e-02 1.00000000000000e+05 
3.22569590438466e-02 1.00000000000000e+05 
3.23830309013548e-02 1.00000000000000e+05 
3.25198373076246e-02 1.00000000000000e+05 
3.26597120835993e-02 1.00000000000000e+05 
3.27992893409606e-02 1.00000000000000e+05 
3.29339676326087e-02 1.00000000000000e+05 
3.30667081250624e-02 1.00000000000000e+05 
3.31988473537370e-02 1.00000000000000e+05 
3.33324606974776e-02 1.00000000000000e+05 
3.34684293399845e-02 1.00000000000000e+05 
3.36059476377465e-02 1.00000000000000e+05 
3.37531414141320e-02 1.00000000000000e+05 
3.39004209084195e-02 1.00000000000000e+05 
3.40553886656814e-02 1.00000000000000e+05 
3.41889344870719e-02 1.00000000000000e+05 
3.43234656521848e-02 1.00000000000000e+05 
3.44604301032138e-02 1.00000000000000e+05 
3.46059731316060e-02 1.00000000000000e+05 
3.47517693760509e-02 1.00000000000000e+05 
3.49049251853084e-02 1.00000000000000e+05 
3.50398138540087e-02 1.00000000000000e+05 
3.51758006278536e-02 1.00000000000000e+05 
3.53138319387394e-02 1.00000000000000e+05 
3.54558100476475e-02 1.00000000000000e+05 
3.55998178704060e-02 1.00000000000000e+05 
3.57530450181579e-02 1.00000000000000e+05 
3.59098356663363e-02 1.00000000000000e+05 
3.60476575286997e-02 1.00000000000000e+05 
3.61864387559061e-02 1.00000000000000e+05 
3.63267760314084e-02 1.00000000000000e+05 
3.64690278877898e-02 1.00000000000000e+05 
3.66211273618001e-02 1.00000000000000e+05 
3.67702214274546e-02 1.00000000000000e+05 
3.69288269544819e-02 1.00000000000000e+05 
3.70917416547637e-02 1.00000000000000e+05 
3.72636723244969e-02 1.00000000000000e+05 
3.74069993331758e-02 1.00000000000000e+05 
3.75519992632468e-02 1.00000000000000e+05 
3.76991103488420e-02 1.00000000000000e+05 
3.78559175514998e-02 1.00000000000000e+05 
3.80091396684945e-02 1.00000000000000e+05 
3.81711935756086e-02 1.00000000000000e+05 
3.83365120781799e-02 1.00000000000000e+05 
3.85101256617280e-02 1.00000000000000e+05 
3.86570736565272e-02 1.00000000000000e+05 
3.88055545888967e-02 1.00000000000000e+05 
3.89571160410350e-02 1.00000000000000e+05 
3.91125530480663e-02 1.00000000000000e+05 
3.92664463203552e-02 1.00000000000000e+05 
3.94299859699670e-02 1.00000000000000e+05 
3.95917325968013e-02 1.00000000000000e+05 
3.97624585409839e-02 1.00000000000000e+05 
3.99368529242441e-02 1.00000000000000e+05 
4.01195988428300e-02 1.00000000000000e+05 
4.02721549683218e-02 1.00000000000000e+05 
4.04262053758982e-02 1.00000000000000e+05 
4.05832205028758e-02 1.00000000000000e+05 
4.07438817164983e-02 1.00000000000000e+05 
4.09035882622072e-02 1.00000000000000e+05 
4.10720798033977e-02 1.00000000000000e+05 
4.12376691164855e-02 1.00000000000000e+05 
4.14127937716824e-02 1.00000000000000e+05 
4.15871258710856e-02 1.00000000000000e+05 
4.17704556373385e-02 1.00000000000000e+05 
4.19275880109171e-02 1.00000000000000e+05 
4.20858845960526e-02 1.00000000000000e+05 
4.22453324919628e-02 1.00000000000000e+05 
4.24062506676356e-02 1.00000000000000e+05 
4.25698217557043e-02 1.00000000000000e+05 
4.27364574928086e-02 1.00000000000000e+05 
4.29026376798080e-02 1.00000000000000e+05 
4.30783769345036e-02 1.00000000000000e+05 
4.32482973527241e-02 1.00000000000000e+05 
4.34255214270857e-02 1.00000000000000e+05 
4.36006260028097e-02 1.00000000000000e+05 
4.37838285780194e-02 1.00000000000000e+05 
4.39657222081011e-02 1.00000000000000e+05 
4.41518696099937e-02 1.00000000000000e+05 
4.43164861571418e-02 1.00000000000000e+05 
4.44818094879618e-02 1.00000000000000e+05 
4.46479115595152e-02 1.00000000000000e+05 
4.48151009089568e-02 1.00000000000000e+05 
4.49833245409247e-02 1.00000000000000e+05 
4.51527894741960e-02 1.00000000000000e+05 
4.53262425473998e-02 1.00000000000000e+05 
4.55034625886652e-02 1.00000000000000e+05 
4.56863345911955e-02 1.00000000000000e+05 
4.58745598435150e-02 1.00000000000000e+05 
4.60493606901559e-02 1.00000000000000e+05 
4.62321258720885e-02 1.00000000000000e+05 
4.64102408491994e-02 1.00000000000000e+05 
4.65964409904086e-02 1.00000000000000e+05 
4.67777149142746e-02 1.00000000000000e+05 
4.69473328921695e-02 1.00000000000000e+05 
4.71174067091343e-02 1.00000000000000e+05 
4.72879323450999e-02 1.00000000000000e+05 
4.74589973223110e-02 1.00000000000000e+05 
4.76305465081202e-02 1.00000000000000e+05 
4.78029247932677e-02 1.00000000000000e+05 
4.79760068492666e-02 1.00000000000000e+05 
4.81503504619007e-02 1.00000000000000e+05 
4.83257941104724e-02 1.00000000000000e+05 
4.85031200785693e-02 1.00000000000000e+05 
4.86826153020913e-02 1.00000000000000e+05 
4.88648010359306e-02 1.00000000000000e+05 
4.90496707313482e-02 1.00000000000000e+05 
4.92379174977000e-02 1.00000000000000e+05 
4.94296535127850e-02 1.00000000000000e+05 
4.96263363494866e-02 1.00000000000000e+05 
4.98274645442644e-02 1.00000000000000e+05 
5.00333682550870e-02 1.00000000000000e+05 
5.02417100727387e-02 1.00000000000000e+05 
5.04232146716507e-02 1.00000000000000e+05 
5.05973346486571e-02 1.00000000000000e+05 
5.07716327384089e-02 1.00000000000000e+05 
5.09462085981076e-02 1.00000000000000e+05 
5.11211262212280e-02 1.00000000000000e+05 
5.12964882819645e-02 1.00000000000000e+05 
5.14724797283441e-02 1.00000000000000e+05 
5.16491508460465e-02 1.00000000000000e+05 
5.18268080486081e-02 1.00000000000000e+05 
5.20054559398930e-02 1.00000000000000e+05 
5.21855511437183e-02 1.00000000000000e+05 
5.23669743132693e-02 1.00000000000000e+05 
5.25503534983494e-02 1.00000000000000e+05 
5.27353466294582e-02 1.00000000000000e+05 
5.29228171255135e-02 1.00000000000000e+05 
5.31122357533081e-02 1.00000000000000e+05 
5.33047906255684e-02 1.00000000000000e+05 
5.34997612073322e-02 1.00000000000000e+05 
5.36987861304185e-02 1.00000000000000e+05 
5.39001543278948e-02 1.00000000000000e+05 
5.41051615017567e-02 1.00000000000000e+05 
5.43138849438567e-02 1.00000000000000e+05 
5.44903173808685e-02 1.00000000000000e+05 
5.46672612461970e-02 1.00000000000000e+05 
5.48445321448074e-02 1.00000000000000e+05 
5.50222723925140e-02 1.00000000000000e+05 
5.52002593346828e-02 1.00000000000000e+05 
5.53786820391470e-02 1.00000000000000e+05 
5.55575908334412e-02 1.00000000000000e+05 
5.57369332023962e-02 1.00000000000000e+05 
5.59169321403016e-02 1.00000000000000e+05 
5.60977728946125e-02 1.00000000000000e+05 
5.62792166116061e-02 1.00000000000000e+05 
5.64612177076733e-02 1.00000000000000e+05 
5.66441412670618e-02 1.00000000000000e+05 
5.68283495462927e-02 1.00000000000000e+05 
5.70141394846985e-02 1.00000000000000e+05 
5.72016078888749e-02 1.00000000000000e+05 
5.73911124221952e-02 1.00000000000000e+05 
5.75827382247555e-02 1.00000000000000e+05 
5.77767483713331e-02 1.00000000000000e+05 
5.79730443850928e-02 1.00000000000000e+05 
5.81718852181707e-02 1.00000000000000e+05 
5.83731134047446e-02 1.00000000000000e+05 
5.85531690502733e-02 1.00000000000000e+05 
5.87335450302269e-02 1.00000000000000e+05 
5.89141737459854e-02 1.00000000000000e+05 
5.90952775766335e-02 1.00000000000000e+05 
5.92768042790262e-02 1.00000000000000e+05 
5.94587818005161e-02 1.00000000000000e+05 
5.96411716691422e-02 1.00000000000000e+05 
5.98240007936499e-02 1.00000000000000e+05 
6.00072815916734e-02 1.00000000000000e+05 
6.01910707674193e-02 1.00000000000000e+05 
6.03754391273363e-02 1.00000000000000e+05 
6.05604768004509e-02 1.00000000000000e+05 
6.07463164038206e-02 1.00000000000000e+05 
6.09330834756605e-02 1.00000000000000e+05 
6.11209864488211e-02 1.00000000000000e+05 
6.13100655333029e-02 1.00000000000000e+05 
6.15006057570479e-02 1.00000000000000e+05 
6.16925458076682e-02 1.00000000000000e+05 
6.18862704277437e-02 1.00000000000000e+05 
6.20675529307644e-02 1.00000000000000e+05 
6.22494146259017e-02 1.00000000000000e+05 
6.24319326158358e-02 1.00000000000000e+05 
6.26148534814981e-02 1.00000000000000e+05 
6.27982552027927e-02 1.00000000000000e+05 
6.29820243551967e-02 1.00000000000000e+05 
6.31663717348134e-02 1.00000000000000e+05 
6.33512260935782e-02 1.00000000000000e+05 
6.35368431768642e-02 1.00000000000000e+05 
6.37232366256592e-02 1.00000000000001e+05 
6.39104971708459e-02 1.00000000000002e+05 
6.40986879962598e-02 1.00000000000004e+05 
6.42879069553483e-02 1.00000000000008e+05 
6.44783107299894e-02 1.00000000000013e+05 
6.46698493290209e-02 1.00000000000020e+05 
6.48627868452700e-02 1.00000000000025e+05 
6.50572091138368e-02 1.00000000000030e+05 
6.52492438803661e-02 1.00000000000037e+05 
6.54317680746322e-02 1.00000000000046e+05 
6.56157151131185e-02 1.00000000000060e+05 
6.58009345362067e-02 1.00000000000098e+05 
6.59870350533088e-02 1.00000000000161e+05 
6.61739773917718e-02 1.00000000000412e+05 
6.63615661977822e-02 1.00000000000954e+05 
6.65499706438680e-02 1.00000000002665e+05 
6.67390883009561e-02 1.00000000005204e+05 
6.69291516815991e-02 1.00000000020473e+05 
6.71201797116511e-02 1.00000000040557e+05 
6.73122410972664e-02 1.00000000074329e+05 
6.75054302287703e-02 1.00000000118988e+05 
6.76997339585880e-02 1.00000000165113e+05 
6.78953500596094e-02 1.00000000228036e+05 
6.80921921535653e-02 1.00000000313340e+05 
6.82905667014865e-02 1.00000000425495e+05 
6.84905674731575e-02 1.00000000551958e+05 
6.86880986691459e-02 1.00000000686854e+05 
6.88738872616616e-02 1.00000000832734e+05 
6.90781411624169e-02 1.00000001159383e+05 
6.92672063459915e-02 1.00000001452862e+05 
6.94573569224382e-02 1.00000001795663e+05 
6.96485357776926e-02 1.00000002137618e+05 
6.98405609382163e-02 1.00000002555087e+05 
7.00334616982863e-02 1.00000002990422e+05 
7.02272185801577e-02 1.00000003515784e+05 
7.04220999955999e-02 1.00000004084173e+05 
7.06181189727675e-02 1.00000004621525e+05 
7.08153036339433e-02 1.00000005339675e+05 
7.10137055368323e-02 1.00000006032505e+05 
7.12133170883879e-02 1.00000006856839e+05 
7.14142556616979e-02 1.00000007291274e+05 
7.16164584654241e-02 1.00000008331157e+05 
7.18201060636631e-02 1.00000009028571e+05 
7.20250962278869e-02 1.00000009601582e+05 
7.22316740678070e-02 1.00000010596503e+05 
7.24399433363234e-02 1.00000011268718e+05 
7.26452856613727e-02 1.00000016494334e+05 
7.28537116199463e-02 1.00000162284442e+05 
7.30606646785051e-02 1.00000236599621e+05 
7.32549191250847e-02 1.00000806754134e+05 
7.34685990163222e-02 1.00001275709222e+05 
7.36661995812024e-02 1.00002326945812e+05 
7.38651225416435e-02 1.00003254438178e+05 
7.40651190442534e-02 1.00004671569873e+05 
7.42661540116032e-02 1.00005868011269e+05 
7.44682010714461e-02 1.00008086832170e+05 
7.46713034972349e-02 1.00009945301827e+05 
7.48752662457526e-02 1.00013643840591e+05 
7.50801757412639e-02 1.00016762342920e+05 
7.52858111750947e-02 1.00024304815886e+05 
7.54923099398399e-02 1.00033416738278e+05 
7.56994177371719e-02 1.00067963180074e+05 
7.59055183579983e-02 1.00144382350239e+05 
7.61098875497989e-02 1.00277750958544e+05 
7.63123293481127e-02 1.00484006620822e+05 
7.65124669781941e-02 1.00782187994797e+05 
7.67102282137008e-02 1.01199413234514e+05 
7.69277655727582e-02 1.01825228819564e+05 
7.71505345389044e-02 1.02689641831538e+05 
7.73683502275217e-02 1.03778823635434e+05 
7.75824485986617e-02 1.05117708788490e+05 
7.77910706825295e-02 1.06676367287369e+05 
7.79960014860147e-02 1.08504200678391e+05 
7.81967094948396e-02 1.10570822103806e+05 
7.83701894673020e-02 1.12582609050324e+05 
7.85486239019197e-02 1.14847989263233e+05 
7.87231870557136e-02 1.17244225886832e+05 
7.89021271897502e-02 1.19835752075346e+05 
7.90771282158307e-02 1.22475354064103e+05 
7.92563980000789e-02 1.25172232192661e+05 
7.94316149120735e-02 1.27726591852649e+05 
7.96109878402088e-02 1.30285594059492e+05 
7.97862506953100e-02 1.32715896012288e+05 
7.99655757241991e-02 1.34738558471584e+05 
8.01407609657703e-02 1.36213762015696e+05 
8.03199246342353e-02 1.37284234343099e+05 
8.04949334529816e-02 1.37827350849974e+05 
8.06738468914873e-02 1.38048591822495e+05 
8.08485886464611e-02 1.37884567894995e+05 
8.10271728218606e-02 1.37695081624399e+05 
8.12015175115442e-02 1.37478679259259e+05 
8.13796368195309e-02 1.37203492754392e+05 
8.15533563100539e-02 1.36895699118710e+05 
8.17309552112380e-02 1.36526551047921e+05 
8.19147474112580e-02 1.36062573522293e+05 
8.21003857920882e-02 1.35570358927770e+05 
8.22863017847817e-02 1.35068120709138e+05 
8.24725577455377e-02 1.34544970701285e+05 
8.26590986260779e-02 1.34023446780452e+05 
8.28459783053013e-02 1.33501432310656e+05 
8.30331468915160e-02 1.32988377926663e+05 
8.32206652399868e-02 1.32486384034408e+05 
8.34084860116963e-02 1.32004000816347e+05 
8.35967036540886e-02 1.31537570608096e+05 
8.37852767953798e-02 1.31095790291814e+05 
8.39742279590285e-02 1.30667433101281e+05 
8.41635235133246e-02 1.30260991500873e+05 
8.43531921685974e-02 1.29869934762553e+05 
8.45431987393307e-02 1.29489774679222e+05 
8.47336223172882e-02 1.29120712341696e+05 
8.49244313550549e-02 1.28756471268697e+05 
8.51156786498298e-02 1.28399230483735e+05 
8.53073350710621e-02 1.28043906397822e+05 
8.54994478842989e-02 1.27693608364235e+05 
8.56919973092988e-02 1.27344032385649e+05 
8.58850288719816e-02 1.26998464794318e+05 
8.60334891912728e-02 1.26733391750742e+05 
8.61787647054103e-02 1.26476640173394e+05 
8.63241657572044e-02 1.26220612443345e+05 
8.64698686419446e-02 1.25966819590840e+05 
8.66140440202007e-02 1.25716612040176e+05 
8.67590837800838e-02 1.25467938007403e+05 
8.69031800613885e-02 1.25221962848339e+05 
8.70484880100432e-02 1.24977337611198e+05 
8.71932838921455e-02 1.24735067100943e+05 
8.73398171450746e-02 1.24493636480840e+05 
8.74859037582200e-02 1.24254805839204e+05 
8.76266549664404e-02 1.24028310366914e+05 
8.77690755509846e-02 1.23801052717636e+05 
8.79129125923317e-02 1.23575313135535e+05 
8.80580642449001e-02 1.23349459768328e+05 
8.82042544595205e-02 1.23125721727880e+05 
8.83515355584337e-02 1.22902047334067e+05 
8.84997281229485e-02 1.22680472141342e+05 
8.86491558071992e-02 1.22458394639135e+05 
8.87998003445939e-02 1.22237642598744e+05 
8.89523852643704e-02 1.22014918917482e+05 
8.90956497914634e-02 1.21808177570476e+05 
8.92391684904434e-02 1.21601393569365e+05 
8.93831403209104e-02 1.21396137685006e+05 
8.95278202994006e-02 1.21189857812155e+05 
8.96736572557014e-02 1.20983975434326e+05 
8.98209763980627e-02 1.20775652419039e+05 
8.99703392807499e-02 1.20566371901892e+05 
9.01116070855811e-02 1.20367918756626e+05 
9.02531095239506e-02 1.20170817140754e+05 
9.03950261936521e-02 1.19972587952756e+05 
9.05377361185175e-02 1.19775029374202e+05 
9.06815760162717e-02 1.19575393936840e+05 
9.08270189329521e-02 1.19375341154882e+05 
9.09745452623799e-02 1.19172115824267e+05 
9.11142289487502e-02 1.18980760755984e+05 
9.12542707158901e-02 1.18786201208505e+05 
9.13948652779642e-02 1.18593820168948e+05 
9.15363753172062e-02 1.18398837152789e+05 
9.16791804319022e-02 1.18206121761996e+05 
9.18236056525099e-02 1.18010378112024e+05 
9.19620039776065e-02 1.17827284201680e+05 
9.21006725693289e-02 1.17642730690363e+05 
9.22396946412859e-02 1.17459796634697e+05 
9.23792914866056e-02 1.17276420009551e+05 
9.25196401818884e-02 1.17095330917587e+05 
9.26611771503692e-02 1.16913745197402e+05 
9.27981621911331e-02 1.16741619784876e+05 
9.29352786333258e-02 1.16570720025632e+05 
9.30726249182039e-02 1.16403308600747e+05 
9.32104538630972e-02 1.16236623749870e+05 
9.33489461419821e-02 1.16073068749903e+05 
9.34885649729195e-02 1.15909531928580e+05 
9.36241988867924e-02 1.15754597308765e+05 
9.37599602129550e-02 1.15600675610082e+05 
9.38959998566452e-02 1.15450603923845e+05 
9.40326234735871e-02 1.15301218975375e+05 
9.41700236182028e-02 1.15155593758338e+05 
9.43044897055458e-02 1.15014670199344e+05 
9.44389683075730e-02 1.14877900549362e+05 
9.45736573441646e-02 1.14743075706233e+05 
9.47087485468186e-02 1.14612783669713e+05 
9.48446154521964e-02 1.14484182299900e+05 
9.49781013770782e-02 1.14357565377135e+05 
9.51115473278744e-02 1.14240982292472e+05 
9.52451063109992e-02 1.14114792538682e+05 
9.53790883915437e-02 1.14004789403763e+05 
9.55137456742562e-02 1.13893361833044e+05 
9.56465109799793e-02 1.13785496624980e+05 
9.57792448229594e-02 1.13690780752099e+05 
9.59122034847128e-02 1.13596017569180e+05 
9.60455875205095e-02 1.13512701986359e+05 
9.61798549552519e-02 1.13427921628087e+05 
9.63127500709274e-02 1.13353878841641e+05 
9.64458697269924e-02 1.13278214032798e+05 
9.65788765185554e-02 1.13209384338160e+05 
9.67127257287836e-02 1.13140686141100e+05 
9.68468843320992e-02 1.13079395365157e+05 
9.69825661691511e-02 1.13016509993300e+05 
9.71191560616164e-02 1.12964502068012e+05 
9.72580279858460e-02 1.12910763644099e+05 
9.73982640215928e-02 1.12869063359960e+05 
9.75415281795087e-02 1.12824752759694e+05 
9.76864965372580e-02 1.12792428356294e+05 
9.78355219483936e-02 1.12756311527973e+05 
9.79863471769408e-02 1.12737047123766e+05 
9.81220563148139e-02 1.12719936737914e+05 
9.82587572313493e-02 1.12699722438412e+05 
9.83957506482223e-02 1.12680516594773e+05 
9.85336729500069e-02 1.12658851968326e+05 
9.86721203248611e-02 1.12638818003416e+05 
9.88117737922442e-02 1.12617680329230e+05 
9.89526769863773e-02 1.12598140160129e+05 
9.90954360908241e-02 1.12582969251402e+05 
9.92405308440298e-02 1.12572859651370e+05 
9.93887339596297e-02 1.12565500924339e+05 
9.95204332137347e-02 1.12562575429220e+05 
9.96528289577803e-02 1.12560576901660e+05 
9.97856632582393e-02 1.12560813532018e+05 
9.99192397627484e-02 1.12561851362918e+05 
1.00052913159032e-01 1.12562770279872e+05 
1.00187427897618e-01 1.12565394938811e+05 
1.00321845239311e-01 1.12565599343760e+05 
1.00457209873889e-01 1.12566881537639e+05 
1.00592271846479e-01 1.12565314903241e+05 
1.00729235066543e-01 1.12562530365854e+05 
1.00868220140802e-01 1.12556112799187e+05 
1.01009430998528e-01 1.12546883169608e+05 
1.01153026338306e-01 1.12531893424313e+05 
1.01299113321269e-01 1.12512579633089e+05 
1.01434618067092e-01 1.12489166324114e+05 
1.01583673287497e-01 1.12458349857648e+05 
1.01719310618561e-01 1.12429221795015e+05 
1.01868511682730e-01 1.12393801093799e+05 
1.02025919664953e-01 1.12340962630801e+05 
1.02184000124905e-01 1.12286235923405e+05 
1.02343431737359e-01 1.12217787706906e+05 
1.02502921420457e-01 1.12149826091887e+05 
1.02662592987406e-01 1.12069223638147e+05 
1.02822440896387e-01 1.11989747230737e+05 
1.02982669266740e-01 1.11898204476222e+05 
1.03143279475839e-01 1.11808670891525e+05 
1.03304183901364e-01 1.11707962886328e+05 
1.03464324673993e-01 1.11610505940371e+05 
1.03623637444731e-01 1.11515417589939e+05 
1.03782263357515e-01 1.11407161759405e+05 
1.03940205336607e-01 1.11305121111742e+05 
1.04097640945682e-01 1.11197777622451e+05 
1.04254675131731e-01 1.11085372590222e+05 
1.04411768985697e-01 1.10968028809753e+05 
1.04567386025295e-01 1.10846828502553e+05 
1.04723122084093e-01 1.10721461393185e+05 
1.04878935055550e-01 1.10592504050873e+05 
1.05031051073960e-01 1.10463576675090e+05 
1.05186774815960e-01 1.10328519501135e+05 
1.05339362451963e-01 1.10193955185935e+05 
1.05494173384894e-01 1.10055104280570e+05 
1.05647544631764e-01 1.09916218559171e+05 
1.05803309819590e-01 1.09773212760301e+05 
1.05957767343795e-01 1.09631033069836e+05 
1.06115103707347e-01 1.09485016782330e+05 
1.06270946665852e-01 1.09333103374341e+05 
1.06429053553188e-01 1.09188423318026e+05 
1.06586599259742e-01 1.09031400328647e+05 
1.06745711607402e-01 1.08890194343678e+05 
1.06905343668231e-01 1.08734045025561e+05 
1.07065752789266e-01 1.08596289254628e+05 
1.07226902163976e-01 1.08444386007012e+05 
1.07388910403486e-01 1.08309126457903e+05 
1.07551805591113e-01 1.08160254683618e+05 
1.07715790889694e-01 1.08026068455351e+05 
1.07880953109112e-01 1.07879260683958e+05 
1.08047389319498e-01 1.07745353702575e+05 
1.08214978992355e-01 1.07600654287055e+05 
1.08384267291896e-01 1.07453084954680e+05 
1.08553603012226e-01 1.07316676898073e+05 
1.08725139225691e-01 1.07175773878502e+05 
1.08894719511600e-01 1.07046176450006e+05 
1.09065708017734e-01 1.06911989781534e+05 
1.09235371615517e-01 1.06787554746005e+05 
1.09405303193666e-01 1.06659069035941e+05 
1.09573982651195e-01 1.06539150403333e+05 
1.09742905631459e-01 1.06415576887699e+05 
1.09910509716794e-01 1.06300542027148e+05 
1.10075654214187e-01 1.06185253284447e+05 
1.10242256327495e-01 1.06077287825471e+05 
1.10408925738706e-01 1.05967935045455e+05 
1.10574576324204e-01 1.05867542658912e+05 
1.10741740845178e-01 1.05765188406038e+05 
1.10906550390998e-01 1.05673222576211e+05 
1.11073481559274e-01 1.05578443071248e+05 
1.11236577903846e-01 1.05494058280904e+05 
1.11403388643463e-01 1.05405744793887e+05 
1.11566769999927e-01 1.05326692751152e+05 
1.11732898419288e-01 1.05244187883936e+05 
1.11895660421620e-01 1.05170181965285e+05 
1.12060563430904e-01 1.05093050585916e+05 
1.12222789950493e-01 1.05027146958495e+05 
1.12388054761569e-01 1.04953695763137e+05 
1.12550318133153e-01 1.04897135927440e+05 
1.12715685802864e-01 1.04825640317135e+05 
1.12878079812185e-01 1.04768163335251e+05 
1.13043611300367e-01 1.04699167153409e+05 
1.13206187830471e-01 1.04641225470343e+05 
1.13371933594144e-01 1.04575257291512e+05 
1.13534761615469e-01 1.04517010451588e+05 
1.13700797357835e-01 1.04462026317426e+05 
1.13863967958659e-01 1.04403220754325e+05 
1.14030387149549e-01 1.04348549807743e+05 
1.14193984822132e-01 1.04290155429225e+05 
1.14360880593347e-01 1.04235761849985e+05 
1.14524995103608e-01 1.04177894967946e+05 
1.14692475398292e-01 1.04124074268614e+05 
1.14857223316313e-01 1.04067021049739e+05 
1.15025432900488e-01 1.04013920595515e+05 
1.15190946198276e-01 1.03957709238375e+05 
1.15359618836237e-01 1.03905434725805e+05 
1.15525530554008e-01 1.03851682224955e+05 
1.15694595341802e-01 1.03800183049576e+05 
1.15861057444462e-01 1.03749301076952e+05 
1.16015694010933e-01 1.03703977884594e+05 
1.16182692965278e-01 1.03654113713776e+05 
1.16337488291302e-01 1.03609275334074e+05 
1.16505556928540e-01 1.03559124005246e+05 
1.16668561208156e-01 1.03511580405664e+05 
1.16837302890041e-01 1.03460430989366e+05 
1.17009485593737e-01 1.03409147775989e+05 
1.17178557629317e-01 1.03356289480762e+05 
1.17349486481917e-01 1.03303683387051e+05 
1.17518281363604e-01 1.03248893579859e+05 
1.17688783561921e-01 1.03195091126278e+05 
1.17857638027787e-01 1.03138260474010e+05 
1.18027777438685e-01 1.03083984884978e+05 
1.18196248602682e-01 1.03025070401520e+05 
1.18365217567758e-01 1.02970624892838e+05 
1.18532791153710e-01 1.02911247398239e+05 
1.18697361539839e-01 1.02857647366997e+05 
1.18863781729819e-01 1.02798202700451e+05 
1.19030708906492e-01 1.02743434001080e+05 
1.19195864747510e-01 1.02684056926552e+05 
1.19349698937006e-01 1.02633075274956e+05 
1.19503629602335e-01 1.02577760333945e+05 
1.19657685520721e-01 1.02526585901568e+05 
1.19811852276260e-01 1.02471252602192e+05 
1.19966167755306e-01 1.02420094943840e+05 
1.20120619149180e-01 1.02364256946504e+05 
1.20275255736441e-01 1.02312546165814e+05 
1.20425621551815e-01 1.02259850432831e+05 
1.20577529506364e-01 1.02210799183494e+05 
1.20728311863503e-01 1.02160725621891e+05 
1.20880681499978e-01 1.02114944511386e+05 
1.21031876467395e-01 1.02073909521507e+05 
1.21184752745721e-01 1.02038001182782e+05 
1.21336401075364e-01 1.02006702538677e+05 
1.21489875728445e-01 1.01981711476027e+05 
1.21642060127965e-01 1.01959837789746e+05 
1.21796308067302e-01 1.01946260132012e+05 
1.21949191761174e-01 1.01939051242825e+05 
1.22104433098135e-01 1.01941699376633e+05 
1.22258235431081e-01 1.01959189048622e+05 
1.22415078030465e-01 1.01992177789841e+05 
1.22570275900630e-01 1.02045766259907e+05 
1.22729322380365e-01 1.02122611088588e+05 
1.22886687798804e-01 1.02228995836347e+05 
1.23048259170225e-01 1.02368146896011e+05 
1.23208957807828e-01 1.02532434542342e+05 
1.23374288503042e-01 1.02727812940453e+05 
1.23538705377499e-01 1.02951459142460e+05 
1.23704987536393e-01 1.03206851512218e+05 
1.23855613746676e-01 1.03465468029996e+05 
1.24006341123461e-01 1.03748803389441e+05 
1.24157180075640e-01 1.04057725921898e+05 
1.24308301442154e-01 1.04390585353870e+05 
1.24459730934188e-01 1.04747468916153e+05 
1.24611635411834e-01 1.05125614532208e+05 
1.24764027245117e-01 1.05524433101424e+05 
1.24917076535777e-01 1.05940547439251e+05 
1.25070156732695e-01 1.06370860209706e+05 
1.25224803190379e-01 1.06814428767249e+05 
1.25378606959688e-01 1.07262161925907e+05 
1.25535366086628e-01 1.07718979874786e+05 
1.25688975089831e-01 1.08164597349856e+05 
1.25844692662029e-01 1.08608691697610e+05 
1.25997623450694e-01 1.09034498327274e+05 
1.26152762632841e-01 1.09449663181569e+05 
1.26305410371280e-01 1.09839252202083e+05 
1.26455521955376e-01 1.10199655637272e+05 
1.26605541901215e-01 1.10537028477200e+05 
1.26755668777206e-01 1.10854498077959e+05 
1.26905979647715e-01 1.11140777507787e+05 
1.27056665206873e-01 1.11392505362487e+05 
1.27207741319631e-01 1.11612684182169e+05 
1.27359358133787e-01 1.11797048978939e+05 
1.27511518562280e-01 1.11951954027786e+05 
1.27664390410685e-01 1.12068631414081e+05 
1.27817989093969e-01 1.12146819268169e+05 
1.27972551117841e-01 1.12195044050870e+05 
1.28128155578371e-01 1.12210110331999e+05 
1.28285157368695e-01 1.12196272665309e+05 
1.28438499178186e-01 1.12155240347718e+05 
1.28599053964917e-01 1.12063203747003e+05 
1.28748082459421e-01 1.11971366194987e+05 
1.28897082792325e-01 1.11866272731762e+05 
1.29046171056128e-01 1.11757855293437e+05 
1.29195581869918e-01 1.11641268413884e+05 
1.29345460812417e-01 1.11519420127862e+05 
1.29496004691485e-01 1.11388274113383e+05 
1.29647278747689e-01 1.11258369598413e+05 
1.29799417700039e-01 1.11122137065844e+05 
1.29952467882496e-01 1.10988760451435e+05 
1.30106570408048e-01 1.10850395525946e+05 
1.30261781841708e-01 1.10715912416821e+05 
1.30418324035645e-01 1.10577227126526e+05 
1.30576298141810e-01 1.10444162164466e+05 
1.30725292519997e-01 1.10316613607060e+05 
1.30874283672662e-01 1.10195729401074e+05 
1.31023265845811e-01 1.10073286070138e+05 
1.31172371759113e-01 1.09957403028915e+05 
1.31321831119541e-01 1.09839840451709e+05 
1.31471829325724e-01 1.09728010008320e+05 
1.31622602558069e-01 1.09614366413610e+05 
1.31774306609875e-01 1.09505777310520e+05 
1.31927152115742e-01 1.09395274728021e+05 
1.32081178405205e-01 1.09296625973659e+05 
1.32229524298002e-01 1.09192728301186e+05 
1.32377926730428e-01 1.09103553487772e+05 
1.32526403884664e-01 1.09002244783285e+05 
1.32675071731657e-01 1.08913663352553e+05 
1.32823981226354e-01 1.08815015801034e+05 
1.32973321355022e-01 1.08726817266989e+05 
1.33123359889053e-01 1.08630761922942e+05 
1.33274334751497e-01 1.08542729613600e+05 
1.33426487175924e-01 1.08449130000931e+05 
1.33580013791273e-01 1.08360988632352e+05 
1.33728225853121e-01 1.08280804445583e+05 
1.33876579000120e-01 1.08196251154577e+05 
1.34025106066025e-01 1.08116506798540e+05 
1.34173923877501e-01 1.08032606550667e+05 
1.34323089009674e-01 1.07953433188996e+05 
1.34472787438413e-01 1.07870270419212e+05 
1.34623293194927e-01 1.07791586596691e+05 
1.34774868890089e-01 1.07708935748801e+05 
1.34922912973493e-01 1.07632897187393e+05 
1.35071040441278e-01 1.07553929494010e+05 
1.35219296601146e-01 1.07479542273074e+05 
1.35367794452968e-01 1.07402339776070e+05 
1.35516593606494e-01 1.07329617122279e+05 
1.35665850000334e-01 1.07256481436127e+05 
1.35815654971585e-01 1.07187083588300e+05 
1.35966282453068e-01 1.07116534323809e+05 
1.36114112087571e-01 1.07050882389264e+05 
1.36261966266281e-01 1.06983763594097e+05 
1.36409916109816e-01 1.06919596190547e+05 
1.36558096377304e-01 1.06853751593434e+05 
1.36706598536955e-01 1.06790451036250e+05 
1.36855593849691e-01 1.06725140306073e+05 
1.37005192570117e-01 1.06662092259984e+05 
1.37155664499537e-01 1.06596719106202e+05 
1.37303219075864e-01 1.06534942031558e+05 
1.37450806048473e-01 1.06471201989354e+05 
1.37598508816421e-01 1.06409879269070e+05 
1.37746474441397e-01 1.06346621612378e+05 
1.37894811422973e-01 1.06285019103982e+05 
1.38043700847488e-01 1.06221373458210e+05 
1.38193270470979e-01 1.06159171322914e+05 
1.38343844180070e-01 1.06094759279106e+05 
1.38490988800135e-01 1.06033439264076e+05 
1.38638212823779e-01 1.05970431996652e+05 
1.38785621989674e-01 1.05908913279740e+05 
1.38933381225978e-01 1.05845659044773e+05 
1.39081619785224e-01 1.05783760492802e+05 
1.39230565544905e-01 1.05720031943448e+05 
1.39380396579727e-01 1.05657517509374e+05 
1.39527003407272e-01 1.05594888854433e+05 
1.39673642503500e-01 1.05533804578441e+05 
1.39820477431812e-01 1.05471282155780e+05 
1.39967656789446e-01 1.05410220256530e+05 
1.40115393379131e-01 1.05347618586183e+05 
1.40263864005506e-01 1.05286388961366e+05 
1.40409959407825e-01 1.05224882784851e+05 
1.40556029739833e-01 1.05165076640554e+05 
1.40702219476366e-01 1.05104039754881e+05 
1.40848667920682e-01 1.05044645809161e+05 
1.40995574827647e-01 1.04983926186255e+05 
1.41143103398446e-01 1.04924771839490e+05 
1.41291593983968e-01 1.04864122913904e+05 
1.41437339647288e-01 1.04806427578603e+05 
1.41583145171556e-01 1.04747685229548e+05 
1.41729125955472e-01 1.04690687389723e+05 
1.41875503517993e-01 1.04632570594024e+05 
1.42022407991634e-01 1.04576058827829e+05 
1.42170202200433e-01 1.04518343439824e+05 
1.42319048101739e-01 1.04462011477677e+05 
1.42465471562991e-01 1.04405966706273e+05 
1.42611980259998e-01 1.04351479024019e+05 
1.42758825156414e-01 1.04296296989368e+05 
1.42906091145578e-01 1.04242428315067e+05 
1.43054109924913e-01 1.04187800454610e+05 
1.43202977492053e-01 1.04134202045758e+05 
1.43353095466472e-01 1.04079783376297e+05 
1.43504850635257e-01 1.04025966492875e+05 
1.43653608896076e-01 1.03972920953747e+05 
1.43802563488345e-01 1.03920791343436e+05 
1.43951810098767e-01 1.03868559772334e+05 
1.44101424582788e-01 1.03816959770111e+05 
1.44251506307487e-01 1.03765173604038e+05 
1.44402097974024e-01 1.03713814578607e+05 
1.44553300982047e-01 1.03662161146942e+05 
1.44705232610896e-01 1.03610819982316e+05 
1.44858015036295e-01 1.03559063418228e+05 
1.45011831156324e-01 1.03507609850832e+05 
1.45166627748969e-01 1.03455833239377e+05 
1.45322550817353e-01 1.03404464159746e+05 
1.45479359225828e-01 1.03353211472009e+05 
1.45635938644900e-01 1.03302871711089e+05 
1.45792081509701e-01 1.03253818983619e+05 
1.45947826139149e-01 1.03205356438511e+05 
1.46103220770173e-01 1.03159107419579e+05 
1.46258302085787e-01 1.03112851541640e+05 
1.46413085122641e-01 1.03070000130345e+05 
1.46567634672184e-01 1.03026544957034e+05 
1.46721921772280e-01 1.02987338765855e+05 
1.46876033195907e-01 1.02948003306241e+05 
1.47029904099428e-01 1.02912670503449e+05 
1.47183632635752e-01 1.02878213772870e+05 
1.47337133389106e-01 1.02849441265314e+05 
1.47490516443843e-01 1.02822223820824e+05 
1.47643711099962e-01 1.02800940372305e+05 
1.47796837208887e-01 1.02781977761537e+05 
1.47949833110257e-01 1.02767564682446e+05 
1.48102818876915e-01 1.02755163755324e+05 
1.48255738194679e-01 1.02748500961819e+05 
1.48408763829112e-01 1.02743057214316e+05 
1.48561815820398e-01 1.02743297520667e+05 
1.48715039383604e-01 1.02746106061223e+05 
1.48868351211217e-01 1.02747356725510e+05 
1.49021888405854e-01 1.02758216638034e+05 
1.49175576093367e-01 1.02779337987715e+05 
1.49329537175466e-01 1.02808288375660e+05 
1.49483464616225e-01 1.02845543813578e+05 
1.49637964802257e-01 1.02890654965225e+05 
1.49791706695465e-01 1.02942781554970e+05 
1.49945964925426e-01 1.03010546083262e+05 
1.50098669470330e-01 1.03083364081554e+05 
1.50252970172442e-01 1.03156349609171e+05 
1.50405928019636e-01 1.03233317305306e+05 
1.50560614269655e-01 1.03309636236426e+05 
1.50713827395878e-01 1.03389849520817e+05 
1.50867090822962e-01 1.03472333033899e+05 
1.51020246626671e-01 1.03560429592547e+05 
1.51172256783315e-01 1.03649243063349e+05 
1.51323700642599e-01 1.03742750878920e+05 
1.51473374422694e-01 1.03835429081818e+05 
1.51623054162805e-01 1.03932095068552e+05 
1.51771810834332e-01 1.04027488349949e+05 
1.51920450481251e-01 1.04126087631853e+05 
1.52067684738373e-01 1.04221842631217e+05 
1.52215110379042e-01 1.04318695084108e+05 
1.52361868497489e-01 1.04411715405805e+05 
1.52509105755982e-01 1.04504390464386e+05 
1.52655199955239e-01 1.04591765895535e+05 
1.52801699099330e-01 1.04681239086415e+05 
1.52947683401405e-01 1.04762611009646e+05 
1.53094455228890e-01 1.04840275272624e+05 
1.53240768735530e-01 1.04911254579964e+05 
1.53387437113238e-01 1.04976412201885e+05 
1.53533758964736e-01 1.05036974652557e+05 
1.53680801355542e-01 1.05094345116858e+05 
1.53827866821161e-01 1.05144521440882e+05 
1.53975924467690e-01 1.05189261277880e+05 
1.54123658889518e-01 1.05225219100550e+05 
1.54272058840106e-01 1.05254032546268e+05 
1.54420446042818e-01 1.05274173955160e+05 
1.54569762124187e-01 1.05287524913323e+05 
1.54719319021594e-01 1.05293687938705e+05 
1.54869992201474e-01 1.05293488149603e+05 
1.55020837688653e-01 1.05286613811572e+05 
1.55172400687659e-01 1.05274614109382e+05 
1.55324128109192e-01 1.05256079332848e+05 
1.55476804760009e-01 1.05232195044106e+05 
1.55624552296254e-01 1.05203808347838e+05 
1.55773586258304e-01 1.05171233565326e+05 
1.55922246396365e-01 1.05134361362685e+05 
1.56074169075640e-01 1.05093923366291e+05 
1.56225844888878e-01 1.05049081652173e+05 
1.56377336945558e-01 1.05003314073591e+05 
1.56528610201279e-01 1.04952885655106e+05 
1.56681762409597e-01 1.04901505663736e+05 
1.56834712472179e-01 1.04845838472991e+05 
1.56987464339610e-01 1.04790497279648e+05 
1.57139991158055e-01 1.04731393254442e+05 
1.57292326259888e-01 1.04673234766390e+05 
1.57444447239399e-01 1.04613479283815e+05 
1.57596409094168e-01 1.04553972247158e+05 
1.57748188819311e-01 1.04494117993892e+05 
1.57899852794638e-01 1.04434192039129e+05 
1.58051374417906e-01 1.04374438382808e+05 
1.58205446245308e-01 1.04313706009979e+05 
1.58359401778471e-01 1.04253106691302e+05 
1.58513260685940e-01 1.04192571394187e+05 
1.58666999866287e-01 1.04132148516144e+05 
1.58820663291440e-01 1.04071774995133e+05 
1.58974232598101e-01 1.04011483944763e+05 
1.59127766936367e-01 1.03951191508984e+05 
1.59281246669196e-01 1.03890952075347e+05 
1.59434738235577e-01 1.03830638738678e+05 
1.59591184497477e-01 1.03769206921509e+05 
1.59736665123442e-01 1.03711826875972e+05 
1.59889765916623e-01 1.03651533593695e+05 
1.60046751285605e-01 1.03589558374165e+05 
1.60202860951866e-01 1.03527897014481e+05 
1.60360542065595e-01 1.03465384636463e+05 
1.60518356283043e-01 1.03402775576246e+05 
1.60676733177962e-01 1.03339678335052e+05 
1.60835393104665e-01 1.03276364014066e+05 
1.60994411189183e-01 1.03212615592708e+05 
1.61153679429617e-01 1.03148608216140e+05 
1.61313257931083e-01 1.03084202777412e+05 
1.61472946703551e-01 1.03019550155547e+05 
1.61624884157519e-01 1.02957744951658e+05 
1.61787741397564e-01 1.02891365904152e+05 
1.61957597446457e-01 1.02821844403482e+05 
1.62126583064934e-01 1.02752540536466e+05 
1.62293180259575e-01 1.02683880052715e+05 
1.62465238495636e-01 1.02613083650190e+05 
1.62631821588474e-01 1.02544279199168e+05 
1.62803683855541e-01 1.02473689925096e+05 
1.62969680032549e-01 1.02405409518672e+05 
1.63141174901377e-01 1.02335513279345e+05 
1.63306937503574e-01 1.02268008504390e+05 
1.63478053565359e-01 1.02199203250652e+05 
1.63643589622859e-01 1.02132845089608e+05 
1.63814212217061e-01 1.02065549842876e+05 
1.63979491777055e-01 1.02000889944542e+05 
1.64149522515980e-01 1.01935589118076e+05 
1.64314348109060e-01 1.01872891744249e+05 
1.64483947371966e-01 1.01809726561251e+05 
1.64648788124111e-01 1.01749002219214e+05 
1.64818152699884e-01 1.01688176547272e+05 
1.64983017833702e-01 1.01629797192933e+05 
1.65152083918528e-01 1.01571815436755e+05 
1.65316910797487e-01 1.01516927790454e+05 
1.65488345479395e-01 1.01461703909287e+05 
1.65652805850536e-01 1.01411711066922e+05 
1.65826546000563e-01 1.01360098528009e+05 
1.65990829493916e-01 1.01316045072875e+05 
1.66164702439261e-01 1.01270920805552e+05 
1.66329419906179e-01 1.01233716576057e+05 
1.66503814329796e-01 1.01196626792207e+05 
1.66669111100217e-01 1.01167639770547e+05 
1.66840783381901e-01 1.01140443581096e+05 
1.67006763216456e-01 1.01119174152081e+05 
1.67178458472046e-01 1.01099168757672e+05 
1.67345190613926e-01 1.01083273992844e+05 
1.67516842919682e-01 1.01068892073514e+05 
1.67684401324953e-01 1.01058360809296e+05 
1.67856010867879e-01 1.01049544482028e+05 
1.68024726616170e-01 1.01044308324538e+05 
1.68196306282253e-01 1.01040958118426e+05 
1.68365816715759e-01 1.01040851285405e+05 
1.68537413140731e-01 1.01042593675960e+05 
1.68707231076280e-01 1.01047052187326e+05 
1.68878926508677e-01 1.01053227486749e+05 
1.69049950290193e-01 1.01061733787034e+05 
1.69221840210650e-01 1.01071487496009e+05 
1.69393691934210e-01 1.01083256903271e+05 
1.69565887265856e-01 1.01095885240768e+05 
1.69738284203585e-01 1.01110054305689e+05 
1.69910924492986e-01 1.01124821034022e+05 
1.70083841500791e-01 1.01140628682414e+05 
1.70257103552520e-01 1.01156615734796e+05 
1.70430737854167e-01 1.01173150734083e+05 
1.70604846337404e-01 1.01189413288495e+05 
1.70779449645905e-01 1.01205743529738e+05 
1.70952006872586e-01 1.01221109265892e+05 
1.71126513551918e-01 1.01236185402940e+05 
1.71299614223831e-01 1.01249901349900e+05 
1.71474869688876e-01 1.01262859583987e+05 
1.71648645900894e-01 1.01273994472575e+05 
1.71823467753417e-01 1.01283926990196e+05 
1.71997924901482e-01 1.01291678240993e+05 
1.72172310185551e-01 1.01297861286402e+05 
1.72337516297527e-01 1.01301570896075e+05 
1.72502526887174e-01 1.01303707748446e+05 
1.72667537877284e-01 1.01303669954891e+05 
1.72832638626605e-01 1.01301991957817e+05 
1.72997873124264e-01 1.01298077098085e+05 
1.73163260401083e-01 1.01292483659459e+05 
1.73328790719098e-01 1.01284673739202e+05 
1.73490676921328e-01 1.01275434671570e+05 
1.73655641335386e-01 1.01263919283553e+05 
1.73817745097418e-01 1.01251083946300e+05 
1.73983785631634e-01 1.01235927758768e+05 
1.74149963748722e-01 1.01219322600245e+05 
1.74316282973866e-01 1.01200797880364e+05 
1.74482791133969e-01 1.01180972325819e+05 
1.74649514056089e-01 1.01159336708184e+05 
1.74816498634277e-01 1.01136542306432e+05 
1.74983794564689e-01 1.01112036170032e+05 
1.75151484068591e-01 1.01086486603500e+05 
1.75319656237814e-01 1.01059310203200e+05 
1.75488394345404e-01 1.01031182850132e+05 
1.75657836738372e-01 1.01001507414753e+05 
1.75828119706181e-01 1.00970944528428e+05 
1.75999459983712e-01 1.00938883956972e+05 
1.76171996451476e-01 1.00905981560241e+05 
1.76332470396302e-01 1.00874330528312e+05 
1.76492717595287e-01 1.00842279941640e+05 
1.76652679884661e-01 1.00809394811738e+05 
1.76812514795598e-01 1.00776209060795e+05 
1.76972381178474e-01 1.00742245649392e+05 
1.77132450165871e-01 1.00707999486576e+05 
1.77292849391740e-01 1.00672987063369e+05 
1.77453655422444e-01 1.00637684849670e+05 
1.77614918701025e-01 1.00601608173351e+05 
1.77776691943488e-01 1.00565187611447e+05 
1.77939022865235e-01 1.00527944090303e+05 
1.78101990694740e-01 1.00490280433695e+05 
1.78265681802579e-01 1.00451683244752e+05 
1.78430214911529e-01 1.00412557775011e+05 
1.78595736183090e-01 1.00372376511560e+05 
1.78752362605734e-01 1.00334018742806e+05 
1.78908815253184e-01 1.00294979352253e+05 
1.79065151693315e-01 1.00255610236023e+05 
1.79221343959249e-01 1.00215552975225e+05 
1.79377489791769e-01 1.00175091058542e+05 
1.79533597712907e-01 1.00133942461779e+05 
1.79689945757808e-01 1.00092230998695e+05 
1.79846755986765e-01 1.00049659279908e+05 
1.80004182970394e-01 1.00006345467711e+05 
1.80162346936283e-01 9.99620512353723e+04 
1.80321364066896e-01 9.99168905149586e+04 
1.80481345415658e-01 9.98706586192676e+04 
1.80642429236970e-01 9.98234865051984e+04 
1.80795615274208e-01 9.97779096273746e+04 
1.80948769399823e-01 9.97318342760108e+04 
1.81101873624963e-01 9.96850848431679e+04 
1.81255012271900e-01 9.96378288384989e+04 
1.81408189618662e-01 9.95899383762264e+04 
1.81561557743739e-01 9.95415371892022e+04 
1.81715246095407e-01 9.94924774954350e+04 
1.81869550145323e-01 9.94428411394149e+04 
1.82024708124752e-01 9.93923998053213e+04 
1.82180905936809e-01 9.93412340510615e+04 
1.82331730761093e-01 9.92913410573531e+04 
1.82482501218556e-01 9.92410596463628e+04 
1.82633229090431e-01 9.91903266525377e+04 
1.82784007068711e-01 9.91391280114760e+04 
1.82934853893006e-01 9.90874614960835e+04 
1.83085904224839e-01 9.90353032655834e+04 
1.83237186489140e-01 9.89825837379500e+04 
1.83388965298598e-01 9.89293787646179e+04 
1.83541550947989e-01 9.88754222654001e+04 
1.83695178825194e-01 9.88208116923835e+04 
1.83850058188392e-01 9.87652678817944e+04 
1.83999575117451e-01 9.87113374743702e+04 
1.84149078286499e-01 9.86568971252162e+04 
1.84298671123086e-01 9.86020779970523e+04 
1.84448389843078e-01 9.85466339171495e+04 
1.84598394438621e-01 9.84907634037760e+04 
1.84748723402040e-01 9.84341128010603e+04 
1.84899632145826e-01 9.83769662188528e+04 
1.85051372142575e-01 9.83183991038538e+04 
1.85204228444677e-01 9.82597591723857e+04 
1.85353676273771e-01 9.82006641358875e+04 
1.85503109610592e-01 9.81420298848947e+04 
1.85652574326807e-01 9.80813058384313e+04 
1.85802194010399e-01 9.80209126961338e+04 
1.85952010022765e-01 9.79592650607053e+04 
1.86102204783118e-01 9.78972193537776e+04 
1.86252823624863e-01 9.78353477352262e+04 
1.86404125030485e-01 9.77725513407700e+04 
1.86556365320411e-01 9.77101169787999e+04 
1.86709830947744e-01 9.76464918342093e+04 
1.86860210897959e-01 9.75848579709016e+04 
1.87010630775588e-01 9.75225454850215e+04 
1.87161144768441e-01 9.74609351351799e+04 
1.87311873195472e-01 9.73985787013086e+04 
1.87462861028724e-01 9.73368793464981e+04 
1.87614283472024e-01 9.72743569699564e+04 
1.87766184268766e-01 9.72124398093417e+04 
1.87918810654406e-01 9.71496034115902e+04 
1.88072416556365e-01 9.70872200445106e+04 
1.88227270010971e-01 9.70237320101408e+04 
1.88383613100054e-01 9.69605494633021e+04 
1.88536007380159e-01 9.68984109271499e+04 
1.88688545066557e-01 9.68371201710047e+04 
1.88841331774435e-01 9.67752661953680e+04 
1.88994399637246e-01 9.67142459685059e+04 
1.89147884534608e-01 9.66526927752772e+04 
1.89301807113900e-01 9.65919717580037e+04 
1.89456362334046e-01 9.65307485667606e+04 
1.89611674608081e-01 9.64702764105777e+04 
1.89768009407890e-01 9.64092561396498e+04 
1.89925590267920e-01 9.63489251233635e+04 
1.90084543519876e-01 9.62880339067090e+04 
1.90245012149144e-01 9.62278689859015e+04 
1.90401219204066e-01 9.61693602174516e+04 
1.90557709482037e-01 9.61120752833558e+04 
1.90714557547855e-01 9.60548544984013e+04 
1.90871741967750e-01 9.59989290223397e+04 
1.91029351546861e-01 9.59431916052468e+04 
1.91187342080186e-01 9.58888238166027e+04 
1.91345819769101e-01 9.58347864483724e+04 
1.91504729493491e-01 9.57821854129924e+04 
1.91664211500316e-01 9.57300616432560e+04 
1.91824406960420e-01 9.56793540810487e+04 
1.91985439181449e-01 9.56292243753967e+04 
1.92147411671106e-01 9.55805096029647e+04 
1.92310337538844e-01 9.55325408371786e+04 
1.92473428085898e-01 9.54862387370626e+04 
1.92636057389791e-01 9.54412217687393e+04 
1.92798332103112e-01 9.53979536464271e+04 
1.92960247483813e-01 9.53560430255680e+04 
1.93121909311003e-01 9.53157692646528e+04 
1.93283303709139e-01 9.52768974612599e+04 
1.93444533427460e-01 9.52395311337632e+04 
1.93605575695618e-01 9.52035755067730e+04 
1.93766531102888e-01 9.51689708223108e+04 
1.93927368685203e-01 9.51357734359423e+04 
1.94088187762698e-01 9.51037426789617e+04 
1.94248950042041e-01 9.50731067636536e+04 
1.94409753950458e-01 9.50434550315972e+04 
1.94570554691507e-01 9.50151818119500e+04 
1.94731449614697e-01 9.49877044888911e+04 
1.94892388327045e-01 9.49615658811377e+04 
1.95053467630021e-01 9.49360342511381e+04 
1.95214631589088e-01 9.49117763281143e+04 
1.95375976872512e-01 9.48879381788522e+04 
1.95537443421246e-01 9.48653101995650e+04 
1.95699127293074e-01 9.48428891080082e+04 
1.95860966246085e-01 9.48215813448866e+04 
1.96023056263124e-01 9.48002685032917e+04 
1.96185332731093e-01 9.47799185841243e+04 
1.96347892674975e-01 9.47593825742205e+04 
1.96510668947335e-01 9.47396187201755e+04 
1.96673760963999e-01 9.47195047849242e+04 
1.96837100576716e-01 9.46999540179321e+04 
1.97000790321120e-01 9.46798212587700e+04 
1.97164761692530e-01 9.46600760997001e+04 
1.97329152365077e-01 9.46398998917668e+04 
1.97493882625110e-01 9.46197060940628e+04 
1.97659048693420e-01 9.45986740793600e+04 
1.97824581171492e-01 9.45772038129881e+04 
1.97990625106451e-01 9.45545849284946e+04 
1.98157101651020e-01 9.45312332020204e+04 
1.98324118765050e-01 9.45065548321083e+04 
1.98491607291177e-01 9.44809593535038e+04 
1.98659733239190e-01 9.44539425989795e+04 
1.98828415793614e-01 9.44261692784090e+04 
1.98997789251341e-01 9.43967708841789e+04 
1.99167783316740e-01 9.43663422570996e+04 
1.99338566156955e-01 9.43342500073058e+04 
1.99510070965085e-01 9.43009731786819e+04 
1.99682498239555e-01 9.42668450786286e+04 
1.99855781489747e-01 9.42305263781578e+04 
2.00030162214228e-01 9.41918004011346e+04 
2.00205574004368e-01 9.41533934042680e+04 
