# Liste des scalaires : TEMPS pmat 
0.00000000000000e+00 1.00000000000000e+05 
7.22956891292051e-05 1.00000000000000e+05 
1.31490479511191e-04 1.00000000000000e+05 
1.92274230678569e-04 1.00000000000000e+05 
2.50571384612719e-04 1.00000000000000e+05 
3.06727179209289e-04 1.00000000000000e+05 
3.62218388267248e-04 1.00000000000000e+05 
4.16305224169800e-04 1.00000000000000e+05 
4.69771457728654e-04 1.00000000000000e+05 
5.23970681253064e-04 1.00000000000000e+05 
5.76747156662829e-04 1.00000000000000e+05 
6.29698026298129e-04 1.00000000000000e+05 
6.83197527751721e-04 1.00000000000000e+05 
7.35887919727060e-04 1.00000000000000e+05 
7.89189974706491e-04 1.00000000000000e+05 
8.42958779694381e-04 1.00000000000000e+05 
8.96293233781919e-04 1.00000000000000e+05 
9.50574345297768e-04 1.00000000000000e+05 
1.00536813489665e-03 1.00000000000000e+05 
1.05993033049558e-03 1.00000000000000e+05 
1.11569549579408e-03 1.00000000000000e+05 
1.17215656005047e-03 1.00000000000000e+05 
1.22851406769080e-03 1.00000000000000e+05 
1.28618808030938e-03 1.00000000000000e+05 
1.34495966018041e-03 1.00000000000000e+05 
1.40353431688542e-03 1.00000000000000e+05 
1.46332719682123e-03 1.00000000000000e+05 
1.52489120940523e-03 1.00000000000000e+05 
1.58607434685259e-03 1.00000000000000e+05 
1.64830421693998e-03 1.00000000000000e+05 
1.71289732084409e-03 1.00000000000000e+05 
1.77708509664357e-03 1.00000000000000e+05 
1.84201558674752e-03 1.00000000000000e+05 
1.90909013804355e-03 1.00000000000000e+05 
1.97534332008005e-03 1.00000000000000e+05 
2.04229166549569e-03 1.00000000000000e+05 
2.11024368091628e-03 1.00000000000000e+05 
2.18139242016765e-03 1.00000000000000e+05 
2.25539303528497e-03 1.00000000000000e+05 
2.32553727087609e-03 1.00000000000000e+05 
2.39795667645096e-03 1.00000000000000e+05 
2.47162000847223e-03 1.00000000000000e+05 
2.54703201429617e-03 1.00000000000000e+05 
2.62464589150639e-03 1.00000000000000e+05 
2.70485824074671e-03 1.00000000000000e+05 
2.78844406749440e-03 1.00000000000000e+05 
2.87564334636107e-03 1.00000000000000e+05 
2.95454156634691e-03 1.00000000000000e+05 
3.03391037742214e-03 1.00000000000000e+05 
3.11716771361783e-03 1.00000000000000e+05 
3.20141004266703e-03 1.00000000000000e+05 
3.29085231776048e-03 1.00000000000000e+05 
3.38275142580516e-03 1.00000000000000e+05 
3.47775876795792e-03 1.00000000000000e+05 
3.57940388141838e-03 1.00000000000000e+05 
3.68453201476771e-03 1.00000000000000e+05 
3.79359574104941e-03 1.00000000000000e+05 
3.90631921468253e-03 1.00000000000000e+05 
4.02008990866477e-03 1.00000000000000e+05 
4.13791277988609e-03 1.00000000000000e+05 
4.25628280455392e-03 1.00000000000000e+05 
4.38010055674929e-03 1.00000000000000e+05 
4.50454722326173e-03 1.00000000000000e+05 
4.63482064876435e-03 1.00000000000000e+05 
4.76685778760549e-03 1.00000000000000e+05 
4.90473142366354e-03 1.00000000000000e+05 
5.04669285846030e-03 1.00000000000000e+05 
5.19375090781470e-03 1.00000000000000e+05 
5.34511657497789e-03 1.00000000000000e+05 
5.49629694862969e-03 1.00000000000000e+05 
5.64799689310201e-03 1.00000000000000e+05 
5.80132482590821e-03 1.00000000000000e+05 
5.95560371129804e-03 1.00000000000000e+05 
6.11526351905949e-03 1.00000000000000e+05 
6.27438556679351e-03 1.00000000000000e+05 
6.43376695933510e-03 1.00000000000000e+05 
6.59400910834852e-03 1.00000000000000e+05 
6.75595312658175e-03 1.00000000000000e+05 
6.92026714156217e-03 1.00000000000000e+05 
7.08784774278404e-03 1.00000000000000e+05 
7.25514451087150e-03 1.00000000000000e+05 
7.42230374832141e-03 1.00000000000000e+05 
7.59024874950493e-03 1.00000000000000e+05 
7.75951713783833e-03 1.00000000000000e+05 
7.93049985208562e-03 1.00000000000000e+05 
8.10376107896478e-03 1.00000000000000e+05 
8.27980698942508e-03 1.00000000000000e+05 
8.45930004898441e-03 1.00000000000000e+05 
8.63428048327999e-03 1.00000000000000e+05 
8.81021747305992e-03 1.00000000000000e+05 
8.98733975104985e-03 1.00000000000000e+05 
9.16584920959814e-03 1.00000000000000e+05 
9.34614840096059e-03 1.00000000000000e+05 
9.52873245298629e-03 1.00000000000000e+05 
9.71403022085981e-03 1.00000000000000e+05 
9.89584130895589e-03 1.00000000000000e+05 
1.00785500682686e-02 1.00000000000000e+05 
1.02579242629947e-02 1.00000000000000e+05 
1.04271495121379e-02 1.00000000000000e+05 
1.05963286328294e-02 1.00000000000000e+05 
1.07649661575844e-02 1.00000000000000e+05 
1.09068927988716e-02 1.00000000000000e+05 
1.10467034671084e-02 1.00000000000000e+05 
1.11836496948291e-02 1.00000000000000e+05 
1.13176183315130e-02 1.00000000000000e+05 
1.14496288726521e-02 1.00000000000000e+05 
1.15804730003776e-02 1.00000000000000e+05 
1.17122260351586e-02 1.00000000000000e+05 
1.18454516553094e-02 1.00000000000000e+05 
1.19817468977552e-02 1.00000000000000e+05 
1.21186137585222e-02 1.00000000000000e+05 
1.22549471217037e-02 1.00000000000000e+05 
1.23913757419189e-02 1.00000000000000e+05 
1.25282027087101e-02 1.00000000000000e+05 
1.26656979397787e-02 1.00000000000000e+05 
1.28040313987774e-02 1.00000000000000e+05 
1.29431636648964e-02 1.00000000000000e+05 
1.30833297524153e-02 1.00000000000000e+05 
1.32242992500234e-02 1.00000000000000e+05 
1.33665192024991e-02 1.00000000000000e+05 
1.35089187452878e-02 1.00000000000000e+05 
1.36517296087008e-02 1.00000000000000e+05 
1.37949365892875e-02 1.00000000000000e+05 
1.39300423308176e-02 1.00000000000000e+05 
1.40651370338559e-02 1.00000000000000e+05 
1.42001663773494e-02 1.00000000000000e+05 
1.43352523822310e-02 1.00000000000000e+05 
1.44703225117153e-02 1.00000000000000e+05 
1.46055006657438e-02 1.00000000000000e+05 
1.47406945981240e-02 1.00000000000000e+05 
1.48759746904850e-02 1.00000000000000e+05 
1.50113854044735e-02 1.00000000000000e+05 
1.51470702313622e-02 1.00000000000000e+05 
1.52829488618274e-02 1.00000000000000e+05 
1.54191739071799e-02 1.00000000000000e+05 
1.55556335323347e-02 1.00000000000000e+05 
1.56924769353904e-02 1.00000000000000e+05 
1.58295891479352e-02 1.00000000000000e+05 
1.59671029420926e-02 1.00000000000000e+05 
1.61049039384784e-02 1.00000000000000e+05 
1.62429752890668e-02 1.00000000000000e+05 
1.63811860427825e-02 1.00000000000000e+05 
1.65194370851811e-02 1.00000000000000e+05 
1.66578255963262e-02 1.00000000000000e+05 
1.67962583678328e-02 1.00000000000000e+05 
1.69348333466382e-02 1.00000000000000e+05 
1.70734789299761e-02 1.00000000000000e+05 
1.72122789265303e-02 1.00000000000000e+05 
1.73511653184890e-02 1.00000000000000e+05 
1.74902099603875e-02 1.00000000000000e+05 
1.76293513154044e-02 1.00000000000000e+05 
1.77686537245324e-02 1.00000000000000e+05 
1.79080567545777e-02 1.00000000000000e+05 
1.80476186052682e-02 1.00000000000000e+05 
1.81872811392252e-02 1.00000000000000e+05 
1.83270984752774e-02 1.00000000000000e+05 
1.84670160442916e-02 1.00000000000000e+05 
1.86070844799744e-02 1.00000000000000e+05 
1.87472535609621e-02 1.00000000000000e+05 
1.88875703915751e-02 1.00000000000000e+05 
1.90279912201635e-02 1.00000000000000e+05 
1.91685588891436e-02 1.00000000000000e+05 
1.93092368415464e-02 1.00000000000000e+05 
1.94500627431941e-02 1.00000000000000e+05 
1.95910062594978e-02 1.00000000000000e+05 
1.97320994113873e-02 1.00000000000000e+05 
1.98733084240997e-02 1.00000000000000e+05 
2.00146629383030e-02 1.00000000000000e+05 
2.01561308649629e-02 1.00000000000000e+05 
2.02977415522187e-02 1.00000000000000e+05 
2.04394644272790e-02 1.00000000000000e+05 
2.05813276354926e-02 1.00000000000000e+05 
2.07232847383579e-02 1.00000000000000e+05 
2.08653684296696e-02 1.00000000000000e+05 
2.10075447508895e-02 1.00000000000000e+05 
2.11498488602021e-02 1.00000000000000e+05 
2.12922344482873e-02 1.00000000000000e+05 
2.14347379658838e-02 1.00000000000000e+05 
2.15773116836263e-02 1.00000000000000e+05 
2.17199968341360e-02 1.00000000000000e+05 
2.18627495731337e-02 1.00000000000000e+05 
2.20056143122294e-02 1.00000000000000e+05 
2.21485547610261e-02 1.00000000000000e+05 
2.22916129669679e-02 1.00000000000000e+05 
2.24347586844256e-02 1.00000000000000e+05 
2.25780285828318e-02 1.00000000000000e+05 
2.27213929804531e-02 1.00000000000000e+05 
2.28648841241733e-02 1.00000000000000e+05 
2.30084717905705e-02 1.00000000000000e+05 
2.31521884360610e-02 1.00000000000000e+05 
2.32960033379333e-02 1.00000000000000e+05 
2.34399492759224e-02 1.00000000000000e+05 
2.35839938280395e-02 1.00000000000000e+05 
2.37281706587714e-02 1.00000000000000e+05 
2.38724447439124e-02 1.00000000000000e+05 
2.40168502221395e-02 1.00000000000000e+05 
2.41613494705442e-02 1.00000000000000e+05 
2.43059730643407e-02 1.00000000000000e+05 
2.44506822046616e-02 1.00000000000000e+05 
2.45955212963196e-02 1.00000000000000e+05 
2.47404538727210e-02 1.00000000000000e+05 
2.48855200544363e-02 1.00000000000000e+05 
2.50306830351862e-02 1.00000000000000e+05 
2.51759753405439e-02 1.00000000000000e+05 
2.53213592255418e-02 1.00000000000000e+05 
2.54668791999906e-02 1.00000000000000e+05 
2.56125015627669e-02 1.00000000000000e+05 
2.57582586179792e-02 1.00000000000000e+05 
2.59041133463805e-02 1.00000000000000e+05 
2.60501091916053e-02 1.00000000000000e+05 
2.61962120072241e-02 1.00000000000000e+05 
2.63424536069592e-02 1.00000000000000e+05 
2.64887975063858e-02 1.00000000000000e+05 
2.66352869594542e-02 1.00000000000000e+05 
2.67818874675840e-02 1.00000000000000e+05 
2.69286306284089e-02 1.00000000000000e+05 
2.70754799301572e-02 1.00000000000000e+05 
2.72224724948528e-02 1.00000000000000e+05 
2.73695744469776e-02 1.00000000000000e+05 
2.75168241570524e-02 1.00000000000000e+05 
2.76641898658151e-02 1.00000000000000e+05 
2.78117092689899e-02 1.00000000000000e+05 
2.79593506719779e-02 1.00000000000000e+05 
2.81071522543065e-02 1.00000000000000e+05 
2.82550820892351e-02 1.00000000000000e+05 
2.84031782232664e-02 1.00000000000000e+05 
2.85514083148143e-02 1.00000000000000e+05 
2.86998139495595e-02 1.00000000000000e+05 
2.88483634328269e-02 1.00000000000000e+05 
2.89970995264862e-02 1.00000000000000e+05 
2.91459896377629e-02 1.00000000000000e+05 
2.92950798427232e-02 1.00000000000000e+05 
2.94443385184969e-02 1.00000000000000e+05 
2.95938171050732e-02 1.00000000000000e+05 
2.97434855338696e-02 1.00000000000000e+05 
2.98933951973181e-02 1.00000000000000e+05 
3.00435160908313e-02 1.00000000000000e+05 
3.01939015915579e-02 1.00000000000000e+05 
3.03445234472368e-02 1.00000000000000e+05 
3.04954385230764e-02 1.00000000000000e+05 
3.06466215859141e-02 1.00000000000000e+05 
3.07981328864421e-02 1.00000000000000e+05 
3.09499509962232e-02 1.00000000000000e+05 
3.11021396224539e-02 1.00000000000000e+05 
3.12546820384952e-02 1.00000000000000e+05 
3.14076460390233e-02 1.00000000000000e+05 
3.15610209477394e-02 1.00000000000000e+05 
3.17148800910070e-02 1.00000000000000e+05 
3.18692226433454e-02 1.00000000000000e+05 
3.20241274938391e-02 1.00000000000000e+05 
3.21796055663610e-02 1.00000000000000e+05 
3.23357421168731e-02 1.00000000000000e+05 
3.24925605679449e-02 1.00000000000000e+05 
3.26501562870253e-02 1.00000000000000e+05 
3.28085709615865e-02 1.00000000000000e+05 
3.29679008421751e-02 1.00000000000000e+05 
3.31282135035619e-02 1.00000000000000e+05 
3.32896263198951e-02 1.00000000000000e+05 
3.34522500265592e-02 1.00000000000000e+05 
3.36014266454874e-02 1.00000000000000e+05 
3.37505363654772e-02 1.00000000000000e+05 
3.38995755810497e-02 1.00000000000000e+05 
3.40485570619447e-02 1.00000000000000e+05 
3.41976853997652e-02 1.00000000000000e+05 
3.43469495567106e-02 1.00000000000000e+05 
3.44963509807697e-02 1.00000000000000e+05 
3.46458563499466e-02 1.00000000000000e+05 
3.47954424160140e-02 1.00000000000000e+05 
3.49450863696308e-02 1.00000000000000e+05 
3.50947752306077e-02 1.00000000000000e+05 
3.52445013276237e-02 1.00000000000000e+05 
3.53942589183558e-02 1.00000000000000e+05 
3.55440487662331e-02 1.00000000000000e+05 
3.56938669377738e-02 1.00000000000000e+05 
3.58437187594669e-02 1.00000000000000e+05 
3.59935998426490e-02 1.00000000000000e+05 
3.61435186125458e-02 1.00000000000000e+05 
3.62934698694924e-02 1.00000000000000e+05 
3.64434630272396e-02 1.00000000000000e+05 
3.65934972257741e-02 1.00000000000000e+05 
3.67435865992369e-02 1.00000000000000e+05 
3.68937267865169e-02 1.00000000000000e+05 
3.70439292875435e-02 1.00000000000000e+05 
3.71941903913007e-02 1.00000000000000e+05 
3.73445228659574e-02 1.00000000000000e+05 
3.74949218755777e-02 1.00000000000000e+05 
3.76453994708991e-02 1.00000000000000e+05 
3.77959293540361e-02 1.00000000000000e+05 
3.79464804376875e-02 1.00000000000000e+05 
3.80970620895014e-02 1.00000000000000e+05 
3.82476695054068e-02 1.00000000000000e+05 
3.83983113393232e-02 1.00000000000000e+05 
3.85489822871861e-02 1.00000000000000e+05 
3.86996917484993e-02 1.00000000000000e+05 
3.88504343123990e-02 1.00000000000000e+05 
3.90012203732825e-02 1.00000000000000e+05 
3.91520452655873e-02 1.00000000000000e+05 
3.93029199157516e-02 1.00000000000000e+05 
3.94538409956378e-02 1.00000000000000e+05 
3.96048193250685e-02 1.00000000000000e+05 
3.97558526033837e-02 1.00000000000000e+05 
3.99069506425852e-02 1.00000000000000e+05 
4.00581125794692e-02 1.00000000000000e+05 
4.02093461633598e-02 1.00000000000000e+05 
4.03606524219147e-02 1.00000000000000e+05 
4.05120371727842e-02 1.00000000000000e+05 
4.06635035717092e-02 1.00000000000000e+05 
4.08150555829273e-02 1.00000000000000e+05 
4.09666987044501e-02 1.00000000000000e+05 
4.11184351927771e-02 1.00000000000000e+05 
4.12702740419911e-02 1.00000000000000e+05 
4.14222149463823e-02 1.00000000000000e+05 
4.15742687853263e-02 1.00000000000000e+05 
4.17264344137262e-02 1.00000000000000e+05 
4.18787262133709e-02 1.00000000000000e+05 
4.20311415483305e-02 1.00000000000000e+05 
4.21836977563686e-02 1.00000000000000e+05 
4.23363909477182e-02 1.00000000000000e+05 
4.24892424514834e-02 1.00000000000000e+05 
4.26422467442291e-02 1.00000000000000e+05 
4.27954298833000e-02 1.00000000000000e+05 
4.29487845234979e-02 1.00000000000000e+05 
4.31023421339138e-02 1.00000000000000e+05 
4.32560932999734e-02 1.00000000000000e+05 
4.34100756568204e-02 1.00000000000000e+05 
4.35642773064099e-02 1.00000000000000e+05 
4.37187436075372e-02 1.00000000000000e+05 
4.38734598167693e-02 1.00000000000000e+05 
4.40284804257366e-02 1.00000000000000e+05 
4.41837873916027e-02 1.00000000000000e+05 
4.43394454661226e-02 1.00000000000000e+05 
4.44954334482876e-02 1.00000000000000e+05 
4.46518277824437e-02 1.00000000000000e+05 
4.48086051238105e-02 1.00000000000000e+05 
4.49658557645402e-02 1.00000000000000e+05 
4.51235553789309e-02 1.00000000000000e+05 
4.52818119802919e-02 1.00000000000000e+05 
4.54406001696547e-02 1.00000000000000e+05 
4.56000513045501e-02 1.00000000000000e+05 
4.57601379356442e-02 1.00000000000000e+05 
4.59210217635497e-02 1.00000000000000e+05 
4.60826721732844e-02 1.00000000000000e+05 
4.62452250339810e-02 1.00000000000000e+05 
4.64087010407919e-02 1.00000000000000e+05 
4.65732456273374e-02 1.00000000000000e+05 
4.67389320451954e-02 1.00000000000000e+05 
4.68895234980993e-02 1.00000000000000e+05 
4.70400355979425e-02 1.00000000000000e+05 
4.71904592927064e-02 1.00000000000000e+05 
4.73408741931702e-02 1.00000000000000e+05 
4.74913378526687e-02 1.00000000000000e+05 
4.76419452472169e-02 1.00000000000000e+05 
4.77926588866476e-02 1.00000000000000e+05 
4.79434766606803e-02 1.00000000000000e+05 
4.80943564595870e-02 1.00000000000000e+05 
4.82452919385745e-02 1.00000000000000e+05 
4.83962523532595e-02 1.00000000000000e+05 
4.85472434206815e-02 1.00000000000000e+05 
4.86982451822267e-02 1.00000000000000e+05 
4.88492736170983e-02 1.00000000000000e+05 
4.90003172663522e-02 1.00000000000000e+05 
4.91513978225522e-02 1.00000000000000e+05 
4.93025098693690e-02 1.00000000000000e+05 
4.94536778670254e-02 1.00000000000000e+05 
4.96049032479158e-02 1.00000000000000e+05 
4.97562082601357e-02 1.00000000000000e+05 
4.99075991588287e-02 1.00000000000000e+05 
5.00590753746273e-02 1.00000000000000e+05 
5.02106858860643e-02 1.00000000000000e+05 
5.03618686485367e-02 1.00000000000000e+05 
5.05137568017380e-02 1.00000000000000e+05 
5.06647421965845e-02 1.00000000000000e+05 
5.08142126307949e-02 1.00000000000000e+05 
5.09650442555927e-02 1.00000000000000e+05 
5.11145006532252e-02 1.00000000000000e+05 
5.12653177267826e-02 1.00000000000000e+05 
5.14147604817957e-02 1.00000000000000e+05 
5.15655646071621e-02 1.00000000000000e+05 
5.17149955467945e-02 1.00000000000000e+05 
5.18657885055776e-02 1.00000000000000e+05 
5.20152090644749e-02 1.00000000000000e+05 
5.21659922896028e-02 1.00000000000000e+05 
5.23154038287718e-02 1.00000000000000e+05 
5.24661789459737e-02 1.00000000000000e+05 
5.26155832195667e-02 1.00000000000000e+05 
5.27663524236413e-02 1.00000000000000e+05 
5.29157517887818e-02 1.00000000000000e+05 
5.30665180612409e-02 1.00000000000000e+05 
5.32159158209463e-02 1.00000000000000e+05 
5.33666831658805e-02 1.00000000000000e+05 
5.35160834300829e-02 1.00000000000000e+05 
5.36668566035637e-02 1.00000000000000e+05 
5.38162640344383e-02 1.00000000000000e+05 
5.39670483225073e-02 1.00000000000000e+05 
5.41164679418900e-02 1.00000000000000e+05 
5.42661164887085e-02 1.00000000000000e+05 
5.44155535448674e-02 1.00000000000000e+05 
5.45651572238004e-02 1.00000000000000e+05 
5.47143026455351e-02 1.00000000000000e+05 
5.48640109794924e-02 1.00000000000000e+05 
5.50131462556414e-02 1.00000000000000e+05 
5.51632443755357e-02 1.00000000000000e+05 
5.53123710646530e-02 1.00000000000000e+05 
5.54628724758572e-02 1.00000000000000e+05 
5.56119916453588e-02 1.00000000000000e+05 
5.57628220245626e-02 1.00000000000000e+05 
5.59119261127444e-02 1.00000000000000e+05 
5.60630431108263e-02 1.00000000000000e+05 
5.62142946162211e-02 1.00000000000000e+05 
5.63657011737527e-02 1.00000000000000e+05 
5.65172570996566e-02 1.00000000000000e+05 
5.66689823115933e-02 1.00000000000000e+05 
5.68208815959534e-02 1.00000000000000e+05 
5.69729699130748e-02 1.00000000000000e+05 
5.71252653277984e-02 1.00000000000000e+05 
5.72777780958353e-02 1.00000000000000e+05 
5.74305413768512e-02 1.00000000000000e+05 
5.75835581923806e-02 1.00000000000000e+05 
5.77368772973502e-02 1.00000000000000e+05 
5.78904921346031e-02 1.00000000000000e+05 
5.80440448763224e-02 1.00000000000000e+05 
5.81983653629207e-02 1.00000000000000e+05 
5.83519891066912e-02 1.00000000000000e+05 
5.85071402800166e-02 1.00000000000000e+05 
5.86608308688785e-02 1.00000000000000e+05 
5.88169643296139e-02 1.00000000000000e+05 
5.89707315755203e-02 1.00000000000000e+05 
5.91276929777732e-02 1.00000000000000e+05 
5.92815053636065e-02 1.00000000000000e+05 
5.94385566183955e-02 1.00000000000000e+05 
5.95924236786828e-02 1.00000000000000e+05 
5.97495882825535e-02 1.00000000000000e+05 
5.98989983149256e-02 1.00000000000000e+05 
6.00483735858626e-02 1.00000000000000e+05 
6.01976567440737e-02 1.00000000000000e+05 
6.03469081332700e-02 1.00000000000000e+05 
6.04960936659220e-02 1.00000000000000e+05 
6.06452712195781e-02 1.00000000000000e+05 
6.07944381439280e-02 1.00000000000000e+05 
6.09438435781848e-02 1.00000000000000e+05 
6.10934484343405e-02 1.00000000000000e+05 
6.12433026740865e-02 1.00000000000000e+05 
6.13933486606237e-02 1.00000000000000e+05 
6.15436101667316e-02 1.00000000000000e+05 
6.16940490987905e-02 1.00000000000000e+05 
6.18446919806604e-02 1.00000000000000e+05 
6.19955235803438e-02 1.00000000000000e+05 
6.21465726122362e-02 1.00000000000000e+05 
6.22978497756190e-02 1.00000000000000e+05 
6.24493817040411e-02 1.00000000000000e+05 
6.26012054713508e-02 1.00000000000000e+05 
6.27533357121818e-02 1.00000000000000e+05 
6.29058341763799e-02 1.00000000000000e+05 
6.30586920467817e-02 1.00000000000000e+05 
6.32119964435987e-02 1.00000000000000e+05 
6.33657084100106e-02 1.00000000000000e+05 
6.35199482828937e-02 1.00000000000000e+05 
6.36746425643603e-02 1.00000000000000e+05 
6.38288515240036e-02 1.00000000000000e+05 
6.39846783828025e-02 1.00000000000000e+05 
6.41380955867207e-02 1.00000000000000e+05 
6.42952749809938e-02 1.00000000000000e+05 
6.44426692957128e-02 1.00000000000000e+05 
6.45898433789494e-02 1.00000000000000e+05 
6.47366494144297e-02 1.00000000000000e+05 
6.48831892220942e-02 1.00000000000000e+05 
6.50293666803490e-02 1.00000000000000e+05 
6.51754881220072e-02 1.00000000000000e+05 
6.53214133347516e-02 1.00000000000000e+05 
6.54672733486183e-02 1.00000000000000e+05 
6.56129541533459e-02 1.00000000000000e+05 
6.57585682858361e-02 1.00000000000000e+05 
6.59041058342063e-02 1.00000000000000e+05 
6.60496530934547e-02 1.00000000000000e+05 
6.61953471121845e-02 1.00000000000000e+05 
6.63412282765312e-02 1.00000000000000e+05 
6.64876218003060e-02 1.00000000000000e+05 
6.66345127932340e-02 1.00000000000000e+05 
6.67824655359972e-02 1.00000000000000e+05 
6.69314505557327e-02 1.00000000000000e+05 
6.70726750692946e-02 1.00000000000000e+05 
6.72134733031439e-02 1.00000000000000e+05 
6.73537225564203e-02 1.00000000000000e+05 
6.74939183500211e-02 1.00000000000000e+05 
6.76340090949338e-02 1.00000000000000e+05 
6.77742490267660e-02 1.00000000000000e+05 
6.79147340896033e-02 1.00000000000000e+05 
6.80556078020433e-02 1.00000000000000e+05 
6.81971766250378e-02 1.00000000000000e+05 
6.83395011284300e-02 1.00000000000000e+05 
6.84831727903379e-02 1.00000000000000e+05 
6.86282276626567e-02 1.00000000000000e+05 
6.87661389996397e-02 1.00000000000000e+05 
6.89037870473067e-02 1.00000000000000e+05 
6.90410918451494e-02 1.00000000000000e+05 
6.91785600272283e-02 1.00000000000000e+05 
6.93161986663956e-02 1.00000000000000e+05 
6.94542723088677e-02 1.00000000000000e+05 
6.95929377076159e-02 1.00000000000000e+05 
6.97323385854926e-02 1.00000000000000e+05 
6.98728349995305e-02 1.00000000000000e+05 
7.00144907351238e-02 1.00000000000000e+05 
7.01576529280037e-02 1.00000000000000e+05 
7.02940021858392e-02 1.00000000000000e+05 
7.04299524490266e-02 1.00000000000000e+05 
7.05659100229905e-02 1.00000000000000e+05 
7.07018784694379e-02 1.00000000000000e+05 
7.08382987431974e-02 1.00000000000000e+05 
7.09752873107417e-02 1.00000000000000e+05 
7.11130588732707e-02 1.00000000000000e+05 
7.12518642135562e-02 1.00000000000000e+05 
7.13918000944355e-02 1.00000000000000e+05 
7.15332944809906e-02 1.00000000000000e+05 
7.16763867139473e-02 1.00000000000000e+05 
7.18117055853821e-02 1.00000000000000e+05 
7.19470194385601e-02 1.00000000000000e+05 
7.20822758884877e-02 1.00000000000000e+05 
7.22179335045721e-02 1.00000000000000e+05 
7.23540228997180e-02 1.00000000000000e+05 
7.24908117213506e-02 1.00000000000000e+05 
7.26284483184345e-02 1.00000000000000e+05 
7.27670898576990e-02 1.00000000000000e+05 
7.29070314142567e-02 1.00000000000000e+05 
7.30483452477195e-02 1.00000000000000e+05 
7.31834755985436e-02 1.00000000000000e+05 
7.33186414931053e-02 1.00000000000000e+05 
7.34536894132586e-02 1.00000000000000e+05 
7.35888721371547e-02 1.00000000000000e+05 
7.37242306799852e-02 1.00000000000000e+05 
7.38601835163070e-02 1.00000000000000e+05 
7.39968341147065e-02 1.00000000000000e+05 
7.41343954709881e-02 1.00000000000000e+05 
7.42730642396593e-02 1.00000000000000e+05 
7.44129473223587e-02 1.00000000000000e+05 
7.45543588645369e-02 1.00000000000000e+05 
7.46895420134558e-02 1.00000000000000e+05 
7.48246362464003e-02 1.00000000000000e+05 
7.49598511032658e-02 1.00000000000000e+05 
7.50950946245281e-02 1.00000000000000e+05 
7.52306508258827e-02 1.00000000000000e+05 
7.53665817405530e-02 1.00000000000000e+05 
7.55031838656384e-02 1.00000000000000e+05 
7.56405516441638e-02 1.00000000000000e+05 
7.57788661845741e-02 1.00000000000000e+05 
7.59183199752293e-02 1.00000000000000e+05 
7.60590110481016e-02 1.00000000000000e+05 
7.62012229018814e-02 1.00000000000000e+05 
7.63365377897273e-02 1.00000000000000e+05 
7.64717976088595e-02 1.00000000000000e+05 
7.66071949620054e-02 1.00000000000000e+05 
7.67426648257244e-02 1.00000000000000e+05 
7.68784714573305e-02 1.00000000000000e+05 
7.70146907443474e-02 1.00000000000000e+05 
7.71516033772580e-02 1.00000000000000e+05 
7.72893033965659e-02 1.00000000000000e+05 
7.74279637838703e-02 1.00000000000000e+05 
7.75677566221922e-02 1.00000000000000e+05 
7.77087811860610e-02 1.00000000000000e+05 
7.78512701475449e-02 1.00000000000000e+05 
7.79867187352914e-02 1.00000000000000e+05 
7.81221350628003e-02 1.00000000000000e+05 
7.82576950748020e-02 1.00000000000000e+05 
7.83933344172212e-02 1.00000000000000e+05 
7.85292520169145e-02 1.00000000000000e+05 
7.86655496008520e-02 1.00000000000000e+05 
7.88024804118553e-02 1.00000000000000e+05 
7.89401040327597e-02 1.00000000000000e+05 
7.90786043185838e-02 1.00000000000000e+05 
7.92181448355347e-02 1.00000000000000e+05 
7.93588741625473e-02 1.00000000000000e+05 
7.95010068740003e-02 1.00000000000000e+05 
7.96364040774390e-02 1.00000000000000e+05 
7.97717893951312e-02 1.00000000000000e+05 
7.99073313011634e-02 1.00000000000000e+05 
8.00429674108045e-02 1.00000000000000e+05 
8.01788704988868e-02 1.00000000000000e+05 
8.03150789665663e-02 1.00000000000000e+05 
8.04518964066480e-02 1.00000000000000e+05 
8.05893540194291e-02 1.00000000000000e+05 
8.07276419454293e-02 1.00000000000000e+05 
8.08668567386756e-02 1.00000000000000e+05 
8.10071627147861e-02 1.00000000000000e+05 
8.11486926170768e-02 1.00000000000000e+05 
8.12915814069911e-02 1.00000000000000e+05 
8.14271265834414e-02 1.00000000000000e+05 
8.15628307723662e-02 1.00000000000000e+05 
8.16986084199380e-02 1.00000000000000e+05 
8.18346014716690e-02 1.00000000000000e+05 
8.19707901931509e-02 1.00000000000000e+05 
8.21073808079701e-02 1.00000000000000e+05 
8.22444315673225e-02 1.00000000000000e+05 
8.23821660985646e-02 1.00000000000000e+05 
8.25205879374316e-02 1.00000000000000e+05 
8.26598583527275e-02 1.00000000000000e+05 
8.28000287266641e-02 1.00000000000000e+05 
8.29412832052772e-02 1.00000000000000e+05 
8.30837421967674e-02 1.00000000000000e+05 
8.32194746668915e-02 1.00000000000000e+05 
8.33552379401599e-02 1.00000000000000e+05 
8.34911665105893e-02 1.00000000000000e+05 
8.36272024532021e-02 1.00000000000000e+05 
8.37634858329280e-02 1.00000000000000e+05 
8.39000303707787e-02 1.00000000000000e+05 
8.40370573084901e-02 1.00000000000000e+05 
8.41746177493514e-02 1.00000000000000e+05 
8.43129179001997e-02 1.00000000000000e+05 
8.44519464197208e-02 1.00000000000000e+05 
8.45918586832278e-02 1.00000000000000e+05 
8.47326722036725e-02 1.00000000000000e+05 
8.48745479614968e-02 1.00000000000000e+05 
8.50175245643794e-02 1.00000000000000e+05 
8.51617721460234e-02 1.00000000000000e+05 
8.52981364770936e-02 1.00000000000000e+05 
8.54346663014010e-02 1.00000000000000e+05 
8.55712842473131e-02 1.00000000000000e+05 
8.57080923687453e-02 1.00000000000000e+05 
8.58450691390654e-02 1.00000000000000e+05 
8.59823497342742e-02 1.00000000000000e+05 
8.61199482868116e-02 1.00000000000000e+05 
8.62581598241370e-02 1.00000000000000e+05 
8.63969496892358e-02 1.00000000000000e+05 
8.65364831497702e-02 1.00000000000000e+05 
8.66767258400705e-02 1.00000000000000e+05 
8.68178565573037e-02 1.00000000000000e+05 
8.69598680251985e-02 1.00000000000000e+05 
8.71029468301975e-02 1.00000000000000e+05 
8.72470848446671e-02 1.00000000000000e+05 
8.73925030378099e-02 1.00000000000000e+05 
8.75293583667886e-02 1.00000000000000e+05 
8.76663702821799e-02 1.00000000000000e+05 
8.78034854154776e-02 1.00000000000000e+05 
8.79408327903221e-02 1.00000000000000e+05 
8.80784055544242e-02 1.00000000000000e+05 
8.82163042133666e-02 1.00000000000000e+05 
8.83545440369265e-02 1.00000000000000e+05 
8.84934037858622e-02 1.00000000000000e+05 
8.86328027321216e-02 1.00000000000000e+05 
8.87729089462747e-02 1.00000000000000e+05 
8.89136498711053e-02 1.00000000000000e+05 
8.90552058651530e-02 1.00000000000000e+05 
8.91975022600722e-02 1.00000000000000e+05 
8.93407330128713e-02 1.00000000000000e+05 
8.94848467743736e-02 1.00000000000000e+05 
8.96300684935410e-02 1.00000000000000e+05 
8.97765048383537e-02 1.00000000000000e+05 
8.99141830912623e-02 1.00000000000000e+05 
9.00519616404869e-02 1.00000000000000e+05 
9.01899428522087e-02 1.00000000000000e+05 
9.03280883689709e-02 1.00000000000000e+05 
9.04664811271937e-02 1.00000000000000e+05 
9.06050319434827e-02 1.00000000000000e+05 
9.07439011884208e-02 1.00000000000000e+05 
9.08830179486970e-02 1.00000000000000e+05 
9.10226440784992e-02 1.00000000000000e+05 
9.11627139973917e-02 1.00000000000000e+05 
9.13034052820933e-02 1.00000000000000e+05 
9.14446364991332e-02 1.00000000000000e+05 
9.15865858609983e-02 1.00000000000000e+05 
9.17291552926134e-02 1.00000000000000e+05 
9.18725361302046e-02 1.00000000000000e+05 
9.20166837421534e-02 1.00000000000000e+05 
9.21618083795721e-02 1.00000000000000e+05 
9.23079844406612e-02 1.00000000000000e+05 
9.24554165544368e-02 1.00000000000000e+05 
9.26042136419985e-02 1.00000000000000e+05 
9.27428189721737e-02 1.00000000000000e+05 
9.28815376782141e-02 1.00000000000000e+05 
9.30204365171405e-02 1.00000000000000e+05 
9.31593899414337e-02 1.00000000000000e+05 
9.32984601195316e-02 1.00000000000000e+05 
9.34376009225532e-02 1.00000000000000e+05 
9.35770829681691e-02 1.00000000000000e+05 
9.37168538140713e-02 1.00000000000000e+05 
9.38570873214553e-02 1.00000000000000e+05 
9.39976748587096e-02 1.00000000000000e+05 
9.41387871432855e-02 1.00000000000000e+05 
9.42803093176947e-02 1.00000000000000e+05 
9.44224339725082e-02 1.00000000000000e+05 
9.45650477326055e-02 1.00000000000000e+05 
9.47083576644118e-02 1.00000000000000e+05 
9.48524037241765e-02 1.00000000000000e+05 
9.49973650963580e-02 1.00000000000000e+05 
9.51432802282929e-02 1.00000000000000e+05 
9.52902770720575e-02 1.00000000000000e+05 
9.54383607344518e-02 1.00000000000000e+05 
9.55876442164632e-02 1.00000000000000e+05 
9.57329515798779e-02 1.00000000000000e+05 
9.58841556945555e-02 1.00000000000000e+05 
9.60237505269695e-02 1.00000000000000e+05 
9.61633746551734e-02 1.00000000000000e+05 
9.63029304593569e-02 1.00000000000000e+05 
9.64425302286404e-02 1.00000000000000e+05 
9.65821274853127e-02 1.00000000000000e+05 
9.67220084858798e-02 1.00000000000000e+05 
9.68620980902709e-02 1.00000000000000e+05 
9.70025650675319e-02 1.00000000000000e+05 
9.71432701063339e-02 1.00000000000000e+05 
9.72843635501934e-02 1.00000000000000e+05 
9.74257034750373e-02 1.00000000000000e+05 
9.75674658705700e-02 1.00000000000000e+05 
9.77095980411836e-02 1.00000000000000e+05 
9.78522882019798e-02 1.00000000000000e+05 
9.79955051933007e-02 1.00000000000000e+05 
9.81394004623963e-02 1.00000000000000e+05 
9.82839343321782e-02 1.00000000000000e+05 
9.84292187143245e-02 1.00000000000000e+05 
9.85752237675588e-02 1.00000000000000e+05 
9.87220415212525e-02 1.00000000000000e+05 
9.88696602337949e-02 1.00000000000000e+05 
9.90181565573306e-02 1.00000000000000e+05 
9.91634071460141e-02 1.00000000000000e+05 
9.93130827350398e-02 1.00000000000000e+05 
9.94605520140533e-02 1.00000000000000e+05 
9.96116976990209e-02 1.00000000000000e+05 
9.97613300097225e-02 1.00000000000000e+05 
9.99148997983121e-02 1.00000000000000e+05 
1.00054831217650e-01 1.00000000000000e+05 
1.00194761139841e-01 1.00000000000000e+05 
1.00334612603406e-01 1.00000000000000e+05 
1.00474675788989e-01 1.00000000000000e+05 
1.00614844238485e-01 1.00000000000000e+05 
1.00755284654977e-01 1.00000000000000e+05 
1.00895836254399e-01 1.00000000000000e+05 
1.01036636772408e-01 1.00000000000000e+05 
1.01177622967558e-01 1.00000000000000e+05 
1.01318935072243e-01 1.00000000000000e+05 
1.01460515618431e-01 1.00000000000000e+05 
1.01602473029838e-01 1.00000000000000e+05 
1.01744723478799e-01 1.00000000000000e+05 
1.01887362480438e-01 1.00000000000000e+05 
1.02030321634684e-01 1.00000000000000e+05 
1.02173691564471e-01 1.00000000000000e+05 
1.02317412359722e-01 1.00000000000000e+05 
1.02461573588754e-01 1.00000000000000e+05 
1.02606131351329e-01 1.00000000000000e+05 
1.02751175912329e-01 1.00000000000000e+05 
1.02895791077211e-01 1.00000000000000e+05 
1.03041379379358e-01 1.00000000000000e+05 
1.03187282291328e-01 1.00000000000000e+05 
1.03333512698975e-01 1.00000000000000e+05 
1.03480348658532e-01 1.00000000000000e+05 
1.03627742838273e-01 1.00000000000000e+05 
1.03776012510956e-01 1.00000000000000e+05 
1.03924988351439e-01 1.00000000000000e+05 
1.04075088605688e-01 1.00000000000000e+05 
1.04226028492101e-01 1.00000000000000e+05 
1.04378389809726e-01 1.00000000000000e+05 
1.04531764676034e-01 1.00000000000000e+05 
1.04686961898422e-01 1.00000000000000e+05 
1.04843417140408e-01 1.00000000000000e+05 
1.05002251854389e-01 1.00000000000000e+05 
1.05162860121890e-01 1.00000000000000e+05 
1.05325357752398e-01 1.00000000000000e+05 
1.05489211604214e-01 1.00000000000000e+05 
1.05654670482802e-01 1.00000000000000e+05 
1.05821238039737e-01 1.00000000000000e+05 
1.05989403953170e-01 1.00000000000000e+05 
1.06158639785448e-01 1.00000000000000e+05 
1.06329463606694e-01 1.00000000000000e+05 
1.06471675895485e-01 1.00000000000000e+05 
1.06613946325215e-01 1.00000000000000e+05 
1.06756342799202e-01 1.00000000000000e+05 
1.06898783587338e-01 1.00000000000000e+05 
1.07041332945222e-01 1.00000000000000e+05 
1.07183925371100e-01 1.00000000000000e+05 
1.07326631981183e-01 1.00000000000000e+05 
1.07469400815049e-01 1.00000000000000e+05 
1.07612300199280e-01 1.00000000000000e+05 
1.07755285975583e-01 1.00000000000000e+05 
1.07898025742158e-01 1.00000000000000e+05 
1.08040679241670e-01 1.00000000000000e+05 
1.08183302597188e-01 1.00000000000000e+05 
1.08326065410565e-01 1.00000000000000e+05 
1.08469006299448e-01 1.00000000000000e+05 
1.08612275037961e-01 1.00000000000000e+05 
1.08755826185416e-01 1.00000000000000e+05 
1.08899818375821e-01 1.00000000000000e+05 
1.09044132321299e-01 1.00000000000000e+05 
1.09188970548393e-01 1.00000000000000e+05 
1.09334148640376e-01 1.00000000000000e+05 
1.09479934772746e-01 1.00000000000000e+05 
1.09626082138491e-01 1.00000000000000e+05 
1.09772933926905e-01 1.00000000000000e+05 
1.09920176903591e-01 1.00000000000000e+05 
1.10068237402860e-01 1.00000000000000e+05 
1.10217104510768e-01 1.00000000000000e+05 
1.10367040974509e-01 1.00000000000000e+05 
1.10517973189042e-01 1.00000000000000e+05 
1.10670117592399e-01 1.00000000000000e+05 
1.10823343669254e-01 1.00000000000000e+05 
1.10977898519904e-01 1.00000000000000e+05 
1.11133637244549e-01 1.00000000000000e+05 
1.11290881850985e-01 1.00000000000000e+05 
1.11449492853961e-01 1.00000000000000e+05 
1.11609913115788e-01 1.00000000000000e+05 
1.11772000423348e-01 1.00000000000000e+05 
1.11936067701613e-01 1.00000000000000e+05 
1.12101277179690e-01 1.00000000000000e+05 
1.12267600788369e-01 1.00000000000000e+05 
1.12434550526383e-01 1.00000000000000e+05 
1.12602431519480e-01 1.00000000000000e+05 
1.12770874762134e-01 1.00000000000000e+05 
1.12940371075145e-01 1.00000000000000e+05 
1.13110523224847e-01 1.00000000000000e+05 
1.13281802703291e-01 1.00000000000000e+05 
1.13453767670901e-01 1.00000000000000e+05 
1.13626898409748e-01 1.00000000000000e+05 
1.13800738787855e-01 1.00000000000000e+05 
1.13975790673491e-01 1.00000000000000e+05 
1.14151588604967e-01 1.00000000000000e+05 
1.14328689321634e-01 1.00000000000000e+05 
1.14506559367249e-01 1.00000000000000e+05 
1.14685723084797e-01 1.00000000000000e+05 
1.14865634125831e-01 1.00000000000000e+05 
1.15046821605699e-01 1.00000000000000e+05 
1.15228769259732e-01 1.00000000000000e+05 
1.15373856480420e-01 1.00000000000000e+05 
1.15518349991102e-01 1.00000000000000e+05 
1.15662812589738e-01 1.00000000000000e+05 
1.15807263471511e-01 1.00000000000000e+05 
1.15951740345513e-01 1.00000000000000e+05 
1.16096259647106e-01 1.00000000000000e+05 
1.16240852127642e-01 1.00000000000000e+05 
1.16385508726887e-01 1.00000000000000e+05 
1.16530258063525e-01 1.00000000000000e+05 
1.16675070216414e-01 1.00000000000000e+05 
1.16819978198271e-01 1.00000000000000e+05 
1.16964936846284e-01 1.00000000000000e+05 
1.17109988242944e-01 1.00000000000000e+05 
1.17255074568166e-01 1.00000000000000e+05 
1.17400252788047e-01 1.00000000000000e+05 
1.17545448761771e-01 1.00000000000000e+05 
1.17690737955796e-01 1.00000000000000e+05 
1.17836028366749e-01 1.00000000000000e+05 
1.17981414850638e-01 1.00000000000000e+05 
1.18126787872974e-01 1.00000000000000e+05 
1.18272262315560e-01 1.00000000000000e+05 
1.18417710188216e-01 1.00000000000000e+05 
1.18563219842310e-01 1.00000000000000e+05 
1.18708738369643e-01 1.00000000000000e+05 
1.18854256061792e-01 1.00000000000000e+05 
1.18999809430213e-01 1.00000000000000e+05 
1.19145348353572e-01 1.00000000000000e+05 
1.19290932383292e-01 1.00000000000000e+05 
1.19436506030282e-01 1.00000000000000e+05 
1.19582134326766e-01 1.00000000000000e+05 
1.19727755798746e-01 1.00000000000000e+05 
1.19873441667390e-01 1.00000000000000e+05 
1.20019124039191e-01 1.00000000000000e+05 
1.20164880297092e-01 1.00000000000000e+05 
1.20310636097171e-01 1.00000000000000e+05 
1.20456476200403e-01 1.00000000000000e+05 
1.20602309302918e-01 1.00000000000000e+05 
1.20748195268065e-01 1.00000000000000e+05 
1.20894066321273e-01 1.00000000000000e+05 
1.21039942241539e-01 1.00000000000000e+05 
1.21185797045255e-01 1.00000000000000e+05 
1.21331642670427e-01 1.00000000000000e+05 
1.21477460880544e-01 1.00000000000000e+05 
1.21623272401691e-01 1.00000000000000e+05 
1.21769060695008e-01 1.00000000000000e+05 
1.21914853622782e-01 1.00000000000000e+05 
1.22060636903752e-01 1.00000000000000e+05 
1.22206443937572e-01 1.00000000000000e+05 
1.22352261047885e-01 1.00000000000000e+05 
1.22498120376402e-01 1.00000000000000e+05 
1.22644002425688e-01 1.00000000000000e+05 
1.22789936119617e-01 1.00000000000000e+05 
1.22935895308443e-01 1.00000000000000e+05 
1.23081906668727e-01 1.00000000000000e+05 
1.23227941221014e-01 1.00000000000000e+05 
1.23374026587766e-01 1.00000000000000e+05 
1.23520133684799e-01 1.00000000000000e+05 
1.23666292523669e-01 1.00000000000000e+05 
1.23812474357304e-01 1.00000000000000e+05 
1.23958711361966e-01 1.00000000000000e+05 
1.24104974740844e-01 1.00000000000000e+05 
1.24251298465347e-01 1.00000000000000e+05 
1.24397653270933e-01 1.00000000000000e+05 
1.24544074748555e-01 1.00000000000000e+05 
1.24690533064389e-01 1.00000000000000e+05 
1.24837065358867e-01 1.00000000000000e+05 
1.24983641117111e-01 1.00000000000000e+05 
1.25130298916000e-01 1.00000000000000e+05 
1.25277007517500e-01 1.00000000000000e+05 
1.25423806760024e-01 1.00000000000000e+05 
1.25570664758852e-01 1.00000000000000e+05 
1.25717622538622e-01 1.00000000000000e+05 
1.25864647742874e-01 1.00000000000000e+05 
1.26011782651626e-01 1.00000000000000e+05 
1.26158994545150e-01 1.00000000000000e+05 
1.26306327014714e-01 1.00000000000000e+05 
1.26453747034823e-01 1.00000000000000e+05 
1.26601299516675e-01 1.00000000000000e+05 
1.26748951248582e-01 1.00000000000000e+05 
1.26896748598201e-01 1.00000000000000e+05 
1.27044658276337e-01 1.00000000000000e+05 
1.27192728468493e-01 1.00000000000000e+05 
1.27340925413137e-01 1.00000000000000e+05 
1.27489300131329e-01 1.00000000000000e+05 
1.27637818129942e-01 1.00000000000000e+05 
1.27786532902962e-01 1.00000000000000e+05 
1.27935410221167e-01 1.00000000000000e+05 
1.28084506285562e-01 1.00000000000000e+05 
1.28233787358667e-01 1.00000000000000e+05 
1.28383312681587e-01 1.00000000000000e+05 
1.28533049142874e-01 1.00000000000000e+05 
1.28683059386156e-01 1.00000000000000e+05 
1.28833311155904e-01 1.00000000000000e+05 
1.28983871138922e-01 1.00000000000000e+05 
1.29134708285863e-01 1.00000000000000e+05 
1.29285894216647e-01 1.00000000000000e+05 
1.29437399456864e-01 1.00000000000000e+05 
1.29589301664706e-01 1.00000000000000e+05 
1.29741573390863e-01 1.00000000000000e+05 
1.29894299787278e-01 1.00000000000000e+05 
1.30047455971170e-01 1.00000000000000e+05 
1.30201136828519e-01 1.00000000000000e+05 
1.30355320636252e-01 1.00000000000000e+05 
1.30510113990975e-01 1.00000000000000e+05 
1.30665499028783e-01 1.00000000000000e+05 
1.30821597129087e-01 1.00000000000000e+05 
1.30978395166611e-01 1.00000000000000e+05 
1.31136033717760e-01 1.00000000000000e+05 
1.31294504804195e-01 1.00000000000000e+05 
1.31453974111460e-01 1.00000000000000e+05 
1.31614439600760e-01 1.00000000000000e+05 
1.31776112710437e-01 1.00000000000000e+05 
1.31938311149548e-01 1.00000000000000e+05 
1.32100715106597e-01 1.00000000000000e+05 
1.32263064735047e-01 1.00000000000000e+05 
1.32425821234406e-01 1.00000000000000e+05 
1.32588642924364e-01 1.00000000000000e+05 
1.32751501344261e-01 1.00000000000000e+05 
1.32914277038944e-01 1.00000000000000e+05 
1.33077041274991e-01 1.00000000000000e+05 
1.33239709569525e-01 1.00000000000000e+05 
1.33402362813848e-01 1.00000000000000e+05 
1.33564920167219e-01 1.00000000000000e+05 
1.33727463103199e-01 1.00000000000000e+05 
1.33889908416256e-01 1.00000000000000e+05 
1.34052338306290e-01 1.00000000000000e+05 
1.34214666559173e-01 1.00000000000000e+05 
1.34376976525671e-01 1.00000000000000e+05 
1.34539179273782e-01 1.00000000000000e+05 
1.34701359341413e-01 1.00000000000000e+05 
1.34863425531276e-01 1.00000000000000e+05 
1.35025463863732e-01 1.00000000000000e+05 
1.35187380955858e-01 1.00000000000000e+05 
1.35349264444520e-01 1.00000000000000e+05 
1.35511017865855e-01 1.00000000000000e+05 
1.35673139487685e-01 1.00000000000000e+05 
1.35835295686976e-01 1.00000000000000e+05 
1.35997461724176e-01 1.00000000000000e+05 
1.36159501987427e-01 1.00000000000000e+05 
1.36321494632329e-01 1.00000000000000e+05 
1.36483336037480e-01 1.00000000000000e+05 
1.36645117835032e-01 1.00000000000000e+05 
1.36806738963686e-01 1.00000000000000e+05 
1.36968701237284e-01 1.00000000000000e+05 
1.37130666735775e-01 1.00000000000000e+05 
1.37292615674081e-01 1.00000000000000e+05 
1.37454407845616e-01 1.00000000000000e+05 
1.37616126003845e-01 1.00000000000000e+05 
1.37777660914079e-01 1.00000000000000e+05 
1.37939516813588e-01 1.00000000000000e+05 
1.38101352285562e-01 1.00000000000000e+05 
1.38263151088651e-01 1.00000000000000e+05 
1.38424770588443e-01 1.00000000000000e+05 
1.38586296560437e-01 1.00000000000000e+05 
1.38747617566569e-01 1.00000000000000e+05 
1.38909236553842e-01 1.00000000000000e+05 
1.39070812143806e-01 1.00000000000000e+05 
1.39232332201648e-01 1.00000000000000e+05 
1.39393651279581e-01 1.00000000000000e+05 
1.39555262940837e-01 1.00000000000000e+05 
1.39716819008600e-01 1.00000000000000e+05 
1.39878307344878e-01 1.00000000000000e+05 
1.40039581857918e-01 1.00000000000000e+05 
1.40201136832402e-01 1.00000000000000e+05 
1.40362624115683e-01 1.00000000000000e+05 
1.40524032061507e-01 1.00000000000000e+05 
1.40685214851047e-01 1.00000000000000e+05 
1.40846665815993e-01 1.00000000000000e+05 
1.41008037571775e-01 1.00000000000000e+05 
1.41169319404615e-01 1.00000000000000e+05 
1.41330365562251e-01 1.00000000000000e+05 
1.41491667233663e-01 1.00000000000000e+05 
1.41652878562608e-01 1.00000000000000e+05 
1.41813990179939e-01 1.00000000000000e+05 
1.41974856452890e-01 1.00000000000000e+05 
1.42135965028440e-01 1.00000000000000e+05 
1.42296972573610e-01 1.00000000000000e+05 
1.42457871331717e-01 1.00000000000000e+05 
1.42618732472200e-01 1.00000000000000e+05 
1.42779680464879e-01 1.00000000000000e+05 
1.42940464453938e-01 1.00000000000000e+05 
1.43101502421944e-01 1.00000000000000e+05 
1.43262443039456e-01 1.00000000000000e+05 
1.43423260327983e-01 1.00000000000000e+05 
1.43584031199921e-01 1.00000000000000e+05 
1.43744871974743e-01 1.00000000000000e+05 
1.43905539484579e-01 1.00000000000000e+05 
1.44066443523602e-01 1.00000000000000e+05 
1.44227239485592e-01 1.00000000000000e+05 
1.44388297691946e-01 1.00000000000000e+05 
1.44549252867254e-01 1.00000000000000e+05 
1.44710069781221e-01 1.00000000000000e+05 
1.44870612341432e-01 1.00000000000000e+05 
1.45031351632017e-01 1.00000000000000e+05 
1.45191959017276e-01 1.00000000000000e+05 
1.45352814718887e-01 1.00000000000000e+05 
1.45513555195546e-01 1.00000000000000e+05 
1.45674551401646e-01 1.00000000000000e+05 
1.45835433543541e-01 1.00000000000000e+05 
1.45996168229682e-01 1.00000000000000e+05 
1.46156619132683e-01 1.00000000000000e+05 
1.46317256617003e-01 1.00000000000000e+05 
1.46477753236560e-01 1.00000000000000e+05 
1.46638486877450e-01 1.00000000000000e+05 
1.46799096154342e-01 1.00000000000000e+05 
1.46959948413128e-01 1.00000000000000e+05 
1.47120677052433e-01 1.00000000000000e+05 
1.47281247201004e-01 1.00000000000000e+05 
1.47441739670959e-01 1.00000000000000e+05 
1.47602264893225e-01 1.00000000000000e+05 
1.47762588683372e-01 1.00000000000000e+05 
1.47923109025003e-01 1.00000000000000e+05 
1.48083493176506e-01 1.00000000000000e+05 
1.48244097766003e-01 1.00000000000000e+05 
1.48404569809139e-01 1.00000000000000e+05 
1.48565264809523e-01 1.00000000000000e+05 
1.48725826228626e-01 1.00000000000000e+05 
1.48886212048994e-01 1.00000000000000e+05 
1.49046509338596e-01 1.00000000000000e+05 
1.49206821873220e-01 1.00000000000000e+05 
1.49366923145315e-01 1.00000000000000e+05 
1.49527202282997e-01 1.00000000000000e+05 
1.49687334961269e-01 1.00000000000000e+05 
1.49847669489245e-01 1.00000000000000e+05 
1.50007861581782e-01 1.00000000000000e+05 
1.50168258445755e-01 1.00000000000000e+05 
1.50328511036740e-01 1.00000000000000e+05 
1.50488969089559e-01 1.00000000000000e+05 
1.50649282052120e-01 1.00000000000000e+05 
1.50809801372369e-01 1.00000000000000e+05 
1.50970175770015e-01 1.00000000000000e+05 
1.51130757877653e-01 1.00000000000000e+05 
1.51291197462364e-01 1.00000000000000e+05 
1.51451448926593e-01 1.00000000000000e+05 
1.51611605934622e-01 1.00000000000000e+05 
1.51771768308422e-01 1.00000000000000e+05 
1.51931930447964e-01 1.00000000000000e+05 
1.52092124390730e-01 1.00000000000000e+05 
1.52252121435608e-01 1.00000000000000e+05 
1.52412289276282e-01 1.00000000000000e+05 
1.52572315102136e-01 1.00000000000000e+05 
1.52732535345448e-01 1.00000000000000e+05 
1.52892618507143e-01 1.00000000000000e+05 
1.53052901823444e-01 1.00000000000000e+05 
1.53213048410802e-01 1.00000000000000e+05 
1.53373399186494e-01 1.00000000000000e+05 
1.53533614788768e-01 1.00000000000000e+05 
1.53694038739267e-01 1.00000000000000e+05 
1.53854329873050e-01 1.00000000000000e+05 
1.54014833550867e-01 1.00000000000000e+05 
1.54175207125057e-01 1.00000000000000e+05 
1.54335797466644e-01 1.00000000000000e+05 
1.54496262146736e-01 1.00000000000000e+05 
1.54656552086828e-01 1.00000000000000e+05 
1.54816765821727e-01 1.00000000000000e+05 
1.54976999346738e-01 1.00000000000000e+05 
1.55137251603156e-01 1.00000000000000e+05 
1.55297551303725e-01 1.00000000000000e+05 
1.55457674184192e-01 1.00000000000000e+05 
1.55617983610109e-01 1.00000000000000e+05 
1.55778171293142e-01 1.00000000000000e+05 
1.55938569486324e-01 1.00000000000000e+05 
1.56098851018403e-01 1.00000000000000e+05 
1.56259349123363e-01 1.00000000000000e+05 
1.56419730833603e-01 1.00000000000000e+05 
1.56580333111752e-01 1.00000000000000e+05 
1.56740820045453e-01 1.00000000000000e+05 
1.56901531359629e-01 1.00000000000000e+05 
1.57062128915716e-01 1.00000000000000e+05 
1.57222954413306e-01 1.00000000000000e+05 
1.57383667928485e-01 1.00000000000000e+05 
1.57544612769881e-01 1.00000000000000e+05 
1.57705449097195e-01 1.00000000000000e+05 
1.57866123412818e-01 1.00000000000000e+05 
1.58026738458877e-01 1.00000000000000e+05 
1.58187385226366e-01 1.00000000000000e+05 
1.58348067159486e-01 1.00000000000000e+05 
1.58508807544952e-01 1.00000000000000e+05 
1.58669385231945e-01 1.00000000000000e+05 
1.58830159982617e-01 1.00000000000000e+05 
1.58990826331747e-01 1.00000000000000e+05 
1.59151712789869e-01 1.00000000000000e+05 
1.59312495041958e-01 1.00000000000000e+05 
1.59473502618754e-01 1.00000000000000e+05 
1.59634405518987e-01 1.00000000000000e+05 
1.59795537011287e-01 1.00000000000000e+05 
1.59956564384428e-01 1.00000000000000e+05 
1.60117823561990e-01 1.00000000000000e+05 
1.60278979958754e-01 1.00000000000000e+05 
1.60440371299213e-01 1.00000000000000e+05 
1.60601663284671e-01 1.00000000000000e+05 
1.60762796194370e-01 1.00000000000000e+05 
1.60923879826016e-01 1.00000000000000e+05 
1.61084998493460e-01 1.00000000000000e+05 
1.61246162786629e-01 1.00000000000000e+05 
1.61407389040815e-01 1.00000000000000e+05 
1.61568462662172e-01 1.00000000000000e+05 
1.61729737143205e-01 1.00000000000000e+05 
1.61890914062658e-01 1.00000000000000e+05 
1.62052315228360e-01 1.00000000000000e+05 
1.62213624098099e-01 1.00000000000000e+05 
1.62375162833316e-01 1.00000000000000e+05 
1.62536610116151e-01 1.00000000000000e+05 
1.62698291048081e-01 1.00000000000000e+05 
1.62859882619571e-01 1.00000000000000e+05 
1.63021711718239e-01 1.00000000000000e+05 
1.63183454556352e-01 1.00000000000000e+05 
1.63345438991498e-01 1.00000000000000e+05 
1.63507342634897e-01 1.00000000000000e+05 
1.63669093568916e-01 1.00000000000000e+05 
1.63830816797659e-01 1.00000000000000e+05 
1.63992583621392e-01 1.00000000000000e+05 
1.64154202366373e-01 1.00000000000000e+05 
1.64316030646392e-01 1.00000000000000e+05 
1.64477780306065e-01 1.00000000000000e+05 
1.64639767295561e-01 1.00000000000000e+05 
1.64801684774991e-01 1.00000000000000e+05 
1.64963846482931e-01 1.00000000000000e+05 
1.65125942076967e-01 1.00000000000000e+05 
1.65288286674250e-01 1.00000000000000e+05 
1.65450569551406e-01 1.00000000000000e+05 
1.65613106548281e-01 1.00000000000000e+05 
1.65775589150054e-01 1.00000000000000e+05 
1.65937930915633e-01 1.00000000000000e+05 
1.66100274506141e-01 1.00000000000000e+05 
1.66262675446232e-01 1.00000000000000e+05 
1.66424958102185e-01 1.00000000000000e+05 
1.66587467532978e-01 1.00000000000000e+05 
1.66749930800064e-01 1.00000000000000e+05 
1.66912651240291e-01 1.00000000000000e+05 
1.67075336851831e-01 1.00000000000000e+05 
1.67238289125896e-01 1.00000000000000e+05 
1.67401214212070e-01 1.00000000000000e+05 
1.67564011366703e-01 1.00000000000000e+05 
1.67726838703023e-01 1.00000000000000e+05 
1.67889737965359e-01 1.00000000000000e+05 
1.68052546340389e-01 1.00000000000000e+05 
1.68215598235281e-01 1.00000000000000e+05 
1.68378632332823e-01 1.00000000000000e+05 
1.68541942162118e-01 1.00000000000000e+05 
1.68705248493668e-01 1.00000000000000e+05 
1.68868438666606e-01 1.00000000000000e+05 
1.69031683434362e-01 1.00000000000000e+05 
1.69195013975923e-01 1.00000000000000e+05 
1.69358277201128e-01 1.00000000000000e+05 
1.69521800153477e-01 1.00000000000000e+05 
1.69685329705527e-01 1.00000000000000e+05 
1.69849152897274e-01 1.00000000000000e+05 
1.70012997339315e-01 1.00000000000000e+05 
1.70176739638741e-01 1.00000000000000e+05 
1.70340336859784e-01 1.00000000000000e+05 
1.70504178103862e-01 1.00000000000000e+05 
1.70668025514278e-01 1.00000000000000e+05 
1.70832177952833e-01 1.00000000000000e+05 
1.70996363301608e-01 1.00000000000000e+05 
1.71160459679569e-01 1.00000000000000e+05 
1.71324423061706e-01 1.00000000000000e+05 
1.71488644447055e-01 1.00000000000000e+05 
1.71652886097506e-01 1.00000000000000e+05 
1.71817040854986e-01 1.00000000000000e+05 
1.71981293381674e-01 1.00000000000000e+05 
1.72145666966623e-01 1.00000000000000e+05 
1.72310013214795e-01 1.00000000000000e+05 
1.72474655208343e-01 1.00000000000000e+05 
1.72639343989881e-01 1.00000000000000e+05 
1.72803952275458e-01 1.00000000000000e+05 
1.72968443638244e-01 1.00000000000000e+05 
1.73133200187083e-01 1.00000000000000e+05 
1.73297987154504e-01 1.00000000000000e+05 
1.73463098303897e-01 1.00000000000000e+05 
1.73628263089406e-01 1.00000000000000e+05 
1.73793353329013e-01 1.00000000000000e+05 
1.73958327497807e-01 1.00000000000000e+05 
1.74123573005557e-01 1.00000000000000e+05 
1.74288852858174e-01 1.00000000000000e+05 
1.74454054656904e-01 1.00000000000000e+05 
1.74619366796637e-01 1.00000000000001e+05 
1.74784808405852e-01 1.00000000000001e+05 
1.74950230514949e-01 1.00000000000002e+05 
1.75115955858784e-01 1.00000000000003e+05 
1.75281733238560e-01 1.00000000000004e+05 
1.75447433260633e-01 1.00000000000005e+05 
1.75613017793064e-01 1.00000000000007e+05 
1.75778870947803e-01 1.00000000000009e+05 
1.75944753718247e-01 1.00000000000016e+05 
1.76110962341318e-01 1.00000000000024e+05 
1.76277220602124e-01 1.00000000000046e+05 
1.76443402555627e-01 1.00000000000074e+05 
1.76609460325995e-01 1.00000000000127e+05 
1.76775785840228e-01 1.00000000000191e+05 
1.76942132179784e-01 1.00000000000299e+05 
1.77108801822526e-01 1.00000000000431e+05 
1.77275511254619e-01 1.00000000000638e+05 
1.77442139772201e-01 1.00000000001277e+05 
1.77608632963540e-01 1.00000000002274e+05 
1.77775387565125e-01 1.00000000003838e+05 
1.77942150098117e-01 1.00000000017955e+05 
1.78109227388980e-01 1.00000000033080e+05 
1.78276329588652e-01 1.00000000087745e+05 
1.78443342662592e-01 1.00000000236264e+05 
1.78610433693817e-01 1.00000000510978e+05 
1.78777633352769e-01 1.00000000899226e+05 
1.78944772794939e-01 1.00000001440372e+05 
1.79112187651131e-01 1.00000002120025e+05 
1.79279604787878e-01 1.00000002979570e+05 
1.79447320740122e-01 1.00000004024431e+05 
1.79615038010361e-01 1.00000005286392e+05 
1.79783055017398e-01 1.00000006789777e+05 
1.79951067998409e-01 1.00000008560054e+05 
1.80118967501592e-01 1.00000010672450e+05 
1.80286912486288e-01 1.00000013089970e+05 
1.80454941398679e-01 1.00000015876863e+05 
1.80622876026045e-01 1.00000019005178e+05 
1.80791058264517e-01 1.00000022568821e+05 
1.80959206124795e-01 1.00000026655631e+05 
1.81127621824156e-01 1.00000031168146e+05 
1.81295999759898e-01 1.00000036330739e+05 
1.81464643281622e-01 1.00000042043819e+05 
1.81633239252498e-01 1.00000048598147e+05 
1.81802095739179e-01 1.00000055819195e+05 
1.81970895390828e-01 1.00000064211137e+05 
1.82139950453788e-01 1.00000073520330e+05 
1.82308939833991e-01 1.00000084273926e+05 
1.82478178818762e-01 1.00000096158212e+05 
1.82647343273358e-01 1.00000110044105e+05 
1.82816750847671e-01 1.00000125373084e+05 
1.82986074911982e-01 1.00000143445367e+05 
1.83155635007838e-01 1.00000163643126e+05 
1.83325331465519e-01 1.00000187640672e+05 
1.83495116899497e-01 1.00000214463618e+05 
1.83664977909508e-01 1.00000246481946e+05 
1.83834896504541e-01 1.00000282567153e+05 
1.84004876771742e-01 1.00000325670378e+05 
1.84175309753755e-01 1.00000374621992e+05 
1.84345746927004e-01 1.00000432882697e+05 
1.84516422612436e-01 1.00000499135430e+05 
1.84686997134789e-01 1.00000577615460e+05 
1.84857769071260e-01 1.00000667072410e+05 
1.85028641608815e-01 1.00000772531891e+05 
1.85199559841601e-01 1.00000892762795e+05 
1.85370509384543e-01 1.00001033634416e+05 
1.85541877756455e-01 1.00001194048880e+05 
1.85713212753979e-01 1.00001382568772e+05 
1.85884752278427e-01 1.00001598938551e+05 
1.86056378063308e-01 1.00001851891464e+05 
1.86228437902929e-01 1.00002267219790e+05 
1.86400453911513e-01 1.00002757130553e+05 
1.86572664564127e-01 1.00003309285439e+05 
1.86744948690776e-01 1.00003898567285e+05 
1.86917244467649e-01 1.00004565523934e+05 
1.87089529505857e-01 1.00005274629511e+05 
1.87262191797163e-01 1.00006083996153e+05 
1.87435000525534e-01 1.00006941927588e+05 
1.87608242789213e-01 1.00007927583635e+05 
1.87781421827262e-01 1.00009015982136e+05 
1.87954766610340e-01 1.00010229791884e+05 
1.88128146763621e-01 1.00011562152721e+05 
1.88301912438020e-01 1.00013033507870e+05 
1.88475579753387e-01 1.00014630859619e+05 
1.88649394585700e-01 1.00016378932693e+05 
1.88823221085721e-01 1.00018264375535e+05 
1.88997414147937e-01 1.00020311312370e+05 
1.89171712087004e-01 1.00022510530466e+05 
1.89346406659272e-01 1.00024879609311e+05 
1.89521216803299e-01 1.00027400621613e+05 
1.89696423480835e-01 1.00030096076270e+05 
1.89871514672901e-01 1.00032958812363e+05 
1.90046729094105e-01 1.00036016690255e+05 
1.90221924249991e-01 1.00039282990655e+05 
1.90397455210822e-01 1.00042784349609e+05 
1.90573056586365e-01 1.00046513770404e+05 
1.90749020697900e-01 1.00050598866345e+05 
1.90925063566228e-01 1.00054912245995e+05 
1.91101465984186e-01 1.00059724247149e+05 
1.91277943098086e-01 1.00065101844347e+05 
1.91454772623199e-01 1.00071115643682e+05 
1.91631671016632e-01 1.00078030459072e+05 
1.91808914094915e-01 1.00085911383240e+05 
1.91986219914725e-01 1.00095113634481e+05 
1.92163862555408e-01 1.00105798906556e+05 
1.92341561712051e-01 1.00118400073870e+05 
1.92519589619242e-01 1.00132995699014e+05 
1.92697667526404e-01 1.00150134392259e+05 
1.92876065604105e-01 1.00171035983236e+05 
1.93054506992153e-01 1.00195577102891e+05 
1.93233260576685e-01 1.00225068870918e+05 
1.93412051371941e-01 1.00259120247804e+05 
1.93591145883501e-01 1.00299616713909e+05 
1.93770271221514e-01 1.00346215891785e+05 
1.93949690727089e-01 1.00401028416910e+05 
1.94129134367899e-01 1.00464222421247e+05 
1.94308861910682e-01 1.00537175924059e+05 
1.94488607053766e-01 1.00620410626736e+05 
1.94668625626990e-01 1.00715835489470e+05 
1.94848655764931e-01 1.00825469831879e+05 
1.95029213898190e-01 1.00951269989375e+05 
1.95210049739298e-01 1.01091991005053e+05 
1.95391256098455e-01 1.01252555804059e+05 
1.95572142657680e-01 1.01432075448418e+05 
1.95753673589596e-01 1.01634088982466e+05 
1.95933511662074e-01 1.01855433403036e+05 
1.96115579543841e-01 1.02103756642017e+05 
1.96294249497339e-01 1.02370208096034e+05 
1.96476756269772e-01 1.02667695258353e+05 
1.96654280059318e-01 1.02980090057330e+05 
1.96836706624933e-01 1.03326264822987e+05 
1.97012938940977e-01 1.03682301826604e+05 
1.97193749752219e-01 1.04070487875543e+05 
1.97368588675544e-01 1.04464240930538e+05 
1.97547651491255e-01 1.04886354557658e+05 
1.97721079780728e-01 1.05308612947589e+05 
1.97898286783540e-01 1.05753162757070e+05 
1.98070120945707e-01 1.06191448886119e+05 
1.98245335592649e-01 1.06644477053866e+05 
1.98415512269857e-01 1.07084701657671e+05 
1.98589091903959e-01 1.07532481316206e+05 
1.98758075854850e-01 1.07961554641809e+05 
1.98930170353025e-01 1.08390220481265e+05 
1.99097755315476e-01 1.08794065327651e+05 
1.99268652593696e-01 1.09191630982034e+05 
1.99435484616216e-01 1.09560823650058e+05 
1.99608495661766e-01 1.09923210952298e+05 
1.99774296729163e-01 1.10245961845583e+05 
1.99949466993505e-01 1.10561195944842e+05 
2.00114524378691e-01 1.10831965121356e+05 
