# Liste des scalaires : TEMPS pmat 
0.00000000000000e+00 1.00000000000000e+05 
7.22956891292051e-05 1.00000000000000e+05 
1.39473830159790e-04 1.00000000000000e+05 
2.09658797050094e-04 1.00000000000000e+05 
2.76117114236737e-04 1.00000000000000e+05 
3.20638761908130e-04 1.00000000000000e+05 
3.55139419127679e-04 1.00000000000000e+05 
3.84466703006959e-04 1.00000000000000e+05 
4.10882456555362e-04 1.00000000000000e+05 
4.35440253196339e-04 1.00000000000000e+05 
4.62453829501415e-04 1.00000000000000e+05 
4.92168763436997e-04 1.00000000000000e+05 
5.24855190766139e-04 1.00000000000000e+05 
5.60810260828194e-04 1.00000000000000e+05 
6.00360837896455e-04 1.00000000000000e+05 
6.43866472671541e-04 1.00000000000000e+05 
6.91722670924137e-04 1.00000000000000e+05 
7.44364489001992e-04 1.00000000000000e+05 
8.02270488887633e-04 1.00000000000000e+05 
8.65967088761837e-04 1.00000000000000e+05 
9.36033348623463e-04 1.00000000000000e+05 
1.01310623447125e-03 1.00000000000000e+05 
1.09788640890382e-03 1.00000000000000e+05 
1.19114460077964e-03 1.00000000000000e+05 
1.28874595967994e-03 1.00000000000000e+05 
1.39427742078088e-03 1.00000000000000e+05 
1.50221628787624e-03 1.00000000000000e+05 
1.61553425737482e-03 1.00000000000000e+05 
1.73457348070833e-03 1.00000000000000e+05 
1.85733677968624e-03 1.00000000000000e+05 
1.98616223838882e-03 1.00000000000000e+05 
2.11872938704638e-03 1.00000000000000e+05 
2.25541689819673e-03 1.00000000000000e+05 
2.39772133018684e-03 1.00000000000000e+05 
2.54485627309101e-03 1.00000000000000e+05 
2.69657390129208e-03 1.00000000000000e+05 
2.85238267869178e-03 1.00000000000000e+05 
3.01245336052039e-03 1.00000000000000e+05 
3.17812497446097e-03 1.00000000000000e+05 
3.34903914085925e-03 1.00000000000000e+05 
3.52550659026287e-03 1.00000000000000e+05 
3.70726992321353e-03 1.00000000000000e+05 
3.89587589613559e-03 1.00000000000000e+05 
4.08975108537148e-03 1.00000000000000e+05 
4.28959471140184e-03 1.00000000000000e+05 
4.49516060408385e-03 1.00000000000000e+05 
4.70839016598722e-03 1.00000000000000e+05 
4.92856382960966e-03 1.00000000000000e+05 
5.15483884145731e-03 1.00000000000000e+05 
5.38810296190480e-03 1.00000000000000e+05 
5.62716630832463e-03 1.00000000000000e+05 
5.87020911792034e-03 1.00000000000000e+05 
6.12048301668665e-03 1.00000000000000e+05 
6.37286594506245e-03 1.00000000000000e+05 
6.63255281660178e-03 1.00000000000000e+05 
6.89402258475555e-03 1.00000000000000e+05 
7.16407888326969e-03 1.00000000000000e+05 
7.43688358986505e-03 1.00000000000000e+05 
7.71367443739144e-03 1.00000000000000e+05 
7.99348750691610e-03 1.00000000000000e+05 
8.27643828736925e-03 1.00000000000000e+05 
8.55454911876723e-03 1.00000000000000e+05 
8.82661670676082e-03 1.00000000000000e+05 
9.09404080755289e-03 1.00000000000000e+05 
9.35767668944133e-03 1.00000000000000e+05 
9.61798037555156e-03 1.00000000000000e+05 
9.87429028728360e-03 1.00000000000000e+05 
1.01273057754230e-02 1.00000000000000e+05 
1.03777988105473e-02 1.00000000000000e+05 
1.06257698034266e-02 1.00000000000000e+05 
1.08546910881094e-02 1.00000000000000e+05 
1.10598054048108e-02 1.00000000000000e+05 
1.12525637595040e-02 1.00000000000000e+05 
1.14374334453364e-02 1.00000000000000e+05 
1.16158415277505e-02 1.00000000000000e+05 
1.17891840582187e-02 1.00000000000000e+05 
1.19583450318160e-02 1.00000000000000e+05 
1.21237108607605e-02 1.00000000000000e+05 
1.22863814425785e-02 1.00000000000000e+05 
1.24465578775140e-02 1.00000000000000e+05 
1.26053009090760e-02 1.00000000000000e+05 
1.27628962673492e-02 1.00000000000000e+05 
1.29203682601929e-02 1.00000000000000e+05 
1.30778979541363e-02 1.00000000000000e+05 
1.32360151286003e-02 1.00000000000000e+05 
1.33949161516576e-02 1.00000000000000e+05 
1.35550249601346e-02 1.00000000000000e+05 
1.37171356258498e-02 1.00000000000000e+05 
1.38812792783536e-02 1.00000000000000e+05 
1.40482316494892e-02 1.00000000000000e+05 
1.42179218589587e-02 1.00000000000000e+05 
1.43909554067237e-02 1.00000000000000e+05 
1.45671317970516e-02 1.00000000000000e+05 
1.47468963591116e-02 1.00000000000000e+05 
1.49299039270311e-02 1.00000000000000e+05 
1.51164616254697e-02 1.00000000000000e+05 
1.53060857170891e-02 1.00000000000000e+05 
1.54989802222388e-02 1.00000000000000e+05 
1.56943417714703e-02 1.00000000000000e+05 
1.58927179363552e-02 1.00000000000000e+05 
1.60932360226091e-02 1.00000000000000e+05 
1.62960149400095e-02 1.00000000000000e+05 
1.65003545196427e-02 1.00000000000000e+05 
1.67063860240081e-02 1.00000000000000e+05 
1.69134359943372e-02 1.00000000000000e+05 
1.71215394260742e-02 1.00000000000000e+05 
1.73303180549291e-02 1.00000000000000e+05 
1.75397275367342e-02 1.00000000000000e+05 
1.77495338281821e-02 1.00000000000000e+05 
1.79588778713063e-02 1.00000000000000e+05 
1.81632141302752e-02 1.00000000000000e+05 
1.83563495585156e-02 1.00000000000000e+05 
1.85350654997474e-02 1.00000000000000e+05 
1.87033348889917e-02 1.00000000000000e+05 
1.88655209132558e-02 1.00000000000000e+05 
1.90248811771078e-02 1.00000000000000e+05 
1.91806392410684e-02 1.00000000000000e+05 
1.93330518146362e-02 1.00000000000000e+05 
1.94844472306591e-02 1.00000000000000e+05 
1.96354513032016e-02 1.00000000000000e+05 
1.97874716702856e-02 1.00000000000000e+05 
1.99407659905747e-02 1.00000000000000e+05 
2.00949666065795e-02 1.00000000000000e+05 
2.02488759419324e-02 1.00000000000000e+05 
2.04037371944736e-02 1.00000000000000e+05 
2.05594700231458e-02 1.00000000000000e+05 
2.07169731541496e-02 1.00000000000000e+05 
2.08761027526333e-02 1.00000000000000e+05 
2.10375370901540e-02 1.00000000000000e+05 
2.12011123683405e-02 1.00000000000000e+05 
2.13673115489255e-02 1.00000000000000e+05 
2.15349492373893e-02 1.00000000000000e+05 
2.17033895071897e-02 1.00000000000000e+05 
2.18726938847953e-02 1.00000000000000e+05 
2.20433339591396e-02 1.00000000000000e+05 
2.22153209194464e-02 1.00000000000000e+05 
2.23890663125276e-02 1.00000000000000e+05 
2.25644988369808e-02 1.00000000000000e+05 
2.27419496121743e-02 1.00000000000000e+05 
2.29213344142665e-02 1.00000000000000e+05 
2.31019821667635e-02 1.00000000000000e+05 
2.32831638190471e-02 1.00000000000000e+05 
2.34653390539363e-02 1.00000000000000e+05 
2.36484775336368e-02 1.00000000000000e+05 
2.38329713041355e-02 1.00000000000000e+05 
2.40187767575057e-02 1.00000000000000e+05 
2.42062319218674e-02 1.00000000000000e+05 
2.43952464891655e-02 1.00000000000000e+05 
2.45860389831482e-02 1.00000000000000e+05 
2.47775580727553e-02 1.00000000000000e+05 
2.49699668589610e-02 1.00000000000000e+05 
2.51632764041641e-02 1.00000000000000e+05 
2.53578437076638e-02 1.00000000000000e+05 
2.55536103426939e-02 1.00000000000000e+05 
2.57508233310020e-02 1.00000000000000e+05 
2.59493624271354e-02 1.00000000000000e+05 
2.61494589885829e-02 1.00000000000000e+05 
2.63510030401169e-02 1.00000000000000e+05 
2.65536435379036e-02 1.00000000000000e+05 
2.67571915675517e-02 1.00000000000000e+05 
2.69618873355445e-02 1.00000000000000e+05 
2.71675868229073e-02 1.00000000000000e+05 
2.73745250135335e-02 1.00000000000000e+05 
2.75825905032706e-02 1.00000000000000e+05 
2.77919295501740e-02 1.00000000000000e+05 
2.80024208538120e-02 1.00000000000000e+05 
2.82140366426045e-02 1.00000000000000e+05 
2.84266715226112e-02 1.00000000000000e+05 
2.86404279422836e-02 1.00000000000000e+05 
2.88549793862095e-02 1.00000000000000e+05 
2.90704307819451e-02 1.00000000000000e+05 
2.92866536196951e-02 1.00000000000000e+05 
2.95037813694166e-02 1.00000000000000e+05 
2.97216351900839e-02 1.00000000000000e+05 
2.99403060892816e-02 1.00000000000000e+05 
3.01597200482573e-02 1.00000000000000e+05 
3.03799981752293e-02 1.00000000000000e+05 
3.06009697728714e-02 1.00000000000000e+05 
3.08228360444720e-02 1.00000000000000e+05 
3.10453336945781e-02 1.00000000000000e+05 
3.12686798662888e-02 1.00000000000000e+05 
3.14925449440768e-02 1.00000000000000e+05 
3.17175491146994e-02 1.00000000000000e+05 
3.19431790117552e-02 1.00000000000000e+05 
3.21697598694099e-02 1.00000000000000e+05 
3.23969117287435e-02 1.00000000000000e+05 
3.26249478121040e-02 1.00000000000000e+05 
3.28534957231683e-02 1.00000000000000e+05 
3.30829659681545e-02 1.00000000000000e+05 
3.33128440198081e-02 1.00000000000000e+05 
3.35439680016819e-02 1.00000000000000e+05 
3.37756744549283e-02 1.00000000000000e+05 
3.40087106470924e-02 1.00000000000000e+05 
3.42424817317529e-02 1.00000000000000e+05 
3.44774540783768e-02 1.00000000000000e+05 
3.47129930517434e-02 1.00000000000000e+05 
3.49494793141800e-02 1.00000000000000e+05 
3.51863704935190e-02 1.00000000000000e+05 
3.54242896423868e-02 1.00000000000000e+05 
3.56628258354351e-02 1.00000000000000e+05 
3.59023927276653e-02 1.00000000000000e+05 
3.61424987342988e-02 1.00000000000000e+05 
3.63834698234843e-02 1.00000000000000e+05 
3.66249894638383e-02 1.00000000000000e+05 
3.68671690329687e-02 1.00000000000000e+05 
3.71099654033979e-02 1.00000000000000e+05 
3.73534944909832e-02 1.00000000000000e+05 
3.75976593172094e-02 1.00000000000000e+05 
3.78426384919000e-02 1.00000000000000e+05 
3.80883307092040e-02 1.00000000000000e+05 
3.83349459976551e-02 1.00000000000000e+05 
3.85823254253414e-02 1.00000000000000e+05 
3.88307409958882e-02 1.00000000000000e+05 
3.90798800203726e-02 1.00000000000000e+05 
3.93300136479606e-02 1.00000000000000e+05 
3.95809116142199e-02 1.00000000000000e+05 
3.98328836785262e-02 1.00000000000000e+05 
4.00855813298672e-02 1.00000000000000e+05 
4.03393895226700e-02 1.00000000000000e+05 
4.05938786344664e-02 1.00000000000000e+05 
4.08495779381508e-02 1.00000000000000e+05 
4.11059685031883e-02 1.00000000000000e+05 
4.13637826614601e-02 1.00000000000000e+05 
4.16222961303130e-02 1.00000000000000e+05 
4.18822212449639e-02 1.00000000000000e+05 
4.21428710343471e-02 1.00000000000000e+05 
4.24048348825661e-02 1.00000000000000e+05 
4.26671190085661e-02 1.00000000000000e+05 
4.29302651457920e-02 1.00000000000000e+05 
4.31937746124726e-02 1.00000000000000e+05 
4.34582169081040e-02 1.00000000000000e+05 
4.37230370262046e-02 1.00000000000000e+05 
4.39888526059591e-02 1.00000000000000e+05 
4.42550517623093e-02 1.00000000000000e+05 
4.45222475423678e-02 1.00000000000000e+05 
4.47897993030723e-02 1.00000000000000e+05 
4.50582459774396e-02 1.00000000000000e+05 
4.53270655116062e-02 1.00000000000000e+05 
4.55968686615228e-02 1.00000000000000e+05 
4.58670822503069e-02 1.00000000000000e+05 
4.61383673514206e-02 1.00000000000000e+05 
4.64101044121811e-02 1.00000000000000e+05 
4.66829974872162e-02 1.00000000000000e+05 
4.69563823107773e-02 1.00000000000000e+05 
4.72309928422154e-02 1.00000000000000e+05 
4.75061288246526e-02 1.00000000000000e+05 
4.77825538113018e-02 1.00000000000000e+05 
4.80595210434826e-02 1.00000000000000e+05 
4.83375997373670e-02 1.00000000000000e+05 
4.86162554461056e-02 1.00000000000000e+05 
4.88961119616521e-02 1.00000000000000e+05 
4.91765631654675e-02 1.00000000000000e+05 
4.94583003263885e-02 1.00000000000000e+05 
4.97407460379426e-02 1.00000000000000e+05 
5.00245830884485e-02 1.00000000000000e+05 
5.03091553724560e-02 1.00000000000000e+05 
5.05951747370007e-02 1.00000000000000e+05 
5.08819595298500e-02 1.00000000000000e+05 
5.11702719261851e-02 1.00000000000000e+05 
5.14594155944085e-02 1.00000000000000e+05 
5.17501432771691e-02 1.00000000000000e+05 
5.20417574702811e-02 1.00000000000000e+05 
5.23343715885569e-02 1.00000000000000e+05 
5.26265410604184e-02 1.00000000000000e+05 
5.29193933552327e-02 1.00000000000000e+05 
5.32117719737079e-02 1.00000000000000e+05 
5.35049265974775e-02 1.00000000000000e+05 
5.37975907144962e-02 1.00000000000000e+05 
5.40910840712852e-02 1.00000000000000e+05 
5.43841086931511e-02 1.00000000000000e+05 
5.46779928103061e-02 1.00000000000000e+05 
5.49712824859275e-02 1.00000000000000e+05 
5.52655300711291e-02 1.00000000000000e+05 
5.55595588547717e-02 1.00000000000000e+05 
5.58544204710074e-02 1.00000000000000e+05 
5.61490992901071e-02 1.00000000000000e+05 
5.64444788847574e-02 1.00000000000000e+05 
5.67396099972495e-02 1.00000000000000e+05 
5.70354518705359e-02 1.00000000000000e+05 
5.73310048744431e-02 1.00000000000000e+05 
5.76271806220798e-02 1.00000000000000e+05 
5.79232245749280e-02 1.00000000000000e+05 
5.82195957521753e-02 1.00000000000000e+05 
5.85158911710642e-02 1.00000000000000e+05 
5.88125425354140e-02 1.00000000000000e+05 
5.91091001709003e-02 1.00000000000000e+05 
5.94061101068946e-02 1.00000000000000e+05 
5.97030293660867e-02 1.00000000000000e+05 
6.00005229383056e-02 1.00000000000000e+05 
6.02969392970179e-02 1.00000000000000e+05 
6.05924838352066e-02 1.00000000000000e+05 
6.08865386513081e-02 1.00000000000000e+05 
6.11802757206362e-02 1.00000000000000e+05 
6.14732068223529e-02 1.00000000000000e+05 
6.17663555232438e-02 1.00000000000000e+05 
6.20592539071991e-02 1.00000000000000e+05 
6.23524670175585e-02 1.00000000000000e+05 
6.26455141974275e-02 1.00000000000000e+05 
6.29391356617769e-02 1.00000000000000e+05 
6.32328216598931e-02 1.00000000000000e+05 
6.35272034488707e-02 1.00000000000000e+05 
6.38217849414350e-02 1.00000000000000e+05 
6.41170688270915e-02 1.00000000000000e+05 
6.44125910413347e-02 1.00000000000000e+05 
6.47087186894233e-02 1.00000000000000e+05 
6.50052019681221e-02 1.00000000000000e+05 
6.53020742646717e-02 1.00000000000000e+05 
6.55994393249767e-02 1.00000000000000e+05 
6.58971222421356e-02 1.00000000000000e+05 
6.61953003352637e-02 1.00000000000000e+05 
6.64937992083606e-02 1.00000000000000e+05 
6.67927934745752e-02 1.00000000000000e+05 
6.70921264140448e-02 1.00000000000000e+05 
6.73919235721715e-02 1.00000000000000e+05 
6.76920213107938e-02 1.00000000000000e+05 
6.79922848721675e-02 1.00000000000000e+05 
6.82925713549719e-02 1.00000000000000e+05 
6.85926621061032e-02 1.00000000000000e+05 
6.88928082972988e-02 1.00000000000000e+05 
6.91926964241231e-02 1.00000000000000e+05 
6.94926471188565e-02 1.00000000000000e+05 
6.97922580561014e-02 1.00000000000000e+05 
7.00919217851374e-02 1.00000000000000e+05 
7.03911657717796e-02 1.00000000000000e+05 
7.06904723715372e-02 1.00000000000000e+05 
7.09892951867775e-02 1.00000000000000e+05 
7.12882193181688e-02 1.00000000000000e+05 
7.15865662159426e-02 1.00000000000000e+05 
7.18851055768416e-02 1.00000000000000e+05 
7.21831164306888e-02 1.00000000000000e+05 
7.24815160028576e-02 1.00000000000000e+05 
7.27795379835887e-02 1.00000000000000e+05 
7.30781451486204e-02 1.00000000000000e+05 
7.33764680324726e-02 1.00000000000000e+05 
7.36754620732137e-02 1.00000000000000e+05 
7.39742956988937e-02 1.00000000000000e+05 
7.42738616636892e-02 1.00000000000000e+05 
7.45731711213613e-02 1.00000000000000e+05 
7.48733430973029e-02 1.00000000000000e+05 
7.51733066254077e-02 1.00000000000000e+05 
7.54741661552756e-02 1.00000000000000e+05 
7.57747962580373e-02 1.00000000000000e+05 
7.60763831731730e-02 1.00000000000000e+05 
7.63777802083505e-02 1.00000000000000e+05 
7.66798546825964e-02 1.00000000000000e+05 
7.69817267440229e-02 1.00000000000000e+05 
7.72841810047093e-02 1.00000000000000e+05 
7.75860555991798e-02 1.00000000000000e+05 
7.78878601670123e-02 1.00000000000000e+05 
7.81889358779351e-02 1.00000000000000e+05 
7.84897875646346e-02 1.00000000000000e+05 
7.87897462511971e-02 1.00000000000000e+05 
7.90893395379219e-02 1.00000000000000e+05 
7.93879196766409e-02 1.00000000000000e+05 
7.96860608893223e-02 1.00000000000000e+05 
7.99831852542218e-02 1.00000000000000e+05 
8.02798990713109e-02 1.00000000000000e+05 
8.05757135909461e-02 1.00000000000000e+05 
8.08712316573744e-02 1.00000000000000e+05 
8.11660142112386e-02 1.00000000000000e+05 
8.14606340564745e-02 1.00000000000000e+05 
8.17547170126965e-02 1.00000000000000e+05 
8.20487790352905e-02 1.00000000000000e+05 
8.23424892522393e-02 1.00000000000000e+05 
8.26363156341879e-02 1.00000000000000e+05 
8.29299571869397e-02 1.00000000000000e+05 
8.32238477646917e-02 1.00000000000000e+05 
8.35176769521297e-02 1.00000000000000e+05 
8.38118352738247e-02 1.00000000000000e+05 
8.41059979630815e-02 1.00000000000000e+05 
8.44003722115852e-02 1.00000000000000e+05 
8.46948596748110e-02 1.00000000000000e+05 
8.49894579308195e-02 1.00000000000000e+05 
8.52841627894696e-02 1.00000000000000e+05 
8.55789873904524e-02 1.00000000000000e+05 
8.58739033472638e-02 1.00000000000000e+05 
8.61689128128382e-02 1.00000000000000e+05 
8.64639848979472e-02 1.00000000000000e+05 
8.67591349157376e-02 1.00000000000000e+05 
8.70543133034049e-02 1.00000000000000e+05 
8.73495555677259e-02 1.00000000000000e+05 
8.76448005761293e-02 1.00000000000000e+05 
8.79401291291053e-02 1.00000000000000e+05 
8.82354617644745e-02 1.00000000000000e+05 
8.85309389181359e-02 1.00000000000000e+05 
8.88264402396512e-02 1.00000000000000e+05 
8.91221574261120e-02 1.00000000000000e+05 
8.94179279628152e-02 1.00000000000000e+05 
8.97139932620817e-02 1.00000000000000e+05 
9.00101502558244e-02 1.00000000000000e+05 
9.03066258329016e-02 1.00000000000000e+05 
9.06032785783271e-02 1.00000000000000e+05 
9.09001883020494e-02 1.00000000000000e+05 
9.11973787677536e-02 1.00000000000000e+05 
9.14948359097704e-02 1.00000000000000e+05 
9.17926209398872e-02 1.00000000000000e+05 
9.20907249836023e-02 1.00000000000000e+05 
9.23891822357289e-02 1.00000000000000e+05 
9.26879882687836e-02 1.00000000000000e+05 
9.29871767012744e-02 1.00000000000000e+05 
9.32867384242875e-02 1.00000000000000e+05 
9.35867001179344e-02 1.00000000000000e+05 
9.38869911746909e-02 1.00000000000000e+05 
9.41877073619709e-02 1.00000000000000e+05 
9.44887152641416e-02 1.00000000000001e+05 
9.47901505810472e-02 1.00000000000001e+05 
9.50918353906136e-02 1.00000000000001e+05 
9.53939177835223e-02 1.00000000000002e+05 
9.56962053413789e-02 1.00000000000002e+05 
9.59988261852194e-02 1.00000000000003e+05 
9.63016091946420e-02 1.00000000000004e+05 
9.66046382408269e-02 1.00000000000004e+05 
9.69077747813041e-02 1.00000000000005e+05 
9.72110643058944e-02 1.00000000000006e+05 
9.75143896590761e-02 1.00000000000011e+05 
9.78177240798002e-02 1.00000000000015e+05 
9.81210018992433e-02 1.00000000000025e+05 
9.84241136808718e-02 1.00000000000034e+05 
9.87270474816068e-02 1.00000000000047e+05 
9.90295896027171e-02 1.00000000000061e+05 
9.93318699226584e-02 1.00000000000078e+05 
9.96335637272685e-02 1.00000000000044e+05 
9.99348965531441e-02 1.00000000000014e+05 
1.00235472113128e-01 9.99999999999941e+04 
1.00535639493211e-01 9.99999999999882e+04 
1.00835007156755e-01 9.99999999999941e+04 
1.01133966270631e-01 1.00000000000028e+05 
1.01432117834481e-01 1.00000000000084e+05 
1.01729913713950e-01 1.00000000000170e+05 
1.02026936384196e-01 1.00000000000276e+05 
1.02323666322328e-01 1.00000000000394e+05 
1.02619692363726e-01 1.00000000000515e+05 
1.02915413192348e-01 1.00000000000615e+05 
1.03210557447713e-01 1.00000000000698e+05 
1.03505427376640e-01 1.00000000000755e+05 
1.03799812627643e-01 1.00000000000853e+05 
1.04093996548139e-01 1.00000000000953e+05 
1.04387772934896e-01 1.00000000003546e+05 
1.04681403419930e-01 1.00000000030200e+05 
1.04974648238789e-01 1.00000000091721e+05 
1.05267220777933e-01 1.00000000181617e+05 
1.05559267560746e-01 1.00000000275832e+05 
1.05850385746058e-01 1.00000000380743e+05 
1.06140780662407e-01 1.00000000483553e+05 
1.06430130120316e-01 1.00000000582353e+05 
1.06718553579545e-01 1.00000000645445e+05 
1.07005856866837e-01 1.00000000703929e+05 
1.07291907475325e-01 1.00000000764850e+05 
1.07577070943352e-01 1.00000000813474e+05 
1.07861354701905e-01 1.00000000827750e+05 
1.08145484631544e-01 1.00000000882100e+05 
1.08428989181734e-01 1.00214126459784e+05 
1.08712022156576e-01 1.01356236420515e+05 
1.08994665406186e-01 1.03864938792457e+05 
1.09276947352025e-01 1.08257510602583e+05 
1.09558398945302e-01 1.14175802265836e+05 
1.09839480844862e-01 1.21372130440597e+05 
1.10120011437518e-01 1.29058706481276e+05 
1.10400294282239e-01 1.36523557201192e+05 
1.10680286339779e-01 1.43805832038710e+05 
1.10960171866584e-01 1.48656790846358e+05 
1.11239981052026e-01 1.51619737825867e+05 
1.11519870625179e-01 1.52645007260991e+05 
1.11799825710759e-01 1.52475352513022e+05 
1.12079936072385e-01 1.52190513919066e+05 
1.12360169148159e-01 1.51735554359445e+05 
1.12640600001257e-01 1.51098919594553e+05 
1.12921198037318e-01 1.50219453865080e+05 
1.13202017346390e-01 1.49198195497687e+05 
1.13483050866330e-01 1.48085491753373e+05 
1.13764315463754e-01 1.46934944697735e+05 
1.14045825383825e-01 1.45778531097155e+05 
1.14327555282794e-01 1.44652734745659e+05 
1.14609591149668e-01 1.43561327170484e+05 
1.14891816682042e-01 1.42518534213204e+05 
1.15174435652250e-01 1.41516528031608e+05 
1.15457178650383e-01 1.40559525061156e+05 
1.15740330701961e-01 1.39638047076069e+05 
1.16023575915312e-01 1.38754520771424e+05 
1.16307244939961e-01 1.37900354553333e+05 
1.16591012543993e-01 1.37078764537741e+05 
1.16875218454089e-01 1.36286928334682e+05 
1.17159529082110e-01 1.35530621825899e+05 
1.17444137099302e-01 1.34809546356851e+05 
1.17728824616318e-01 1.34132084658507e+05 
1.18013841499008e-01 1.33497961417920e+05 
1.18298943427677e-01 1.32912843198576e+05 
1.18584419461484e-01 1.32376592503096e+05 
1.18869979025019e-01 1.31890233260429e+05 
1.19155959704114e-01 1.31448140837666e+05 
1.19442043290609e-01 1.31051883688146e+05 
1.19728557748750e-01 1.30692645129144e+05 
1.20015159281655e-01 1.30364067642170e+05 
1.20302068147666e-01 1.30055212624963e+05 
1.20589052799585e-01 1.29757409991450e+05 
1.20875652680683e-01 1.29460464431995e+05 
1.21162227763432e-01 1.29154161579637e+05 
1.21448325520553e-01 1.28829634315520e+05 
1.21734285458711e-01 1.28481594064068e+05 
1.22019671318823e-01 1.28105171625221e+05 
1.22307622212617e-01 1.27692872901520e+05 
1.22595736102475e-01 1.27245567645397e+05 
1.22883714609357e-01 1.26765152175469e+05 
1.23171357124852e-01 1.26253413675998e+05 
1.23458763458247e-01 1.25713030266421e+05 
1.23744871075209e-01 1.25149149751719e+05 
1.24030705591356e-01 1.24565396768406e+05 
1.24315307756749e-01 1.23967270345693e+05 
1.24599668202998e-01 1.23358466554129e+05 
1.24882908651370e-01 1.22745265371502e+05 
1.25165986511781e-01 1.22133836027140e+05 
1.25448070494530e-01 1.21527165635004e+05 
1.25731383937371e-01 1.20932648095714e+05 
1.26013731381498e-01 1.20354676467441e+05 
1.26295948675820e-01 1.19794069926104e+05 
1.26577251918476e-01 1.19248127040551e+05 
1.26858498583068e-01 1.18711327844601e+05 
1.27138848925998e-01 1.18187502658733e+05 
1.27419175999109e-01 1.17688571448454e+05 
1.27698660687535e-01 1.17221234786947e+05 
1.27978170236467e-01 1.16791680724898e+05 
1.28256939868388e-01 1.16406644742507e+05 
1.28535761013266e-01 1.16061356828939e+05 
1.28813952935957e-01 1.15751241522293e+05 
1.29093349387786e-01 1.15472863846062e+05 
1.29372181098410e-01 1.15224411587628e+05 
1.29651082058355e-01 1.15001218040170e+05 
1.29929450717010e-01 1.14798924797718e+05 
1.30207990894481e-01 1.14612861649044e+05 
1.30485973047538e-01 1.14439078907093e+05 
1.30763996781990e-01 1.14272764884276e+05 
1.31041544337296e-01 1.14109823282210e+05 
1.31319177326259e-01 1.13946355194296e+05 
1.31596418433162e-01 1.13779244028853e+05 
1.31873771210326e-01 1.13605662761706e+05 
1.32150787340949e-01 1.13423565836756e+05 
1.32427940902603e-01 1.13231161946880e+05 
1.32705741951587e-01 1.13027095697297e+05 
1.32983609030242e-01 1.12811411168631e+05 
1.33261239863412e-01 1.12584282648145e+05 
1.33538858030351e-01 1.12345987656941e+05 
1.33816202753132e-01 1.12097351276218e+05 
1.34093436146194e-01 1.11838903784748e+05 
1.34370463863554e-01 1.11571810035678e+05 
1.34647437738759e-01 1.11297176159612e+05 
1.34924238859115e-01 1.11016296521048e+05 
1.35200999928679e-01 1.10730256023595e+05 
1.35478167081669e-01 1.10439655686775e+05 
1.35755248498421e-01 1.10146163381896e+05 
1.36032087552186e-01 1.09850591595265e+05 
1.36308748112116e-01 1.09553674144335e+05 
1.36585054692958e-01 1.09256200122778e+05 
1.36861133269581e-01 1.08958695941832e+05 
1.37136793955077e-01 1.08661812979410e+05 
1.37412205181722e-01 1.08365898276864e+05 
1.37687166972418e-01 1.08071489806472e+05 
1.37961794471772e-01 1.07778809913657e+05 
1.38235956200135e-01 1.07487959702317e+05 
1.38509865645662e-01 1.07198876188691e+05 
1.38783312891242e-01 1.06911387443209e+05 
1.39056674587869e-01 1.06624647444415e+05 
1.39329733238588e-01 1.06340065009839e+05 
1.39602927834784e-01 1.06054910233030e+05 
1.39875968886409e-01 1.05769855293595e+05 
1.40149159108978e-01 1.05485271677360e+05 
1.40422238473742e-01 1.05202123062844e+05 
1.40695439231811e-01 1.04920931710951e+05 
1.40968644223518e-01 1.04641302415680e+05 
1.41242016984346e-01 1.04361940889414e+05 
1.41515476931375e-01 1.04081832487016e+05 
1.41789112464068e-01 1.03801264200399e+05 
1.42062896577592e-01 1.03519971651469e+05 
1.42336834207221e-01 1.03237662266070e+05 
1.42610861938036e-01 1.02953509811909e+05 
1.42885018365815e-01 1.02667728407972e+05 
1.43159350463809e-01 1.02379859102334e+05 
1.43433817554962e-01 1.02089871660163e+05 
1.43708492048569e-01 1.01797716008558e+05 
1.43983313772445e-01 1.01503295205652e+05 
1.44258392469955e-01 1.01207527966595e+05 
1.44533635815915e-01 1.00910542576094e+05 
1.44809129667836e-01 1.00611635087712e+05 
1.45084765050206e-01 1.00314532330912e+05 
1.45360650193987e-01 1.00019711785596e+05 
1.45636655200746e-01 9.97256232791535e+04 
1.45912920690555e-01 9.94352143112485e+04 
1.46189330259265e-01 9.91486617890544e+04 
1.46465977682945e-01 9.88727671428405e+04 
1.46742690215956e-01 9.86113675279429e+04 
1.47019563647566e-01 9.83511609129162e+04 
1.47296493737198e-01 9.81216285183497e+04 
1.47573503558178e-01 9.79149963164483e+04 
1.47850550327717e-01 9.77250370693073e+04 
1.48127660913320e-01 9.75642148333373e+04 
1.48404838461902e-01 9.73961282448710e+04 
1.48682094294824e-01 9.72263443669512e+04 
1.48959397976353e-01 9.70683440637308e+04 
1.49236762889804e-01 9.69326920811389e+04 
1.49514147289869e-01 9.68351364414041e+04 
1.49791559860134e-01 9.67871422660708e+04 
1.50068973387832e-01 9.67822436051180e+04 
1.50347028767010e-01 9.68350779648537e+04 
1.50625097016539e-01 9.69389306309651e+04 
1.50903259915260e-01 9.70999358216394e+04 
1.51181338648501e-01 9.73374715770864e+04 
1.51459508021121e-01 9.76339077601325e+04 
1.51737621033792e-01 9.79836596450338e+04 
1.52015850607622e-01 9.83545079229391e+04 
1.52294077188678e-01 9.87871114057622e+04 
1.52572378701661e-01 9.92858584761276e+04 
1.52850640584931e-01 9.98683949406774e+04 
1.53128969815163e-01 1.00516286950713e+05 
1.53407282738694e-01 1.01212242826541e+05 
1.53685680301644e-01 1.01939665804651e+05 
1.53964090704309e-01 1.02672990740399e+05 
1.54242965030058e-01 1.03383163362126e+05 
1.54521895527736e-01 1.04045930766437e+05 
1.54800966515313e-01 1.04633172652885e+05 
1.55080019532076e-01 1.05139061323860e+05 
1.55359183205448e-01 1.05494835553347e+05 
1.55638358682641e-01 1.05674556432737e+05 
1.55917641852121e-01 1.05711547103039e+05 
1.56196975622782e-01 1.05680515585664e+05 
1.56476393869542e-01 1.05626719751372e+05 
1.56755838996346e-01 1.05542086597376e+05 
1.57035374996371e-01 1.05432053199365e+05 
1.57314943054239e-01 1.05295304411456e+05 
1.57594543957643e-01 1.05133109431894e+05 
1.57874104889519e-01 1.04963063534325e+05 
1.58153635341340e-01 1.04788275370978e+05 
1.58435864488216e-01 1.04605468579439e+05 
1.58718074983942e-01 1.04445737380939e+05 
1.59000173235352e-01 1.04304375317690e+05 
1.59282203568607e-01 1.04178173009158e+05 
1.59564018537222e-01 1.04070747847449e+05 
1.59845669670233e-01 1.03964690389752e+05 
1.60127015876978e-01 1.03870509205951e+05 
1.60408108654734e-01 1.03798470152562e+05 
1.60688837787615e-01 1.03760170722750e+05 
1.60969267095947e-01 1.03756365311647e+05 
1.61249696151375e-01 1.03774974458128e+05 
1.61529874661590e-01 1.03812282237434e+05 
1.61809568681209e-01 1.03861943393324e+05 
1.62088992618958e-01 1.03917771303266e+05 
1.62367876121428e-01 1.03972057908073e+05 
1.62646439439070e-01 1.04019524692251e+05 
1.62924432214197e-01 1.04054589433296e+05 
1.63202091648823e-01 1.04074626961469e+05 
1.63479245494600e-01 1.04072461183186e+05 
1.63756116161920e-01 1.04046961876875e+05 
1.64032579519600e-01 1.04004272134840e+05 
1.64308829431586e-01 1.03924916479256e+05 
1.64584772366541e-01 1.03815661775567e+05 
1.64860587874901e-01 1.03687949677943e+05 
1.65136189569321e-01 1.03534249633512e+05 
1.65411754482798e-01 1.03381893975910e+05 
1.65687172607288e-01 1.03227604246716e+05 
1.65962646394701e-01 1.03065378676097e+05 
1.66238043288661e-01 1.02891778340139e+05 
1.66513575183311e-01 1.02702605573683e+05 
1.66789094770959e-01 1.02495867715346e+05 
1.67064792153835e-01 1.02275570189608e+05 
1.67340201887396e-01 1.02045013572244e+05 
1.67615562805719e-01 1.01805855242515e+05 
1.67891026795350e-01 1.01560758308371e+05 
1.68166564339049e-01 1.01312169446042e+05 
1.68443000009866e-01 1.01062182187135e+05 
1.68719829742213e-01 1.00813351353709e+05 
1.68996767085225e-01 1.00567534454354e+05 
1.69274107087920e-01 1.00325702949219e+05 
1.69551563928812e-01 1.00089024677724e+05 
1.69829420645986e-01 9.98579053966002e+04 
1.70107394274337e-01 9.96329757833291e+04 
1.70385754047505e-01 9.94141990150789e+04 
1.70664209230736e-01 9.92017164151142e+04 
1.70943025107215e-01 9.89950621028692e+04 
1.71221941863565e-01 9.87939569368435e+04 
1.71501174318285e-01 9.85976987152245e+04 
1.71780512163425e-01 9.84058602074348e+04 
1.72060165521625e-01 9.82177972976513e+04 
1.72339925798682e-01 9.80331969965624e+04 
1.72620000817347e-01 9.78517149377236e+04 
1.72900176270524e-01 9.76734605710886e+04 
1.73180646858721e-01 9.74987453291068e+04 
1.73461202798358e-01 9.73281870853700e+04 
1.73742029594781e-01 9.71629116981588e+04 
1.74022934907442e-01 9.70049999591120e+04 
1.74304086565964e-01 9.68572970324867e+04 
1.74585297139160e-01 9.67225638939635e+04 
1.74866774905000e-01 9.66058610420535e+04 
1.75148342759156e-01 9.65013255273765e+04 
1.75430111760731e-01 9.64336402042690e+04 
1.75711942838279e-01 9.63920277693119e+04 
1.75993935610173e-01 9.63689731039441e+04 
1.76275931621047e-01 9.63660358747147e+04 
1.76558024790936e-01 9.63747705596243e+04 
1.76840037904118e-01 9.64041199917858e+04 
1.77122034486658e-01 9.64682917836796e+04 
1.77403830104837e-01 9.65688668592009e+04 
1.77685534176302e-01 9.66972992824249e+04 
1.77966948224565e-01 9.68532137116387e+04 
1.78248152024206e-01 9.70323522644989e+04 
1.78528951622523e-01 9.72285899573686e+04 
1.78809422576763e-01 9.74338074654813e+04 
1.79089401992192e-01 9.76390631728500e+04 
1.79368957817415e-01 9.78370110443653e+04 
1.79647953474685e-01 9.80241341998263e+04 
1.79926481597497e-01 9.81814936533712e+04 
1.80204431898415e-01 9.83017888503136e+04 
1.80481914072578e-01 9.83899494340696e+04 
1.80758838542648e-01 9.84228424440176e+04 
1.81035346472855e-01 9.84105371677496e+04 
1.81311361172636e-01 9.83779954919623e+04 
1.81587044019937e-01 9.83413604857594e+04 
1.81862683472162e-01 9.82889072048307e+04 
1.82137946086862e-01 9.82117005984490e+04 
1.82412907045016e-01 9.81042289182875e+04 
1.82687618792503e-01 9.79764848488716e+04 
1.82962136533675e-01 9.78279383501711e+04 
1.83236516250080e-01 9.76589800757556e+04 
1.83510707956031e-01 9.74748009426456e+04 
1.83784868360207e-01 9.72782602455850e+04 
1.84058892696307e-01 9.70717764320738e+04 
1.84332955379474e-01 9.68584581533617e+04 
1.84606953407992e-01 9.66407821094596e+04 
1.84881028317686e-01 9.64209626644438e+04 
1.85155072965549e-01 9.62012252630386e+04 
1.85429208369462e-01 9.59830175851293e+04 
1.85703305543866e-01 9.57678121846270e+04 
1.85977263293516e-01 9.55566638731017e+04 
1.86250764284829e-01 9.53506310541730e+04 
1.86523740912277e-01 9.51500670561958e+04 
1.86796524207331e-01 9.49553680292542e+04 
1.87068744719397e-01 9.47667256487143e+04 
1.87339904703782e-01 9.45845297635725e+04 
1.87610050519977e-01 9.44089088700894e+04 
1.87879245799619e-01 9.42387181539076e+04 
1.88147594822039e-01 9.40743368494486e+04 
1.88415231350999e-01 9.39155988495252e+04 
1.88682252876739e-01 9.37618680323570e+04 
1.88948811834094e-01 9.36133633052432e+04 
1.89215019164217e-01 9.34715664704513e+04 
1.89481291140860e-01 9.33297464782764e+04 
1.89747230503552e-01 9.31896099741251e+04 
1.90012828698849e-01 9.30525337126975e+04 
1.90278111144960e-01 9.29196440956463e+04 
1.90542979980909e-01 9.27900076263924e+04 
1.90807634505268e-01 9.26627695295482e+04 
1.91072014435590e-01 9.25378282178424e+04 
1.91336136083704e-01 9.24151867835589e+04 
1.91600111272124e-01 9.22943033669272e+04 
1.91863957778303e-01 9.21748105186353e+04 
1.92127749545601e-01 9.20564536187310e+04 
1.92391375069946e-01 9.19389094291229e+04 
1.92655029333532e-01 9.18220538766446e+04 
1.92918658441476e-01 9.17057477759259e+04 
1.93182469892186e-01 9.15898852788941e+04 
1.93446374139434e-01 9.14745854382293e+04 
1.93710518193464e-01 9.13600079457249e+04 
1.93974853756759e-01 9.12464678139215e+04 
1.94239467406359e-01 9.11343268286798e+04 
1.94504315862900e-01 9.10240034782593e+04 
1.94769462380750e-01 9.09161270973143e+04 
1.95034870851468e-01 9.08111907909362e+04 
1.95300580963629e-01 9.07098035902510e+04 
1.95566561319253e-01 9.06126123628162e+04 
1.95832836298806e-01 9.05197903999070e+04 
1.96099032043070e-01 9.04326461152322e+04 
1.96365676463436e-01 9.03515105691885e+04 
1.96632432008266e-01 9.02765246901521e+04 
1.96899457564638e-01 9.02083752504292e+04 
1.97166616200974e-01 9.01476917701110e+04 
1.97434057078312e-01 9.00934769258140e+04 
1.97701699421054e-01 9.00481642376856e+04 
1.97969632849221e-01 9.00116206079511e+04 
1.98237801928612e-01 8.99825911276071e+04 
1.98506276114084e-01 8.99600757337283e+04 
1.98775013233552e-01 8.99410367481548e+04 
1.99044076346727e-01 8.99259800012129e+04 
1.99313430099503e-01 8.99167470218398e+04 
1.99583130434491e-01 8.99129159809639e+04 
1.99853152322092e-01 8.99162293525807e+04 
2.00123480612151e-01 8.99254104004459e+04 
