# Liste des scalaires : TEMPS pmat 
0.00000000000000e+00 1.00000000000000e+05 
7.22956891292051e-05 1.00000000000000e+05 
1.39473830159790e-04 1.00000000000000e+05 
2.09658797050094e-04 1.00000000000000e+05 
2.76117114236737e-04 1.00000000000000e+05 
3.20638761908130e-04 1.00000000000000e+05 
3.55139419127679e-04 1.00000000000000e+05 
3.84466703006959e-04 1.00000000000000e+05 
4.10882456555362e-04 1.00000000000000e+05 
4.35440253196339e-04 1.00000000000000e+05 
4.62453829501415e-04 1.00000000000000e+05 
4.92168763436997e-04 1.00000000000000e+05 
5.24855190766139e-04 1.00000000000000e+05 
5.60810260828194e-04 1.00000000000000e+05 
6.00360837896455e-04 1.00000000000000e+05 
6.43866472671541e-04 1.00000000000000e+05 
6.91722670924137e-04 1.00000000000000e+05 
7.44364489001992e-04 1.00000000000000e+05 
8.02270488887633e-04 1.00000000000000e+05 
8.65967088761837e-04 1.00000000000000e+05 
9.36033348623463e-04 1.00000000000000e+05 
1.01310623447125e-03 1.00000000000000e+05 
1.09788640890382e-03 1.00000000000000e+05 
1.19114460077964e-03 1.00000000000000e+05 
1.28874595967994e-03 1.00000000000000e+05 
1.39427742078088e-03 1.00000000000000e+05 
1.50221628787624e-03 1.00000000000000e+05 
1.61553425737482e-03 1.00000000000000e+05 
1.73457348070833e-03 1.00000000000000e+05 
1.85733677968624e-03 1.00000000000000e+05 
1.98616223838882e-03 1.00000000000000e+05 
2.11872938704638e-03 1.00000000000000e+05 
2.25541689819673e-03 1.00000000000000e+05 
2.39772133018684e-03 1.00000000000000e+05 
2.54485627309101e-03 1.00000000000000e+05 
2.69657390129208e-03 1.00000000000000e+05 
2.85238267869178e-03 1.00000000000000e+05 
3.01245336052039e-03 1.00000000000000e+05 
3.17812497446097e-03 1.00000000000000e+05 
3.34903914085925e-03 1.00000000000000e+05 
3.52550659026287e-03 1.00000000000000e+05 
3.70726992321353e-03 1.00000000000000e+05 
3.89587589613559e-03 1.00000000000000e+05 
4.08975108537148e-03 1.00000000000000e+05 
4.28959471140184e-03 1.00000000000000e+05 
4.49516060408385e-03 1.00000000000000e+05 
4.70839016598722e-03 1.00000000000000e+05 
4.92856382960966e-03 1.00000000000000e+05 
5.15483884145731e-03 1.00000000000000e+05 
5.38810296190480e-03 1.00000000000000e+05 
5.62716630832463e-03 1.00000000000000e+05 
5.87020911792034e-03 1.00000000000000e+05 
6.12048301668665e-03 1.00000000000000e+05 
6.37286594506245e-03 1.00000000000000e+05 
6.63255281660178e-03 1.00000000000000e+05 
6.89402258475555e-03 1.00000000000000e+05 
7.16407888326969e-03 1.00000000000000e+05 
7.43688358986505e-03 1.00000000000000e+05 
7.71367443739144e-03 1.00000000000000e+05 
7.99348750691610e-03 1.00000000000000e+05 
8.27643828736925e-03 1.00000000000000e+05 
8.55454911876723e-03 1.00000000000000e+05 
8.82661670676082e-03 1.00000000000000e+05 
9.09404080755289e-03 1.00000000000000e+05 
9.35767668944133e-03 1.00000000000000e+05 
9.61798037555156e-03 1.00000000000000e+05 
9.87429028728360e-03 1.06169951260272e+05 
1.01273057754230e-02 1.81615436250302e+05 
1.03777988105473e-02 3.35429397707390e+05 
1.06257698034266e-02 4.46086787900187e+05 
1.08546910881094e-02 4.54361304183669e+05 
1.10598054048108e-02 4.46961901308648e+05 
1.12525637595040e-02 4.25848574302111e+05 
1.14374334453364e-02 3.95582666485824e+05 
1.16158415277505e-02 3.67016578459427e+05 
1.17891840582187e-02 3.42723767921569e+05 
1.19583450318160e-02 3.22976334685367e+05 
1.21237108607605e-02 3.07263049378090e+05 
1.22863814425785e-02 2.95278758722329e+05 
1.24465578775140e-02 2.86044775741615e+05 
1.26053009090760e-02 2.78598752013000e+05 
1.27628962673492e-02 2.72159571072339e+05 
1.29203682601929e-02 2.66188351357072e+05 
1.30778979541363e-02 2.60362941242756e+05 
1.32360151286003e-02 2.54460718559103e+05 
1.33949161516576e-02 2.48406653703785e+05 
1.35550249601346e-02 2.42194104813221e+05 
1.37171356258498e-02 2.35862502477944e+05 
1.38812792783536e-02 2.29496033415911e+05 
1.40482316494892e-02 2.23161768535682e+05 
1.42179218589587e-02 2.16947662691684e+05 
1.43909554067237e-02 2.10894852741721e+05 
1.45671317970516e-02 2.05058573543140e+05 
1.47468963591116e-02 1.99442993952300e+05 
1.49299039270311e-02 1.94071811445482e+05 
1.51164616254697e-02 1.88927437783382e+05 
1.53060857170891e-02 1.84014877465075e+05 
1.54989802222388e-02 1.79308236140045e+05 
1.56943417714703e-02 1.74811127845195e+05 
1.58927179363552e-02 1.70490540939370e+05 
1.60932360226091e-02 1.66351780347484e+05 
1.62960149400095e-02 1.62377682279127e+05 
1.65003545196427e-02 1.58571487869943e+05 
1.67063860240081e-02 1.54921109438443e+05 
1.69134359943372e-02 1.51430400758081e+05 
1.71215394260742e-02 1.48091547253945e+05 
1.73303180549291e-02 1.44903271435851e+05 
1.75397275367342e-02 1.41859637421847e+05 
1.77495338281821e-02 1.38957101168966e+05 
1.79588778713063e-02 1.36200581358435e+05 
1.81632141302752e-02 1.33639522986881e+05 
1.83563495585156e-02 1.31330861537537e+05 
1.85350654997474e-02 1.29288894574176e+05 
1.87033348889917e-02 1.27446025382537e+05 
1.88655209132558e-02 1.25740249963846e+05 
1.90248811771078e-02 1.24127502467598e+05 
1.91806392410684e-02 1.22611240722386e+05 
1.93330518146362e-02 1.21179139117951e+05 
1.94844472306591e-02 1.19803049855128e+05 
1.96354513032016e-02 1.18471911499417e+05 
1.97874716702856e-02 1.17170024594932e+05 
1.99407659905747e-02 1.15905543614381e+05 
2.00949666065795e-02 1.14655565631868e+05 
2.02488759419324e-02 1.13430228021276e+05 
2.04037371944736e-02 1.12217190001563e+05 
2.05594700231458e-02 1.11025542618758e+05 
2.07169731541496e-02 1.09837056032744e+05 
2.08761027526333e-02 1.08669068919347e+05 
2.10375370901540e-02 1.07493122246528e+05 
2.12011123683405e-02 1.06343860174839e+05 
2.13673115489255e-02 1.05207283502387e+05 
2.15349492373893e-02 1.04086440148953e+05 
2.17033895071897e-02 1.02992272683546e+05 
2.18726938847953e-02 1.01985976068847e+05 
2.20433339591396e-02 1.00976671363518e+05 
2.22153209194464e-02 9.99545081128281e+04 
2.23890663125276e-02 9.90613328800505e+04 
2.25644988369808e-02 9.91923238780652e+04 
2.27419496121743e-02 1.00904846197734e+05 
2.29213344142665e-02 1.04872916936366e+05 
2.31019821667635e-02 1.11509417909839e+05 
2.32831638190471e-02 1.20649542255172e+05 
2.34653390539363e-02 1.31406530067403e+05 
2.36484775336368e-02 1.42269388616688e+05 
2.38329713041355e-02 1.52600716856966e+05 
2.40187767575057e-02 1.62144858048314e+05 
2.42062319218674e-02 1.68683204922372e+05 
2.43952464891655e-02 1.71988800274453e+05 
2.45860389831482e-02 1.72530571361778e+05 
2.47775580727553e-02 1.69836236516644e+05 
2.49699668589610e-02 1.66919818668771e+05 
2.51632764041641e-02 1.64041923071749e+05 
2.53578437076638e-02 1.61056051955219e+05 
2.55536103426939e-02 1.57840787480481e+05 
2.57508233310020e-02 1.54606615475688e+05 
2.59493624271354e-02 1.51333214038675e+05 
2.61494589885829e-02 1.48070817214744e+05 
2.63510030401169e-02 1.44859103519449e+05 
2.65536435379036e-02 1.41728701456057e+05 
2.67571915675517e-02 1.38728135880335e+05 
2.69618873355445e-02 1.35865853512589e+05 
2.71675868229073e-02 1.33169938302958e+05 
2.73745250135335e-02 1.30611365509050e+05 
2.75825905032706e-02 1.28198292160855e+05 
2.77919295501740e-02 1.25897930684342e+05 
2.80024208538120e-02 1.23655134730427e+05 
2.82140366426045e-02 1.21554837616394e+05 
2.84266715226112e-02 1.19569376662009e+05 
2.86404279422836e-02 1.17671303084678e+05 
2.88549793862095e-02 1.15850574739806e+05 
2.90704307819451e-02 1.14100109755020e+05 
2.92866536196951e-02 1.12485257368452e+05 
2.95037813694166e-02 1.10866960329360e+05 
2.97216351900839e-02 1.09262221055137e+05 
2.99403060892816e-02 1.07774113021468e+05 
3.01597200482573e-02 1.06448754668133e+05 
3.03799981752293e-02 1.05240564500588e+05 
3.06009697728714e-02 1.04263376860644e+05 
3.08228360444720e-02 1.03494065827912e+05 
3.10453336945781e-02 1.02958620202908e+05 
3.12686798662888e-02 1.02586910875165e+05 
3.14925449440768e-02 1.02272160810641e+05 
3.17175491146994e-02 1.02058366058710e+05 
3.19431790117552e-02 1.01928119474411e+05 
3.21697598694099e-02 1.01902841205192e+05 
3.23969117287435e-02 1.01929772819382e+05 
3.26249478121040e-02 1.01948124820206e+05 
3.28534957231683e-02 1.01940777228633e+05 
3.30829659681545e-02 1.01910834433552e+05 
3.33128440198081e-02 1.01895814256686e+05 
3.35439680016819e-02 1.02057272967489e+05 
3.37756744549283e-02 1.02649297171000e+05 
3.40087106470924e-02 1.04042237638178e+05 
3.42424817317529e-02 1.06760850525809e+05 
3.44774540783768e-02 1.11276523013605e+05 
3.47129930517434e-02 1.18076055388766e+05 
3.49494793141800e-02 1.27365733332076e+05 
3.51863704935190e-02 1.38018085064320e+05 
3.54242896423868e-02 1.48814642461402e+05 
3.56628258354351e-02 1.58979046357719e+05 
3.59023927276653e-02 1.66187785757294e+05 
3.61424987342988e-02 1.68288242831986e+05 
3.63834698234843e-02 1.68505517519169e+05 
3.66249894638383e-02 1.67114292362293e+05 
3.68671690329687e-02 1.65251936766034e+05 
3.71099654033979e-02 1.62973090906407e+05 
3.73534944909832e-02 1.60279470603746e+05 
3.75976593172094e-02 1.57594485590000e+05 
3.78426384919000e-02 1.54948439797555e+05 
3.80883307092040e-02 1.52308874202512e+05 
3.83349459976551e-02 1.49671249609943e+05 
3.85823254253414e-02 1.47175746615193e+05 
3.88307409958882e-02 1.44770778056280e+05 
3.90798800203726e-02 1.42452021394948e+05 
3.93300136479606e-02 1.40193861183094e+05 
3.95809116142199e-02 1.38007306961271e+05 
3.98328836785262e-02 1.35891174476658e+05 
4.00855813298672e-02 1.33845794436278e+05 
4.03393895226700e-02 1.31859486938427e+05 
4.05938786344664e-02 1.29940213564827e+05 
4.08495779381508e-02 1.28079799342517e+05 
4.11059685031883e-02 1.26281913120279e+05 
4.13637826614601e-02 1.24533018091175e+05 
4.16222961303130e-02 1.22836889189133e+05 
4.18822212449639e-02 1.21183957748894e+05 
4.21428710343471e-02 1.19576633151718e+05 
4.24048348825661e-02 1.18008544245084e+05 
4.26671190085661e-02 1.16483630783355e+05 
4.29302651457920e-02 1.14998117239635e+05 
4.31937746124726e-02 1.13551983226746e+05 
4.34582169081040e-02 1.12141496427939e+05 
4.37230370262046e-02 1.10766131528196e+05 
4.39888526059591e-02 1.09419243552410e+05 
4.42550517623093e-02 1.08101945505551e+05 
4.45222475423678e-02 1.06808515324696e+05 
4.47897993030723e-02 1.05540598063723e+05 
4.50582459774396e-02 1.04302716507191e+05 
4.53270655116062e-02 1.03093207075123e+05 
4.55968686615228e-02 1.01925680090052e+05 
4.58670822503069e-02 1.00800135052409e+05 
4.61383673514206e-02 9.97445326900395e+04 
4.64101044121811e-02 9.87225654062848e+04 
4.66829974872162e-02 9.78691821402433e+04 
4.69563823107773e-02 9.71395844209132e+04 
4.72309928422154e-02 9.64960768854598e+04 
4.75061288246526e-02 9.59822138889629e+04 
4.77825538113018e-02 9.54929525523598e+04 
4.80595210434826e-02 9.52080539813555e+04 
4.83375997373670e-02 9.53826708291373e+04 
4.86162554461056e-02 9.62377020739430e+04 
4.88961119616521e-02 9.78210516913546e+04 
4.91765631654675e-02 9.99642294535724e+04 
4.94583003263885e-02 1.02551456312803e+05 
4.97407460379426e-02 1.05352258027859e+05 
5.00245830884485e-02 1.08035545875177e+05 
5.03091553724560e-02 1.10221313215728e+05 
5.05951747370007e-02 1.12080908928357e+05 
5.08819595298500e-02 1.13247960266426e+05 
5.11702719261851e-02 1.13487801712812e+05 
5.14594155944085e-02 1.13046118415947e+05 
5.17501432771691e-02 1.12010228077003e+05 
5.20417574702811e-02 1.11002219696715e+05 
5.23343715885569e-02 1.09942242767798e+05 
5.26265410604184e-02 1.08849735364037e+05 
5.29193933552327e-02 1.07759322978039e+05 
5.32117719737079e-02 1.06667690732744e+05 
5.35049265974775e-02 1.05563711494009e+05 
5.37975907144962e-02 1.04469916203878e+05 
5.40910840712852e-02 1.03378209321698e+05 
5.43841086931511e-02 1.02295656057146e+05 
5.46779928103061e-02 1.01220864134847e+05 
5.49712824859275e-02 1.00163751425901e+05 
5.52655300711291e-02 9.91226200894072e+04 
5.55595588547717e-02 9.81101373110710e+04 
5.58544204710074e-02 9.71387375936389e+04 
5.61490992901071e-02 9.62007154557520e+04 
5.64444788847574e-02 9.53119312077932e+04 
5.67396099972495e-02 9.44691251425846e+04 
5.70354518705359e-02 9.36583170820401e+04 
5.73310048744431e-02 9.29082337049775e+04 
5.76271806220798e-02 9.22064858331259e+04 
5.79232245749280e-02 9.15677656924242e+04 
5.82195957521753e-02 9.09770647352908e+04 
5.85158911710642e-02 9.04335965950069e+04 
5.88125425354140e-02 8.99340681712111e+04 
5.91091001709003e-02 8.94670341267666e+04 
5.94061101068946e-02 8.90292307242909e+04 
5.97030293660867e-02 8.86105028547127e+04 
6.00005229383056e-02 8.82079300879571e+04 
6.02969392970179e-02 8.78152509013516e+04 
6.05924838352066e-02 8.74286900891660e+04 
6.08865386513081e-02 8.70407328056232e+04 
6.11802757206362e-02 8.66487041115313e+04 
6.14732068223529e-02 8.62466819406026e+04 
6.17663555232438e-02 8.58307280353396e+04 
6.20592539071991e-02 8.54042614320764e+04 
6.23524670175585e-02 8.49540349375589e+04 
6.26455141974275e-02 8.44759121636132e+04 
6.29391356617769e-02 8.39973968753024e+04 
6.32328216598931e-02 8.35170572139006e+04 
6.35272034488707e-02 8.30219854690505e+04 
6.38217849414350e-02 8.25111337927761e+04 
6.41170688270915e-02 8.19902528441312e+04 
6.44125910413347e-02 8.14589195022272e+04 
6.47087186894233e-02 8.09198548669178e+04 
6.50052019681221e-02 8.03768398313915e+04 
6.53020742646717e-02 7.98325712524730e+04 
6.55994393249767e-02 7.92885175321218e+04 
6.58971222421356e-02 7.87472920691132e+04 
6.61953003352637e-02 7.82094988267158e+04 
6.64937992083606e-02 7.76776785250095e+04 
6.67927934745752e-02 7.71515647792084e+04 
6.70921264140448e-02 7.66329452603519e+04 
6.73919235721715e-02 7.61220976817971e+04 
6.76920213107938e-02 7.56198960893181e+04 
6.79922848721675e-02 7.51282025420385e+04 
6.82925713549719e-02 7.46467088264654e+04 
6.85926621061032e-02 7.41774609163596e+04 
6.88928082972988e-02 7.37233866592266e+04 
6.91926964241231e-02 7.32781053840589e+04 
6.94926471188565e-02 7.28506310182975e+04 
6.97922580561014e-02 7.24455206098161e+04 
7.00919217851374e-02 7.20561478838641e+04 
7.03911657717796e-02 7.16824861154559e+04 
7.06904723715372e-02 7.13275683546817e+04 
7.09892951867775e-02 7.10360193006972e+04 
7.12882193181688e-02 7.08121147071361e+04 
7.15865662159426e-02 7.06401695060733e+04 
7.18851055768416e-02 7.04917460250925e+04 
7.21831164306888e-02 7.04148766309658e+04 
7.24815160028576e-02 7.04248145178826e+04 
7.27795379835887e-02 7.05218996860952e+04 
7.30781451486204e-02 7.06983994162643e+04 
7.33764680324726e-02 7.09494041184550e+04 
7.36754620732137e-02 7.12852987896798e+04 
7.39742956988937e-02 7.16790119567038e+04 
7.42738616636892e-02 7.21199729856646e+04 
7.45731711213613e-02 7.25858016639229e+04 
7.48733430973029e-02 7.30634785932725e+04 
7.51733066254077e-02 7.35323941495652e+04 
7.54741661552756e-02 7.39789045681387e+04 
7.57747962580373e-02 7.43795815815328e+04 
7.60763831731730e-02 7.47403211960002e+04 
7.63777802083505e-02 7.50387131996823e+04 
7.66798546825964e-02 7.52877720844422e+04 
7.69817267440229e-02 7.54743624825617e+04 
7.72841810047093e-02 7.56188057378845e+04 
7.75860555991798e-02 7.57213372514408e+04 
7.78878601670123e-02 7.58262834510520e+04 
7.81889358779351e-02 7.59151153244806e+04 
7.84897875646346e-02 7.59850810467011e+04 
7.87897462511971e-02 7.60435945725989e+04 
7.90893395379219e-02 7.60832024790078e+04 
7.93879196766409e-02 7.61011866206819e+04 
7.96860608893223e-02 7.61008132547993e+04 
7.99831852542218e-02 7.60776272744027e+04 
8.02798990713109e-02 7.60204615443244e+04 
8.05757135909461e-02 7.59469707967851e+04 
8.08712316573744e-02 7.58316339074510e+04 
8.11660142112386e-02 7.56862172540966e+04 
8.14606340564745e-02 7.55054994971697e+04 
8.17547170126965e-02 7.53130804223475e+04 
8.20487790352905e-02 7.51225508080673e+04 
8.23424892522393e-02 7.49277107380523e+04 
8.26363156341879e-02 7.47247919630124e+04 
8.29299571869397e-02 7.45100762184871e+04 
8.32238477646917e-02 7.42806846278073e+04 
8.35176769521297e-02 7.40453136801697e+04 
8.38118352738247e-02 7.38078315428358e+04 
8.41059979630815e-02 7.35705629986248e+04 
8.44003722115852e-02 7.33393424361237e+04 
8.46948596748110e-02 7.31219121314171e+04 
8.49894579308195e-02 7.29194204928607e+04 
8.52841627894696e-02 7.27366930982184e+04 
8.55789873904524e-02 7.25775856761004e+04 
8.58739033472638e-02 7.24609887210973e+04 
8.61689128128382e-02 7.23769766158483e+04 
8.64639848979472e-02 7.23190401185991e+04 
8.67591349157376e-02 7.22965178380613e+04 
8.70543133034049e-02 7.23245619781774e+04 
8.73495555677259e-02 7.24246322977569e+04 
8.76448005761293e-02 7.25842487568189e+04 
8.79401291291053e-02 7.27949210098047e+04 
8.82354617644745e-02 7.30655237630900e+04 
8.85309389181359e-02 7.34049200447367e+04 
8.88264402396512e-02 7.38336701006998e+04 
8.91221574261120e-02 7.43395674174336e+04 
8.94179279628152e-02 7.49414149679581e+04 
8.97139932620817e-02 7.56211790646353e+04 
9.00101502558244e-02 7.63726461685990e+04 
9.03066258329016e-02 7.71737760621106e+04 
9.06032785783271e-02 7.80226717934220e+04 
9.09001883020494e-02 7.88803483931411e+04 
9.11973787677536e-02 7.97483826840943e+04 
9.14948359097704e-02 8.06333383953533e+04 
9.17926209398872e-02 8.15171285636760e+04 
9.20907249836023e-02 8.23886122867415e+04 
9.23891822357289e-02 8.32377872702123e+04 
9.26879882687836e-02 8.40524456452274e+04 
9.29871767012744e-02 8.48206748702860e+04 
9.32867384242875e-02 8.55321457856299e+04 
9.35867001179344e-02 8.61768155145365e+04 
9.38869911746909e-02 8.67579997526971e+04 
9.41877073619709e-02 8.72425545885345e+04 
9.44887152641416e-02 8.76722579378482e+04 
9.47901505810472e-02 8.80506222968455e+04 
9.50918353906136e-02 8.83762678638141e+04 
9.53939177835223e-02 8.86624564332299e+04 
9.56962053413789e-02 8.89127974313877e+04 
9.59988261852194e-02 8.91216673370041e+04 
9.63016091946420e-02 8.92895490244130e+04 
9.66046382408269e-02 8.94010629043570e+04 
9.69077747813041e-02 8.94580213083555e+04 
9.72110643058944e-02 8.94583393686716e+04 
9.75143896590761e-02 8.94167787875136e+04 
9.78177240798002e-02 8.93220621083205e+04 
9.81210018992433e-02 8.91890972696617e+04 
9.84241136808718e-02 8.90181142981820e+04 
9.87270474816068e-02 8.88150759987987e+04 
9.90295896027171e-02 8.85879339619115e+04 
9.93318699226584e-02 8.83412741183558e+04 
9.96335637272685e-02 8.80836531979773e+04 
9.99348965531441e-02 8.78117367741588e+04 
1.00235472113128e-01 8.75231069187680e+04 
1.00535639493211e-01 8.72336611309138e+04 
1.00835007156755e-01 8.69389087149874e+04 
1.01133966270631e-01 8.66440875598402e+04 
1.01432117834481e-01 8.63525642668373e+04 
1.01729913713950e-01 8.60690358722142e+04 
1.02026936384196e-01 8.57926985364629e+04 
1.02323666322328e-01 8.55132506552189e+04 
1.02619692363726e-01 8.52483473130107e+04 
1.02915413192348e-01 8.50023481940503e+04 
1.03210557447713e-01 8.47660036616437e+04 
1.03505427376640e-01 8.45456940856575e+04 
1.03799812627643e-01 8.43388232189994e+04 
1.04093996548139e-01 8.41520623237571e+04 
1.04387772934896e-01 8.39698292738240e+04 
1.04681403419930e-01 8.37982801183448e+04 
1.04974648238789e-01 8.36519473360674e+04 
1.05267220777933e-01 8.35237328880811e+04 
1.05559267560746e-01 8.34039518833148e+04 
1.05850385746058e-01 8.33010631029628e+04 
1.06140780662407e-01 8.31973865051942e+04 
1.06430130120316e-01 8.30965605014889e+04 
1.06718553579545e-01 8.29925276836139e+04 
1.07005856866837e-01 8.29028966416162e+04 
1.07291907475325e-01 8.28115199528242e+04 
1.07577070943352e-01 8.27220738392105e+04 
1.07861354701905e-01 8.26738606864530e+04 
1.08145484631544e-01 8.26971631257916e+04 
1.08428989181734e-01 8.27358747560710e+04 
1.08712022156576e-01 8.28066051142588e+04 
1.08994665406186e-01 8.28580602804951e+04 
1.09276947352025e-01 8.30925148662102e+04 
1.09558398945302e-01 8.36700669352150e+04 
1.09839480844862e-01 8.47354099032010e+04 
1.10120011437518e-01 8.61834201417636e+04 
1.10400294282239e-01 8.79711887202992e+04 
1.10680286339779e-01 9.00071473542602e+04 
1.10960171866584e-01 9.21537273465930e+04 
1.11239981052026e-01 9.41359523083821e+04 
1.11519870625179e-01 9.58563807024710e+04 
1.11799825710759e-01 9.70227246915315e+04 
1.12079936072385e-01 9.77164332936126e+04 
1.12360169148159e-01 9.79525747761899e+04 
1.12640600001257e-01 9.79981896473878e+04 
1.12921198037318e-01 9.77599960578297e+04 
1.13202017346390e-01 9.74055097069060e+04 
1.13483050866330e-01 9.69388752388329e+04 
1.13764315463754e-01 9.64004823266334e+04 
1.14045825383825e-01 9.57961993264786e+04 
1.14327555282794e-01 9.51832672732304e+04 
1.14609591149668e-01 9.45705880243452e+04 
1.14891816682042e-01 9.39922521218582e+04 
1.15174435652250e-01 9.34367607216764e+04 
1.15457178650383e-01 9.29193928196235e+04 
1.15740330701961e-01 9.24375115485577e+04 
1.16023575915312e-01 9.19879499204734e+04 
1.16307244939961e-01 9.15714304745136e+04 
1.16591012543993e-01 9.11657029026597e+04 
1.16875218454089e-01 9.07815549399232e+04 
1.17159529082110e-01 9.04048932316941e+04 
1.17444137099302e-01 9.00495356898493e+04 
1.17728824616318e-01 8.97077704425548e+04 
1.18013841499008e-01 8.93717373438147e+04 
1.18298943427677e-01 8.90671513193773e+04 
1.18584419461484e-01 8.87553952336004e+04 
1.18869979025019e-01 8.84666165602853e+04 
1.19155959704114e-01 8.81670788736383e+04 
1.19442043290609e-01 8.78868281958984e+04 
1.19728557748750e-01 8.76020574640001e+04 
1.20015159281655e-01 8.73428465477811e+04 
1.20302068147666e-01 8.70924266257827e+04 
1.20589052799585e-01 8.68702100614959e+04 
1.20875652680683e-01 8.66687780101487e+04 
1.21162227763432e-01 8.65407007628717e+04 
1.21448325520553e-01 8.64055812452277e+04 
1.21734285458711e-01 8.63152844202269e+04 
1.22019671318823e-01 8.62866874961578e+04 
1.22307622212617e-01 8.63400649253899e+04 
1.22595736102475e-01 8.64883449495786e+04 
1.22883714609357e-01 8.67321145419892e+04 
1.23171357124852e-01 8.71061519137804e+04 
1.23458763458247e-01 8.75705096624341e+04 
1.23744871075209e-01 8.81057512591651e+04 
1.24030705591356e-01 8.87003583577887e+04 
1.24315307756749e-01 8.93101558880956e+04 
1.24599668202998e-01 8.99086478495912e+04 
1.24882908651370e-01 9.04630056615512e+04 
1.25165986511781e-01 9.09331698043430e+04 
1.25448070494530e-01 9.13050628289483e+04 
1.25731383937371e-01 9.15357402311088e+04 
1.26013731381498e-01 9.16438705261569e+04 
1.26295948675820e-01 9.16439451248239e+04 
1.26577251918476e-01 9.15690363513179e+04 
1.26858498583068e-01 9.14178950783097e+04 
1.27138848925998e-01 9.11973110607544e+04 
1.27419175999109e-01 9.09445975162644e+04 
1.27698660687535e-01 9.06461057121243e+04 
1.27978170236467e-01 9.03121605579918e+04 
1.28256939868388e-01 8.99358680827599e+04 
1.28535761013266e-01 8.95410522799526e+04 
1.28813952935957e-01 8.91557928004707e+04 
1.29093349387786e-01 8.87689808855220e+04 
1.29372181098410e-01 8.84036137777855e+04 
1.29651082058355e-01 8.80863922012708e+04 
1.29929450717010e-01 8.77936976666848e+04 
1.30207990894481e-01 8.75283333476531e+04 
1.30485973047538e-01 8.72828690449324e+04 
1.30763996781990e-01 8.70696725943771e+04 
1.31041544337296e-01 8.68979882966459e+04 
1.31319177326259e-01 8.67437339465959e+04 
1.31596418433162e-01 8.66286387768293e+04 
1.31873771210326e-01 8.65243550934640e+04 
1.32150787340949e-01 8.64571038207274e+04 
1.32427940902603e-01 8.63845092390431e+04 
1.32705741951587e-01 8.63360821222767e+04 
1.32983609030242e-01 8.62792205855598e+04 
1.33261239863412e-01 8.62364805336429e+04 
1.33538858030351e-01 8.61695568492074e+04 
1.33816202753132e-01 8.61058509971484e+04 
1.34093436146194e-01 8.60432795410547e+04 
1.34370463863554e-01 8.59518983831181e+04 
1.34647437738759e-01 8.58705560732162e+04 
1.34924238859115e-01 8.57655740054411e+04 
1.35200999928679e-01 8.56720207645388e+04 
1.35478167081669e-01 8.55612995607851e+04 
1.35755248498421e-01 8.54640392513914e+04 
1.36032087552186e-01 8.53662767273138e+04 
1.36308748112116e-01 8.52957113023226e+04 
1.36585054692958e-01 8.52005982973159e+04 
1.36861133269581e-01 8.51205315495978e+04 
1.37136793955077e-01 8.50360440613301e+04 
1.37412205181722e-01 8.49799723552070e+04 
1.37687166972418e-01 8.49371653581895e+04 
1.37961794471772e-01 8.49421288183306e+04 
1.38235956200135e-01 8.49849942099584e+04 
1.38509865645662e-01 8.50995897625785e+04 
1.38783312891242e-01 8.52970751345700e+04 
1.39056674587869e-01 8.55929460364639e+04 
1.39329733238588e-01 8.59854148368873e+04 
1.39602927834784e-01 8.64782369007434e+04 
1.39875968886409e-01 8.70425444002072e+04 
1.40149159108978e-01 8.76861528485942e+04 
1.40422238473742e-01 8.83674295958405e+04 
1.40695439231811e-01 8.90802393062469e+04 
1.40968644223518e-01 8.97724058353143e+04 
1.41242016984346e-01 9.04385324266972e+04 
1.41515476931375e-01 9.10163473224326e+04 
1.41789112464068e-01 9.15261822205862e+04 
1.42062896577592e-01 9.18997661552558e+04 
1.42336834207221e-01 9.21754434455571e+04 
1.42610861938036e-01 9.23272750664501e+04 
1.42885018365815e-01 9.23593023118940e+04 
1.43159350463809e-01 9.23175829636690e+04 
1.43433817554962e-01 9.22548531888545e+04 
1.43708492048569e-01 9.21229621293258e+04 
1.43983313772445e-01 9.19738562256421e+04 
1.44258392469955e-01 9.18178651998296e+04 
1.44533635815915e-01 9.16390425850138e+04 
1.44809129667836e-01 9.14648850915749e+04 
1.45084765050206e-01 9.12757133285723e+04 
1.45360650193987e-01 9.11022837417335e+04 
1.45636655200746e-01 9.09161139926020e+04 
1.45912920690555e-01 9.07513813040924e+04 
1.46189330259265e-01 9.05822893467259e+04 
1.46465977682945e-01 9.04378192460877e+04 
1.46742690215956e-01 9.02922648317889e+04 
1.47019563647566e-01 9.01724707179057e+04 
1.47296493737198e-01 9.00539426910412e+04 
1.47573503558178e-01 8.99632523132397e+04 
1.47850550327717e-01 8.98768234127739e+04 
1.48127660913320e-01 8.98225031724639e+04 
1.48404838461902e-01 8.97698278520755e+04 
1.48682094294824e-01 8.97414022761346e+04 
1.48959397976353e-01 8.97223616441956e+04 
1.49236762889804e-01 8.97099320580728e+04 
1.49514147289869e-01 8.96968340448143e+04 
1.49791559860134e-01 8.97116286825771e+04 
1.50068973387832e-01 8.97408667552768e+04 
1.50347028767010e-01 8.97724635370567e+04 
1.50625097016539e-01 8.98242170188595e+04 
1.50903259915260e-01 8.98821366829519e+04 
1.51181338648501e-01 8.99610090903103e+04 
1.51459508021121e-01 9.00462295366130e+04 
1.51737621033792e-01 9.01579946257812e+04 
1.52015850607622e-01 9.02809824638834e+04 
1.52294077188678e-01 9.04265298060261e+04 
1.52572378701661e-01 9.05837309518064e+04 
1.52850640584931e-01 9.07675402267506e+04 
1.53128969815163e-01 9.09458083754750e+04 
1.53407282738694e-01 9.11551883323372e+04 
1.53685680301644e-01 9.13579931665717e+04 
1.53964090704309e-01 9.15937983610818e+04 
1.54242965030058e-01 9.18299893390876e+04 
1.54521895527736e-01 9.20893907486447e+04 
1.54800966515313e-01 9.23487546432693e+04 
1.55080019532076e-01 9.26238402811376e+04 
1.55359183205448e-01 9.28900093236799e+04 
1.55638358682641e-01 9.31729753585317e+04 
1.55917641852121e-01 9.34473061891915e+04 
1.56196975622782e-01 9.37201733415386e+04 
1.56476393869542e-01 9.39836016445629e+04 
1.56755838996346e-01 9.42314994209513e+04 
1.57035374996371e-01 9.44790043914238e+04 
1.57314943054239e-01 9.47057063567483e+04 
1.57594543957643e-01 9.49333689067266e+04 
1.57874104889519e-01 9.51448947941514e+04 
1.58153635341340e-01 9.53424739952209e+04 
1.58435864488216e-01 9.55348099624473e+04 
1.58718074983942e-01 9.57126326524960e+04 
1.59000173235352e-01 9.58904687502919e+04 
1.59282203568607e-01 9.60466943429579e+04 
1.59564018537222e-01 9.62131610723726e+04 
1.59845669670233e-01 9.63634027229674e+04 
1.60127015876978e-01 9.65115930080734e+04 
1.60408108654734e-01 9.66524589898944e+04 
1.60688837787615e-01 9.67829885499060e+04 
1.60969267095947e-01 9.68948405336347e+04 
1.61249696151375e-01 9.70019503407453e+04 
1.61529874661590e-01 9.70808734491333e+04 
1.61809568681209e-01 9.71480898884895e+04 
1.62088992618958e-01 9.71848245998984e+04 
1.62367876121428e-01 9.72111812547458e+04 
1.62646439439070e-01 9.72244259266120e+04 
1.62924432214197e-01 9.71817040724226e+04 
1.63202091648823e-01 9.71543051806701e+04 
1.63479245494600e-01 9.70802564038336e+04 
1.63756116161920e-01 9.70261711968031e+04 
1.64032579519600e-01 9.69318874721009e+04 
1.64308829431586e-01 9.68647985846115e+04 
1.64584772366541e-01 9.67717782501484e+04 
1.64860587874901e-01 9.67036727848640e+04 
1.65136189569321e-01 9.66158789990306e+04 
1.65411754482798e-01 9.65415600943352e+04 
1.65687172607288e-01 9.64534474955225e+04 
1.65962646394701e-01 9.63836454153454e+04 
1.66238043288661e-01 9.63037545214396e+04 
1.66513575183311e-01 9.62637316797166e+04 
1.66789094770959e-01 9.62159473524273e+04 
1.67064792153835e-01 9.62190638801135e+04 
1.67340201887396e-01 9.62591836621872e+04 
1.67615562805719e-01 9.63289746905670e+04 
1.67891026795350e-01 9.64094108581803e+04 
1.68166564339049e-01 9.65439662662225e+04 
1.68443000009866e-01 9.67137548257701e+04 
1.68719829742213e-01 9.69422339794997e+04 
1.68996767085225e-01 9.71865498264165e+04 
1.69274107087920e-01 9.74118604893666e+04 
1.69551563928812e-01 9.76531684297393e+04 
1.69829420645986e-01 9.79185005109423e+04 
1.70107394274337e-01 9.82001731021420e+04 
1.70385754047505e-01 9.84997544370260e+04 
1.70664209230736e-01 9.88344166624359e+04 
1.70943025107215e-01 9.91365493826460e+04 
1.71221941863565e-01 9.94257870064610e+04 
1.71501174318285e-01 9.96375012619757e+04 
1.71780512163425e-01 9.98025947845578e+04 
1.72060165521625e-01 9.98786968896766e+04 
1.72339925798682e-01 9.99540709091546e+04 
1.72620000817347e-01 9.99940995875496e+04 
1.72900176270524e-01 1.00035869990544e+05 
1.73180646858721e-01 1.00029856161790e+05 
1.73461202798358e-01 1.00001944160432e+05 
1.73742029594781e-01 9.99399635593913e+04 
1.74022934907442e-01 9.98754963456465e+04 
1.74304086565964e-01 9.97798609380942e+04 
1.74585297139160e-01 9.96975902269107e+04 
1.74866774905000e-01 9.95925643951578e+04 
1.75148342759156e-01 9.95098814486686e+04 
1.75430111760731e-01 9.94239318156184e+04 
1.75711942838279e-01 9.93250621768634e+04 
1.75993935610173e-01 9.92373197531014e+04 
1.76275931621047e-01 9.91478104267418e+04 
1.76558024790936e-01 9.90678552635999e+04 
1.76840037904118e-01 9.89907262580490e+04 
1.77122034486658e-01 9.89223252601081e+04 
1.77403830104837e-01 9.88481740965627e+04 
1.77685534176302e-01 9.87817314915030e+04 
1.77966948224565e-01 9.87068906218814e+04 
1.78248152024206e-01 9.86413560583045e+04 
1.78528951622523e-01 9.85565032259391e+04 
1.78809422576763e-01 9.84819939957056e+04 
1.79089401992192e-01 9.83882507630649e+04 
1.79368957817415e-01 9.83130887288406e+04 
1.79647953474685e-01 9.82296873031990e+04 
1.79926481597497e-01 9.81596386651972e+04 
1.80204431898415e-01 9.80804313726126e+04 
1.80481914072578e-01 9.80054430513918e+04 
1.80758838542648e-01 9.79210197725740e+04 
1.81035346472855e-01 9.78438725826273e+04 
1.81311361172636e-01 9.77621567654805e+04 
1.81587044019937e-01 9.76900925910430e+04 
1.81862683472162e-01 9.76174869272900e+04 
1.82137946086862e-01 9.75546338125931e+04 
1.82412907045016e-01 9.74963242366664e+04 
1.82687618792503e-01 9.74442535922477e+04 
1.82962136533675e-01 9.73978959256982e+04 
1.83236516250080e-01 9.73605504667296e+04 
1.83510707956031e-01 9.73382792762557e+04 
1.83784868360207e-01 9.73264401087954e+04 
1.84058892696307e-01 9.73396493928155e+04 
1.84332955379474e-01 9.73693083490191e+04 
1.84606953407992e-01 9.74368629066600e+04 
1.84881028317686e-01 9.75308812326205e+04 
1.85155072965549e-01 9.76713807657432e+04 
1.85429208369462e-01 9.78685243838229e+04 
1.85703305543866e-01 9.81468250695888e+04 
1.85977263293516e-01 9.85017245397339e+04 
1.86250764284829e-01 9.89266044129777e+04 
1.86523740912277e-01 9.94423517229048e+04 
1.86796524207331e-01 1.00067157881168e+05 
1.87068744719397e-01 1.00812682139871e+05 
1.87339904703782e-01 1.01689302102395e+05 
1.87610050519977e-01 1.02732917981544e+05 
1.87879245799619e-01 1.03882996281267e+05 
1.88147594822039e-01 1.05231664037754e+05 
1.88415231350999e-01 1.06670050985365e+05 
1.88682252876739e-01 1.08335469191597e+05 
1.88948811834094e-01 1.10043491317148e+05 
1.89215019164217e-01 1.12037832993695e+05 
1.89481291140860e-01 1.13988602413960e+05 
1.89747230503552e-01 1.16422959802044e+05 
1.90012828698849e-01 1.18542791302759e+05 
1.90278111144960e-01 1.21057905134575e+05 
1.90542979980909e-01 1.23190033824570e+05 
1.90807634505268e-01 1.25523349121627e+05 
1.91072014435590e-01 1.27435415592930e+05 
1.91336136083704e-01 1.29285841311733e+05 
1.91600111272124e-01 1.30622662171845e+05 
1.91863957778303e-01 1.31767946219490e+05 
1.92127749545601e-01 1.32324166793821e+05 
1.92391375069946e-01 1.32814259911457e+05 
1.92655029333532e-01 1.32937458960912e+05 
1.92918658441476e-01 1.32768588695745e+05 
1.93182469892186e-01 1.32158729564575e+05 
1.93446374139434e-01 1.31333638531264e+05 
1.93710518193464e-01 1.30271514335043e+05 
1.93974853756759e-01 1.29173044498438e+05 
1.94239467406359e-01 1.28020108037421e+05 
1.94504315862900e-01 1.26849678506753e+05 
1.94769462380750e-01 1.25708528688318e+05 
1.95034870851468e-01 1.24598675568201e+05 
1.95300580963629e-01 1.23544050025506e+05 
1.95566561319253e-01 1.22523516049793e+05 
1.95832836298806e-01 1.21583450839118e+05 
1.96099032043070e-01 1.20678246570063e+05 
1.96365676463436e-01 1.19859989918242e+05 
1.96632432008266e-01 1.19064944358151e+05 
1.96899457564638e-01 1.18357495711978e+05 
1.97166616200974e-01 1.17656789883836e+05 
1.97434057078312e-01 1.17044233150894e+05 
1.97701699421054e-01 1.16439579387654e+05 
1.97969632849221e-01 1.15888660274418e+05 
1.98237801928612e-01 1.15339061047490e+05 
1.98506276114084e-01 1.14835144553821e+05 
1.98775013233552e-01 1.14332672298082e+05 
1.99044076346727e-01 1.13878097611643e+05 
1.99313430099503e-01 1.13413391164873e+05 
1.99583130434491e-01 1.12983744935246e+05 
1.99853152322092e-01 1.12556141310463e+05 
2.00123480612151e-01 1.12167669498656e+05 
