# Liste des scalaires : TEMPS pmat 
0.00000000000000e+00 1.00000000000000e+05 
7.22956891292051e-05 1.00000000000000e+05 
1.39473830159789e-04 1.00000000000000e+05 
2.09658797050092e-04 1.00000000000000e+05 
2.76117114236748e-04 1.00000000000000e+05 
3.20638761908146e-04 1.00000000000000e+05 
3.55139419127696e-04 1.00000000000000e+05 
3.84466703006977e-04 1.00000000000000e+05 
4.10882456555381e-04 1.00000000000000e+05 
4.35440253196359e-04 1.00000000000000e+05 
4.62453829501435e-04 1.00000000000000e+05 
4.92168763437018e-04 1.00000000000000e+05 
5.24855190766160e-04 1.00000000000000e+05 
5.60810260828216e-04 1.00000000000000e+05 
6.00360837896478e-04 1.00000000000000e+05 
6.43866472671566e-04 1.00000000000000e+05 
6.91722670924162e-04 1.00000000000000e+05 
7.44364489002019e-04 1.00000000000000e+05 
8.02270488887660e-04 1.00000000000000e+05 
8.65967088761866e-04 1.00000000000000e+05 
9.36033348623493e-04 1.00000000000000e+05 
1.01310623447128e-03 1.00000000000000e+05 
1.09788640890385e-03 1.00000000000000e+05 
1.19114460077968e-03 1.00000000000000e+05 
1.28874595967999e-03 1.00000000000000e+05 
1.39427742078093e-03 1.00000000000000e+05 
1.50221628787629e-03 1.00000000000000e+05 
1.61553425737488e-03 1.00000000000000e+05 
1.73457348070840e-03 1.00000000000000e+05 
1.85733677968632e-03 1.00000000000000e+05 
1.98616223838891e-03 1.00000000000000e+05 
2.11872938704648e-03 1.00000000000000e+05 
2.25541689819684e-03 1.00000000000000e+05 
2.39772133018697e-03 1.00000000000000e+05 
2.54485627309115e-03 1.00000000000000e+05 
2.69657390129223e-03 1.00000000000000e+05 
2.85238267869195e-03 1.00000000000000e+05 
3.01245336052057e-03 1.00000000000000e+05 
3.17812497446117e-03 1.00000000000000e+05 
3.34903914085946e-03 1.00000000000000e+05 
3.52550659026310e-03 1.00000000000000e+05 
3.70726992321378e-03 1.00000000000000e+05 
3.89587589613585e-03 1.00000000000000e+05 
4.08975108537176e-03 1.00000000000000e+05 
4.28959471140215e-03 1.00000000000000e+05 
4.49516060408417e-03 1.00000000000000e+05 
4.70839016598756e-03 1.00000000000000e+05 
4.92856382961003e-03 1.00000000000000e+05 
5.15483884145771e-03 1.00000000000000e+05 
5.38810296190523e-03 1.00000000000000e+05 
5.62716630832507e-03 1.00000000000000e+05 
5.87020911792081e-03 1.00000000000000e+05 
6.12048301668714e-03 1.00000000000000e+05 
6.37286594506297e-03 1.00000000000000e+05 
6.63255281660233e-03 1.00000000000000e+05 
6.89402258475613e-03 1.00000000000000e+05 
7.16407888327029e-03 1.00000000000000e+05 
7.43688359574231e-03 1.00000000000000e+05 
7.71399396444565e-03 1.00000000000000e+05 
7.99382024823428e-03 1.00000000000000e+05 
8.27676476722822e-03 1.00000000000000e+05 
8.55486963386527e-03 1.00000000000000e+05 
8.82693129547693e-03 1.00000000000000e+05 
9.09434992258096e-03 1.00000000000000e+05 
9.35798204986447e-03 1.00000000000000e+05 
9.61828190541874e-03 1.00000000000000e+05 
9.87458790234752e-03 1.00000000000000e+05 
1.01275999953477e-02 1.00000000000000e+05 
1.03780906811822e-02 1.00000000000000e+05 
1.06260594905174e-02 1.00000000000000e+05 
1.08549555578628e-02 1.00000000000000e+05 
1.10600486332176e-02 1.00000000000000e+05 
1.12527947217592e-02 1.00000000000000e+05 
1.14376549756423e-02 1.00000000000000e+05 
1.16160555219789e-02 1.00000000000000e+05 
1.17893912879688e-02 1.00000000000000e+05 
1.19585465339593e-02 1.00000000000000e+05 
1.21239074154106e-02 1.00000000000000e+05 
1.22865738891898e-02 1.00000000000000e+05 
1.24467469614594e-02 1.00000000000000e+05 
1.26054874592819e-02 1.00000000000000e+05 
1.27630810541419e-02 1.00000000000000e+05 
1.29205520396243e-02 1.00000000000000e+05 
1.30780807961603e-02 1.00000000000000e+05 
1.32361973830352e-02 1.00000000000000e+05 
1.33950989805806e-02 1.00000000000000e+05 
1.35552086586734e-02 1.00000000000000e+05 
1.37173208047589e-02 1.00000000000000e+05 
1.38814664504087e-02 1.00000000000000e+05 
1.40484211182973e-02 1.00000000000000e+05 
1.42181138287473e-02 1.00000000000000e+05 
1.43911498233139e-02 1.00000000000000e+05 
1.45673282739547e-02 1.00000000000000e+05 
1.47470941339115e-02 1.00000000000000e+05 
1.49301017809952e-02 1.00000000000000e+05 
1.51166580849504e-02 1.00000000000000e+05 
1.53062791400080e-02 1.00000000000000e+05 
1.54991695376867e-02 1.00000000000000e+05 
1.56947340243266e-02 1.00000000000000e+05 
1.58931147841676e-02 1.00000000000000e+05 
1.60936471854336e-02 1.00000000000000e+05 
1.62964537878189e-02 1.00000000000000e+05 
1.65003396610805e-02 1.00000000000000e+05 
1.67064306778121e-02 1.00000000000000e+05 
1.69135316108564e-02 1.00000000000000e+05 
1.71217136148695e-02 1.00000000000000e+05 
1.73305044490413e-02 1.00000000000000e+05 
1.75398673747805e-02 1.00000000000000e+05 
1.77495403258265e-02 1.00000000000000e+05 
1.79594906685486e-02 1.00000000000000e+05 
1.81695742467855e-02 1.00000000000000e+05 
1.83797974691636e-02 1.00000000000000e+05 
1.85901645436186e-02 1.00000000000000e+05 
1.87996440368273e-02 1.00000000000000e+05 
1.90099992383962e-02 1.00000000000000e+05 
1.92173416367049e-02 1.00000000000000e+05 
1.94158780224950e-02 1.00000000000000e+05 
1.96006512334489e-02 1.00000000000000e+05 
1.97744543969732e-02 1.00000000000000e+05 
1.99417107978379e-02 1.00000000000000e+05 
2.01052570461784e-02 1.00000000000000e+05 
2.02631652444318e-02 1.00000000000000e+05 
2.04176930693537e-02 1.00000000000000e+05 
2.05712972567069e-02 1.00000000000000e+05 
2.07246845320369e-02 1.00000000000000e+05 
2.08792476094652e-02 1.00000000000000e+05 
2.10351496194859e-02 1.00000000000000e+05 
2.11932760280760e-02 1.00000000000000e+05 
2.13529112192896e-02 1.00000000000000e+05 
2.15128597527672e-02 1.00000000000000e+05 
2.16733904362425e-02 1.00000000000000e+05 
2.18353010918731e-02 1.00000000000000e+05 
2.19987100599882e-02 1.00000000000000e+05 
2.21641309573103e-02 1.00000000000000e+05 
2.23316035361519e-02 1.00000000000000e+05 
2.25014615341428e-02 1.00000000000000e+05 
2.26736856670572e-02 1.00000000000000e+05 
2.28482712823588e-02 1.00000000000000e+05 
2.30235350510243e-02 1.00000000000000e+05 
2.31998128578951e-02 1.00000000000000e+05 
2.33771628855354e-02 1.00000000000000e+05 
2.35558903703540e-02 1.00000000000000e+05 
2.37360206871584e-02 1.00000000000000e+05 
2.39178186995870e-02 1.00000000000000e+05 
2.41012033568739e-02 1.00000000000000e+05 
2.42862962713306e-02 1.00000000000000e+05 
2.44728281426968e-02 1.00000000000000e+05 
2.46601439253493e-02 1.00000000000000e+05 
2.48482311299342e-02 1.00000000000000e+05 
2.50374499829568e-02 1.00000000000000e+05 
2.52277508526827e-02 1.00000000000000e+05 
2.54193561937957e-02 1.00000000000000e+05 
2.56122031287187e-02 1.00000000000000e+05 
2.58065253026915e-02 1.00000000000000e+05 
2.60022342748510e-02 1.00000000000000e+05 
2.61992298941946e-02 1.00000000000000e+05 
2.63970568840500e-02 1.00000000000000e+05 
2.65960099892061e-02 1.00000000000000e+05 
2.67959130947631e-02 1.00000000000000e+05 
2.69970641681810e-02 1.00000000000000e+05 
2.71993429653334e-02 1.00000000000000e+05 
2.74028737315734e-02 1.00000000000000e+05 
2.76074647898836e-02 1.00000000000000e+05 
2.78131058144111e-02 1.00000000000000e+05 
2.80197765890087e-02 1.00000000000000e+05 
2.82276079436932e-02 1.00000000000000e+05 
2.84363730220986e-02 1.00000000000000e+05 
2.86463349701957e-02 1.00000000000000e+05 
2.88567363116710e-02 1.00000000000000e+05 
2.90685790357491e-02 1.00000000000000e+05 
2.92811887395355e-02 1.00000000000000e+05 
2.94947592426092e-02 1.00000000000000e+05 
2.97090782828526e-02 1.00000000000000e+05 
2.99243749449522e-02 1.00000000000000e+05 
3.01403060655589e-02 1.00000000000000e+05 
3.03571608454725e-02 1.00000000000000e+05 
3.05744529521266e-02 1.00000000000000e+05 
3.07929814047896e-02 1.00000000000000e+05 
3.10121466643728e-02 1.00000000000000e+05 
3.12322011576631e-02 1.00000000000000e+05 
3.14527906237979e-02 1.00000000000000e+05 
3.16742192885210e-02 1.00000000000000e+05 
3.18961174317890e-02 1.00000000000000e+05 
3.21188533661610e-02 1.00000000000000e+05 
3.23418992371871e-02 1.00000000000000e+05 
3.25660186486226e-02 1.00000000000000e+05 
3.27906273882527e-02 1.00000000000000e+05 
3.30163417470397e-02 1.00000000000000e+05 
3.32425852771112e-02 1.00000000000000e+05 
3.34696844760918e-02 1.00000000000000e+05 
3.36971061849716e-02 1.00000000000000e+05 
3.39253100587320e-02 1.00000000000000e+05 
3.41536098511936e-02 1.00000000000000e+05 
3.43828036389826e-02 1.00000000000000e+05 
3.46122893989956e-02 1.00000000000000e+05 
3.48427650124507e-02 1.00000000000000e+05 
3.50717322504600e-02 1.00000000000000e+05 
3.53012239200403e-02 1.00000000000000e+05 
3.55304830008908e-02 1.00000000000000e+05 
3.57578131297886e-02 1.00000000000000e+05 
3.59829110836827e-02 1.00000000000000e+05 
3.62075103342972e-02 1.00000000000000e+05 
3.64312222695340e-02 1.00000000000000e+05 
3.66548460782265e-02 1.00000000000000e+05 
3.68783197194925e-02 1.00000000000000e+05 
3.71014882706196e-02 1.00000000000000e+05 
3.73246696007408e-02 1.00000000000000e+05 
3.75476713039054e-02 1.00000000000000e+05 
3.77706424283156e-02 1.00000000000000e+05 
3.79935720801228e-02 1.00000000000000e+05 
3.82163806343736e-02 1.00000000000000e+05 
3.84391626390757e-02 1.00000000000000e+05 
3.86618823293326e-02 1.00000000000000e+05 
3.88847703301878e-02 1.00000000000000e+05 
3.91077779868882e-02 1.00000000000000e+05 
3.93311263670878e-02 1.00000000000000e+05 
3.95544200116795e-02 1.00000000000000e+05 
3.97778439521900e-02 1.00000000000000e+05 
4.00014783938958e-02 1.00000000000000e+05 
4.02252027986005e-02 1.00000000000000e+05 
4.04490873378588e-02 1.00000000000000e+05 
4.06733568292275e-02 1.00000000000000e+05 
4.08977725084175e-02 1.00000000000000e+05 
4.11226962099554e-02 1.00000000000000e+05 
4.13478690887889e-02 1.00000000000000e+05 
4.15736099906730e-02 1.00000000000000e+05 
4.17997680832149e-02 1.00000000000000e+05 
4.20262712025865e-02 1.00000000000000e+05 
4.22532050787113e-02 1.00000000000000e+05 
4.24805955881107e-02 1.00000000000000e+05 
4.27085073074155e-02 1.00000000000000e+05 
4.29369933303871e-02 1.00000000000000e+05 
4.31660991105414e-02 1.00000000000000e+05 
4.33958850668462e-02 1.00000000000000e+05 
4.36263966189019e-02 1.00000000000000e+05 
4.38576863654247e-02 1.00000000000000e+05 
4.40897987464133e-02 1.00000000000000e+05 
4.43225882914511e-02 1.00000000000000e+05 
4.45562360762622e-02 1.00000000000000e+05 
4.47904930036673e-02 1.00000000000000e+05 
4.50256743251198e-02 1.00000000000000e+05 
4.52615405769939e-02 1.00000000000000e+05 
4.54983633442369e-02 1.00000000000000e+05 
4.57359542037037e-02 1.00000000000000e+05 
4.59745522338689e-02 1.00000000000000e+05 
4.62139988317952e-02 1.00000000000000e+05 
4.64545226592208e-02 1.00000000000000e+05 
4.66959324860208e-02 1.00000000000000e+05 
4.69381728006361e-02 1.00000000000000e+05 
4.71813463215367e-02 1.00000000000000e+05 
4.74253090600687e-02 1.00000000000000e+05 
4.76702330931867e-02 1.00000000000000e+05 
4.79160397419942e-02 1.00000000000000e+05 
4.81628429149391e-02 1.00000000000000e+05 
4.84106098070663e-02 1.00000000000000e+05 
4.86598466221342e-02 1.00000000000000e+05 
4.89100158192073e-02 1.00000000000000e+05 
4.91612977197072e-02 1.00000000000000e+05 
4.94135041867429e-02 1.00000000000000e+05 
4.96668416079597e-02 1.00000000000000e+05 
4.99211383789974e-02 1.00000000000000e+05 
5.01766665057385e-02 1.00000000000000e+05 
5.04331821003330e-02 1.00000000000000e+05 
5.06910674168337e-02 1.00000000000000e+05 
5.09500153229306e-02 1.00000000000000e+05 
5.12103752206220e-02 1.00000000000000e+05 
5.14717750324072e-02 1.00000000000000e+05 
5.17343907272479e-02 1.00000000000000e+05 
5.19981026598770e-02 1.00000000000000e+05 
5.22630942186187e-02 1.00000000000000e+05 
5.25291202572937e-02 1.00000000000000e+05 
5.27956053871247e-02 1.00000000000000e+05 
5.30601884736191e-02 1.00000000000000e+05 
5.33233249301568e-02 1.00000000000000e+05 
5.35851639557702e-02 1.00000000000000e+05 
5.38455470336106e-02 1.00000000000000e+05 
5.41045932268245e-02 1.00000000000000e+05 
5.43630209027702e-02 1.00000000000000e+05 
5.46202107353967e-02 1.00000000000000e+05 
5.48767360360987e-02 1.00000000000000e+05 
5.51326290062461e-02 1.00000000000000e+05 
5.53883097297018e-02 1.00000000000000e+05 
5.56434868337296e-02 1.00000000000000e+05 
5.58987942485750e-02 1.00000000000000e+05 
5.61536966492318e-02 1.00000000000000e+05 
5.64089205467029e-02 1.00000000000000e+05 
5.66639761031936e-02 1.00000000000000e+05 
5.69191926785787e-02 1.00000000000000e+05 
5.71745643375155e-02 1.00000000000000e+05 
5.74304587771555e-02 1.00000000000000e+05 
5.76866987846675e-02 1.00000000000000e+05 
5.79437410839048e-02 1.00000000000000e+05 
5.82014664059860e-02 1.00000000000000e+05 
5.84600928489563e-02 1.00000000000000e+05 
5.87196281029600e-02 1.00000000000000e+05 
5.89798847778179e-02 1.00000000000000e+05 
5.92405372940310e-02 1.00000000000000e+05 
5.95014912801127e-02 1.00000000000000e+05 
5.97618815730505e-02 1.00000000000000e+05 
6.00208209839291e-02 1.00000000000000e+05 
6.02779908861883e-02 1.00000000000000e+05 
6.05335389910470e-02 1.00000000000000e+05 
6.07879186942275e-02 1.00000000000000e+05 
6.10415032706502e-02 1.00000000000000e+05 
6.12947278708531e-02 1.00000000000000e+05 
6.15479238074463e-02 1.00000000000000e+05 
6.18014207052072e-02 1.00000000000000e+05 
6.20550214282329e-02 1.00000000000000e+05 
6.23090456173747e-02 1.00000000000000e+05 
6.25632002936045e-02 1.00000000000000e+05 
6.28177004124245e-02 1.00000000000000e+05 
6.30732479240037e-02 1.00000000000000e+05 
6.33294017657212e-02 1.00000000000000e+05 
6.35859173862997e-02 1.00000000000000e+05 
6.38428101453429e-02 1.00000000000000e+05 
6.40998846044614e-02 1.00000000000000e+05 
6.43569942319393e-02 1.00000000000000e+05 
6.46141414662171e-02 1.00000000000000e+05 
6.48712001677667e-02 1.00000000000000e+05 
6.51282848070228e-02 1.00000000000000e+05 
6.53852186698558e-02 1.00000000000000e+05 
6.56420732794179e-02 1.00000000000000e+05 
6.58984895270162e-02 1.00000000000000e+05 
6.61547432348955e-02 1.00000000000000e+05 
6.64105553317312e-02 1.00000000000000e+05 
6.66660049229985e-02 1.00000000000000e+05 
6.69207531831585e-02 1.00000000000000e+05 
6.71749195087833e-02 1.00000000000000e+05 
6.74281407956236e-02 1.00000000000000e+05 
6.76807153664528e-02 1.00000000000000e+05 
6.79333448901265e-02 1.00000000000000e+05 
6.81852049412330e-02 1.00000000000000e+05 
6.84362776248079e-02 1.00000000000000e+05 
6.86868184808223e-02 1.00000000000000e+05 
6.89367611261069e-02 1.00000000000000e+05 
6.91864602515136e-02 1.00000000000000e+05 
6.94358009212851e-02 1.00000000000000e+05 
6.96850615489322e-02 1.00000000000000e+05 
6.99341106151694e-02 1.00000000000000e+05 
7.01832648462496e-02 1.00000000000000e+05 
7.04324558781907e-02 1.00000000000000e+05 
7.06820561037654e-02 1.00000000000000e+05 
7.09318682813157e-02 1.00000000000000e+05 
7.11823668544945e-02 1.00000000000000e+05 
7.14333102932715e-02 1.00000000000000e+05 
7.16851790998680e-02 1.00000000000000e+05 
7.19376446745503e-02 1.00000000000000e+05 
7.21910731490273e-02 1.00000000000000e+05 
7.24451770298945e-02 1.00000000000000e+05 
7.27001840294927e-02 1.00000000000000e+05 
7.29560390063293e-02 1.00000000000000e+05 
7.32130983883897e-02 1.00000000000000e+05 
7.34708250023761e-02 1.00000000000000e+05 
7.37298713973498e-02 1.00000000000000e+05 
7.39896641671977e-02 1.00000000000000e+05 
7.42508313520966e-02 1.00000000000000e+05 
7.45127338138069e-02 1.00000000000000e+05 
7.47761569044565e-02 1.00000000000000e+05 
7.50404133692456e-02 1.00000000000000e+05 
7.53062508444980e-02 1.00000000000000e+05 
7.55729072494937e-02 1.00000000000000e+05 
7.58411297751133e-02 1.00000000000000e+05 
7.61100570359486e-02 1.00000000000000e+05 
7.63762429551977e-02 1.00000000000000e+05 
7.66407076926204e-02 1.00000000000000e+05 
7.69031929799501e-02 1.00000000000000e+05 
7.71651070564302e-02 1.00000000000000e+05 
7.74266251351269e-02 1.00000000000000e+05 
7.76877142538738e-02 1.00000000000000e+05 
7.79485629113065e-02 1.00000000000000e+05 
7.82098743730278e-02 1.00000000000000e+05 
7.84719081404331e-02 1.00000000000000e+05 
7.87334391611944e-02 1.00000000000000e+05 
7.89952685256334e-02 1.00000000000000e+05 
7.92532718286951e-02 1.00000000000000e+05 
7.95091210044517e-02 1.00000000000000e+05 
7.97626037350265e-02 1.00000000000000e+05 
8.00156143701272e-02 1.00000000000000e+05 
8.02678462447851e-02 1.00000000000000e+05 
8.05204265776835e-02 1.00000000000000e+05 
8.07727326231876e-02 1.00000000000000e+05 
8.10249184115021e-02 1.00000000000000e+05 
8.12771169868220e-02 1.00000000000000e+05 
8.15298275786654e-02 1.00000000000000e+05 
8.17829991049362e-02 1.00000000000000e+05 
8.20369051809664e-02 1.00000000000000e+05 
8.22911194080597e-02 1.00000000000000e+05 
8.25457809382863e-02 1.00000000000000e+05 
8.28008957379996e-02 1.00000000000000e+05 
8.30566039655837e-02 1.00000000000000e+05 
8.33127559830541e-02 1.00000000000000e+05 
8.35692263713417e-02 1.00000000000000e+05 
8.38264959971802e-02 1.00000000000000e+05 
8.40840622343523e-02 1.00000000000000e+05 
8.43423049095492e-02 1.00000000000000e+05 
8.46010312623880e-02 1.00000000000000e+05 
8.48605138386594e-02 1.00000000000000e+05 
8.51206499850178e-02 1.00000000000000e+05 
8.53814655661198e-02 1.00000000000000e+05 
8.56432019832099e-02 1.00000000000000e+05 
8.59054594418330e-02 1.00000000000000e+05 
8.61684316606483e-02 1.00000000000000e+05 
8.64316756903881e-02 1.00000000000000e+05 
8.66953793236364e-02 1.00000000000000e+05 
8.69591289387964e-02 1.00000000000000e+05 
8.72230832583345e-02 1.00000000000000e+05 
8.74869470551499e-02 1.00000000000000e+05 
8.77507095983201e-02 1.00000000000000e+05 
8.80140529582139e-02 1.00000000000000e+05 
8.82771459666035e-02 1.00000000000000e+05 
8.85398710417582e-02 1.00000000000000e+05 
8.88023322555861e-02 1.00000000000000e+05 
8.90645494679046e-02 1.00000000000000e+05 
8.93265434269046e-02 1.00000000000000e+05 
8.95883416039620e-02 1.00000000000000e+05 
8.98499592636484e-02 1.00000000000000e+05 
9.01114793041012e-02 1.00000000000000e+05 
9.03729241607336e-02 1.00000000000000e+05 
9.06342586942605e-02 1.00000000000000e+05 
9.08956295457113e-02 1.00000000000000e+05 
9.11568582379439e-02 1.00000000000000e+05 
9.14181816737863e-02 1.00000000000000e+05 
9.16793736399826e-02 1.00000000000000e+05 
9.19407765298761e-02 1.00000000000000e+05 
9.22021300865605e-02 1.00000000000000e+05 
9.24636245240926e-02 1.00000000000000e+05 
9.27250368134103e-02 1.00000000000000e+05 
9.29866032701707e-02 1.00000000000000e+05 
9.32480750946526e-02 1.00000000000000e+05 
9.35098109120742e-02 1.00000000000000e+05 
9.37716829155507e-02 1.00000000000000e+05 
9.40339853686483e-02 1.00000000000000e+05 
9.42964579312229e-02 1.00000000000000e+05 
9.45592311992835e-02 1.00000000000000e+05 
9.48223210665355e-02 1.00000000000000e+05 
9.50857922792850e-02 1.00000000000000e+05 
9.53496719036965e-02 1.00000000000000e+05 
9.56140091277521e-02 1.00000000000000e+05 
9.58787571054002e-02 1.00000000000000e+05 
9.61440750684185e-02 1.00000000000000e+05 
9.64098173760049e-02 1.00000000000000e+05 
9.66761795664787e-02 1.00000000000000e+05 
9.69430658620089e-02 1.00000000000000e+05 
9.72105715168531e-02 1.00000000000000e+05 
9.74786504718338e-02 1.00000000000000e+05 
9.77472448627614e-02 1.00000000000000e+05 
9.80164241346480e-02 1.00000000000000e+05 
9.82860967628700e-02 1.00000000000000e+05 
9.85564839357022e-02 1.00000000000000e+05 
9.88273541581561e-02 1.00000000000000e+05 
9.90989185959672e-02 1.00000000000000e+05 
9.93708635695770e-02 1.00000000000000e+05 
9.96429590892072e-02 1.00000000000000e+05 
9.99155554887749e-02 1.00000000000000e+05 
1.00188399326530e-01 1.00000000000000e+05 
1.00461675216393e-01 1.00000000000000e+05 
1.00735137486906e-01 1.00000000000000e+05 
1.01009018477076e-01 1.00000000000000e+05 
1.01283118803979e-01 1.00000000000000e+05 
1.01557678912789e-01 1.00000000000000e+05 
1.01832531578131e-01 1.00000000000000e+05 
1.02107758356402e-01 1.00000000000000e+05 
1.02383398286142e-01 1.00000000000000e+05 
1.02659486052669e-01 1.00000000000000e+05 
1.02936020109314e-01 1.00000000000000e+05 
1.03213114079738e-01 1.00000000000000e+05 
1.03490712716355e-01 1.00000000000000e+05 
1.03768949568402e-01 1.00000000000000e+05 
1.04047750091367e-01 1.00000000000000e+05 
1.04327271608167e-01 1.00000000000000e+05 
1.04607432458254e-01 1.00000000000000e+05 
1.04888398201713e-01 1.00000000000000e+05 
1.05170071929364e-01 1.00000000000000e+05 
1.05452627595962e-01 1.00000000000000e+05 
1.05735951701832e-01 1.00000000000000e+05 
1.06020224072258e-01 1.00000000000000e+05 
1.06305320979644e-01 1.00000000000000e+05 
1.06591425073631e-01 1.00000000000000e+05 
1.06878396659850e-01 1.00000000000000e+05 
1.07166409083674e-01 1.00000000000000e+05 
1.07455310278773e-01 1.00000000000000e+05 
1.07745184364748e-01 1.00000000000000e+05 
1.08035970302031e-01 1.00000000000000e+05 
1.08327722519883e-01 1.00000000000000e+05 
1.08620428336717e-01 1.00000000000000e+05 
1.08914094868345e-01 1.00000000000000e+05 
1.09208726493448e-01 1.00000000000000e+05 
1.09504308785913e-01 1.00000000000000e+05 
1.09800817256333e-01 1.00000000000000e+05 
1.10098221010005e-01 1.00000000000000e+05 
1.10396449030844e-01 1.00000000000000e+05 
1.10695411003020e-01 1.00000000000000e+05 
1.10995087779210e-01 1.00000000000000e+05 
1.11295375505360e-01 1.00000000000000e+05 
1.11596084874590e-01 1.00000000000000e+05 
1.11897067734027e-01 1.00000000000000e+05 
1.12197987202510e-01 1.00000000000000e+05 
1.12498951281430e-01 1.00000000000000e+05 
1.12799827120175e-01 1.00000000000000e+05 
1.13100743052271e-01 1.00000000000000e+05 
1.13401605953009e-01 1.00000000000000e+05 
1.13702509803351e-01 1.00000000000000e+05 
1.14004159682551e-01 1.00000000000000e+05 
1.14305957480064e-01 1.00000000000000e+05 
1.14607900139505e-01 1.00000000000000e+05 
1.14910042267639e-01 1.00000000000000e+05 
1.15212322123599e-01 1.00000000000000e+05 
1.15514851787480e-01 1.00000000000000e+05 
1.15817626050917e-01 1.00000000000000e+05 
1.16120565086723e-01 1.00000000000000e+05 
1.16423674541059e-01 1.00000000000000e+05 
1.16726906956199e-01 1.00000000000000e+05 
1.17030356131311e-01 1.00000000000000e+05 
1.17333984293051e-01 1.00000000000000e+05 
1.17637881050958e-01 1.00000000000000e+05 
1.17942023572617e-01 1.00000000000000e+05 
1.18246477058191e-01 1.00000000000000e+05 
1.18551237894278e-01 1.00000000000000e+05 
1.18856328463119e-01 1.00000000000000e+05 
1.19161779357951e-01 1.00000000000000e+05 
1.19467536367264e-01 1.00000000000000e+05 
1.19773635426724e-01 1.00000000000000e+05 
1.20080108919479e-01 1.00000000000000e+05 
1.20386842869808e-01 1.00000000000000e+05 
1.20693988252544e-01 1.00000000000000e+05 
1.21001422518551e-01 1.00000000000000e+05 
1.21309293289283e-01 1.00000000000000e+05 
1.21617473031555e-01 1.00000000000000e+05 
1.21926099218259e-01 1.00000000000000e+05 
1.22235063322590e-01 1.00000000000000e+05 
1.22544488807313e-01 1.00000000000000e+05 
1.22854244053245e-01 1.00000000000000e+05 
1.23164462563246e-01 1.00000000000000e+05 
1.23474986309912e-01 1.00000000000000e+05 
1.23785978751887e-01 1.00000000000000e+05 
1.24097260105617e-01 1.00000000000000e+05 
1.24409012931878e-01 1.00000000000000e+05 
1.24720933981079e-01 1.00000000000000e+05 
1.25032757410034e-01 1.00000000000000e+05 
1.25344196272435e-01 1.00000000000000e+05 
1.25655626091297e-01 1.00000000000000e+05 
1.25966783613546e-01 1.00000000000000e+05 
1.26278024946754e-01 1.00000000000000e+05 
1.26589106935915e-01 1.00000000000000e+05 
1.26900353029363e-01 1.00000000000000e+05 
1.27211532482238e-01 1.00000000000000e+05 
1.27522944405335e-01 1.00000000000000e+05 
1.27834379679360e-01 1.00000000000000e+05 
1.28146110043938e-01 1.00000000000000e+05 
1.28457999465234e-01 1.00000000000000e+05 
1.28770180029334e-01 1.00000000000000e+05 
1.29082478707458e-01 1.00000000000000e+05 
1.29395041980486e-01 1.00000000000000e+05 
1.29707728963405e-01 1.00000000000000e+05 
1.30020713534811e-01 1.00000000000000e+05 
1.30333824103989e-01 1.00000000000000e+05 
1.30647207242658e-01 1.00000000000000e+05 
1.30960667226795e-01 1.00000000000000e+05 
1.31274338820358e-01 1.00000000000000e+05 
1.31588032070159e-01 1.00000000000000e+05 
1.31901877117423e-01 1.00000000000000e+05 
1.32215682748940e-01 1.00000000000000e+05 
1.32529572132188e-01 1.00000000000000e+05 
1.32843350401688e-01 1.00000000000000e+05 
1.33157137780710e-01 1.00000000000000e+05 
1.33470658667965e-01 1.00000000000000e+05 
1.33784174125898e-01 1.00000000000000e+05 
1.34097393838385e-01 1.00000000000000e+05 
1.34410616187758e-01 1.00000000000000e+05 
1.34723540152270e-01 1.00000000000000e+05 
1.35036291664579e-01 1.00000000000000e+05 
1.35348718294935e-01 1.00000000000000e+05 
1.35660911899983e-01 1.00000000000000e+05 
1.35972784179131e-01 1.00000000000000e+05 
1.36284308615925e-01 1.00000000000000e+05 
1.36595586401697e-01 1.00000000000000e+05 
1.36906393351215e-01 1.00000000000000e+05 
1.37217020372951e-01 1.00000000000000e+05 
1.37527181505349e-01 1.00000000000002e+05 
1.37837152458014e-01 1.00000000000004e+05 
1.38146656057028e-01 1.00000000000010e+05 
1.38456327670199e-01 1.00000000000015e+05 
1.38765753183659e-01 1.00000000000027e+05 
1.39075583286083e-01 1.00000000000037e+05 
1.39384804447029e-01 1.00000000000065e+05 
1.39692783210826e-01 1.00000000000091e+05 
1.40000080213245e-01 1.00000000000168e+05 
1.40306452275076e-01 1.00000000000426e+05 
1.40612312067975e-01 1.00000000002267e+05 
1.40917682948191e-01 1.00000000005068e+05 
1.41218715470266e-01 1.00000000054760e+05 
1.41516094801502e-01 1.00000000111151e+05 
1.41808400966323e-01 1.00000000767468e+05 
1.42098130132689e-01 1.00000001990003e+05 
1.42390271432202e-01 1.00000003984257e+05 
1.42682673248351e-01 1.00000006453902e+05 
1.42972659256145e-01 1.00000009615044e+05 
1.43261670093076e-01 1.00000013223135e+05 
1.43549769677857e-01 1.00000017171674e+05 
1.43837907383360e-01 1.00000021578414e+05 
1.44125016921528e-01 1.00000026314225e+05 
1.44410135705597e-01 1.00000032113853e+05 
1.44693478710610e-01 1.00000040197749e+05 
1.44975328651821e-01 1.00000050699192e+05 
1.45255662509055e-01 1.00000066206160e+05 
1.45534498979668e-01 1.00000089366857e+05 
1.45811961902699e-01 1.00000126357406e+05 
1.46088332674008e-01 1.00000176654554e+05 
1.46364207877699e-01 1.00000255726757e+05 
1.46639704852803e-01 1.00000364683100e+05 
1.46915297450946e-01 1.00000523292254e+05 
1.47190872147975e-01 1.00000739612326e+05 
1.47466857992989e-01 1.00001035185599e+05 
1.47742640482673e-01 1.00001568483482e+05 
1.48018241973012e-01 1.00002285524724e+05 
1.48293710723481e-01 1.00003172110766e+05 
1.48568958792961e-01 1.00004216703620e+05 
1.48844110023055e-01 1.00005475899444e+05 
1.49119118159518e-01 1.00006971739999e+05 
1.49394100101333e-01 1.00008693295991e+05 
1.49669194126417e-01 1.00010673498177e+05 
1.49944206351477e-01 1.00012891107831e+05 
1.50219226311216e-01 1.00015371689928e+05 
1.50494271599131e-01 1.00018080641878e+05 
1.50769214530724e-01 1.00021102363557e+05 
1.51044347912323e-01 1.00024427086297e+05 
1.51319505333508e-01 1.00028215870096e+05 
1.51595006670850e-01 1.00032444216224e+05 
1.51870454503709e-01 1.00037717360990e+05 
1.52146397567338e-01 1.00043993497590e+05 
1.52422368887925e-01 1.00052452494927e+05 
1.52698827660752e-01 1.00063647678956e+05 
1.52975406616208e-01 1.00079274078457e+05 
1.53252490135371e-01 1.00101251289894e+05 
1.53529769531888e-01 1.00131494245699e+05 
1.53807559624783e-01 1.00172765807105e+05 
1.54085587196634e-01 1.00228568519908e+05 
1.54364134847102e-01 1.00303859426578e+05 
1.54642949661821e-01 1.00401892950989e+05 
1.54922259287045e-01 1.00528691923404e+05 
1.55201841157413e-01 1.00689840180985e+05 
1.55481897659752e-01 1.00892312717080e+05 
1.55762177951514e-01 1.01140262169986e+05 
1.56042868890788e-01 1.01445856244113e+05 
1.56323233788096e-01 1.01810344225603e+05 
1.56603459639443e-01 1.02240396267809e+05 
1.56883444788681e-01 1.02732754700355e+05 
1.57163244963387e-01 1.03289232535476e+05 
1.57442855163900e-01 1.03901064020540e+05 
1.57722465145918e-01 1.04565247520941e+05 
1.58001996695194e-01 1.05265203665348e+05 
1.58281649943101e-01 1.05992488018653e+05 
1.58561308205493e-01 1.06725428349902e+05 
1.58841159635741e-01 1.07452798050089e+05 
1.59121065506144e-01 1.08151936047705e+05 
1.59401207577816e-01 1.08809551993920e+05 
1.59681436850881e-01 1.09399435233821e+05 
1.59961933243651e-01 1.09920470134927e+05 
1.60242542628629e-01 1.10353548532763e+05 
1.60523438779965e-01 1.10726768165576e+05 
1.60804382816557e-01 1.10940059391553e+05 
1.61085591439802e-01 1.11032758744041e+05 
1.61366796391202e-01 1.11008476627351e+05 
1.61648295081009e-01 1.10941500534943e+05 
1.61929806854970e-01 1.10858690975386e+05 
1.62211629391221e-01 1.10768996785372e+05 
1.62493496648096e-01 1.10661816599468e+05 
1.62775188395315e-01 1.10548152466754e+05 
1.63056755178472e-01 1.10429855291513e+05 
1.63338425693342e-01 1.10315237612822e+05 
1.63620228167061e-01 1.10197694142871e+05 
1.63902320898416e-01 1.10087868582739e+05 
1.64184751157306e-01 1.09977210470904e+05 
1.64467621278469e-01 1.09875195920245e+05 
1.64751004217308e-01 1.09774343494177e+05 
1.65034879213606e-01 1.09680782145708e+05 
1.65319326900910e-01 1.09588679622556e+05 
1.65604250484636e-01 1.09498469882482e+05 
1.65889742280440e-01 1.09407311193255e+05 
1.66175662309792e-01 1.09316665260134e+05 
1.66462111214143e-01 1.09225802280411e+05 
1.66748900079485e-01 1.09132303911990e+05 
1.67036194596288e-01 1.09037796319699e+05 
1.67323771006382e-01 1.08939532498822e+05 
1.67611743517410e-01 1.08840173793696e+05 
1.67899975706619e-01 1.08737294663508e+05 
1.68188533736726e-01 1.08633697508015e+05 
1.68477335238899e-01 1.08527293228139e+05 
1.68766442622957e-01 1.08420670196028e+05 
1.69055812715782e-01 1.08312099671019e+05 
1.69345513431894e-01 1.08204227593215e+05 
1.69635522784793e-01 1.08095148521647e+05 
1.69925904453372e-01 1.07987358676004e+05 
1.70216647718077e-01 1.07878906380542e+05 
1.70507809037999e-01 1.07771886533821e+05 
1.70799374982770e-01 1.07664053966849e+05 
1.71091456066070e-01 1.07557812012841e+05 
1.71383908049173e-01 1.07450511325758e+05 
1.71676883354667e-01 1.07344793786111e+05 
1.71969968984550e-01 1.07237903951964e+05 
1.72263011522101e-01 1.07132195799375e+05 
1.72556113027636e-01 1.07026060104889e+05 
1.72849204325350e-01 1.06920277471315e+05 
1.73142387231492e-01 1.06815636263994e+05 
1.73435598700000e-01 1.06712611597055e+05 
1.73728941262936e-01 1.06610921867679e+05 
1.74022358036814e-01 1.06511336438501e+05 
1.74315951348385e-01 1.06412431173715e+05 
1.74609669665640e-01 1.06315286265550e+05 
1.74903612893507e-01 1.06218763730518e+05 
1.75197732164041e-01 1.06123542835345e+05 
1.75492123219759e-01 1.06028901240804e+05 
1.75786742382326e-01 1.05935824568288e+05 
1.76081683167598e-01 1.05843380879703e+05 
1.76376912856813e-01 1.05752569953651e+05 
1.76672514458672e-01 1.05662655520142e+05 
1.76968305046729e-01 1.05574018446076e+05 
1.77264654603815e-01 1.05486675303733e+05 
1.77561084972238e-01 1.05400255524701e+05 
1.77858141292645e-01 1.05315093173281e+05 
1.78155368006126e-01 1.05230459829512e+05 
1.78453216493332e-01 1.05147255127033e+05 
1.78751304955026e-01 1.05064475592672e+05 
1.79050027454713e-01 1.04983139824898e+05 
1.79349037343527e-01 1.04901984791329e+05 
1.79648690656820e-01 1.04822337296904e+05 
1.79948677393393e-01 1.04742643623635e+05 
1.80248951596592e-01 1.04664682929287e+05 
1.80549172531654e-01 1.04586633842502e+05 
1.80849572589789e-01 1.04510347833927e+05 
1.81149965459848e-01 1.04433924117916e+05 
1.81450592470584e-01 1.04359098842485e+05 
1.81751253926278e-01 1.04284043062626e+05 
1.82052206234588e-01 1.04210426220762e+05 
1.82353247019225e-01 1.04136440925916e+05 
1.82654651977873e-01 1.04063724147744e+05 
1.82956181129802e-01 1.03990561670176e+05 
1.83257808464642e-01 1.03918677103521e+05 
1.83559522008527e-01 1.03846601656648e+05 
1.83861373695584e-01 1.03775628661932e+05 
1.84163357297669e-01 1.03705455066376e+05 
1.84465498128285e-01 1.03635797953262e+05 
1.84767766144654e-01 1.03567861691914e+05 
1.85070234483023e-01 1.03499778089059e+05 
1.85372873468180e-01 1.03432398983996e+05 
1.85675759817982e-01 1.03366059954682e+05 
1.85978862850875e-01 1.03299182563129e+05 
1.86282260671019e-01 1.03234585604812e+05 
1.86585922778077e-01 1.03168540256360e+05 
1.86889925746520e-01 1.03105213442591e+05 
1.87194222829547e-01 1.03040479712780e+05 
1.87498901674940e-01 1.02978579048208e+05 
1.87803895553450e-01 1.02915433851058e+05 
1.88109309271725e-01 1.02855064536119e+05 
1.88415062377703e-01 1.02793845927867e+05 
1.88721255117200e-01 1.02735361090749e+05 
1.89027614765867e-01 1.02676407966333e+05 
1.89334029972836e-01 1.02620218392934e+05 
1.89640376111500e-01 1.02562502574293e+05 
1.89946708533000e-01 1.02509585522739e+05 
1.90252902880957e-01 1.02453152978474e+05 
1.90559008939929e-01 1.02403900489235e+05 
1.90864811034517e-01 1.02349645820643e+05 
1.91170364335852e-01 1.02303518592416e+05 
1.91475442833566e-01 1.02252875851512e+05 
1.91780149635260e-01 1.02209002850667e+05 
1.92084255593794e-01 1.02161242075646e+05 
1.92387850308875e-01 1.02119143734293e+05 
1.92690688396283e-01 1.02074094835162e+05 
1.92992870512710e-01 1.02033933285330e+05 
1.93294156793742e-01 1.01991750485241e+05 
1.93594628909318e-01 1.01950718026580e+05 
1.93895674251315e-01 1.01913645540379e+05 
1.94196003891882e-01 1.01876835924371e+05 
1.94495110391991e-01 1.01843062842963e+05 
1.94793413287157e-01 1.01809027239138e+05 
1.95090389786437e-01 1.01777338784478e+05 
1.95386258745465e-01 1.01745175753520e+05 
1.95680510051421e-01 1.01715078294484e+05 
1.95973448702997e-01 1.01684752541145e+05 
1.96264677712893e-01 1.01656254122541e+05 
1.96554549893933e-01 1.01628467166994e+05 
1.96842768652017e-01 1.01602524060522e+05 
1.97129660751119e-01 1.01577418319376e+05 
1.97414998591043e-01 1.01553837833627e+05 
1.97699088135025e-01 1.01530950666205e+05 
1.97981826183320e-01 1.01509217326146e+05 
1.98263490884734e-01 1.01488165042346e+05 
1.98544090180725e-01 1.01468462317541e+05 
1.98823857391132e-01 1.01448839071529e+05 
1.99102803519976e-01 1.01431487072692e+05 
1.99381116833901e-01 1.01412947714463e+05 
1.99658395856895e-01 1.01396163629334e+05 
1.99935135483920e-01 1.01379568352198e+05 
2.00211011627417e-01 1.01363646459378e+05 
