# Liste des scalaires : TEMPS pmat 
0.00000000000000e+00 1.00000000000000e+05 
7.22956891292051e-05 1.00000000000000e+05 
1.39473830159789e-04 1.00000000000000e+05 
2.09658797050092e-04 1.00000000000000e+05 
2.76117114236748e-04 1.00000000000000e+05 
3.20638761908146e-04 1.00000000000000e+05 
3.55139419127696e-04 1.00000000000000e+05 
3.84466703006977e-04 1.00000000000000e+05 
4.10882456555381e-04 1.00000000000000e+05 
4.35440253196359e-04 1.00000000000000e+05 
4.62453829501435e-04 1.00000000000000e+05 
4.92168763437018e-04 1.00000000000000e+05 
5.24855190766160e-04 1.00000000000000e+05 
5.60810260828216e-04 1.00000000000000e+05 
6.00360837896478e-04 1.00000000000000e+05 
6.43866472671566e-04 1.00000000000000e+05 
6.91722670924162e-04 1.00000000000000e+05 
7.44364489002019e-04 1.00000000000000e+05 
8.02270488887660e-04 1.00000000000000e+05 
8.65967088761866e-04 1.00000000000000e+05 
9.36033348623493e-04 1.00000000000000e+05 
1.01310623447128e-03 1.00000000000000e+05 
1.09788640890385e-03 1.00000000000000e+05 
1.19114460077968e-03 1.00000000000000e+05 
1.28874595967999e-03 1.00000000000000e+05 
1.39427742078093e-03 1.00000000000000e+05 
1.50221628787629e-03 1.00000000000000e+05 
1.61553425737488e-03 1.00000000000000e+05 
1.73457348070840e-03 1.00000000000000e+05 
1.85733677968632e-03 1.00000000000000e+05 
1.98616223838891e-03 1.00000000000000e+05 
2.11872938704648e-03 1.00000000000000e+05 
2.25541689819684e-03 1.00000000000000e+05 
2.39772133018697e-03 1.00000000000000e+05 
2.54485627309115e-03 1.00000000000000e+05 
2.69657390129223e-03 1.00000000000000e+05 
2.85238267869195e-03 1.00000000000000e+05 
3.01245336052057e-03 1.00000000000000e+05 
3.17812497446117e-03 1.00000000000000e+05 
3.34903914085946e-03 1.00000000000000e+05 
3.52550659026310e-03 1.00000000000000e+05 
3.70726992321378e-03 1.00000000000000e+05 
3.89587589613585e-03 1.00000000000000e+05 
4.08975108537176e-03 1.00000000000000e+05 
4.28959471140215e-03 1.00000000000000e+05 
4.49516060408417e-03 1.00000000000000e+05 
4.70839016598756e-03 1.00000000000000e+05 
4.92856382961003e-03 1.00000000000000e+05 
5.15483884145771e-03 1.00000000000000e+05 
5.38810296190523e-03 1.00000000000000e+05 
5.62716630832507e-03 1.00000000000000e+05 
5.87020911792081e-03 1.00000000000000e+05 
6.12048301668714e-03 1.00000000000000e+05 
6.37286594506297e-03 1.00000000000000e+05 
6.63255281660233e-03 1.00000000000000e+05 
6.89402258475613e-03 1.00000000000000e+05 
7.16407888327029e-03 1.00000000000000e+05 
7.43688359574231e-03 1.00000000000000e+05 
7.71399396444565e-03 1.00000000000000e+05 
7.99382024823428e-03 1.00000000000000e+05 
8.27676476722822e-03 1.00000000000000e+05 
8.55486963386527e-03 1.00000000000000e+05 
8.82693129547693e-03 1.00000000000000e+05 
9.09434992258096e-03 1.00000000000000e+05 
9.35798204986447e-03 1.00000000000000e+05 
9.61828190541874e-03 1.00000000000000e+05 
9.87458790234752e-03 1.00000000000000e+05 
1.01275999953477e-02 1.00000000000000e+05 
1.03780906811822e-02 1.00000000000000e+05 
1.06260594905174e-02 1.00000000000000e+05 
1.08549555578628e-02 1.00000000000000e+05 
1.10600486332176e-02 1.00000000000000e+05 
1.12527947217592e-02 1.00000000000000e+05 
1.14376549756423e-02 1.00000000000000e+05 
1.16160555219789e-02 1.00000000000000e+05 
1.17893912879688e-02 1.00000000000000e+05 
1.19585465339593e-02 1.00000000000000e+05 
1.21239074154106e-02 1.00000000000000e+05 
1.22865738891898e-02 1.00000000000000e+05 
1.24467469614594e-02 1.00000000000000e+05 
1.26054874592819e-02 1.00000000000000e+05 
1.27630810541419e-02 1.00000000000000e+05 
1.29205520396243e-02 1.00000000000000e+05 
1.30780807961603e-02 1.00000000000000e+05 
1.32361973830352e-02 1.00000000000000e+05 
1.33950989805806e-02 1.00000000000000e+05 
1.35552086586734e-02 1.00000000000000e+05 
1.37173208047589e-02 1.00000000000000e+05 
1.38814664504087e-02 1.00000000000000e+05 
1.40484211182973e-02 1.00000000000000e+05 
1.42181138287473e-02 1.00000000000000e+05 
1.43911498233139e-02 1.00000000000000e+05 
1.45673282739547e-02 1.00000000000000e+05 
1.47470941339115e-02 1.00000000000000e+05 
1.49301017809952e-02 1.00000000000000e+05 
1.51166580849504e-02 1.00000000000000e+05 
1.53062791400080e-02 1.00000000000000e+05 
1.54991695376867e-02 1.00000000000000e+05 
1.56947340243266e-02 1.00000000000000e+05 
1.58931147841676e-02 1.00000000000000e+05 
1.60936471854336e-02 1.00000000000000e+05 
1.62964537878189e-02 1.00000000000000e+05 
1.65003396610805e-02 1.00000000000000e+05 
1.67064306778121e-02 1.00000000000000e+05 
1.69135316108564e-02 1.00000000000000e+05 
1.71217136148695e-02 1.00000000000000e+05 
1.73305044490413e-02 1.00000000000000e+05 
1.75398673747805e-02 1.00000000000000e+05 
1.77495403258265e-02 1.00000000000000e+05 
1.79594906685486e-02 1.00000000000000e+05 
1.81695742467855e-02 1.00000000000000e+05 
1.83797974691636e-02 1.00000000000000e+05 
1.85901645436186e-02 1.00000000000000e+05 
1.87996440368273e-02 1.00000000000000e+05 
1.90099992383962e-02 1.00000000000000e+05 
1.92173416367049e-02 1.00000000000000e+05 
1.94158780224950e-02 1.00000000000000e+05 
1.96006512334489e-02 1.00000000000000e+05 
1.97744543969732e-02 1.00000000000000e+05 
1.99417107978379e-02 1.00000000000000e+05 
2.01052570461784e-02 1.00000000000000e+05 
2.02631652444318e-02 1.00000000000000e+05 
2.04176930693537e-02 1.00000000000000e+05 
2.05712972567069e-02 1.00000000000000e+05 
2.07246845320369e-02 1.00000000000000e+05 
2.08792476094652e-02 1.00000000000000e+05 
2.10351496194859e-02 1.00000000000000e+05 
2.11932760280760e-02 1.00000000000000e+05 
2.13529112192896e-02 1.00000000000000e+05 
2.15128597527672e-02 1.00000000000000e+05 
2.16733904362425e-02 1.00000000000000e+05 
2.18353010918731e-02 1.00000000000000e+05 
2.19987100599882e-02 1.00000000000000e+05 
2.21641309573103e-02 1.00000000000000e+05 
2.23316035361519e-02 1.00000000000000e+05 
2.25014615341428e-02 1.00000000000000e+05 
2.26736856670572e-02 1.00000000000000e+05 
2.28482712823588e-02 1.00000000000000e+05 
2.30235350510243e-02 1.00000000000000e+05 
2.31998128578951e-02 1.00000000000000e+05 
2.33771628855354e-02 1.00000000000000e+05 
2.35558903703540e-02 1.00000000000000e+05 
2.37360206871584e-02 1.00000000000000e+05 
2.39178186995870e-02 1.00000000000000e+05 
2.41012033568739e-02 1.00000000000000e+05 
2.42862962713306e-02 1.00000000000000e+05 
2.44728281426968e-02 1.00000000000000e+05 
2.46601439253493e-02 1.00000000000000e+05 
2.48482311299342e-02 1.00000000000000e+05 
2.50374499829568e-02 1.00000000000000e+05 
2.52277508526827e-02 1.00000000000000e+05 
2.54193561937957e-02 1.00000000000000e+05 
2.56122031287187e-02 1.00000000000000e+05 
2.58065253026915e-02 1.00000000000000e+05 
2.60022342748510e-02 1.00000000000000e+05 
2.61992298941946e-02 1.00000000000000e+05 
2.63970568840500e-02 1.00000000000000e+05 
2.65960099892061e-02 1.00000000000000e+05 
2.67959130947631e-02 1.00000000000000e+05 
2.69970641681810e-02 1.00000000000000e+05 
2.71993429653334e-02 1.00000000000000e+05 
2.74028737315734e-02 1.00000000000000e+05 
2.76074647898836e-02 1.00000000000000e+05 
2.78131058144111e-02 1.00000000000000e+05 
2.80197765890087e-02 1.00000000000000e+05 
2.82276079436932e-02 1.00000000000000e+05 
2.84363730220986e-02 1.00000000000000e+05 
2.86463349701957e-02 1.00000000000000e+05 
2.88567363116710e-02 1.00000000000000e+05 
2.90685790357491e-02 1.00000000000000e+05 
2.92811887395355e-02 1.00000000000000e+05 
2.94947592426092e-02 1.00000000000000e+05 
2.97090782828526e-02 1.00000000000000e+05 
2.99243749449522e-02 1.00000000000000e+05 
3.01403060655589e-02 1.00000000000000e+05 
3.03571608454725e-02 1.00000000000000e+05 
3.05744529521266e-02 1.00000000000000e+05 
3.07929814047896e-02 1.00000000000000e+05 
3.10121466643728e-02 1.00000000000000e+05 
3.12322011576631e-02 1.00000000000000e+05 
3.14527906237979e-02 1.00000000000000e+05 
3.16742192885210e-02 1.00000000000000e+05 
3.18961174317890e-02 1.00000000000000e+05 
3.21188533661610e-02 1.00000000000000e+05 
3.23418992371871e-02 1.00000000000000e+05 
3.25660186486226e-02 1.00000000000000e+05 
3.27906273882527e-02 1.00000000000000e+05 
3.30163417470397e-02 1.00000000000000e+05 
3.32425852771112e-02 1.00000000000000e+05 
3.34696844760918e-02 1.00000000000000e+05 
3.36971061849716e-02 1.00000000000000e+05 
3.39253100587320e-02 1.00000000000000e+05 
3.41536098511936e-02 1.00000000000000e+05 
3.43828036389826e-02 1.00000000000000e+05 
3.46122893989956e-02 1.00000000000000e+05 
3.48427650124507e-02 1.00000000000000e+05 
3.50717322504600e-02 1.00000000000000e+05 
3.53012239200403e-02 1.00000000000000e+05 
3.55304830008908e-02 1.00000000000000e+05 
3.57578131297886e-02 1.00000000000000e+05 
3.59829110836827e-02 1.00000000000000e+05 
3.62075103342972e-02 1.00000000000000e+05 
3.64312222695340e-02 1.00000000000000e+05 
3.66548460782265e-02 1.00000000000000e+05 
3.68783197194925e-02 1.00000000000000e+05 
3.71014882706196e-02 1.00000000000000e+05 
3.73246696007408e-02 1.00000000000000e+05 
3.75476713039054e-02 1.00000000000000e+05 
3.77706424283156e-02 1.00000000000000e+05 
3.79935720801228e-02 1.00000000000000e+05 
3.82163806343736e-02 1.00000000000000e+05 
3.84391626390757e-02 1.00000000000000e+05 
3.86618823293326e-02 1.00000000000000e+05 
3.88847703301878e-02 1.00000000000000e+05 
3.91077779868882e-02 1.00000000000000e+05 
3.93311263670878e-02 1.00000000000000e+05 
3.95544200116795e-02 1.00000000000000e+05 
3.97778439521900e-02 1.00000000000000e+05 
4.00014783938958e-02 1.00000000000000e+05 
4.02252027986005e-02 1.00000000000000e+05 
4.04490873378588e-02 1.00000000000000e+05 
4.06733568292275e-02 1.00000000000000e+05 
4.08977725084175e-02 1.00000000000000e+05 
4.11226962099554e-02 1.00000000000000e+05 
4.13478690887889e-02 1.00000000000000e+05 
4.15736099906730e-02 1.00000000000000e+05 
4.17997680832149e-02 1.00000000000000e+05 
4.20262712025865e-02 1.00000000000000e+05 
4.22532050787113e-02 1.00000000000000e+05 
4.24805955881107e-02 1.00000000000000e+05 
4.27085073074155e-02 1.00000000000000e+05 
4.29369933303871e-02 1.00000000000000e+05 
4.31660991105414e-02 1.00000000000000e+05 
4.33958850668462e-02 1.00000000000000e+05 
4.36263966189019e-02 1.00000000000000e+05 
4.38576863654247e-02 1.00000000000000e+05 
4.40897987464133e-02 1.00000000000000e+05 
4.43225882914511e-02 1.00000000000000e+05 
4.45562360762622e-02 1.00000000000000e+05 
4.47904930036673e-02 1.00000000000000e+05 
4.50256743251198e-02 1.00000000000000e+05 
4.52615405769939e-02 1.00000000000000e+05 
4.54983633442369e-02 1.00000000000000e+05 
4.57359542037037e-02 1.00000000000000e+05 
4.59745522338689e-02 1.00000000000000e+05 
4.62139988317952e-02 1.00000000000000e+05 
4.64545226592208e-02 1.00000000000000e+05 
4.66959324860208e-02 1.00000000000000e+05 
4.69381728006361e-02 1.00000000000000e+05 
4.71813463215367e-02 1.00000000000000e+05 
4.74253090600687e-02 1.00220597014018e+05 
4.76702330931867e-02 1.02020501656514e+05 
4.79160397419942e-02 1.06599962285854e+05 
4.81628429149391e-02 1.14945486932109e+05 
4.84106098070663e-02 1.27297087259731e+05 
4.86598466221342e-02 1.42231544161740e+05 
4.89100158192073e-02 1.57535608540809e+05 
4.91612977197072e-02 1.74236494056640e+05 
4.94135041867429e-02 1.85608828554591e+05 
4.96668416079597e-02 1.92819700802629e+05 
4.99211383789974e-02 1.95480511837632e+05 
5.01766665057385e-02 1.95161971075044e+05 
5.04331821003330e-02 1.94533714326609e+05 
5.06910674168337e-02 1.93461195186570e+05 
5.09500153229306e-02 1.91814719978548e+05 
5.12103752206220e-02 1.89621776555729e+05 
5.14717750324072e-02 1.87256317152401e+05 
5.17343907272479e-02 1.84836664868588e+05 
5.19981026598770e-02 1.82444618566400e+05 
5.22630942186187e-02 1.80206190791520e+05 
5.25291202572937e-02 1.78164458801707e+05 
5.27956053871247e-02 1.76342445981866e+05 
5.30601884736191e-02 1.74727717377134e+05 
5.33233249301568e-02 1.73279386071065e+05 
5.35851639557702e-02 1.71951185351310e+05 
5.38455470336106e-02 1.70704786745393e+05 
5.41045932268245e-02 1.69503852377420e+05 
5.43630209027702e-02 1.68317119528806e+05 
5.46202107353967e-02 1.67124523317759e+05 
5.48767360360987e-02 1.65908615021508e+05 
5.51326290062461e-02 1.64660733728390e+05 
5.53883097297018e-02 1.63376274126244e+05 
5.56434868337296e-02 1.62057730389799e+05 
5.58987942485750e-02 1.60705793787495e+05 
5.61536966492318e-02 1.59328886239880e+05 
5.64089205467029e-02 1.57929713403550e+05 
5.66639761031936e-02 1.56518757258525e+05 
5.69191926785787e-02 1.55101574388048e+05 
5.71745643375155e-02 1.53688291316541e+05 
5.74304587771555e-02 1.52281231091781e+05 
5.76866987846675e-02 1.50887388748792e+05 
5.79437410839048e-02 1.49524806055090e+05 
5.82014664059860e-02 1.48210442274530e+05 
5.84600928489563e-02 1.46933959328786e+05 
5.87196281029600e-02 1.45737322065701e+05 
5.89798847778179e-02 1.44669876937306e+05 
5.92405372940310e-02 1.43687772747213e+05 
5.95014912801127e-02 1.42827067270925e+05 
5.97618815730505e-02 1.42127763315953e+05 
6.00208209839291e-02 1.41800547219900e+05 
6.02779908861883e-02 1.41761274131680e+05 
6.05335389910470e-02 1.41902859187327e+05 
6.07879186942275e-02 1.42102782913133e+05 
6.10415032706502e-02 1.42439595218712e+05 
6.12947278708531e-02 1.42901326356035e+05 
6.15479238074463e-02 1.43456831875452e+05 
6.18014207052072e-02 1.44038665304090e+05 
6.20550214282329e-02 1.44587756729524e+05 
6.23090456173747e-02 1.45128504482344e+05 
6.25632002936045e-02 1.45489228606250e+05 
6.28177004124245e-02 1.45603750297206e+05 
6.30732479240037e-02 1.45628507054588e+05 
6.33294017657212e-02 1.45528005838911e+05 
6.35859173862997e-02 1.45223600784810e+05 
6.38428101453429e-02 1.44767980489132e+05 
6.40998846044614e-02 1.44157665721895e+05 
6.43569942319393e-02 1.43397729897691e+05 
6.46141414662171e-02 1.42556438344020e+05 
6.48712001677667e-02 1.41636912644806e+05 
6.51282848070228e-02 1.40666828602126e+05 
6.53852186698558e-02 1.39677802369567e+05 
6.56420732794179e-02 1.38679872890245e+05 
6.58984895270162e-02 1.37700832973029e+05 
6.61547432348955e-02 1.36748085870451e+05 
6.64105553317312e-02 1.35828927391082e+05 
6.66660049229985e-02 1.34948725258089e+05 
6.69207531831585e-02 1.34111046345176e+05 
6.71749195087833e-02 1.33314265003564e+05 
6.74281407956236e-02 1.32555991328111e+05 
6.76807153664528e-02 1.31831752807928e+05 
6.79333448901265e-02 1.31133864878693e+05 
6.81852049412330e-02 1.30458814642743e+05 
6.84362776248079e-02 1.29800498625637e+05 
6.86868184808223e-02 1.29152508087446e+05 
6.89367611261069e-02 1.28510052288827e+05 
6.91864602515136e-02 1.27873999734204e+05 
6.94358009212851e-02 1.27239562565870e+05 
6.96850615489322e-02 1.26612269361254e+05 
6.99341106151694e-02 1.26010370155976e+05 
7.01832648462496e-02 1.25435322579909e+05 
7.04324558781907e-02 1.24881725391610e+05 
7.06820561037654e-02 1.24482428620276e+05 
7.09318682813157e-02 1.24200172316484e+05 
7.11823668544945e-02 1.24015792893501e+05 
7.14333102932715e-02 1.23878440470003e+05 
7.16851790998680e-02 1.23898622215395e+05 
7.19376446745503e-02 1.24126133786431e+05 
7.21910731490273e-02 1.24564563446095e+05 
7.24451770298945e-02 1.25177666571599e+05 
7.27001840294927e-02 1.25938178068898e+05 
7.29560390063293e-02 1.26802668709790e+05 
7.32130983883897e-02 1.27697512276007e+05 
7.34708250023761e-02 1.28505473833385e+05 
7.37298713973498e-02 1.29224056517457e+05 
7.39896641671977e-02 1.29714088142759e+05 
7.42508313520966e-02 1.29938680617105e+05 
7.45127338138069e-02 1.29868893011663e+05 
7.47761569044565e-02 1.29662109385607e+05 
7.50404133692456e-02 1.29304500664695e+05 
7.53062508444980e-02 1.28685616856084e+05 
7.55729072494937e-02 1.27877319814636e+05 
7.58411297751133e-02 1.26915495794557e+05 
7.61100570359486e-02 1.25814031009255e+05 
7.63762429551977e-02 1.24639311409201e+05 
7.66407076926204e-02 1.23418173588053e+05 
7.69031929799501e-02 1.22170923157731e+05 
7.71651070564302e-02 1.20916268082574e+05 
7.74266251351269e-02 1.19670574221163e+05 
7.76877142538738e-02 1.18442102513275e+05 
7.79485629113065e-02 1.17239290213480e+05 
7.82098743730278e-02 1.16062066175245e+05 
7.84719081404331e-02 1.14911141281817e+05 
7.87334391611944e-02 1.13793096250488e+05 
7.89952685256334e-02 1.12703945113877e+05 
7.92532718286951e-02 1.11659487921351e+05 
7.95091210044517e-02 1.10650865078946e+05 
7.97626037350265e-02 1.09677414014613e+05 
8.00156143701272e-02 1.08730506115732e+05 
8.02678462447851e-02 1.07810433746801e+05 
8.05204265776835e-02 1.06912933537343e+05 
8.07727326231876e-02 1.06039008389969e+05 
8.10249184115021e-02 1.05186579780087e+05 
8.12771169868220e-02 1.04355766183265e+05 
8.15298275786654e-02 1.03544294337401e+05 
8.17829991049362e-02 1.02751773931733e+05 
8.20369051809664e-02 1.01977134321271e+05 
8.22911194080597e-02 1.01221338526182e+05 
8.25457809382863e-02 1.00483553693726e+05 
8.28008957379996e-02 9.97627162785333e+04 
8.30566039655837e-02 9.90600476156867e+04 
8.33127559830541e-02 9.83744903774880e+04 
8.35692263713417e-02 9.77061979623334e+04 
8.38264959971802e-02 9.70535822011323e+04 
8.40840622343523e-02 9.64164739844442e+04 
8.43423049095492e-02 9.57947785538529e+04 
8.46010312623880e-02 9.51835553970735e+04 
8.48605138386594e-02 9.45907827743710e+04 
8.51206499850178e-02 9.40076627386913e+04 
8.53814655661198e-02 9.34373564984538e+04 
8.56432019832099e-02 9.28788241824543e+04 
8.59054594418330e-02 9.23318061291717e+04 
8.61684316606483e-02 9.17987459217678e+04 
8.64316756903881e-02 9.12727894417120e+04 
8.66953793236364e-02 9.07585442397559e+04 
8.69591289387964e-02 9.02522396074590e+04 
8.72230832583345e-02 8.97566668041904e+04 
8.74869470551499e-02 8.92707184787024e+04 
8.77507095983201e-02 8.87943740813148e+04 
8.80140529582139e-02 8.83281263425197e+04 
8.82771459666035e-02 8.78701911851156e+04 
8.85398710417582e-02 8.74222424104802e+04 
8.88023322555861e-02 8.69818392222440e+04 
8.90645494679046e-02 8.65509820034359e+04 
8.93265434269046e-02 8.61278154460727e+04 
8.95883416039620e-02 8.57136143146981e+04 
8.98499592636484e-02 8.53063730548297e+04 
9.01114793041012e-02 8.49071710221070e+04 
9.03729241607336e-02 8.45137614133043e+04 
9.06342586942605e-02 8.41263209621758e+04 
9.08956295457113e-02 8.37445533435322e+04 
9.11568582379439e-02 8.33689293394319e+04 
9.14181816737863e-02 8.29985875759385e+04 
9.16793736399826e-02 8.26341351186888e+04 
9.19407765298761e-02 8.22749210245657e+04 
9.22021300865605e-02 8.19215422268023e+04 
9.24636245240926e-02 8.15736590770581e+04 
9.27250368134103e-02 8.12318542761036e+04 
9.29866032701707e-02 8.08958327663189e+04 
9.32480750946526e-02 8.05661515936860e+04 
9.35098109120742e-02 8.02424290802654e+04 
9.37716829155507e-02 7.99250850828702e+04 
9.40339853686483e-02 7.96138574845235e+04 
9.42964579312229e-02 7.93092691830751e+04 
9.45592311992835e-02 7.90112763791259e+04 
9.48223210665355e-02 7.87201206573359e+04 
9.50857922792850e-02 7.84355679474993e+04 
9.53496719036965e-02 7.81578500411992e+04 
9.56140091277521e-02 7.78868619425732e+04 
9.58787571054002e-02 7.76226147961190e+04 
9.61440750684185e-02 7.73650125748189e+04 
9.64098173760049e-02 7.71142063214928e+04 
9.66761795664787e-02 7.68700426406676e+04 
9.69430658620089e-02 7.66323761969882e+04 
9.72105715168531e-02 7.64009932137040e+04 
9.74786504718338e-02 7.61753398436376e+04 
9.77472448627614e-02 7.59557004033190e+04 
9.80164241346480e-02 7.57419948659048e+04 
9.82860967628700e-02 7.55335237502285e+04 
9.85564839357022e-02 7.53291845202972e+04 
9.88273541581561e-02 7.51312952865101e+04 
9.90989185959672e-02 7.49387215949647e+04 
9.93708635695770e-02 7.47512482852026e+04 
9.96429590892072e-02 7.45673120859196e+04 
9.99155554887749e-02 7.43845479549909e+04 
1.00188399326530e-01 7.42014560017479e+04 
1.00461675216393e-01 7.40201004567165e+04 
1.00735137486906e-01 7.38416283009651e+04 
1.01009018477076e-01 7.36659963342111e+04 
1.01283118803979e-01 7.34965129955232e+04 
1.01557678912789e-01 7.33299004378675e+04 
1.01832531578131e-01 7.31705935334776e+04 
1.02107758356402e-01 7.30230967715695e+04 
1.02383398286142e-01 7.28867861573712e+04 
1.02659486052669e-01 7.27616909094098e+04 
1.02936020109314e-01 7.26489191741580e+04 
1.03213114079738e-01 7.25516663201952e+04 
1.03490712716355e-01 7.24532770948643e+04 
1.03768949568402e-01 7.24051606555736e+04 
1.04047750091367e-01 7.23949886307455e+04 
1.04327271608167e-01 7.24148930185335e+04 
1.04607432458254e-01 7.24774805112751e+04 
1.04888398201713e-01 7.25702762913894e+04 
1.05170071929364e-01 7.26672188303108e+04 
1.05452627595962e-01 7.27853363920944e+04 
1.05735951701832e-01 7.30220057442770e+04 
1.06020224072258e-01 7.34183250740166e+04 
1.06305320979644e-01 7.40349976999983e+04 
1.06591425073631e-01 7.49241552037667e+04 
1.06878396659850e-01 7.60393497394745e+04 
1.07166409083674e-01 7.73742497402032e+04 
1.07455310278773e-01 7.89016915447988e+04 
1.07745184364748e-01 8.05882643404220e+04 
1.08035970302031e-01 8.23811464239321e+04 
1.08327722519883e-01 8.42277430189555e+04 
1.08620428336717e-01 8.60686846391096e+04 
1.08914094868345e-01 8.78426104320682e+04 
1.09208726493448e-01 8.94948948310277e+04 
1.09504308785913e-01 9.09742340288280e+04 
1.09800817256333e-01 9.22759361791252e+04 
1.10098221010005e-01 9.32830260364195e+04 
1.10396449030844e-01 9.39725756814755e+04 
1.10695411003020e-01 9.44362312128583e+04 
1.10995087779210e-01 9.46435223785205e+04 
1.11295375505360e-01 9.48251057608323e+04 
1.11596084874590e-01 9.50138268203418e+04 
1.11897067734027e-01 9.51980062431139e+04 
1.12197987202510e-01 9.53820457586993e+04 
1.12498951281430e-01 9.55708980497394e+04 
1.12799827120175e-01 9.57615355522498e+04 
1.13100743052271e-01 9.59453222058117e+04 
1.13401605953009e-01 9.61086638108878e+04 
1.13702509803351e-01 9.62390508368738e+04 
1.14004159682551e-01 9.63323232993932e+04 
1.14305957480064e-01 9.63899659764911e+04 
1.14607900139505e-01 9.64139172876889e+04 
1.14910042267639e-01 9.64017980570695e+04 
1.15212322123599e-01 9.63569979604025e+04 
1.15514851787480e-01 9.62842479226294e+04 
1.15817626050917e-01 9.61906838704383e+04 
1.16120565086723e-01 9.60860169593598e+04 
1.16423674541059e-01 9.59748612120071e+04 
1.16726906956199e-01 9.58794190288854e+04 
1.17030356131311e-01 9.58114145145674e+04 
1.17333984293051e-01 9.57537428271472e+04 
1.17637881050958e-01 9.57543746209357e+04 
1.17942023572617e-01 9.58097381798166e+04 
1.18246477058191e-01 9.59434413789466e+04 
1.18551237894278e-01 9.60883094422605e+04 
1.18856328463119e-01 9.62482680545557e+04 
1.19161779357951e-01 9.64562077611807e+04 
1.19467536367264e-01 9.67304737183036e+04 
1.19773635426724e-01 9.70876155506466e+04 
1.20080108919479e-01 9.75035437016127e+04 
1.20386842869808e-01 9.79578427029093e+04 
1.20693988252544e-01 9.84332396525681e+04 
1.21001422518551e-01 9.89100824278727e+04 
1.21309293289283e-01 9.93750132048008e+04 
1.21617473031555e-01 9.98205427628030e+04 
1.21926099218259e-01 1.00250284460097e+05 
1.22235063322590e-01 1.00677678560092e+05 
1.22544488807313e-01 1.01130514305941e+05 
1.22854244053245e-01 1.01643704493072e+05 
1.23164462563246e-01 1.02265178475744e+05 
1.23474986309912e-01 1.03036366158658e+05 
1.23785978751887e-01 1.03989830345058e+05 
1.24097260105617e-01 1.05148858895822e+05 
1.24409012931878e-01 1.06509506937792e+05 
1.24720933981079e-01 1.08036207769118e+05 
1.25032757410034e-01 1.09660982107309e+05 
1.25344196272435e-01 1.11295643436644e+05 
1.25655626091297e-01 1.12858336463202e+05 
1.25966783613546e-01 1.14183307328869e+05 
1.26278024946754e-01 1.15224285810337e+05 
1.26589106935915e-01 1.15851890556361e+05 
1.26900353029363e-01 1.16131782983130e+05 
1.27211532482238e-01 1.16134836279784e+05 
1.27522944405335e-01 1.16069705035256e+05 
1.27834379679360e-01 1.15884607193062e+05 
1.28146110043938e-01 1.15548546854831e+05 
1.28457999465234e-01 1.15094800505933e+05 
1.28770180029334e-01 1.14569330916984e+05 
1.29082478707458e-01 1.14000310708620e+05 
1.29395041980486e-01 1.13428258497971e+05 
1.29707728963405e-01 1.12926363165528e+05 
1.30020713534811e-01 1.12480543472395e+05 
1.30333824103989e-01 1.12182035875393e+05 
1.30647207242658e-01 1.12051289321261e+05 
1.30960667226795e-01 1.12097977667830e+05 
1.31274338820358e-01 1.12168862416577e+05 
1.31588032070159e-01 1.12342206406893e+05 
1.31901877117423e-01 1.12657724412398e+05 
1.32215682748940e-01 1.13151861398208e+05 
1.32529572132188e-01 1.13775865388451e+05 
1.32843350401688e-01 1.14494595651441e+05 
1.33157137780710e-01 1.15258307803355e+05 
1.33470658667965e-01 1.16013324637091e+05 
1.33784174125898e-01 1.16691263006681e+05 
1.34097393838385e-01 1.17272634710350e+05 
1.34410616187758e-01 1.17654129111627e+05 
1.34723540152270e-01 1.17869812730688e+05 
1.35036291664579e-01 1.17967485572130e+05 
1.35348718294935e-01 1.17987903084284e+05 
1.35660911899983e-01 1.17901438137691e+05 
1.35972784179131e-01 1.17670553263057e+05 
1.36284308615925e-01 1.17291549227755e+05 
1.36595586401697e-01 1.16797826913940e+05 
1.36906393351215e-01 1.16221852636998e+05 
1.37217020372951e-01 1.15576490002966e+05 
1.37527181505349e-01 1.14884601490591e+05 
1.37837152458014e-01 1.14162021164248e+05 
1.38146656057028e-01 1.13424083006729e+05 
1.38456327670199e-01 1.12681573347000e+05 
1.38765753183659e-01 1.11946422120497e+05 
1.39075583286083e-01 1.11223489032950e+05 
1.39384804447029e-01 1.10522385662312e+05 
1.39692783210826e-01 1.09847522023196e+05 
1.40000080213245e-01 1.09198695590368e+05 
1.40306452275076e-01 1.08575422349611e+05 
1.40612312067975e-01 1.07975937034638e+05 
1.40917682948191e-01 1.07399173113098e+05 
1.41218715470266e-01 1.06847030912483e+05 
1.41516094801502e-01 1.06322657588360e+05 
1.41808400966323e-01 1.05832513272862e+05 
1.42098130132689e-01 1.05370375819189e+05 
1.42390271432202e-01 1.04930314629513e+05 
1.42682673248351e-01 1.04508592161348e+05 
1.42972659256145e-01 1.04152593679153e+05 
1.43261670093076e-01 1.03944987404065e+05 
1.43549769677857e-01 1.03952248216135e+05 
1.43837907383360e-01 1.04231405125058e+05 
1.44125016921528e-01 1.04807117478375e+05 
1.44410135705597e-01 1.05642863641579e+05 
1.44693478710610e-01 1.06725865266498e+05 
1.44975328651821e-01 1.08037626871926e+05 
1.45255662509055e-01 1.09541123287837e+05 
1.45534498979668e-01 1.11163306431501e+05 
1.45811961902699e-01 1.12845076211683e+05 
1.46088332674008e-01 1.14513466020176e+05 
1.46364207877699e-01 1.16035154445372e+05 
1.46639704852803e-01 1.17348650804200e+05 
1.46915297450946e-01 1.18567811049319e+05 
1.47190872147975e-01 1.19322268807610e+05 
1.47466857992989e-01 1.19700586449937e+05 
1.47742640482673e-01 1.19765084394162e+05 
1.48018241973012e-01 1.19414771781443e+05 
1.48293710723481e-01 1.19057526418390e+05 
1.48568958792961e-01 1.18666521590806e+05 
1.48844110023055e-01 1.18228683684263e+05 
1.49119118159518e-01 1.17738770947665e+05 
1.49394100101333e-01 1.17174951169124e+05 
1.49669194126417e-01 1.16544663506713e+05 
1.49944206351477e-01 1.15880713740938e+05 
1.50219226311216e-01 1.15193670231631e+05 
1.50494271599131e-01 1.14486876520635e+05 
1.50769214530724e-01 1.13771515805581e+05 
1.51044347912323e-01 1.13051658158670e+05 
1.51319505333508e-01 1.12333398808411e+05 
1.51595006670850e-01 1.11621292749967e+05 
1.51870454503709e-01 1.10920577500155e+05 
1.52146397567338e-01 1.10233146045113e+05 
1.52422368887925e-01 1.09561945534199e+05 
1.52698827660752e-01 1.08906638929614e+05 
1.52975406616208e-01 1.08269695914751e+05 
1.53252490135371e-01 1.07650119063944e+05 
1.53529769531888e-01 1.07049647166307e+05 
1.53807559624783e-01 1.06467907976253e+05 
1.54085587196634e-01 1.05903751239606e+05 
1.54364134847102e-01 1.05358641691239e+05 
1.54642949661821e-01 1.04832175610360e+05 
1.54922259287045e-01 1.04322375029699e+05 
1.55201841157413e-01 1.03828069696823e+05 
1.55481897659752e-01 1.03353458625420e+05 
1.55762177951514e-01 1.02895015113262e+05 
1.56042868890788e-01 1.02449201506907e+05 
1.56323233788096e-01 1.02015276447220e+05 
1.56603459639443e-01 1.01583545765035e+05 
1.56883444788681e-01 1.01160088196818e+05 
1.57163244963387e-01 1.00746127579526e+05 
1.57442855163900e-01 1.00343906890637e+05 
1.57722465145918e-01 9.99545344497018e+04 
1.58001996695194e-01 9.95740954859634e+04 
1.58281649943101e-01 9.92005480344448e+04 
1.58561308205493e-01 9.88322348822896e+04 
1.58841159635741e-01 9.84671679372858e+04 
1.59121065506144e-01 9.81039749071609e+04 
1.59401207577816e-01 9.77405595311310e+04 
1.59681436850881e-01 9.73772728852591e+04 
1.59961933243651e-01 9.70134000711909e+04 
1.60242542628629e-01 9.66494923650677e+04 
1.60523438779965e-01 9.62857493847973e+04 
1.60804382816557e-01 9.59233225883613e+04 
1.61085591439802e-01 9.55628590129436e+04 
1.61366796391202e-01 9.52057289531880e+04 
1.61648295081009e-01 9.48527143668809e+04 
1.61929806854970e-01 9.45052154656189e+04 
1.62211629391221e-01 9.41639737768600e+04 
1.62493496648096e-01 9.38302547225175e+04 
1.62775188395315e-01 9.35053055060367e+04 
1.63056755178472e-01 9.31898370213107e+04 
1.63338425693342e-01 9.28843968563003e+04 
1.63620228167061e-01 9.25895775376311e+04 
1.63902320898416e-01 9.23058650770047e+04 
1.64184751157306e-01 9.20336585449652e+04 
1.64467621278469e-01 9.17733413514504e+04 
1.64751004217308e-01 9.15251584980183e+04 
1.65034879213606e-01 9.12894382292287e+04 
1.65319326900910e-01 9.10662217377141e+04 
1.65604250484636e-01 9.08556714838882e+04 
1.65889742280440e-01 9.06575837766801e+04 
1.66175662309792e-01 9.04718748532671e+04 
1.66462111214143e-01 9.02981159771001e+04 
1.66748900079485e-01 9.01359777052151e+04 
1.67036194596288e-01 8.99847998145528e+04 
1.67323771006382e-01 8.98440394674104e+04 
1.67611743517410e-01 8.97129156410736e+04 
1.67899975706619e-01 8.95907070807287e+04 
1.68188533736726e-01 8.94765759385280e+04 
1.68477335238899e-01 8.93696833707908e+04 
1.68766442622957e-01 8.92690817258203e+04 
1.69055812715782e-01 8.91738407715068e+04 
1.69345513431894e-01 8.90829511700192e+04 
1.69635522784793e-01 8.89954626375844e+04 
1.69925904453372e-01 8.89103840249630e+04 
1.70216647718077e-01 8.88268181951204e+04 
1.70507809037999e-01 8.87437909075497e+04 
1.70799374982770e-01 8.86604157461129e+04 
1.71091456066070e-01 8.85761457685228e+04 
1.71383908049173e-01 8.84903731357588e+04 
1.71676883354667e-01 8.84024156080601e+04 
1.71969968984550e-01 8.83120373315048e+04 
1.72263011522101e-01 8.82188889419552e+04 
1.72556113027636e-01 8.81227920654640e+04 
1.72849204325350e-01 8.80237269001036e+04 
1.73142387231492e-01 8.79217433822661e+04 
1.73435598700000e-01 8.78170106586073e+04 
1.73728941262936e-01 8.77097496704463e+04 
1.74022358036814e-01 8.76002919442763e+04 
1.74315951348385e-01 8.74890431444056e+04 
1.74609669665640e-01 8.73764749552896e+04 
1.74903612893507e-01 8.72631077621272e+04 
1.75197732164041e-01 8.71495198718585e+04 
1.75492123219759e-01 8.70363061977515e+04 
1.75786742382326e-01 8.69241102218634e+04 
1.76081683167598e-01 8.68134764888466e+04 
1.76376912856813e-01 8.67048865574359e+04 
1.76672514458672e-01 8.65998380623039e+04 
1.76968305046729e-01 8.64978537151213e+04 
1.77264654603815e-01 8.63989773670320e+04 
1.77561084972238e-01 8.63038539012005e+04 
1.77858141292645e-01 8.62122516519598e+04 
1.78155368006126e-01 8.61264894850872e+04 
1.78453216493332e-01 8.60451530287243e+04 
1.78751304955026e-01 8.59679825539085e+04 
1.79050027454713e-01 8.58950561561756e+04 
1.79349037343527e-01 8.58256418481709e+04 
1.79648690656820e-01 8.57598139520901e+04 
1.79948677393393e-01 8.56968725697955e+04 
1.80248951596592e-01 8.56372538100145e+04 
1.80549172531654e-01 8.55798720701072e+04 
1.80849572589789e-01 8.55252548854582e+04 
1.81149965459848e-01 8.54715578032102e+04 
1.81450592470584e-01 8.54199772178836e+04 
1.81751253926278e-01 8.53685893896159e+04 
1.82052206234588e-01 8.53187016417457e+04 
1.82353247019225e-01 8.52688754718359e+04 
1.82654651977873e-01 8.52202508268995e+04 
1.82956181129802e-01 8.51720796237467e+04 
1.83257808464642e-01 8.51251387727679e+04 
1.83559522008527e-01 8.50786727379650e+04 
1.83861373695584e-01 8.50333420059480e+04 
1.84163357297669e-01 8.49886850828559e+04 
1.84465498128285e-01 8.49449779711011e+04 
1.84767766144654e-01 8.49027413548637e+04 
1.85070234483023e-01 8.48617524746563e+04 
1.85372873468180e-01 8.48221432621960e+04 
1.85675759817982e-01 8.47836076129266e+04 
1.85978862850875e-01 8.47461325352979e+04 
1.86282260671019e-01 8.47098420619485e+04 
1.86585922778077e-01 8.46745337938425e+04 
1.86889925746520e-01 8.46402022116673e+04 
1.87194222829547e-01 8.46066108194333e+04 
1.87498901674940e-01 8.45736996426769e+04 
1.87803895553450e-01 8.45413954014773e+04 
1.88109309271725e-01 8.45094152585475e+04 
1.88415062377703e-01 8.44776923610080e+04 
1.88721255117200e-01 8.44459370210113e+04 
1.89027614765867e-01 8.44140433082798e+04 
1.89334029972836e-01 8.43817840185446e+04 
1.89640376111500e-01 8.43490454988478e+04 
1.89946708533000e-01 8.43154607354612e+04 
1.90252902880957e-01 8.42809161211854e+04 
1.90559008939929e-01 8.42449898049957e+04 
1.90864811034517e-01 8.42073844445221e+04 
1.91170364335852e-01 8.41675632393757e+04 
1.91475442833566e-01 8.41252541144431e+04 
1.91780149635260e-01 8.40799659863089e+04 
1.92084255593794e-01 8.40312697872281e+04 
1.92387850308875e-01 8.39789802560682e+04 
1.92690688396283e-01 8.39229043389860e+04 
1.92992870512710e-01 8.38630687946516e+04 
1.93294156793742e-01 8.37993503695859e+04 
1.93594628909318e-01 8.37320523473888e+04 
1.93895674251315e-01 8.36616343189728e+04 
1.94196003891882e-01 8.35880964253531e+04 
1.94495110391991e-01 8.35132704515056e+04 
1.94793413287157e-01 8.34347204637795e+04 
1.95090389786437e-01 8.33552397558183e+04 
1.95386258745465e-01 8.32746120133793e+04 
1.95680510051421e-01 8.31926139614004e+04 
1.95973448702997e-01 8.31108067384831e+04 
1.96264677712893e-01 8.30285942900145e+04 
1.96554549893933e-01 8.29471023720357e+04 
1.96842768652017e-01 8.28651144013921e+04 
1.97129660751119e-01 8.27849262764966e+04 
1.97414998591043e-01 8.27080100382232e+04 
1.97699088135025e-01 8.26333835385922e+04 
1.97981826183320e-01 8.25610813523038e+04 
1.98263490884734e-01 8.24912067336683e+04 
1.98544090180725e-01 8.24239957603367e+04 
1.98823857391132e-01 8.23622993686213e+04 
1.99102803519976e-01 8.23076132916785e+04 
1.99381116833901e-01 8.22542879905730e+04 
1.99658395856895e-01 8.22127578663402e+04 
1.99935135483920e-01 8.21805888108597e+04 
2.00211011627417e-01 8.21574397268178e+04 
