# Liste des scalaires : TEMPS pmat 
0.00000000000000e+00 1.00000000000000e+05 
3.61478445646026e-05 1.00000000000000e+05 
5.99471106694454e-05 1.00000000000000e+05 
7.78830161666844e-05 1.00000000000000e+05 
9.27508062981817e-05 1.00000000000000e+05 
1.05825902315265e-04 1.00000000000000e+05 
1.17749295686776e-04 1.00000000000000e+05 
1.28897201640186e-04 1.00000000000000e+05 
1.41159898188938e-04 1.00000000000000e+05 
1.54648864392564e-04 1.00000000000000e+05 
1.69486727216553e-04 1.00000000000000e+05 
1.85224530760717e-04 1.00000000000000e+05 
2.02536114659298e-04 1.00000000000000e+05 
2.21578856947736e-04 1.00000000000000e+05 
2.40127998705666e-04 1.00000000000000e+05 
2.60532054639388e-04 1.00000000000000e+05 
2.82302709626192e-04 1.00000000000000e+05 
3.04589441806045e-04 1.00000000000000e+05 
3.29104847203884e-04 1.00000000000000e+05 
3.56071793141506e-04 1.00000000000000e+05 
3.83154050663217e-04 1.00000000000000e+05 
4.12944533937099e-04 1.00000000000000e+05 
4.43966377641511e-04 1.00000000000000e+05 
4.74603472734356e-04 1.00000000000000e+05 
5.08304277336485e-04 1.00000000000000e+05 
5.42889934065490e-04 1.00000000000000e+05 
5.77767243336656e-04 1.00000000000000e+05 
6.16018625493577e-04 1.00000000000000e+05 
6.54282313058188e-04 1.00000000000000e+05 
6.93048186474298e-04 1.00000000000000e+05 
7.34243886993550e-04 1.00000000000000e+05 
7.75922079736662e-04 1.00000000000000e+05 
8.18791043318489e-04 1.00000000000000e+05 
8.63532145351262e-04 1.00000000000000e+05 
9.09001989548629e-04 1.00000000000000e+05 
9.55326627971550e-04 1.00000000000000e+05 
1.00373678802368e-03 1.00000000000000e+05 
1.05322505648249e-03 1.00000000000000e+05 
1.10385979571346e-03 1.00000000000000e+05 
1.15603001841809e-03 1.00000000000000e+05 
1.20924560242186e-03 1.00000000000000e+05 
1.26346931764691e-03 1.00000000000000e+05 
1.31864820783910e-03 1.00000000000000e+05 
1.37541042966884e-03 1.00000000000000e+05 
1.43335520901960e-03 1.00000000000000e+05 
1.49237891904000e-03 1.00000000000000e+05 
1.55279448115780e-03 1.00000000000000e+05 
1.61452153237087e-03 1.00000000000000e+05 
1.67709721694361e-03 1.00000000000000e+05 
1.74091975977538e-03 1.00000000000000e+05 
1.80608888558102e-03 1.00000000000000e+05 
1.87251625161485e-03 1.00000000000000e+05 
1.94015235782747e-03 1.00000000000000e+05 
2.00922917633029e-03 1.00000000000000e+05 
2.07944032237116e-03 1.00000000000000e+05 
2.15080836482230e-03 1.00000000000000e+05 
2.22356637190186e-03 1.00000000000000e+05 
2.29748093731391e-03 1.00000000000000e+05 
2.37263624540719e-03 1.00000000000000e+05 
2.44882619368299e-03 1.00000000000000e+05 
2.52649525530866e-03 1.00000000000000e+05 
2.60540905200873e-03 1.00000000000000e+05 
2.68535871428140e-03 1.00000000000000e+05 
2.76636345458043e-03 1.00000000000000e+05 
2.84928386666012e-03 1.00000000000000e+05 
2.93289322813531e-03 1.00000000000000e+05 
3.01821341941352e-03 1.00000000000000e+05 
3.10336742104104e-03 1.00000000000000e+05 
3.18905633120406e-03 1.00000000000000e+05 
3.27625281795713e-03 1.00000000000000e+05 
3.36463282175705e-03 1.00000000000000e+05 
3.45411202485749e-03 1.00000000000000e+05 
3.54624947744376e-03 1.00000000000000e+05 
3.63561016456984e-03 1.00000000000000e+05 
3.72205327722856e-03 1.00000000000000e+05 
3.79789034862324e-03 1.00000000000000e+05 
3.86874342222690e-03 1.00000000000000e+05 
3.94318976599400e-03 1.00000000000000e+05 
4.01546103392150e-03 1.00000000000000e+05 
4.08296765676815e-03 1.00000000000000e+05 
4.15616162870881e-03 1.00000000000000e+05 
4.23020658085681e-03 1.00000000000000e+05 
4.30382688163652e-03 1.00000000000000e+05 
4.37584528624881e-03 1.00000000000000e+05 
4.44939787653020e-03 1.00000000000000e+05 
4.52315502913607e-03 1.00000000000000e+05 
4.59802523505139e-03 1.00000000000000e+05 
4.67190983047262e-03 1.00000000000000e+05 
4.74759049012531e-03 1.00000000000000e+05 
4.82253043120162e-03 1.00000000000000e+05 
4.89738670101829e-03 1.00000000000000e+05 
4.97007632278951e-03 1.00000000000000e+05 
5.03971200435724e-03 1.00000000000000e+05 
5.10678389970755e-03 1.00000000000000e+05 
5.17257565652776e-03 1.00000000000000e+05 
5.23591405148866e-03 1.00000000000000e+05 
5.29840167943265e-03 1.00000000000000e+05 
5.35919354338251e-03 1.00000000000000e+05 
5.41966746186868e-03 1.00000000000000e+05 
5.47890657237101e-03 1.00000000000000e+05 
5.53795371409732e-03 1.00000000000000e+05 
5.59606392107489e-03 1.00000000000000e+05 
5.65425914217458e-03 1.00000000000000e+05 
5.71164183542893e-03 1.00000000000000e+05 
5.76920893926711e-03 1.00000000000000e+05 
5.82607328941867e-03 1.00000000000000e+05 
5.88308325167696e-03 1.00000000000000e+05 
5.93954528708750e-03 1.00000000000000e+05 
5.99514045413025e-03 1.00000000000000e+05 
6.05026626642913e-03 1.00000000000000e+05 
6.10444275177150e-03 1.00000000000000e+05 
6.15817309509956e-03 1.00000000000000e+05 
6.21122330673708e-03 1.00000000000000e+05 
6.26380982138971e-03 1.00000000000000e+05 
6.31602869625851e-03 1.00000000000000e+05 
6.36777156975683e-03 1.00000000000000e+05 
6.41897042601387e-03 1.00000000000000e+05 
6.46977660629071e-03 1.00000000000000e+05 
6.52010221754388e-03 1.00000000000000e+05 
6.57024176937258e-03 1.00000000000000e+05 
6.62001207642162e-03 1.00000000000000e+05 
6.66960740371210e-03 1.00000000000000e+05 
6.71907768716712e-03 1.00000000000000e+05 
6.76837018456471e-03 1.00000000000000e+05 
6.81764989978505e-03 1.00000000000000e+05 
6.86681205472562e-03 1.00000000000000e+05 
6.91582068819583e-03 1.00000000000000e+05 
6.96451965977981e-03 1.00000000000000e+05 
7.01305970846255e-03 1.00000000000000e+05 
7.06126070956975e-03 1.00000000000000e+05 
7.10924122408308e-03 1.00000000000000e+05 
7.15707217904614e-03 1.00000000000000e+05 
7.20472251227954e-03 1.00000000000000e+05 
7.25193078136688e-03 1.00000000000000e+05 
7.29871577475196e-03 1.00000000000000e+05 
7.34479134178720e-03 1.00000000000000e+05 
7.39039994479219e-03 1.00000000000000e+05 
7.43560423361151e-03 1.00000000000000e+05 
7.48058019186491e-03 1.00000000000000e+05 
7.52535513201854e-03 1.00000000000000e+05 
7.57007179518082e-03 1.00000000000000e+05 
7.61473713801602e-03 1.00000000000000e+05 
7.65925511566304e-03 1.00000000000000e+05 
7.70350886828539e-03 1.00000000000000e+05 
7.74766285798850e-03 1.00000000000000e+05 
7.79169825720758e-03 1.00000000000000e+05 
7.83576263708734e-03 1.00000000000000e+05 
7.87983663412111e-03 1.00000000000000e+05 
7.92405620730163e-03 1.00000000000000e+05 
7.96841110469581e-03 1.00000000000000e+05 
8.01302848072148e-03 1.00000000000000e+05 
8.05791340105853e-03 1.00000000000000e+05 
8.10313009729941e-03 1.00000000000000e+05 
8.14837489391285e-03 1.00000000000000e+05 
8.19376424396485e-03 1.00000000000000e+05 
8.23935399309739e-03 1.00000000000000e+05 
8.28526579018562e-03 1.00000000000000e+05 
8.33156046319568e-03 1.00000000000000e+05 
8.37836322989173e-03 1.00000000000000e+05 
8.42573908373136e-03 1.00000000000000e+05 
8.47372831797546e-03 1.00000000000000e+05 
8.52200517757482e-03 1.00000000000000e+05 
8.57070351590558e-03 1.00000000000000e+05 
8.61991869205277e-03 1.00000000000000e+05 
8.66978442903724e-03 1.00000000000000e+05 
8.72038240491061e-03 1.00000000000000e+05 
8.77184036477959e-03 1.00000000000000e+05 
8.82389403476550e-03 1.00000000000000e+05 
8.87650738947899e-03 1.00000000000000e+05 
8.92976623589388e-03 1.00000000000000e+05 
8.98378993802248e-03 1.00000000000000e+05 
9.03863781001965e-03 1.00000000000000e+05 
9.09441169506447e-03 1.00000000000000e+05 
9.15097257086532e-03 1.00000000000000e+05 
9.20815112942357e-03 1.00000000000000e+05 
9.26599481404150e-03 1.00000000000000e+05 
9.32458813609301e-03 1.00000000000000e+05 
9.38395296825198e-03 1.00000000000000e+05 
9.44415785342489e-03 1.00000000000000e+05 
9.50520302465090e-03 1.00000000000000e+05 
9.56687414654694e-03 1.00000000000000e+05 
9.62909062903214e-03 1.00000000000000e+05 
9.69190916614605e-03 1.00000000000000e+05 
9.75532463680064e-03 1.00000000000000e+05 
9.81938698261828e-03 1.00000000000000e+05 
9.88408076972178e-03 1.00000000000000e+05 
9.94941807440126e-03 1.00000000000000e+05 
1.00152807903297e-02 1.00000000000000e+05 
1.00815382641387e-02 1.00000000000000e+05 
1.01481861107563e-02 1.00000000000000e+05 
1.02152789504404e-02 1.00000000000000e+05 
1.02828124872235e-02 1.00000000000000e+05 
1.03508346353337e-02 1.00000000000000e+05 
1.04193170189814e-02 1.00000000000000e+05 
1.04882621124037e-02 1.00000000000000e+05 
1.05574506042301e-02 1.00000000000000e+05 
1.06269529302373e-02 1.00000000000000e+05 
1.06967829609096e-02 1.00000000000000e+05 
1.07670159482117e-02 1.00000000000000e+05 
1.08376404836092e-02 1.00000000000000e+05 
1.09087036084809e-02 1.00000000000000e+05 
1.09800967283815e-02 1.00000000000000e+05 
1.10517387976352e-02 1.00000000000000e+05 
1.11236528898724e-02 1.00000000000000e+05 
1.11959222258077e-02 1.00000000000000e+05 
1.12685504686511e-02 1.00000000000000e+05 
1.13415782545579e-02 1.00000000000000e+05 
1.14150357508230e-02 1.00000000000000e+05 
1.14887116517249e-02 1.00000000000000e+05 
1.15626225801052e-02 1.00000000000000e+05 
1.16368553252867e-02 1.00000000000000e+05 
1.17114241680008e-02 1.00000000000000e+05 
1.17863695260695e-02 1.00000000000000e+05 
1.18617292753085e-02 1.00000000000000e+05 
1.19373810860478e-02 1.00000000000000e+05 
1.20132558211082e-02 1.00000000000000e+05 
1.20894489809914e-02 1.00000000000000e+05 
1.21659859079474e-02 1.00000000000000e+05 
1.22429101582144e-02 1.00000000000000e+05 
1.23202639380438e-02 1.00000000000000e+05 
1.23979752747622e-02 1.00000000000000e+05 
1.24759318321399e-02 1.00000000000000e+05 
1.25542341032713e-02 1.00000000000000e+05 
1.26329052851965e-02 1.00000000000000e+05 
1.27119875939669e-02 1.00000000000000e+05 
1.27913873168733e-02 1.00000000000000e+05 
1.28711596551324e-02 1.00000000000000e+05 
1.29512088693539e-02 1.00000000000000e+05 
1.30315727028850e-02 1.00000000000000e+05 
1.31122742147478e-02 1.00000000000000e+05 
1.31933247648997e-02 1.00000000000000e+05 
1.32747471772391e-02 1.00000000000000e+05 
1.33566186722727e-02 1.00000000000000e+05 
1.34388589459942e-02 1.00000000000000e+05 
1.35214546104358e-02 1.00000000000000e+05 
1.36044085590194e-02 1.00000000000000e+05 
1.36877907026489e-02 1.00000000000000e+05 
1.37715538682455e-02 1.00000000000000e+05 
1.38557734887130e-02 1.00000000000000e+05 
1.39403493631330e-02 1.00000000000000e+05 
1.40252422345856e-02 1.00000000000000e+05 
1.41103937663773e-02 1.00000000000000e+05 
1.41958717662127e-02 1.00000000000000e+05 
1.42816590386237e-02 1.00000000000000e+05 
1.43677848344980e-02 1.00000000000000e+05 
1.44542551764699e-02 1.00000000000000e+05 
1.45410187342038e-02 1.00000000000000e+05 
1.46279844396114e-02 1.00000000000000e+05 
1.47152095471187e-02 1.00000000000000e+05 
1.48026891359672e-02 1.00000000000000e+05 
1.48904691624379e-02 1.00000000000000e+05 
1.49785150957960e-02 1.00000000000000e+05 
1.50668617512754e-02 1.00000000000000e+05 
1.51554327998893e-02 1.00000000000000e+05 
1.52441895194092e-02 1.00000000000000e+05 
1.53331286813252e-02 1.00000000000000e+05 
1.54222969037559e-02 1.00000000000000e+05 
1.55116898695852e-02 1.00000000000000e+05 
1.56013536357646e-02 1.00000000000000e+05 
1.56912610865665e-02 1.00000000000000e+05 
1.57814098448836e-02 1.00000000000000e+05 
1.58717150198280e-02 1.00000000000000e+05 
1.59622256760810e-02 1.00000000000000e+05 
1.60529454201920e-02 1.00000000000000e+05 
1.61439235344949e-02 1.00000000000000e+05 
1.62351612232931e-02 1.00000000000000e+05 
1.63266934242068e-02 1.00000000000000e+05 
1.64184793086797e-02 1.00000000000000e+05 
1.65104754953800e-02 1.00000000000000e+05 
1.66026846743342e-02 1.00000000000000e+05 
1.66951498817090e-02 1.00000000000000e+05 
1.67878699743920e-02 1.00000000000000e+05 
1.68808860493015e-02 1.00000000000000e+05 
1.69741927156666e-02 1.00000000000000e+05 
1.70678201379122e-02 1.00000000000000e+05 
1.71616675239010e-02 1.00000000000000e+05 
1.72557668867617e-02 1.00000000000000e+05 
1.73501170248757e-02 1.00000000000000e+05 
1.74447530986674e-02 1.00000000000000e+05 
1.75396723391692e-02 1.00000000000000e+05 
1.76349093638265e-02 1.00000000000000e+05 
1.77304593508779e-02 1.00000000000000e+05 
1.78263451835392e-02 1.00000000000000e+05 
1.79224907159026e-02 1.00000000000000e+05 
1.80189235945456e-02 1.00000000000000e+05 
1.81156427993433e-02 1.00000000000000e+05 
1.82126749313317e-02 1.00000000000000e+05 
1.83100181304655e-02 1.00000000000000e+05 
1.84076984353149e-02 1.00000000000000e+05 
1.85057131505054e-02 1.00000000000000e+05 
1.86040857756819e-02 1.00000000000000e+05 
1.87027770600446e-02 1.00000000000000e+05 
1.88017810736555e-02 1.00000000000000e+05 
1.89011025062975e-02 1.00000000000000e+05 
1.90007616946183e-02 1.00000000000000e+05 
1.91007638421005e-02 1.00000000000000e+05 
1.92011305066282e-02 1.00000000000000e+05 
1.93018662513808e-02 1.00000000000000e+05 
1.94029911654242e-02 1.00000000000000e+05 
1.95045067955733e-02 1.00000000000000e+05 
1.96063782424192e-02 1.00000000000000e+05 
1.97086162327689e-02 1.00000000000000e+05 
1.98112340518540e-02 1.00000000000000e+05 
1.99142416970666e-02 1.00000000000000e+05 
2.00176530878134e-02 1.00000000000000e+05 
2.01214724696492e-02 1.00000000000000e+05 
2.02257113296288e-02 1.00000000000000e+05 
2.03303715050360e-02 1.00000000000000e+05 
2.04354538906138e-02 1.00000000000000e+05 
2.05406822818645e-02 1.00000000000000e+05 
2.06460382361807e-02 1.00000000000000e+05 
2.07514657403874e-02 1.00000000000000e+05 
2.08570104337172e-02 1.00000000000000e+05 
2.09626353177401e-02 1.00000000000000e+05 
2.10683681062270e-02 1.00000000000000e+05 
2.11741925472783e-02 1.00000000000000e+05 
2.12801568191079e-02 1.00000000000000e+05 
2.13862422692177e-02 1.00000000000000e+05 
2.14924830498835e-02 1.00000000000000e+05 
2.15988245844265e-02 1.00000000000000e+05 
2.17052816401237e-02 1.00000000000000e+05 
2.18118662051730e-02 1.00000000000000e+05 
2.19185803605587e-02 1.00000000000000e+05 
2.20254051756704e-02 1.00000000000000e+05 
2.21323661942596e-02 1.00000000000000e+05 
2.22394663785260e-02 1.00000000000000e+05 
2.23467359481342e-02 1.00000000000000e+05 
2.24541546615930e-02 1.00000000000000e+05 
2.25617698288344e-02 1.00000000000000e+05 
2.26695503676075e-02 1.00000000000000e+05 
2.27775036587630e-02 1.00000000000000e+05 
2.28856079118117e-02 1.00000000000000e+05 
2.29939062776828e-02 1.00000000000000e+05 
2.31023658017510e-02 1.00000000000000e+05 
2.32110337309331e-02 1.00000000000000e+05 
2.33198662312225e-02 1.00000000000000e+05 
2.34289073789171e-02 1.00000000000000e+05 
2.35381233313771e-02 1.00000000000000e+05 
2.36475613104793e-02 1.00000000000000e+05 
2.37571662043835e-02 1.00000000000000e+05 
2.38669773717475e-02 1.00000000000000e+05 
2.39769081530938e-02 1.00000000000000e+05 
2.40856583712990e-02 1.00000000000000e+05 
2.41937536875728e-02 1.00000000000000e+05 
2.43015199104900e-02 1.00000000000000e+05 
2.44086018002187e-02 1.00000000000000e+05 
2.45157802376759e-02 1.00000000000000e+05 
2.46228459880801e-02 1.00000000000000e+05 
2.47292094479898e-02 1.00000000000000e+05 
2.48352982080379e-02 1.00000000000000e+05 
2.49414147602028e-02 1.00000000000000e+05 
2.50471917502181e-02 1.00000000000000e+05 
2.51533065653145e-02 1.00000000000000e+05 
2.52599135027908e-02 1.00000000000000e+05 
2.53653176428001e-02 1.00000000000000e+05 
2.54710317435477e-02 1.00000000000000e+05 
2.55773413084557e-02 1.00000000000000e+05 
2.56844943885512e-02 1.00000000000000e+05 
2.57904299617096e-02 1.00000000000000e+05 
2.58963940856760e-02 1.00000000000000e+05 
2.60029477339489e-02 1.00000000000000e+05 
2.61105757849851e-02 1.00000000000000e+05 
2.62167682021992e-02 1.00000000000000e+05 
2.63232540642478e-02 1.00000000000000e+05 
2.64296191086021e-02 1.00000000000000e+05 
2.65368244004739e-02 1.00000000000000e+05 
2.66415260155322e-02 1.00000000000000e+05 
2.67496532908524e-02 1.00000000000000e+05 
2.68573982799074e-02 1.00000000000000e+05 
2.69657166140380e-02 1.00000000000000e+05 
2.70740565600291e-02 1.00000000000000e+05 
2.71832100943378e-02 1.00000000000000e+05 
2.72926464363788e-02 1.00000000000000e+05 
2.74030972358186e-02 1.00000000000000e+05 
2.75138451336946e-02 1.00000000000000e+05 
2.76235851983358e-02 1.00000000000000e+05 
2.77349471404377e-02 1.00000000000000e+05 
2.78466822424805e-02 1.00000000000000e+05 
2.79586701863238e-02 1.00000000000000e+05 
2.80710631552037e-02 1.00000000000000e+05 
2.81835311936970e-02 1.00000000000000e+05 
2.82962109785195e-02 1.00000000000000e+05 
2.84088280086666e-02 1.00000000000000e+05 
2.85213973293854e-02 1.00000000000000e+05 
2.86284595611815e-02 1.00000000000000e+05 
2.87307342261643e-02 1.00000000000000e+05 
2.88331225107392e-02 1.00000000000000e+05 
2.89375897015090e-02 1.00000000000000e+05 
2.90478090494748e-02 1.00000000000000e+05 
2.91581083062290e-02 1.00000000000000e+05 
2.92677364694701e-02 1.00000000000000e+05 
2.93761212337360e-02 1.00000000000000e+05 
2.94833262902189e-02 1.00000000000000e+05 
2.95897520354632e-02 1.00000000000000e+05 
2.96955347522290e-02 1.00000000000000e+05 
2.98008497131475e-02 1.00000000000000e+05 
2.99059441239677e-02 1.00000000000000e+05 
3.00108674016702e-02 1.00000000000000e+05 
3.01156758498119e-02 1.00000000000000e+05 
3.02203167543200e-02 1.00000000000000e+05 
3.03248535804734e-02 1.00000000000000e+05 
3.04293906028515e-02 1.00000000000000e+05 
3.05336597672256e-02 1.00000000000000e+05 
3.06377344900629e-02 1.00000000000000e+05 
3.07418670048182e-02 1.00000000000000e+05 
3.08460583771990e-02 1.00000000000000e+05 
3.09505219990240e-02 1.00000000000000e+05 
3.10552845134808e-02 1.00000000000000e+05 
3.11605448832705e-02 1.00000000000000e+05 
3.12662602497937e-02 1.00000000000000e+05 
3.13724002700307e-02 1.00000000000000e+05 
3.14790381623282e-02 1.00000000000000e+05 
3.15862656413633e-02 1.00000000000000e+05 
3.16941336516556e-02 1.00000000000000e+05 
3.18027000954824e-02 1.00000000000000e+05 
3.19119431764577e-02 1.00000000000000e+05 
3.20219086989648e-02 1.00000000000000e+05 
3.21325275562703e-02 1.00000000000000e+05 
3.22438430674007e-02 1.00000000000000e+05 
3.23556963733610e-02 1.00000000000000e+05 
3.24665090659906e-02 1.00000000000000e+05 
3.25792727444333e-02 1.00000000000000e+05 
3.26900210624396e-02 1.00000000000000e+05 
3.28034523697532e-02 1.00000000000000e+05 
3.29169339655008e-02 1.00000000000000e+05 
3.30309502162850e-02 1.00000000000000e+05 
3.31453052536672e-02 1.00000000000000e+05 
3.32599377886630e-02 1.00000000000000e+05 
3.33745605088435e-02 1.00000000000000e+05 
3.34872797114559e-02 1.00000000000000e+05 
3.35989391853378e-02 1.00000000000000e+05 
3.37062752081906e-02 1.00000000000000e+05 
3.38122944626239e-02 1.00000000000000e+05 
3.39180187645175e-02 1.00000000000000e+05 
3.40261023416733e-02 1.00000000000000e+05 
3.41350220493178e-02 1.00000000000000e+05 
3.42463230349833e-02 1.00000000000000e+05 
3.43587476000016e-02 1.00000000000000e+05 
3.44731239798368e-02 1.00000000000000e+05 
3.45858469825305e-02 1.00000000000000e+05 
3.46985185732418e-02 1.00000000000000e+05 
3.48105379647996e-02 1.00000000000000e+05 
3.49221357808698e-02 1.00000000000000e+05 
3.50322147976949e-02 1.00000000000000e+05 
3.51397990029462e-02 1.00000000000000e+05 
3.52468838960912e-02 1.00000000000000e+05 
3.53559663415064e-02 1.00000000000000e+05 
3.54643718312218e-02 1.00000000000000e+05 
3.55710145212350e-02 1.00000000000000e+05 
3.56752074104927e-02 1.00000000000000e+05 
3.57767153250549e-02 1.00000000000000e+05 
3.58764656539399e-02 1.00000000000000e+05 
3.59764564938066e-02 1.00000000000000e+05 
3.60772895367178e-02 1.00000000000000e+05 
3.61809665925343e-02 1.00000000000000e+05 
3.62853338276820e-02 1.00000000000000e+05 
3.63903598460572e-02 1.00000000000000e+05 
3.64959236505888e-02 1.00000000000000e+05 
3.66022038765560e-02 1.00000000000000e+05 
3.67093549830045e-02 1.00000000000000e+05 
3.68173705897106e-02 1.00000000000000e+05 
3.69262812017548e-02 1.00000000000000e+05 
3.70355567681129e-02 1.00000000000000e+05 
3.71438935802524e-02 1.00000000000000e+05 
3.72522336610580e-02 1.00000000000000e+05 
3.73604221496966e-02 1.00000000000000e+05 
3.74687336014103e-02 1.00000000000000e+05 
3.75770096009918e-02 1.00000000000000e+05 
3.76856264276350e-02 1.00000000000000e+05 
3.77940691756479e-02 1.00000000000000e+05 
3.79015483336687e-02 1.00000000000000e+05 
3.80088986728494e-02 1.00000000000000e+05 
3.81154924447333e-02 1.00000000000000e+05 
3.82220445011676e-02 1.00000000000000e+05 
3.83283374323819e-02 1.00000000000000e+05 
3.84350305599934e-02 1.00000000000000e+05 
3.85413534700920e-02 1.00000000000000e+05 
3.86478981704019e-02 1.00000000000000e+05 
3.87541877810273e-02 1.00000000000000e+05 
3.88601609839863e-02 1.00000000000000e+05 
3.89654226019013e-02 1.00000000000000e+05 
3.90706069803785e-02 1.00000000000000e+05 
3.91754416304521e-02 1.00000000000000e+05 
3.92804455769797e-02 1.00000000000000e+05 
3.93852016286617e-02 1.00000000000000e+05 
3.94901319610996e-02 1.00000000000000e+05 
3.95951969188657e-02 1.00000000000000e+05 
3.97003689648935e-02 1.00000000000000e+05 
3.98057901111969e-02 1.00000000000000e+05 
3.99114765980279e-02 1.00000000000000e+05 
4.00170965487839e-02 1.00000000000000e+05 
4.01226033364123e-02 1.00000000000000e+05 
4.02279533789273e-02 1.00000000000000e+05 
4.03332409250172e-02 1.00000000000000e+05 
4.04387197185064e-02 1.00000000000000e+05 
4.05441584082635e-02 1.00000000000000e+05 
4.06494826297608e-02 1.00000000000000e+05 
4.07547846638614e-02 1.00000000000000e+05 
4.08606224607081e-02 1.00000000000000e+05 
4.09664346136200e-02 1.00000000000000e+05 
4.10721751548442e-02 1.00000000000000e+05 
4.11792183144834e-02 1.00000000000000e+05 
4.12861609161991e-02 1.00000000000000e+05 
4.13930555324008e-02 1.00000000000000e+05 
4.14998913097444e-02 1.00000000000000e+05 
4.16067280008006e-02 1.00000000000000e+05 
4.17135728481019e-02 1.00000000000000e+05 
4.18203915315846e-02 1.00000000000000e+05 
4.19271636611490e-02 1.00000000000000e+05 
4.20339449717001e-02 1.00000000000000e+05 
4.21407239129321e-02 1.00000000000000e+05 
4.22476564901111e-02 1.00000000000000e+05 
4.23545558731390e-02 1.00000000000000e+05 
4.24614825482138e-02 1.00000000000000e+05 
4.25684093803068e-02 1.00000000000000e+05 
4.26754095343399e-02 1.00000000000000e+05 
4.27825749646008e-02 1.00000000000000e+05 
4.28898076351972e-02 1.00000000000000e+05 
4.29970723667946e-02 1.00000000000000e+05 
4.31044429743331e-02 1.00000000000000e+05 
4.32119027393548e-02 1.00000000000000e+05 
4.33196047950715e-02 1.00000000000000e+05 
4.34273709617300e-02 1.00000000000000e+05 
4.35352756842032e-02 1.00000000000000e+05 
4.36432942157847e-02 1.00000000000000e+05 
4.37511516765004e-02 1.00000000000000e+05 
4.38589792644404e-02 1.00000000000000e+05 
4.39666594029252e-02 1.00000000000000e+05 
4.40742815626135e-02 1.00000000000000e+05 
4.41817882137497e-02 1.00000000000000e+05 
4.42892452952705e-02 1.00000000000000e+05 
4.43965536096439e-02 1.00000000000000e+05 
4.45037896014552e-02 1.00000000000000e+05 
4.46108826360883e-02 1.00000000000000e+05 
4.47178735357347e-02 1.00000000000000e+05 
4.48247458205522e-02 1.00000000000000e+05 
4.49315071926529e-02 1.00000000000000e+05 
4.50381001732632e-02 1.00000000000000e+05 
4.51445196540041e-02 1.00000000000000e+05 
4.52507343829530e-02 1.00000000000000e+05 
4.53567580232871e-02 1.00000000000000e+05 
4.54625992788495e-02 1.00000000000000e+05 
4.55681932011025e-02 1.00000000000000e+05 
4.56735081878313e-02 1.00000000000000e+05 
4.57785871647897e-02 1.00000000000000e+05 
4.58834434965037e-02 1.00000000000000e+05 
4.59880289790042e-02 1.00000000000000e+05 
4.60923622898592e-02 1.00000000000000e+05 
4.61965049407780e-02 1.00000000000000e+05 
4.63004610623797e-02 1.00000000000000e+05 
4.64042389352153e-02 1.00000000000000e+05 
4.65078219455712e-02 1.00000000000000e+05 
4.66113984693032e-02 1.00000000000000e+05 
4.67148403074114e-02 1.00000000000000e+05 
4.68183755814272e-02 1.00000000000000e+05 
4.69218049432308e-02 1.00000000000000e+05 
4.70253810333393e-02 1.00000000000000e+05 
4.71289596400754e-02 1.00000000000000e+05 
4.72327122062025e-02 1.00000000000000e+05 
4.73365080402905e-02 1.00000000000000e+05 
4.74404899392503e-02 1.00000000000000e+05 
4.75444532041711e-02 1.00000000000000e+05 
4.76486080779201e-02 1.00000000000000e+05 
4.77526707440743e-02 1.00000000000000e+05 
4.78568297069540e-02 1.00000000000000e+05 
4.79610333314527e-02 1.00000000000000e+05 
4.80654134398399e-02 1.00000000000000e+05 
4.81698052132915e-02 1.00000000000000e+05 
4.82743556019269e-02 1.00000000000000e+05 
4.83790629856273e-02 1.00000000000000e+05 
4.84839672875179e-02 1.00000000000000e+05 
4.85890059709367e-02 1.00000000000000e+05 
4.86941414948437e-02 1.00000000000000e+05 
4.87994073660432e-02 1.00000000000000e+05 
4.89047569908118e-02 1.00000000000000e+05 
4.90101378056023e-02 1.00000000000000e+05 
4.91157148265837e-02 1.00000000000000e+05 
4.92214713923797e-02 1.00000000000000e+05 
4.93273821376991e-02 1.00000000000000e+05 
4.94335213974135e-02 1.00000000000000e+05 
4.95398307542556e-02 1.00000000000000e+05 
4.96464045391042e-02 1.00000000000000e+05 
4.97531179257663e-02 1.00000000000000e+05 
4.98600152335089e-02 1.00000000000000e+05 
4.99671977430869e-02 1.00000000000000e+05 
5.00746422453383e-02 1.00000000000000e+05 
5.01822408629166e-02 1.00000000000000e+05 
5.02899601382299e-02 1.00000000000000e+05 
5.03978213854050e-02 1.00000000000000e+05 
5.05057534202963e-02 1.00000000000000e+05 
5.06137982748296e-02 1.00000000000000e+05 
5.07219456322403e-02 1.00000000000000e+05 
5.08302227920051e-02 1.00000000000000e+05 
5.09386121993358e-02 1.00000000000000e+05 
5.10471099135010e-02 1.00000000000000e+05 
5.11557016788889e-02 1.00000000000000e+05 
5.12644135436869e-02 1.00000000000000e+05 
5.13732636228484e-02 1.00000000000000e+05 
5.14822632523983e-02 1.00000000000000e+05 
5.15906464662025e-02 1.00000000000000e+05 
5.16993610305131e-02 1.00000000000000e+05 
5.18074011321891e-02 1.00000000000000e+05 
5.19156055773641e-02 1.00000000000000e+05 
5.20234971097279e-02 1.00000000000000e+05 
5.21315144146298e-02 1.00000000000000e+05 
5.22393898188677e-02 1.00000000000000e+05 
5.23474333885671e-02 1.00000000000000e+05 
5.24554331184875e-02 1.00000000000000e+05 
5.25636751101277e-02 1.00000000000000e+05 
5.26719480683185e-02 1.00000000000000e+05 
5.27803836915733e-02 1.00000000000000e+05 
5.28886677208139e-02 1.00000000000000e+05 
5.29969278128236e-02 1.00000000000000e+05 
5.31051782414641e-02 1.00000000000000e+05 
5.32135544505430e-02 1.00000000000000e+05 
5.33220742442343e-02 1.00000000000000e+05 
5.34311210250817e-02 1.00000000000000e+05 
5.35404019876112e-02 1.00000000000000e+05 
5.36497615937830e-02 1.00000000000000e+05 
5.37591977581960e-02 1.00000000000000e+05 
5.38687018852196e-02 1.00000000000000e+05 
5.39782357761461e-02 1.00000000000000e+05 
5.40878856775967e-02 1.00000000000000e+05 
5.41976190616490e-02 1.00000000000000e+05 
5.43075985324317e-02 1.00000000000000e+05 
5.44176666681236e-02 1.00000000000000e+05 
5.45279532909038e-02 1.00000000000000e+05 
5.46384270409957e-02 1.00000000000000e+05 
5.47491456839866e-02 1.00000000000000e+05 
5.48599680752558e-02 1.00000000000000e+05 
5.49709551210357e-02 1.00000000000000e+05 
5.50820428443653e-02 1.00000000000000e+05 
5.51933336879589e-02 1.00000000000000e+05 
5.53047962948244e-02 1.00000000000000e+05 
5.54164989401798e-02 1.00000000000000e+05 
5.55283671523636e-02 1.00000000000000e+05 
5.56405006979924e-02 1.00000000000000e+05 
5.57528013866255e-02 1.00000000000000e+05 
5.58653356167315e-02 1.00000000000000e+05 
5.59779964820929e-02 1.00000000000000e+05 
5.60908805212533e-02 1.00000000000000e+05 
5.62040276197188e-02 1.00000000000000e+05 
5.63174269402350e-02 1.00000000000000e+05 
5.64311291021825e-02 1.00000000000000e+05 
5.65451535283928e-02 1.00000000000000e+05 
5.66594823165483e-02 1.00000000000000e+05 
5.67740816190117e-02 1.00000000000000e+05 
5.68888743952479e-02 1.00000000000000e+05 
5.70038860029139e-02 1.00000000000000e+05 
5.71190518829860e-02 1.00000000000000e+05 
5.72343068331718e-02 1.00000000000000e+05 
5.73498602012352e-02 1.00000000000000e+05 
5.74655681495877e-02 1.00000000000000e+05 
5.75815075484912e-02 1.00000000000000e+05 
5.76975840679393e-02 1.00000000000000e+05 
5.78138700523010e-02 1.00000000000000e+05 
5.79302695277801e-02 1.00000000000000e+05 
5.80469199947845e-02 1.00000000000000e+05 
5.81636695385980e-02 1.00000000000000e+05 
5.82806547244658e-02 1.00000000000000e+05 
5.83976905093233e-02 1.00000000000000e+05 
5.85149795152587e-02 1.00000000000000e+05 
5.86323570440100e-02 1.00000000000000e+05 
5.87500802043625e-02 1.00000000000000e+05 
5.88678151621634e-02 1.00000000000000e+05 
5.89859127066087e-02 1.00000000000000e+05 
5.91040191306610e-02 1.00000000000000e+05 
5.92224774933748e-02 1.00000000000000e+05 
5.93409328290992e-02 1.00000000000000e+05 
5.94596836041833e-02 1.00000000000000e+05 
5.95784214323238e-02 1.00000000000000e+05 
5.96974455197884e-02 1.00000000000000e+05 
5.98164194806929e-02 1.00000000000000e+05 
5.99356340907888e-02 1.00000000000000e+05 
6.00547701991098e-02 1.00000000000000e+05 
6.01740378861395e-02 1.00000000000000e+05 
6.02932505162049e-02 1.00000000000000e+05 
6.04126213960899e-02 1.00000000000000e+05 
6.05318685384424e-02 1.00000000000000e+05 
6.06513515598190e-02 1.00000000000000e+05 
6.07707455484396e-02 1.00000000000000e+05 
6.08904107018781e-02 1.00000000000000e+05 
6.10099738471602e-02 1.00000000000000e+05 
6.11297705648457e-02 1.00000000000000e+05 
6.12494453495729e-02 1.00000000000000e+05 
6.13693288925936e-02 1.00000000000000e+05 
6.14891070669210e-02 1.00000000000000e+05 
6.16090209932376e-02 1.00000000000000e+05 
6.17288404377779e-02 1.00000000000000e+05 
6.18487529241513e-02 1.00000000000000e+05 
6.19686191899663e-02 1.00000000000000e+05 
6.20885816306326e-02 1.00000000000000e+05 
6.22084645013255e-02 1.00000000000000e+05 
6.23285135555215e-02 1.00000000000000e+05 
6.24484759695890e-02 1.00000000000000e+05 
6.25686654055614e-02 1.00000000000000e+05 
6.26887711694322e-02 1.00000000000000e+05 
6.28091499852618e-02 1.00000000000000e+05 
6.29293959109211e-02 1.00000000000000e+05 
6.30498829271470e-02 1.00000000000000e+05 
6.31703436092300e-02 1.00000000000000e+05 
6.32909627761329e-02 1.00000000000000e+05 
6.34115797795895e-02 1.00000000000000e+05 
6.35324266816256e-02 1.00000000000000e+05 
6.36532765262168e-02 1.00000000000000e+05 
6.37743700040054e-02 1.00000000000000e+05 
6.38953973869167e-02 1.00000000000000e+05 
6.40163682258343e-02 1.00000000000000e+05 
6.41372215320059e-02 1.00000000000000e+05 
6.42578907297045e-02 1.00000000000000e+05 
6.43783456123333e-02 1.00000000000000e+05 
6.44986741167999e-02 1.00000000000000e+05 
6.46187951135653e-02 1.00000000000000e+05 
6.47387847282633e-02 1.00000000000000e+05 
6.48585434762464e-02 1.00000000000000e+05 
6.49781473430140e-02 1.00000000000000e+05 
6.50975611356074e-02 1.00000000000000e+05 
6.52167352385746e-02 1.00000000000000e+05 
6.53356624331458e-02 1.00000000000000e+05 
6.54544862394538e-02 1.00000000000000e+05 
6.55731458898255e-02 1.00000000000000e+05 
6.56917391633720e-02 1.00000000000000e+05 
6.58100623503271e-02 1.00000000000000e+05 
6.59282796644052e-02 1.00000000000000e+05 
6.60463331895489e-02 1.00000000000000e+05 
6.61641029691915e-02 1.00000000000000e+05 
6.62815587993985e-02 1.00000000000000e+05 
6.63987014472226e-02 1.00000000000000e+05 
6.65156287327935e-02 1.00000000000000e+05 
6.66321187452461e-02 1.00000000000000e+05 
6.67485862899121e-02 1.00000000000000e+05 
6.68646480524544e-02 1.00000000000000e+05 
6.69804455623257e-02 1.00000000000000e+05 
6.70959206743496e-02 1.00000000000000e+05 
6.72111849743621e-02 1.00000000000000e+05 
6.73261149184592e-02 1.00000000000000e+05 
6.74408575913743e-02 1.00000000000000e+05 
6.75552631017094e-02 1.00000000000000e+05 
6.76695329756469e-02 1.00000000000000e+05 
6.77835205238338e-02 1.00000000000000e+05 
6.78974100027635e-02 1.00000000000000e+05 
6.80109756758455e-02 1.00000000000000e+05 
6.81243980674213e-02 1.00000000000000e+05 
6.82375543247244e-02 1.00000000000000e+05 
6.83506061204115e-02 1.00000000000000e+05 
6.84634602479787e-02 1.00000000000000e+05 
6.85761226047420e-02 1.00000000000000e+05 
6.86887386972573e-02 1.00000000000000e+05 
6.88012204719926e-02 1.00000000000000e+05 
6.89134989149088e-02 1.00000000000000e+05 
6.90256557304365e-02 1.00000000000000e+05 
6.91375166872886e-02 1.00000000000000e+05 
6.92492369445901e-02 1.00000000000000e+05 
6.93612387685572e-02 1.00000000000000e+05 
6.94730983057043e-02 1.00000000000000e+05 
6.95848558856016e-02 1.00000000000000e+05 
6.96965261822199e-02 1.00000000000000e+05 
6.98079390129455e-02 1.00000000000000e+05 
6.99195711468200e-02 1.00000000000000e+05 
7.00311599235261e-02 1.00000000000000e+05 
7.01425900765892e-02 1.00000000000000e+05 
7.02539725100310e-02 1.00000000000000e+05 
7.03652565268302e-02 1.00000000000000e+05 
7.04763836191160e-02 1.00000000000000e+05 
7.05876130252307e-02 1.00000000000000e+05 
7.06988544874433e-02 1.00000000000000e+05 
7.08100817721039e-02 1.00000000000000e+05 
7.09211704283732e-02 1.00000000000000e+05 
7.10321062840003e-02 1.00000000000000e+05 
7.11431900210087e-02 1.00000000000000e+05 
7.12542370849836e-02 1.00000000000000e+05 
7.13652137621279e-02 1.00000000000000e+05 
7.14760711111504e-02 1.00000000000000e+05 
7.15871713163093e-02 1.00000000000000e+05 
7.16982369614560e-02 1.00000000000000e+05 
7.18092674743636e-02 1.00000000000000e+05 
7.19202010300503e-02 1.00000000000000e+05 
7.20310365114026e-02 1.00000000000000e+05 
7.21419076820974e-02 1.00000000000000e+05 
7.22529663107807e-02 1.00000000000000e+05 
7.23640197565894e-02 1.00000000000000e+05 
7.24748177519260e-02 1.00000000000000e+05 
7.25855418203056e-02 1.00000000000000e+05 
7.26960788218665e-02 1.00000000000000e+05 
7.28066278232852e-02 1.00000000000000e+05 
7.29169941096324e-02 1.00000000000000e+05 
7.30273014969008e-02 1.00000000000000e+05 
7.31375412683955e-02 1.00000000000000e+05 
7.32477318693721e-02 1.00000000000000e+05 
7.33574968508429e-02 1.00000000000000e+05 
7.34671829475685e-02 1.00000000000000e+05 
7.35765641686084e-02 1.00000000000000e+05 
7.36856271407653e-02 1.00000000000000e+05 
7.37944917922908e-02 1.00000000000000e+05 
7.39028551158555e-02 1.00000000000000e+05 
7.40110683266689e-02 1.00000000000000e+05 
7.41187046181531e-02 1.00000000000000e+05 
7.42259861551105e-02 1.00000000000000e+05 
7.43328582057123e-02 1.00000000000000e+05 
7.44395752568311e-02 1.00000000000000e+05 
7.45459195825380e-02 1.00000000000000e+05 
7.46521458697995e-02 1.00000000000000e+05 
7.47580609626832e-02 1.00000000000000e+05 
7.48639581800883e-02 1.00000000000000e+05 
7.49696042780710e-02 1.00000000000000e+05 
7.50752942669743e-02 1.00000000000000e+05 
7.51808563712529e-02 1.00000000000000e+05 
7.52864348427798e-02 1.00000000000000e+05 
7.53917724154477e-02 1.00000000000000e+05 
7.54971167942029e-02 1.00000000000000e+05 
7.56022513456069e-02 1.00000000000000e+05 
7.57074619178117e-02 1.00000000000000e+05 
7.58125990863643e-02 1.00000000000000e+05 
7.59178267267381e-02 1.00000000000000e+05 
7.60229321780885e-02 1.00000000000000e+05 
7.61279729891901e-02 1.00000000000000e+05 
7.62329715531039e-02 1.00000000000000e+05 
7.63379836061640e-02 1.00000000000000e+05 
7.64430222298402e-02 1.00000000000000e+05 
7.65480452538436e-02 1.00000000000000e+05 
7.66530376079506e-02 1.00000000000000e+05 
7.67581008869198e-02 1.00000000000000e+05 
7.68631985994245e-02 1.00000000000000e+05 
7.69684991840579e-02 1.00000000000000e+05 
7.70738486052400e-02 1.00000000000000e+05 
7.71793362471550e-02 1.00000000000000e+05 
7.72848988450114e-02 1.00000000000000e+05 
7.73906258272423e-02 1.00000000000000e+05 
7.74964507018190e-02 1.00000000000000e+05 
7.76024260665786e-02 1.00000000000000e+05 
7.77085371696165e-02 1.00000000000000e+05 
7.78148216556102e-02 1.00000000000000e+05 
7.79212157990366e-02 1.00000000000000e+05 
7.80278245414305e-02 1.00000000000000e+05 
7.81345452916863e-02 1.00000000000000e+05 
7.82413933831140e-02 1.00000000000000e+05 
7.83484383862395e-02 1.00000000000000e+05 
7.84556583582078e-02 1.00000000000000e+05 
7.85630074821528e-02 1.00000000000000e+05 
7.86705597172957e-02 1.00000000000000e+05 
7.87782479154792e-02 1.00000000000000e+05 
7.88861811407355e-02 1.00000000000000e+05 
7.89942266118578e-02 1.00000000000000e+05 
7.91024170039821e-02 1.00000000000000e+05 
7.92108166184776e-02 1.00000000000000e+05 
7.93194194425211e-02 1.00000000000000e+05 
7.94282107301659e-02 1.00000000000000e+05 
7.95372288238743e-02 1.00000000000000e+05 
7.96464390731482e-02 1.00000000000000e+05 
7.97558078646978e-02 1.00000000000000e+05 
7.98653906055365e-02 1.00000000000000e+05 
7.99751772472560e-02 1.00000000000000e+05 
8.00851743206795e-02 1.00000000000000e+05 
8.01954142900784e-02 1.00000000000000e+05 
8.03058650935307e-02 1.00000000000000e+05 
8.04165874047420e-02 1.00000000000000e+05 
8.05275204169003e-02 1.00000000000000e+05 
8.06386662964489e-02 1.00000000000000e+05 
8.07499427670328e-02 1.00000000000000e+05 
8.08613200903223e-02 1.00000000000000e+05 
8.09730735728353e-02 1.00000000000000e+05 
8.10849807872882e-02 1.00000000000000e+05 
8.11969895033077e-02 1.00000000000000e+05 
8.13091246810682e-02 1.00000000000000e+05 
8.14213478556134e-02 1.00000000000000e+05 
8.15336874534932e-02 1.00000000000000e+05 
8.16462070124988e-02 1.00000000000000e+05 
8.17588601116570e-02 1.00000000000000e+05 
8.18716314123863e-02 1.00000000000000e+05 
8.19845203201408e-02 1.00000000000000e+05 
8.20975190570839e-02 1.00000000000000e+05 
8.22105872100965e-02 1.00000000000000e+05 
8.23237798337813e-02 1.00000000000000e+05 
8.24370644878969e-02 1.00000000000000e+05 
8.25504390372052e-02 1.00000000000000e+05 
8.26639091461715e-02 1.00000000000000e+05 
8.27774562468703e-02 1.00000000000000e+05 
8.28910845591562e-02 1.00000000000000e+05 
8.30047803000742e-02 1.00000000000000e+05 
8.31185504804855e-02 1.00000000000000e+05 
8.32323880938247e-02 1.00000000000000e+05 
8.33462648527368e-02 1.00000000000000e+05 
8.34602316590348e-02 1.00000000000000e+05 
8.35742296904181e-02 1.00000000000000e+05 
8.36882492315843e-02 1.00000000000000e+05 
8.38023261554544e-02 1.00000000000000e+05 
8.39164597846986e-02 1.00000000000000e+05 
8.40314883348558e-02 1.00000000000000e+05 
8.41465138159172e-02 1.00000000000000e+05 
8.42614092431938e-02 1.00000000000000e+05 
8.43763034596332e-02 1.00000000000000e+05 
8.44910694220396e-02 1.00000000000000e+05 
8.46057756733125e-02 1.00000000000000e+05 
8.47209661007852e-02 1.00000000000000e+05 
8.48361591544648e-02 1.00000000000000e+05 
8.49512547711298e-02 1.00000000000000e+05 
8.50663166813082e-02 1.00000000000000e+05 
8.51812909062815e-02 1.00000000000000e+05 
8.52962249218055e-02 1.00000000000000e+05 
8.54110937505851e-02 1.00000000000000e+05 
8.55263812776037e-02 1.00000000000000e+05 
8.56416346527460e-02 1.00000000000000e+05 
8.57568546357273e-02 1.00000000000000e+05 
8.58720058046190e-02 1.00000000000000e+05 
8.59871336881799e-02 1.00000000000000e+05 
8.61022045058342e-02 1.00000000000000e+05 
8.62172716637550e-02 1.00000000000000e+05 
8.63323323297640e-02 1.00000000000000e+05 
8.64477965142800e-02 1.00000000000000e+05 
8.65632549580932e-02 1.00000000000000e+05 
8.66786908619676e-02 1.00000000000000e+05 
8.67941196699730e-02 1.00000000000000e+05 
8.69095611859546e-02 1.00000000000000e+05 
8.70250111224104e-02 1.00000000000000e+05 
8.71404984496186e-02 1.00000000000000e+05 
8.72562767547257e-02 1.00000000000000e+05 
8.73720588354698e-02 1.00000000000000e+05 
8.74878671455214e-02 1.00000000000000e+05 
8.76036845647893e-02 1.00000000000000e+05 
8.77195315843057e-02 1.00000000000000e+05 
8.78353966206110e-02 1.00000000000000e+05 
8.79514973394976e-02 1.00000000000000e+05 
8.80675874050172e-02 1.00000000000000e+05 
8.81837255926959e-02 1.00000000000000e+05 
8.82998352784631e-02 1.00000000000000e+05 
8.84159596456589e-02 1.00000000000000e+05 
8.85320543456784e-02 1.00000000000000e+05 
8.86483538645068e-02 1.00000000000000e+05 
8.87646321171487e-02 1.00000000000000e+05 
8.88809309787903e-02 1.00000000000000e+05 
8.89973103807034e-02 1.00000000000000e+05 
8.91141016315738e-02 1.00000000000000e+05 
8.92311348968381e-02 1.00000000000000e+05 
8.93482195604637e-02 1.00000000000000e+05 
8.94652630714233e-02 1.00000000000000e+05 
8.95823472207346e-02 1.00000000000000e+05 
8.96994217604207e-02 1.00000000000000e+05 
8.98165549602716e-02 1.00000000000000e+05 
8.99337009211759e-02 1.00000000000000e+05 
9.00511168459169e-02 1.00000000000000e+05 
9.01685142343777e-02 1.00000000000000e+05 
9.02859757909927e-02 1.00000000000000e+05 
9.04034220520047e-02 1.00000000000000e+05 
9.05209364223526e-02 1.00000000000000e+05 
9.06384686013051e-02 1.00000000000000e+05 
9.07560930647141e-02 1.00000000000000e+05 
9.08738222503760e-02 1.00000000000000e+05 
9.09916090013564e-02 1.00000000000000e+05 
9.11094406762805e-02 1.00000000000000e+05 
9.12272548427528e-02 1.00000000000000e+05 
9.13451560378281e-02 1.00000000000000e+05 
9.14630626324842e-02 1.00000000000000e+05 
9.15810228567472e-02 1.00000000000000e+05 
9.16990122859488e-02 1.00000000000000e+05 
9.18170436116874e-02 1.00000000000000e+05 
9.19351171659422e-02 1.00000000000000e+05 
9.20532147078004e-02 1.00000000000000e+05 
9.21713570158948e-02 1.00000000000000e+05 
9.22895194110473e-02 1.00000000000000e+05 
9.24090913557237e-02 1.00000000000000e+05 
9.25286609835468e-02 1.00000000000000e+05 
9.26480162080280e-02 1.00000000000000e+05 
9.27673666443544e-02 1.00000000000000e+05 
9.28866217056821e-02 1.00000000000000e+05 
9.30059320003320e-02 1.00000000000000e+05 
9.31253087767566e-02 1.00000000000000e+05 
9.32445673973434e-02 1.00000000000000e+05 
9.33637746200338e-02 1.00000000000000e+05 
9.34828872519001e-02 1.00000000000000e+05 
9.36018955056975e-02 1.00000000000000e+05 
9.37208426731108e-02 1.00000000000000e+05 
9.38397207163896e-02 1.00000000000000e+05 
9.39585529836020e-02 1.00000000000000e+05 
9.40773605764088e-02 1.00000000000000e+05 
9.41961567227645e-02 1.00000000000000e+05 
9.43149014138005e-02 1.00000000000000e+05 
9.44339695828925e-02 1.00000000001240e+05 
9.45529737596215e-02 1.00000000006592e+05 
9.46719696515881e-02 1.00000000032043e+05 
9.47909186986346e-02 1.00000000089885e+05 
9.49098846855387e-02 1.00000000165755e+05 
9.50288342926650e-02 1.00000000265591e+05 
9.51478337878493e-02 1.00000000391058e+05 
9.52668496090208e-02 1.00000000542701e+05 
9.53859312880944e-02 1.00000000722174e+05 
9.55050763487400e-02 1.00000000930856e+05 
9.56243021059824e-02 1.00000001174004e+05 
9.57435201355484e-02 1.00000001444729e+05 
9.58627706604652e-02 1.00000001739740e+05 
9.59819661004170e-02 1.00000002101257e+05 
9.61011943590034e-02 1.00000002465815e+05 
9.62204101973665e-02 1.00000002841101e+05 
9.63396498029999e-02 1.00000003206391e+05 
9.64589238175614e-02 1.00000003757475e+05 
9.65782408864196e-02 1.00000004275066e+05 
9.66976293032265e-02 1.00000004762692e+05 
9.68170802502390e-02 1.00000005218442e+05 
9.69364804388227e-02 1.00000005642157e+05 
9.70560263399150e-02 1.00000006039446e+05 
9.71756218041176e-02 1.00000006407138e+05 
9.72951888141625e-02 1.00000006758025e+05 
9.74148666115581e-02 1.00000007089257e+05 
9.75344815025405e-02 1.00000007427202e+05 
9.76543867079691e-02 1.00000007710498e+05 
9.77743468385248e-02 1.00000008054581e+05 
9.78942887572170e-02 1.00000008242763e+05 
9.80141740954304e-02 1.00000008403286e+05 
9.81342614939419e-02 1.00000008543450e+05 
9.82543602218451e-02 1.00000008677435e+05 
9.83744552832451e-02 1.00000008809125e+05 
9.84944609663563e-02 1.00000008964862e+05 
9.86144244495288e-02 1.00000009179453e+05 
9.87343402674363e-02 1.00000009479581e+05 
9.88541938972436e-02 1.00000009926792e+05 
9.89742379098276e-02 1.00000010528463e+05 
9.90942772812373e-02 1.00000011381282e+05 
9.92141727786488e-02 1.00000012454101e+05 
9.93339882967010e-02 1.00000012454101e+05 
9.94536619228558e-02 1.00000012115786e+05 
9.95734234546991e-02 1.00000013610677e+05 
9.96939563058787e-02 1.00000016652656e+05 
9.98145223873648e-02 1.00000021138129e+05 
9.99349976102011e-02 1.00000026383775e+05 
1.00055380651526e-01 1.00000032825211e+05 
1.00175854594173e-01 1.00000039683910e+05 
1.00296300569532e-01 1.00000049611155e+05 
1.00416543243823e-01 1.00000059629503e+05 
1.00536737876031e-01 1.00000069794707e+05 
1.00656776364625e-01 1.00000079468226e+05 
1.00776764330395e-01 1.00000089317905e+05 
1.00896614584657e-01 1.00000098156142e+05 
1.01016520881804e-01 1.00000106169555e+05 
1.01136299227013e-01 1.00000112981086e+05 
1.01256027617928e-01 1.00000119079689e+05 
1.01375614136735e-01 1.00000124175037e+05 
1.01495189889778e-01 1.00000128138751e+05 
1.01614994993390e-01 1.00000130621304e+05 
1.01734683551285e-01 1.00000131435547e+05 
1.01854251435967e-01 1.00000130803903e+05 
1.01973587764837e-01 1.00000129133229e+05 
1.02092832901636e-01 1.00000126306715e+05 
1.02211815752865e-01 1.00000121486030e+05 
1.02330804324084e-01 1.00000117827480e+05 
1.02449534783499e-01 1.00000114918388e+05 
1.02568266124970e-01 1.00000112651223e+05 
1.02686751112982e-01 1.00000110596857e+05 
1.02805158094876e-01 1.00000111939786e+05 
1.02923384863143e-01 1.00007937865532e+05 
1.03041531168164e-01 1.00140241916441e+05 
1.03159395688369e-01 1.00484426679757e+05 
1.03277195705767e-01 1.01100465392627e+05 
1.03394703561698e-01 1.02031539536736e+05 
1.03512148493223e-01 1.03235501662391e+05 
1.03629404700952e-01 1.04714682392658e+05 
1.03746619342514e-01 1.06448524067704e+05 
1.03863688897699e-01 1.08360903868094e+05 
1.03980659585670e-01 1.10385511360356e+05 
1.04097333655618e-01 1.12437900747286e+05 
1.04213946815857e-01 1.14407065633890e+05 
1.04330227035043e-01 1.16192192591827e+05 
1.04446513437228e-01 1.17808112872865e+05 
1.04562576976372e-01 1.19022775252334e+05 
1.04678723553203e-01 1.19876786318879e+05 
1.04794757691804e-01 1.20441542392249e+05 
1.04910901021122e-01 1.20641255606404e+05 
1.05026962171190e-01 1.20754573177434e+05 
1.05143022564544e-01 1.20805532524165e+05 
1.05258921720956e-01 1.20786811839484e+05 
1.05374862861006e-01 1.20696530754586e+05 
1.05490692996851e-01 1.20580836432239e+05 
1.05606676621929e-01 1.20453598589787e+05 
1.05722594399182e-01 1.20332180324100e+05 
1.05838618589605e-01 1.20217130587394e+05 
1.05954664316916e-01 1.20118566835869e+05 
1.06070790023524e-01 1.20040603464777e+05 
1.06186928345544e-01 1.19986658416704e+05 
1.06303203693428e-01 1.19954117997325e+05 
1.06419487123765e-01 1.19939569559313e+05 
1.06535896132856e-01 1.19936571675518e+05 
1.06652292298815e-01 1.19941421061437e+05 
1.06768739470849e-01 1.19952430355165e+05 
1.06885133373793e-01 1.19966542336054e+05 
1.07001809046764e-01 1.19980608882342e+05 
1.07118569832443e-01 1.19995322226639e+05 
1.07235406322174e-01 1.20007989175124e+05 
1.07352306545720e-01 1.20020568010526e+05 
1.07469287219317e-01 1.20032943417902e+05 
1.07586225709669e-01 1.20046563046889e+05 
1.07703167198699e-01 1.20063796188239e+05 
1.07820078959060e-01 1.20088550464365e+05 
1.07936980358559e-01 1.20117996242281e+05 
1.08054236444869e-01 1.20161883896482e+05 
1.08171492856117e-01 1.20220104126023e+05 
1.08288741498794e-01 1.20290729425326e+05 
1.08405970626325e-01 1.20367180500681e+05 
1.08523196609207e-01 1.20455916380650e+05 
1.08640406949840e-01 1.20559295180742e+05 
1.08757617836304e-01 1.20678351350153e+05 
1.08874813657080e-01 1.20810247839918e+05 
1.08992302835947e-01 1.20954525444181e+05 
1.09109768817034e-01 1.21110212634591e+05 
1.09227247589206e-01 1.21275053128061e+05 
1.09344710062030e-01 1.21447179097220e+05 
1.09462180582299e-01 1.21624943008243e+05 
1.09579634079458e-01 1.21806877866244e+05 
1.09697144556100e-01 1.21992613280618e+05 
1.09816019398424e-01 1.22184321916136e+05 
1.09934774220324e-01 1.22380586961002e+05 
1.10053548407332e-01 1.22583554947941e+05 
1.10172178300853e-01 1.22795991489900e+05 
1.10290806036554e-01 1.23021755676945e+05 
1.10409329149859e-01 1.23265046882193e+05 
1.10527787047281e-01 1.23530036075854e+05 
1.10646167905514e-01 1.23820897672799e+05 
1.10764481997755e-01 1.24140461627927e+05 
1.10883073191938e-01 1.24491504083225e+05 
1.11001642180413e-01 1.24872787924408e+05 
1.11120164695390e-01 1.25282302630021e+05 
1.11238693079649e-01 1.25715190171355e+05 
1.11357123869932e-01 1.26162874025676e+05 
1.11475533660617e-01 1.26616834451710e+05 
1.11593867133838e-01 1.27068371513762e+05 
1.11712173869772e-01 1.27501999956504e+05 
1.11830379509305e-01 1.27903467896556e+05 
1.11948898261840e-01 1.28278800155651e+05 
1.12067356929146e-01 1.28596830391710e+05 
1.12185845673028e-01 1.28839515417168e+05 
1.12304235516597e-01 1.29042075337680e+05 
1.12422642045748e-01 1.29198991702357e+05 
1.12540962021261e-01 1.29303567123785e+05 
1.12659305495284e-01 1.29325953446695e+05 
1.12777571900418e-01 1.29266045408044e+05 
1.12895826409228e-01 1.29154319166914e+05 
1.13014012547594e-01 1.28990039025343e+05 
1.13132144019094e-01 1.28811538323787e+05 
1.13250589901702e-01 1.28623277027182e+05 
1.13369041217012e-01 1.28423661459006e+05 
1.13487449633748e-01 1.28220299418035e+05 
1.13605844568616e-01 1.28019010919480e+05 
1.13724172480901e-01 1.27821679580388e+05 
1.13842471983194e-01 1.27628687812917e+05 
1.13960715908564e-01 1.27442590977715e+05 
1.14078934670633e-01 1.27264303800413e+05 
1.14197080796137e-01 1.27093857022852e+05 
1.14315523321599e-01 1.26929616460419e+05 
1.14433924862322e-01 1.26773429734585e+05 
1.14552292258358e-01 1.26624647633810e+05 
1.14670613002499e-01 1.26479263690370e+05 
1.14788904260538e-01 1.26337576802522e+05 
1.14907151939616e-01 1.26199007425562e+05 
1.15025388092856e-01 1.26062568803775e+05 
1.15143574337266e-01 1.25927886006353e+05 
1.15261736800297e-01 1.25793541598539e+05 
1.15379824441662e-01 1.25659084491738e+05 
1.15497902213738e-01 1.25524287087459e+05 
1.15616222024572e-01 1.25388497044539e+05 
1.15734530776388e-01 1.25252800923577e+05 
1.15852788691963e-01 1.25116768799722e+05 
1.15970994985445e-01 1.24980089590525e+05 
1.16089159813376e-01 1.24842038620436e+05 
1.16207290694299e-01 1.24702856035452e+05 
1.16325388780190e-01 1.24562805842885e+05 
1.16443461069319e-01 1.24421992660782e+05 
1.16561774788710e-01 1.24280291855396e+05 
1.16680091699307e-01 1.24138182021819e+05 
1.16798398436940e-01 1.23995878604100e+05 
1.16916657118501e-01 1.23853589816288e+05 
1.17034902779450e-01 1.23711443633330e+05 
1.17153108724666e-01 1.23569609934898e+05 
1.17271315083221e-01 1.23428161523358e+05 
1.17389569141249e-01 1.23287140759300e+05 
1.17507805903634e-01 1.23146696348310e+05 
1.17626022187958e-01 1.23006892220659e+05 
1.17744230409324e-01 1.22867742168342e+05 
1.17862583614675e-01 1.22729095647337e+05 
1.17980938328979e-01 1.22591124571571e+05 
1.18099366166142e-01 1.22453751818672e+05 
1.18217691744852e-01 1.22317171008105e+05 
1.18336010853873e-01 1.22181265586917e+05 
1.18454407072806e-01 1.22045930007795e+05 
1.18572674034202e-01 1.21911393535091e+05 
1.18690849494990e-01 1.21777602799613e+05 
1.18808892864091e-01 1.21644601387392e+05 
1.18926867427058e-01 1.21512316541592e+05 
1.19044744174539e-01 1.21380785710354e+05 
1.19162576851456e-01 1.21249958768229e+05 
1.19280319502943e-01 1.21119897712443e+05 
1.19398008821442e-01 1.20990580291678e+05 
1.19515645879411e-01 1.20862019697455e+05 
1.19633735233079e-01 1.20733691355585e+05 
1.19751717571514e-01 1.20606222642981e+05 
1.19869709678467e-01 1.20479509808300e+05 
1.19987633570173e-01 1.20353650913273e+05 
1.20105593984562e-01 1.20228554513869e+05 
1.20223537262890e-01 1.20104288510352e+05 
1.20341491486680e-01 1.19980838822083e+05 
1.20459329923240e-01 1.19858340869299e+05 
1.20577080836826e-01 1.19736769911370e+05 
1.20695145134842e-01 1.19615708390389e+05 
1.20813124703951e-01 1.19495561443090e+05 
1.20930966057479e-01 1.19376362515147e+05 
1.21048743170484e-01 1.19258015462284e+05 
1.21166423011594e-01 1.19140518869235e+05 
1.21284068695101e-01 1.19023774056274e+05 
1.21401634271773e-01 1.18907778356663e+05 
1.21519160010194e-01 1.18792443011283e+05 
1.21636620848160e-01 1.18677731623210e+05 
1.21754254719957e-01 1.18563351603134e+05 
1.21871805048548e-01 1.18449480522944e+05 
1.21989335886078e-01 1.18335984273287e+05 
1.22106799251001e-01 1.18222826913224e+05 
1.22224268011613e-01 1.18109861482410e+05 
1.22341708659551e-01 1.17997036690614e+05 
1.22459077978720e-01 1.17884315572904e+05 
1.22576433720728e-01 1.17771559544140e+05 
1.22693729614318e-01 1.17658735447175e+05 
1.22811029892460e-01 1.17545711485326e+05 
1.22928537382135e-01 1.17432221568365e+05 
1.23046059937143e-01 1.17318383326277e+05 
1.23163554508888e-01 1.17204172897112e+05 
1.23281020518347e-01 1.17089542019711e+05 
1.23398357436741e-01 1.16974549716252e+05 
1.23515699211046e-01 1.16859011294912e+05 
1.23632939014572e-01 1.16742997091939e+05 
1.23750203000625e-01 1.16626343407650e+05 
1.23867467340748e-01 1.16509055672370e+05 
1.23984707918179e-01 1.16391177426127e+05 
1.24101971549458e-01 1.16272655138163e+05 
1.24219200016903e-01 1.16153558802922e+05 
1.24336444168117e-01 1.16033814915476e+05 
1.24453676656074e-01 1.15913470664084e+05 
1.24570907945286e-01 1.15792553264049e+05 
1.24650897080318e-01 1.15709741040540e+05 
1.24730418758460e-01 1.15627185984405e+05 
1.24809983139182e-01 1.15544363775091e+05 
1.24889590044218e-01 1.15461286035649e+05 
1.24969238426218e-01 1.15377967565371e+05 
1.25048172210353e-01 1.15295221234182e+05 
1.25127136035852e-01 1.15212290611022e+05 
1.25206133144382e-01 1.15129198868810e+05 
1.25285163639349e-01 1.15045971522558e+05 
1.25364231212647e-01 1.14962629185219e+05 
1.25443335269894e-01 1.14879198073963e+05 
1.25522478636667e-01 1.14795700803422e+05 
1.25601659888765e-01 1.14712165376724e+05 
1.25680880948789e-01 1.14628617566550e+05 
1.25760140747448e-01 1.14545085255458e+05 
1.25839442039632e-01 1.14461592707778e+05 
1.25918783975152e-01 1.14378166227971e+05 
1.25998169712966e-01 1.14294827938972e+05 
1.26077598449306e-01 1.14211602337110e+05 
1.26157073431947e-01 1.14128509342916e+05 
1.26236593810511e-01 1.14045571291014e+05 
1.26316162815281e-01 1.13962805487967e+05 
1.26395779582087e-01 1.13880231646166e+05 
1.26475447223349e-01 1.13797864307098e+05 
1.26555164881222e-01 1.13715720343253e+05 
1.26634935342413e-01 1.13633812006016e+05 
1.26714757749448e-01 1.13552153378375e+05 
1.26794634276040e-01 1.13470754798362e+05 
1.26874563999397e-01 1.13389627847213e+05 
1.26954547484334e-01 1.13308781973874e+05 
1.27033437027721e-01 1.13229378234574e+05 
1.27112381017966e-01 1.13150260847561e+05 
1.27191387722216e-01 1.13071427709376e+05 
1.27270479877917e-01 1.12992861815091e+05 
1.27349664699473e-01 1.12914560778286e+05 
1.27428958828981e-01 1.12836512803287e+05 
1.27508366546345e-01 1.12758717072517e+05 
1.27587897496102e-01 1.12681167714981e+05 
1.27667553856843e-01 1.12603864619883e+05 
1.27747338142085e-01 1.12526807727184e+05 
1.27825513383200e-01 1.12451663273500e+05 
1.27903578478473e-01 1.12376978072288e+05 
1.27981483473014e-01 1.12302795803306e+05 
1.28058744924289e-01 1.12229569765514e+05 
1.28136060943126e-01 1.12156631195730e+05 
1.28213437791559e-01 1.12083972440653e+05 
1.28290870858853e-01 1.12011594747545e+05 
1.28368366591230e-01 1.11939489374376e+05 
1.28445911551476e-01 1.11867665266577e+05 
1.28523499302113e-01 1.11796124996986e+05 
1.28601065408606e-01 1.11724923599504e+05 
1.28678620224818e-01 1.11654047442747e+05 
1.28756161270418e-01 1.11583494001564e+05 
1.28833704459880e-01 1.11513245300979e+05 
1.28910657159507e-01 1.11443830175870e+05 
1.28987678159823e-01 1.11374648807915e+05 
1.29064821134832e-01 1.11305649956022e+05 
1.29142150019347e-01 1.11236776194812e+05 
1.29219551229067e-01 1.11168126951339e+05 
1.29296882865504e-01 1.11099826159139e+05 
1.29374217171415e-01 1.11031807406962e+05 
1.29451486845756e-01 1.10964127772343e+05 
1.29528794677603e-01 1.10896695482887e+05 
1.29606051501296e-01 1.10829586991316e+05 
1.29683382267521e-01 1.10762692651873e+05 
1.29760687485294e-01 1.10696098162053e+05 
1.29838208410059e-01 1.10629595506978e+05 
1.29914724919162e-01 1.10564227189433e+05 
1.29991394733136e-01 1.10498998884382e+05 
1.30068260425815e-01 1.10433875963840e+05 
1.30145523406375e-01 1.10368690689593e+05 
1.30223786937632e-01 1.10302940634264e+05 
1.30302067936512e-01 1.10237457131516e+05 
1.30380257737892e-01 1.10172329202449e+05 
1.30458387331083e-01 1.10107530082450e+05 
1.30534015145927e-01 1.10045069495487e+05 
1.30610058890492e-01 1.09982526313322e+05 
1.30686416320484e-01 1.09919986535888e+05 
1.30762700820576e-01 1.09857766810792e+05 
1.30838857782407e-01 1.09795908637255e+05 
1.30914960345996e-01 1.09734349326567e+05 
1.30991138308718e-01 1.09672982077506e+05 
1.31067601918295e-01 1.09611635467722e+05 
1.31142428052391e-01 1.09551844541791e+05 
1.31217632632191e-01 1.09491987582056e+05 
1.31293297139795e-01 1.09432002393380e+05 
1.31369803471859e-01 1.09371586725927e+05 
1.31447051403237e-01 1.09310825227113e+05 
1.31525478678532e-01 1.09249375075290e+05 
1.31603966193938e-01 1.09188116578253e+05 
1.31685309293558e-01 1.09124875395455e+05 
1.31760085191397e-01 1.09066957655476e+05 
1.31835322016816e-01 1.09008888173731e+05 
1.31911131790143e-01 1.08950582427423e+05 
1.31987935128193e-01 1.08891717370515e+05 
1.32065641788751e-01 1.08832365745567e+05 
1.32142319233212e-01 1.08773996653907e+05 
1.32216858049286e-01 1.08717439783871e+05 
1.32291596519932e-01 1.08660908810211e+05 
1.32366571378986e-01 1.08604375415761e+05 
1.32442194007206e-01 1.08547528564814e+05 
1.32518489299305e-01 1.08490352501711e+05 
1.32595817862819e-01 1.08432580196664e+05 
1.32674504304429e-01 1.08373976110976e+05 
1.32754967691095e-01 1.08314236655699e+05 
1.32838742093072e-01 1.08252245259728e+05 
1.32923653123910e-01 1.08189627126705e+05 
1.32998911140428e-01 1.08134307309204e+05 
1.33074832025481e-01 1.08078672047588e+05 
1.33151408617992e-01 1.08022731881658e+05 
1.33228197699754e-01 1.07966814655038e+05 
1.33305478673351e-01 1.07910721458216e+05 
1.33383404995665e-01 1.07854346823175e+05 
1.33461834172461e-01 1.07797801383584e+05 
1.33540947890301e-01 1.07740961268480e+05 
1.33620577281612e-01 1.07683956838120e+05 
1.33700854405995e-01 1.07626701601150e+05 
1.33777301180538e-01 1.07572381616837e+05 
1.33854576345375e-01 1.07517678247862e+05 
1.33933120955985e-01 1.07462292070882e+05 
1.34013078109661e-01 1.07406133784203e+05 
1.34093975595087e-01 1.07349550931215e+05 
1.34174117746814e-01 1.07293737590973e+05 
1.34253589924194e-01 1.07238630928910e+05 
1.34331156104861e-01 1.07185082432452e+05 
1.34409018341575e-01 1.07131565588836e+05 
1.34487424312435e-01 1.07077918270378e+05 
1.34565532098097e-01 1.07024717123385e+05 
1.34644529613989e-01 1.06971159202494e+05 
1.34726105762209e-01 1.06916114161550e+05 
1.34808792712736e-01 1.06860592988292e+05 
1.34894962298450e-01 1.06803023097749e+05 
1.34982188411728e-01 1.06745049802550e+05 
1.35067800213500e-01 1.06688441955399e+05 
1.35151883730117e-01 1.06633126147919e+05 
1.35229248072323e-01 1.06582474881653e+05 
1.35307261275612e-01 1.06531634744337e+05 
1.35385695961363e-01 1.06480755644573e+05 
1.35464821858271e-01 1.06429664854511e+05 
1.35544348789307e-01 1.06378552381947e+05 
1.35623200114449e-01 1.06328106582591e+05 
1.35701362428464e-01 1.06278328401885e+05 
1.35782567998957e-01 1.06226849203969e+05 
1.35863114729033e-01 1.06176025162622e+05 
1.35943227303599e-01 1.06125707982291e+05 
1.36020714357912e-01 1.06077259895742e+05 
1.36098868422304e-01 1.06028611810272e+05 
1.36177423734626e-01 1.05979932877099e+05 
1.36255941553299e-01 1.05931493296449e+05 
1.36334153557107e-01 1.05883457059611e+05 
1.36412139485955e-01 1.05835769287476e+05 
1.36489897072131e-01 1.05788429308086e+05 
1.36570302218400e-01 1.05739691941691e+05 
1.36649631893629e-01 1.05691819402049e+05 
1.36728360135630e-01 1.05644514864733e+05 
1.36805848482893e-01 1.05598153486641e+05 
1.36884001085440e-01 1.05551590100960e+05 
1.36962625705974e-01 1.05504941390487e+05 
1.37041996202091e-01 1.05458046257324e+05 
1.37123973999759e-01 1.05409814174323e+05 
1.37206005123683e-01 1.05361754402464e+05 
1.37287200343813e-01 1.05314380606902e+05 
1.37367826659762e-01 1.05267529010878e+05 
1.37447717434601e-01 1.05221287119336e+05 
1.37527124134742e-01 1.05175502678232e+05 
1.37605197593259e-01 1.05130654557967e+05 
1.37683556496701e-01 1.05085807191007e+05 
1.37761423153755e-01 1.05041400777231e+05 
1.37838948744805e-01 1.04997343760164e+05 
1.37916112366106e-01 1.04953642012103e+05 
1.37993019659072e-01 1.04910231145279e+05 
1.38069669332130e-01 1.04867106607960e+05 
1.38146131883771e-01 1.04824224807838e+05 
1.38230240690577e-01 1.04777208500683e+05 
1.38308353932058e-01 1.04733684571446e+05 
1.38386008705410e-01 1.04690546044270e+05 
1.38464234543451e-01 1.04647217901425e+05 
1.38542821548298e-01 1.04603814209945e+05 
1.38621994946543e-01 1.04560208924267e+05 
1.38701559870285e-01 1.04516507036929e+05 
1.38780978231204e-01 1.04473000261175e+05 
1.38859638523341e-01 1.04430017089927e+05 
1.38937805482217e-01 1.04387405798338e+05 
1.39015382652486e-01 1.04345212475355e+05 
1.39092556203091e-01 1.04303329727256e+05 
1.39169282320905e-01 1.04261775465171e+05 
1.39245687875590e-01 1.04220475951869e+05 
1.39321767605221e-01 1.04179428859060e+05 
1.39397607943270e-01 1.04138583237605e+05 
1.39476312698252e-01 1.04096265552025e+05 
1.39551866467901e-01 1.04055708983010e+05 
1.39627415685747e-01 1.04015215446709e+05 
1.39702963731357e-01 1.03974783106726e+05 
1.39778511081265e-01 1.03934407628811e+05 
1.39854059886729e-01 1.03894088594983e+05 
1.39929609341627e-01 1.03853823685006e+05 
1.40005160692776e-01 1.03813613818605e+05 
1.40080711266324e-01 1.03773459303122e+05 
1.40156260807370e-01 1.03733362748764e+05 
1.40231808024470e-01 1.03693325484607e+05 
1.40307353623757e-01 1.03653350608316e+05 
1.40382896558635e-01 1.03613440886962e+05 
1.40458339681529e-01 1.03573651907844e+05 
1.40533503004888e-01 1.03534083217833e+05 
1.40609042375229e-01 1.03494392598250e+05 
1.40684581155955e-01 1.03454784233400e+05 
1.40760121285339e-01 1.03415261385830e+05 
1.40835662988364e-01 1.03375829661782e+05 
1.40911208138739e-01 1.03336493403418e+05 
1.40986757687767e-01 1.03297257355997e+05 
1.41062313277472e-01 1.03258126710217e+05 
1.41137876752095e-01 1.03219104939124e+05 
1.41213449403732e-01 1.03180197542845e+05 
1.41289034067413e-01 1.03141406079868e+05 
1.41364631622784e-01 1.03102736298707e+05 
1.41439864302446e-01 1.03064381250818e+05 
1.41514570565559e-01 1.03026427301311e+05 
1.41589242282797e-01 1.02988621654024e+05 
1.41663941073984e-01 1.02950938927329e+05 
1.41738639403955e-01 1.02913389333120e+05 
1.41813341805522e-01 1.02875976369653e+05 
1.41888049575175e-01 1.02838693664114e+05 
1.41962767786875e-01 1.02801544169773e+05 
1.42037494638653e-01 1.02764521532807e+05 
1.42112233435678e-01 1.02727628643171e+05 
1.42186983121664e-01 1.02690857841934e+05 
1.42261747378866e-01 1.02654210965815e+05 
1.42336529768014e-01 1.02617677645741e+05 
1.42411338596205e-01 1.02581256740864e+05 
1.42486111607164e-01 1.02544970067462e+05 
1.42560603606292e-01 1.02508937955082e+05 
1.42635634028972e-01 1.02472756939718e+05 
1.42710768942043e-01 1.02436639538858e+05 
1.42786046285616e-01 1.02400561202845e+05 
1.42861459359807e-01 1.02364527843123e+05 
1.42937040863377e-01 1.02328518827822e+05 
1.43012777904528e-01 1.02292543416425e+05 
1.43088693547358e-01 1.02256586677098e+05 
1.43162519995086e-01 1.02221722248097e+05 
1.43236334718640e-01 1.02186961623316e+05 
1.43310156507371e-01 1.02152300098957e+05 
1.43383965471899e-01 1.02117745324443e+05 
1.43457784421703e-01 1.02083291501011e+05 
1.43531591415323e-01 1.02048948640934e+05 
1.43605422843797e-01 1.02014704604467e+05 
1.43679248962112e-01 1.01980575252827e+05 
1.43753121564370e-01 1.01946541004761e+05 
1.43827020553627e-01 1.01912615339092e+05 
1.43901011946073e-01 1.01878771609688e+05 
1.43975144909839e-01 1.01844993626095e+05 
1.44049479217003e-01 1.01811257103138e+05 
1.44124139077057e-01 1.01777514074632e+05 
1.44199147822607e-01 1.01743756216493e+05 
1.44274735676585e-01 1.01709890889497e+05 
1.44349867605814e-01 1.01676379960950e+05 
1.44424502626096e-01 1.01643247035189e+05 
1.44498800173897e-01 1.01610413903946e+05 
1.44577747071141e-01 1.01575698933260e+05 
1.44650362733631e-01 1.01543917433937e+05 
1.44722905695856e-01 1.01512318320150e+05 
1.44795614896838e-01 1.01480787551071e+05 
1.44868357349876e-01 1.01449391184320e+05 
1.44941337075418e-01 1.01418028679507e+05 
1.45014524761995e-01 1.01386722232705e+05 
1.45088114342722e-01 1.01355374092043e+05 
1.45162211824524e-01 1.01323951251593e+05 
1.45237008699229e-01 1.01292355053053e+05 
1.45312416029635e-01 1.01260638068963e+05 
1.45387310738399e-01 1.01229249227438e+05 
1.45461732847523e-01 1.01198180282378e+05 
1.45535828991102e-01 1.01167345317310e+05 
1.45611787047720e-01 1.01135847145196e+05 
1.45686595621435e-01 1.01104913296418e+05 
1.45762119330597e-01 1.01073781379318e+05 
1.45833935768205e-01 1.01044248332313e+05 
1.45905827742721e-01 1.01014761328048e+05 
1.45977919412076e-01 1.00985252064893e+05 
1.46050589323394e-01 1.00955574061004e+05 
1.46124003199003e-01 1.00925645015997e+05 
1.46198659595415e-01 1.00895271308896e+05 
1.46274741207587e-01 1.00864366636067e+05 
1.46350053115749e-01 1.00833830610728e+05 
1.46424843285000e-01 1.00803548960780e+05 
1.46499147557192e-01 1.00773513482860e+05 
1.46573115378513e-01 1.00743653888657e+05 
1.46652505337791e-01 1.00711657665266e+05 
1.46731391898665e-01 1.00679910696606e+05 
1.46803077224167e-01 1.00651107897785e+05 
1.46875150093874e-01 1.00622191592309e+05 
1.46947706651130e-01 1.00593129356830e+05 
1.47020778842615e-01 1.00563911146546e+05 
1.47094936848715e-01 1.00534312395405e+05 
1.47170541691269e-01 1.00504196816603e+05 
1.47246242764328e-01 1.00474105204347e+05 
1.47321590958856e-01 1.00444223360391e+05 
1.47397040264654e-01 1.00414370504197e+05 
1.47471932244342e-01 1.00384815740208e+05 
1.47546278520675e-01 1.00355550597722e+05 
1.47620244301998e-01 1.00326518654416e+05 
1.47692016598755e-01 1.00298423093476e+05 
1.47764262444022e-01 1.00270226959240e+05 
1.47836937236931e-01 1.00241942725325e+05 
1.47910164651578e-01 1.00213534276545e+05 
1.47985759440330e-01 1.00184292936267e+05 
1.48062829185538e-01 1.00154582693064e+05 
1.48142777958938e-01 1.00123854621473e+05 
1.48221523085902e-01 1.00093695279815e+05 
1.48291838714377e-01 1.00066834851292e+05 
1.48362698977359e-01 1.00039846500541e+05 
1.48434089127565e-01 1.00012714888883e+05 
1.48506212704212e-01 9.99853798813125e+04 
1.48579660062934e-01 9.99575909548050e+04 
1.48653834913711e-01 9.99295951154225e+04 
1.48727571605102e-01 9.99017953068049e+04 
1.48800994952127e-01 9.98741669003530e+04 
1.48877207760749e-01 9.98454987674970e+04 
1.48952877352949e-01 9.98170615814555e+04 
1.49023879139907e-01 9.97903691208007e+04 
1.49095608781137e-01 9.97634070608061e+04 
1.49168003523548e-01 9.97361668876906e+04 
1.49241241583560e-01 9.97085934235331e+04 
1.49317201461420e-01 9.96799448298665e+04 
1.49394647849012e-01 9.96506942511275e+04 
1.49471581555047e-01 9.96215659020759e+04 
1.49547658407331e-01 9.95926988904706e+04 
1.49618162759449e-01 9.95658693745007e+04 
1.49689301926973e-01 9.95387282974021e+04 
1.49761004035981e-01 9.95112873120158e+04 
1.49833543814580e-01 9.94834430993587e+04 
1.49906735781050e-01 9.94552523912879e+04 
1.49981709192344e-01 9.94262848654300e+04 
1.50060137521426e-01 9.93958804042306e+04 
1.50137839593096e-01 9.93656734897914e+04 
1.50208012351738e-01 9.93383132128169e+04 
1.50278870701695e-01 9.93106363700019e+04 
1.50350358752701e-01 9.92826687707141e+04 
1.50422814536368e-01 9.92543178931722e+04 
1.50496828599397e-01 9.92253828715898e+04 
1.50571064221937e-01 9.91964254500036e+04 
1.50645012474798e-01 9.91676876332989e+04 
1.50720540565894e-01 9.91384959969361e+04 
1.50790885669914e-01 9.91115488522561e+04 
1.50861913281996e-01 9.90845598903959e+04 
1.50933524859021e-01 9.90577272222890e+04 
1.51006064802806e-01 9.90308112003951e+04 
1.51078843231885e-01 9.90041883797055e+04 
1.51153990751351e-01 9.89774384101017e+04 
1.51232845378764e-01 9.89503138071318e+04 
1.51311225112627e-01 9.89246775933499e+04 
1.51381650702549e-01 9.89008596536170e+04 
1.51452810943744e-01 9.88791625834994e+04 
1.51524611193243e-01 9.88591043914175e+04 
1.51597408016377e-01 9.88407327334716e+04 
1.51671783387454e-01 9.88244520292391e+04 
1.51746170997846e-01 9.88101663681804e+04 
1.51820149062700e-01 9.87998539494733e+04 
1.51893857292358e-01 9.87874511058793e+04 
1.51964507418151e-01 9.87792050367081e+04 
1.52035909738233e-01 9.87751158940098e+04 
1.52107952442979e-01 9.87740397539995e+04 
1.52180993851413e-01 9.87776556998818e+04 
1.52253729619684e-01 9.87856409658792e+04 
1.52326192287205e-01 9.87990058997054e+04 
1.52404752636030e-01 9.88158046418235e+04 
1.52482424618612e-01 9.88355796749317e+04 
1.52553307507473e-01 9.88577966444914e+04 
1.52624936392538e-01 9.88837924228223e+04 
1.52697190166252e-01 9.89163374578735e+04 
1.52770442107361e-01 9.89566198535332e+04 
1.52844736830763e-01 9.90050578028532e+04 
1.52918666036072e-01 9.90592850435777e+04 
1.52992233586467e-01 9.91195768096469e+04 
1.53065544666675e-01 9.91858813258233e+04 
1.53136689211903e-01 9.92560275503282e+04 
1.53208539253428e-01 9.93328703955107e+04 
1.53280952208716e-01 9.94161104147887e+04 
1.53354305361022e-01 9.95061979952286e+04 
1.53427646585603e-01 9.96017184882404e+04 
1.53500643555297e-01 9.97017242708012e+04 
1.53573366941043e-01 9.98058659073132e+04 
1.53649922900977e-01 9.99197023539669e+04 
1.53721232021439e-01 1.00029164336075e+05 
1.53793189588181e-01 1.00142347771330e+05 
1.53865647413521e-01 1.00258423886516e+05 
1.53938996855703e-01 1.00377503554742e+05 
1.54012610763074e-01 1.00497815703269e+05 
1.54085910696430e-01 1.00617641473199e+05 
1.54158919156808e-01 1.00736171399513e+05 
1.54231713458716e-01 1.00852484835313e+05 
1.54309954353847e-01 1.00975876377663e+05 
1.54387266086599e-01 1.01093799467643e+05 
1.54459989399418e-01 1.01200534911753e+05 
1.54533538237577e-01 1.01302951789404e+05 
1.54607720271870e-01 1.01400125902283e+05 
1.54682270954731e-01 1.01497513620839e+05 
1.54756363644529e-01 1.01583517437971e+05 
1.54830159491555e-01 1.01660670522449e+05 
1.54903663281343e-01 1.01729462441429e+05 
1.54976942233846e-01 1.01791107812847e+05 
1.55049340844998e-01 1.01845908655414e+05 
1.55122383162148e-01 1.01888183845594e+05 
1.55195202453759e-01 1.01929334490901e+05 
1.55267803805898e-01 1.01968585387327e+05 
1.55342750780488e-01 1.02006726996069e+05 
1.55418541638472e-01 1.02040307855648e+05 
1.55496792848048e-01 1.02069036792339e+05 
1.55574744476094e-01 1.02092481804652e+05 
1.55651621346997e-01 1.02108211978707e+05 
1.55727732067053e-01 1.02116354112277e+05 
1.55802966269118e-01 1.02118218956594e+05 
1.55877619399882e-01 1.02115374770795e+05 
1.55951636672814e-01 1.02108220782548e+05 
1.56025222685523e-01 1.02096734012289e+05 
1.56098373469947e-01 1.02081405826159e+05 
1.56171216591206e-01 1.02062293115141e+05 
1.56243780733303e-01 1.02040096141146e+05 
1.56316121366527e-01 1.02015361099155e+05 
1.56390673253694e-01 1.01987694532849e+05 
1.56464895681550e-01 1.01958531802851e+05 
1.56538913530150e-01 1.01928150445435e+05 
1.56616235721012e-01 1.01895549239765e+05 
1.56690414332972e-01 1.01863024335662e+05 
1.56765285008344e-01 1.01829992286706e+05 
1.56840060937496e-01 1.01797138507502e+05 
1.56914302083070e-01 1.01764512427318e+05 
1.56987963241110e-01 1.01732570497219e+05 
1.57061226528319e-01 1.01701196331543e+05 
1.57134096069506e-01 1.01670527475050e+05 
1.57206684641703e-01 1.01640440693588e+05 
1.57279028981107e-01 1.01610926883019e+05 
1.57358607754451e-01 1.01579035292219e+05 
1.57437883115710e-01 1.01547769061475e+05 
1.57516626982670e-01 1.01517318067567e+05 
1.57591720448545e-01 1.01488725494774e+05 
1.57667453212926e-01 1.01460568763446e+05 
1.57743126164046e-01 1.01433021924383e+05 
1.57818137102319e-01 1.01406433151570e+05 
1.57892403371838e-01 1.01380708831861e+05 
1.57966173412201e-01 1.01355919000275e+05 
1.58039426594840e-01 1.01332005368663e+05 
1.58112322329814e-01 1.01308778084024e+05 
1.58184886506674e-01 1.01286625125712e+05 
1.58257212558306e-01 1.01265690526195e+05 
1.58332250353851e-01 1.01245238324806e+05 
1.58407668657778e-01 1.01226322340119e+05 
1.58483383381919e-01 1.01209095650429e+05 
1.58559637032296e-01 1.01194028892463e+05 
1.58636182666078e-01 1.01181319193225e+05 
1.58712475900015e-01 1.01170727521155e+05 
1.58787813965973e-01 1.01162647028758e+05 
1.58862511320408e-01 1.01157271728139e+05 
1.58936500557780e-01 1.01154984939280e+05 
1.59010015214277e-01 1.01155974178526e+05 
1.59083050743178e-01 1.01160511700365e+05 
1.59155753288749e-01 1.01168882121850e+05 
1.59228161726536e-01 1.01181444329022e+05 
1.59300357562795e-01 1.01198401256969e+05 
1.59379413674947e-01 1.01222283412370e+05 
1.59458676638921e-01 1.01251927368170e+05 
1.59537744137648e-01 1.01287482719091e+05 
1.59615596065155e-01 1.01328525421939e+05 
1.59692319393806e-01 1.01375046117538e+05 
1.59768201043765e-01 1.01427101258658e+05 
1.59843169205168e-01 1.01484561660638e+05 
1.59917522889133e-01 1.01547527699185e+05 
1.59991214410583e-01 1.01615834116833e+05 
1.60064458898021e-01 1.01689511439562e+05 
1.60137268886837e-01 1.01768393722840e+05 
1.60209774981649e-01 1.01852426570765e+05 
1.60282030576639e-01 1.01941438857459e+05 
1.60361511731129e-01 1.02045191041177e+05 
1.60443144591951e-01 1.02157762687154e+05 
1.60523223101503e-01 1.02273713159226e+05 
1.60601966250383e-01 1.02392576009281e+05 
1.60679546919614e-01 1.02513909662964e+05 
1.60756025749900e-01 1.02637075436095e+05 
1.60831687588665e-01 1.02761872374332e+05 
1.60906466192913e-01 1.02887504169396e+05 
1.60980651208969e-01 1.03013829533586e+05 
1.61054206051544e-01 1.03140141108388e+05 
1.61127336844576e-01 1.03266187264435e+05 
1.61200063416047e-01 1.03391390011377e+05 
1.61272509879393e-01 1.03515362164823e+05 
1.61344736643167e-01 1.03637650960737e+05 
1.61421081881260e-01 1.03764875405788e+05 
1.61497399945523e-01 1.03889324804126e+05 
1.61573693712432e-01 1.04010363820928e+05 
1.61649967318430e-01 1.04127429563669e+05 
1.61726223789293e-01 1.04239944559145e+05 
1.61802467360104e-01 1.04347452045793e+05 
1.61878664832176e-01 1.04449505033066e+05 
1.61953934851989e-01 1.04544640757730e+05 
1.62028573534905e-01 1.04633047691220e+05 
1.62102529459802e-01 1.04714597871294e+05 
1.62176026902049e-01 1.04789465662073e+05 
1.62249068998340e-01 1.04857683964792e+05 
1.62321800963221e-01 1.04920428045831e+05 
1.62394271862673e-01 1.04976445299222e+05 
1.62470567666515e-01 1.05028556286025e+05 
1.62546889743072e-01 1.05073794446138e+05 
1.62623242813955e-01 1.05112405132257e+05 
1.62699631278004e-01 1.05144626700498e+05 
1.62776060227221e-01 1.05170785080136e+05 
1.62852534152833e-01 1.05190115859039e+05 
1.62929058554525e-01 1.05204773591334e+05 
1.63005638081028e-01 1.05214917959525e+05 
1.63082155442629e-01 1.05220705486755e+05 
1.63157900592063e-01 1.05222524882911e+05 
1.63233094141816e-01 1.05220757025563e+05 
1.63307702643817e-01 1.05215843545869e+05 
1.63381918683043e-01 1.05208099503274e+05 
1.63455724846084e-01 1.05197647898756e+05 
1.63529255539805e-01 1.05184794803090e+05 
1.63602523328076e-01 1.05170012474609e+05 
1.63675609387873e-01 1.05153608638791e+05 
1.63748550322937e-01 1.05135854618226e+05 
1.63826104664430e-01 1.05115741750892e+05 
1.63903794435671e-01 1.05094582303308e+05 
1.63981631407573e-01 1.05072617452063e+05 
1.64059625222001e-01 1.05050045656362e+05 
1.64137788563112e-01 1.05027014447090e+05 
1.64216147503492e-01 1.05003655326600e+05 
1.64294702697165e-01 1.04980101976175e+05 
1.64373494798748e-01 1.04956443589610e+05 
1.64452516827551e-01 1.04932778474258e+05 
1.64531822305962e-01 1.04909154171201e+05 
1.64611396883046e-01 1.04885632960486e+05 
1.64691310793484e-01 1.04862238903701e+05 
1.64767309637817e-01 1.04840223506939e+05 
1.64843281059244e-01 1.04818437021831e+05 
1.64919254849867e-01 1.04796869547142e+05 
1.64995211323581e-01 1.04775501303611e+05 
1.65071182528305e-01 1.04754304817742e+05 
1.65147158967674e-01 1.04733247668591e+05 
1.65223173305339e-01 1.04712294270925e+05 
1.65299229558462e-01 1.04691413990448e+05 
1.65375360261010e-01 1.04670572848629e+05 
1.65451588007548e-01 1.04649736926195e+05 
1.65527945210134e-01 1.04628873108968e+05 
1.65604479644964e-01 1.04607929416831e+05 
1.65681208198637e-01 1.04586913355825e+05 
1.65757743565013e-01 1.04565931811459e+05 
1.65834117297127e-01 1.04544954125110e+05 
1.65910306911499e-01 1.04523972655739e+05 
1.65986336009980e-01 1.04502958683619e+05 
1.66062186476847e-01 1.04481892528873e+05 
1.66137876655503e-01 1.04460746054836e+05 
1.66213391938523e-01 1.04439522046170e+05 
1.66288747103247e-01 1.04418215167883e+05 
1.66363931237624e-01 1.04396812551017e+05 
1.66438956166252e-01 1.04375335492770e+05 
1.66513814897518e-01 1.04353794707088e+05 
1.66588517036834e-01 1.04332236216426e+05 
1.66663060234768e-01 1.04310653341005e+05 
1.66737451053888e-01 1.04289069255869e+05 
1.66811692423439e-01 1.04267405786178e+05 
1.66885787568730e-01 1.04245679261688e+05 
1.66959746262086e-01 1.04223909860392e+05 
1.67033567941283e-01 1.04202094547625e+05 
1.67107271019124e-01 1.04180300164408e+05 
1.67180850788143e-01 1.04158473786198e+05 
1.67254337131239e-01 1.04136721650325e+05 
1.67330539772137e-01 1.04114162169522e+05 
1.67406900788038e-01 1.04091637777887e+05 
1.67483471460247e-01 1.04069583280382e+05 
1.67560261339073e-01 1.04047408030342e+05 
1.67637329249913e-01 1.04025048526949e+05 
1.67714660390865e-01 1.04002674711578e+05 
1.67791984607128e-01 1.03980358012975e+05 
1.67869306033251e-01 1.03958201088482e+05 
1.67946621017858e-01 1.03936192357507e+05 
1.68023933959469e-01 1.03914278009462e+05 
1.68101241451294e-01 1.03892692543659e+05 
1.68176145348668e-01 1.03872066273100e+05 
1.68251052989915e-01 1.03851813192221e+05 
1.68325948507077e-01 1.03831936192576e+05 
1.68400870972260e-01 1.03812474084528e+05 
1.68475827387785e-01 1.03793450510016e+05 
1.68550858474065e-01 1.03774905268231e+05 
1.68625999684041e-01 1.03756866038435e+05 
1.68701382743632e-01 1.03739350673664e+05 
1.68777027803071e-01 1.03722403454014e+05 
1.68852972440573e-01 1.03706071422648e+05 
1.68929236829899e-01 1.03690396683756e+05 
1.69005848124489e-01 1.03675433156132e+05 
1.69081972204692e-01 1.03661370806901e+05 
1.69157729286409e-01 1.03648218713268e+05 
1.69233028784980e-01 1.03636000546027e+05 
1.69307504441979e-01 1.03624784236386e+05 
1.69381974250826e-01 1.03614464164382e+05 
1.69456226656367e-01 1.03605138071889e+05 
1.69530111459287e-01 1.03596767841070e+05 
1.69603714840835e-01 1.03589378368443e+05 
1.69676996286801e-01 1.03582945609074e+05 
1.69750029096086e-01 1.03577463178339e+05 
1.69822790650240e-01 1.03572942474665e+05 
1.69895341066030e-01 1.03569378255937e+05 
1.69967686590425e-01 1.03566756278441e+05 
1.70039866214871e-01 1.03565084584976e+05 
1.70111911324337e-01 1.03564338336869e+05 
1.70188351830158e-01 1.03564555988422e+05 
1.70265293095834e-01 1.03565799548356e+05 
1.70339528418888e-01 1.03567952892653e+05 
1.70413780260489e-01 1.03571033229475e+05 
1.70488076733195e-01 1.03575028610347e+05 
1.70562410816864e-01 1.03579845857710e+05 
1.70636812721123e-01 1.03585533087151e+05 
1.70711287064624e-01 1.03592010763508e+05 
1.70785866328315e-01 1.03599290541123e+05 
1.70860573491502e-01 1.03607308510810e+05 
1.70935443081040e-01 1.03616204130746e+05 
1.71010129281539e-01 1.03625674876782e+05 
1.71084437723033e-01 1.03635292342132e+05 
1.71158330361815e-01 1.03645582390772e+05 
1.71231930335472e-01 1.03655797572945e+05 
1.71305221435113e-01 1.03666723222074e+05 
1.71378287706832e-01 1.03677524226234e+05 
1.71451138317170e-01 1.03688885501659e+05 
1.71523828424395e-01 1.03700057134511e+05 
1.71598276721069e-01 1.03712074807631e+05 
1.71672803451613e-01 1.03723902067829e+05 
1.71747415816493e-01 1.03736266504830e+05 
1.71822143828872e-01 1.03748441124368e+05 
1.71897008989631e-01 1.03760861201715e+05 
1.71972045735336e-01 1.03772999566598e+05 
1.72047302457244e-01 1.03785111419416e+05 
1.72122895531076e-01 1.03796794708401e+05 
1.72198893269302e-01 1.03808317880282e+05 
1.72275323420790e-01 1.03819300803489e+05 
1.72352244592451e-01 1.03829983283270e+05 
1.72427565066083e-01 1.03839749858701e+05 
1.72503100235111e-01 1.03849078800026e+05 
1.72578848464992e-01 1.03857655385799e+05 
1.72654727209104e-01 1.03865173899110e+05 
1.72730276237303e-01 1.03871713931812e+05 
1.72805316603381e-01 1.03876854621852e+05 
1.72879998762395e-01 1.03880796475309e+05 
1.72954302210882e-01 1.03883253125498e+05 
1.73028334280402e-01 1.03884733188089e+05 
1.73102095560611e-01 1.03885347361649e+05 
1.73175656046761e-01 1.03885118057648e+05 
1.73249041734632e-01 1.03884033119625e+05 
1.73325432839969e-01 1.03882073992789e+05 
1.73400231127839e-01 1.03879314400827e+05 
1.73474968427100e-01 1.03875805251828e+05 
1.73549605285944e-01 1.03871561249887e+05 
1.73624210082730e-01 1.03866640213349e+05 
1.73698762349122e-01 1.03861098395096e+05 
1.73773376877820e-01 1.03854974981059e+05 
1.73848015910054e-01 1.03848333394896e+05 
1.73922818530909e-01 1.03841185165019e+05 
1.73997743139459e-01 1.03833575133975e+05 
1.74072855385364e-01 1.03825515246323e+05 
1.74148104542590e-01 1.03817057640706e+05 
1.74223545359182e-01 1.03808207178830e+05 
1.74299130261394e-01 1.03799002898639e+05 
1.74374914423658e-01 1.03789481291069e+05 
1.74450855765805e-01 1.03779662779582e+05 
1.74527010173551e-01 1.03769570018367e+05 
1.74602937853019e-01 1.03759296992757e+05 
1.74678484181664e-01 1.03748879185113e+05 
1.74753617747640e-01 1.03738351107947e+05 
1.74828455079493e-01 1.03727702236984e+05 
1.74902984108977e-01 1.03716955022165e+05 
1.74977283014893e-01 1.03706100955820e+05 
1.75051363390560e-01 1.03695154534022e+05 
1.75125276720346e-01 1.03684112586739e+05 
1.75199061283266e-01 1.03672982117722e+05 
1.75275366206296e-01 1.03661361376983e+05 
1.75354469159179e-01 1.03649205273936e+05 
1.75430927116902e-01 1.03637348470670e+05 
1.75510498813810e-01 1.03624909035091e+05 
1.75587120412601e-01 1.03612837175385e+05 
1.75663833759601e-01 1.03600698404637e+05 
1.75737695669701e-01 1.03588896921421e+05 
1.75811573193457e-01 1.03577045168272e+05 
1.75885577474649e-01 1.03565082817149e+05 
1.75959656890000e-01 1.03552968473458e+05 
1.76033860108555e-01 1.03540665947000e+05 
1.76108134822205e-01 1.03528159171150e+05 
1.76182520894549e-01 1.03515423265727e+05 
1.76256976465064e-01 1.03502450263752e+05 
1.76331545105383e-01 1.03489226024689e+05 
1.76406196499787e-01 1.03475738667923e+05 
1.76480978701704e-01 1.03461978648375e+05 
1.76555871389436e-01 1.03447898499583e+05 
1.76630921088123e-01 1.03433481764767e+05 
1.76706109490816e-01 1.03418681080375e+05 
1.76781208733273e-01 1.03403795307253e+05 
1.76856066671581e-01 1.03388443814231e+05 
1.76930747489859e-01 1.03372544883114e+05 
1.77004269818106e-01 1.03356411290176e+05 
1.77078687181843e-01 1.03339524755331e+05 
1.77152722219946e-01 1.03322254486081e+05 
1.77229433654986e-01 1.03303795212186e+05 
1.77304379770092e-01 1.03285216588937e+05 
1.77381191119340e-01 1.03265543859110e+05 
1.77457462355154e-01 1.03245402092414e+05 
1.77534484628971e-01 1.03224419486458e+05 
1.77611366893532e-01 1.03202801497864e+05 
1.77688216133863e-01 1.03180395518522e+05 
1.77765070084723e-01 1.03157145988093e+05 
1.77838566888701e-01 1.03133994183751e+05 
1.77911940502781e-01 1.03109970784297e+05 
1.77985390579157e-01 1.03084981126782e+05 
1.78058816976664e-01 1.03059059503178e+05 
1.78132338653758e-01 1.03032142691657e+05 
1.78205842290627e-01 1.03004287305756e+05 
1.78279452194429e-01 1.02975428675487e+05 
1.78353113977521e-01 1.02945612522637e+05 
1.78426951720267e-01 1.02914776643383e+05 
1.78500916967592e-01 1.02882972697600e+05 
1.78575116663236e-01 1.02850145731379e+05 
1.78649492899572e-01 1.02816370415941e+05 
1.78724147178016e-01 1.02781596259444e+05 
1.78799032831520e-01 1.02745920154798e+05 
1.78874240916121e-01 1.02709310477239e+05 
1.78949751328352e-01 1.02671868875985e+05 
1.79025075888401e-01 1.02633877289603e+05 
1.79100775287219e-01 1.02595169441897e+05 
1.79176327301203e-01 1.02556073700037e+05 
1.79251749527098e-01 1.02516719782689e+05 
1.79327069486766e-01 1.02477183801709e+05 
1.79403366700992e-01 1.02437063335482e+05 
1.79479743645651e-01 1.02396950663850e+05 
1.79556220011260e-01 1.02357035840015e+05 
1.79632893467890e-01 1.02317426298605e+05 
1.79709791300116e-01 1.02278344194628e+05 
1.79782966078656e-01 1.02241926867234e+05 
1.79855870215629e-01 1.02206811789166e+05 
1.79928746195279e-01 1.02172775548430e+05 
1.80001488719511e-01 1.02140118522228e+05 
1.80074281627021e-01 1.02109005016870e+05 
1.80147087655980e-01 1.02079696614222e+05 
1.80220047226689e-01 1.02052448076578e+05 
1.80293070469496e-01 1.02027516857568e+05 
1.80366295747186e-01 1.02005349156219e+05 
1.80439674310055e-01 1.01986165504105e+05 
1.80513352278844e-01 1.01970430097652e+05 
1.80587317022841e-01 1.01958395550624e+05 
1.80661681764413e-01 1.01950491432958e+05 
1.80736418672085e-01 1.01946971170278e+05 
1.80811599987188e-01 1.01948338700156e+05 
1.80887179053349e-01 1.01954897019391e+05 
1.80963190215913e-01 1.01967077195023e+05 
1.81039661040522e-01 1.01985321820815e+05 
1.81116237758862e-01 1.02009925302582e+05 
1.81192933673483e-01 1.02041275834882e+05 
1.81269840736089e-01 1.02079658094836e+05 
1.81346738181613e-01 1.02125395668199e+05 
1.81423438117366e-01 1.02178396853587e+05 
1.81499920115218e-01 1.02239037872847e+05 
1.81576231196056e-01 1.02307227771037e+05 
1.81652363515126e-01 1.02383316514843e+05 
1.81728349788532e-01 1.02467190593246e+05 
1.81804200759102e-01 1.02559065872408e+05 
1.81876991420433e-01 1.02654851381066e+05 
1.81949794349940e-01 1.02758178839819e+05 
1.82022722904059e-01 1.02869079121037e+05 
1.82095672164663e-01 1.02987365134770e+05 
1.82168750890110e-01 1.03113041045424e+05 
1.82241879381229e-01 1.03245833567793e+05 
1.82315206770756e-01 1.03385610960670e+05 
1.82388735497392e-01 1.03532377893265e+05 
1.82462556629113e-01 1.03686504247230e+05 
1.82536717516351e-01 1.03847038397244e+05 
1.82611195634239e-01 1.04013599910233e+05 
1.82686125027139e-01 1.04186983413747e+05 
1.82761398533759e-01 1.04364999025533e+05 
1.82837250014950e-01 1.04548775430272e+05 
1.82913494126784e-01 1.04737100733566e+05 
1.82990481539828e-01 1.04930513648487e+05 
1.83066692660692e-01 1.05124221199850e+05 
1.83142995889509e-01 1.05320881755098e+05 
1.83219488566855e-01 1.05518608624537e+05 
1.83296162080778e-01 1.05716348133425e+05 
1.83373132901838e-01 1.05914077831136e+05 
1.83450494053173e-01 1.06111282849851e+05 
1.83527982512583e-01 1.06306626043635e+05 
1.83603751294235e-01 1.06495038674568e+05 
1.83679674560051e-01 1.06680326710444e+05 
1.83755748605132e-01 1.06861005880209e+05 
1.83832012867680e-01 1.07038444199266e+05 
1.83907321453210e-01 1.07209658330222e+05 
1.83981033213645e-01 1.07373118289947e+05 
1.84054731148518e-01 1.07530962594706e+05 
1.84128456697626e-01 1.07683283662610e+05 
1.84202224650657e-01 1.07829132119272e+05 
1.84276042119603e-01 1.07967847909637e+05 
1.84349997801494e-01 1.08099540900087e+05 
1.84424054837847e-01 1.08223972516743e+05 
1.84498370839662e-01 1.08341573707245e+05 
1.84572861597137e-01 1.08451959271376e+05 
1.84647744539936e-01 1.08555441387017e+05 
1.84722872584307e-01 1.08651681628235e+05 
1.84798542445441e-01 1.08741185962101e+05 
1.84874795545149e-01 1.08823900711275e+05 
1.84951723095820e-01 1.08900080412663e+05 
1.85028994396260e-01 1.08969372808555e+05 
1.85106718164568e-01 1.09032191532049e+05 
1.85185029996601e-01 1.09088704808985e+05 
1.85261336761656e-01 1.09137719114580e+05 
1.85337790062506e-01 1.09181065779055e+05 
1.85414349736297e-01 1.09219221948643e+05 
1.85491144715933e-01 1.09252475569692e+05 
1.85568204396279e-01 1.09281304237738e+05 
1.85645360215054e-01 1.09305940860161e+05 
1.85721131785044e-01 1.09326526231792e+05 
1.85797608584333e-01 1.09343923116545e+05 
1.85873803020617e-01 1.09358384384273e+05 
1.85949786798810e-01 1.09370196033070e+05 
1.86025594626211e-01 1.09379842744137e+05 
1.86102535487869e-01 1.09387667528398e+05 
1.86175971181646e-01 1.09393688151139e+05 
1.86249434811236e-01 1.09398459589678e+05 
1.86323019649023e-01 1.09402325430807e+05 
1.86396746665504e-01 1.09405409648260e+05 
1.86470681617978e-01 1.09408011699811e+05 
1.86544830962266e-01 1.09410220410034e+05 
1.86619213328652e-01 1.09412296486071e+05 
1.86693822212114e-01 1.09414296051968e+05 
1.86768650727001e-01 1.09416443761619e+05 
1.86843698804284e-01 1.09418763602542e+05 
1.86918954156752e-01 1.09421445267755e+05 
1.86994431782553e-01 1.09424481550361e+05 
1.87070129154080e-01 1.09428028512555e+05 
1.87146124367808e-01 1.09432054371666e+05 
1.87223062030281e-01 1.09436729490221e+05 
1.87300203019669e-01 1.09441951405724e+05 
1.87377545036313e-01 1.09447822104841e+05 
1.87455191524083e-01 1.09454261646888e+05 
1.87532408015623e-01 1.09461280864151e+05 
1.87609308219657e-01 1.09468760278331e+05 
1.87685926816153e-01 1.09476775656008e+05 
1.87762339352019e-01 1.09485193170661e+05 
1.87839423863272e-01 1.09494157657261e+05 
1.87916691182761e-01 1.09503506691981e+05 
1.87994102023176e-01 1.09513256054536e+05 
1.88071920507250e-01 1.09523335956295e+05 
1.88145598587516e-01 1.09533123652717e+05 
1.88219484136250e-01 1.09543082961637e+05 
1.88293527321393e-01 1.09553244967982e+05 
1.88367767702555e-01 1.09563477648437e+05 
1.88442137532287e-01 1.09573830178614e+05 
1.88516704143650e-01 1.09584184745494e+05 
1.88591399519219e-01 1.09594591132828e+05 
1.88666309247812e-01 1.09604951117701e+05 
1.88741367435777e-01 1.09615300720814e+05 
1.88816660980634e-01 1.09625555953753e+05 
1.88892129149306e-01 1.09635763498819e+05 
1.88967852342191e-01 1.09645842053604e+05 
1.89043780072456e-01 1.09655850216992e+05 
1.89119994340042e-01 1.09665713207651e+05 
1.89197120532902e-01 1.09675585777947e+05 
1.89274587305315e-01 1.09685313662625e+05 
1.89351934471246e-01 1.09694925310476e+05 
1.89429016369459e-01 1.09704336328035e+05 
1.89507904172561e-01 1.09713894241742e+05 
1.89587579930229e-01 1.09723408579903e+05 
1.89668280846754e-01 1.09733013248519e+05 
1.89745286890797e-01 1.09742093444107e+05 
1.89822325432726e-01 1.09751198784530e+05 
1.89899561575972e-01 1.09760298035646e+05 
1.89976992797240e-01 1.09769495142489e+05 
1.90054865676380e-01 1.09778780941852e+05 
1.90129302287980e-01 1.09787791016364e+05 
1.90204015838920e-01 1.09796935160109e+05 
1.90278909638184e-01 1.09806306189478e+05 
1.90354036972524e-01 1.09815877981924e+05 
1.90429301477588e-01 1.09825742240710e+05 
1.90504771488888e-01 1.09835874397473e+05 
1.90580353856781e-01 1.09846362772302e+05 
1.90656127396529e-01 1.09857183111052e+05 
1.90732003164869e-01 1.09868407585483e+05 
1.90808071137850e-01 1.09880031784805e+05 
1.90884254475456e-01 1.09892155315664e+05 
1.90960651090328e-01 1.09904751667860e+05 
1.91037200608816e-01 1.09917912686215e+05 
1.91113824276719e-01 1.09931564744928e+05 
1.91190493399292e-01 1.09945812297016e+05 
1.91267326140157e-01 1.09960614081552e+05 
1.91344274868786e-01 1.09976060834900e+05 
1.91421556583052e-01 1.09992138240732e+05 
1.91499183512585e-01 1.10008938622930e+05 
1.91577363235437e-01 1.10026450263931e+05 
1.91656162414735e-01 1.10044767629298e+05 
1.91735770645048e-01 1.10063881116942e+05 
1.91816279818839e-01 1.10084022109356e+05 
1.91892870122481e-01 1.10103686712549e+05 
1.91969487302969e-01 1.10123997553042e+05 
1.92046236405379e-01 1.10144879699722e+05 
1.92123058421108e-01 1.10166311815212e+05 
1.92198004880966e-01 1.10187637783899e+05 
1.92273127866657e-01 1.10209431874861e+05 
1.92348476635168e-01 1.10231622911630e+05 
1.92423952259346e-01 1.10254196356114e+05 
1.92499620346647e-01 1.10277130572876e+05 
1.92575387671449e-01 1.10300321275163e+05 
1.92651333768120e-01 1.10323738179251e+05 
1.92727369144063e-01 1.10347285546898e+05 
1.92803581034766e-01 1.10370946967021e+05 
1.92879885055002e-01 1.10394603734025e+05 
1.92956373565886e-01 1.10418214063058e+05 
1.93032971599474e-01 1.10441693786098e+05 
1.93109772695188e-01 1.10464976340139e+05 
1.93186714454834e-01 1.10487998374966e+05 
1.93263885381550e-01 1.10510674262912e+05 
1.93341237663829e-01 1.10532952469740e+05 
1.93418853239945e-01 1.10554733790820e+05 
1.93496870208683e-01 1.10576016657027e+05 
1.93575420563036e-01 1.10596693176546e+05 
1.93654819605989e-01 1.10616824671747e+05 
1.93733879972263e-01 1.10635933973736e+05 
1.93813176021620e-01 1.10654198805607e+05 
1.93891868507070e-01 1.10671222245685e+05 
1.93969077942922e-01 1.10686957895094e+05 
1.94046705805077e-01 1.10701640841981e+05 
1.94124616059994e-01 1.10715332404623e+05 
1.94202875454882e-01 1.10727881346414e+05 
1.94281717866714e-01 1.10739365046215e+05 
1.94361167085159e-01 1.10749658180146e+05 
1.94441769981426e-01 1.10758839324668e+05 
1.94517633109216e-01 1.10766206788882e+05 
1.94593594327220e-01 1.10772414579805e+05 
1.94669672066584e-01 1.10777324386108e+05 
1.94745802517668e-01 1.10781013471918e+05 
1.94822027432341e-01 1.10783380842845e+05 
1.94898289244049e-01 1.10784486002974e+05 
1.94974644018166e-01 1.10784243243713e+05 
1.95051038157542e-01 1.10782706078331e+05 
1.95127532526045e-01 1.10779795068920e+05 
1.95204076102935e-01 1.10775552552935e+05 
1.95280728726593e-01 1.10769900372810e+05 
1.95357442284782e-01 1.10762888170461e+05 
1.95434272839877e-01 1.10754430497413e+05 
1.95511176244249e-01 1.10744593124936e+05 
1.95588203637699e-01 1.10733281875209e+05 
1.95665316041245e-01 1.10720558889758e+05 
1.95742559135187e-01 1.10706346268009e+05 
1.95819900070177e-01 1.10690703485404e+05 
1.95897379869549e-01 1.10673540055667e+05 
1.95974974890986e-01 1.10654915774220e+05 
1.96052723700577e-01 1.10634736559903e+05 
1.96130612943395e-01 1.10613063549045e+05 
1.96208677764692e-01 1.10589891313561e+05 
1.96286915443308e-01 1.10565275988554e+05 
1.96365357660759e-01 1.10539082668898e+05 
1.96444013312026e-01 1.10511319500651e+05 
1.96522911101554e-01 1.10481897840961e+05 
1.96602073476936e-01 1.10450852318627e+05 
1.96681527075004e-01 1.10418124784220e+05 
1.96760733332638e-01 1.10384003815949e+05 
1.96839895210777e-01 1.10348396102361e+05 
1.96919124434692e-01 1.10311419085719e+05 
1.96998830247178e-01 1.10273615601699e+05 
1.97078988169676e-01 1.10233901464675e+05 
1.97159890964942e-01 1.10192049573851e+05 
1.97242074145845e-01 1.10148088801844e+05 
1.97326068366407e-01 1.10101575775093e+05 
1.97410146124502e-01 1.10053831852807e+05 
1.97492941077516e-01 1.10005512613595e+05 
1.97574703771694e-01 1.09956855172057e+05 
1.97656073562044e-01 1.09907332805821e+05 
1.97737151930511e-01 1.09857209921717e+05 
1.97813930893140e-01 1.09808278814183e+05 
1.97890773778887e-01 1.09758896407453e+05 
1.97967654574975e-01 1.09709199653727e+05 
1.98044561601881e-01 1.09659144311190e+05 
1.98121486813084e-01 1.09608834768747e+05 
1.98198422680633e-01 1.09558221684501e+05 
1.98275373886012e-01 1.09507308753017e+05 
1.98352333720857e-01 1.09455889363344e+05 
1.98429314902702e-01 1.09403972062498e+05 
1.98506309622429e-01 1.09351444822696e+05 
1.98583334884892e-01 1.09298355730496e+05 
1.98660381233150e-01 1.09244653732253e+05 
1.98737467689864e-01 1.09190376662757e+05 
1.98814583351215e-01 1.09135674429863e+05 
1.98891747952909e-01 1.09080614102796e+05 
1.98968949781218e-01 1.09025312170483e+05 
1.99046207936031e-01 1.08969757674532e+05 
1.99123509336184e-01 1.08914070320830e+05 
1.99200872887725e-01 1.08858235964319e+05 
1.99278285402968e-01 1.08802377008291e+05 
1.99355764109261e-01 1.08746471919876e+05 
1.99433294552836e-01 1.08690641243834e+05 
1.99510892468969e-01 1.08634855822133e+05 
1.99588541912932e-01 1.08579231906555e+05 
1.99666259182427e-01 1.08523733542247e+05 
1.99744027532158e-01 1.08468469360519e+05 
1.99821866811138e-01 1.08413394317555e+05 
1.99899761774940e-01 1.08358607538189e+05 
1.99977737937398e-01 1.08304055088103e+05 
2.00055783991767e-01 1.08249826142328e+05 
2.00133930261947e-01 1.08195859470013e+05 
