temps pression
0.00000000000000e+00 1.00000000000000e+05 
7.22956891292051e-05 1.00000000000000e+05 
1.36027416499050e-04 1.00000000000000e+05 
1.97651274822249e-04 1.00000000000000e+05 
2.48442149402485e-04 1.00000000000000e+05 
2.94029664698776e-04 1.00000000000000e+05 
3.33884279503895e-04 1.00000000000000e+05 
3.70509265657933e-04 1.00000000000000e+05 
4.03719470199102e-04 1.00000000000000e+05 
4.34681507136001e-04 1.00000000000000e+05 
4.64277523565495e-04 1.00000000000000e+05 
4.96833141637938e-04 1.00000000000000e+05 
5.32644321517625e-04 1.00000000000000e+05 
5.72036619385281e-04 1.00000000000000e+05 
6.15368147039702e-04 1.00000000000000e+05 
6.62897506064725e-04 1.00000000000000e+05 
7.09341932519642e-04 1.00000000000000e+05 
7.54758931819800e-04 1.00000000000000e+05 
8.04717631049974e-04 1.00000000000000e+05 
8.59672200203166e-04 1.00000000000000e+05 
9.20122226271676e-04 1.00000000000000e+05 
9.84474351725909e-04 1.00000000000000e+05 
1.04760557543531e-03 1.00000000000000e+05 
1.11704992151565e-03 1.00000000000000e+05 
1.19343870220403e-03 1.00000000000000e+05 
1.27595478015915e-03 1.00000000000000e+05 
1.36141506265898e-03 1.00000000000000e+05 
1.44732397491075e-03 1.00000000000000e+05 
1.54182377838771e-03 1.00000000000000e+05 
1.64577356221235e-03 1.00000000000000e+05 
1.75458843625612e-03 1.00000000000000e+05 
1.86649590003057e-03 1.00000000000000e+05 
1.98553502872859e-03 1.00000000000000e+05 
2.11303025362775e-03 1.00000000000000e+05 
2.24449397619512e-03 1.00000000000000e+05 
2.38215351210079e-03 1.00000000000000e+05 
2.52388042068857e-03 1.00000000000000e+05 
2.67095862886639e-03 1.00000000000000e+05 
2.82327391686026e-03 1.00000000000000e+05 
2.98018672915726e-03 1.00000000000000e+05 
3.14242205471870e-03 1.00000000000000e+05 
3.30800195500223e-03 1.00000000000000e+05 
3.47881700750890e-03 1.00000000000000e+05 
3.65507998401853e-03 1.00000000000000e+05 
3.83592045789279e-03 1.00000000000000e+05 
4.02214989600578e-03 1.00000000000000e+05 
4.21480140825461e-03 1.00000000000000e+05 
4.41377317493629e-03 1.00000000000000e+05 
4.62049723545110e-03 1.00000000000000e+05 
4.83304169316379e-03 1.00000000000000e+05 
5.04895137088591e-03 1.00000000000000e+05 
5.26562193450084e-03 1.00000000000000e+05 
5.48294037133158e-03 1.00000000000000e+05 
5.70242223213655e-03 1.00000000000000e+05 
5.92351717758141e-03 1.00000000000000e+05 
6.14649424029747e-03 1.00000000000000e+05 
6.37082499196346e-03 1.00000000000000e+05 
6.59641543540846e-03 1.00000000000000e+05 
6.82347357112219e-03 1.00000000000000e+05 
7.05079640401064e-03 1.00000000000000e+05 
7.27588330137316e-03 1.00000000000000e+05 
7.50153127839388e-03 1.00000000000000e+05 
7.72542646316427e-03 1.00000000000000e+05 
7.94701439570669e-03 1.00000000000000e+05 
8.16679828258868e-03 1.00000000000000e+05 
8.38369439240671e-03 1.00000000000000e+05 
8.59968242956178e-03 1.00000000000000e+05 
8.81441706356277e-03 1.00000000000000e+05 
9.02750694367234e-03 1.00000000000000e+05 
9.23873779301350e-03 1.00000000000000e+05 
9.44843181668338e-03 1.00000000000000e+05 
9.65756947566564e-03 1.00000000000000e+05 
9.86612846508864e-03 1.00000000000000e+05 
1.00745786295055e-02 1.00000000000000e+05 
1.02838932767549e-02 1.00000000000000e+05 
1.04939672291100e-02 1.00000000000000e+05 
1.07069056111267e-02 1.00000000000000e+05 
1.09251472058127e-02 1.00000000000000e+05 
1.11447752998317e-02 1.00000000000000e+05 
1.13683081842515e-02 1.00000000000000e+05 
1.15920422750449e-02 1.00000000000000e+05 
1.18189252530101e-02 1.00000000000000e+05 
1.20500105322004e-02 1.00000000000000e+05 
1.22856915768171e-02 1.00000000000000e+05 
1.25226774396366e-02 1.00000000000000e+05 
1.27651731566297e-02 1.00000000000000e+05 
1.30145344941545e-02 1.00000000000000e+05 
1.32656629411665e-02 1.00000000000000e+05 
1.35185620303114e-02 1.00000000000000e+05 
1.37808416948352e-02 1.00000000000000e+05 
1.40422719748777e-02 1.00000000000000e+05 
1.43043788799060e-02 1.00000000000000e+05 
1.45683422725764e-02 1.00000000000000e+05 
1.48308320773420e-02 1.00000000000000e+05 
1.50926525918899e-02 1.00000000000000e+05 
1.53537371160444e-02 1.00000000000000e+05 
1.56142714514143e-02 1.00000000000000e+05 
1.58743247125224e-02 1.00000000000000e+05 
1.61346629222224e-02 1.00000000000000e+05 
1.63953890782115e-02 1.00000000000000e+05 
1.66569234619042e-02 1.00000000000000e+05 
1.69192665939670e-02 1.00000000000000e+05 
1.71827425126121e-02 1.00000000000000e+05 
1.74471028385182e-02 1.00000000000000e+05 
1.77126923513024e-02 1.00000000000000e+05 
1.79781891131817e-02 1.00000000000000e+05 
1.82445277923987e-02 1.00000000000000e+05 
1.85109084559783e-02 1.00000000000000e+05 
1.87785774362911e-02 1.00000000000000e+05 
1.90464759703100e-02 1.00000000000000e+05 
1.93159894435220e-02 1.00000000000000e+05 
1.95858695857995e-02 1.00000000000000e+05 
1.98565654283603e-02 1.00000000000000e+05 
2.01277103540788e-02 1.00000000000000e+05 
2.03998179479733e-02 1.00000000000000e+05 
2.06723058309946e-02 1.00000000000000e+05 
2.09457648734071e-02 1.00000000000000e+05 
2.12196078101854e-02 1.00000000000000e+05 
2.14944939965484e-02 1.00000000000000e+05 
2.17698221766423e-02 1.00000000000000e+05 
2.20462440752636e-02 1.00000000000000e+05 
2.23231540439552e-02 1.00000000000000e+05 
2.26011890568045e-02 1.00000000000000e+05 
2.28797068565974e-02 1.00000000000000e+05 
2.31593436858929e-02 1.00000000000000e+05 
2.34394426818133e-02 1.00000000000000e+05 
2.37201852633992e-02 1.00000000000000e+05 
2.40010601505550e-02 1.00000000000000e+05 
2.42825010104982e-02 1.00000000000000e+05 
2.45641429830465e-02 1.00000000000000e+05 
2.48465351573678e-02 1.00000000000000e+05 
2.51292390817643e-02 1.00000000000000e+05 
2.54126792776128e-02 1.00000000000000e+05 
2.56966870368912e-02 1.00000000000000e+05 
2.59808968934128e-02 1.00000000000000e+05 
2.62661603331193e-02 1.00000000000000e+05 
2.65513583415452e-02 1.00000000000000e+05 
2.68370798904037e-02 1.00000000000000e+05 
2.71226660167103e-02 1.00000000000000e+05 
2.74093041078581e-02 1.00000000000000e+05 
2.76963255811027e-02 1.00000000000000e+05 
2.79843342715215e-02 1.00000000000000e+05 
2.82726684902935e-02 1.00000000000000e+05 
2.85619191627021e-02 1.00000000000000e+05 
2.88514903597393e-02 1.00000000000000e+05 
2.91420956976046e-02 1.00000000000000e+05 
2.94330885295898e-02 1.00000000000000e+05 
2.97252382447591e-02 1.00000000000000e+05 
3.00178250005139e-02 1.00000000000000e+05 
3.03117042691623e-02 1.00000000000000e+05 
3.06060933301229e-02 1.00000000000000e+05 
3.09019275810588e-02 1.00000000000000e+05 
3.11983627427103e-02 1.00000000000000e+05 
3.14963134072449e-02 1.00000000000000e+05 
3.17949637326752e-02 1.00000000000000e+05 
3.20945380498316e-02 1.00000000000000e+05 
3.23947366366565e-02 1.00000000000000e+05 
3.26961861387620e-02 1.00000000000000e+05 
3.29981491131803e-02 1.00000000000000e+05 
3.33006588641144e-02 1.00000000000000e+05 
3.36036878834646e-02 1.00000000000000e+05 
3.39073246137510e-02 1.00000000000000e+05 
3.42116142859016e-02 1.00000000000000e+05 
3.45165906328028e-02 1.00000000000000e+05 
3.48223436243105e-02 1.00000000000000e+05 
3.51288188366065e-02 1.00000000000000e+05 
3.54361434683528e-02 1.00000000000000e+05 
3.57441848121550e-02 1.00000000000000e+05 
3.60530794036964e-02 1.00000000000000e+05 
3.63626917331027e-02 1.00000000000000e+05 
3.66730264009840e-02 1.00000000000000e+05 
3.69841135464784e-02 1.00000000000000e+05 
3.72953176952481e-02 1.00000000000000e+05 
3.76074048838261e-02 1.00000000000000e+05 
3.79196556568634e-02 1.00000000000000e+05 
3.82326245987357e-02 1.00000000000000e+05 
3.85458009389364e-02 1.00000000000000e+05 
3.88596648938182e-02 1.00000000000000e+05 
3.91737145426607e-02 1.00000000000000e+05 
3.94884456718418e-02 1.00000000000000e+05 
3.98033212224273e-02 1.00000000000000e+05 
4.01188814552983e-02 1.00000000000000e+05 
4.04345424573878e-02 1.00000000000000e+05 
4.07509052853908e-02 1.00000000000000e+05 
4.10670070482435e-02 1.00000000000000e+05 
4.13834570755283e-02 1.00000000000000e+05 
4.16996012783712e-02 1.00000000000000e+05 
4.20160982955626e-02 1.00000000000000e+05 
4.23323010673269e-02 1.00000000000000e+05 
4.26488732609398e-02 1.00000000000000e+05 
4.29651426988144e-02 1.00000000000000e+05 
4.32817343832545e-02 1.00000000000000e+05 
4.35979766439765e-02 1.00000000000000e+05 
4.39144933525450e-02 1.00000000000000e+05 
4.42306529948768e-02 1.00000000000000e+05 
4.45470839073608e-02 1.00000000000000e+05 
4.48631758350853e-02 1.00000000000000e+05 
4.51795440958990e-02 1.00000000000000e+05 
4.54955900746939e-02 1.00000000000000e+05 
4.58119095925719e-02 1.00000000000000e+05 
4.61279205554429e-02 1.00000000000000e+05 
4.64441956628541e-02 1.00000000000000e+05 
4.67601649225622e-02 1.00000000000000e+05 
4.70763649954780e-02 1.00000000000000e+05 
4.73922406018885e-02 1.00000000000000e+05 
4.77083232879658e-02 1.00000000000000e+05 
4.80240786628527e-02 1.00000000000000e+05 
4.83400300279883e-02 1.00000000000000e+05 
4.86556639331059e-02 1.00000000000000e+05 
4.89714933051832e-02 1.00000000000000e+05 
4.92870066172962e-02 1.00000000000000e+05 
4.96026864675263e-02 1.00000000000000e+05 
4.99180177055681e-02 1.00000000000000e+05 
5.02334636218550e-02 1.00000000000000e+05 
5.05485472240967e-02 1.00000000000000e+05 
5.08637367370025e-02 1.00000000000000e+05 
5.11785762565586e-02 1.00000000000000e+05 
5.14935332102763e-02 1.00000000000000e+05 
5.18081687378698e-02 1.00000000000000e+05 
5.21229357920346e-02 1.00000000000000e+05 
5.24374266463514e-02 1.00000000000000e+05 
5.27520698553753e-02 1.00000000000000e+05 
5.30664708137588e-02 1.00000000000000e+05 
5.33810272694994e-02 1.00000000000000e+05 
5.36953502536775e-02 1.00000000000000e+05 
5.40098006471646e-02 1.00000000000000e+05 
5.43240012162137e-02 1.00000000000000e+05 
5.46382871368156e-02 1.00000000000000e+05 
5.49523080610311e-02 1.00000000000000e+05 
5.52663941601635e-02 1.00000000000000e+05 
5.55802135682867e-02 1.00000000000000e+05 
5.58941025869281e-02 1.00000000000000e+05 
5.62077469961862e-02 1.00000000000000e+05 
5.65214895278928e-02 1.00000000000000e+05 
5.68350410114532e-02 1.00000000000000e+05 
5.71487290156379e-02 1.00000000000000e+05 
5.74622668392034e-02 1.00000000000000e+05 
5.77759547211787e-02 1.00000000000000e+05 
5.80894985334867e-02 1.00000000000000e+05 
5.84031730310765e-02 1.00000000000000e+05 
5.87166834833611e-02 1.00000000000000e+05 
5.90302880193038e-02 1.00000000000000e+05 
5.93437054967534e-02 1.00000000000000e+05 
5.96571912587539e-02 1.00000000000000e+05 
5.99704887741799e-02 1.00000000000000e+05 
6.02838556282035e-02 1.00000000000000e+05 
6.05970568887519e-02 1.00000000000000e+05 
6.09103442584656e-02 1.00000000000000e+05 
6.12234954718829e-02 1.00000000000000e+05 
6.15367477362264e-02 1.00000000000000e+05 
6.18498859939481e-02 1.00000000000000e+05 
6.21631307257113e-02 1.00000000000000e+05 
6.24762717292642e-02 1.00000000000000e+05 
6.27895123445585e-02 1.00000000000000e+05 
6.31026431668719e-02 1.00000000000000e+05 
6.34158508034418e-02 1.00000000000000e+05 
6.37289213306674e-02 1.00000000000000e+05 
6.40420269100296e-02 1.00000000000000e+05 
6.43549814015720e-02 1.00000000000000e+05 
6.46679568174792e-02 1.00000000000000e+05 
6.49807863365184e-02 1.00000000000000e+05 
6.52936358858347e-02 1.00000000000000e+05 
6.56063635456953e-02 1.00000000000000e+05 
6.59191260380350e-02 1.00000000000000e+05 
6.62317934161964e-02 1.00000000000000e+05 
6.65445060342584e-02 1.00000000000000e+05 
6.68571335604004e-02 1.00016119407491e+05 
6.71698002897852e-02 1.01863875457126e+05 
6.74823816455216e-02 1.07824022288979e+05 
6.77949921425163e-02 1.18583726327538e+05 
6.81075150095208e-02 1.32860920722044e+05 
6.84200523094386e-02 1.47665468351573e+05 
6.87324982187813e-02 1.58993287332004e+05 
6.90449547411853e-02 1.64045763135152e+05 
6.93573316403357e-02 1.63468426091193e+05 
6.96697367399760e-02 1.63150409148330e+05 
6.99820778498320e-02 1.62153328224493e+05 
7.02944541074275e-02 1.60634558026678e+05 
7.06067550767181e-02 1.59064959708852e+05 
7.09190733446526e-02 1.57428571857608e+05 
7.12312934058004e-02 1.55922254623789e+05 
7.15435117750949e-02 1.54629662335007e+05 
7.18556219940693e-02 1.53524786483845e+05 
7.21677292915650e-02 1.52523118815007e+05 
7.24797345919219e-02 1.51616151235341e+05 
7.27917470929952e-02 1.50719799766084e+05 
7.31036632137591e-02 1.49825374899193e+05 
7.34155907278468e-02 1.48902845443095e+05 
7.37274233595003e-02 1.47965970111495e+05 
7.40392735581716e-02 1.47005603550407e+05 
7.43510353525860e-02 1.46048214497491e+05 
7.46628243774120e-02 1.45089076841693e+05 
7.49745329767944e-02 1.44149085498034e+05 
7.52862768063547e-02 1.43223795148894e+05 
7.55979464501687e-02 1.42326313995570e+05 
7.59096567233581e-02 1.41449351434034e+05 
7.62212961609234e-02 1.40599805795864e+05 
7.65329790444756e-02 1.39769298668272e+05 
7.68445916698395e-02 1.38961594682225e+05 
7.71562456520859e-02 1.38169490508754e+05 
7.74678248739850e-02 1.37396319495311e+05 
7.77794386047211e-02 1.36636830357778e+05 
7.80909713879857e-02 1.35894774223392e+05 
7.84025345061024e-02 1.35166400971061e+05 
7.87140111730933e-02 1.34455254286650e+05 
7.90255123005873e-02 1.33758141460375e+05 
7.93369145104672e-02 1.33077513379236e+05 
7.96483290547479e-02 1.32410124699544e+05 
7.99596317767855e-02 1.31757057816592e+05 
8.02709392142763e-02 1.31115005581550e+05 
8.05821322536517e-02 1.30484050335576e+05 
8.08933334299188e-02 1.29861138188947e+05 
8.12044305222560e-02 1.29245975972513e+05 
8.15155512359813e-02 1.28636086762614e+05 
8.18265934047664e-02 1.28031308299403e+05 
8.21376802536800e-02 1.27429922606623e+05 
8.24486974804570e-02 1.26832164254401e+05 
8.27597547926596e-02 1.26237056313879e+05 
8.30707267422095e-02 1.25645163056773e+05 
8.33817285974978e-02 1.25056017873538e+05 
8.36926405916945e-02 1.24470245213143e+05 
8.40035870956126e-02 1.23887624308044e+05 
8.43144428283408e-02 1.23308620476693e+05 
8.46253323500453e-02 1.22733071861128e+05 
8.49361220889288e-02 1.22161186882101e+05 
8.52469366672161e-02 1.21592797650481e+05 
8.55576400158396e-02 1.21027928519062e+05 
8.58683606420619e-02 1.20466482662602e+05 
8.61789631644058e-02 1.19908511067223e+05 
8.64895819237362e-02 1.19354153823370e+05 
8.68000811113262e-02 1.18803724114445e+05 
8.71106063681018e-02 1.18257739746118e+05 
8.74210004715870e-02 1.17716944947121e+05 
8.77314134225142e-02 1.17182281277580e+05 
8.80416986817872e-02 1.16654826050858e+05 
8.83520261157064e-02 1.16135789801564e+05 
8.86622532098313e-02 1.15626383644767e+05 
8.89725444208812e-02 1.15127860129140e+05 
8.92827550405316e-02 1.14641257489947e+05 
8.95930378374199e-02 1.14167545584051e+05 
8.99032421318893e-02 1.13707277450757e+05 
9.02135150651024e-02 1.13260841800052e+05 
9.05236977186628e-02 1.12828097388329e+05 
9.08339307442320e-02 1.12408708855488e+05 
9.11440578474277e-02 1.12001790677633e+05 
9.14542073266459e-02 1.11606342490789e+05 
9.17642520329491e-02 1.11220858031288e+05 
9.20742901272853e-02 1.10843924357424e+05 
9.23842356430994e-02 1.10473699448922e+05 
9.26941556165301e-02 1.10108689612265e+05 
9.30039852829095e-02 1.09747086498098e+05 
9.33137954033017e-02 1.09387604787256e+05 
9.36235209218036e-02 1.09028787269907e+05 
9.39332341852269e-02 1.08669798797384e+05 
9.42428725010366e-02 1.08309702292862e+05 
9.45525067248752e-02 1.07948217498774e+05 
9.48620657119959e-02 1.07584975826313e+05 
9.51716118217936e-02 1.07220231149562e+05 
9.54810714452771e-02 1.06854104004813e+05 
9.57905126645011e-02 1.06487250967368e+05 
9.60998729076877e-02 1.06120135613253e+05 
9.64092276402651e-02 1.05753669291314e+05 
9.67185145652301e-02 1.05388533253487e+05 
9.70278068327934e-02 1.05025769381465e+05 
9.73370370453506e-02 1.04666165105923e+05 
9.76462749198134e-02 1.04310783948864e+05 
9.79554529729960e-02 1.03960421555055e+05 
9.82646414974784e-02 1.03616072755692e+05 
9.85737740103694e-02 1.03278468715180e+05 
9.88829197459649e-02 1.02948471150620e+05 
9.91920072789954e-02 1.02626697705674e+05 
9.95011014041998e-02 1.02313836608914e+05 
9.98101261155740e-02 1.02010358261513e+05 
1.00119145321582e-01 1.01716764550331e+05 
1.00428085271590e-01 1.01433374882648e+05 
1.00737014583093e-01 1.01160540700504e+05 
1.01045864916975e-01 1.00898473573973e+05 
1.01354710546115e-01 1.00647463169062e+05 
1.01663486405530e-01 1.00407698313248e+05 
1.01972269447296e-01 1.00179543399656e+05 
1.02280993951877e-01 9.99632492002097e+04 
1.02589735500792e-01 9.97593244360008e+04 
1.02898424574765e-01 9.95681421837936e+04 
1.03207129520005e-01 9.93903384646282e+04 
1.03515773716473e-01 9.92263013052221e+04 
1.03824425283386e-01 9.90768920225399e+04 
1.04133011969206e-01 9.89421213076271e+04 
1.04441608261505e-01 9.88224242653405e+04 
1.04750142846136e-01 9.87184901884506e+04 
1.05058693400722e-01 9.86298221145022e+04 
1.05367186101402e-01 9.85554667084814e+04 
1.05675698976869e-01 9.84944565042847e+04 
1.05984153579531e-01 9.84429853709910e+04 
1.06292625802306e-01 9.84036202936106e+04 
1.06601032667665e-01 9.83740820767416e+04 
1.06909448931336e-01 9.83471590586879e+04 
1.07217791017124e-01 9.83236109928445e+04 
1.07526136166705e-01 9.83003009523658e+04 
1.07834403322837e-01 9.82746177367271e+04 
1.08142673695193e-01 9.82468434544614e+04 
1.08450867704029e-01 9.82132825250577e+04 
1.08759068240327e-01 9.81703107396821e+04 
1.09067194321178e-01 9.81169906744700e+04 
1.09375328892383e-01 9.80513756579389e+04 
1.09683390128113e-01 9.79729415296290e+04 
1.09991462764887e-01 9.78820501924252e+04 
1.10299465394942e-01 9.77786429816353e+04 
1.10607485673494e-01 9.76632874004415e+04 
1.10915441687927e-01 9.75373093840519e+04 
1.11223422271970e-01 9.74015371211675e+04 
1.11531342309012e-01 9.72570066518293e+04 
1.11839288585776e-01 9.71049917526945e+04 
1.12147171992372e-01 9.69467443697351e+04 
1.12455076276555e-01 9.67834493551239e+04 
1.12762911028529e-01 9.66163173495095e+04 
1.13070758772940e-01 9.64464481514361e+04 
1.13378530751593e-01 9.62749507091694e+04 
1.13686310551291e-01 9.61028988733310e+04 
1.13994012903659e-01 9.59314645553707e+04 
1.14301723651322e-01 9.57618072426201e+04 
1.14609361190163e-01 9.55951859201076e+04 
1.14917012873112e-01 9.54329594788052e+04 
1.15224598647617e-01 9.52761862152623e+04 
1.15532204807590e-01 9.51261975221270e+04 
1.15839750358238e-01 9.49846310785819e+04 
1.16147318699302e-01 9.48525150742618e+04 
1.16454827560910e-01 9.47321270613072e+04 
1.16762358303959e-01 9.46231157336679e+04 
1.17069829106510e-01 9.45285224454180e+04 
1.17377321243222e-01 9.44475581261522e+04 
1.17684754473619e-01 9.43855424822429e+04 
1.17992210536776e-01 9.43430448475736e+04 
1.18299610094585e-01 9.43141287216320e+04 
1.18607034470370e-01 9.42978280099134e+04 
1.18914404382408e-01 9.42872359260076e+04 
1.19221799856616e-01 9.42822383362238e+04 
1.19528169297431e-01 9.42923908290104e+04 
1.19835534110821e-01 9.43142210842784e+04 
1.20142841941220e-01 9.43441370905426e+04 
1.20450167886718e-01 9.43829712951464e+04 
1.20757431093890e-01 9.44307108406705e+04 
1.21064704803602e-01 9.44870562327324e+04 
1.21371910074183e-01 9.45471899438959e+04 
1.21679121043451e-01 9.46118318522661e+04 
1.21986263253040e-01 9.46786420582740e+04 
1.22293413151901e-01 9.47449351512494e+04 
1.22600498936090e-01 9.48095622609186e+04 
1.22907596471139e-01 9.48704417759240e+04 
1.23214632650093e-01 9.49265501698872e+04 
1.23521680134167e-01 9.49778238011304e+04 
1.23828665260336e-01 9.50199195003846e+04 
1.24135664491940e-01 9.50559283639446e+04 
1.24442616126363e-01 9.50830278069211e+04 
1.24749615563963e-01 9.50989616849196e+04 
1.25056627372952e-01 9.51076087163567e+04 
1.25363769269913e-01 9.51057347485785e+04 
1.25671021089124e-01 9.51034369247998e+04 
1.25978499510925e-01 9.51010691164952e+04 
1.26286160712665e-01 9.50941304310808e+04 
1.26594079065894e-01 9.50839941400528e+04 
1.26902153463314e-01 9.50694029899919e+04 
1.27210391637107e-01 9.50493632193282e+04 
1.27518641945311e-01 9.50256285477398e+04 
1.27826867809722e-01 9.49984968604652e+04 
1.28134915407715e-01 9.49682758328697e+04 
1.28442757095760e-01 9.49356861033895e+04 
1.28750287651488e-01 9.49010798661251e+04 
1.29057536204672e-01 9.48647320868101e+04 
1.29364462723891e-01 9.48269270340003e+04 
1.29671154875195e-01 9.47879369341305e+04 
1.29977611428026e-01 9.47479352810536e+04 
1.30283948651175e-01 9.47070421704293e+04 
1.30590166470189e-01 9.46652956889034e+04 
1.30896372588126e-01 9.46227516771096e+04 
1.31202543322136e-01 9.45794251259961e+04 
1.31508757582107e-01 9.45353635812414e+04 
1.31814965532954e-01 9.44905915797006e+04 
1.32121221789842e-01 9.44451641791250e+04 
1.32427462713010e-01 9.43991234944365e+04 
1.32733732941886e-01 9.43525584835494e+04 
1.33039968817044e-01 9.43055561837559e+04 
1.33346218428520e-01 9.42582534749538e+04 
1.33652424191386e-01 9.42107757264499e+04 
1.33958642742670e-01 9.41633001203031e+04 
1.34264819389577e-01 9.41159799536040e+04 
1.34571015400665e-01 9.40690233540086e+04 
1.34877175133666e-01 9.40226044588355e+04 
1.35183358891975e-01 9.39769501835028e+04 
1.35489509150225e-01 9.39322479617300e+04 
1.35795683015636e-01 9.38887277671670e+04 
1.36101823806243e-01 9.38465591381631e+04 
1.36407985215167e-01 9.38059522313336e+04 
1.36714114709667e-01 9.37670299922631e+04 
1.37020264287389e-01 9.37299572300466e+04 
1.37326387825909e-01 9.36947919566370e+04 
1.37632536978848e-01 9.36616335314844e+04 
1.37938671156194e-01 9.36304773058271e+04 
1.38244840222779e-01 9.36013476632073e+04 
1.38551004521649e-01 9.35741819293829e+04 
1.38857208537001e-01 9.35489465879208e+04 
1.39163408187919e-01 9.35255383894046e+04 
1.39469639551268e-01 9.35038833457143e+04 
1.39775851610734e-01 9.34838516723420e+04 
1.40082072822228e-01 9.34653561856389e+04 
1.40388247710323e-01 9.34482592418995e+04 
1.40694402841448e-01 9.34324707291322e+04 
1.41000484025545e-01 9.34178851886084e+04 
1.41306523102447e-01 9.34044321876130e+04 
1.41612471439444e-01 9.33920230336431e+04 
1.41918372276542e-01 9.33806117826712e+04 
1.42224186441985e-01 9.33702551714970e+04 
1.42529971497344e-01 9.33608454905879e+04 
1.42835694144091e-01 9.33521551049667e+04 
1.43141417682695e-01 9.33448618259893e+04 
1.43447107063759e-01 9.33386837231208e+04 
1.43752823499908e-01 9.33331875511321e+04 
1.44058527989692e-01 9.33283109676493e+04 
1.44364276660139e-01 9.33237883250955e+04 
1.44670027386545e-01 9.33200208890085e+04 
1.44975830536040e-01 9.33173825377687e+04 
1.45281641515966e-01 9.33161538282307e+04 
1.45587504774251e-01 9.33164211345062e+04 
1.45893372980171e-01 9.33179721037075e+04 
1.46199285476688e-01 9.33209057943327e+04 
1.46505192527242e-01 9.33251419545335e+04 
1.46811130736938e-01 9.33309508476115e+04 
1.47117049716224e-01 9.33378715815778e+04 
1.47422986393393e-01 9.33461644500961e+04 
1.47728890499779e-01 9.33556511718083e+04 
1.48034801358230e-01 9.33663044498675e+04 
1.48340669170404e-01 9.33780774317037e+04 
1.48646536669528e-01 9.33906451384309e+04 
1.48952354702192e-01 9.34038561570338e+04 
1.49258169284133e-01 9.34178479330200e+04 
1.49563931364323e-01 9.34323120402381e+04 
1.49869689137052e-01 9.34466924414382e+04 
1.50175393134344e-01 9.34610791503458e+04 
1.50481092890059e-01 9.34754070041339e+04 
1.50786738785508e-01 9.34896439004007e+04 
1.51092381486662e-01 9.35039140381861e+04 
1.51397972005049e-01 9.35181662919836e+04 
1.51703562734295e-01 9.35324857318836e+04 
1.52009105894653e-01 9.35468597113609e+04 
1.52314655293190e-01 9.35613940218450e+04 
1.52620163526305e-01 9.35760659200895e+04 
1.52925684870465e-01 9.35909068199406e+04 
1.53231171270132e-01 9.36060591166593e+04 
1.53536676408839e-01 9.36215507910793e+04 
1.53842150745708e-01 9.36373466120790e+04 
1.54147646426091e-01 9.36534947673999e+04 
1.54453112437853e-01 9.36700864584791e+04 
1.54758599720685e-01 9.36869416950074e+04 
1.55064056609973e-01 9.37042114770430e+04 
1.55369533847519e-01 9.37218400146200e+04 
1.55674979661739e-01 9.37398798068124e+04 
1.55980445239882e-01 9.37583014736833e+04 
1.56285879134296e-01 9.37771550552031e+04 
1.56591333138318e-01 9.37963316095511e+04 
1.56896756096958e-01 9.38159175905280e+04 
1.57202199718298e-01 9.38357591432711e+04 
1.57507612070783e-01 9.38559525519332e+04 
1.57813043851479e-01 9.38764918847956e+04 
1.58118442351437e-01 9.38972663581151e+04 
1.58423857412392e-01 9.39183191091640e+04 
1.58729236044904e-01 9.39395320389902e+04 
1.59034628124152e-01 9.39609415301865e+04 
1.59339980957421e-01 9.39824456716439e+04 
1.59645345238853e-01 9.40040831361308e+04 
1.59950668651022e-01 9.40257708491809e+04 
1.60256002930076e-01 9.40475399650062e+04 
1.60561295671723e-01 9.40693120362967e+04 
1.60866599318955e-01 9.40911183640238e+04 
1.61171860927914e-01 9.41128838602677e+04 
1.61477133396380e-01 9.41346350486587e+04 
1.61782363373919e-01 9.41563032601630e+04 
1.62087604360758e-01 9.41779129194191e+04 
1.62392803105394e-01 9.41994010913191e+04 
1.62698014001701e-01 9.42207918616846e+04 
1.63003184206017e-01 9.42420317657597e+04 
1.63308368774419e-01 9.42631416100582e+04 
1.63613515022141e-01 9.42840782090274e+04 
1.63918678621597e-01 9.43048643037822e+04 
1.64223806515931e-01 9.43254750862432e+04 
1.64528954195176e-01 9.43459374755863e+04 
1.64834068015157e-01 9.43662471080017e+04 
1.65139203311714e-01 9.43864516434200e+04 
1.65444306071310e-01 9.44065630780893e+04 
1.65749431763789e-01 9.44266439396174e+04 
1.66054525802185e-01 9.44467184038289e+04 
1.66359643719320e-01 9.44668666177276e+04 
1.66664729752119e-01 9.44871203679586e+04 
1.66969838855262e-01 9.45075669869722e+04 
1.67274913592586e-01 9.45282329387616e+04 
1.67580009699484e-01 9.45492037694789e+04 
1.67885069227937e-01 9.45704849219985e+04 
1.68190149166747e-01 9.45921539527732e+04 
1.68495190716555e-01 9.46141881488729e+04 
1.68800251712725e-01 9.46366484170062e+04 
1.69105272380267e-01 9.46594797370668e+04 
1.69410311737635e-01 9.46827155016343e+04 
1.69715310011857e-01 9.47062711328593e+04 
1.70020327973552e-01 9.47301487998855e+04 
1.70325305715151e-01 9.47542401900628e+04 
1.70630305141346e-01 9.47785167366568e+04 
1.70935265357681e-01 9.48028582110228e+04 
1.71240248629983e-01 9.48272153323810e+04 
1.71545193032719e-01 9.48514559585348e+04 
1.71850161168946e-01 9.48755481858504e+04 
1.72155090308157e-01 9.48993725470710e+04 
1.72460043246445e-01 9.49228868074883e+04 
1.72764951848294e-01 9.49460069967016e+04 
1.73069876015248e-01 9.49686316071041e+04 
1.73374750549073e-01 9.49908405176324e+04 
1.73679636910710e-01 9.50125021011680e+04 
1.73984470450119e-01 9.50336807263384e+04 
1.74289313522250e-01 9.50543185311608e+04 
1.74594101812171e-01 9.50744935136072e+04 
1.74898897308107e-01 9.50942111844212e+04 
1.75203635110024e-01 9.51135135157462e+04 
1.75508376035454e-01 9.51324610287387e+04 
1.75813055152992e-01 9.51510872419758e+04 
1.76117733103322e-01 9.51694521494568e+04 
1.76422347046113e-01 9.51875891418408e+04 
1.76726958119337e-01 9.52055538305230e+04 
1.77031505495232e-01 9.52233738620710e+04 
1.77336050020587e-01 9.52411086426853e+04 
1.77640532615892e-01 9.52587713169222e+04 
1.77945014060555e-01 9.52764138009683e+04 
1.78249437489882e-01 9.52940330236127e+04 
1.78553863946451e-01 9.53116733148122e+04 
1.78858238108040e-01 9.53293197656110e+04 
1.79162620542568e-01 9.53470082980929e+04 
1.79466956311518e-01 9.53647196124809e+04 
1.79771304537304e-01 9.53824892083568e+04 
1.80075610082802e-01 9.54002979429869e+04 
1.80379930392448e-01 9.54181822129452e+04 
1.80684210345854e-01 9.54361312026785e+04 
1.80988506311727e-01 9.54541788207948e+04 
1.81292763550251e-01 9.54723220501673e+04 
1.81597038208373e-01 9.54905931633840e+04 
1.81901276019431e-01 9.55089912223631e+04 
1.82205533579977e-01 9.55275422956148e+04 
1.82509756842609e-01 9.55462442562089e+04 
1.82814003004069e-01 9.55651132321609e+04 
1.83118217759040e-01 9.55841293739071e+04 
1.83422458678036e-01 9.56032483278209e+04 
1.83726670740614e-01 9.56226055801437e+04 
1.84030911723586e-01 9.56421274270344e+04 
1.84335125732573e-01 9.56618014408450e+04 
1.84639370880476e-01 9.56815243007217e+04 
1.84943590477440e-01 9.57013826338129e+04 
1.85247843188560e-01 9.57210999647395e+04 
1.85552071645086e-01 9.57408030707561e+04 
1.85856335044965e-01 9.57603924699705e+04 
1.86160575353500e-01 9.57799152827901e+04 
1.86464852165714e-01 9.57992889086140e+04 
1.86769106753783e-01 9.58184949133849e+04 
1.87073399001767e-01 9.58374912991162e+04 
1.87377669485452e-01 9.58562409841348e+04 
1.87681978276538e-01 9.58747267149645e+04 
1.87986265173973e-01 9.58929313549684e+04 
1.88290590173720e-01 9.59108490267477e+04 
1.88594892250820e-01 9.59284822599013e+04 
1.88899231006622e-01 9.59458454776208e+04 
1.89203544701507e-01 9.59629548271293e+04 
1.89507892441378e-01 9.59798412984511e+04 
1.89812212139249e-01 9.59965245960478e+04 
1.90116538513505e-01 9.60130483862025e+04 
1.90420835619805e-01 9.60294345564312e+04 
1.90725130711753e-01 9.60457309263230e+04 
1.91029397008457e-01 9.60619556441708e+04 
1.91333662939041e-01 9.60781548812653e+04 
1.91637902619118e-01 9.60943436632129e+04 
1.91942145150396e-01 9.61105581383558e+04 
1.92246364750685e-01 9.61268093332423e+04 
1.92550590156960e-01 9.61431205194319e+04 
1.92854794902440e-01 9.61594968133704e+04 
1.93159006862314e-01 9.61759488119754e+04 
1.93463198745677e-01 9.61924742371427e+04 
1.93767397845887e-01 9.62090747676733e+04 
1.94071576509411e-01 9.62257434814441e+04 
1.94375762254230e-01 9.62424769174884e+04 
1.94679927940663e-01 9.62592668676101e+04 
1.94984101982897e-01 9.62761076349614e+04 
1.95288258383400e-01 9.62929914543968e+04 
1.95592424183396e-01 9.63099100573163e+04 
1.95896576088770e-01 9.63268559676319e+04 
1.96200743647674e-01 9.63438226312954e+04 
1.96504902814302e-01 9.63608011483846e+04 
1.96809084389390e-01 9.63777866764319e+04 
1.97113260110377e-01 9.63947675322077e+04 
1.97417459563663e-01 9.64117388299699e+04 
1.97721653118038e-01 9.64286889220921e+04 
1.98025870787554e-01 9.64456130141669e+04 
1.98330082790017e-01 9.64625017179327e+04 
1.98634319398726e-01 9.64793486271260e+04 
1.98938550035830e-01 9.64961476434406e+04 
1.99242805062036e-01 9.65128926328395e+04 
1.99547053211993e-01 9.65295839102250e+04 
1.99851325408598e-01 9.65462196764043e+04 
2.00155590256836e-01 9.65628076899554e+04 
