# Liste des scalaires : TEMPS pmat 
0.00000000000000e+00 1.00000000000000e+05 
1.44591378258410e-04 1.00000000000000e+05 
3.03641894342661e-04 1.00000000000000e+05 
4.78597462035338e-04 1.00000000000000e+05 
6.71048586497282e-04 1.00000000000000e+05 
8.82744823405420e-04 1.00000000000000e+05 
1.11561068400437e-03 1.00000000000000e+05 
1.37176313066322e-03 1.00000000000000e+05 
1.65353082198795e-03 1.00000000000000e+05 
1.96347528244516e-03 1.00000000000000e+05 
2.30441418894808e-03 1.00000000000000e+05 
2.67944698610130e-03 1.00000000000000e+05 
3.09198306296984e-03 1.00000000000000e+05 
3.54577274752524e-03 1.00000000000000e+05 
4.04494140053617e-03 1.00000000000000e+05 
4.59402691884820e-03 1.00000000000000e+05 
5.19802098899143e-03 1.00000000000000e+05 
5.86241446614899e-03 1.00000000000000e+05 
6.59324729102230e-03 1.00000000000000e+05 
7.39716339838294e-03 1.00000000000000e+05 
8.28147111647964e-03 1.00000000000000e+05 
9.25420960638602e-03 1.00000000000000e+05 
1.03242219452830e-02 1.00000000000000e+05 
1.15012355180697e-02 1.00000000000000e+05 
1.27216898739649e-02 1.00000000000000e+05 
1.39330002641817e-02 1.00000000000000e+05 
1.51497869913033e-02 1.00000000000000e+05 
1.63646015712688e-02 1.00000000000000e+05 
1.75911514865930e-02 1.00000000000000e+05 
1.88201740863568e-02 1.00000000000000e+05 
2.00603833093668e-02 1.00000000000000e+05 
2.12988030699211e-02 1.00000000000000e+05 
2.25423650781343e-02 1.00000000000000e+05 
2.37770841188182e-02 1.00000000000000e+05 
2.50171272189968e-02 1.00000000000000e+05 
2.62494005483441e-02 1.00000000000000e+05 
2.74908475592660e-02 1.00000000000000e+05 
2.87345934032238e-02 1.00000000000000e+05 
2.99855577486006e-02 1.00000000000000e+05 
3.12340228414338e-02 1.00000000000000e+05 
3.24941856363164e-02 1.00000000000000e+05 
3.37602297347359e-02 1.00000000000000e+05 
3.50415820031146e-02 1.00000000000000e+05 
3.63320859598990e-02 1.00000000000000e+05 
3.76376232723285e-02 1.00000000000000e+05 
3.89504173950647e-02 1.00000000000000e+05 
4.02733822443712e-02 1.00000000000000e+05 
4.15984252425202e-02 1.00000000000000e+05 
4.29286067041538e-02 1.00000000000000e+05 
4.42568582665095e-02 1.00000000000000e+05 
4.55893706290719e-02 1.00000000000000e+05 
4.69175929910473e-02 1.00000000000000e+05 
4.82504435399505e-02 1.00000000000000e+05 
4.95801835133375e-02 1.00000000000000e+05 
5.09146404423016e-02 1.00000000000000e+05 
5.22488532654934e-02 1.00000000000000e+05 
5.35886505481796e-02 1.00000000000000e+05 
5.49281286037097e-02 1.00000000000000e+05 
5.62713744467584e-02 1.00000000000000e+05 
5.76110664546649e-02 1.00000000000000e+05 
5.89550627087565e-02 1.00000000000000e+05 
6.02958684477568e-02 1.00000000000000e+05 
6.16410821585370e-02 1.00000000000000e+05 
6.29837158939077e-02 1.00000000000000e+05 
6.43309440757496e-02 1.00000000000000e+05 
6.56761427353233e-02 1.00000000000000e+05 
6.70261471515294e-02 1.00000000000000e+05 
6.83742439727949e-02 1.00000000000000e+05 
6.97270014878618e-02 1.00000000000000e+05 
7.10776856160778e-02 1.00000000000000e+05 
7.24328226667907e-02 1.00000000000000e+05 
7.37858347753156e-02 1.00000000000000e+05 
7.51429265846548e-02 1.00000000000000e+05 
7.64984734589785e-02 1.00000000000000e+05 
7.78583643214703e-02 1.00000000000000e+05 
7.92175296767343e-02 1.00000000000000e+05 
8.05814053619316e-02 1.00000000000000e+05 
8.19457539891653e-02 1.00000000000000e+05 
8.33150922929862e-02 1.00000000000000e+05 
8.46857038905830e-02 1.00000000000000e+05 
8.60615532237824e-02 1.00000000000000e+05 
8.74392580240305e-02 1.00000000000000e+05 
8.88199571758470e-02 1.00000000000000e+05 
9.01999741652371e-02 1.00000000000000e+05 
9.15827281789091e-02 1.00000000000000e+05 
9.29643136535610e-02 1.00000000000000e+05 
9.43480977792965e-02 1.00000000000000e+05 
9.57304419046392e-02 1.00000000000000e+05 
9.71148378261916e-02 1.00000000000000e+05 
9.84978268698517e-02 1.00000000000000e+05 
9.98830789807975e-02 1.00000000000000e+05 
1.01267066326506e-01 1.00000000000000e+05 
1.02653840473640e-01 1.00000000000000e+05 
1.04039543299738e-01 1.00000000000000e+05 
1.05428605763701e-01 1.00000000000000e+05 
1.06816732536921e-01 1.00000000000000e+05 
1.08208463779716e-01 1.00000000000000e+05 
1.09599273467580e-01 1.00000000000000e+05 
1.10993597633448e-01 1.00000000000000e+05 
1.12386892050824e-01 1.00000000000000e+05 
1.13783707939887e-01 1.00000000000000e+05 
1.15179459320444e-01 1.00000000000316e+05 
1.16578330554076e-01 1.00000000000593e+05 
1.17976145676317e-01 1.00000000000822e+05 
1.19377015514229e-01 1.00000000001290e+05 
1.20777116200915e-01 1.00000000022054e+05 
1.22180903402500e-01 1.00000000101348e+05 
1.23584324845688e-01 1.00000000339857e+05 
1.24991755866862e-01 1.00000000737621e+05 
1.26399390849499e-01 1.00000000580929e+05 
1.27811440877615e-01 1.00000000668743e+05 
1.29223218050119e-01 1.00000001635010e+05 
1.30636134905117e-01 1.00000003178603e+05 
1.32048828920642e-01 1.00000004872077e+05 
1.33462627436310e-01 1.00000005960217e+05 
1.34876012597856e-01 1.00000006386179e+05 
1.36290540283523e-01 1.00000006409106e+05 
1.37704660011861e-01 1.00000006311171e+05 
1.39120255800557e-01 1.00000026224647e+05 
1.40535597954948e-01 1.00001586603751e+05 
1.41952616337441e-01 1.00005982238797e+05 
1.43369414598037e-01 1.00013402416903e+05 
1.44787994760804e-01 1.00024268269378e+05 
1.46206320771877e-01 1.00038905220915e+05 
1.47626442190026e-01 1.00057510438771e+05 
1.49046140786788e-01 1.00079751997701e+05 
1.50467548378545e-01 1.00104549364275e+05 
1.51888425989575e-01 1.00130255875899e+05 
1.53310981480952e-01 1.00154606334657e+05 
1.54733076946966e-01 1.00175007903000e+05 
1.56157031095464e-01 1.00188469002258e+05 
1.57580819045941e-01 1.00191085247573e+05 
1.59006938475038e-01 1.00184982798914e+05 
1.60433214593130e-01 1.00176435616582e+05 
1.61862283096958e-01 1.00161017788000e+05 
1.63291520317617e-01 1.00140645165956e+05 
1.64723789551996e-01 1.00119523946738e+05 
1.66156106468673e-01 1.00097609970190e+05 
1.67591328626902e-01 1.00078165094011e+05 
1.69026440989293e-01 1.00066013129825e+05 
1.70464271612830e-01 1.00059220981242e+05 
1.71902074970350e-01 1.00055963322978e+05 
1.73342498084302e-01 1.00054081684038e+05 
1.74783063914507e-01 1.00053038492906e+05 
1.76226367295655e-01 1.00051540423233e+05 
1.77669303145821e-01 1.00049929023719e+05 
1.79112921522877e-01 1.00050153748254e+05 
1.80556187673827e-01 1.00050550737316e+05 
1.82000116303835e-01 1.00052113852173e+05 
1.83443684108603e-01 1.00054904422752e+05 
1.84887873533003e-01 1.00058582703289e+05 
1.86331657861213e-01 1.00065984182537e+05 
1.87775925801351e-01 1.00083646131367e+05 
1.89219758211615e-01 1.00108448333075e+05 
1.90664073980213e-01 1.00137787719865e+05 
1.92107828310479e-01 1.00167945577148e+05 
1.93552066655451e-01 1.00191942009453e+05 
1.94995727888549e-01 1.00205350999904e+05 
1.96440020511627e-01 1.00204234466885e+05 
1.97883727380425e-01 1.00190245138892e+05 
1.99328187488047e-01 1.00173324184708e+05 
2.00772267950866e-01 1.00146272534442e+05 
