# Liste des scalaires : TEMPS pmat 
0.00000000000000e+00 1.00000000000000e+05 
1.80739222823013e-04 1.00000000000000e+05 
3.79552367928327e-04 1.00000000000000e+05 
5.98246827544172e-04 1.00000000000000e+05 
8.38810733121602e-04 1.00000000000000e+05 
1.10343102925678e-03 1.00000000000000e+05 
1.39451335500547e-03 1.00000000000000e+05 
1.71470391332903e-03 1.00000000000000e+05 
2.06691352748494e-03 1.00000000000000e+05 
2.45434410305645e-03 1.00000000000000e+05 
2.88051773618511e-03 1.00000000000000e+05 
3.34930873262663e-03 1.00000000000000e+05 
3.86497882871231e-03 1.00000000000000e+05 
4.43221593440655e-03 1.00000000000000e+05 
5.05617675067022e-03 1.00000000000000e+05 
5.74253364856025e-03 1.00000000000000e+05 
6.49752623623929e-03 1.00000000000000e+05 
7.32801808268623e-03 1.00000000000000e+05 
8.24155911377787e-03 1.00000000000000e+05 
9.24645424797867e-03 1.00000000000000e+05 
1.03518388955996e-02 1.00000000000000e+05 
1.15677620079825e-02 1.00000000000000e+05 
1.29052774316038e-02 1.00000000000000e+05 
1.43765443975872e-02 1.00000000000000e+05 
1.59949380601689e-02 1.00000000000000e+05 
1.76791587494887e-02 1.00000000000000e+05 
1.93885802011311e-02 1.00000000000000e+05 
2.10744757702155e-02 1.00000000000000e+05 
2.27847860459763e-02 1.00000000000000e+05 
2.44673625919387e-02 1.00000000000000e+05 
2.61691551641557e-02 1.00000000000000e+05 
2.78595133424231e-02 1.00000000000000e+05 
2.95702632516668e-02 1.00000000000000e+05 
3.12907996248114e-02 1.00000000000000e+05 
3.30368087597270e-02 1.00000000000000e+05 
3.47967855688308e-02 1.00000000000000e+05 
3.65959790853714e-02 1.00000000000000e+05 
3.84076781531352e-02 1.00000000000000e+05 
4.02476817981316e-02 1.00000000000000e+05 
4.20895761564958e-02 1.00000000000000e+05 
4.39422128763280e-02 1.00000000000000e+05 
4.57822628061974e-02 1.00000000000000e+05 
4.76272982965123e-02 1.00000000000000e+05 
4.94564438153099e-02 1.00000000000000e+05 
5.12921973926263e-02 1.00000000000000e+05 
5.31182082234041e-02 1.00000000000000e+05 
5.49544489530221e-02 1.00000000000000e+05 
5.67829384965047e-02 1.00000000000000e+05 
5.86235787106934e-02 1.00000000000000e+05 
6.04540702984738e-02 1.00000000000000e+05 
6.22975634807165e-02 1.00000000000000e+05 
6.41329000908911e-02 1.00000000000000e+05 
6.59820188926432e-02 1.00000000000000e+05 
6.78227819304129e-02 1.00000000000000e+05 
6.96760215518423e-02 1.00000000000000e+05 
7.15202750638448e-02 1.00000000000000e+05 
7.33751984489768e-02 1.00000000000000e+05 
7.52217836506235e-02 1.00000000000000e+05 
7.70789615586269e-02 1.00000000000000e+05 
7.89287821351200e-02 1.00000000000000e+05 
8.07878383635035e-02 1.00000000000000e+05 
8.26420944812551e-02 1.00000000000000e+05 
8.45048042350414e-02 1.00000000000000e+05 
8.63655670035606e-02 1.00000000000000e+05 
8.82349111367241e-02 1.00000000000000e+05 
9.01031305990907e-02 1.00000000000000e+05 
9.19796730593438e-02 1.00000000000000e+05 
9.38544570277379e-02 1.00000000000000e+05 
9.57366151780746e-02 1.00000000000000e+05 
9.76170816529836e-02 1.00000000000000e+05 
9.95034486217646e-02 1.00000000000000e+05 
1.01385200566126e-01 1.00000000000000e+05 
1.03274876350527e-01 1.00000000000000e+05 
1.05158358757076e-01 1.00000000000000e+05 
1.07050024876945e-01 1.00000000000000e+05 
1.08935365182824e-01 1.00000000000000e+05 
1.10828935117754e-01 1.00000000000000e+05 
1.12715913017417e-01 1.00000000000000e+05 
1.14611128444961e-01 1.00000000000000e+05 
1.16499858719015e-01 1.00000000000000e+05 
1.18396355599137e-01 1.00000000000000e+05 
1.20286640846370e-01 1.00000000000000e+05 
1.22184738318799e-01 1.00000000000000e+05 
1.24077222885880e-01 1.00000000000000e+05 
1.25977927716386e-01 1.00000000000000e+05 
1.27873459983345e-01 1.00000000075684e+05 
1.29777524022059e-01 1.00000009324833e+05 
1.31676691095813e-01 1.00000052842626e+05 
1.33583940461992e-01 1.00000811390733e+05 
1.35486896264732e-01 1.00001981398033e+05 
1.37397125665141e-01 1.00009167679338e+05 
1.39303735914360e-01 1.00020810930162e+05 
1.41217185255937e-01 1.00054457314211e+05 
1.43127084261944e-01 1.00106209766350e+05 
1.45043122483977e-01 1.00198152536294e+05 
1.46956075517387e-01 1.00319935341072e+05 
1.48874352690405e-01 1.00470272079953e+05 
1.50789705406892e-01 1.00626150387814e+05 
1.52710056401254e-01 1.00743144545563e+05 
1.54628085269149e-01 1.00800295752826e+05 
1.56551174809671e-01 1.00797995849116e+05 
1.58472477663962e-01 1.00707789567843e+05 
1.60398766764148e-01 1.00534398395417e+05 
1.62323216349702e-01 1.00316004167918e+05 
1.64252474945436e-01 1.00064998621340e+05 
1.66177185886350e-01 9.98203142328109e+04 
1.68106397987772e-01 9.96252178589230e+04 
1.70030613451538e-01 9.95166528006412e+04 
1.71959315612423e-01 9.94912032825435e+04 
1.73883213387495e-01 9.95523783958458e+04 
1.75812110388314e-01 9.96767770229202e+04 
1.77736645323117e-01 9.98654651001586e+04 
1.79667044000489e-01 1.00061624371818e+05 
1.81593190273791e-01 1.00215185746073e+05 
1.83525862083441e-01 1.00287208403449e+05 
1.85454240777653e-01 1.00306148117269e+05 
1.87388811211351e-01 1.00257226320210e+05 
1.89318613994454e-01 1.00166805330087e+05 
1.91254154178401e-01 1.00042934855188e+05 
1.93184968722744e-01 9.99110891263592e+04 
1.95121441224460e-01 9.97886776180632e+04 
1.97053551317693e-01 9.96962251980471e+04 
1.98991363924398e-01 9.96529537026646e+04 
2.00925438919214e-01 9.96517236705945e+04 
