# Liste des scalaires : TEMPS pmat 
0.00000000000000e+00 1.00000000000000e+05 
1.80739222823013e-04 1.00000000000000e+05 
3.79552367928327e-04 1.00000000000000e+05 
5.98246827544172e-04 1.00000000000000e+05 
8.38810733121602e-04 1.00000000000000e+05 
1.10343102925678e-03 1.00000000000000e+05 
1.39451335500547e-03 1.00000000000000e+05 
1.71470391332903e-03 1.00000000000000e+05 
2.06691352748494e-03 1.00000000000000e+05 
2.45434410305645e-03 1.00000000000000e+05 
2.88051773618511e-03 1.00000000000000e+05 
3.34930873262663e-03 1.00000000000000e+05 
3.86497882871231e-03 1.00000000000000e+05 
4.43221593440655e-03 1.00000000000000e+05 
5.05617675067022e-03 1.00000000000000e+05 
5.74253364856025e-03 1.00000000000000e+05 
6.49752623623929e-03 1.00000000000000e+05 
7.32801808268623e-03 1.00000000000000e+05 
8.24155911377787e-03 1.00000000000000e+05 
9.24645424797867e-03 1.00000000000000e+05 
1.03518388955996e-02 1.00000000000000e+05 
1.15677620079825e-02 1.00000000000000e+05 
1.29052774316038e-02 1.00000000000000e+05 
1.43765443975872e-02 1.00000000000000e+05 
1.59949380601689e-02 1.00000000000000e+05 
1.76791587494887e-02 1.00000000000000e+05 
1.93885802011311e-02 1.00000000000000e+05 
2.10744757702155e-02 1.00000000000000e+05 
2.27847860459763e-02 1.00000000000000e+05 
2.44673625919387e-02 1.00000000000000e+05 
2.61691551641557e-02 1.00000000000000e+05 
2.78595133424231e-02 1.00000000000000e+05 
2.95702632516668e-02 1.00000000000000e+05 
3.12907996248114e-02 1.00000000000000e+05 
3.30368087597270e-02 1.00000000000000e+05 
3.47967855688308e-02 1.00000000000000e+05 
3.65959790853714e-02 1.00000000000000e+05 
3.84076781531352e-02 1.00000000000000e+05 
4.02476817981316e-02 1.00000000000000e+05 
4.20895761564958e-02 1.00000000000000e+05 
4.39422128763280e-02 1.00000000000000e+05 
4.57822628061974e-02 1.00000000000000e+05 
4.76272982965123e-02 1.00000000000000e+05 
4.94564438153099e-02 1.00000000000000e+05 
5.12921973926263e-02 1.00000000000000e+05 
5.31182082234041e-02 1.00000000000000e+05 
5.49544489530221e-02 1.00000000000000e+05 
5.67829384965047e-02 1.00000000000000e+05 
5.86235787106934e-02 1.00000000000000e+05 
6.04540702984738e-02 1.00000000000000e+05 
6.22975634807165e-02 1.00000000000000e+05 
6.41329000908911e-02 1.00000000000000e+05 
6.59820188926432e-02 1.00000000000000e+05 
6.78227819304129e-02 1.00000000000000e+05 
6.96760215518423e-02 1.00000000000000e+05 
7.15202750638448e-02 1.00000000000000e+05 
7.33751984489768e-02 1.00000000000000e+05 
7.52217836506235e-02 1.00000000000000e+05 
7.70789615586269e-02 1.00000000000000e+05 
7.89287821351200e-02 1.00000000000000e+05 
8.07878383635035e-02 1.00000000000000e+05 
8.26420944812551e-02 1.00000000000000e+05 
8.45048042350414e-02 1.00000000000000e+05 
8.63655670035606e-02 1.00000000000000e+05 
8.82349111367241e-02 1.00000000000000e+05 
9.01031305990907e-02 1.00000000000000e+05 
9.19796730593438e-02 1.00000000000000e+05 
9.38544570277379e-02 1.00000000000000e+05 
9.57366151780746e-02 1.00000000000000e+05 
9.76170816529836e-02 1.00000000000000e+05 
9.95034486217646e-02 1.00000000000000e+05 
1.01385200566126e-01 1.00000000000000e+05 
1.03274876350527e-01 1.00006324870049e+05 
1.05158358757076e-01 1.00090200484140e+05 
1.07050024876945e-01 1.00339723512501e+05 
1.08935365182824e-01 1.00754097393985e+05 
1.10828935117754e-01 1.01215411938844e+05 
1.12715913017417e-01 1.01543794159402e+05 
1.14611128444961e-01 1.01578134063045e+05 
1.16499858719015e-01 1.01395010452328e+05 
1.18396355599137e-01 1.00964260181270e+05 
1.20286640846370e-01 1.00351128235306e+05 
1.22184738318799e-01 9.97715517394996e+04 
1.24077222885880e-01 9.94728961689713e+04 
1.25977927716386e-01 9.95371820202145e+04 
1.27873459983345e-01 9.98660019697009e+04 
1.29777524022059e-01 1.00455273925453e+05 
1.31676691095813e-01 1.01042168525431e+05 
1.33583940461992e-01 1.01367189731969e+05 
1.35486896264732e-01 1.01359910909813e+05 
1.37397125665141e-01 1.01014228610302e+05 
1.39303735914360e-01 1.00473492767430e+05 
1.41217185255937e-01 9.97951355207910e+04 
1.43127084261944e-01 9.91906713797906e+04 
1.45043122483977e-01 9.88156069685842e+04 
1.46956075517387e-01 9.86822465661631e+04 
1.48874352690405e-01 9.87268449707660e+04 
1.50789705406892e-01 9.88639081337532e+04 
1.52710056401254e-01 9.90649553109087e+04 
1.54628085269149e-01 9.92337369557130e+04 
1.56551174809671e-01 9.93143965187976e+04 
1.58472477663962e-01 9.93112880017565e+04 
1.60398766764148e-01 9.92401938514136e+04 
1.62323216349702e-01 9.91749697024284e+04 
1.64252474945436e-01 9.91432529395398e+04 
1.66177185886350e-01 9.91780365957162e+04 
1.68106397987772e-01 9.92999588248791e+04 
1.70030613451538e-01 9.94581489382094e+04 
1.71959315612423e-01 9.96481044485251e+04 
1.73883213387495e-01 9.98237604257433e+04 
1.75812110388314e-01 9.99824238225543e+04 
1.77736645323117e-01 1.00112144737935e+05 
1.79667044000489e-01 1.00234618123367e+05 
1.81593190273791e-01 1.00363920619091e+05 
1.83525862083441e-01 1.00552300651122e+05 
1.85454240777653e-01 1.00824612244366e+05 
1.87388811211351e-01 1.01184761362071e+05 
1.89318613994454e-01 1.01582734926273e+05 
1.91254154178401e-01 1.01923497774164e+05 
1.93184968722744e-01 1.02011139758759e+05 
1.95121441224460e-01 1.01932246301946e+05 
1.97053551317693e-01 1.01655973730575e+05 
1.98991363924398e-01 1.01147424125317e+05 
2.00925438919214e-01 1.00456916812048e+05 
