# Liste des scalaires : TEMPS pmat 
0.00000000000000e+00 1.00000000000000e+05 
7.22956891292051e-05 1.00000000000000e+05 
1.33121779621888e-04 1.00000000000000e+05 
1.91350121636138e-04 1.00000000000000e+05 
2.48205202971463e-04 1.00000000000000e+05 
3.04378416912491e-04 1.00000000000000e+05 
3.57716908235295e-04 1.00000000000000e+05 
4.13432067493875e-04 1.00000000000000e+05 
4.70293840067834e-04 1.00000000000000e+05 
5.18474368751154e-04 1.00000000000000e+05 
5.67650751085564e-04 1.00000000000000e+05 
6.21744771653416e-04 1.00000000000000e+05 
6.80800695681292e-04 1.00000000000000e+05 
7.28444917083979e-04 1.00000000000000e+05 
7.80853560626934e-04 1.00000000000000e+05 
8.28660090392020e-04 1.00000000000000e+05 
8.78101011915257e-04 1.00000000000000e+05 
9.29006893777539e-04 1.00000000000000e+05 
9.85003363826050e-04 1.00000000000000e+05 
1.03483144803409e-03 1.00000000000000e+05 
1.08793520289123e-03 1.00000000000000e+05 
1.13962349501914e-03 1.00000000000000e+05 
1.19236657535818e-03 1.00000000000000e+05 
1.24608865403486e-03 1.00000000000000e+05 
1.30351940855569e-03 1.00000000000000e+05 
1.35691908256608e-03 1.00000000000000e+05 
1.41235170128389e-03 1.00000000000000e+05 
1.46930541993255e-03 1.00000000000000e+05 
1.53071813847966e-03 1.00000000000000e+05 
1.58628320506233e-03 1.00000000000000e+05 
1.64451380262301e-03 1.00000000000000e+05 
1.70188986183445e-03 1.00000000000000e+05 
1.75983196158942e-03 1.00000000000000e+05 
1.81756271282903e-03 1.00000000000000e+05 
1.87813574793314e-03 1.00000000000000e+05 
1.93758261651172e-03 1.00000000000000e+05 
1.99767325128919e-03 1.00000000000000e+05 
2.05748837319917e-03 1.00000000000000e+05 
2.12008379832702e-03 1.00000000000000e+05 
2.18480064275783e-03 1.00000000000000e+05 
2.25426318273205e-03 1.00000000000000e+05 
2.31630587493824e-03 1.00000000000000e+05 
2.38115187274034e-03 1.00000000000000e+05 
2.44825354203274e-03 1.00000000000000e+05 
2.51995382994928e-03 1.00000000000000e+05 
2.58417588388033e-03 1.00000000000000e+05 
2.65088574234260e-03 1.00000000000000e+05 
2.71652726650126e-03 1.00000000000000e+05 
2.78310436038655e-03 1.00000000000000e+05 
2.85017201261097e-03 1.00000000000000e+05 
2.91947638585389e-03 1.00000000000000e+05 
2.98833131256128e-03 1.00000000000000e+05 
3.05793119730403e-03 1.00000000000000e+05 
3.12796241410031e-03 1.00000000000000e+05 
3.19998932290565e-03 1.00000000000000e+05 
3.27172139001702e-03 1.00000000000000e+05 
3.34414478044579e-03 1.00000000000000e+05 
3.41697879170248e-03 1.00000000000000e+05 
3.49163791203642e-03 1.00000000000000e+05 
3.56620030979888e-03 1.00000000000000e+05 
3.64139984096266e-03 1.00000000000000e+05 
3.71697150319316e-03 1.00000000000000e+05 
3.79421134710315e-03 1.00000000000000e+05 
3.87165063591264e-03 1.00000000000000e+05 
3.94965307319904e-03 1.00000000000000e+05 
4.02796476379425e-03 1.00000000000000e+05 
4.10778268092617e-03 1.00000000000000e+05 
4.18815728454897e-03 1.00000000000000e+05 
4.26900184087300e-03 1.00000000000000e+05 
4.35007601903302e-03 1.00000000000000e+05 
4.43248577889989e-03 1.00000000000000e+05 
4.51585546648389e-03 1.00000000000000e+05 
4.59958573062819e-03 1.00000000000000e+05 
4.68345622507937e-03 1.00000000000000e+05 
4.76848807035574e-03 1.00000000000000e+05 
4.85564558773915e-03 1.00000000000000e+05 
4.94574881099636e-03 1.00000000000000e+05 
5.03248414879565e-03 1.00000000000000e+05 
5.12022615446405e-03 1.00000000000000e+05 
5.20985376867752e-03 1.00000000000000e+05 
5.30222049353314e-03 1.00000000000000e+05 
5.39144219413025e-03 1.00000000000000e+05 
5.48158376682398e-03 1.00000000000000e+05 
5.57341833879230e-03 1.00000000000000e+05 
5.66780169961724e-03 1.00000000000000e+05 
5.75980945589461e-03 1.00000000000000e+05 
5.85303165926027e-03 1.00000000000000e+05 
5.94717943102711e-03 1.00000000000000e+05 
6.04304736148365e-03 1.00000000000000e+05 
6.13819349977402e-03 1.00000000000000e+05 
6.23420158908928e-03 1.00000000000000e+05 
6.33070831503310e-03 1.00000000000000e+05 
6.42842955966383e-03 1.00000000000000e+05 
6.52667177899461e-03 1.00000000000000e+05 
6.62548269003659e-03 1.00000000000000e+05 
6.72457255313337e-03 1.00000000000000e+05 
6.82465696031497e-03 1.00000000000000e+05 
6.92652927772155e-03 1.00000000000000e+05 
7.03104052941437e-03 1.00000000000000e+05 
7.13309301350472e-03 1.00000000000000e+05 
7.23641604905733e-03 1.00000000000000e+05 
7.34065795978965e-03 1.00000000000000e+05 
7.44645946160711e-03 1.00000000000000e+05 
7.55176073098164e-03 1.00000000000000e+05 
7.65790404477514e-03 1.00000000000000e+05 
7.76453186360513e-03 1.00000000000000e+05 
7.87226736488229e-03 1.00000000000000e+05 
7.98193224721764e-03 1.00000000000000e+05 
8.09435250112039e-03 1.00000000000000e+05 
8.20373463708264e-03 1.00000000000000e+05 
8.31450013272246e-03 1.00000000000000e+05 
8.42626195039895e-03 1.00000000000000e+05 
8.53953697208137e-03 1.00000000000000e+05 
8.65551083806107e-03 1.00000000000000e+05 
8.77472231032345e-03 1.00000000000000e+05 
8.88857519242149e-03 1.00000000000000e+05 
9.00350737903588e-03 1.00000000000000e+05 
9.12027307471262e-03 1.00000000000000e+05 
9.23971813276673e-03 1.00000000000000e+05 
9.35573041306321e-03 1.00000000000000e+05 
9.47317024250592e-03 1.00000000000000e+05 
9.59164057029932e-03 1.00000000000000e+05 
9.71157404189894e-03 1.00000000000000e+05 
9.83378663027357e-03 1.00000000000000e+05 
9.95901239659472e-03 1.00000000000000e+05 
1.00794526223928e-02 1.00000000000000e+05 
1.02015216685803e-02 1.00000000000000e+05 
1.03247385207750e-02 1.00000000000000e+05 
1.04493913312221e-02 1.00000000000000e+05 
1.05765018849818e-02 1.00000000000000e+05 
1.07066895115985e-02 1.00000000000000e+05 
1.08315928348673e-02 1.00000000000000e+05 
1.09581752208124e-02 1.00000000000000e+05 
1.10859195375131e-02 1.00000000000000e+05 
1.12150670104178e-02 1.00000000000000e+05 
1.13466464728277e-02 1.00000000000000e+05 
1.14813061151833e-02 1.00000000000000e+05 
1.16103831387870e-02 1.00000000000000e+05 
1.17411423372705e-02 1.00000000000000e+05 
1.18730326855368e-02 1.00000000000000e+05 
1.20062120044571e-02 1.00000000000000e+05 
1.21416576229717e-02 1.00000000000000e+05 
1.22800691579066e-02 1.00000000000000e+05 
1.24130442852296e-02 1.00000000000000e+05 
1.25476428875762e-02 1.00000000000000e+05 
1.26832995252674e-02 1.00000000000000e+05 
1.28200873996535e-02 1.00000000000000e+05 
1.29588872339281e-02 1.00000000000000e+05 
1.31004478656202e-02 1.00000000000000e+05 
1.32371016517066e-02 1.00000000000000e+05 
1.33752631680136e-02 1.00000000000000e+05 
1.35143934451403e-02 1.00000000000000e+05 
1.36545631854665e-02 1.00000000000000e+05 
1.37963962424841e-02 1.00000000000000e+05 
1.39407948510496e-02 1.00000000000000e+05 
1.40884997429132e-02 1.00000000000000e+05 
1.42397060834169e-02 1.00000000000000e+05 
1.43825320338850e-02 1.00000000000000e+05 
1.45271472474251e-02 1.00000000000000e+05 
1.46729086803467e-02 1.00000000000000e+05 
1.48196180178625e-02 1.00000000000000e+05 
1.49681737880292e-02 1.00000000000000e+05 
1.51193337671402e-02 1.00000000000000e+05 
1.52741781669286e-02 1.00000000000000e+05 
1.54326219282699e-02 1.00000000000000e+05 
1.55810983902022e-02 1.00000000000000e+05 
1.57302402075580e-02 1.00000000000000e+05 
1.58806544834560e-02 1.00000000000000e+05 
1.60334653593815e-02 1.00000000000000e+05 
1.61889336550676e-02 1.00000000000000e+05 
1.63472046005732e-02 1.00000000000000e+05 
1.64985594804807e-02 1.00000000000000e+05 
1.66513990524715e-02 1.00000000000000e+05 
1.68050950586855e-02 1.00000000000000e+05 
1.69593000632290e-02 1.00000000000000e+05 
1.71145894314296e-02 1.00000000000000e+05 
1.72721162200636e-02 1.00000000000000e+05 
1.74320386274256e-02 1.00000000000000e+05 
1.75945559011387e-02 1.00000000000000e+05 
1.77604447973598e-02 1.00000000000000e+05 
1.79294144378414e-02 1.00000000000000e+05 
1.80868785603529e-02 1.00000000000000e+05 
1.82458493128422e-02 1.00000000000000e+05 
1.84056129314652e-02 1.00000000000000e+05 
1.85656660733742e-02 1.00000000000000e+05 
1.87270382728381e-02 1.00000000000000e+05 
1.88905434751173e-02 1.00000000000000e+05 
1.90571561036278e-02 1.00000000000000e+05 
1.92268276011231e-02 1.00000000000000e+05 
1.94011846156580e-02 1.00000000000000e+05 
1.95621861591930e-02 1.00000000000000e+05 
1.97246091625512e-02 1.00000000000000e+05 
1.98866282299743e-02 1.00000000000000e+05 
2.00510932680630e-02 1.00000000000000e+05 
2.02169028019852e-02 1.00000000000000e+05 
2.03840706146916e-02 1.00000000000000e+05 
2.05565859438302e-02 1.00000000000000e+05 
2.07259952757057e-02 1.00000000000000e+05 
2.08949538657541e-02 1.00000000000000e+05 
2.10665234175995e-02 1.00000000000000e+05 
2.12409286435588e-02 1.00000000000000e+05 
2.14199554367575e-02 1.00000000000000e+05 
2.16027872313892e-02 1.00000000000000e+05 
2.17927442626560e-02 1.00000000000000e+05 
2.19877557185538e-02 1.00000000000000e+05 
2.21911613772183e-02 1.00000000000000e+05 
2.23943927198161e-02 1.00000000000000e+05 
2.25700685812110e-02 1.00000000000000e+05 
2.27484295757959e-02 1.00000000000000e+05 
2.29284635552682e-02 1.00000000000000e+05 
2.31090426050968e-02 1.00000000000000e+05 
2.32894387153322e-02 1.00000000000000e+05 
2.34710853064474e-02 1.00000000000000e+05 
2.36540279316339e-02 1.00000000000000e+05 
2.38389206206855e-02 1.00000000000000e+05 
2.40231880930145e-02 1.00000000000000e+05 
2.42069332679692e-02 1.00000000000000e+05 
2.43910103774518e-02 1.00000000000000e+05 
2.45756629854445e-02 1.00000000000000e+05 
2.47618127781826e-02 1.00000000000000e+05 
2.49498260827725e-02 1.00000000000000e+05 
2.51406694979229e-02 1.00000000000000e+05 
2.53345745259855e-02 1.00000000000000e+05 
2.55325855098529e-02 1.00000000000000e+05 
2.57208287376235e-02 1.00000000000000e+05 
2.59141219840352e-02 1.00000000000000e+05 
2.61073737542182e-02 1.00000000000000e+05 
2.63020253322632e-02 1.00000000000000e+05 
2.64975209110944e-02 1.00000000000000e+05 
2.66939664179506e-02 1.00000000000000e+05 
2.68912849318893e-02 1.00000000000000e+05 
2.70895181872968e-02 1.00000000000000e+05 
2.72885934310705e-02 1.00000000000000e+05 
2.74886012209610e-02 1.00000000000000e+05 
2.76895327995488e-02 1.00000000000000e+05 
2.78915586244351e-02 1.00000000000000e+05 
2.80864421263584e-02 1.00000000000000e+05 
2.82909064906552e-02 1.00000000000000e+05 
2.84891238553742e-02 1.00000000000000e+05 
2.86938930129844e-02 1.00000000000000e+05 
2.88887561870435e-02 1.00000000000000e+05 
2.90943945961680e-02 1.00000000000000e+05 
2.92856575956254e-02 1.00000000000000e+05 
2.94914788087959e-02 1.00000000000000e+05 
2.96796571085394e-02 1.00000000000000e+05 
2.98851846964094e-02 1.00000000000000e+05 
3.00705320802096e-02 1.00000000000000e+05 
3.02740921561487e-02 1.00000000000000e+05 
3.04567556073316e-02 1.00000000000000e+05 
3.06576470313652e-02 1.00000000000000e+05 
3.08377714920699e-02 1.00000000000000e+05 
3.10359083988450e-02 1.00000000000000e+05 
3.12136457060606e-02 1.00000000000000e+05 
3.14064920640776e-02 1.00000000000000e+05 
3.15816685940226e-02 1.00000000000000e+05 
3.17705991379603e-02 1.00000000000000e+05 
3.19420503810063e-02 1.00000000000000e+05 
3.21262131288839e-02 1.00000000000000e+05 
3.22942555899626e-02 1.00000000000000e+05 
3.24743131769912e-02 1.00000000000000e+05 
3.26395579607846e-02 1.00000000000000e+05 
3.28161604038468e-02 1.00000000000000e+05 
3.29789843999824e-02 1.00000000000000e+05 
3.31525295679642e-02 1.00000000000000e+05 
3.33131824426475e-02 1.00000000000000e+05 
3.34827724301651e-02 1.00000000000000e+05 
3.36414365550234e-02 1.00000000000000e+05 
3.38030640944296e-02 1.00000000000000e+05 
3.39599109890867e-02 1.00000000000000e+05 
3.41258210193028e-02 1.00000000000000e+05 
3.42810577451564e-02 1.00000000000000e+05 
3.44448127243580e-02 1.00000000000000e+05 
3.45985098206007e-02 1.00000000000000e+05 
3.47605282259791e-02 1.00000000000000e+05 
3.49132621976544e-02 1.00000000000000e+05 
3.50740593570063e-02 1.00000000000000e+05 
3.52259837095718e-02 1.00000000000000e+05 
3.53857276723697e-02 1.00146811581299e+05 
3.55369248859425e-02 1.00760504957133e+05 
3.56957151744584e-02 1.02194823980096e+05 
3.58462460209626e-02 1.04580619421351e+05 
3.60044273718934e-02 1.08417296641707e+05 
3.61547807082513e-02 1.13178540666063e+05 
3.63127867364151e-02 1.19182322024440e+05 
3.64631438678559e-02 1.25668680820950e+05 
3.66211819810806e-02 1.32824138959886e+05 
3.67716752073719e-02 1.39503365469921e+05 
3.69296209120692e-02 1.46789015631777e+05 
3.70799014586312e-02 1.52463892200557e+05 
3.72374969221778e-02 1.57144171638023e+05 
3.73874643625168e-02 1.60131459340866e+05 
3.75448828561873e-02 1.61057917933733e+05 
3.76949438517465e-02 1.61565391898656e+05 
3.78522669995468e-02 1.61302955812309e+05 
3.80021258549047e-02 1.61002072612060e+05 
3.81591369909157e-02 1.60506128013675e+05 
3.83087691481408e-02 1.59754077277781e+05 
3.84657194915480e-02 1.58685546080344e+05 
3.86156070529152e-02 1.57417774930722e+05 
3.87726545097274e-02 1.56006248272702e+05 
3.89223921189546e-02 1.54628239621521e+05 
3.90793080135435e-02 1.53193682081070e+05 
3.92288098723276e-02 1.51837456205372e+05 
3.93853842282687e-02 1.50479777018920e+05 
3.95346041120862e-02 1.49249634968371e+05 
3.96910991350092e-02 1.48049557204386e+05 
3.98405604412193e-02 1.46999559530631e+05 
3.99971446090119e-02 1.46006290201508e+05 
4.01465289441232e-02 1.45153589140979e+05 
4.03029476891935e-02 1.44351080226076e+05 
4.04522113997846e-02 1.43655712461059e+05 
4.06084308373198e-02 1.42982461446262e+05 
4.07575761464057e-02 1.42389100363387e+05 
4.09135995569460e-02 1.41803302879506e+05 
4.10626357813298e-02 1.41272800644084e+05 
4.12184736717682e-02 1.40733218305729e+05 
4.13674130295003e-02 1.40228181544340e+05 
4.15233693392917e-02 1.39700381015918e+05 
4.16727403527481e-02 1.39194269103910e+05 
4.18289949684567e-02 1.38659157157635e+05 
4.19784564121702e-02 1.38141384221360e+05 
4.21347298056026e-02 1.37594786712058e+05 
4.22842131529101e-02 1.37064265362122e+05 
4.24404486335437e-02 1.36506608923547e+05 
4.25899434957712e-02 1.35967876269373e+05 
4.27461352697907e-02 1.35402375897365e+05 
4.28956510143999e-02 1.34860517814058e+05 
4.30518108873792e-02 1.34296919713739e+05 
4.32013639014277e-02 1.33761821841113e+05 
4.33575101858419e-02 1.33210595372329e+05 
4.35071197713743e-02 1.32690944992015e+05 
4.36632748090404e-02 1.32159623394072e+05 
4.38129628419231e-02 1.31661245938607e+05 
4.39691528382144e-02 1.31154210287962e+05 
4.41189433200767e-02 1.30679760268562e+05 
4.42751978605486e-02 1.30198230418632e+05 
4.44251164581641e-02 1.29747783137402e+05 
4.45814680281359e-02 1.29290630473282e+05 
4.47315419738022e-02 1.28862261039565e+05 
4.48880260109469e-02 1.28426652939030e+05 
4.50382848398692e-02 1.28017202275694e+05 
4.51949395757749e-02 1.27599564672954e+05 
4.53454139446070e-02 1.27205356235998e+05 
4.55022795193402e-02 1.26801372663782e+05 
4.56530014445670e-02 1.26418526247402e+05 
4.58101213565619e-02 1.26024407076972e+05 
4.59611264638679e-02 1.25649657951689e+05 
4.61185477345969e-02 1.25262999363922e+05 
4.62698754360060e-02 1.24894448702255e+05 
4.64276490965722e-02 1.24513421816399e+05 
4.65793403794355e-02 1.24149728591157e+05 
4.67375219314621e-02 1.23773370892101e+05 
4.68896237792303e-02 1.23414049166471e+05 
4.70482763493203e-02 1.23042238216032e+05 
4.72008442513242e-02 1.22687439832655e+05 
4.73600409327485e-02 1.22320678693047e+05 
4.75132038251165e-02 1.21971173221805e+05 
4.76727417794650e-02 1.21611209679768e+05 
4.78258530684486e-02 1.21269075006156e+05 
4.79855381866536e-02 1.20917552291872e+05 
4.81391850732687e-02 1.20583838919234e+05 
4.82991811656416e-02 1.20242085770659e+05 
4.84528648119982e-02 1.19919758999114e+05 
4.86127697748827e-02 1.19590535535842e+05 
4.87663293386208e-02 1.19280643234953e+05 
4.89263461272948e-02 1.18964127383458e+05 
4.90804782029974e-02 1.18665731756447e+05 
4.92408575466007e-02 1.18361713397534e+05 
4.93950862603987e-02 1.18075823592435e+05 
4.95554474935013e-02 1.17785068820254e+05 
4.97096782616634e-02 1.17511305335424e+05 
4.98699428547046e-02 1.17233467704258e+05 
5.00240835745875e-02 1.16971230284021e+05 
5.01845133330069e-02 1.16703854292919e+05 
5.03392865379185e-02 1.16450454687755e+05 
5.05001504392635e-02 1.16191549124431e+05 
5.06550741953879e-02 1.15945999898738e+05 
5.08159924725311e-02 1.15694519723514e+05 
5.09709715521626e-02 1.15455273261348e+05 
5.11318703220308e-02 1.15209579570593e+05 
5.12868827454501e-02 1.14975147220236e+05 
5.14477478397907e-02 1.14733739965284e+05 
5.16027916241802e-02 1.14502645228028e+05 
5.17636253903865e-02 1.14264232224169e+05 
5.19186382561165e-02 1.14035459894406e+05 
5.20797372526434e-02 1.13798576383647e+05 
5.22354804690671e-02 1.13570236110908e+05 
5.23971423079614e-02 1.13333885676295e+05 
5.25531404544781e-02 1.13106401673763e+05 
5.27149973528122e-02 1.12870974087698e+05 
5.28711665335150e-02 1.12644591588714e+05 
5.30331574031845e-02 1.12410626345202e+05 
5.31894894374177e-02 1.12185974499334e+05 
5.33516141351579e-02 1.11954283233817e+05 
5.35081213889986e-02 1.11732244775262e+05 
5.36703984480010e-02 1.11503892745342e+05 
5.38271022122606e-02 1.11285498522300e+05 
5.39895579736237e-02 1.11061535595340e+05 
5.41464830664145e-02 1.10847776449763e+05 
5.43091482598674e-02 1.10629140514781e+05 
5.44663240903689e-02 1.10420972107241e+05 
5.46292344885352e-02 1.10208663890459e+05 
5.47866933983667e-02 1.10006978909940e+05 
5.49498874975748e-02 1.09801800578072e+05 
5.51076623716218e-02 1.09607245420723e+05 
5.52711787941877e-02 1.09409652836472e+05 
5.54292942340128e-02 1.09222484473177e+05 
5.55931588542573e-02 1.09032608617209e+05 
5.57516247831856e-02 1.08852866573183e+05 
5.59158508734597e-02 1.08670612822342e+05 
5.60746253433888e-02 1.08498167646791e+05 
5.62391496716495e-02 1.08323257365747e+05 
5.63980829593764e-02 1.08157743511565e+05 
5.65627274696418e-02 1.07989681649225e+05 
5.67215548146433e-02 1.07830593580091e+05 
5.68860173831564e-02 1.07668789328203e+05 
5.70443619024129e-02 1.07515553566806e+05 
5.72082229724359e-02 1.07359384326172e+05 
5.73655853811849e-02 1.07211452699248e+05 
5.75282871308820e-02 1.07060359138683e+05 
5.76840499463790e-02 1.06917231239112e+05 
5.78449499662976e-02 1.06770722522554e+05 
5.79986052146823e-02 1.06631870235567e+05 
5.81571925096176e-02 1.06489455785772e+05 
5.83084692817920e-02 1.06354285806600e+05 
5.84644750579976e-02 1.06215441366581e+05 
5.86133545348927e-02 1.06083341416187e+05 
5.87667616849610e-02 1.05947534102694e+05 
5.89133372851676e-02 1.05817996191404e+05 
5.90645203634862e-02 1.05684561228633e+05 
5.92095433656753e-02 1.05556702818838e+05 
5.93590854556224e-02 1.05424993028501e+05 
5.95028163684537e-02 1.05298539957810e+05 
5.96509156507176e-02 1.05168410675272e+05 
5.97934794698030e-02 1.05043348108015e+05 
5.99404799250014e-02 1.04914655845668e+05 
6.00824306605290e-02 1.04790704302986e+05 
6.02287953431504e-02 1.04663303690404e+05 
6.03703190631041e-02 1.04540593014264e+05 
6.05162007603260e-02 1.04414685133197e+05 
6.06573883482490e-02 1.04293483421313e+05 
6.08028663074365e-02 1.04169377787340e+05 
6.09437830582146e-02 1.04050014209485e+05 
6.10889199545024e-02 1.03928055750502e+05 
6.12296264618954e-02 1.03810863242072e+05 
6.13744856581734e-02 1.03691377814480e+05 
6.15150492981695e-02 1.03576649186847e+05 
6.16597058326715e-02 1.03459904788692e+05 
6.18002047228169e-02 1.03347863850301e+05 
6.19447475291615e-02 1.03234044958056e+05 
6.20852694001400e-02 1.03124836604811e+05 
6.22297993008529e-02 1.03014026497842e+05 
6.23704391402167e-02 1.02907674957845e+05 
6.25150653102711e-02 1.02799822739831e+05 
6.26559217546460e-02 1.02696215563993e+05 
6.28007589992755e-02 1.02591112713638e+05 
6.29419342475064e-02 1.02489982465724e+05 
6.30868482694621e-02 1.02387470119265e+05 
6.32279602712303e-02 1.02288800173964e+05 
6.33728887471077e-02 1.02188573484567e+05 
6.35143340311012e-02 1.02091713702981e+05 
6.36596557955019e-02 1.01993101630650e+05 
6.38016263664751e-02 1.01897538552322e+05 
6.39472784308896e-02 1.01800195556952e+05 
6.40894099626697e-02 1.01705786435804e+05 
6.42351001570306e-02 1.01609593700134e+05 
6.43773214847648e-02 1.01516300250254e+05 
6.45232660242295e-02 1.01421094649472e+05 
6.46660798021549e-02 1.01328431415822e+05 
6.48124856116385e-02 1.01234167966273e+05 
6.49556232799491e-02 1.01142725741684e+05 
6.51022734564966e-02 1.01050242894037e+05 
6.52456882239868e-02 1.00960226907959e+05 
6.53925662259401e-02 1.00869772500308e+05 
6.55362789942895e-02 1.00783242150791e+05 
6.56834219510163e-02 1.00697160748805e+05 
6.58274750489836e-02 1.00616578072735e+05 
6.59749377934213e-02 1.00533742614211e+05 
6.61193818253847e-02 1.00459108437362e+05 
6.62672270820142e-02 1.00385082312977e+05 
6.64121179270434e-02 1.00319544613540e+05 
6.65604144415914e-02 1.00258750063427e+05 
6.67058135348153e-02 1.00204255843892e+05 
6.68546363977988e-02 1.00157149166396e+05 
6.70006106433854e-02 1.00113534272414e+05 
6.71500414216275e-02 1.00073845475428e+05 
6.72966632725656e-02 1.00033260880305e+05 
6.74467904261016e-02 9.99899713281424e+04 
6.75942238901600e-02 9.99749261697898e+04 
6.77448793632002e-02 1.00006092825336e+05 
6.78925796992998e-02 1.00092051496707e+05 
6.80433827056421e-02 1.00260506686202e+05 
6.81912367170569e-02 1.00521837997804e+05 
6.83421158545262e-02 1.00879891053728e+05 
6.84900276459737e-02 1.01317271472485e+05 
6.86412436178170e-02 1.01842056553326e+05 
6.87899227304540e-02 1.02447183434750e+05 
6.89416935462500e-02 1.03136923021882e+05 
6.90907131924575e-02 1.03873224410658e+05 
6.92427466005514e-02 1.04691291242836e+05 
6.93920151741520e-02 1.05540614439119e+05 
6.95442519888219e-02 1.06445527640961e+05 
6.96937497416177e-02 1.07351135614463e+05 
6.98461833523897e-02 1.08293744343154e+05 
6.99959098722731e-02 1.09208954233216e+05 
7.01485485330492e-02 1.10107265876190e+05 
7.02985148944348e-02 1.10925104162608e+05 
7.04513755877414e-02 1.11698650083017e+05 
7.06015969655608e-02 1.12424265649158e+05 
7.07546987165425e-02 1.13010027709122e+05 
7.09051899001544e-02 1.13445994954379e+05 
7.10585523592002e-02 1.13770940313601e+05 
7.12093276920181e-02 1.13969035147649e+05 
7.13629698221797e-02 1.14076921784491e+05 
7.15140435961009e-02 1.14108321700345e+05 
7.16679848876164e-02 1.14105731342712e+05 
7.18193740261700e-02 1.14081098907892e+05 
7.19736368478989e-02 1.13998049013707e+05 
7.21253628216360e-02 1.13897993589971e+05 
7.22799736003600e-02 1.13770377176568e+05 
7.24320623345650e-02 1.13609036502377e+05 
7.25870515341856e-02 1.13420111636460e+05 
7.27395325210036e-02 1.13215165375509e+05 
7.28949343726601e-02 1.12989971890242e+05 
7.30478407560692e-02 1.12751648455392e+05 
7.32036937604565e-02 1.12494461191755e+05 
7.33570634700820e-02 1.12229488953081e+05 
7.35134118128331e-02 1.11951443989123e+05 
7.36672886621288e-02 1.11673283386393e+05 
7.38241827673913e-02 1.11387785454703e+05 
7.39786026060624e-02 1.11107221228309e+05 
7.41357228423948e-02 1.10823188437121e+05 
7.42901373450736e-02 1.10547171940934e+05 
7.44474746321612e-02 1.10269998046242e+05 
7.46023792027395e-02 1.10002324154391e+05 
7.47602946656761e-02 1.09735584623282e+05 
7.49158340245053e-02 1.09479484018455e+05 
7.50740798080756e-02 1.09226229289436e+05 
7.52297211686718e-02 1.08984426860531e+05 
7.53883170913616e-02 1.08745615250514e+05 
7.55445699165469e-02 1.08517657663115e+05 
7.57035072128481e-02 1.08293114756597e+05 
7.58599020948191e-02 1.08079068018439e+05 
7.60188795974759e-02 1.07868189951830e+05 
7.61753495562940e-02 1.07666818426829e+05 
7.63347020117023e-02 1.07467679330819e+05 
7.64918576648167e-02 1.07276615831990e+05 
7.66516433431028e-02 1.07087594513025e+05 
7.68090341535251e-02 1.06905576362499e+05 
7.69689675696255e-02 1.06724689139225e+05 
7.71265290128270e-02 1.06550221004907e+05 
7.72869561774597e-02 1.06376007720021e+05 
7.74453171946164e-02 1.06206991336996e+05 
7.76063003234686e-02 1.06037783860526e+05 
7.77650033051746e-02 1.05873227533926e+05 
7.79262552884468e-02 1.05707985301755e+05 
7.80852228658358e-02 1.05546772800623e+05 
7.82467024148025e-02 1.05384415295078e+05 
7.84059355383207e-02 1.05225517041797e+05 
7.85676549052116e-02 1.05065101921385e+05 
7.87271704840160e-02 1.04907696531447e+05 
7.88891522951237e-02 1.04748485417272e+05 
7.90489695033147e-02 1.04591937683209e+05 
7.92112374472625e-02 1.04433378252732e+05 
7.93713749206088e-02 1.04277236545403e+05 
7.95339519421546e-02 1.04118948348735e+05 
7.96944277817194e-02 1.03962918765796e+05 
7.98573362458929e-02 1.03804671195769e+05 
8.00181685902737e-02 1.03648597146780e+05 
8.01814309239488e-02 1.03490293703952e+05 
8.03426381628763e-02 1.03334145954596e+05 
8.05062766324530e-02 1.03175815106920e+05 
8.06678768451288e-02 1.03019685328851e+05 
8.08319132842491e-02 1.02861476092943e+05 
8.09939243292370e-02 1.02705573338339e+05 
8.11583803421459e-02 1.02547752618195e+05 
8.13208203127388e-02 1.02392400898459e+05 
8.14857177562217e-02 1.02235350776544e+05 
8.16486060932703e-02 1.02080985664934e+05 
8.18139688283763e-02 1.01925198118963e+05 
8.19773268459112e-02 1.01772358781836e+05 
8.21431792749039e-02 1.01618424935093e+05 
8.23070273555601e-02 1.01467739663939e+05 
8.24733923116539e-02 1.01316329329418e+05 
8.26377484404010e-02 1.01168488613759e+05 
8.28046471213718e-02 1.01020315325277e+05 
8.29695280850381e-02 1.00876030905536e+05 
8.31369806244816e-02 1.00731805056743e+05 
8.33024043144641e-02 1.00591760930592e+05 
8.34704333272322e-02 1.00452133007351e+05 
8.36364208145992e-02 1.00316920718936e+05 
8.38050504554983e-02 1.00182436082816e+05 
8.39716234167155e-02 1.00052543734233e+05 
8.41408790499244e-02 9.99235794393751e+04 
8.43080608833510e-02 9.97992801162234e+04 
8.44779691921346e-02 9.96761355809022e+04 
8.46457840636833e-02 9.95576663722584e+04 
8.48163717259981e-02 9.94404215304537e+04 
8.49848429691078e-02 9.93277233244464e+04 
8.51561363947876e-02 9.92162940043879e+04 
8.53252877658388e-02 9.91092857280377e+04 
8.54973140386514e-02 9.90033745030187e+04 
8.56671702773390e-02 9.89015897652632e+04 
8.58399575728755e-02 9.88008285298334e+04 
8.60105445492504e-02 9.87043657605484e+04 
8.61841222580643e-02 9.86087850509583e+04 
8.63554675147307e-02 9.85171267255605e+04 
8.65298670506844e-02 9.84267727770425e+04 
8.67019994252786e-02 9.83409690543889e+04 
8.68772530639118e-02 9.82573632112700e+04 
8.70502018499680e-02 9.81774741714100e+04 
8.72263425148268e-02 9.81005837940893e+04 
8.74001381115436e-02 9.80288674345549e+04 
8.75772000785011e-02 9.79628548148009e+04 
8.77518743285913e-02 9.79043528409707e+04 
8.79298935410772e-02 9.78433250346975e+04 
8.81054789834415e-02 9.77972053893288e+04 
8.82844917672300e-02 9.77613739360431e+04 
8.84610203898309e-02 9.77366702536875e+04 
8.86410625162559e-02 9.77183984135938e+04 
8.88185656873548e-02 9.77070667710958e+04 
8.89996721916681e-02 9.77075102136692e+04 
8.91781808573809e-02 9.77067296556431e+04 
8.93603860381454e-02 9.77059601850637e+04 
8.95399306714484e-02 9.77136895664617e+04 
8.97232678460529e-02 9.77406000584498e+04 
8.99038753502273e-02 9.77926755663123e+04 
9.00883690188220e-02 9.78787020865997e+04 
9.02700631869991e-02 9.79985677333372e+04 
9.04557359273380e-02 9.81648505698429e+04 
9.06385424891502e-02 9.83605735963681e+04 
9.08254210450733e-02 9.85933165134252e+04 
9.10093612846570e-02 9.88516026044876e+04 
9.11974672558416e-02 9.91424365091808e+04 
9.13825571679043e-02 9.94511257861911e+04 
9.15719064336380e-02 9.97835498057937e+04 
9.17581580172636e-02 1.00121349359029e+05 
9.19487616299412e-02 1.00471647316940e+05 
9.21361818748841e-02 1.00815711647405e+05 
9.23280447335124e-02 1.01160761035223e+05 
9.25166353533421e-02 1.01487486944778e+05 
9.27097566535221e-02 1.01803405209741e+05 
9.28995148230223e-02 1.02090772125604e+05 
9.30938882285951e-02 1.02356989553964e+05 
9.32848062470109e-02 1.02588032932746e+05 
9.34804195852729e-02 1.02792041022242e+05 
9.36724845150027e-02 1.02958938862532e+05 
9.38693195564460e-02 1.03095452138796e+05 
9.40625129006381e-02 1.03197154155011e+05 
9.42605453165684e-02 1.03269487885192e+05 
9.44548429407475e-02 1.03314758600006e+05 
9.46540424440661e-02 1.03333912411601e+05 
9.48494148061394e-02 1.03329713670023e+05 
9.50497454706340e-02 1.03310263962451e+05 
9.52461576553924e-02 1.03292870554630e+05 
9.54475782475456e-02 1.03278942207365e+05 
9.56449905767991e-02 1.03276268111773e+05 
9.58474554124075e-02 1.03295218547335e+05 
9.60458246278100e-02 1.03343719717649e+05 
9.62492850488229e-02 1.03436146876488e+05 
9.64485664670803e-02 1.03577864764157e+05 
9.66529729920642e-02 1.03788434643459e+05 
9.68531227064814e-02 1.04067749290045e+05 
9.70584266852751e-02 1.04439168499605e+05 
9.72594031204383e-02 1.04888386238909e+05 
9.74655581259426e-02 1.05442531336714e+05 
9.76673227758583e-02 1.06078005087945e+05 
9.78742853324719e-02 1.06818669881889e+05 
9.80768023322836e-02 1.07622011367041e+05 
9.82845318105391e-02 1.08516208680868e+05 
9.84877670071993e-02 1.09444059477650e+05 
9.86962251384902e-02 1.10429885767052e+05 
9.89001456003366e-02 1.11404932915501e+05 
9.91092961167832e-02 1.12402272816815e+05 
9.93138699171937e-02 1.13333279725212e+05 
9.95236785703742e-02 1.14205145265373e+05 
9.97288752033408e-02 1.14982094679823e+05 
9.99393100810173e-02 1.15744106002027e+05 
1.00145101097128e-01 1.16282088129234e+05 
1.00356133083696e-01 1.16659368633705e+05 
1.00562493094487e-01 1.16891509081403e+05 
1.00774096556136e-01 1.16995713934722e+05 
1.00981004231760e-01 1.16939176624910e+05 
1.01193157587316e-01 1.16881053581855e+05 
1.01400596020798e-01 1.16805991031083e+05 
1.01613281954695e-01 1.16703326034126e+05 
1.01821238717971e-01 1.16563968811451e+05 
1.02034444224423e-01 1.16370414832802e+05 
1.02242911161224e-01 1.16139811500266e+05 
1.02456627361475e-01 1.15869345166786e+05 
1.02665599924196e-01 1.15576653642654e+05 
1.02879821378354e-01 1.15249666971038e+05 
1.03089296346914e-01 1.14906561940824e+05 
1.03304019533479e-01 1.14534826552267e+05 
1.03513992697887e-01 1.14157957289548e+05 
1.03729214631097e-01 1.13762915194933e+05 
1.03939678701137e-01 1.13372795111432e+05 
1.04155395832745e-01 1.12971704885679e+05 
1.04366319681638e-01 1.12581327897854e+05 
1.04582526946245e-01 1.12184880605466e+05 
1.04793904515316e-01 1.11802917520019e+05 
1.05010217025648e-01 1.11419077824960e+05 
1.05222044256078e-01 1.11051579910450e+05 
1.05438430996893e-01 1.10685886351739e+05 
1.05650700766349e-01 1.10337737697313e+05 
1.05867172276111e-01 1.09994074913830e+05 
1.06079881045592e-01 1.09668193674225e+05 
1.06296450423411e-01 1.09348628718454e+05 
1.06509598344398e-01 1.09046512375014e+05 
1.06726281033660e-01 1.08751958437515e+05 
1.06939873507671e-01 1.08474179573096e+05 
1.07156686816587e-01 1.08204859276048e+05 
1.07370735568034e-01 1.07951639840929e+05 
1.07587697865907e-01 1.07707735371322e+05 
1.07802220436572e-01 1.07479417852197e+05 
1.08019351162655e-01 1.07261314752174e+05 
1.08234369557416e-01 1.07058476975214e+05 
1.08451688858192e-01 1.06866766549058e+05 
1.08667228288704e-01 1.06690024332493e+05 
1.08884755736200e-01 1.06525194730662e+05 
1.09100839928192e-01 1.06374894773909e+05 
1.09318593343479e-01 1.06236877275930e+05 
1.09535240878794e-01 1.06112761756882e+05 
1.09753235846785e-01 1.06000715721449e+05 
1.09970466068433e-01 1.05901827976750e+05 
1.10188713343760e-01 1.05814546443558e+05 
1.10406551126599e-01 1.05738666327320e+05 
1.10625058392830e-01 1.05673454001429e+05 
1.10843535977257e-01 1.05616935733470e+05 
1.11062313779323e-01 1.05568603204529e+05 
1.11281240847071e-01 1.05529205708722e+05 
1.11500298568991e-01 1.05495133992902e+05 
1.11719510701321e-01 1.05464900941472e+05 
1.11938856677707e-01 1.05435393822435e+05 
1.12158362318974e-01 1.05409414252077e+05 
1.12378004200817e-01 1.05380903136439e+05 
1.12597810533797e-01 1.05348350816221e+05 
1.12817755082311e-01 1.05308107834993e+05 
1.13037867916677e-01 1.05264519742174e+05 
1.13258120164801e-01 1.05210075727689e+05 
1.13478543349521e-01 1.05141366240688e+05 
1.13699105873490e-01 1.05056221037447e+05 
1.13919840601626e-01 1.04958927012980e+05 
1.14140713106820e-01 1.04859313269013e+05 
1.14361753194627e-01 1.04729621325194e+05 
1.14582920509479e-01 1.04575601396868e+05 
1.14804080429348e-01 1.04402895051745e+05 
1.15025369106955e-01 1.04213145379917e+05 
1.15246647008155e-01 1.03994710080539e+05 
1.15468055292375e-01 1.03769485159880e+05 
1.15689448928296e-01 1.03544853930234e+05 
1.15910975047438e-01 1.03320221694174e+05 
1.16132482472018e-01 1.03090859431224e+05 
1.16354124074101e-01 1.02857400511666e+05 
1.16575742399183e-01 1.02617231807036e+05 
1.16797496768267e-01 1.02368034148193e+05 
1.17019222738826e-01 1.02109341411281e+05 
1.17241086706184e-01 1.01842983490600e+05 
1.17462916603146e-01 1.01569898430477e+05 
1.17684892161801e-01 1.01290943173338e+05 
1.17906827558589e-01 1.01007180559857e+05 
1.18128919108247e-01 1.00719902728352e+05 
1.18350959143449e-01 1.00431089606967e+05 
1.18573153243719e-01 1.00141766653858e+05 
1.18795291229385e-01 9.98519002379074e+04 
1.19017581682662e-01 9.95657162067905e+04 
1.19239813007994e-01 9.92833679656701e+04 
1.19462190828405e-01 9.90059502269045e+04 
1.19684504043336e-01 9.87347783745329e+04 
1.19906952386627e-01 9.84716687088389e+04 
1.20129328568765e-01 9.82150277430713e+04 
1.20351802017106e-01 9.79633137235995e+04 
1.20574207852663e-01 9.77211344623825e+04 
1.20796710280861e-01 9.74885699695295e+04 
1.21019139952886e-01 9.72672740356503e+04 
1.21241673869960e-01 9.70568837467496e+04 
1.21464141792132e-01 9.68587311961100e+04 
1.21686714522237e-01 9.66731512973363e+04 
1.21909222116419e-01 9.64991065843708e+04 
1.22131824745617e-01 9.63336492416279e+04 
1.22354363765768e-01 9.61762134528300e+04 
1.22577007933244e-01 9.60255769749970e+04 
1.22799598331283e-01 9.58800341361878e+04 
1.23022321698214e-01 9.57387874959203e+04 
1.23244998289431e-01 9.55984534505381e+04 
1.23467755708135e-01 9.54615735196333e+04 
1.23690428503822e-01 9.53177359007917e+04 
1.23913141962140e-01 9.51689868321883e+04 
1.24135790775849e-01 9.50139593544712e+04 
1.24358487966981e-01 9.48563928923442e+04 
1.24581141297133e-01 9.47014245926718e+04 
1.24803859181615e-01 9.45439663743330e+04 
1.25026523385443e-01 9.43853859557116e+04 
1.25249273656305e-01 9.42218959455107e+04 
1.25472081313927e-01 9.40524644981668e+04 
1.25695059927935e-01 9.38799143827658e+04 
1.25918075844104e-01 9.37043716811174e+04 
1.26141234596056e-01 9.35260390870331e+04 
1.26364372639443e-01 9.33460165276180e+04 
1.26587612342518e-01 9.31650983114882e+04 
1.26810748253143e-01 9.29840695884305e+04 
1.27033927662415e-01 9.28036258608907e+04 
1.27256961989567e-01 9.26245200970051e+04 
1.27480023877595e-01 9.24473067481542e+04 
1.27702948376622e-01 9.22726400804663e+04 
1.27925918226010e-01 9.21009624267308e+04 
1.28148775310786e-01 9.19328208016220e+04 
1.28371703289847e-01 9.17685263364915e+04 
1.28594537418530e-01 9.16084697598721e+04 
1.28817461844879e-01 9.14528488061469e+04 
1.29040300961994e-01 9.13018727203614e+04 
1.29263241334675e-01 9.11555778251757e+04 
1.29486098068505e-01 9.10140625258791e+04 
1.29709066175921e-01 9.08771910856989e+04 
1.29931949712328e-01 9.07449435227914e+04 
1.30154951535779e-01 9.06170735696544e+04 
1.30377860186443e-01 9.04934274903999e+04 
1.30600893856564e-01 9.03737066658146e+04 
1.30823832184798e-01 9.02576625077166e+04 
1.31046916717918e-01 9.01449122468274e+04 
1.31269904350835e-01 9.00351570833401e+04 
1.31493046938455e-01 8.99279856808047e+04 
1.31716091223207e-01 8.98230766470028e+04 
1.31939290862703e-01 8.97200467153616e+04 
1.32162386501454e-01 8.96186026251425e+04 
1.32385635752025e-01 8.95183780713535e+04 
1.32608775374994e-01 8.94191125151001e+04 
1.32832068110647e-01 8.93204727724859e+04 
1.33055245132003e-01 8.92222884236065e+04 
1.33278574250066e-01 8.91243279896674e+04 
1.33501782240108e-01 8.90265136961610e+04 
1.33725136387284e-01 8.89286361243676e+04 
1.33948368207581e-01 8.88307281962472e+04 
1.34171737681331e-01 8.87327129377620e+04 
1.34394985977075e-01 8.86348312400249e+04 
1.34618359064618e-01 8.85370413242035e+04 
1.34841610250250e-01 8.84395571129293e+04 
1.35064969675380e-01 8.83425164835098e+04 
1.35288203418830e-01 8.82463187924881e+04 
1.35511518466418e-01 8.81509868329307e+04 
1.35734645107573e-01 8.80568428918868e+04 
1.35957909935027e-01 8.79644208477738e+04 
1.36181003513532e-01 8.78741496854540e+04 
1.36404208623074e-01 8.77840159884437e+04 
1.36627280164571e-01 8.76986364383982e+04 
1.36850436882909e-01 8.76174212682189e+04 
1.37073500255929e-01 8.75395583672563e+04 
1.37296655691729e-01 8.74665593613345e+04 
1.37519746195997e-01 8.73937817925174e+04 
1.37742942121699e-01 8.73202347326146e+04 
1.37966093673228e-01 8.72475959452711e+04 
1.38189365313552e-01 8.71755324667308e+04 
1.38412607332777e-01 8.71081820789323e+04 
1.38635982092466e-01 8.70476565572910e+04 
1.38859336815249e-01 8.69947486951392e+04 
1.39082834767827e-01 8.69509924633566e+04 
1.39306319896762e-01 8.69169960610354e+04 
1.39529958309437e-01 8.68927957224980e+04 
1.39753590470607e-01 8.68806901413880e+04 
1.39977386548009e-01 8.68822326275695e+04 
1.40201182651598e-01 8.68951956569210e+04 
1.40425154152800e-01 8.69262657461761e+04 
1.40649131999412e-01 8.69760391003383e+04 
1.40873295960152e-01 8.70438287501085e+04 
1.41097471866435e-01 8.71280742037948e+04 
1.41321842928524e-01 8.72316469960100e+04 
1.41546230327175e-01 8.73548097285908e+04 
1.41770819991186e-01 8.75022937489294e+04 
1.41995428786435e-01 8.76736101817212e+04 
1.42220245137993e-01 8.78677072912499e+04 
1.42445082079560e-01 8.80846360530140e+04 
1.42670129978263e-01 8.83232116624402e+04 
1.42895198321886e-01 8.85795271362048e+04 
1.43120478622395e-01 8.88504856900451e+04 
1.43345777557288e-01 8.91327335611907e+04 
1.43571286873568e-01 8.94185434820540e+04 
1.43796811974243e-01 8.97006070219030e+04 
1.44022543405404e-01 8.99811993209280e+04 
1.44248287254152e-01 9.02392102831071e+04 
1.44474231730391e-01 9.04715953427179e+04 
1.44700187415108e-01 9.06743208172182e+04 
1.44926337671415e-01 9.08647739570019e+04 
1.45152496305932e-01 9.09922991045773e+04 
1.45378834307102e-01 9.10703951934262e+04 
1.45605172756370e-01 9.11063679572585e+04 
1.45831652933697e-01 9.10655961167464e+04 
1.46058130074547e-01 9.10217086173397e+04 
1.46284735111995e-01 9.09752741607226e+04 
1.46511326415099e-01 9.09180402092212e+04 
1.46738038388196e-01 9.08453551494419e+04 
1.46964733047574e-01 9.07458280145984e+04 
1.47191544678730e-01 9.06116316470263e+04 
1.47418339384109e-01 9.04444008400576e+04 
1.47645253346948e-01 9.02515308676452e+04 
1.47872154804890e-01 9.00373361720351e+04 
1.48099182351187e-01 8.98049218016742e+04 
1.48326206705958e-01 8.95574901693418e+04 
1.48553363950820e-01 8.92979002481280e+04 
1.48780529913096e-01 8.90291801798074e+04 
1.49007834372799e-01 8.87503992697179e+04 
1.49235160990639e-01 8.84698889438616e+04 
1.49462633725745e-01 8.81895499932511e+04 
1.49690143283826e-01 8.79093084069547e+04 
1.49917811179142e-01 8.76320761772324e+04 
1.50145531466570e-01 8.73567139920844e+04 
1.50373420348898e-01 8.70891815810803e+04 
1.50601376202915e-01 8.68284470135408e+04 
1.50829504758349e-01 8.65786926733952e+04 
1.51057716111374e-01 8.63357107343287e+04 
1.51286101629979e-01 8.60964898080140e+04 
1.51514585752472e-01 8.58634412523110e+04 
1.51743244342234e-01 8.56370589390973e+04 
1.51972019789503e-01 8.54189455035727e+04 
1.52200966270199e-01 8.52099898094747e+04 
1.52430048831692e-01 8.50127764507401e+04 
1.52659306269241e-01 8.48293693027208e+04 
1.52888716997637e-01 8.46604289377472e+04 
1.53118309780746e-01 8.45043655920794e+04 
1.53348070595003e-01 8.43596417382164e+04 
1.53578017991863e-01 8.42263196004091e+04 
1.53808146745981e-01 8.41039117052626e+04 
1.54038463629339e-01 8.39923599769051e+04 
1.54268972789458e-01 8.38914074627995e+04 
1.54499671487126e-01 8.38008115802868e+04 
1.54730570410343e-01 8.37203399488920e+04 
1.54961657877362e-01 8.36499503189037e+04 
1.55192951888579e-01 8.35896782153851e+04 
1.55424436480481e-01 8.35394002832015e+04 
1.55656132078847e-01 8.34991829493895e+04 
1.55888018799189e-01 8.34690222664842e+04 
1.56120120574585e-01 8.34488634370729e+04 
1.56265554713876e-01 8.34412879116648e+04 
1.56419332983794e-01 8.34374874385109e+04 
1.56579404385181e-01 8.34380661110409e+04 
1.56746957853393e-01 8.34436045207300e+04 
1.56922335638666e-01 8.34547196731439e+04 
1.57105713989667e-01 8.34721147976764e+04 
1.57300680279481e-01 8.34969562014246e+04 
1.57505813427616e-01 8.35300480533610e+04 
1.57717925087872e-01 8.35715762538456e+04 
1.57934600972547e-01 8.36214977928681e+04 
1.58154405407511e-01 8.36796345973087e+04 
1.58377379429452e-01 8.37460912490124e+04 
1.58603416455449e-01 8.38208506363842e+04 
1.58832885931454e-01 8.39040668226581e+04 
1.59064952579131e-01 8.39953629171788e+04 
1.59297325763788e-01 8.40936272379818e+04 
1.59530123474467e-01 8.41985292305420e+04 
1.59763038888980e-01 8.43095664682802e+04 
1.59996118955246e-01 8.44263276275662e+04 
1.60229088231062e-01 8.45482597808135e+04 
1.60462042606648e-01 8.46749426313166e+04 
1.60694796184747e-01 8.48058305082845e+04 
1.60927442630498e-01 8.49404903858788e+04 
1.61159871581772e-01 8.50784025997958e+04 
1.61392199664880e-01 8.52191518725483e+04 
1.61624324554724e-01 8.53622244737411e+04 
1.61856378282328e-01 8.55072326250594e+04 
1.62088250879581e-01 8.56536707795790e+04 
1.62320079681362e-01 8.58011855437018e+04 
1.62551752610497e-01 8.59492976038898e+04 
1.62783403205704e-01 8.60977030655361e+04 
1.63014920974356e-01 8.62459765867671e+04 
1.63246431544366e-01 8.63938871579207e+04 
1.63477827296699e-01 8.65410957944948e+04 
1.63709226395273e-01 8.66874779232745e+04 
1.63940523876154e-01 8.68328026725418e+04 
1.64171833248111e-01 8.69770728366447e+04 
1.64403047511380e-01 8.71201801548400e+04 
1.64634284868733e-01 8.72622663313210e+04 
1.64865428723589e-01 8.74033632349234e+04 
1.65096603701961e-01 8.75437741946343e+04 
1.65327686923849e-01 8.76836724246097e+04 
1.65558803727416e-01 8.78234957556374e+04 
1.65789834823787e-01 8.79635412667480e+04 
1.66020902954765e-01 8.81043832920020e+04 
1.66251896258989e-01 8.82463941683661e+04 
1.66482929981739e-01 8.83901641872734e+04 
1.66713899335421e-01 8.85362225582461e+04 
1.66944913725595e-01 8.86850197170787e+04 
1.67175872745119e-01 8.88371617445097e+04 
1.67406880924161e-01 8.89933724971658e+04 
1.67637842229394e-01 8.91534383442971e+04 
1.67868857075003e-01 8.93191324369099e+04 
1.68099834575308e-01 8.94910992267794e+04 
1.68330870694410e-01 8.96673024027882e+04 
1.68561840658824e-01 8.98515680259145e+04 
1.68792848098999e-01 9.00428615943808e+04 
1.69023761295611e-01 9.02407090896235e+04 
1.69254716282508e-01 9.04430661155157e+04 
1.69485583379409e-01 9.06489720601212e+04 
1.69716496463566e-01 9.08588873945233e+04 
1.69947331951740e-01 9.10735163492584e+04 
1.70178212671368e-01 9.12942730746288e+04 
1.70409020452750e-01 9.15196931721917e+04 
1.70639847784700e-01 9.17485046128556e+04 
1.70870658882883e-01 9.19805326399575e+04 
1.71101533186537e-01 9.22147456551238e+04 
1.71329966541461e-01 9.24477061189789e+04 
1.71560861873219e-01 9.26835409491180e+04 
1.71791737322668e-01 9.29186420492431e+04 
1.72022660753404e-01 9.31521143136976e+04 
1.72253548511615e-01 9.33828295862822e+04 
1.72484286318591e-01 9.36097321955495e+04 
1.72714693751516e-01 9.38314679964599e+04 
1.72944868382964e-01 9.40473884636356e+04 
1.73174885891334e-01 9.42575317836803e+04 
1.73404907076527e-01 9.44623173677110e+04 
1.73634952858233e-01 9.46565665065852e+04 
1.73865097902484e-01 9.48435192842453e+04 
1.74087277853320e-01 9.50120101897617e+04 
1.74317499875985e-01 9.51766612709407e+04 
1.74547657589096e-01 9.53317403754593e+04 
1.74777692060158e-01 9.54801903452363e+04 
1.75002288569016e-01 9.56160821506679e+04 
1.75231589170833e-01 9.57461255827862e+04 
1.75456780346615e-01 9.58656628695117e+04 
1.75684750198069e-01 9.59806255472063e+04 
1.75904916349471e-01 9.60846745515893e+04 
1.76131740901241e-01 9.61868701320819e+04 
1.76348838490047e-01 9.62779498320810e+04 
1.76574433621377e-01 9.63703087423735e+04 
1.76787873668750e-01 9.64527010782606e+04 
1.77009911403024e-01 9.65368414082890e+04 
1.77220332431750e-01 9.66132144791521e+04 
1.77439244926639e-01 9.66913371190108e+04 
1.77646976546774e-01 9.67635574346362e+04 
1.77863060352827e-01 9.68369596098648e+04 
1.78068453078337e-01 9.69066195965281e+04 
1.78282013292513e-01 9.69779245982391e+04 
1.78485367242139e-01 9.70459528498875e+04 
1.78696676247455e-01 9.71159995059876e+04 
1.78898244405103e-01 9.71832288098044e+04 
1.79107544925280e-01 9.72530970496433e+04 
1.79307554017727e-01 9.73201256878103e+04 
1.79515072345795e-01 9.73896529501415e+04 
1.79713725896740e-01 9.74563874977532e+04 
1.79919671162320e-01 9.75255552930290e+04 
1.80117150234388e-01 9.75919439848198e+04 
1.80321712665759e-01 9.76604982215392e+04 
1.80518178634303e-01 9.77261309710638e+04 
1.80721532306512e-01 9.77935345853535e+04 
1.80917132835253e-01 9.78577428397405e+04 
1.81119439604501e-01 9.79232823047431e+04 
1.81314311042142e-01 9.79854321332206e+04 
1.81515721470599e-01 9.80484296857029e+04 
1.81709989303311e-01 9.81078542651771e+04 
1.81910642952514e-01 9.81676373198471e+04 
1.82104421172030e-01 9.82237599309536e+04 
1.82304445397772e-01 9.82797923245510e+04 
1.82497834194983e-01 9.83320421095507e+04 
1.82697342025429e-01 9.83838723751395e+04 
1.82890431380590e-01 9.84319536812838e+04 
1.83089524544761e-01 9.84794437830496e+04 
1.83282390593452e-01 9.85235275413136e+04 
1.83481156235249e-01 9.85669282456404e+04 
1.83673863593945e-01 9.86071722792954e+04 
1.83872377077009e-01 9.86468170773819e+04 
1.84064984434218e-01 9.86837020183180e+04 
1.84263316205543e-01 9.87202267930502e+04 
1.84455883675564e-01 9.87544273352845e+04 
1.84654103682544e-01 9.87885973897886e+04 
1.84846691679617e-01 9.88209794978734e+04 
1.85044868506167e-01 9.88537485313947e+04 
1.85237536929058e-01 9.88853106477470e+04 
1.85435737501378e-01 9.89176869256873e+04 
1.85628552979116e-01 9.89493831215675e+04 
1.85826847620699e-01 9.89822518709254e+04 
1.86019877405739e-01 9.90148209218851e+04 
1.86218336446016e-01 9.90488989163882e+04 
1.86411645160128e-01 9.90829701878834e+04 
1.86610335099125e-01 9.91189448249270e+04 
1.86803966633843e-01 9.91551855936453e+04 
1.87002544650111e-01 9.91937876385350e+04 
1.87196162595627e-01 9.92326954683221e+04 
1.87395435733034e-01 9.92733810992473e+04 
1.87589704995930e-01 9.93130333811762e+04 
1.87789427832525e-01 9.93556607195943e+04 
1.87984071096409e-01 9.93991185900317e+04 
1.88184024006505e-01 9.94449984506631e+04 
1.88379102990769e-01 9.94902032644802e+04 
1.88579350913095e-01 9.95370413895367e+04 
1.88774932073118e-01 9.95830747985299e+04 
1.88975508102552e-01 9.96303411397407e+04 
1.89171604762683e-01 9.96762925956018e+04 
1.89372604603194e-01 9.97227891826888e+04 
1.89569297450043e-01 9.97674006666050e+04 
1.89770810102986e-01 9.98118336500204e+04 
1.89968173292529e-01 9.98537750246821e+04 
1.90170271250931e-01 9.98947268933740e+04 
1.90368362144852e-01 9.99325452657153e+04 
1.90571093050631e-01 9.99684236912689e+04 
1.90769951669779e-01 1.00000508731680e+05 
1.90973345416733e-01 1.00029747369799e+05 
1.91172999320809e-01 1.00054567348817e+05 
1.91376911165316e-01 1.00075430267343e+05 
1.91577221017978e-01 1.00091381933655e+05 
1.91781982809476e-01 1.00102634561345e+05 
1.91983231560119e-01 1.00108213688772e+05 
1.92188752724956e-01 1.00107774430864e+05 
1.92390879100860e-01 1.00101042393295e+05 
1.92597018003065e-01 1.00088285977575e+05 
1.92799983996846e-01 1.00068936590809e+05 
1.93006726015463e-01 1.00041610232048e+05 
1.93210540259908e-01 1.00007033454895e+05 
1.93417902904574e-01 9.99642730919682e+04 
1.93622584627672e-01 9.99201082108315e+04 
1.93831059165693e-01 9.98650963313550e+04 
1.94035503108364e-01 9.98028674289482e+04 
1.94244081207726e-01 9.97329250453048e+04 
1.94449430731831e-01 9.96589259844640e+04 
1.94658597954196e-01 9.95800423409597e+04 
1.94864768600766e-01 9.94952710688654e+04 
1.95074446144389e-01 9.94102885642616e+04 
1.95281476382394e-01 9.93280912138887e+04 
1.95491659965782e-01 9.92461750986554e+04 
1.95617414585421e-01 9.91972187588816e+04 
1.95748488092876e-01 9.91463003492592e+04 
1.95884969588385e-01 9.90928349838975e+04 
1.96008739661324e-01 9.90436837098019e+04 
1.96138359484390e-01 9.89917914495227e+04 
1.96273936552195e-01 9.89368200257556e+04 
1.96403528568066e-01 9.88843370463190e+04 
1.96539809501698e-01 9.88292391774373e+04 
1.96682850441422e-01 9.87718727131103e+04 
1.96811263377755e-01 9.87206157037816e+04 
1.96948229788229e-01 9.86664385353809e+04 
1.97079609241033e-01 9.86149265972849e+04 
1.97215062416693e-01 9.85625086405853e+04 
1.97353734453125e-01 9.85069590144040e+04 
1.97491115119501e-01 9.84537969615747e+04 
1.97628655035035e-01 9.84027623518100e+04 
1.97769212038472e-01 9.83521412983105e+04 
1.97908531205939e-01 9.83037467058477e+04 
1.98050764295267e-01 9.82554598836609e+04 
1.98191530785286e-01 9.82093923995942e+04 
1.98334393697626e-01 9.81636705797021e+04 
1.98476867460779e-01 9.81195862841465e+04 
1.98621447240575e-01 9.80760044302919e+04 
1.98765510517721e-01 9.80366227012615e+04 
1.98911789021037e-01 9.79975501490649e+04 
1.99057516337486e-01 9.79579907323729e+04 
1.99205611876646e-01 9.79183995761848e+04 
1.99353137846498e-01 9.78787643886060e+04 
1.99503208110800e-01 9.78389561247401e+04 
1.99652696409546e-01 9.78001706298235e+04 
1.99804911368748e-01 9.77626707709810e+04 
1.99956497487938e-01 9.77271653597438e+04 
2.00110995100242e-01 9.76930862267712e+04 
