# Liste des scalaires : TEMPS pmat 
0.00000000000000e+00 1.00000000000000e+05 
7.22956891292051e-05 1.00000000000000e+05 
1.33121779621888e-04 1.00000000000000e+05 
1.91350121636138e-04 1.00000000000000e+05 
2.48205202971463e-04 1.00000000000000e+05 
3.04378416912491e-04 1.00000000000000e+05 
3.57716908235295e-04 1.00000000000000e+05 
4.13432067493875e-04 1.00000000000000e+05 
4.70293840067834e-04 1.00000000000000e+05 
5.18474368751154e-04 1.00000000000000e+05 
5.67650751085564e-04 1.00000000000000e+05 
6.21744771653416e-04 1.00000000000000e+05 
6.80800695681292e-04 1.00000000000000e+05 
7.28444917083979e-04 1.00000000000000e+05 
7.80853560626934e-04 1.00000000000000e+05 
8.28660090392020e-04 1.00000000000000e+05 
8.78101011915257e-04 1.00000000000000e+05 
9.29006893777539e-04 1.00000000000000e+05 
9.85003363826050e-04 1.00000000000000e+05 
1.03483144803409e-03 1.00000000000000e+05 
1.08793520289123e-03 1.00000000000000e+05 
1.13962349501914e-03 1.00000000000000e+05 
1.19236657535818e-03 1.00000000000000e+05 
1.24608865403486e-03 1.00000000000000e+05 
1.30351940855569e-03 1.00000000000000e+05 
1.35691908256608e-03 1.00000000000000e+05 
1.41235170128389e-03 1.00000000000000e+05 
1.46930541993255e-03 1.00000000000000e+05 
1.53071813847966e-03 1.00000000000000e+05 
1.58628320506233e-03 1.00000000000000e+05 
1.64451380262301e-03 1.00000000000000e+05 
1.70188986183445e-03 1.00000000000000e+05 
1.75983196158942e-03 1.00000000000000e+05 
1.81756271282903e-03 1.00000000000000e+05 
1.87813574793314e-03 1.00000000000000e+05 
1.93758261651172e-03 1.00000000000000e+05 
1.99767325128919e-03 1.00000000000000e+05 
2.05748837319917e-03 1.00000000000000e+05 
2.12008379832702e-03 1.00000000000000e+05 
2.18480064275783e-03 1.00000000000000e+05 
2.25426318273205e-03 1.00000000000000e+05 
2.31630587493824e-03 1.00000000000000e+05 
2.38115187274034e-03 1.00000000000000e+05 
2.44825354203274e-03 1.00000000000000e+05 
2.51995382994928e-03 1.00000000000000e+05 
2.58417588388033e-03 1.00000000000000e+05 
2.65088574234260e-03 1.00000000000000e+05 
2.71652726650126e-03 1.00000000000000e+05 
2.78310436038655e-03 1.00000000000000e+05 
2.85017201261097e-03 1.00000000000000e+05 
2.91947638585389e-03 1.00000000000000e+05 
2.98833131256128e-03 1.00000000000000e+05 
3.05793119730403e-03 1.00000000000000e+05 
3.12796241410031e-03 1.00000000000000e+05 
3.19998932290565e-03 1.00000000000000e+05 
3.27172139001702e-03 1.00000000000000e+05 
3.34414478044579e-03 1.00000000000000e+05 
3.41697879170248e-03 1.00000000000000e+05 
3.49163791203642e-03 1.00000000000000e+05 
3.56620030979888e-03 1.00000000000000e+05 
3.64139984096266e-03 1.00000000000000e+05 
3.71697150319316e-03 1.00000000000000e+05 
3.79421134710315e-03 1.00000000000000e+05 
3.87165063591264e-03 1.00000000000000e+05 
3.94965307319904e-03 1.00000000000000e+05 
4.02796476379425e-03 1.00000000000000e+05 
4.10778268092617e-03 1.00000000000000e+05 
4.18815728454897e-03 1.00000000000000e+05 
4.26900184087300e-03 1.00000000000000e+05 
4.35007601903302e-03 1.00000000000000e+05 
4.43248577889989e-03 1.00000000000000e+05 
4.51585546648389e-03 1.00000000000000e+05 
4.59958573062819e-03 1.00000000000000e+05 
4.68345622507937e-03 1.00000000000000e+05 
4.76848807035574e-03 1.00000000000000e+05 
4.85564558773915e-03 1.00000000000000e+05 
4.94574881099636e-03 1.00000000000000e+05 
5.03248414879565e-03 1.00000000000000e+05 
5.12022615446405e-03 1.00000000000000e+05 
5.20985376867752e-03 1.00000000000000e+05 
5.30222049353314e-03 1.00000000000000e+05 
5.39144219413025e-03 1.00000000000000e+05 
5.48158376682398e-03 1.00000000000000e+05 
5.57341833879230e-03 1.00000000000000e+05 
5.66780169961724e-03 1.00000000000000e+05 
5.75980945589461e-03 1.00000000000000e+05 
5.85303165926027e-03 1.00000000000000e+05 
5.94717943102711e-03 1.00000000000000e+05 
6.04304736148365e-03 1.00000000000000e+05 
6.13819349977402e-03 1.00000000000000e+05 
6.23420158908928e-03 1.00000000000000e+05 
6.33070831503310e-03 1.00000000000000e+05 
6.42842955966383e-03 1.00000000000000e+05 
6.52667177899461e-03 1.00000000000000e+05 
6.62548269003659e-03 1.00000000000000e+05 
6.72457255313337e-03 1.00000000000000e+05 
6.82465696031497e-03 1.00000000000000e+05 
6.92652927772155e-03 1.00000000000000e+05 
7.03104052941437e-03 1.00000000000000e+05 
7.13309301350472e-03 1.00000000000000e+05 
7.23641604905733e-03 1.00000000000000e+05 
7.34065795978965e-03 1.00000000000000e+05 
7.44645946160711e-03 1.00000000000000e+05 
7.55176073098164e-03 1.00000000000000e+05 
7.65790404477514e-03 1.00000000000000e+05 
7.76453186360513e-03 1.00000000000000e+05 
7.87226736488229e-03 1.00000000000000e+05 
7.98193224721764e-03 1.00000000000000e+05 
8.09435250112039e-03 1.00000000000000e+05 
8.20373463708264e-03 1.00000000000000e+05 
8.31450013272246e-03 1.00000000000000e+05 
8.42626195039895e-03 1.00000000000000e+05 
8.53953697208137e-03 1.00000000000000e+05 
8.65551083806107e-03 1.00000000000000e+05 
8.77472231032345e-03 1.00000000000000e+05 
8.88857519242149e-03 1.00000000000000e+05 
9.00350737903588e-03 1.00000000000000e+05 
9.12027307471262e-03 1.00000000000000e+05 
9.23971813276673e-03 1.00000000000000e+05 
9.35573041306321e-03 1.00000000000000e+05 
9.47317024250592e-03 1.00000000000000e+05 
9.59164057029932e-03 1.00000000000000e+05 
9.71157404189894e-03 1.00000000000000e+05 
9.83378663027357e-03 1.00000000000000e+05 
9.95901239659472e-03 1.00000000000000e+05 
1.00794526223928e-02 1.00000000000000e+05 
1.02015216685803e-02 1.00000000000000e+05 
1.03247385207750e-02 1.00000000000000e+05 
1.04493913312221e-02 1.00000000000000e+05 
1.05765018849818e-02 1.00000000000000e+05 
1.07066895115985e-02 1.00000000000000e+05 
1.08315928348673e-02 1.00000000000000e+05 
1.09581752208124e-02 1.00000000000000e+05 
1.10859195375131e-02 1.00000000000000e+05 
1.12150670104178e-02 1.00000000000000e+05 
1.13466464728277e-02 1.00000000000000e+05 
1.14813061151833e-02 1.00000000000000e+05 
1.16103831387870e-02 1.00000000000000e+05 
1.17411423372705e-02 1.00000000000000e+05 
1.18730326855368e-02 1.00000000000000e+05 
1.20062120044571e-02 1.00000000000000e+05 
1.21416576229717e-02 1.00000000000000e+05 
1.22800691579066e-02 1.00000000000000e+05 
1.24130442852296e-02 1.00000000000000e+05 
1.25476428875762e-02 1.00000000000000e+05 
1.26832995252674e-02 1.00000000000000e+05 
1.28200873996535e-02 1.00000000000000e+05 
1.29588872339281e-02 1.00000000000000e+05 
1.31004478656202e-02 1.00000000000000e+05 
1.32371016517066e-02 1.00000000000000e+05 
1.33752631680136e-02 1.00000000000000e+05 
1.35143934451403e-02 1.00000000000000e+05 
1.36545631854665e-02 1.00000000000000e+05 
1.37963962424841e-02 1.00000000000000e+05 
1.39407948510496e-02 1.00000000000000e+05 
1.40884997429132e-02 1.00000000000000e+05 
1.42397060834169e-02 1.00000000000000e+05 
1.43825320338850e-02 1.00000000000000e+05 
1.45271472474251e-02 1.00000000000000e+05 
1.46729086803467e-02 1.00000000000000e+05 
1.48196180178625e-02 1.00000000000000e+05 
1.49681737880292e-02 1.00000000000000e+05 
1.51193337671402e-02 1.00000000000000e+05 
1.52741781669286e-02 1.00000000000000e+05 
1.54326219282699e-02 1.00000000000000e+05 
1.55810983902022e-02 1.00000000000000e+05 
1.57302402075580e-02 1.00000000000000e+05 
1.58806544834560e-02 1.00000000000000e+05 
1.60334653593815e-02 1.00000000000000e+05 
1.61889336550676e-02 1.00000000000000e+05 
1.63472046005732e-02 1.00000000000000e+05 
1.64985594804807e-02 1.00000000000000e+05 
1.66513990524715e-02 1.00000000000000e+05 
1.68050950586855e-02 1.00000000000000e+05 
1.69593000632290e-02 1.00000000000000e+05 
1.71145894314296e-02 1.00000000000000e+05 
1.72721162200636e-02 1.00000000000000e+05 
1.74320386274256e-02 1.00000000000000e+05 
1.75945559011387e-02 1.00000000000000e+05 
1.77604447973598e-02 1.00000000000000e+05 
1.79294144378414e-02 1.00000000000000e+05 
1.80868785603529e-02 1.00000000000000e+05 
1.82458493128422e-02 1.00000000000000e+05 
1.84056129314652e-02 1.00000000000000e+05 
1.85656660733742e-02 1.00000000000000e+05 
1.87270382728381e-02 1.00000000000000e+05 
1.88905434751173e-02 1.00000000000000e+05 
1.90571561036278e-02 1.00000000000000e+05 
1.92268276011231e-02 1.00000000000000e+05 
1.94011846156580e-02 1.00000000000000e+05 
1.95621861591930e-02 1.00000000000000e+05 
1.97246091625512e-02 1.00000000000000e+05 
1.98866282299743e-02 1.00000000000000e+05 
2.00510932680630e-02 1.00000000000000e+05 
2.02169028019852e-02 1.00000000000000e+05 
2.03840706146916e-02 1.00000000000000e+05 
2.05565859438302e-02 1.00000000000000e+05 
2.07259952757057e-02 1.00000000000000e+05 
2.08949538657541e-02 1.00000000000000e+05 
2.10665234175995e-02 1.00000000000000e+05 
2.12409286435588e-02 1.00000000000000e+05 
2.14199554367575e-02 1.00000000000000e+05 
2.16027872313892e-02 1.00000000000000e+05 
2.17927442626560e-02 1.00000000000000e+05 
2.19877557185538e-02 1.00000000000000e+05 
2.21911613772183e-02 1.00000000000000e+05 
2.23943927198161e-02 1.00000000000000e+05 
2.25700685812110e-02 1.00000000000000e+05 
2.27484295757959e-02 1.00000000000000e+05 
2.29284635552682e-02 1.00000000000000e+05 
2.31090426050968e-02 1.00000000000000e+05 
2.32894387153322e-02 1.00000000000000e+05 
2.34710853064474e-02 1.00902854301529e+05 
2.36540279316339e-02 1.05082920063536e+05 
2.38389206206855e-02 1.14854403700406e+05 
2.40231880930145e-02 1.33115362935012e+05 
2.42069332679692e-02 1.58061954736739e+05 
2.43910103774518e-02 1.87472772776800e+05 
2.45756629854445e-02 2.22656486930941e+05 
2.47618127781826e-02 2.49225907447012e+05 
2.49498260827725e-02 2.67599280576418e+05 
2.51406694979229e-02 2.78443428080714e+05 
2.53345745259855e-02 2.78401378089323e+05 
2.55325855098529e-02 2.77408645412036e+05 
2.57208287376235e-02 2.75298897370990e+05 
2.59141219840352e-02 2.71708069732871e+05 
2.61073737542182e-02 2.66042524662816e+05 
2.63020253322632e-02 2.59479647490971e+05 
2.64975209110944e-02 2.52534243664432e+05 
2.66939664179506e-02 2.45625561891209e+05 
2.68912849318893e-02 2.39075279883233e+05 
2.70895181872968e-02 2.33076359434749e+05 
2.72885934310705e-02 2.27726609289149e+05 
2.74886012209610e-02 2.23025619980490e+05 
2.76895327995488e-02 2.18930935243238e+05 
2.78915586244351e-02 2.15356936525992e+05 
2.80864421263584e-02 2.12300147828114e+05 
2.82909064906552e-02 2.09394115961150e+05 
2.84891238553742e-02 2.06778750113798e+05 
2.86938930129844e-02 2.04186292766022e+05 
2.88887561870435e-02 2.01778470770238e+05 
2.90943945961680e-02 1.99259607381634e+05 
2.92856575956254e-02 1.96916647957112e+05 
2.94914788087959e-02 1.94373769537175e+05 
2.96796571085394e-02 1.92029034491068e+05 
2.98851846964094e-02 1.89448673612839e+05 
3.00705320802096e-02 1.87109934142098e+05 
3.02740921561487e-02 1.84551662326257e+05 
3.04567556073316e-02 1.82268206606087e+05 
3.06576470313652e-02 1.79776590668872e+05 
3.08377714920699e-02 1.77564179016746e+05 
3.10359083988450e-02 1.75174602010186e+05 
3.12136457060606e-02 1.73059727417933e+05 
3.14064920640776e-02 1.70794947707025e+05 
3.15816685940226e-02 1.68769469902183e+05 
3.17705991379603e-02 1.66623841039589e+05 
3.19420503810063e-02 1.64814027739093e+05 
3.21262131288839e-02 1.63032370855719e+05 
3.22942555899626e-02 1.61580171906047e+05 
3.24743131769912e-02 1.60240288159817e+05 
3.26395579607846e-02 1.59224287635694e+05 
3.28161604038468e-02 1.58392564222181e+05 
3.29789843999824e-02 1.57801844830727e+05 
3.31525295679642e-02 1.57348996096086e+05 
3.33131824426475e-02 1.57086997001547e+05 
3.34827724301651e-02 1.56957268129168e+05 
3.36414365550234e-02 1.56960897552738e+05 
3.38030640944296e-02 1.57079379839400e+05 
3.39599109890867e-02 1.57283570419529e+05 
3.41258210193028e-02 1.57573651196579e+05 
3.42810577451564e-02 1.57895255962889e+05 
3.44448127243580e-02 1.58266238303053e+05 
3.45985098206007e-02 1.58622631594425e+05 
3.47605282259791e-02 1.58985120025990e+05 
3.49132621976544e-02 1.59293381360834e+05 
3.50740593570063e-02 1.59565120467594e+05 
3.52259837095718e-02 1.59756433701482e+05 
3.53857276723697e-02 1.59875022111228e+05 
3.55369248859425e-02 1.59899491805153e+05 
3.56957151744584e-02 1.59826799312802e+05 
3.58462460209626e-02 1.59660591818300e+05 
3.60044273718934e-02 1.59383204801561e+05 
3.61547807082513e-02 1.59021699802090e+05 
3.63127867364151e-02 1.58544438951013e+05 
3.64631438678559e-02 1.58002200453176e+05 
3.66211819810806e-02 1.57348129427781e+05 
3.67716752073719e-02 1.56651711814527e+05 
3.69296209120692e-02 1.55855672566341e+05 
3.70799014586312e-02 1.55045767577225e+05 
3.72374969221778e-02 1.54149282814794e+05 
3.73874643625168e-02 1.53259541775952e+05 
3.75448828561873e-02 1.52293281506140e+05 
3.76949438517465e-02 1.51345758189718e+05 
3.78522669995468e-02 1.50336938158670e+05 
3.80021258549047e-02 1.49343362049111e+05 
3.81591369909157e-02 1.48303096711149e+05 
3.83087691481408e-02 1.47327404131822e+05 
3.84657194915480e-02 1.46326855583512e+05 
3.86156070529152e-02 1.45382023830507e+05 
3.87726545097274e-02 1.44404343581010e+05 
3.89223921189546e-02 1.43487919308058e+05 
3.90793080135435e-02 1.42544839979546e+05 
3.92288098723276e-02 1.41662191063983e+05 
3.93853842282687e-02 1.40753657888971e+05 
3.95346041120862e-02 1.39901938941439e+05 
3.96910991350092e-02 1.39023881362722e+05 
3.98405604412193e-02 1.38200346574379e+05 
3.99971446090119e-02 1.37349451399977e+05 
4.01465289441232e-02 1.36548125064445e+05 
4.03029476891935e-02 1.35720371944101e+05 
4.04522113997846e-02 1.34940276213302e+05 
4.06084308373198e-02 1.34133760378541e+05 
4.07575761464057e-02 1.33371626583459e+05 
4.09135995569460e-02 1.32582748726993e+05 
4.10626357813298e-02 1.31836772246092e+05 
4.12184736717682e-02 1.31066257769120e+05 
4.13674130295003e-02 1.30338949286105e+05 
4.15233693392917e-02 1.29586400368388e+05 
4.16727403527481e-02 1.28869859746379e+05 
4.18289949684567e-02 1.28124488507978e+05 
4.19784564121702e-02 1.27415563594476e+05 
4.21347298056026e-02 1.26676480146094e+05 
4.22842131529101e-02 1.25970581565964e+05 
4.24404486335437e-02 1.25233857851526e+05 
4.25899434957712e-02 1.24527987277779e+05 
4.27461352697907e-02 1.23793522728273e+05 
4.28956510143999e-02 1.23093717547236e+05 
4.30518108873792e-02 1.22365735956907e+05 
4.32013639014277e-02 1.21672225113569e+05 
4.33575101858419e-02 1.20951833487483e+05 
4.35071197713743e-02 1.20265498250865e+05 
4.36632748090404e-02 1.19553334097019e+05 
4.38129628419231e-02 1.18872636170076e+05 
4.39691528382144e-02 1.18170460849540e+05 
4.41189433200767e-02 1.17500937476744e+05 
4.42751978605486e-02 1.16805959838985e+05 
4.44251164581641e-02 1.16142906850265e+05 
4.45814680281359e-02 1.15454887049350e+05 
4.47315419738022e-02 1.14797783535627e+05 
4.48880260109469e-02 1.14116435350786e+05 
4.50382848398692e-02 1.13465538601718e+05 
4.51949395757749e-02 1.12790797767813e+05 
4.53454139446070e-02 1.12146175767559e+05 
4.55022795193402e-02 1.11477974662130e+05 
4.56530014445670e-02 1.10840013721118e+05 
4.58101213565619e-02 1.10179151301117e+05 
4.59611264638679e-02 1.09548128286762e+05 
4.61185477345969e-02 1.08895340023070e+05 
4.62698754360060e-02 1.08272707401777e+05 
4.64276490965722e-02 1.07629270115087e+05 
4.65793403794355e-02 1.07016423206955e+05 
4.67375219314621e-02 1.06383415300018e+05 
4.68896237792303e-02 1.05780879623755e+05 
4.70482763493203e-02 1.05159025090180e+05 
4.72008442513242e-02 1.04567776730357e+05 
4.73600409327485e-02 1.03958181626430e+05 
4.75132038251165e-02 1.03379256678659e+05 
4.76727417794650e-02 1.02784389700646e+05 
4.78258530684486e-02 1.02221784384453e+05 
4.79855381866536e-02 1.01644304131901e+05 
4.81391850732687e-02 1.01097648460412e+05 
4.82991811656416e-02 1.00537930433537e+05 
4.84528648119982e-02 1.00010405999864e+05 
4.86127697748827e-02 9.94724622814411e+04 
4.87663293386208e-02 9.89673969645182e+04 
4.89263461272948e-02 9.84525876635568e+04 
4.90804782029974e-02 9.79685860508280e+04 
4.92408575466007e-02 9.74774841947323e+04 
4.93950862603987e-02 9.70180838120986e+04 
4.95554474935013e-02 9.65546843225982e+04 
4.97096782616634e-02 9.61231380587602e+04 
4.98699428547046e-02 9.56889297934161e+04 
5.00240835745875e-02 9.52832739324561e+04 
5.01845133330069e-02 9.48765905211995e+04 
5.03392865379185e-02 9.45011560847980e+04 
5.05001504392635e-02 9.41299010756630e+04 
5.06550741953879e-02 9.37913629434275e+04 
5.08159924725311e-02 9.34586852230504e+04 
5.09709715521626e-02 9.31493531469807e+04 
5.11318703220308e-02 9.28326519084056e+04 
5.12868827454501e-02 9.25563424081696e+04 
5.14477478397907e-02 9.22956876789271e+04 
5.16027916241802e-02 9.20674238901114e+04 
5.17636253903865e-02 9.18490403679325e+04 
5.19186382561165e-02 9.16554579179166e+04 
5.20797372526434e-02 9.14733333432281e+04 
5.22354804690671e-02 9.13159893387709e+04 
5.23971423079614e-02 9.11861929916719e+04 
5.25531404544781e-02 9.10623508468715e+04 
5.27149973528122e-02 9.09358288684015e+04 
5.28711665335150e-02 9.08153507556502e+04 
5.30331574031845e-02 9.06928384639331e+04 
5.31894894374177e-02 9.05790985301924e+04 
5.33516141351579e-02 9.04626103632873e+04 
5.35081213889986e-02 9.03532811125998e+04 
5.36703984480010e-02 9.02445357454364e+04 
5.38271022122606e-02 9.01460212979317e+04 
5.39895579736237e-02 9.00527209225858e+04 
5.41464830664145e-02 8.99724626207299e+04 
5.43091482598674e-02 8.99034057494023e+04 
5.44663240903689e-02 8.98547249385116e+04 
5.46292344885352e-02 8.98241323037044e+04 
5.47866933983667e-02 8.98145576912740e+04 
5.49498874975748e-02 8.98203598159301e+04 
5.51076623716218e-02 8.98419601735570e+04 
5.52711787941877e-02 8.98872167627901e+04 
5.54292942340128e-02 8.99464041129346e+04 
5.55931588542573e-02 9.00291350173433e+04 
5.57516247831856e-02 9.01273679002815e+04 
5.59158508734597e-02 9.02513795638370e+04 
5.60746253433888e-02 9.03924255572306e+04 
5.62391496716495e-02 9.05581737531989e+04 
5.63980829593764e-02 9.07367718400306e+04 
5.65627274696418e-02 9.09389724656041e+04 
5.67215548146433e-02 9.11498849782230e+04 
5.68860173831564e-02 9.13822362050976e+04 
5.70443619024129e-02 9.16179243773140e+04 
5.72082229724359e-02 9.18706403338709e+04 
5.73655853811849e-02 9.21207730960565e+04 
5.75282871308820e-02 9.23841224448683e+04 
5.76840499463790e-02 9.26363136184402e+04 
5.78449499662976e-02 9.28942833048705e+04 
5.79986052146823e-02 9.31325026583006e+04 
5.81571925096176e-02 9.33742870458346e+04 
5.83084692817920e-02 9.35906007567680e+04 
5.84644750579976e-02 9.37976141471455e+04 
5.86133545348927e-02 9.39758433913308e+04 
5.87667616849610e-02 9.41382587895946e+04 
5.89133372851676e-02 9.42969641777904e+04 
5.90645203634862e-02 9.44221690022430e+04 
5.92095433656753e-02 9.45157410234135e+04 
5.93590854556224e-02 9.45864196522068e+04 
5.95028163684537e-02 9.46340178029290e+04 
5.96509156507176e-02 9.46641045747039e+04 
5.97934794698030e-02 9.46577133970037e+04 
5.99404799250014e-02 9.46411878412955e+04 
6.00824306605290e-02 9.46245435180261e+04 
6.02287953431504e-02 9.46115205441471e+04 
6.03703190631041e-02 9.45829807667505e+04 
6.05162007603260e-02 9.45402499301571e+04 
6.06573883482490e-02 9.44887285566134e+04 
6.08028663074365e-02 9.44224798777039e+04 
6.09437830582146e-02 9.43458338708946e+04 
6.10889199545024e-02 9.42534119529343e+04 
6.12296264618954e-02 9.41606189992032e+04 
6.13744856581734e-02 9.40605487291393e+04 
6.15150492981695e-02 9.39611587515659e+04 
6.16597058326715e-02 9.38539065585570e+04 
6.18002047228169e-02 9.37438194456880e+04 
6.19447475291615e-02 9.36219395622607e+04 
6.20852694001400e-02 9.34965286191083e+04 
6.22297993008529e-02 9.33640478044977e+04 
6.23704391402167e-02 9.32309789474391e+04 
6.25150653102711e-02 9.30922289255895e+04 
6.26559217546460e-02 9.29554222924462e+04 
6.28007589992755e-02 9.28136714093618e+04 
6.29419342475064e-02 9.26751832633703e+04 
6.30868482694621e-02 9.25325727694880e+04 
6.32279602712303e-02 9.23939100194014e+04 
6.33728887471077e-02 9.22514525505971e+04 
6.35143340311012e-02 9.21128166180095e+04 
6.36596557955019e-02 9.19710491641838e+04 
6.38016263664751e-02 9.18333990629739e+04 
6.39472784308896e-02 9.16936150884003e+04 
6.40894099626697e-02 9.15586750859297e+04 
6.42351001570306e-02 9.14222376077298e+04 
6.43773214847648e-02 9.12908521120360e+04 
6.45232660242295e-02 9.11580381343369e+04 
6.46660798021549e-02 9.10299814166766e+04 
6.48124856116385e-02 9.09006643947760e+04 
6.49556232799491e-02 9.07760946914985e+04 
6.51022734564966e-02 9.06503881146624e+04 
6.52456882239868e-02 9.05292561038315e+04 
6.53925662259401e-02 9.04070743746922e+04 
6.55362789942895e-02 9.02892554560406e+04 
6.56834219510163e-02 9.01704164729514e+04 
6.58274750489836e-02 9.00557091334929e+04 
6.59749377934213e-02 8.99399506616229e+04 
6.61193818253847e-02 8.98280655792131e+04 
6.62672270820142e-02 8.97150452301973e+04 
6.64121179270434e-02 8.96056458060978e+04 
6.65604144415914e-02 8.94950247839364e+04 
6.67058135348153e-02 8.93877973086644e+04 
6.68546363977988e-02 8.92792769306879e+04 
6.70006106433854e-02 8.91739674199458e+04 
6.71500414216275e-02 8.90673240210360e+04 
6.72966632725656e-02 8.89637715468163e+04 
6.74467904261016e-02 8.88588490868664e+04 
6.75942238901600e-02 8.87568641615599e+04 
6.77448793632002e-02 8.86537554185668e+04 
6.78925796992998e-02 8.85538397288427e+04 
6.80433827056421e-02 8.84529650642306e+04 
6.81912367170569e-02 8.83552272210422e+04 
6.83421158545262e-02 8.82567461998296e+04 
6.84900276459737e-02 8.81615764004467e+04 
6.86412436178170e-02 8.80658680178911e+04 
6.87899227304540e-02 8.79735348133091e+04 
6.89416935462500e-02 8.78809335374023e+04 
6.90907131924575e-02 8.77918559663893e+04 
6.92427466005514e-02 8.77032686690290e+04 
6.93920151741520e-02 8.76186445416862e+04 
6.95442519888219e-02 8.75352718940120e+04 
6.96937497416177e-02 8.74562746343965e+04 
6.98461833523897e-02 8.73761155731904e+04 
6.99959098722731e-02 8.73020037856843e+04 
7.01485485330492e-02 8.72308744446389e+04 
7.02985148944348e-02 8.71649135271046e+04 
7.04513755877414e-02 8.71013335615567e+04 
7.06015969655608e-02 8.70419457533440e+04 
7.07546987165425e-02 8.69860814458347e+04 
7.09051899001544e-02 8.69347347692443e+04 
7.10585523592002e-02 8.68839132359821e+04 
7.12093276920181e-02 8.68356075610201e+04 
7.13629698221797e-02 8.67880241600759e+04 
7.15140435961009e-02 8.67439141213892e+04 
7.16679848876164e-02 8.67018206799749e+04 
7.18193740261700e-02 8.66636535327624e+04 
7.19736368478989e-02 8.66278145143682e+04 
7.21253628216360e-02 8.65959035154624e+04 
7.22799736003600e-02 8.65674427547428e+04 
7.24320623345650e-02 8.65426956284716e+04 
7.25870515341856e-02 8.65227216584180e+04 
7.27395325210036e-02 8.65090922894620e+04 
7.28949343726601e-02 8.65005433540311e+04 
7.30478407560692e-02 8.64971626386039e+04 
7.32036937604565e-02 8.64963792460840e+04 
7.33570634700820e-02 8.64981330237050e+04 
7.35134118128331e-02 8.65022142185259e+04 
7.36672886621288e-02 8.65092338529095e+04 
7.38241827673913e-02 8.65196780341522e+04 
7.39786026060624e-02 8.65332008036402e+04 
7.41357228423948e-02 8.65476855457288e+04 
7.42901373450736e-02 8.65652572156549e+04 
7.44474746321612e-02 8.65856408450547e+04 
7.46023792027395e-02 8.66076985189634e+04 
7.47602946656761e-02 8.66317940855476e+04 
7.49158340245053e-02 8.66577404462905e+04 
7.50740798080756e-02 8.66859703350946e+04 
7.52297211686718e-02 8.67125924181772e+04 
7.53883170913616e-02 8.67385320210875e+04 
7.55445699165469e-02 8.67636690978634e+04 
7.57035072128481e-02 8.67890648511214e+04 
7.58599020948191e-02 8.68138944332073e+04 
7.60188795974759e-02 8.68380445075068e+04 
7.61753495562940e-02 8.68628168818718e+04 
7.63347020117023e-02 8.68885266278131e+04 
7.64918576648167e-02 8.69142402532910e+04 
7.66516433431028e-02 8.69396322072897e+04 
7.68090341535251e-02 8.69637257449023e+04 
7.69689675696255e-02 8.69867020383583e+04 
7.71265290128270e-02 8.70076338646119e+04 
7.72869561774597e-02 8.70267452087318e+04 
7.74453171946164e-02 8.70429501721427e+04 
7.76063003234686e-02 8.70568094765729e+04 
7.77650033051746e-02 8.70685852493898e+04 
7.79262552884468e-02 8.70775334855916e+04 
7.80852228658358e-02 8.70830758802349e+04 
7.82467024148025e-02 8.70849468742850e+04 
7.84059355383207e-02 8.70848534838696e+04 
7.85676549052116e-02 8.70801065791185e+04 
7.87271704840160e-02 8.70723487224534e+04 
7.88891522951237e-02 8.70592765711848e+04 
7.90489695033147e-02 8.70418509517706e+04 
7.92112374472625e-02 8.70202171015893e+04 
7.93713749206088e-02 8.69949825586076e+04 
7.95339519421546e-02 8.69657762518166e+04 
7.96944277817194e-02 8.69319185797287e+04 
7.98573362458929e-02 8.68961900026533e+04 
8.00181685902737e-02 8.68563128565721e+04 
8.01814309239488e-02 8.68160081662011e+04 
8.03426381628763e-02 8.67722109260107e+04 
8.05062766324530e-02 8.67255513856057e+04 
8.06678768451288e-02 8.66774769264243e+04 
8.08319132842491e-02 8.66262271230753e+04 
8.09939243292370e-02 8.65738565133155e+04 
8.11583803421459e-02 8.65184747877487e+04 
8.13208203127388e-02 8.64613646713668e+04 
8.14857177562217e-02 8.64011098068524e+04 
8.16486060932703e-02 8.63395386343563e+04 
8.18139688283763e-02 8.62748407271800e+04 
8.19773268459112e-02 8.62084457963676e+04 
8.21431792749039e-02 8.61386086567777e+04 
8.23070273555601e-02 8.60672258243779e+04 
8.24733923116539e-02 8.59920145342383e+04 
8.26377484404010e-02 8.59158196686514e+04 
8.28046471213718e-02 8.58363255546324e+04 
8.29695280850381e-02 8.57559778071762e+04 
8.31369806244816e-02 8.56733369141911e+04 
8.33024043144641e-02 8.55906673342368e+04 
8.34704333272322e-02 8.55060482165872e+04 
8.36364208145992e-02 8.54221569661162e+04 
8.38050504554983e-02 8.53368636704481e+04 
8.39716234167155e-02 8.52525126533811e+04 
8.41408790499244e-02 8.51660317175279e+04 
8.43080608833510e-02 8.50813391180057e+04 
8.44779691921346e-02 8.49961686252005e+04 
8.46457840636833e-02 8.49125136465722e+04 
8.48163717259981e-02 8.48280520356637e+04 
8.49848429691078e-02 8.47463039848764e+04 
8.51561363947876e-02 8.46621805138580e+04 
8.53252877658388e-02 8.45785163488496e+04 
8.54973140386514e-02 8.44928435100294e+04 
8.56671702773390e-02 8.44080421225199e+04 
8.58399575728755e-02 8.43213912054916e+04 
8.60105445492504e-02 8.42358447280426e+04 
8.61841222580643e-02 8.41493326997592e+04 
8.63554675147307e-02 8.40646882058359e+04 
8.65298670506844e-02 8.39794933973357e+04 
8.67019994252786e-02 8.38955258029036e+04 
8.68772530639118e-02 8.38100015626824e+04 
8.70502018499680e-02 8.37270129873314e+04 
8.72263425148268e-02 8.36435921284879e+04 
8.74001381115436e-02 8.35621469335243e+04 
8.75772000785011e-02 8.34797125682293e+04 
8.77518743285913e-02 8.33988215635837e+04 
8.79298935410772e-02 8.33167793701688e+04 
8.81054789834415e-02 8.32369622271467e+04 
8.82844917672300e-02 8.31559691452102e+04 
8.84610203898309e-02 8.30756813636435e+04 
8.86410625162559e-02 8.29930408648969e+04 
8.88185656873548e-02 8.29112576894845e+04 
8.89996721916681e-02 8.28271358475497e+04 
8.91781808573809e-02 8.27439583000524e+04 
8.93603860381454e-02 8.26584448075236e+04 
8.95399306714484e-02 8.25741570556652e+04 
8.97232678460529e-02 8.24879393430181e+04 
8.99038753502273e-02 8.24030283976732e+04 
9.00883690188220e-02 8.23160667662749e+04 
9.02700631869991e-02 8.22304441706078e+04 
9.04557359273380e-02 8.21427263710588e+04 
9.06385424891502e-02 8.20563805239042e+04 
9.08254210450733e-02 8.19678328440662e+04 
9.10093612846570e-02 8.18806874328908e+04 
9.11974672558416e-02 8.17912323330760e+04 
9.13825571679043e-02 8.17031110931469e+04 
9.15719064336380e-02 8.16125124156416e+04 
9.17581580172636e-02 8.15235320731496e+04 
9.19487616299412e-02 8.14318081673800e+04 
9.21361818748841e-02 8.13409244073975e+04 
9.23280447335124e-02 8.12475309874920e+04 
9.25166353533421e-02 8.11556405978576e+04 
9.27097566535221e-02 8.10613351232668e+04 
9.28995148230223e-02 8.09682439219825e+04 
9.30938882285951e-02 8.08720713594687e+04 
9.32848062470109e-02 8.07767268833652e+04 
9.34804195852729e-02 8.06780327289974e+04 
9.36724845150027e-02 8.05801994772088e+04 
9.38693195564460e-02 8.04790429787786e+04 
9.40625129006381e-02 8.03787481886428e+04 
9.42605453165684e-02 8.02749029564844e+04 
9.44548429407475e-02 8.01718553221943e+04 
9.46540424440661e-02 8.00655669837543e+04 
9.48494148061394e-02 7.99598473527282e+04 
9.50497454706340e-02 7.98491365143581e+04 
9.52461576553924e-02 7.97400123219120e+04 
9.54475782475456e-02 7.96278468288084e+04 
9.56449905767991e-02 7.95168834663198e+04 
9.58474554124075e-02 7.94019952277553e+04 
9.60458246278100e-02 7.92885425955830e+04 
9.62492850488229e-02 7.91713913190411e+04 
9.64485664670803e-02 7.90559176992183e+04 
9.66529729920642e-02 7.89368659324945e+04 
9.68531227064814e-02 7.88197549371157e+04 
9.70584266852751e-02 7.86993763383984e+04 
9.72594031204383e-02 7.85809656757983e+04 
9.74655581259426e-02 7.84590861943794e+04 
9.76673227758583e-02 7.83395739096956e+04 
9.78742853324719e-02 7.82168089035301e+04 
9.80768023322836e-02 7.80966290106141e+04 
9.82845318105391e-02 7.79733247429765e+04 
9.84877670071993e-02 7.78526883310725e+04 
9.86962251384902e-02 7.77289923302299e+04 
9.89001456003366e-02 7.76079849880863e+04 
9.91092961167832e-02 7.74839755667414e+04 
9.93138699171937e-02 7.73627942826266e+04 
9.95236785703742e-02 7.72387182227279e+04 
9.97288752033408e-02 7.71176174022987e+04 
9.99393100810173e-02 7.69937904322763e+04 
1.00145101097128e-01 7.68731208030872e+04 
1.00356133083696e-01 7.67499418875709e+04 
1.00562493094487e-01 7.66301030515312e+04 
1.00774096556136e-01 7.65080622145651e+04 
1.00981004231760e-01 7.63897434886610e+04 
1.01193157587316e-01 7.62695651018127e+04 
1.01400596020798e-01 7.61534299579267e+04 
1.01613281954695e-01 7.60361129704962e+04 
1.01821238717971e-01 7.59234037685389e+04 
1.02034444224423e-01 7.58103704150216e+04 
1.02242911161224e-01 7.57023146764166e+04 
1.02456627361475e-01 7.55942772642964e+04 
1.02665599924196e-01 7.54919914092370e+04 
1.02879821378354e-01 7.53912064227649e+04 
1.03089296346914e-01 7.52971985367390e+04 
1.03304019533479e-01 7.52055020736064e+04 
1.03513992697887e-01 7.51214153663114e+04 
1.03729214631097e-01 7.50420528565086e+04 
1.03939678701137e-01 7.49696442547014e+04 
1.04155395832745e-01 7.49064549284164e+04 
1.04366319681638e-01 7.48548441499159e+04 
1.04582526946245e-01 7.48035504150676e+04 
1.04793904515316e-01 7.47672770045577e+04 
1.05010217025648e-01 7.47426343768725e+04 
1.05222044256078e-01 7.47240749618441e+04 
1.05438430996893e-01 7.47106018696483e+04 
1.05650700766349e-01 7.47047977345084e+04 
1.05867172276111e-01 7.47128221339677e+04 
1.06079881045592e-01 7.47237879521863e+04 
1.06296450423411e-01 7.47379698058595e+04 
1.06509598344398e-01 7.47555983504770e+04 
1.06726281033660e-01 7.47858975112188e+04 
1.06939873507671e-01 7.48327527265940e+04 
1.07156686816587e-01 7.49017339398313e+04 
1.07370735568034e-01 7.49949727451448e+04 
1.07587697865907e-01 7.51173559260884e+04 
1.07802220436572e-01 7.52710512971777e+04 
1.08019351162655e-01 7.54535633941550e+04 
1.08234369557416e-01 7.56592325605690e+04 
1.08451688858192e-01 7.58919721765813e+04 
1.08667228288704e-01 7.61469315528735e+04 
1.08884755736200e-01 7.64272191779096e+04 
1.09100839928192e-01 7.67287128962938e+04 
1.09318593343479e-01 7.70513646223472e+04 
1.09535240878794e-01 7.73890459033058e+04 
1.09753235846785e-01 7.77427531557967e+04 
1.09970466068433e-01 7.81066320352442e+04 
1.10188713343760e-01 7.84808930303682e+04 
1.10406551126599e-01 7.88601860464837e+04 
1.10625058392830e-01 7.92425936467975e+04 
1.10843535977257e-01 7.96249587332656e+04 
1.11062313779323e-01 8.00047437886807e+04 
1.11281240847071e-01 8.03776365283239e+04 
1.11500298568991e-01 8.07395987385298e+04 
1.11719510701321e-01 8.10918259785691e+04 
1.11938856677707e-01 8.14278457286648e+04 
1.12158362318974e-01 8.17420589505718e+04 
1.12378004200817e-01 8.20310312656344e+04 
1.12597810533797e-01 8.23082713401120e+04 
1.12817755082311e-01 8.25617356043155e+04 
1.13037867916677e-01 8.27734918627362e+04 
1.13258120164801e-01 8.29511373713558e+04 
1.13478543349521e-01 8.31009315141278e+04 
1.13699105873490e-01 8.32269164545187e+04 
1.13919840601626e-01 8.33083851058031e+04 
1.14140713106820e-01 8.33897412111857e+04 
1.14361753194627e-01 8.34714044309157e+04 
1.14582920509479e-01 8.35493704975898e+04 
1.14804080429348e-01 8.36239215549103e+04 
1.15025369106955e-01 8.36939108951466e+04 
1.15246647008155e-01 8.37565398306371e+04 
1.15468055292375e-01 8.38107777010978e+04 
1.15689448928296e-01 8.38580012081692e+04 
1.15910975047438e-01 8.38996261014658e+04 
1.16132482472018e-01 8.39363327650771e+04 
1.16354124074101e-01 8.39681392364136e+04 
1.16575742399183e-01 8.39961991180576e+04 
1.16797496768267e-01 8.40204804953591e+04 
1.17019222738826e-01 8.40420624923595e+04 
1.17241086706184e-01 8.40616295384321e+04 
1.17462916603146e-01 8.40798435747205e+04 
1.17684892161801e-01 8.40972751986323e+04 
1.17906827558589e-01 8.41144750179310e+04 
1.18128919108247e-01 8.41320421247421e+04 
1.18350959143449e-01 8.41509321290355e+04 
1.18573153243719e-01 8.41718858949436e+04 
1.18795291229385e-01 8.41944084754703e+04 
1.19017581682662e-01 8.42203576099420e+04 
1.19239813007994e-01 8.42510652082700e+04 
1.19462190828405e-01 8.42872680681937e+04 
1.19684504043336e-01 8.43233165202666e+04 
1.19906952386627e-01 8.43696848609462e+04 
1.20129328568765e-01 8.44252876262903e+04 
1.20351802017106e-01 8.44880334777758e+04 
1.20574207852663e-01 8.45581785979209e+04 
1.20796710280861e-01 8.46395425783831e+04 
1.21019139952886e-01 8.47207073272568e+04 
1.21241673869960e-01 8.48031050514468e+04 
1.21464141792132e-01 8.48888199423540e+04 
1.21686714522237e-01 8.49796719210625e+04 
1.21909222116419e-01 8.50776476133908e+04 
1.22131824745617e-01 8.51839320922049e+04 
1.22354363765768e-01 8.52999357030088e+04 
1.22577007933244e-01 8.54235348912651e+04 
1.22799598331283e-01 8.55545649988666e+04 
1.23022321698214e-01 8.56928368198054e+04 
1.23244998289431e-01 8.58375642947053e+04 
1.23467755708135e-01 8.59882225242754e+04 
1.23690428503822e-01 8.61439404564408e+04 
1.23913141962140e-01 8.63040728507366e+04 
1.24135790775849e-01 8.64679849374224e+04 
1.24358487966981e-01 8.66345482709839e+04 
1.24581141297133e-01 8.68026809472626e+04 
1.24803859181615e-01 8.69714537197593e+04 
1.25026523385443e-01 8.71397661918891e+04 
1.25249273656305e-01 8.73067527325993e+04 
1.25472081313927e-01 8.74714168231601e+04 
1.25695059927935e-01 8.76330023414991e+04 
1.25918075844104e-01 8.77905963267225e+04 
1.26141234596056e-01 8.79434611334592e+04 
1.26364372639443e-01 8.80910118294541e+04 
1.26587612342518e-01 8.82326506408301e+04 
1.26810748253143e-01 8.83678587992817e+04 
1.27033927662415e-01 8.84964923786057e+04 
1.27256961989567e-01 8.86177963932749e+04 
1.27480023877595e-01 8.87312208359970e+04 
1.27702948376622e-01 8.88400551905972e+04 
1.27925918226010e-01 8.89387438621480e+04 
1.28148775310786e-01 8.90285312927891e+04 
1.28371703289847e-01 8.91106723810870e+04 
1.28594537418530e-01 8.91858472623837e+04 
1.28817461844879e-01 8.92521613564373e+04 
1.29040300961994e-01 8.93152616849164e+04 
1.29263241334675e-01 8.93762741053601e+04 
1.29486098068505e-01 8.94343233963668e+04 
1.29709066175921e-01 8.94889850434794e+04 
1.29931949712328e-01 8.95392430663133e+04 
1.30154951535779e-01 8.95848357111173e+04 
1.30377860186443e-01 8.96283011029689e+04 
1.30600893856564e-01 8.96709409639607e+04 
1.30823832184798e-01 8.97143240998597e+04 
1.31046916717918e-01 8.97563724633907e+04 
1.31269904350835e-01 8.98046065513964e+04 
1.31493046938455e-01 8.98602892418288e+04 
1.31716091223207e-01 8.99213123042222e+04 
1.31939290862703e-01 8.99918580184757e+04 
1.32162386501454e-01 9.00627828976460e+04 
1.32385635752025e-01 9.01369644868027e+04 
1.32608775374994e-01 9.02320731875377e+04 
1.32832068110647e-01 9.04014375521212e+04 
1.33055245132003e-01 9.06714266485557e+04 
1.33278574250066e-01 9.10805907050156e+04 
1.33501782240108e-01 9.16482767310411e+04 
1.33725136387284e-01 9.23224703850161e+04 
1.33948368207581e-01 9.31335556733512e+04 
1.34171737681331e-01 9.40664677283056e+04 
1.34394985977075e-01 9.50947299481740e+04 
1.34618359064618e-01 9.61830842318138e+04 
1.34841610250250e-01 9.72963580242595e+04 
1.35064969675380e-01 9.84222483705570e+04 
1.35288203418830e-01 9.94977817904487e+04 
1.35511518466418e-01 1.00513812621118e+05 
1.35734645107573e-01 1.01471921172033e+05 
1.35957909935027e-01 1.02249385472045e+05 
1.36181003513532e-01 1.02827235917991e+05 
1.36404208623074e-01 1.03239363354206e+05 
1.36627280164571e-01 1.03518107508215e+05 
1.36850436882909e-01 1.03621308216821e+05 
1.37073500255929e-01 1.03707701095046e+05 
1.37296655691729e-01 1.03759124231239e+05 
1.37519746195997e-01 1.03786624745879e+05 
1.37742942121699e-01 1.03764659532210e+05 
1.37966093673228e-01 1.03692278298306e+05 
1.38189365313552e-01 1.03584841263402e+05 
1.38412607332777e-01 1.03445814166161e+05 
1.38635982092466e-01 1.03279357712125e+05 
1.38859336815249e-01 1.03089661132339e+05 
1.39082834767827e-01 1.02879497614937e+05 
1.39306319896762e-01 1.02655487514710e+05 
1.39529958309437e-01 1.02424917231583e+05 
1.39753590470607e-01 1.02190453470249e+05 
1.39977386548009e-01 1.01955984253740e+05 
1.40201182651598e-01 1.01723247357274e+05 
1.40425154152800e-01 1.01494545578861e+05 
1.40649131999412e-01 1.01270417128800e+05 
1.40873295960152e-01 1.01052421067277e+05 
1.41097471866435e-01 1.00840676752335e+05 
1.41321842928524e-01 1.00636151004750e+05 
1.41546230327175e-01 1.00438654538388e+05 
1.41770819991186e-01 1.00248788110316e+05 
1.41995428786435e-01 1.00066424690184e+05 
1.42220245137993e-01 9.98924808819764e+04 
1.42445082079560e-01 9.97279464124499e+04 
1.42670129978263e-01 9.95745626843081e+04 
1.42895198321886e-01 9.94332274767270e+04 
1.43120478622395e-01 9.93056585435643e+04 
1.43345777557288e-01 9.91964850172013e+04 
1.43571286873568e-01 9.91104931821102e+04 
1.43796811974243e-01 9.90367197485979e+04 
1.44022543405404e-01 9.90085020935453e+04 
1.44248287254152e-01 9.90171645235050e+04 
1.44474231730391e-01 9.90555573487930e+04 
1.44700187415108e-01 9.91367627663010e+04 
1.44926337671415e-01 9.92278933173944e+04 
1.45152496305932e-01 9.93394929430516e+04 
1.45378834307102e-01 9.94823992590665e+04 
1.45605172756370e-01 9.96639899569230e+04 
1.45831652933697e-01 9.98887005392480e+04 
1.46058130074547e-01 1.00150318677403e+05 
1.46284735111995e-01 1.00445702862607e+05 
1.46511326415099e-01 1.00776683761564e+05 
1.46738038388196e-01 1.01137009383455e+05 
1.46964733047574e-01 1.01522334855586e+05 
1.47191544678730e-01 1.01925511894292e+05 
1.47418339384109e-01 1.02335707127295e+05 
1.47645253346948e-01 1.02750025008411e+05 
1.47872154804890e-01 1.03160554847739e+05 
1.48099182351187e-01 1.03560770113055e+05 
1.48326206705958e-01 1.03949574655276e+05 
1.48553363950820e-01 1.04303882967694e+05 
1.48780529913096e-01 1.04631568866584e+05 
1.49007834372799e-01 1.04944254015265e+05 
1.49235160990639e-01 1.05207472565488e+05 
1.49462633725745e-01 1.05450481306901e+05 
1.49690143283826e-01 1.05697506395011e+05 
1.49917811179142e-01 1.05943811850440e+05 
1.50145531466570e-01 1.06170810505659e+05 
1.50373420348898e-01 1.06404357457722e+05 
1.50601376202915e-01 1.06626700629537e+05 
1.50829504758349e-01 1.06833352771584e+05 
1.51057716111374e-01 1.07054487358461e+05 
1.51286101629979e-01 1.07289481059603e+05 
1.51514585752472e-01 1.07528250124723e+05 
1.51743244342234e-01 1.07765820086603e+05 
1.51972019789503e-01 1.07996408906172e+05 
1.52200966270199e-01 1.08220297890088e+05 
1.52430048831692e-01 1.08425172285817e+05 
1.52659306269241e-01 1.08606029990569e+05 
1.52888716997637e-01 1.08752156100218e+05 
1.53118309780746e-01 1.08855975380326e+05 
1.53348070595003e-01 1.08925927744137e+05 
1.53578017991863e-01 1.08943468484856e+05 
1.53808146745981e-01 1.08929013029276e+05 
1.54038463629339e-01 1.08857290288604e+05 
1.54268972789458e-01 1.08749206245800e+05 
1.54499671487126e-01 1.08582898126251e+05 
1.54730570410343e-01 1.08394274668293e+05 
1.54961657877362e-01 1.08187467704276e+05 
1.55192951888579e-01 1.07949242399761e+05 
1.55424436480481e-01 1.07709839067771e+05 
1.55656132078847e-01 1.07463109370121e+05 
1.55888018799189e-01 1.07208546887979e+05 
1.56120120574585e-01 1.06944241837881e+05 
1.56265554713876e-01 1.06773023819136e+05 
1.56419332983794e-01 1.06589949983078e+05 
1.56579404385181e-01 1.06397418032414e+05 
1.56746957853393e-01 1.06193942980445e+05 
1.56922335638666e-01 1.05979596385303e+05 
1.57105713989667e-01 1.05754929617105e+05 
1.57300680279481e-01 1.05517345537599e+05 
1.57505813427616e-01 1.05270328599765e+05 
1.57717925087872e-01 1.05019746826714e+05 
1.57934600972547e-01 1.04769735878360e+05 
1.58154405407511e-01 1.04523686693809e+05 
1.58377379429452e-01 1.04282264231313e+05 
1.58603416455449e-01 1.04046990545274e+05 
1.58832885931454e-01 1.03817979868270e+05 
1.59064952579131e-01 1.03596635816544e+05 
1.59297325763788e-01 1.03384931790395e+05 
1.59530123474467e-01 1.03182536751879e+05 
1.59763038888980e-01 1.02988848557933e+05 
1.59996118955246e-01 1.02803278710949e+05 
1.60229088231062e-01 1.02625080234090e+05 
1.60462042606648e-01 1.02453483586772e+05 
1.60694796184747e-01 1.02287631764426e+05 
1.60927442630498e-01 1.02126735978596e+05 
1.61159871581772e-01 1.01969968824965e+05 
1.61392199664880e-01 1.01816616093372e+05 
1.61624324554724e-01 1.01665972703294e+05 
1.61856378282328e-01 1.01517443118013e+05 
1.62088250879581e-01 1.01370479343355e+05 
1.62320079681362e-01 1.01224615690394e+05 
1.62551752610497e-01 1.01079451807680e+05 
1.62783403205704e-01 1.00934640920086e+05 
1.63014920974356e-01 1.00789903598582e+05 
1.63246431544366e-01 1.00644985310304e+05 
1.63477827296699e-01 1.00499703124573e+05 
1.63709226395273e-01 1.00353868782342e+05 
1.63940523876154e-01 1.00207344782674e+05 
1.64171833248111e-01 1.00060032082330e+05 
1.64403047511380e-01 9.99119675807052e+04 
1.64634284868733e-01 9.97631123082716e+04 
1.64865428723589e-01 9.96136168874476e+04 
1.65096603701961e-01 9.94636542514112e+04 
1.65327686923849e-01 9.93135947289529e+04 
1.65558803727416e-01 9.91636695345880e+04 
1.65789834823787e-01 9.90142840400001e+04 
1.66020902954765e-01 9.88660498728119e+04 
1.66251896258989e-01 9.87190151882926e+04 
1.66482929981739e-01 9.85743767314190e+04 
1.66713899335421e-01 9.84328048565590e+04 
1.66944913725595e-01 9.82925884294178e+04 
1.67175872745119e-01 9.81583762918727e+04 
1.67406880924161e-01 9.80300462243279e+04 
1.67637842229394e-01 9.79062564043687e+04 
1.67868857075003e-01 9.77874722634554e+04 
1.68099834575308e-01 9.76702187852294e+04 
1.68330870694410e-01 9.75544587178093e+04 
1.68561840658824e-01 9.74422002539743e+04 
1.68792848098999e-01 9.73349971510436e+04 
1.69023761295611e-01 9.72334233324977e+04 
1.69254716282508e-01 9.71382012542533e+04 
1.69485583379409e-01 9.70485953976140e+04 
1.69716496463566e-01 9.69647278476711e+04 
1.69947331951740e-01 9.68867994091902e+04 
1.70178212671368e-01 9.68148299825450e+04 
1.70409020452750e-01 9.67486959600090e+04 
1.70639847784700e-01 9.66883594588291e+04 
1.70870658882883e-01 9.66336755635342e+04 
1.71101533186537e-01 9.65845284840312e+04 
1.71329966541461e-01 9.65411313845436e+04 
1.71560861873219e-01 9.65023216693182e+04 
1.71791737322668e-01 9.64682883370641e+04 
1.72022660753404e-01 9.64386693179010e+04 
1.72253548511615e-01 9.64130863510928e+04 
1.72484286318591e-01 9.63911054417484e+04 
1.72714693751516e-01 9.63722737611100e+04 
1.72944868382964e-01 9.63560903186648e+04 
1.73174885891334e-01 9.63420403431449e+04 
1.73404907076527e-01 9.63296340518599e+04 
1.73634952858233e-01 9.63182781183106e+04 
1.73865097902484e-01 9.63075190081363e+04 
1.74087277853320e-01 9.62972681405956e+04 
1.74317499875985e-01 9.62864740342798e+04 
1.74547657589096e-01 9.62749506091419e+04 
1.74777692060158e-01 9.62627797538534e+04 
1.75002288569016e-01 9.62497496662083e+04 
1.75231589170833e-01 9.62361359562588e+04 
1.75456780346615e-01 9.62227112025879e+04 
1.75684750198069e-01 9.62072991205586e+04 
1.75904916349471e-01 9.61898438116471e+04 
1.76131740901241e-01 9.61706099260189e+04 
1.76348838490047e-01 9.61515602751666e+04 
1.76574433621377e-01 9.61309062225230e+04 
1.76787873668750e-01 9.61109190177188e+04 
1.77009911403024e-01 9.60891583365887e+04 
1.77220332431750e-01 9.60702999969381e+04 
1.77439244926639e-01 9.60524033195303e+04 
1.77646976546774e-01 9.60366576882918e+04 
1.77863060352827e-01 9.60228734441012e+04 
1.78068453078337e-01 9.60105801633267e+04 
1.78282013292513e-01 9.59984148642319e+04 
1.78485367242139e-01 9.59878983654276e+04 
1.78696676247455e-01 9.59788032970758e+04 
1.78898244405103e-01 9.59721288821523e+04 
1.79107544925280e-01 9.59675021122813e+04 
1.79307554017727e-01 9.59660127732515e+04 
1.79515072345795e-01 9.59674271060270e+04 
1.79713725896740e-01 9.59714900178379e+04 
1.79919671162320e-01 9.59780445424715e+04 
1.80117150234388e-01 9.59868085098628e+04 
1.80321712665759e-01 9.59983631828423e+04 
1.80518178634303e-01 9.60115218091244e+04 
1.80721532306512e-01 9.60283879578722e+04 
1.80917132835253e-01 9.60461792115768e+04 
1.81119439604501e-01 9.60665690755351e+04 
1.81314311042142e-01 9.60882384521058e+04 
1.81515721470599e-01 9.61125966818759e+04 
1.81709989303311e-01 9.61376065396896e+04 
1.81910642952514e-01 9.61657133260480e+04 
1.82104421172030e-01 9.61949401702247e+04 
1.82304445397772e-01 9.62268322180229e+04 
1.82497834194983e-01 9.62587845602679e+04 
1.82697342025429e-01 9.62925658542079e+04 
1.82890431380590e-01 9.63259075734333e+04 
1.83089524544761e-01 9.63603618784864e+04 
1.83282390593452e-01 9.63935361038534e+04 
1.83481156235249e-01 9.64273479843415e+04 
1.83673863593945e-01 9.64591141736149e+04 
1.83872377077009e-01 9.64905942942777e+04 
1.84064984434218e-01 9.65191913930045e+04 
1.84263316205543e-01 9.65466654404046e+04 
1.84455883675564e-01 9.65705310261851e+04 
1.84654103682544e-01 9.65921945135099e+04 
1.84846691679617e-01 9.66098674623164e+04 
1.85044868506167e-01 9.66236223864008e+04 
1.85237536929058e-01 9.66310352492383e+04 
1.85435737501378e-01 9.66344599776069e+04 
1.85628552979116e-01 9.66339858059844e+04 
1.85826847620699e-01 9.66230834094898e+04 
1.86019877405739e-01 9.66041826723607e+04 
1.86218336446016e-01 9.65821657571963e+04 
1.86411645160128e-01 9.65566102786182e+04 
1.86610335099125e-01 9.65242536376814e+04 
1.86803966633843e-01 9.64924723856342e+04 
1.87002544650111e-01 9.64583283661775e+04 
1.87196162595627e-01 9.64213361030306e+04 
1.87395435733034e-01 9.63834183340927e+04 
1.87589704995930e-01 9.63466952527796e+04 
1.87789427832525e-01 9.63076945744689e+04 
1.87984071096409e-01 9.62709266787664e+04 
1.88184024006505e-01 9.62362189144427e+04 
1.88379102990769e-01 9.62025822909124e+04 
1.88579350913095e-01 9.61682421034189e+04 
1.88774932073118e-01 9.61414248735976e+04 
1.88975508102552e-01 9.61172749082290e+04 
1.89171604762683e-01 9.60983089989853e+04 
1.89372604603194e-01 9.60864296442556e+04 
1.89569297450043e-01 9.60762533828382e+04 
1.89770810102986e-01 9.60655255758388e+04 
1.89968173292529e-01 9.60739410948484e+04 
1.90170271250931e-01 9.61117079805466e+04 
1.90368362144852e-01 9.61940421910510e+04 
1.90571093050631e-01 9.63308963712919e+04 
1.90769951669779e-01 9.65187905614685e+04 
1.90973345416733e-01 9.67563507134780e+04 
1.91172999320809e-01 9.70405092436261e+04 
1.91376911165316e-01 9.73772548501073e+04 
1.91577221017978e-01 9.77563714801282e+04 
1.91781982809476e-01 9.81846450323821e+04 
1.91983231560119e-01 9.86436035593735e+04 
1.92188752724956e-01 9.91427921401723e+04 
1.92390879100860e-01 9.96596579330001e+04 
1.92597018003065e-01 1.00203368426450e+05 
1.92799983996846e-01 1.00744066046216e+05 
1.93006726015463e-01 1.01288078896516e+05 
1.93210540259908e-01 1.01808922899656e+05 
1.93417902904574e-01 1.02314842016210e+05 
1.93622584627672e-01 1.02779851623173e+05 
1.93831059165693e-01 1.03216532092095e+05 
1.94035503108364e-01 1.03607141421988e+05 
1.94244081207726e-01 1.03949935727777e+05 
1.94449430731831e-01 1.04240324385212e+05 
1.94658597954196e-01 1.04484112177094e+05 
1.94864768600766e-01 1.04694122046581e+05 
1.95074446144389e-01 1.04858926197838e+05 
1.95281476382394e-01 1.04988701082546e+05 
1.95491659965782e-01 1.05076500112087e+05 
1.95617414585421e-01 1.05118411034608e+05 
1.95748488092876e-01 1.05150025721723e+05 
1.95884969588385e-01 1.05173835462658e+05 
1.96008739661324e-01 1.05187406969288e+05 
1.96138359484390e-01 1.05191652250948e+05 
1.96273936552195e-01 1.05200777071381e+05 
1.96403528568066e-01 1.05207950496889e+05 
1.96539809501698e-01 1.05211931280575e+05 
1.96682850441422e-01 1.05212783839883e+05 
1.96811263377755e-01 1.05209504523086e+05 
1.96948229788229e-01 1.05203527208915e+05 
1.97079609241033e-01 1.05193528979157e+05 
1.97215062416693e-01 1.05178328049511e+05 
1.97353734453125e-01 1.05157801124114e+05 
1.97491115119501e-01 1.05133983227583e+05 
1.97628655035035e-01 1.05106644170008e+05 
1.97769212038472e-01 1.05074973677777e+05 
1.97908531205939e-01 1.05040559704137e+05 
1.98050764295267e-01 1.05002691635458e+05 
1.98191530785286e-01 1.04963156593432e+05 
1.98334393697626e-01 1.04921033499131e+05 
1.98476867460779e-01 1.04877629248954e+05 
1.98621447240575e-01 1.04831965822000e+05 
1.98765510517721e-01 1.04785305979475e+05 
1.98911789021037e-01 1.04736771916780e+05 
1.99057516337486e-01 1.04687606657765e+05 
1.99205611876646e-01 1.04636904486443e+05 
1.99353137846498e-01 1.04586036052651e+05 
1.99503208110800e-01 1.04534021853120e+05 
1.99652696409546e-01 1.04482379267656e+05 
1.99804911368748e-01 1.04429883323234e+05 
1.99956497487938e-01 1.04378021670154e+05 
2.00110995100242e-01 1.04325547305496e+05 
