# Liste des scalaires : TEMPS pmat 
0.00000000000000e+00 1.00000000000000e+05 
7.22956891292051e-05 1.00000000000000e+05 
1.39473830159787e-04 1.00000000000000e+05 
2.09658797050088e-04 1.00000000000000e+05 
2.76117114236740e-04 1.00000000000000e+05 
3.20638761908136e-04 1.00000000000000e+05 
3.55139419127686e-04 1.00000000000000e+05 
3.84466703006967e-04 1.00000000000000e+05 
4.10882456555371e-04 1.00000000000000e+05 
4.35440253196350e-04 1.00000000000000e+05 
4.62453829501426e-04 1.00000000000000e+05 
4.92168763437010e-04 1.00000000000000e+05 
5.24855190766153e-04 1.00000000000000e+05 
5.60810260828209e-04 1.00000000000000e+05 
6.00360837896471e-04 1.00000000000000e+05 
6.43866472671560e-04 1.00000000000000e+05 
6.91722670924157e-04 1.00000000000000e+05 
7.44364489002015e-04 1.00000000000000e+05 
8.02270488887657e-04 1.00000000000000e+05 
8.65967088761865e-04 1.00000000000000e+05 
9.36033348623492e-04 1.00000000000000e+05 
1.01310623447128e-03 1.00000000000000e+05 
1.09788640890385e-03 1.00000000000000e+05 
1.19114460077968e-03 1.00000000000000e+05 
1.28874595965332e-03 1.00000000000000e+05 
1.39427688118525e-03 1.00000000000000e+05 
1.50221505922350e-03 1.00000000000000e+05 
1.61553252822206e-03 1.00000000000000e+05 
1.73449508839248e-03 1.00000000000000e+05 
1.85344591626279e-03 1.00000000000000e+05 
1.92524794488069e-03 1.00000000000000e+05 
1.99787231014974e-03 1.00000000000000e+05 
2.06992746568606e-03 1.00000000000000e+05 
2.13921027963517e-03 1.00000000000000e+05 
2.20824835586156e-03 1.00000000000000e+05 
2.27734763920809e-03 1.00000000000000e+05 
2.34647063527450e-03 1.00000000000000e+05 
2.41650205494027e-03 1.00000000000000e+05 
2.48672338452844e-03 1.00000000000000e+05 
2.55570448159964e-03 1.00000000000000e+05 
2.62507379081226e-03 1.00000000000000e+05 
2.69438083558859e-03 1.00000000000000e+05 
2.76387844587630e-03 1.00000000000000e+05 
2.83389077118953e-03 1.00000000000000e+05 
2.90440042446502e-03 1.00000000000000e+05 
2.97560480154744e-03 1.00000000000000e+05 
3.04766195102406e-03 1.00000000000000e+05 
3.12047727868523e-03 1.00000000000000e+05 
3.19878744308261e-03 1.00000000000000e+05 
3.27863253977856e-03 1.00000000000000e+05 
3.36092874045183e-03 1.00000000000000e+05 
3.43849258317454e-03 1.00000000000000e+05 
3.51417274981697e-03 1.00000000000000e+05 
3.59093738168782e-03 1.00000000000000e+05 
3.66917123721281e-03 1.00000000000000e+05 
3.74897437845061e-03 1.00000000000000e+05 
3.83101488600543e-03 1.00000000000000e+05 
3.91515925127753e-03 1.00000000000000e+05 
4.00267606041170e-03 1.00000000000000e+05 
4.08526350576691e-03 1.00000000000000e+05 
4.16957679321860e-03 1.00000000000000e+05 
4.25608793090048e-03 1.00000000000000e+05 
4.34454377278050e-03 1.00000000000000e+05 
4.43597743449714e-03 1.00000000000000e+05 
4.53004493638136e-03 1.00000000000000e+05 
4.62881198089255e-03 1.00000000000000e+05 
4.73132285023808e-03 1.00000000000000e+05 
4.83738742208832e-03 1.00000000000000e+05 
4.93693101368285e-03 1.00000000000000e+05 
5.03854587165427e-03 1.00000000000000e+05 
5.14415666397542e-03 1.00000000000000e+05 
5.25211588563345e-03 1.00000000000000e+05 
5.36348099131264e-03 1.00000000000000e+05 
5.45774975678059e-03 1.00000000000000e+05 
5.55392124497239e-03 1.00000000000000e+05 
5.65122369032789e-03 1.00000000000000e+05 
5.75044324898368e-03 1.00000000000000e+05 
5.85082477935273e-03 1.00000000000000e+05 
5.95316604473992e-03 1.00000000000000e+05 
6.05669409987215e-03 1.00000000000000e+05 
6.16226606701998e-03 1.00000000000000e+05 
6.26905509785948e-03 1.00000000000000e+05 
6.37792045811865e-03 1.00000000000000e+05 
6.48802561722020e-03 1.00000000000000e+05 
6.60020797614996e-03 1.00000000000000e+05 
6.71359953851079e-03 1.00000000000000e+05 
6.82904310167231e-03 1.00000000000000e+05 
6.94557456812616e-03 1.00000000000000e+05 
7.06410039893200e-03 1.00000000000000e+05 
7.18380630581204e-03 1.00000000000000e+05 
7.30534650648791e-03 1.00000000000000e+05 
7.41788104865980e-03 1.00000000000000e+05 
7.54071351563759e-03 1.00000000000000e+05 
7.65666927504195e-03 1.00000000000000e+05 
7.77598966573054e-03 1.00000000000000e+05 
7.89511529850663e-03 1.00000000000000e+05 
8.01790322242601e-03 1.00000000000000e+05 
8.14037854245261e-03 1.00000000000000e+05 
8.26708047041114e-03 1.00000000000000e+05 
8.39424079717312e-03 1.00000000000000e+05 
8.52689536197947e-03 1.00000000000000e+05 
8.66217721569499e-03 1.00000000000000e+05 
8.80169603631769e-03 1.00000000000000e+05 
8.94174375680495e-03 1.00000000000000e+05 
9.08185981849069e-03 1.00000000000000e+05 
9.22323319478994e-03 1.00000000000000e+05 
9.36561681939776e-03 1.00000000000000e+05 
9.51040878893431e-03 1.00000000000000e+05 
9.65295866949735e-03 1.00000000000000e+05 
9.79194814646280e-03 1.00000000000000e+05 
9.92585434134738e-03 1.00000000000000e+05 
1.00568949692688e-02 1.00000000000000e+05 
1.01830031605454e-02 1.00000000000000e+05 
1.03064155647519e-02 1.00000000000000e+05 
1.04258155960568e-02 1.00000000000000e+05 
1.05430046676972e-02 1.00000000000000e+05 
1.06575083147670e-02 1.00000000000000e+05 
1.07701790038300e-02 1.00000000000000e+05 
1.08811148636256e-02 1.00000000000000e+05 
1.09907324958421e-02 1.00000000000000e+05 
1.10994676846513e-02 1.00000000000000e+05 
1.12190763923413e-02 1.00000000000000e+05 
1.13444325678400e-02 1.00000000000000e+05 
1.14749972468390e-02 1.00000000000000e+05 
1.15988592898140e-02 1.00000000000000e+05 
1.17274708637434e-02 1.00000000000000e+05 
1.18494965137253e-02 1.00000000000000e+05 
1.19761075074777e-02 1.00000000000000e+05 
1.20964287170487e-02 1.00000000000000e+05 
1.22211705085769e-02 1.00000000000000e+05 
1.23399710904487e-02 1.00000000000000e+05 
1.24611226579281e-02 1.00000000000000e+05 
1.25787441957438e-02 1.00000000000000e+05 
1.26983913467029e-02 1.00000000000000e+05 
1.28147097586449e-02 1.00000000000000e+05 
1.29327565797188e-02 1.00000000000000e+05 
1.30477608055491e-02 1.00000000000000e+05 
1.31642211979330e-02 1.00000000000000e+05 
1.32779612768354e-02 1.00000000000000e+05 
1.33929140807901e-02 1.00000000000000e+05 
1.35054805484886e-02 1.00000000000000e+05 
1.36190535348081e-02 1.00000000000000e+05 
1.37305672727849e-02 1.00000000000000e+05 
1.38429272041094e-02 1.00000000000000e+05 
1.39535369670944e-02 1.00000000000000e+05 
1.40648850288327e-02 1.00000000000000e+05 
1.41747648444574e-02 1.00000000000000e+05 
1.42853290855953e-02 1.00000000000000e+05 
1.43946683751852e-02 1.00000000000000e+05 
1.45046888935895e-02 1.00000000000000e+05 
1.46257114638343e-02 1.00000000000000e+05 
1.47588362911036e-02 1.00000000000000e+05 
1.48985538251597e-02 1.00000000000000e+05 
1.50313429347208e-02 1.00000000000000e+05 
1.51715311029401e-02 1.00000000000000e+05 
1.53050751937700e-02 1.00000000000000e+05 
1.54446841047365e-02 1.00000000000000e+05 
1.55793983260757e-02 1.00000000000000e+05 
1.57182851030414e-02 1.00000000000000e+05 
1.58543683039651e-02 1.00000000000000e+05 
1.59925152539195e-02 1.00000000000000e+05 
1.61300582593575e-02 1.00000000000000e+05 
1.62679263192083e-02 1.00000000000000e+05 
1.64054158564546e-02 1.00000000000000e+05 
1.65433512959663e-02 1.00000000000000e+05 
1.66811534539030e-02 1.00000000000000e+05 
1.68195722771632e-02 1.00000000000000e+05 
1.69580665970507e-02 1.00000000000000e+05 
1.70695508888117e-02 1.00000000000000e+05 
1.71921836097488e-02 1.00000000000000e+05 
1.73048276130423e-02 1.00000000000000e+05 
1.74287360166650e-02 1.00000000000000e+05 
1.75425913377005e-02 1.00000000000000e+05 
1.76661361207182e-02 1.00000000000000e+05 
1.77812114731288e-02 1.00000000000000e+05 
1.79050009122534e-02 1.00000000000000e+05 
1.80213355417874e-02 1.00000000000000e+05 
1.81457415531564e-02 1.00000000000000e+05 
1.82633919840286e-02 1.00000000000000e+05 
1.83887127746938e-02 1.00000000000000e+05 
1.85077904377287e-02 1.00000000000000e+05 
1.86343466626383e-02 1.00000000000000e+05 
1.87691233060538e-02 1.00000000000000e+05 
1.89073303303504e-02 1.00000000000000e+05 
1.90485916891364e-02 1.00000000000000e+05 
1.91917870366704e-02 1.00000000000000e+05 
1.93386074290013e-02 1.00000000000000e+05 
1.94873666479849e-02 1.00000000000000e+05 
1.96408107549455e-02 1.00000000000000e+05 
1.97963628204984e-02 1.00000000000000e+05 
1.99542977408401e-02 1.00000000000000e+05 
2.01114115418917e-02 1.00000000000000e+05 
2.02692334044414e-02 1.00000000000000e+05 
2.04259711708316e-02 1.00000000000000e+05 
2.05836693528345e-02 1.00000000000000e+05 
2.07401940664203e-02 1.00000000000000e+05 
2.08976083028990e-02 1.00000000000000e+05 
2.10540671132573e-02 1.00000000000000e+05 
2.12114146615022e-02 1.00000000000000e+05 
2.13679409168119e-02 1.00000000000000e+05 
2.15253851619589e-02 1.00000000000000e+05 
2.16820830904946e-02 1.00000000000000e+05 
2.18090309910380e-02 1.00000000000000e+05 
2.19366008988196e-02 1.00000000000000e+05 
2.20645005094760e-02 1.00000000000000e+05 
2.21931282192437e-02 1.00000000000000e+05 
2.23224161484781e-02 1.00000000000000e+05 
2.24525249458621e-02 1.00000000000000e+05 
2.25835997529548e-02 1.00000000000000e+05 
2.27155557853324e-02 1.00000000000000e+05 
2.28487574724998e-02 1.00000000000000e+05 
2.29829091097119e-02 1.00000000000000e+05 
2.31185990816832e-02 1.00000000000000e+05 
2.32503270159915e-02 1.00000000000000e+05 
2.33888233758085e-02 1.00000000000000e+05 
2.35284278316895e-02 1.00000000000000e+05 
2.36498530785531e-02 1.00000000000000e+05 
2.37766934292677e-02 1.00000000000000e+05 
2.39003310783699e-02 1.00000000000000e+05 
2.40284017543308e-02 1.00000000000000e+05 
2.41528231173012e-02 1.00000000000000e+05 
2.42812288187694e-02 1.00000000000000e+05 
2.44058710791648e-02 1.00000000000000e+05 
2.45342744128559e-02 1.00000000000000e+05 
2.46589430616405e-02 1.00000000000000e+05 
2.47872235083555e-02 1.00000000000000e+05 
2.49118512938532e-02 1.00000000000000e+05 
2.50384204686357e-02 1.00000000000000e+05 
2.51631318613622e-02 1.00000000000000e+05 
2.52896762725891e-02 1.00000000000000e+05 
2.54143777299431e-02 1.00000000000000e+05 
2.55408266504047e-02 1.00000000000000e+05 
2.56654786846032e-02 1.00000000000000e+05 
2.57918024706556e-02 1.00000000000000e+05 
2.59163902456539e-02 1.00000000000000e+05 
2.60425782206186e-02 1.00000000000000e+05 
2.61670971602764e-02 1.00000000000000e+05 
2.62931470174131e-02 1.00000000000000e+05 
2.64175971764971e-02 1.00000000000000e+05 
2.65435096508851e-02 1.00000000000000e+05 
2.66678920252158e-02 1.00000000000000e+05 
2.67936690117772e-02 1.00000000000000e+05 
2.69179840382962e-02 1.00000000000000e+05 
2.70436278663453e-02 1.00000000000000e+05 
2.71678764244768e-02 1.00000000000000e+05 
2.72933906531498e-02 1.00000000000000e+05 
2.74175733944306e-02 1.00000000000000e+05 
2.75429625657787e-02 1.00000000000000e+05 
2.76670829322122e-02 1.00000000000000e+05 
2.77923555576650e-02 1.00000000000000e+05 
2.79164194290488e-02 1.00000000000000e+05 
2.80415881296166e-02 1.00000000000000e+05 
2.81656070688349e-02 1.00000000000000e+05 
2.82906924328655e-02 1.00000000000000e+05 
2.84146839545142e-02 1.00000000000000e+05 
2.85397137697710e-02 1.00000000000000e+05 
2.86637018848308e-02 1.00000000000000e+05 
2.87887123502381e-02 1.00000000000000e+05 
2.89127289380707e-02 1.00000000000000e+05 
2.90377665479665e-02 1.00000000000000e+05 
2.91618534272696e-02 1.00000000000000e+05 
2.92943101811182e-02 1.00000000000000e+05 
2.94271434641642e-02 1.00000000000000e+05 
2.95603047854239e-02 1.00000000000000e+05 
2.96939775777872e-02 1.00000000000000e+05 
2.98280254294021e-02 1.00000000000000e+05 
2.99627453410389e-02 1.00000000000000e+05 
3.00978952674037e-02 1.00000000000000e+05 
3.02338206340553e-02 1.00000000000000e+05 
3.03703479178512e-02 1.00000000000000e+05 
3.05075797831627e-02 1.00000000000000e+05 
3.06457260785720e-02 1.00000000000000e+05 
3.07846454833058e-02 1.00000000000000e+05 
3.09247758055589e-02 1.00000000000000e+05 
3.10659083669172e-02 1.00000000000000e+05 
3.12086961890697e-02 1.00000000000000e+05 
3.13527917253645e-02 1.00000000000000e+05 
3.14974812699576e-02 1.00000000000000e+05 
3.16233584628981e-02 1.00000000000000e+05 
3.17618233751326e-02 1.00000000000000e+05 
3.18882811286267e-02 1.00000000000000e+05 
3.20258054897280e-02 1.00000000000000e+05 
3.21529168417504e-02 1.00000000000000e+05 
3.22890288746841e-02 1.00000000000000e+05 
3.24168238643482e-02 1.00000000000000e+05 
3.25524508050695e-02 1.00000000000000e+05 
3.26809622380926e-02 1.00000000000000e+05 
3.28165756570376e-02 1.00000000000000e+05 
3.29458449059494e-02 1.00000000000000e+05 
3.30817644667255e-02 1.00000000000000e+05 
3.32118445602752e-02 1.00000000000000e+05 
3.33483258731859e-02 1.00000000000000e+05 
3.34792874021322e-02 1.00000000000000e+05 
3.36165611231264e-02 1.00000000000000e+05 
3.37447572739181e-02 1.00000000000000e+05 
3.38740528595038e-02 1.00000000000000e+05 
3.40020902473078e-02 1.00000000000000e+05 
3.41312275178022e-02 1.00000000000000e+05 
3.42591230866435e-02 1.00000000000000e+05 
3.43881363370350e-02 1.00000000000000e+05 
3.45159298470509e-02 1.00000000000000e+05 
3.46448584616738e-02 1.00000000000000e+05 
3.47725851013661e-02 1.00000000000000e+05 
3.49014639748518e-02 1.00000000000000e+05 
3.50291548700272e-02 1.00000000000000e+05 
3.51580150870564e-02 1.00000000000000e+05 
3.52856983143170e-02 1.00000000000000e+05 
3.54145611363890e-02 1.00000000000000e+05 
3.55422346904174e-02 1.00000000000000e+05 
3.56711052335522e-02 1.00000000000000e+05 
3.57987961748574e-02 1.00000000000000e+05 
3.59276773350647e-02 1.00488424960062e+05 
3.60553015894244e-02 1.02105673383061e+05 
3.61840822076093e-02 1.05239695249941e+05 
3.63116408283729e-02 1.10473817256425e+05 
3.64404302282578e-02 1.18640282765322e+05 
3.65680189747485e-02 1.28796493655416e+05 
3.66969115258234e-02 1.40791893915864e+05 
3.68246111825086e-02 1.53798694201672e+05 
3.69536867479456e-02 1.67164713901428e+05 
3.70815653448784e-02 1.80605455639744e+05 
3.72108956216663e-02 1.93086898233740e+05 
3.73390154380440e-02 2.01935473064801e+05 
3.74674501693745e-02 2.07899855512692e+05 
3.75958717346051e-02 2.09856663174471e+05 
3.77245195995796e-02 2.10165904665277e+05 
3.78532789384603e-02 2.09423389337679e+05 
3.79821464791599e-02 2.08634983495501e+05 
3.81111287866453e-02 2.07565741493207e+05 
3.82402211437196e-02 2.05932805863785e+05 
3.83694054340288e-02 2.03585112415663e+05 
3.84986397114053e-02 2.00831057644256e+05 
3.86279164320409e-02 1.97955559189063e+05 
3.87571784398807e-02 1.95089353229558e+05 
3.88865294569131e-02 1.92306205059950e+05 
3.90159670161586e-02 1.89678062799581e+05 
3.91474960600222e-02 1.87218333818904e+05 
3.92818835092614e-02 1.84829248067749e+05 
3.94147172421856e-02 1.82675739911696e+05 
3.95505779069978e-02 1.80668315054376e+05 
3.96846399985115e-02 1.78920282314425e+05 
3.98219257860175e-02 1.77298434847509e+05 
3.99571872756569e-02 1.75870501265473e+05 
4.00959472419577e-02 1.74522761490813e+05 
4.02324707651424e-02 1.73262668930972e+05 
4.03728596893979e-02 1.72035255828325e+05 
4.05107940545390e-02 1.70870171558033e+05 
4.06530631188808e-02 1.69668996446046e+05 
4.07926354874811e-02 1.68510005635660e+05 
4.09371312028594e-02 1.67295348850736e+05 
4.10786484110257e-02 1.66092481966027e+05 
4.12231375082667e-02 1.64837765170358e+05 
4.13672589544283e-02 1.63567837847566e+05 
4.15141698177747e-02 1.62253156671737e+05 
4.16604237331120e-02 1.60936400016449e+05 
4.18091472737664e-02 1.59593647213066e+05 
4.19568833811273e-02 1.58268032561831e+05 
4.21067585919986e-02 1.56935308905209e+05 
4.22553690869939e-02 1.55636375548333e+05 
4.24060909848618e-02 1.54341678156160e+05 
4.25555054974094e-02 1.53088714240591e+05 
4.27070661971699e-02 1.51847374940254e+05 
4.28573356608912e-02 1.50649991762409e+05 
4.30098108328608e-02 1.49467753300840e+05 
4.31610329969948e-02 1.48328871026309e+05 
4.33145291059136e-02 1.47205538455783e+05 
4.34668072897735e-02 1.46120934212314e+05 
4.36214249685811e-02 1.45049789979532e+05 
4.37748460220857e-02 1.44010555368667e+05 
4.39306607647924e-02 1.42982244776890e+05 
4.40852920774336e-02 1.41982278909023e+05 
4.42423008523845e-02 1.40989501760648e+05 
4.43981037840282e-02 1.40021780575617e+05 
4.45572856927944e-02 1.39053519669950e+05 
4.47137927657097e-02 1.38117732497728e+05 
4.48740707378757e-02 1.37177946040124e+05 
4.50318447553267e-02 1.36268196838927e+05 
4.51935399230166e-02 1.35353568380800e+05 
4.53527365476041e-02 1.34468830854913e+05 
4.55159883623731e-02 1.33579329137835e+05 
4.56820354445824e-02 1.32692180875054e+05 
4.58423222002216e-02 1.31853438460204e+05 
4.60074772375125e-02 1.31007255015388e+05 
4.61394482465649e-02 1.30344100929658e+05 
4.62714454888491e-02 1.29692698877457e+05 
4.64035243465307e-02 1.29052319217441e+05 
4.65355438386625e-02 1.28424142189593e+05 
4.66677216000869e-02 1.27802312026562e+05 
4.67999168918599e-02 1.27194976259736e+05 
4.69323342617241e-02 1.26596948091123e+05 
4.70648464807436e-02 1.26010723263009e+05 
4.71976335788650e-02 1.25434323205888e+05 
4.73261526425296e-02 1.24887190325427e+05 
4.74594172608939e-02 1.24329637820252e+05 
4.75900992906222e-02 1.23793066843027e+05 
4.77239439086798e-02 1.23255176060611e+05 
4.78552631504723e-02 1.22736776773817e+05 
4.79890321366979e-02 1.22218534693171e+05 
4.81206305238287e-02 1.21715774515074e+05 
4.82544869262950e-02 1.21211836375782e+05 
4.83860733536485e-02 1.20724221698768e+05 
4.85198143381380e-02 1.20234717852854e+05 
4.86512734218556e-02 1.19760985664218e+05 
4.87848124703108e-02 1.19285901521401e+05 
4.89160960649032e-02 1.18827025307753e+05 
4.90493923139486e-02 1.18366149777617e+05 
4.91804757688644e-02 1.17920920334558e+05 
4.93115871522464e-02 1.17480211800385e+05 
4.94423331574656e-02 1.17048434531654e+05 
4.95779274294786e-02 1.16605286998004e+05 
4.97085281699120e-02 1.16186095808342e+05 
4.98439600770129e-02 1.15755775742533e+05 
4.99744895653942e-02 1.15348462877666e+05 
5.01098946557372e-02 1.14929533234962e+05 
5.02403777347777e-02 1.14533094972821e+05 
5.03757990650586e-02 1.14124995500962e+05 
5.05062484979369e-02 1.13738940383915e+05 
5.06417021915064e-02 1.13341302471286e+05 
5.07721263299189e-02 1.12965302759511e+05 
5.09076195616703e-02 1.12577938711511e+05 
5.10380291716092e-02 1.12211874798283e+05 
5.11735688482484e-02 1.11835410682495e+05 
5.13039749180355e-02 1.11479749282779e+05 
5.14395679382394e-02 1.11113673623832e+05 
5.15699797306846e-02 1.10767836005891e+05 
5.17056319000505e-02 1.10411757823612e+05 
5.18360520659867e-02 1.10075355778798e+05 
5.19717551830711e-02 1.09728686635711e+05 
5.21021848832460e-02 1.09401201609919e+05 
5.22379388008526e-02 1.09063376460306e+05 
5.23683789332419e-02 1.08744342214041e+05 
5.25041868734113e-02 1.08414988594925e+05 
5.26346366262174e-02 1.08104137614292e+05 
5.27705023089549e-02 1.07783067261325e+05 
5.29002804407314e-02 1.07481811787898e+05 
5.30301781125194e-02 1.07182696480851e+05 
5.31605500240329e-02 1.06887796841750e+05 
5.32912610894154e-02 1.06594433946368e+05 
5.34207161962132e-02 1.06309097076485e+05 
5.35490198130779e-02 1.06028434241640e+05 
5.36782595574589e-02 1.05750793035814e+05 
5.38063881357491e-02 1.05477619557414e+05 
5.39355652369702e-02 1.05207158625780e+05 
5.40636491815110e-02 1.04940984225373e+05 
5.41929094063289e-02 1.04677179374540e+05 
5.43210729460822e-02 1.04417507511323e+05 
5.44505450136092e-02 1.04159868149756e+05 
5.45788943233292e-02 1.03906250107758e+05 
5.47087025069751e-02 1.03654333597598e+05 
5.48373849536464e-02 1.03406277259995e+05 
5.49676958796787e-02 1.03159538000004e+05 
5.50970091272845e-02 1.02916267616137e+05 
5.52271942804962e-02 1.02675688341456e+05 
5.53573258031383e-02 1.02436693114359e+05 
5.54873379571573e-02 1.02202132446111e+05 
5.56235852494574e-02 1.01957801004472e+05 
5.57533288539345e-02 1.01729314733469e+05 
5.58893801091604e-02 1.01491099801482e+05 
5.60187808179265e-02 1.01268602342809e+05 
5.61545507788469e-02 1.01036498995326e+05 
5.62835600009242e-02 1.00820347293556e+05 
5.64189972432094e-02 1.00594505655306e+05 
5.65476204309356e-02 1.00384247478467e+05 
5.66827276289645e-02 1.00164339658367e+05 
5.68110155824355e-02 9.99595404814413e+04 
5.69458382778060e-02 9.97451530967415e+04 
5.70738809896723e-02 9.95454011048974e+04 
5.72084834481415e-02 9.93362023290279e+04 
5.73363525123246e-02 9.91412187631453e+04 
5.74708041557444e-02 9.89369603993071e+04 
5.75986167743982e-02 9.87462888647568e+04 
5.77330334071076e-02 9.85466164765281e+04 
5.78608927785817e-02 9.83599877969206e+04 
5.79901131501437e-02 9.81723657964672e+04 
5.81181010752005e-02 9.79898576523977e+04 
5.82479909020539e-02 9.78057791797981e+04 
5.83761414758210e-02 9.76275335659087e+04 
5.85070244482412e-02 9.74467982958703e+04 
5.86353755972538e-02 9.72729011978228e+04 
5.87675289722298e-02 9.70952270016857e+04 
5.88961223578177e-02 9.69256588631314e+04 
5.90236924478783e-02 9.67587726051760e+04 
5.91522713429382e-02 9.65937362745034e+04 
5.92796699483117e-02 9.64314956342113e+04 
5.94069521581743e-02 9.62724599219395e+04 
5.95341799599494e-02 9.61147224047573e+04 
5.96613320986979e-02 9.59600894118422e+04 
5.97884719920623e-02 9.58066491410061e+04 
5.99156275936109e-02 9.56561795864922e+04 
6.00524835847405e-02 9.54954720230543e+04 
6.01804049030980e-02 9.53483780334570e+04 
6.03145758577214e-02 9.51952297261284e+04 
6.04455864081539e-02 9.50488995442505e+04 
6.05838772074039e-02 9.48955467332807e+04 
6.07154555243230e-02 9.47528704808422e+04 
6.08492606662761e-02 9.46087632747939e+04 
6.09814600109724e-02 9.44695512035531e+04 
6.11212649554571e-02 9.43233103107500e+04 
6.12541368713707e-02 9.41875063153254e+04 
6.13947955764021e-02 9.40446706930364e+04 
6.15283867471759e-02 9.39121396583721e+04 
6.16675905705337e-02 9.37748825587977e+04 
6.18019378472183e-02 9.36453810937696e+04 
6.19443848729569e-02 9.35088156090485e+04 
6.20795267688496e-02 9.33822245325397e+04 
6.22229144957454e-02 9.32486009099795e+04 
6.23588853831485e-02 9.31248548266908e+04 
6.25032282594598e-02 9.29941626200398e+04 
6.26400599169970e-02 9.28732162106354e+04 
6.27853721044064e-02 9.27454353523694e+04 
6.29230936321567e-02 9.26272594100320e+04 
6.30693850888312e-02 9.25024027042857e+04 
6.32080233047489e-02 9.23870113313114e+04 
6.33552993782427e-02 9.22651421213945e+04 
6.34948783711664e-02 9.21525972172337e+04 
6.36431419071092e-02 9.20338509254860e+04 
6.37836829914745e-02 9.19243031571346e+04 
6.39329369452629e-02 9.18089229908884e+04 
6.40744580308987e-02 9.17026127507361e+04 
6.42247067084959e-02 9.15908712679550e+04 
6.43672220340396e-02 9.14880446849352e+04 
6.44959497322633e-02 9.13961668075552e+04 
6.46278891911570e-02 9.13046719741069e+04 
6.47565535833765e-02 9.12163034539822e+04 
6.48885121872564e-02 9.11284740332979e+04 
6.50205169307825e-02 9.10415730163969e+04 
6.51526305705254e-02 9.09575984191933e+04 
6.52848551888739e-02 9.08744847767268e+04 
6.54172475513005e-02 9.07945584849492e+04 
6.55498054038801e-02 9.07155810959072e+04 
6.56825846588053e-02 9.06398784769705e+04 
6.58155822526195e-02 9.05653118190769e+04 
6.59488578169165e-02 9.04943440148681e+04 
6.60824134677960e-02 9.04246333381514e+04 
6.62163148487280e-02 9.03586291058531e+04 
6.63505805704899e-02 9.02939692032298e+04 
6.64852743759472e-02 9.02334490205895e+04 
6.66204450878373e-02 9.01744608780724e+04 
6.67561518364336e-02 9.01187020943856e+04 
6.68920227808066e-02 9.00645604763655e+04 
6.70284532208065e-02 9.00160319042081e+04 
6.71651316834403e-02 8.99698755758595e+04 
6.73023813039294e-02 8.99308608203676e+04 
6.74405794687525e-02 8.98940328223564e+04 
6.75798510903735e-02 8.98664813820960e+04 
6.77207068787403e-02 8.98408769645977e+04 
6.78631309689910e-02 8.98165147539080e+04 
6.80068488402594e-02 8.97977519945422e+04 
6.81489738171105e-02 8.97904998287942e+04 
6.82927111755039e-02 8.97888524655161e+04 
6.84362510412382e-02 8.97894194822302e+04 
6.85800611205077e-02 8.97975521264552e+04 
6.87237657463926e-02 8.98128025532422e+04 
6.88676917446283e-02 8.98350228658740e+04 
6.90114862040739e-02 8.98640098804876e+04 
6.91555372722703e-02 8.99015811794530e+04 
6.92993809306877e-02 8.99394450665109e+04 
6.94435489994820e-02 8.99811071088527e+04 
6.95874610525847e-02 9.00261044874046e+04 
6.97317355582148e-02 9.00786565150544e+04 
6.98757528548949e-02 9.01373483121464e+04 
7.00201119403316e-02 9.02034793942392e+04 
7.01642418486991e-02 9.02770446081737e+04 
7.03086602314414e-02 9.03605662932023e+04 
7.04528901917039e-02 9.04519010424654e+04 
7.05973528972497e-02 9.05493772737134e+04 
7.07416669979839e-02 9.06512793976175e+04 
7.08861705417760e-02 9.07586324985804e+04 
7.10305580736246e-02 9.08684004939598e+04 
7.11751059215107e-02 9.09833734291647e+04 
7.13195619286733e-02 9.10988593293687e+04 
7.14641598216948e-02 9.12184191222568e+04 
7.16086836457347e-02 9.13371874057938e+04 
7.17533363672716e-02 9.14583062871220e+04 
7.18979289346997e-02 9.15811482186698e+04 
7.20426393201671e-02 9.17094475467931e+04 
7.21873011087313e-02 9.18318795071672e+04 
7.23320701145938e-02 9.19527935971296e+04 
7.24768004346123e-02 9.20705512589487e+04 
7.26216234477172e-02 9.21800453843604e+04 
7.27664160145858e-02 9.22872344962015e+04 
7.29112859197943e-02 9.23866103603404e+04 
7.30561329806814e-02 9.24844316155491e+04 
7.32010436213761e-02 9.25756452632021e+04 
7.33459399057863e-02 9.26649669362832e+04 
7.34908878044516e-02 9.27482901456596e+04 
7.36358312728996e-02 9.28286831835559e+04 
7.37808157778974e-02 9.29033527332814e+04 
7.39258068850403e-02 9.29741218640944e+04 
7.40708296116228e-02 9.30336701259276e+04 
7.42130903517640e-02 9.30889400653584e+04 
7.43581429247598e-02 9.31412689004880e+04 
7.44970034122494e-02 9.31880132430271e+04 
7.46420866828547e-02 9.32373764417837e+04 
7.47872249805690e-02 9.32829243273631e+04 
7.49323651190089e-02 9.33264291965532e+04 
7.50774839702550e-02 9.33661010117214e+04 
7.52226341210125e-02 9.33990718833917e+04 
7.53676948911002e-02 9.34291642765678e+04 
7.55128554075756e-02 9.34535198060497e+04 
7.56579099523600e-02 9.34754071362105e+04 
7.58030810773915e-02 9.34931233532664e+04 
7.59481698544588e-02 9.35096682175970e+04 
7.60933387876432e-02 9.35211314752514e+04 
7.62384649521969e-02 9.35324715135032e+04 
7.63836295644217e-02 9.35391930532848e+04 
7.65287991943628e-02 9.35461129983343e+04 
7.66739766209937e-02 9.35493786642300e+04 
7.68192095463797e-02 9.35524960384915e+04 
7.69644288908571e-02 9.35566005329266e+04 
7.71097512210346e-02 9.35613439188240e+04 
7.72550477584544e-02 9.35677253665263e+04 
7.74004771279272e-02 9.35751887134944e+04 
7.75458899306781e-02 9.35843358719929e+04 
7.76914637644241e-02 9.35949630320967e+04 
7.78370336189533e-02 9.36078420714751e+04 
7.79827854327295e-02 9.36223257966757e+04 
7.81283703830536e-02 9.36395571084811e+04 
7.82741241174069e-02 9.36583674668101e+04 
7.84197164321855e-02 9.36802913479788e+04 
7.85654818715760e-02 9.37031259394259e+04 
7.87110952091863e-02 9.37284335938515e+04 
7.88568824487936e-02 9.37538962095032e+04 
7.90025306887362e-02 9.37814259749804e+04 
7.91483543081121e-02 9.38112986883721e+04 
7.92940551628202e-02 9.38393971174201e+04 
7.94399362247620e-02 9.38702044889946e+04 
7.95857127611967e-02 9.38986273358229e+04 
7.97316734149067e-02 9.39293318966579e+04 
7.98775489129126e-02 9.39588802999908e+04 
8.00236115025197e-02 9.39883763074923e+04 
8.01696089749745e-02 9.40158775134895e+04 
8.03157957249246e-02 9.40436715044979e+04 
8.04619377196837e-02 9.40680283425828e+04 
8.06226939139188e-02 9.40950089255817e+04 
8.07891722058162e-02 9.41184245068123e+04 
8.09517684894729e-02 9.41413296276040e+04 
8.11180647475571e-02 9.41596410625729e+04 
8.12801394171286e-02 9.41775695811965e+04 
8.14459514771011e-02 9.41912500543636e+04 
8.15967157096156e-02 9.42026718271809e+04 
8.17616971935407e-02 9.42112880047237e+04 
8.19099042961950e-02 9.42165625035003e+04 
8.20724828621815e-02 9.42182035544522e+04 
8.22344362087312e-02 9.42185495309529e+04 
8.24003483343784e-02 9.42092594982438e+04 
8.25636464792189e-02 9.42001364097936e+04 
8.27305634636393e-02 9.41806101714231e+04 
8.28941730310024e-02 9.41613619887518e+04 
8.30613644788009e-02 9.41327573605627e+04 
8.32245769377226e-02 9.41056701145620e+04 
8.33915344199753e-02 9.40733847426446e+04 
8.35542364304375e-02 9.40419707947523e+04 
8.37207816061227e-02 9.40091553360167e+04 
8.38750307372223e-02 9.39803960948628e+04 
8.40409739269630e-02 9.39509591325455e+04 
8.42029362459960e-02 9.39310028456452e+04 
8.43687265936279e-02 9.39143146958364e+04 
8.45304231676315e-02 9.38907845711512e+04 
8.46960060034922e-02 9.38710177637177e+04 
8.48577448059950e-02 9.38479698490788e+04 
8.50233479855354e-02 9.38286151734811e+04 
8.51852275091594e-02 9.38090181916535e+04 
8.53509220575242e-02 9.38097287826242e+04 
8.54918361404729e-02 9.38249266701051e+04 
8.56428256949743e-02 9.38622564263314e+04 
8.57983583584289e-02 9.39240346852548e+04 
8.59597249401273e-02 9.40253053769530e+04 
8.61178284312670e-02 9.41708175187577e+04 
8.62811068258112e-02 9.43691535392366e+04 
8.64401865336363e-02 9.46172434302852e+04 
8.66053823362696e-02 9.49220755625778e+04 
8.67634352150100e-02 9.52581588921184e+04 
8.69267397735384e-02 9.56529703821494e+04 
8.70849601292238e-02 9.60760285497567e+04 
8.72480644403032e-02 9.65559773027837e+04 
8.74058132865480e-02 9.70628847584426e+04 
8.75684055030314e-02 9.76243547211883e+04 
8.77258410977069e-02 9.82033580558121e+04 
8.78880645867843e-02 9.88296041110957e+04 
8.80452787603930e-02 9.94622227458007e+04 
8.82072354351115e-02 1.00132167548829e+05 
8.83642774974967e-02 1.00794366942259e+05 
8.85260307236997e-02 1.01481470915252e+05 
8.86753671847503e-02 1.02114735071680e+05 
8.88357282992369e-02 1.02786683251279e+05 
8.89925043894246e-02 1.03429429588636e+05 
8.91542168739422e-02 1.04071520105637e+05 
8.93118242213879e-02 1.04670475156607e+05 
8.94744490740054e-02 1.05254553929352e+05 
8.96327168210020e-02 1.05785469753112e+05 
8.97958853817981e-02 1.06291548652982e+05 
8.99539240644798e-02 1.06743940513735e+05 
9.01167505038096e-02 1.07173508485225e+05 
9.02743153439662e-02 1.07538369800867e+05 
9.04367096416596e-02 1.07865548578715e+05 
9.05939618385052e-02 1.08136924917065e+05 
9.07560198789758e-02 1.08373638820247e+05 
9.09130966939002e-02 1.08562695531510e+05 
9.10749282700975e-02 1.08719227799016e+05 
9.12319045827583e-02 1.08832064366986e+05 
9.13935857173783e-02 1.08921731512515e+05 
9.15419933179585e-02 1.08982868144330e+05 
9.17020504084455e-02 1.09033766280429e+05 
9.18586903911935e-02 1.09065967553012e+05 
9.20202122953606e-02 1.09082648778925e+05 
9.21778107637972e-02 1.09083230912840e+05 
9.23403848643741e-02 1.09070186076754e+05 
9.24988089834325e-02 1.09047533291842e+05 
9.26621998373603e-02 1.09010983538536e+05 
9.28205977070434e-02 1.08972789191196e+05 
9.29836906453258e-02 1.08923977794997e+05 
9.31416343801390e-02 1.08876608807775e+05 
9.33043158200232e-02 1.08819434329524e+05 
9.34619587151965e-02 1.08764235633113e+05 
9.36243239505063e-02 1.08700578101879e+05 
9.37818087507568e-02 1.08643972952098e+05 
9.39439726985467e-02 1.08578311675853e+05 
9.40929537910877e-02 1.08522601569368e+05 
9.42536940716860e-02 1.08464992723725e+05 
9.44110246447242e-02 1.08404043112800e+05 
9.45732624963958e-02 1.08344447690698e+05 
9.47315742198123e-02 1.08282117803525e+05 
9.48948924637625e-02 1.08221640715415e+05 
9.50540601824514e-02 1.08160309657028e+05 
9.52179826371849e-02 1.08100987956847e+05 
9.53769331857720e-02 1.08044185995258e+05 
9.55406216228390e-02 1.07989777607693e+05 
9.56991993374277e-02 1.07938678801602e+05 
9.58625824054593e-02 1.07890483757835e+05 
9.60209704061792e-02 1.07846620260097e+05 
9.61841698432815e-02 1.07806196891305e+05 
9.63340852012090e-02 1.07772696263136e+05 
9.64961621082807e-02 1.07741383083667e+05 
9.66547759482307e-02 1.07717135794287e+05 
9.68184583711835e-02 1.07695700781116e+05 
9.69781672708497e-02 1.07685611478049e+05 
9.71430499534237e-02 1.07682298277923e+05 
9.73037606227827e-02 1.07690680486933e+05 
9.74692631279932e-02 1.07709810995056e+05 
9.76297897028419e-02 1.07736278216552e+05 
9.77952703877373e-02 1.07771316295282e+05 
9.79556439979212e-02 1.07810442206957e+05 
9.81210881994210e-02 1.07858916215849e+05 
9.82815492425945e-02 1.07915608110566e+05 
9.84470751417815e-02 1.07980509400028e+05 
9.85979684501220e-02 1.08045338082723e+05 
9.87631627712419e-02 1.08119322489799e+05 
9.89248727095360e-02 1.08195382528670e+05 
9.90918484119172e-02 1.08274543976352e+05 
9.92547544656565e-02 1.08351315653357e+05 
9.94226115071272e-02 1.08424262641700e+05 
9.95859657744420e-02 1.08492819646736e+05 
9.97541564039745e-02 1.08567778566172e+05 
9.99173604475960e-02 1.08636501176039e+05 
1.00085578983292e-01 1.08696797390109e+05 
1.00248693637144e-01 1.08743176766904e+05 
1.00416931624622e-01 1.08774265466840e+05 
1.00580173743932e-01 1.08791514326703e+05 
1.00748574876648e-01 1.08786094249175e+05 
1.00912116241108e-01 1.08757244486207e+05 
1.01080824361690e-01 1.08700185529392e+05 
1.01244753883073e-01 1.08621569974560e+05 
1.01414989355557e-01 1.08521873200824e+05 
1.01578664164049e-01 1.08407933596082e+05 
1.01748828026086e-01 1.08271124005310e+05 
1.01913076977225e-01 1.08124743237178e+05 
1.02081440656514e-01 1.07962501144562e+05 
1.02245873710858e-01 1.07790519738552e+05 
1.02411789630135e-01 1.07607033145080e+05 
1.02574596060980e-01 1.07416969907134e+05 
1.02738945936267e-01 1.07218398074742e+05 
1.02900598876716e-01 1.07016308450385e+05 
1.03063417484268e-01 1.06807880298957e+05 
1.03224079195025e-01 1.06597805846035e+05 
1.03385692611237e-01 1.06383131060723e+05 
1.03545594542419e-01 1.06167632358308e+05 
1.03706351305756e-01 1.05949009231432e+05 
1.03865794619184e-01 1.05730355300298e+05 
1.04036291108648e-01 1.05496050380847e+05 
1.04206409182294e-01 1.05261622520952e+05 
1.04376293290891e-01 1.05028564533704e+05 
1.04545814546447e-01 1.04796846978198e+05 
1.04715182346322e-01 1.04567586787250e+05 
1.04884176896769e-01 1.04340666535720e+05 
1.05053106441888e-01 1.04116738952318e+05 
1.05221653835137e-01 1.03895682576642e+05 
1.05390155943696e-01 1.03677871720992e+05 
1.05558318671673e-01 1.03463049317660e+05 
1.05726428775669e-01 1.03251556779315e+05 
1.05894253801539e-01 1.03042926593150e+05 
1.06062016734008e-01 1.02837506049565e+05 
1.06229550143001e-01 1.02634622542816e+05 
1.06397014614131e-01 1.02434663040073e+05 
1.06541474658491e-01 1.02263717282066e+05 
1.06700380707286e-01 1.02077928269591e+05 
1.06861804971653e-01 1.01890640938190e+05 
1.07028823885352e-01 1.01699162933022e+05 
1.07195706441994e-01 1.01509166211131e+05 
1.07362553193356e-01 1.01321287111952e+05 
1.07529297854679e-01 1.01134644059334e+05 
1.07695998232553e-01 1.00949888989943e+05 
1.07862651661167e-01 1.00766107680751e+05 
1.08029227478883e-01 1.00584064258041e+05 
1.08195767273642e-01 1.00402845254148e+05 
1.08362196717988e-01 1.00223283189321e+05 
1.08528585503102e-01 1.00044484942591e+05 
1.08694862059414e-01 9.98672742820152e+04 
1.08861131577779e-01 9.96907204187062e+04 
1.09027325629706e-01 9.95156724376661e+04 
1.09193543419009e-01 9.93412449335154e+04 
1.09359706530593e-01 9.91682982827118e+04 
1.09524807938647e-01 9.89971070719718e+04 
1.09690967336140e-01 9.88262158891862e+04 
1.09855249285368e-01 9.86579412406925e+04 
1.10021055079507e-01 9.84895274281038e+04 
1.10184767078885e-01 9.83239968349127e+04 
1.10349850841633e-01 9.81585524759983e+04 
1.10513173182458e-01 9.79957213977200e+04 
1.10677783931236e-01 9.78331469909463e+04 
1.10840914319208e-01 9.76729939114297e+04 
1.11005343298192e-01 9.75131828228131e+04 
1.11172228920648e-01 9.73520872200989e+04 
1.11339136121220e-01 9.71927863751913e+04 
1.11506112208359e-01 9.70345323885903e+04 
1.11673123979393e-01 9.68780370278650e+04 
1.11816253124944e-01 9.67449153813367e+04 
1.11973695185050e-01 9.66001372460343e+04 
1.12134831775830e-01 9.64532303196922e+04 
1.12302658678747e-01 9.63022141095232e+04 
1.12470538478919e-01 9.61526301156123e+04 
1.12638461622904e-01 9.60050335579084e+04 
1.12806442931831e-01 9.58589640645568e+04 
1.12974476661786e-01 9.57148733794775e+04 
1.13143256918573e-01 9.55717453081537e+04 
1.13312076933086e-01 9.54305609438128e+04 
1.13480949607030e-01 9.52908681948858e+04 
1.13649868563167e-01 9.51529961754440e+04 
1.13818837884216e-01 9.50164705075380e+04 
1.13988773932370e-01 9.48808995794642e+04 
1.14158787644594e-01 9.47464780819015e+04 
1.14328872398893e-01 9.46136065422195e+04 
1.14499016893607e-01 9.44817311422204e+04 
1.14669214034919e-01 9.43513057073307e+04 
1.14839463411237e-01 9.42217148476062e+04 
1.15009765876532e-01 9.40934717071307e+04 
1.15180127751047e-01 9.39659019592089e+04 
1.15350542819555e-01 9.38395380283886e+04 
1.15521020129259e-01 9.37136908768922e+04 
1.15691554100077e-01 9.35888428664052e+04 
1.15862153616775e-01 9.34643287719184e+04 
1.16032810261387e-01 9.33405442610263e+04 
1.16203534962166e-01 9.32169458749458e+04 
1.16374319182464e-01 9.30938548260853e+04 
1.16545175487346e-01 9.29707807690298e+04 
1.16716093123561e-01 9.28480048000881e+04 
1.16887085741949e-01 9.27251026772554e+04 
1.17058140280565e-01 9.26023380226174e+04 
1.17229273590171e-01 9.24793298208480e+04 
1.17400469073394e-01 9.23563705759632e+04 
1.17571713607891e-01 9.22331440242180e+04 
1.17743301255674e-01 9.21097586322929e+04 
1.17914917018545e-01 9.19861598668812e+04 
1.18086598550401e-01 9.18627149771084e+04 
1.18258296282778e-01 9.17391572751543e+04 
1.18430050611261e-01 9.16158764764052e+04 
1.18601823588203e-01 9.14925801571050e+04 
1.18773654979286e-01 9.13697224411402e+04 
1.18945519260790e-01 9.12470246002779e+04 
1.19117445271730e-01 9.11249838524915e+04 
1.19289419279259e-01 9.10033494689391e+04 
1.19461442141012e-01 9.08825581469243e+04 
1.19633524992725e-01 9.07622295860191e+04 
1.19805634821071e-01 9.06429368803665e+04 
1.19977803310425e-01 9.05244073229544e+04 
1.20149931662125e-01 9.04068419570218e+04 
1.20322024411472e-01 9.02902550696774e+04 
1.20494079475094e-01 9.01754901996217e+04 
1.20666197585310e-01 9.00622390791486e+04 
1.20838498761560e-01 8.99472747143458e+04 
1.21010881322303e-01 8.98367266055855e+04 
1.21183291257112e-01 8.97293105732467e+04 
1.21355746539505e-01 8.96250455998837e+04 
1.21528228259853e-01 8.95230388043609e+04 
1.21700745751297e-01 8.94238389295560e+04 
1.21873287260646e-01 8.93268792310933e+04 
1.22045856346394e-01 8.92329394027786e+04 
1.22218427166565e-01 8.91418439466626e+04 
1.22391034855137e-01 8.90576049044060e+04 
1.22563658249900e-01 8.89759183769097e+04 
1.22736308135605e-01 8.88934561057144e+04 
1.22908977616734e-01 8.88135390158131e+04 
1.23081990810994e-01 8.87325094439399e+04 
1.23255023196396e-01 8.86542070908185e+04 
1.23428051407104e-01 8.85776446813314e+04 
1.23601101273104e-01 8.85050510548829e+04 
1.23774158967430e-01 8.84349070228414e+04 
1.23947245211285e-01 8.83687071246108e+04 
1.24097151922536e-01 8.83133563424865e+04 
1.24262049304912e-01 8.82559301463402e+04 
1.24435207901139e-01 8.81980414054572e+04 
1.24608402360682e-01 8.81439257221830e+04 
1.24781626605448e-01 8.80938776802241e+04 
1.24954886769491e-01 8.80460533066975e+04 
1.25128434040737e-01 8.80035704820352e+04 
1.25302015059499e-01 8.79638260724865e+04 
1.25475623327717e-01 8.79299146406074e+04 
1.25649255413579e-01 8.78991446275602e+04 
1.25804455717028e-01 8.78766305230210e+04 
1.25975176050822e-01 8.78541725784008e+04 
1.26148848961300e-01 8.78337354053674e+04 
1.26322526166645e-01 8.78152863479771e+04 
1.26496305076219e-01 8.77987919923964e+04 
1.26670110449733e-01 8.77840181968049e+04 
1.26843913368166e-01 8.77707350157038e+04 
1.27017729929479e-01 8.77589462903125e+04 
1.27191543673791e-01 8.77482415082916e+04 
1.27365358082846e-01 8.77387709431149e+04 
1.27539634061229e-01 8.77299876225838e+04 
1.27713913710290e-01 8.77220893115935e+04 
1.27888154397542e-01 8.77144860560727e+04 
1.28062307667880e-01 8.77073560816265e+04 
1.28236365572396e-01 8.77000869685082e+04 
1.28411107816878e-01 8.76928928922298e+04 
1.28565286162081e-01 8.76860737640145e+04 
1.28734882341804e-01 8.76782989747186e+04 
1.28909542001008e-01 8.76692936818068e+04 
1.29084176787471e-01 8.76596373278184e+04 
1.29258765626438e-01 8.76487842718276e+04 
1.29433317441493e-01 8.76370890150364e+04 
1.29607818238245e-01 8.76240774303137e+04 
1.29782275124360e-01 8.76100597976475e+04 
1.29956676404208e-01 8.75945722034508e+04 
1.30131170525411e-01 8.75779120430173e+04 
1.30305392155581e-01 8.75596547224184e+04 
1.30479332221248e-01 8.75401362514604e+04 
1.30652955051897e-01 8.75189381238043e+04 
1.30826254220191e-01 8.74964165304136e+04 
1.30999237563295e-01 8.74722301699944e+04 
1.31171884688445e-01 8.74467809940462e+04 
1.31344183929665e-01 8.74197663054391e+04 
1.31516169853027e-01 8.73914817293261e+04 
1.31687783765529e-01 8.73616885842110e+04 
1.31859098959322e-01 8.73305950328562e+04 
1.32030060879039e-01 8.72980418317346e+04 
1.32200731177275e-01 8.72645194895246e+04 
1.32371062812054e-01 8.72297498215474e+04 
1.32541113583575e-01 8.71937817683392e+04 
1.32710853440403e-01 8.71564548331526e+04 
1.32880340565365e-01 8.71173622741078e+04 
1.33049544837188e-01 8.70774189736823e+04 
1.33218961667749e-01 8.70375133293086e+04 
1.33388674806716e-01 8.69959696985709e+04 
1.33558150585198e-01 8.69532882579951e+04 
1.33727431634487e-01 8.69114884965211e+04 
1.33896509268475e-01 8.68668929731259e+04 
1.34065410634001e-01 8.68221589537790e+04 
1.34234129450765e-01 8.67767933747664e+04 
1.34379909101237e-01 8.67377994278475e+04 
1.34540266716755e-01 8.66945798481079e+04 
1.34701858023605e-01 8.66514418607834e+04 
1.34869602779880e-01 8.66064099724390e+04 
1.35031524058965e-01 8.65635419671306e+04 
1.35199442284092e-01 8.65189410864487e+04 
1.35359695528117e-01 8.64771369540120e+04 
1.35525727653328e-01 8.64337867525837e+04 
1.35685669212263e-01 8.63929450090591e+04 
1.35850750080836e-01 8.63509254191694e+04 
1.36009519646242e-01 8.63115464747481e+04 
1.36173180371786e-01 8.62714093684047e+04 
1.36330776331276e-01 8.62339781350406e+04 
1.36493012360836e-01 8.61962466890415e+04 
1.36649464830334e-01 8.61617687669657e+04 
1.36810314881584e-01 8.61272534966275e+04 
1.36965636502834e-01 8.60958520968502e+04 
1.37125129948612e-01 8.60648353594316e+04 
1.37279309994835e-01 8.60405899814215e+04 
1.37437449997492e-01 8.60132982482455e+04 
1.37590476308227e-01 8.59926791509266e+04 
1.37747267985015e-01 8.59737104358602e+04 
1.37899133836884e-01 8.59551304434737e+04 
1.38054587670944e-01 8.59392368126015e+04 
1.38205285361028e-01 8.59234320813467e+04 
1.38359403908544e-01 8.59104978973564e+04 
1.38508923472622e-01 8.58978895129815e+04 
1.38661713846854e-01 8.58883900912644e+04 
1.38810062181356e-01 8.58814211299912e+04 
1.38961550731029e-01 8.58787886865995e+04 
1.39108756813400e-01 8.58795857011863e+04 
1.39258987315607e-01 8.58845917780089e+04 
1.39405129054186e-01 8.58924865725847e+04 
1.39554562760981e-01 8.59056120787737e+04 
1.39700140834656e-01 8.59216633122797e+04 
1.39849088248330e-01 8.59437834207439e+04 
1.39994201546650e-01 8.59686467290679e+04 
1.40142747125296e-01 8.59980361525538e+04 
1.40287453004529e-01 8.60308267963900e+04 
1.40435663282444e-01 8.60702894514374e+04 
1.40580026874935e-01 8.61148193687899e+04 
1.40727978527754e-01 8.61643910853635e+04 
1.40872075859208e-01 8.62199833899271e+04 
1.41019859394554e-01 8.62800567706756e+04 
1.41163784687748e-01 8.63427183359563e+04 
1.41311507717381e-01 8.64106431760203e+04 
1.41455367506566e-01 8.64826106523192e+04 
1.41603145544292e-01 8.65595444187979e+04 
1.41747052247345e-01 8.66373990533558e+04 
1.41895034622004e-01 8.67204495322158e+04 
1.42039084140079e-01 8.68041879357552e+04 
1.42188645659596e-01 8.68939752471397e+04 
1.42344397922673e-01 8.69905941664866e+04 
1.42507902620745e-01 8.70949734820311e+04 
1.42675708858234e-01 8.72054366227753e+04 
1.42846121832846e-01 8.73201967096537e+04 
1.43016620503888e-01 8.74378154621251e+04 
1.43187194174583e-01 8.75574431955356e+04 
1.43358107558568e-01 8.76793893593420e+04 
1.43528898876838e-01 8.78030330800910e+04 
1.43700009151841e-01 8.79283018573987e+04 
1.43870555540719e-01 8.80548540466138e+04 
1.44041800440688e-01 8.81830764887197e+04 
1.44212527731082e-01 8.83128065755857e+04 
1.44383896466815e-01 8.84445872557464e+04 
1.44555020871354e-01 8.85788342869338e+04 
1.44726521235005e-01 8.87161318693116e+04 
1.44898080665829e-01 8.88575067956215e+04 
1.45069723293557e-01 8.90035025155542e+04 
1.45241430689783e-01 8.91555673743406e+04 
1.45413226616792e-01 8.93141644437562e+04 
1.45585096255204e-01 8.94816967236797e+04 
1.45757047161206e-01 8.96598689425595e+04 
1.45929072086724e-01 8.98499168952125e+04 
1.46101167921548e-01 9.00528497258622e+04 
1.46273340083261e-01 9.02708909249426e+04 
1.46445565207253e-01 9.05014248563274e+04 
1.46617888048858e-01 9.07494162940413e+04 
1.46790273068227e-01 9.10149688300339e+04 
1.46962740197719e-01 9.13022297697891e+04 
1.47135257866923e-01 9.16093047912938e+04 
1.47308078154977e-01 9.19382068148706e+04 
1.47481238737145e-01 9.22884272196730e+04 
1.47654428712639e-01 9.26597974095766e+04 
1.47827671524095e-01 9.30518575143198e+04 
1.48001762854842e-01 9.34652217190442e+04 
1.48176038273556e-01 9.38977427778655e+04 
1.48350449403961e-01 9.43468361309808e+04 
1.48524935540979e-01 9.48111266878869e+04 
1.48699538132495e-01 9.52871557249812e+04 
1.48874215430052e-01 9.57730371195303e+04 
1.49049017875665e-01 9.62650272188337e+04 
1.49223908449597e-01 9.67604444534258e+04 
1.49398930624204e-01 9.72556950069966e+04 
1.49574048109184e-01 9.77474590248840e+04 
1.49749295414513e-01 9.82323239485169e+04 
1.49924652350213e-01 9.87069940371624e+04 
1.50100087419094e-01 9.91685201804995e+04 
1.50275635096073e-01 9.96138549204514e+04 
1.50451270435441e-01 1.00039884290539e+05 
1.50627018158386e-01 1.00445434807364e+05 
1.50802862247743e-01 1.00827884365194e+05 
1.50978818793137e-01 1.01186142793577e+05 
1.51154879733793e-01 1.01519351610692e+05 
1.51331053080945e-01 1.01827671758253e+05 
1.51507337448693e-01 1.02108991152712e+05 
1.51683732175317e-01 1.02356439032681e+05 
1.51860240602005e-01 1.02574898147960e+05 
1.52036853095272e-01 1.02760673764217e+05 
1.52213578719039e-01 1.02923944128124e+05 
1.52390402839001e-01 1.03064832478620e+05 
1.52567340940588e-01 1.03181888308533e+05 
1.52744373746641e-01 1.03274756592266e+05 
1.52921521248689e-01 1.03343635720956e+05 
1.53098758617621e-01 1.03389678433137e+05 
1.53276106893004e-01 1.03414925388255e+05 
1.53453540132421e-01 1.03420535704723e+05 
1.53631079258537e-01 1.03407299968996e+05 
1.53808699299992e-01 1.03375925659429e+05 
1.53986420273423e-01 1.03329943087488e+05 
1.54164216504757e-01 1.03271642742827e+05 
1.54342106033431e-01 1.03198024922915e+05 
1.54520062986892e-01 1.03117702838248e+05 
1.54698104720546e-01 1.03030035294725e+05 
1.54876208975806e-01 1.02935414268044e+05 
1.55054392193478e-01 1.02835081171090e+05 
1.55232633454478e-01 1.02728835611042e+05 
1.55410947545980e-01 1.02617261676284e+05 
1.55589320393018e-01 1.02501442160440e+05 
1.55767761075155e-01 1.02381399038572e+05 
1.55947041974487e-01 1.02258580831073e+05 
1.56126320049055e-01 1.02133186866163e+05 
1.56305613059044e-01 1.02006567154334e+05 
1.56484902816993e-01 1.01878396597944e+05 
1.56664207360572e-01 1.01749461821349e+05 
1.56843509019323e-01 1.01619674270003e+05 
1.57022821628375e-01 1.01489418454754e+05 
1.57202127233949e-01 1.01358730609193e+05 
1.57381441193392e-01 1.01227801087152e+05 
1.57560731503935e-01 1.01096649558489e+05 
1.57740037860262e-01 1.00965324218988e+05 
1.57919323683303e-01 1.00833852748964e+05 
1.58098636440909e-01 1.00702217536506e+05 
1.58277933667227e-01 1.00570501310678e+05 
1.58457264082315e-01 1.00438640972931e+05 
1.58636580933321e-01 1.00306803993230e+05 
1.58815931844123e-01 1.00174928046996e+05 
1.58995268834788e-01 1.00043239453836e+05 
1.59174638877146e-01 9.99116873953463e+04 
1.59353990587229e-01 9.97805349478783e+04 
1.59533368747128e-01 9.96497335058931e+04 
1.59712719593625e-01 9.95195698887398e+04 
1.59892086839589e-01 9.93899789207143e+04 
1.60071409603602e-01 9.92612453221172e+04 
1.60250734517853e-01 9.91332889206823e+04 
1.60429976722423e-01 9.90063240568914e+04 
1.60609192174843e-01 9.88802781589000e+04 
1.60788341804684e-01 9.87553530235321e+04 
1.60967460661644e-01 9.86314404359309e+04 
1.61146515374843e-01 9.85085774753935e+04 
1.61325947103840e-01 9.83865236134297e+04 
1.61505347623489e-01 9.82655887509101e+04 
1.61684689077227e-01 9.81458892544686e+04 
1.61863991242980e-01 9.80274607467110e+04 
1.62043218397950e-01 9.79103740275663e+04 
1.62222397629345e-01 9.77947197435722e+04 
1.62401492707260e-01 9.76804691302426e+04 
1.62580536128495e-01 9.75675491085111e+04 
1.62759492795663e-01 9.74562060489583e+04 
1.62938395195041e-01 9.73460016323350e+04 
1.63117206178234e-01 9.72369873041081e+04 
1.63295961162736e-01 9.71297878183515e+04 
1.63474614436884e-01 9.70242055882088e+04 
1.63653215719146e-01 9.69206125358785e+04 
1.63831701116572e-01 9.68185845458619e+04 
1.64010158332196e-01 9.67184503288390e+04 
1.64188486196821e-01 9.66198394729348e+04 
1.64366834130637e-01 9.65231327244358e+04 
1.64545326233906e-01 9.64278464077779e+04 
1.64723711346728e-01 9.63345255162987e+04 
1.64902026158457e-01 9.62404501492760e+04 
1.65080234890663e-01 9.61512819919871e+04 
1.65258384577244e-01 9.60580753447967e+04 
1.65436431474496e-01 9.59744752267968e+04 
1.65614420926082e-01 9.58874206260989e+04 
1.65792304156117e-01 9.58026896119148e+04 
1.65970125859861e-01 9.57222088006624e+04 
1.66147835966556e-01 9.56424933057145e+04 
1.66325480288837e-01 9.55671737846830e+04 
1.66503015763391e-01 9.54917468537617e+04 
1.66680479377273e-01 9.54200415211512e+04 
1.66857831870034e-01 9.53476540127362e+04 
1.67035100509779e-01 9.52784532746260e+04 
1.67212252266518e-01 9.52081385562341e+04 
1.67389310224103e-01 9.51407199691945e+04 
1.67566277590451e-01 9.50722032141393e+04 
1.67744197917425e-01 9.50060763545722e+04 
1.67922020663494e-01 9.49390359332170e+04 
1.68099780497903e-01 9.48748566791977e+04 
1.68277445025565e-01 9.48098009998590e+04 
1.68455047706144e-01 9.47476169657201e+04 
1.68632554573622e-01 9.46845387772632e+04 
1.68809997295692e-01 9.46243168075464e+04 
1.68987351610539e-01 9.45631887733243e+04 
1.69164647043609e-01 9.45049319596390e+04 
1.69341865410373e-01 9.44456952636765e+04 
1.69519036072293e-01 9.43893261084878e+04 
1.69696143987411e-01 9.43318499993172e+04 
1.69873219789370e-01 9.42772225615919e+04 
1.70050249279913e-01 9.42214139261814e+04 
1.70227262485441e-01 9.41684574562792e+04 
1.70404244536466e-01 9.41143031582266e+04 
1.70581227086333e-01 9.40630139912327e+04 
1.70758194412629e-01 9.40105313572912e+04 
1.70935176236855e-01 9.39609167239992e+04 
1.71112157786347e-01 9.39101120736970e+04 
1.71289167641713e-01 9.38650059593536e+04 
1.71466190160808e-01 9.38154805924960e+04 
1.71643196231302e-01 9.37730787066568e+04 
1.71820093316059e-01 9.37248363625525e+04 
1.71996827680663e-01 9.36830229994012e+04 
1.72173481761360e-01 9.36361785348267e+04 
1.72349980969484e-01 9.35946703518785e+04 
1.72526415713291e-01 9.35491095306696e+04 
1.72702685038231e-01 9.35077717677280e+04 
1.72878872598581e-01 9.34635726406677e+04 
1.73054971649358e-01 9.34224769528865e+04 
1.73230996286952e-01 9.33797890866856e+04 
1.73406960604549e-01 9.33390789048000e+04 
1.73582896519323e-01 9.33000714742936e+04 
1.73758775576663e-01 9.32592154067038e+04 
1.73934635802045e-01 9.32200917097953e+04 
1.74110422009718e-01 9.31791819705519e+04 
1.74286185960797e-01 9.31400580282590e+04 
1.74461863318654e-01 9.30993503207180e+04 
1.74637513985706e-01 9.30603806550384e+04 
1.74813085640481e-01 9.30198271652601e+04 
1.74988604832131e-01 9.29810195027035e+04 
1.75164052889670e-01 9.29426296390279e+04 
1.75339446564216e-01 9.29062402420574e+04 
1.75514772372777e-01 9.28714815858346e+04 
1.75690048013788e-01 9.28385593543372e+04 
1.75865263103556e-01 9.28070233018241e+04 
1.76040433346612e-01 9.27773123319192e+04 
1.76215554019236e-01 9.27490523392599e+04 
1.76390637269364e-01 9.27222779671890e+04 
1.76565684455193e-01 9.26980306770663e+04 
1.76740699767625e-01 9.26746552659520e+04 
1.76915686869176e-01 9.26547016937430e+04 
1.77090644943683e-01 9.26359800738691e+04 
1.77265578361656e-01 9.26209397798783e+04 
1.77440484318949e-01 9.26075049306008e+04 
1.77615367085929e-01 9.25976817299595e+04 
1.77790225015654e-01 9.25885542076613e+04 
1.77965063187267e-01 9.25808657736040e+04 
1.78139881070771e-01 9.25737360976868e+04 
1.78314683209713e-01 9.25679561177303e+04 
1.78489469255269e-01 9.25627181314675e+04 
1.78664243797132e-01 9.25586814646076e+04 
1.78839005101412e-01 9.25551750674788e+04 
1.79013759640571e-01 9.25527548550257e+04 
1.79188503428941e-01 9.25507430210787e+04 
1.79363246941758e-01 9.25496742912026e+04 
1.79537982616626e-01 9.25489397552341e+04 
1.79712724081014e-01 9.25496630859201e+04 
1.79887461749988e-01 9.25504242166783e+04 
1.80062211216273e-01 9.25518516939386e+04 
1.80236961670311e-01 9.25532555766686e+04 
1.80411729930219e-01 9.25552691143187e+04 
1.80586504473818e-01 9.25572635137965e+04 
1.80761302226109e-01 9.25598593842547e+04 
1.80936111468015e-01 9.25625161208773e+04 
1.81110947994973e-01 9.25658211333224e+04 
1.81285800469762e-01 9.25692543614714e+04 
1.81460682506945e-01 9.25733877683859e+04 
1.81635584064964e-01 9.25777509283633e+04 
1.81810515838468e-01 9.25829167076906e+04 
1.81985470009451e-01 9.25884783877133e+04 
1.82160453991055e-01 9.25950100498679e+04 
1.82335462347107e-01 9.26021606149923e+04 
1.82510500091188e-01 9.26105116020855e+04 
1.82685562755516e-01 9.26197889476507e+04 
1.82860653908837e-01 9.26305423903903e+04 
1.83035768403050e-01 9.26425464364132e+04 
1.83210908817789e-01 9.26563466217807e+04 
1.83386066910298e-01 9.26718080580433e+04 
1.83561250173839e-01 9.26890068766529e+04 
1.83736445788352e-01 9.27084648157158e+04 
1.83911666491291e-01 9.27301388291716e+04 
1.84086895657639e-01 9.27546352668444e+04 
1.84262149188207e-01 9.27820280920187e+04 
1.84437408715121e-01 9.28129016959284e+04 
1.84612690291890e-01 9.28471085910147e+04 
1.84787978096745e-01 9.28853190123461e+04 
1.84963285958568e-01 9.29274875961830e+04 
1.85138600904009e-01 9.29744455729647e+04 
1.85313934303635e-01 9.30258023447202e+04 
1.85489275969155e-01 9.30825754950741e+04 
1.85664634672450e-01 9.31451431093008e+04 
1.85840002877927e-01 9.32126482388382e+04 
1.86015386858756e-01 9.32874486531363e+04 
1.86190781549389e-01 9.33707947130985e+04 
1.86366190898882e-01 9.34625639051413e+04 
1.86541611968713e-01 9.35619863083817e+04 
1.86717047641191e-01 9.36694226645008e+04 
1.86892495779241e-01 9.37833223195689e+04 
1.87067957689623e-01 9.39034830568278e+04 
1.87243432385863e-01 9.40326263656878e+04 
1.87418919808388e-01 9.41716484190855e+04 
1.87594418999498e-01 9.43206739602520e+04 
1.87769928824441e-01 9.44784551516269e+04 
1.87945448263010e-01 9.46446475403878e+04 
1.88120974821285e-01 9.48211931270335e+04 
1.88296507894338e-01 9.50070681835010e+04 
1.88472043607733e-01 9.52020715792073e+04 
1.88647582059348e-01 9.54063523873981e+04 
1.88823117672591e-01 9.56195539334535e+04 
1.88998651658051e-01 9.58416996628967e+04 
1.89174172297026e-01 9.60726844578022e+04 
1.89349681346201e-01 9.63110898338576e+04 
1.89525165275618e-01 9.65578130227304e+04 
1.89700632249850e-01 9.68119734878010e+04 
1.89876001652141e-01 9.70739347279029e+04 
1.90051285028982e-01 9.73422819008748e+04 
1.90226449920705e-01 9.76180574972389e+04 
1.90401522424941e-01 9.78997398190020e+04 
1.90576471166444e-01 9.81884696928090e+04 
1.90751320298074e-01 9.84828560028439e+04 
1.90926502794518e-01 9.87851923585722e+04 
1.91101627713489e-01 9.90934839071861e+04 
1.91276680169234e-01 9.94096142887943e+04 
1.91451664205902e-01 9.97323092943324e+04 
1.91626566338715e-01 1.00063403229957e+05 
1.91801364002232e-01 1.00404087744588e+05 
1.91975961398150e-01 1.00751380717394e+05 
1.92150391545650e-01 1.01107381488410e+05 
1.92324615298143e-01 1.01470240383328e+05 
1.92498663678788e-01 1.01841776933410e+05 
1.92672503091379e-01 1.02223093186248e+05 
1.92846163266463e-01 1.02616249903272e+05 
1.93019614450774e-01 1.03016594220495e+05 
1.93192885991697e-01 1.03419516090659e+05 
1.93365952365650e-01 1.03829006381824e+05 
1.93538841724203e-01 1.04242958136298e+05 
1.93711531901621e-01 1.04660785882591e+05 
1.93884049212597e-01 1.05082556819322e+05 
1.94056374778578e-01 1.05505208779442e+05 
1.94228533028611e-01 1.05929196169323e+05 
1.94400508822430e-01 1.06350280083298e+05 
1.94572325438663e-01 1.06761927879297e+05 
1.94743969660185e-01 1.07171231651124e+05 
1.94915466718789e-01 1.07575173124827e+05 
1.95086807723934e-01 1.07971327566104e+05 
1.95258017099092e-01 1.08358956337940e+05 
1.95429631089131e-01 1.08736549784660e+05 
1.95601071475510e-01 1.09101480192522e+05 
1.95772309643001e-01 1.09451262824112e+05 
1.95943379412980e-01 1.09785237455938e+05 
1.96114249866720e-01 1.10101388301690e+05 
1.96284958759860e-01 1.10399621417772e+05 
1.96455482074671e-01 1.10678640100747e+05 
1.96625858733646e-01 1.10938897162810e+05 
1.96796070078730e-01 1.11179391030178e+05 
1.96966154025877e-01 1.11401500336740e+05 
1.97136094325531e-01 1.11604542534798e+05 
1.97305926513513e-01 1.11787746395793e+05 
1.97475635953128e-01 1.11952369094822e+05 
1.97645254963970e-01 1.12098241549032e+05 
1.97814770272044e-01 1.12226775674144e+05 
1.97984210831099e-01 1.12341251694223e+05 
1.98153565021604e-01 1.12440137183419e+05 
1.98322858796991e-01 1.12523245658080e+05 
1.98492082130303e-01 1.12591914208716e+05 
1.98661258561770e-01 1.12644363842475e+05 
1.98830378373470e-01 1.12680989212037e+05 
1.98999458061356e-01 1.12703011544155e+05 
1.99168870937006e-01 1.12712512837886e+05 
1.99338191901261e-01 1.12713000141389e+05 
1.99507405091084e-01 1.12696582496710e+05 
1.99676529555623e-01 1.12660036656083e+05 
1.99845544758323e-01 1.12618377214322e+05 
2.00014479278721e-01 1.12570392548560e+05 
2.00183319063344e-01 1.12515703618430e+05 
