# Liste des scalaires : TEMPS pmat 
0.00000000000000e+00 1.00000000000000e+05 
7.22956891292051e-05 1.00000000000000e+05 
1.39473830159791e-04 1.00000000000000e+05 
2.09658797050096e-04 1.00000000000000e+05 
2.76117114236754e-04 1.00000000000000e+05 
3.20638761908153e-04 1.00000000000000e+05 
3.55139419127704e-04 1.00000000000000e+05 
3.84466703006986e-04 1.00000000000000e+05 
4.10882456555390e-04 1.00000000000000e+05 
4.35440253196368e-04 1.00000000000000e+05 
4.62453829501444e-04 1.00000000000000e+05 
4.92168763437027e-04 1.00000000000000e+05 
5.24855190766169e-04 1.00000000000000e+05 
5.60810260828225e-04 1.00000000000000e+05 
6.00360837896486e-04 1.00000000000000e+05 
6.43866472671574e-04 1.00000000000000e+05 
6.91722670924171e-04 1.00000000000000e+05 
7.44364489002027e-04 1.00000000000000e+05 
8.02270488887669e-04 1.00000000000000e+05 
8.65967088761875e-04 1.00000000000000e+05 
9.36033348623501e-04 1.00000000000000e+05 
1.01310623447129e-03 1.00000000000000e+05 
1.09788640890386e-03 1.00000000000000e+05 
1.19114460077968e-03 1.00000000000000e+05 
1.28721028049361e-03 1.00000000000000e+05 
1.39269962383802e-03 1.00000000000000e+05 
1.50058343536416e-03 1.00000000000000e+05 
1.61228071818363e-03 1.00000000000000e+05 
1.72685064626079e-03 1.00000000000000e+05 
1.78773708089598e-03 1.00000000000000e+05 
1.84892811085542e-03 1.00000000000000e+05 
1.90966235703189e-03 1.00000000000000e+05 
1.97036554082653e-03 1.00000000000000e+05 
2.03138059208380e-03 1.00000000000000e+05 
2.09250279185294e-03 1.00000000000000e+05 
2.15355944793577e-03 1.00000000000000e+05 
2.21475633885901e-03 1.00000000000000e+05 
2.27631114317834e-03 1.00000000000000e+05 
2.33837995322519e-03 1.00000000000000e+05 
2.40061483139019e-03 1.00000000000000e+05 
2.46312536012463e-03 1.00000000000000e+05 
2.52607801068414e-03 1.00000000000000e+05 
2.58961732259008e-03 1.00000000000000e+05 
2.65389303786274e-03 1.00000000000000e+05 
2.71904454882449e-03 1.00000000000000e+05 
2.78520708895100e-03 1.00000000000000e+05 
2.85248260032157e-03 1.00000000000000e+05 
2.92096540824154e-03 1.00000000000000e+05 
2.99073290480459e-03 1.00000000000000e+05 
3.06188451140068e-03 1.00000000000000e+05 
3.13452854476793e-03 1.00000000000000e+05 
3.20884628537165e-03 1.00000000000000e+05 
3.28493719484544e-03 1.00000000000000e+05 
3.36301367518873e-03 1.00000000000000e+05 
3.44319090193301e-03 1.00000000000000e+05 
3.52268224512069e-03 1.00000000000000e+05 
3.60436376553967e-03 1.00000000000000e+05 
3.68829614204462e-03 1.00000000000000e+05 
3.77574828103923e-03 1.00000000000000e+05 
3.86491199500054e-03 1.00000000000000e+05 
3.95593785503911e-03 1.00000000000000e+05 
4.04242305441700e-03 1.00000000000000e+05 
4.13057411956789e-03 1.00000000000000e+05 
4.22066672301951e-03 1.00000000000000e+05 
4.31300224787558e-03 1.00000000000000e+05 
4.40797984826813e-03 1.00000000000000e+05 
4.50690814505034e-03 1.00000000000000e+05 
4.61056482027885e-03 1.00000000000000e+05 
4.72041012103826e-03 1.00000000000000e+05 
4.83715045492528e-03 1.00000000000000e+05 
4.95497529798278e-03 1.00000000000000e+05 
5.05691569092355e-03 1.00000000000000e+05 
5.16103738096404e-03 1.00000000000000e+05 
5.26721231309380e-03 1.00000000000000e+05 
5.37560993998353e-03 1.00000000000000e+05 
5.48610870736831e-03 1.00000000000000e+05 
5.59870009778823e-03 1.00000000000000e+05 
5.71329803088345e-03 1.00000000000000e+05 
5.82927651168264e-03 1.00000000000000e+05 
5.94684509079354e-03 1.00000000000000e+05 
6.06643663893551e-03 1.00000000000000e+05 
6.18799772591153e-03 1.00000000000000e+05 
6.31129159620085e-03 1.00000000000000e+05 
6.43401957386619e-03 1.00000000000000e+05 
6.55621180762364e-03 1.00000000000000e+05 
6.67779338587717e-03 1.00000000000000e+05 
6.79955171418093e-03 1.00000000000000e+05 
6.92126991704836e-03 1.00000000000000e+05 
7.05145617985826e-03 1.00000000000000e+05 
7.17255754932932e-03 1.00000000000000e+05 
7.30173261963977e-03 1.00000000000000e+05 
7.42220107396982e-03 1.00000000000000e+05 
7.54961280847679e-03 1.00000000000000e+05 
7.66971880370120e-03 1.00000000000000e+05 
7.79317936565078e-03 1.00000000000000e+05 
7.91483498379275e-03 1.00000000000000e+05 
8.03619367662454e-03 1.00000000000000e+05 
8.15677561720996e-03 1.00000000000000e+05 
8.27718238262546e-03 1.00000000000000e+05 
8.39694107777238e-03 1.00000000000000e+05 
8.52251357022526e-03 1.00000000000000e+05 
8.64179035474803e-03 1.00000000000000e+05 
8.76699318164756e-03 1.00000000000000e+05 
8.88602589573920e-03 1.00000000000000e+05 
9.01089557443098e-03 1.00000000000000e+05 
9.12984902130052e-03 1.00000000000000e+05 
9.25440805136971e-03 1.00000000000000e+05 
9.37882768230487e-03 1.00000000000000e+05 
9.50273532135275e-03 1.00000000000000e+05 
9.62490316398835e-03 1.00000000000000e+05 
9.74631451813034e-03 1.00000000000000e+05 
9.86664647498716e-03 1.00000000000000e+05 
9.99027800114784e-03 1.00000000000000e+05 
1.01096262635559e-02 1.00000000000000e+05 
1.02329935777303e-02 1.00000000000000e+05 
1.03518654528092e-02 1.00000000000000e+05 
1.04750390252093e-02 1.00000000000000e+05 
1.05937250794492e-02 1.00000000000000e+05 
1.07168280500335e-02 1.00000000000000e+05 
1.08407505047357e-02 1.00000000000000e+05 
1.09634111632919e-02 1.00000000000000e+05 
1.10845925976156e-02 1.00000000000000e+05 
1.12178921753717e-02 1.00000000000000e+05 
1.13374835231118e-02 1.00000000000000e+05 
1.14690340056258e-02 1.00000000000000e+05 
1.15878182612877e-02 1.00000000000000e+05 
1.17152151901375e-02 1.00000000000000e+05 
1.18405497025415e-02 1.00000000000000e+05 
1.19633983883232e-02 1.00000000000000e+05 
1.20985319426831e-02 1.00000000000000e+05 
1.22185918187219e-02 1.00000000000000e+05 
1.23506576823646e-02 1.00000000000000e+05 
1.24692956236447e-02 1.00000000000000e+05 
1.25997973590528e-02 1.00000000000000e+05 
1.27388755857805e-02 1.00000000000000e+05 
1.28781556396439e-02 1.00000000000000e+05 
1.30115209321380e-02 1.00000000000000e+05 
1.31431619538902e-02 1.00000000000000e+05 
1.32704601388862e-02 1.00000000000000e+05 
1.34101721412264e-02 1.00000000000000e+05 
1.35499720828924e-02 1.00000000000000e+05 
1.36710017900396e-02 1.00000000000000e+05 
1.37966635868985e-02 1.00000000000000e+05 
1.39187287561601e-02 1.00000000000000e+05 
1.40437425654972e-02 1.00000000000000e+05 
1.41654010519835e-02 1.00000000000000e+05 
1.42893632341222e-02 1.00000000000000e+05 
1.44105227065293e-02 1.00000000000000e+05 
1.45327956660686e-02 1.00000000000000e+05 
1.46537152318108e-02 1.00000000000000e+05 
1.47757084574426e-02 1.00000000000000e+05 
1.48966235781590e-02 1.00000000000000e+05 
1.50186436465005e-02 1.00000000000000e+05 
1.51483261963639e-02 1.00000000000000e+05 
1.52744952981959e-02 1.00000000000000e+05 
1.54026263881455e-02 1.00000000000000e+05 
1.55285072468515e-02 1.00000000000000e+05 
1.56567700647761e-02 1.00000000000000e+05 
1.57828381211021e-02 1.00000000000000e+05 
1.59118459667339e-02 1.00000000000000e+05 
1.60386211213883e-02 1.00000000000000e+05 
1.61684074686322e-02 1.00000000000000e+05 
1.62948962738289e-02 1.00000000000000e+05 
1.64210151760153e-02 1.00000000000000e+05 
1.65473406107366e-02 1.00000000000000e+05 
1.66735439246054e-02 1.00000000000000e+05 
1.67998264268344e-02 1.00000000000000e+05 
1.69259811590751e-02 1.00000000000000e+05 
1.70485231297909e-02 1.00000000000000e+05 
1.71741006508017e-02 1.00000000000000e+05 
1.72952661394109e-02 1.00000000000000e+05 
1.74190654650167e-02 1.00000000000000e+05 
1.75394039675266e-02 1.00000000000000e+05 
1.76615392301114e-02 1.00000000000000e+05 
1.77823651064494e-02 1.00000000000000e+05 
1.79022078733119e-02 1.00000000000000e+05 
1.80214272761015e-02 1.00000000000000e+05 
1.81403070323112e-02 1.00000000000000e+05 
1.82592406621245e-02 1.00000000000000e+05 
1.83785917775463e-02 1.00000000000000e+05 
1.84988087804001e-02 1.00000000000000e+05 
1.86171946170141e-02 1.00000000000000e+05 
1.87341454041871e-02 1.00000000000000e+05 
1.88501712474846e-02 1.00000000000000e+05 
1.89656831930256e-02 1.00000000000000e+05 
1.90810041870573e-02 1.00000000000000e+05 
1.91964477070101e-02 1.00000000000000e+05 
1.93123093185379e-02 1.00000000000000e+05 
1.94289245767306e-02 1.00000000000000e+05 
1.95451362159708e-02 1.00000000000000e+05 
1.96602334348105e-02 1.00000000000000e+05 
1.97744556698223e-02 1.00000000000000e+05 
1.98882535281954e-02 1.00000000000000e+05 
2.00020319419403e-02 1.00000000000000e+05 
2.01161160961381e-02 1.00000000000000e+05 
2.02307717776895e-02 1.00000000000000e+05 
2.03462512528403e-02 1.00000000000000e+05 
2.04618109658941e-02 1.00000000000000e+05 
2.05766586924288e-02 1.00000000000000e+05 
2.06909665522149e-02 1.00000000000000e+05 
2.08050343990890e-02 1.00000000000000e+05 
2.09189958384386e-02 1.00000000000000e+05 
2.10331393012012e-02 1.00000000000000e+05 
2.11477469661246e-02 1.00000000000000e+05 
2.12630779134660e-02 1.00000000000000e+05 
2.13793864842678e-02 1.00000000000000e+05 
2.14949252927525e-02 1.00000000000000e+05 
2.16101060765499e-02 1.00000000000000e+05 
2.17251568658407e-02 1.00000000000000e+05 
2.18401781913132e-02 1.00000000000000e+05 
2.19553713296436e-02 1.00000000000000e+05 
2.20708176169593e-02 1.00000000000000e+05 
2.21867129270222e-02 1.00000000000000e+05 
2.23032262723275e-02 1.00000000000000e+05 
2.24205838478731e-02 1.00000000000000e+05 
2.25390455008778e-02 1.00000000000000e+05 
2.26556033988580e-02 1.00000000000000e+05 
2.27721516583864e-02 1.00000000000000e+05 
2.28888352774455e-02 1.00000000000000e+05 
2.30057209890538e-02 1.00000000000000e+05 
2.31229398480642e-02 1.00000000000000e+05 
2.32405450499107e-02 1.00000000000000e+05 
2.33586727834754e-02 1.00000000000000e+05 
2.34773777713428e-02 1.00000000000000e+05 
2.35968419599955e-02 1.00000000000000e+05 
2.37173480785817e-02 1.00000000000000e+05 
2.38376138357647e-02 1.00000000000000e+05 
2.39564395150270e-02 1.00000000000000e+05 
2.40755051024366e-02 1.00000000000000e+05 
2.41948585557187e-02 1.00000000000000e+05 
2.43145880305478e-02 1.00000000000000e+05 
2.44347234482530e-02 1.00000000000000e+05 
2.45553583719269e-02 1.00000000000000e+05 
2.46765142032778e-02 1.00000000000000e+05 
2.47983201880381e-02 1.00000000000000e+05 
2.49208093018295e-02 1.00000000000000e+05 
2.50442128090953e-02 1.00000000000000e+05 
2.51687440915723e-02 1.00000000000000e+05 
2.52945163570129e-02 1.00000000000000e+05 
2.54168240652880e-02 1.00000000000000e+05 
2.55394844407264e-02 1.00000000000000e+05 
2.56625099085234e-02 1.00000000000000e+05 
2.57859539311579e-02 1.00000000000000e+05 
2.59098144273591e-02 1.00000000000000e+05 
2.60341615714792e-02 1.00000000000000e+05 
2.61589830749531e-02 1.00000000000000e+05 
2.62843763146041e-02 1.00000000000000e+05 
2.64103290510853e-02 1.00000000000000e+05 
2.65369789916476e-02 1.00000000000000e+05 
2.66645402478584e-02 1.00000000000000e+05 
2.67931219437035e-02 1.00000000000000e+05 
2.69228315769755e-02 1.00000000000000e+05 
2.70537197238598e-02 1.00000000000000e+05 
2.71858643741114e-02 1.00000000000000e+05 
2.73132326080530e-02 1.00000000000000e+05 
2.74409537174926e-02 1.00000000000000e+05 
2.75689595582935e-02 1.00000000000000e+05 
2.76974148497147e-02 1.00000000000000e+05 
2.78262708468337e-02 1.00000000000000e+05 
2.79554876443031e-02 1.00000000000000e+05 
2.80851437634084e-02 1.00000000000000e+05 
2.82152014730410e-02 1.00000000000000e+05 
2.83457779029111e-02 1.00000000000000e+05 
2.84769333307367e-02 1.00000000000000e+05 
2.86088433702554e-02 1.00000000000000e+05 
2.87416514888202e-02 1.00000000000000e+05 
2.88754162301778e-02 1.00000000000000e+05 
2.90102026274677e-02 1.00000000000000e+05 
2.91460350334130e-02 1.00000000000000e+05 
2.92829671010802e-02 1.00000000000000e+05 
2.94210284813345e-02 1.00000000000000e+05 
2.95534955454150e-02 1.00000000000000e+05 
2.96862649604718e-02 1.00000000000000e+05 
2.98192866468338e-02 1.00000000000000e+05 
2.99505300356040e-02 1.00000000000000e+05 
3.00840765997249e-02 1.00000000000000e+05 
3.02179256776053e-02 1.00000000000000e+05 
3.03520248588563e-02 1.00000000000000e+05 
3.04864734894634e-02 1.00000000000000e+05 
3.06212273668172e-02 1.00000000000000e+05 
3.07564968378467e-02 1.00000000000000e+05 
3.08924349920985e-02 1.00000000000000e+05 
3.10291046725472e-02 1.00000000000000e+05 
3.11665552711826e-02 1.00000000000000e+05 
3.13048020090070e-02 1.00000000000000e+05 
3.14438638312645e-02 1.00000000000000e+05 
3.15837522957124e-02 1.00000000000000e+05 
3.17244934896097e-02 1.00000000000000e+05 
3.18661152811299e-02 1.00000000000000e+05 
3.20086736506513e-02 1.00000000000000e+05 
3.21430569179365e-02 1.00000000000000e+05 
3.22799736784886e-02 1.00000000000000e+05 
3.24170443068109e-02 1.00000000000000e+05 
3.25542095406399e-02 1.00000000000000e+05 
3.26915205759408e-02 1.00000000000000e+05 
3.28289209733853e-02 1.00000000000000e+05 
3.29664967454622e-02 1.00000000000000e+05 
3.31041981238459e-02 1.00000000000000e+05 
3.32421502102499e-02 1.00000000000000e+05 
3.33804896208721e-02 1.00000000000000e+05 
3.35193475637579e-02 1.00000000000000e+05 
3.36588271436051e-02 1.00000000000000e+05 
3.37989660654238e-02 1.00000000000000e+05 
3.39398026097220e-02 1.00000000000000e+05 
3.40813521066744e-02 1.00000000000000e+05 
3.42236432941836e-02 1.00000000000000e+05 
3.43666995587073e-02 1.00000000000000e+05 
3.45105712300443e-02 1.00000000000000e+05 
3.46553052990985e-02 1.00000000000000e+05 
3.47943065252650e-02 1.00000000000000e+05 
3.49317972088539e-02 1.00000000000000e+05 
3.50709168150867e-02 1.00000000000000e+05 
3.52086850750376e-02 1.00000000000000e+05 
3.53479050272808e-02 1.00000000000000e+05 
3.54872202969344e-02 1.00000000000000e+05 
3.56265901635646e-02 1.00000000000000e+05 
3.57661300433656e-02 1.00000000000000e+05 
3.59059028776836e-02 1.00000000000000e+05 
3.60460924552016e-02 1.00000000000000e+05 
3.61868480339937e-02 1.00000000000000e+05 
3.63282336085875e-02 1.00000000000000e+05 
3.64703095728208e-02 1.00000000000000e+05 
3.66131023290148e-02 1.00000000000000e+05 
3.67566523161742e-02 1.00000000000000e+05 
3.69009901401166e-02 1.00000000000000e+05 
3.70461759421639e-02 1.00000000000000e+05 
3.71922651959991e-02 1.00000000000000e+05 
3.73324578482256e-02 1.00000000000000e+05 
3.74727240574529e-02 1.00000000000000e+05 
3.76130151017372e-02 1.00000000000000e+05 
3.77533804747744e-02 1.00000000000000e+05 
3.78937766406682e-02 1.00000000000000e+05 
3.80342824895512e-02 1.00000000000000e+05 
3.81748651489101e-02 1.00000000000000e+05 
3.83156586782498e-02 1.00000000000000e+05 
3.84568232722374e-02 1.00000000000000e+05 
3.85974606927963e-02 1.00000000000000e+05 
3.87397943610495e-02 1.00000000000000e+05 
3.88806363440879e-02 1.00000000000000e+05 
3.90244379633634e-02 1.00000000000000e+05 
3.91654847750338e-02 1.00000000000000e+05 
3.93109355508184e-02 1.00000000000000e+05 
3.94572977647638e-02 1.00000000000000e+05 
3.95982952381968e-02 1.00000000000000e+05 
3.97393711344590e-02 1.00000000000000e+05 
3.98804777347010e-02 1.00000000000000e+05 
4.00216614180231e-02 1.00000000000000e+05 
4.01628769258513e-02 1.00000000000000e+05 
4.03041981352698e-02 1.00000000000000e+05 
4.04455875337893e-02 1.00000000000000e+05 
4.05871738494434e-02 1.00000000000000e+05 
4.07290269783171e-02 1.00000000000000e+05 
4.08713459122871e-02 1.00000000000000e+05 
4.10142913288705e-02 1.00000000000000e+05 
4.11579379274579e-02 1.00000000000000e+05 
4.13023592249235e-02 1.00000000000000e+05 
4.14475935472803e-02 1.00000000000000e+05 
4.15937019608235e-02 1.00000000000000e+05 
4.17369428622722e-02 1.00000000000000e+05 
4.18787442420280e-02 1.00000000000000e+05 
4.20206152324197e-02 1.00000000000000e+05 
4.21625070732688e-02 1.00000000000000e+05 
4.23044651339302e-02 1.00000000000000e+05 
4.24464411455422e-02 1.00000000000000e+05 
4.25885117008920e-02 1.00000000000000e+05 
4.27306315729734e-02 1.00000000000000e+05 
4.28729273127805e-02 1.00000000000000e+05 
4.30154605691178e-02 1.00000000000000e+05 
4.31584225772434e-02 1.00000000000000e+05 
4.33019638948237e-02 1.00000000000000e+05 
4.34461484892457e-02 1.00000000000000e+05 
4.35910347160990e-02 1.00000000000000e+05 
4.37366456317988e-02 1.00000000000000e+05 
4.38830194252845e-02 1.00000000000000e+05 
4.40301810136429e-02 1.00000000000000e+05 
4.41781892692289e-02 1.00000000000000e+05 
4.43270907492735e-02 1.00000000000000e+05 
4.44701153178485e-02 1.00000000000000e+05 
4.46131882374246e-02 1.00000000000000e+05 
4.47562467399077e-02 1.00000000000000e+05 
4.48993484968030e-02 1.00000000000000e+05 
4.50424315935802e-02 1.00000000000000e+05 
4.51855852657765e-02 1.00000000000000e+05 
4.53287520777623e-02 1.00000000000000e+05 
4.54720596268785e-02 1.00000000000000e+05 
4.56156454522673e-02 1.00000000000000e+05 
4.57596438227961e-02 1.00000000000000e+05 
4.59041550450695e-02 1.00000000000000e+05 
4.60492119427169e-02 1.00000000000000e+05 
4.61948386015327e-02 1.00000000000000e+05 
4.63410365299238e-02 1.00000000000000e+05 
4.64878119886132e-02 1.00000000000000e+05 
4.66351681350039e-02 1.00000000000000e+05 
4.67831222038430e-02 1.00000000000000e+05 
4.69316933519669e-02 1.00000000000000e+05 
4.70809242770983e-02 1.00000000000000e+05 
4.72308562288842e-02 1.00000000000000e+05 
4.73815698214836e-02 1.00000000000000e+05 
4.75331299143858e-02 1.00000000000000e+05 
4.76777579437037e-02 1.00000000000000e+05 
4.78223827220370e-02 1.00000000000000e+05 
4.79669318723151e-02 1.00000000000000e+05 
4.81114774074245e-02 1.00000000000000e+05 
4.82559453006361e-02 1.00000000000000e+05 
4.84004362129830e-02 1.00000000000000e+05 
4.85448785358553e-02 1.00000000000000e+05 
4.86894076914631e-02 1.00000000000000e+05 
4.88342290780823e-02 1.00000000000000e+05 
4.89794283843250e-02 1.00000000000000e+05 
4.91250537280177e-02 1.00000000000000e+05 
4.92711146551660e-02 1.00000000000000e+05 
4.94176043842100e-02 1.00000000000000e+05 
4.95645156206037e-02 1.00000000000000e+05 
4.97118316063770e-02 1.00000000000000e+05 
4.98595505258825e-02 1.00000000000000e+05 
5.00076648745211e-02 1.00000000000000e+05 
5.01561867514682e-02 1.00000000000000e+05 
5.03051250233000e-02 1.00000000000000e+05 
5.04545051329771e-02 1.00000000000000e+05 
5.06043592346430e-02 1.00000000000000e+05 
5.07547272589774e-02 1.00000000000000e+05 
5.09056738511967e-02 1.00000000000000e+05 
5.10572565681810e-02 1.00000000000000e+05 
5.12095872903484e-02 1.00000000000000e+05 
5.13627481560143e-02 1.00000000000000e+05 
5.15081796217435e-02 1.00000000000000e+05 
5.16534966252758e-02 1.00000000000000e+05 
5.17986206664858e-02 1.00000000000000e+05 
5.19436421643727e-02 1.00000000000000e+05 
5.20884884529685e-02 1.00000000000000e+05 
5.22332889137176e-02 1.00000000000000e+05 
5.23781748618470e-02 1.00000000000000e+05 
5.25232820891710e-02 1.00000000000000e+05 
5.26687048595265e-02 1.00000000000000e+05 
5.28144769911921e-02 1.00000000000000e+05 
5.29606178930607e-02 1.00000000000000e+05 
5.31071323060182e-02 1.00000000000000e+05 
5.32540219866870e-02 1.00000000000000e+05 
5.34012956395582e-02 1.00000000000000e+05 
5.35489660001542e-02 1.00000000000000e+05 
5.36970571591994e-02 1.00000000000000e+05 
5.38456095348311e-02 1.00000000000000e+05 
5.39946693373550e-02 1.00000000000000e+05 
5.41443194773647e-02 1.00000000000000e+05 
5.42946321481923e-02 1.00000000000000e+05 
5.44457540245197e-02 1.00000000000000e+05 
5.45906829455063e-02 1.00000000000000e+05 
5.47353506058947e-02 1.00000000000000e+05 
5.48798217592860e-02 1.00000000000000e+05 
5.50240307503656e-02 1.00000000000000e+05 
5.51680909625376e-02 1.00000000000000e+05 
5.53119612452148e-02 1.00000000000000e+05 
5.54558901115868e-02 1.00000000000000e+05 
5.56000644833757e-02 1.00000000000000e+05 
5.57445742002477e-02 1.00000000000000e+05 
5.58894904847543e-02 1.00000000000000e+05 
5.60348524498636e-02 1.00000000000000e+05 
5.61807029159896e-02 1.00000000000000e+05 
5.63270788742983e-02 1.00000000000000e+05 
5.64740384893933e-02 1.00000000000000e+05 
5.66216372368387e-02 1.00000000000000e+05 
5.67699746220286e-02 1.00000000000000e+05 
5.69191384822238e-02 1.00000000000000e+05 
5.70632085492236e-02 1.00000000000000e+05 
5.72070895410703e-02 1.00000000000000e+05 
5.73507149365801e-02 1.00000000000000e+05 
5.74941659954222e-02 1.00000000000000e+05 
5.76373974660790e-02 1.00000000000000e+05 
5.77805525915550e-02 1.00000000000000e+05 
5.79237149529050e-02 1.00000000000000e+05 
5.80671068561591e-02 1.00000000000000e+05 
5.82109048055500e-02 1.00000000000000e+05 
5.83552042118652e-02 1.00000000000000e+05 
5.85000914787278e-02 1.00000000000000e+05 
5.86456269196574e-02 1.00000000000000e+05 
5.87918861960983e-02 1.00000000000000e+05 
5.89389373963869e-02 1.00000000000000e+05 
5.90868920735416e-02 1.00000000000000e+05 
5.92358502124629e-02 1.00000000000000e+05 
5.93793194755253e-02 1.00000000000000e+05 
5.95226557948331e-02 1.00000000000000e+05 
5.96658078407627e-02 1.00000000000000e+05 
5.98088750616964e-02 1.00000000000000e+05 
5.99518256828205e-02 1.00000000000000e+05 
6.00948229329571e-02 1.00000000000000e+05 
6.02380478633960e-02 1.00000000000000e+05 
6.03816802873390e-02 1.00000000000000e+05 
6.05258650449759e-02 1.00000000000000e+05 
6.06706857352905e-02 1.00000000000000e+05 
6.08162256696767e-02 1.00000000000000e+05 
6.09625489677165e-02 1.00000000000000e+05 
6.11097456702051e-02 1.00000000000000e+05 
6.12578986181855e-02 1.00000000000000e+05 
6.14071472445331e-02 1.00000000000000e+05 
6.15508038196572e-02 1.00000000000000e+05 
6.16943424285407e-02 1.00000000000000e+05 
6.18378389686101e-02 1.00000000000000e+05 
6.19812563764127e-02 1.00000000000000e+05 
6.21247229402938e-02 1.00000000000000e+05 
6.22682237167104e-02 1.00000000000000e+05 
6.24120185678162e-02 1.00000000000000e+05 
6.25563088624605e-02 1.00000000000000e+05 
6.27012041267624e-02 1.00000000000000e+05 
6.28467993582887e-02 1.00000000000000e+05 
6.29931545374597e-02 1.00000000000000e+05 
6.31403418555039e-02 1.00000000000000e+05 
6.32884229651226e-02 1.00000000000000e+05 
6.34374972072521e-02 1.00000000000000e+05 
6.35876533870205e-02 1.00000000000000e+05 
6.37321749214512e-02 1.00000000000000e+05 
6.38766994628557e-02 1.00000000000000e+05 
6.40211843197163e-02 1.00000000000000e+05 
6.41657207443795e-02 1.00000000000000e+05 
6.43102760781847e-02 1.00000000000000e+05 
6.44549920163605e-02 1.00000000000000e+05 
6.45999476717653e-02 1.00000000000000e+05 
6.47453547370563e-02 1.00000000000000e+05 
6.48913819724500e-02 1.00000000000000e+05 
6.50381165876911e-02 1.00000000000000e+05 
6.51856393603448e-02 1.00000000000000e+05 
6.53339994957339e-02 1.00000000000000e+05 
6.54832647398092e-02 1.00000000000000e+05 
6.56334898554383e-02 1.00000000000000e+05 
6.57847746054633e-02 1.00000000000000e+05 
6.59308455110097e-02 1.00000000000000e+05 
6.60769175116179e-02 1.00000000000000e+05 
6.62230432463547e-02 1.00000000000000e+05 
6.63691756004516e-02 1.00000000000000e+05 
6.65154060018570e-02 1.00000000000000e+05 
6.66616924392147e-02 1.00000000000000e+05 
6.68081734310820e-02 1.00000000000000e+05 
6.69549182988035e-02 1.00000000000000e+05 
6.71021349915533e-02 1.00000000000000e+05 
6.72499849477152e-02 1.00000000000000e+05 
6.73985469944068e-02 1.00000000000000e+05 
6.75478904832522e-02 1.00000000000000e+05 
6.76980536716698e-02 1.00000000000000e+05 
6.78490899261800e-02 1.00000000000000e+05 
6.80010413261878e-02 1.00000000000000e+05 
6.81539893798291e-02 1.00000000000000e+05 
6.83080023065876e-02 1.00000000000000e+05 
6.84560268049575e-02 1.00000000000000e+05 
6.86041041075607e-02 1.00000000000000e+05 
6.87521766962731e-02 1.00000000000000e+05 
6.89003233606381e-02 1.00000000000000e+05 
6.90484909208836e-02 1.00000000000000e+05 
6.91968014112233e-02 1.00000000000000e+05 
6.93452158259611e-02 1.00000000000000e+05 
6.94939849248719e-02 1.00000000000000e+05 
6.96432967106948e-02 1.00000000000000e+05 
6.97932423487861e-02 1.00000000000000e+05 
6.99438932098029e-02 1.00000000000000e+05 
7.00952833231064e-02 1.00000000000000e+05 
7.02474511587250e-02 1.00000000000000e+05 
7.04004250161044e-02 1.00000000000000e+05 
7.05542578818192e-02 1.00000000000000e+05 
7.07089978533146e-02 1.00000000000000e+05 
7.08590039407793e-02 1.00000000000000e+05 
7.10090462972147e-02 1.00000000000000e+05 
7.11590629455389e-02 1.00000000000000e+05 
7.13091092057682e-02 1.00000000000000e+05 
7.14591258924267e-02 1.00000000000000e+05 
7.16092060421679e-02 1.00000000000000e+05 
7.17592963724120e-02 1.00000000000000e+05 
7.19095343164375e-02 1.00000000000000e+05 
7.20599816990483e-02 1.00000000000000e+05 
7.22108466407535e-02 1.00000000000000e+05 
7.23622867378629e-02 1.00000000000000e+05 
7.25143764995262e-02 1.00000000000000e+05 
7.26671766590729e-02 1.00000000000000e+05 
7.28207182874501e-02 1.00000000000000e+05 
7.29750412255246e-02 1.00000000000000e+05 
7.31301781522427e-02 1.00000000000000e+05 
7.32861897006595e-02 1.00000000000000e+05 
7.34431310836321e-02 1.00000000000000e+05 
7.35950111302696e-02 1.00000000000000e+05 
7.37469276969158e-02 1.00000000000000e+05 
7.38988227746677e-02 1.00000000000000e+05 
7.40507523027983e-02 1.00000000000000e+05 
7.42026580986351e-02 1.00000000000000e+05 
7.43546369170009e-02 1.00000000000000e+05 
7.45066344241110e-02 1.00000000000000e+05 
7.46587938474749e-02 1.00000000000000e+05 
7.48111796116359e-02 1.00000000000000e+05 
7.49640062298744e-02 1.00000000000000e+05 
7.51174353080337e-02 1.00000000000000e+05 
7.52715417376767e-02 1.00000000000000e+05 
7.54263861436189e-02 1.00000000000000e+05 
7.55819971200132e-02 1.00000000000000e+05 
7.57384124088881e-02 1.00000000000000e+05 
7.58956612983603e-02 1.00000000000000e+05 
7.60538016419805e-02 1.00000000000000e+05 
7.62128851122317e-02 1.00000000000000e+05 
7.63667109740950e-02 1.00000000000000e+05 
7.65205888609003e-02 1.00000000000000e+05 
7.66744572890715e-02 1.00000000000000e+05 
7.68283701665001e-02 1.00000000000000e+05 
7.69822669046272e-02 1.00000000000000e+05 
7.71362422727900e-02 1.00000000000000e+05 
7.72902379279406e-02 1.00000000000000e+05 
7.74443966890424e-02 1.00000000000000e+05 
7.75987793145267e-02 1.00000000000000e+05 
7.77536028004045e-02 1.00000000000000e+05 
7.79090240202557e-02 1.00000000000000e+05 
7.80651198938891e-02 1.00000000000000e+05 
7.82219462066061e-02 1.00000000000000e+05 
7.83795347240783e-02 1.00000000000000e+05 
7.85379161958904e-02 1.00000000000000e+05 
7.86971232979802e-02 1.00000000000000e+05 
7.88572001122791e-02 1.00000000000000e+05 
7.90181960272874e-02 1.00000000000000e+05 
7.91801881140655e-02 1.00000000000000e+05 
7.93432309469151e-02 1.00000000000000e+05 
7.95004093137514e-02 1.00000000000000e+05 
7.96578058065928e-02 1.00000000000000e+05 
7.98152379690383e-02 1.00000000000000e+05 
7.99720630411040e-02 1.00000000000000e+05 
8.01281621889281e-02 1.00000000000000e+05 
8.02836256672149e-02 1.00000000000000e+05 
8.04384957476871e-02 1.00000000000000e+05 
8.05928567914667e-02 1.00000000000000e+05 
8.07467689273360e-02 1.00000000000000e+05 
8.09143159933878e-02 1.00000000000000e+05 
8.10819558377307e-02 1.00000000000000e+05 
8.12492646581921e-02 1.00000000000000e+05 
8.14159815002404e-02 1.00000000000000e+05 
8.15820008622468e-02 1.00000000000000e+05 
8.17473035709322e-02 1.00000000000000e+05 
8.19118722686452e-02 1.00000000000000e+05 
8.20761250728101e-02 9.99999999999999e+04 
8.22399189611305e-02 9.99999999999998e+04 
8.23988080807921e-02 9.99999999999997e+04 
8.25562564674873e-02 9.99999999999996e+04 
8.27150819489034e-02 9.99999999999995e+04 
8.28725110776236e-02 9.99999999999994e+04 
8.30313048151529e-02 9.99999999999993e+04 
8.31886945254681e-02 9.99999999999992e+04 
8.33481539667175e-02 9.99999999999990e+04 
8.35054708377422e-02 9.99999999999989e+04 
8.36664574218290e-02 9.99999999999988e+04 
8.38253100629952e-02 9.99999999999987e+04 
8.39851064391200e-02 9.99999999999985e+04 
8.41428224728893e-02 9.99999999999984e+04 
8.43015077882976e-02 1.00000000001825e+05 
8.44582436709530e-02 1.00000000003302e+05 
8.46174204042905e-02 1.00000000022519e+05 
8.47793524460385e-02 1.00000000041222e+05 
8.49443685551474e-02 1.00000000054870e+05 
8.51118871548948e-02 1.00000000065405e+05 
8.52798775296812e-02 1.00000000074979e+05 
8.54480786359289e-02 1.00000000084958e+05 
8.56167694747967e-02 1.00000000124964e+05 
8.57856901144882e-02 1.00000000260645e+05 
8.59551096900816e-02 1.00000000669408e+05 
8.61247710385935e-02 1.00000001563795e+05 
8.62946171490937e-02 1.00000003337279e+05 
8.64646020629313e-02 1.00000006506143e+05 
8.66349454139274e-02 1.00000011571125e+05 
8.68054496465275e-02 1.00000019632097e+05 
8.69763985241170e-02 1.00000031372524e+05 
8.71475713138241e-02 1.00000049123381e+05 
8.73192305084311e-02 1.00000049391398e+05 
8.74911411961841e-02 1.00000049387543e+05 
8.76635646835041e-02 1.00000048642758e+05 
8.78362570471490e-02 1.00000047264840e+05 
8.80091466004431e-02 1.00000045194768e+05 
8.81821064993147e-02 1.00000042855261e+05 
8.83554688808241e-02 1.00000039923881e+05 
8.85290397915380e-02 1.00000037051621e+05 
8.87031081619315e-02 1.00000033577953e+05 
8.88774466306005e-02 1.00000030499659e+05 
8.90519892564576e-02 1.00000026857173e+05 
8.92266168679492e-02 1.00000023956111e+05 
8.94016675929206e-02 1.00000019867525e+05 
8.95766509156196e-02 1.00000017230991e+05 
8.97511328790063e-02 1.00000014583078e+05 
8.99255002206252e-02 1.00000012212451e+05 
9.00992681936476e-02 1.00000010435099e+05 
9.02729485057773e-02 1.00000008437905e+05 
9.04460608852963e-02 1.00000006925823e+05 
9.06190070646491e-02 1.00000005318460e+05 
9.07914160808660e-02 1.00000004033318e+05 
9.09636638033786e-02 1.00000003779464e+05 
9.11353089855544e-02 1.00000002504450e+05 
9.13068348947904e-02 1.00000034543464e+05 
9.14777944308708e-02 1.00000229123925e+05 
9.16485482516624e-02 1.00000659959009e+05 
9.18187508079615e-02 1.00001411987468e+05 
9.19888579397228e-02 1.00002527296189e+05 
9.21583457791209e-02 1.00004180264898e+05 
9.23276504426285e-02 1.00006429457081e+05 
9.24964551908558e-02 1.00009473825755e+05 
9.26650873693129e-02 1.00013430561429e+05 
9.28331538984863e-02 1.00018344763301e+05 
9.30010257707451e-02 1.00024294776028e+05 
9.31684677696557e-02 1.00031496892678e+05 
9.33357415074020e-02 1.00040160578453e+05 
9.35024436089070e-02 1.00050443349527e+05 
9.36689955167820e-02 1.00062670358373e+05 
9.38351373909882e-02 1.00077092476110e+05 
9.40012798870725e-02 1.00094037002027e+05 
9.41668635435115e-02 1.00113832335889e+05 
9.43323524299625e-02 1.00136897805812e+05 
9.44974576617916e-02 1.00163671592495e+05 
9.46626183565734e-02 1.00194700002365e+05 
9.48274780462412e-02 1.00230506935104e+05 
9.49922921574129e-02 1.00271723463578e+05 
9.51567367945109e-02 1.00318962079798e+05 
9.53212721973517e-02 1.00373071049621e+05 
9.54856065452962e-02 1.00434767651316e+05 
9.56501251740268e-02 1.00505076915130e+05 
9.58142795041519e-02 1.00584697827726e+05 
9.59785422418575e-02 1.00674874540813e+05 
9.61425912559163e-02 1.00776484005689e+05 
9.63068518044004e-02 1.00890985428556e+05 
9.64710214142828e-02 1.01019344802128e+05 
9.66354413262779e-02 1.01163185244150e+05 
9.67995923213954e-02 1.01323271787556e+05 
9.69639871027578e-02 1.01501522480674e+05 
9.71282290539924e-02 1.01698722278875e+05 
9.72927837364764e-02 1.01916882968066e+05 
9.74572782215995e-02 1.02156628874828e+05 
9.76221401669168e-02 1.02419939516416e+05 
9.77868493551336e-02 1.02706828177384e+05 
9.79518777756545e-02 1.03019137607335e+05 
9.81168091218128e-02 1.03356474958079e+05 
9.82821121263002e-02 1.03720313960350e+05 
9.84473873959315e-02 1.04109577000662e+05 
9.86130764301984e-02 1.04525079419165e+05 
9.87787568829296e-02 1.04964771522787e+05 
9.89447850794964e-02 1.05428351654471e+05 
9.91107960378601e-02 1.05912953437807e+05 
9.92771928184258e-02 1.06417379128349e+05 
9.94436230995338e-02 1.06937583664139e+05 
9.96104693943449e-02 1.07471336306248e+05 
9.97773916692402e-02 1.08013896505548e+05 
9.99447070920829e-02 1.08561715301752e+05 
1.00112035237816e-01 1.09108664750709e+05 
1.00279763791317e-01 1.09651970710120e+05 
1.00447541441239e-01 1.10184887890381e+05 
1.00615734381803e-01 1.10703597994871e+05 
1.00784007193063e-01 1.11201359689336e+05 
1.00952705988105e-01 1.11674843108770e+05 
1.01121511290016e-01 1.12121288761376e+05 
1.01290750509892e-01 1.12529692332508e+05 
1.01460119944125e-01 1.12897875943320e+05 
1.01629928642700e-01 1.13234208922121e+05 
1.01799888168765e-01 1.13529152930728e+05 
1.01970182586037e-01 1.13769370573775e+05 
1.02140576252505e-01 1.13959516238825e+05 
1.02309944721015e-01 1.14109561934175e+05 
1.02480789218286e-01 1.14227994961852e+05 
1.02651976991219e-01 1.14297691941206e+05 
1.02823292362469e-01 1.14359944843657e+05 
1.02994955782736e-01 1.14411106972721e+05 
1.03166758885889e-01 1.14451589119342e+05 
1.03338916052707e-01 1.14481967846475e+05 
1.03511223528345e-01 1.14499155595997e+05 
1.03683886847762e-01 1.14504932452840e+05 
1.03856711179543e-01 1.14502717594762e+05 
1.04029899638760e-01 1.14494603353836e+05 
1.04203265213410e-01 1.14480590762621e+05 
1.04377006285329e-01 1.14460779084308e+05 
1.04550941666564e-01 1.14436422564307e+05 
1.04725255794933e-01 1.14408315387643e+05 
1.04899774134032e-01 1.14377973973912e+05 
1.05070522188587e-01 1.14346930567591e+05 
1.05241368380014e-01 1.14315337650952e+05 
1.05412367953236e-01 1.14283723070021e+05 
1.05583466768813e-01 1.14252270129219e+05 
1.05754722595928e-01 1.14221315150992e+05 
1.05926055812981e-01 1.14191048523564e+05 
1.06097490000226e-01 1.14161560807160e+05 
1.06269027096433e-01 1.14133042750564e+05 
1.06440698569051e-01 1.14105616376688e+05 
1.06612518577020e-01 1.14079109755311e+05 
1.06784524551601e-01 1.14053304022170e+05 
1.06956742652482e-01 1.14027843532125e+05 
1.07129215630157e-01 1.14002329357742e+05 
1.07301982529585e-01 1.13976321064931e+05 
1.07475090416451e-01 1.13949362461794e+05 
1.07648595193896e-01 1.13920867638008e+05 
1.07822536936746e-01 1.13889613449036e+05 
1.07997010316391e-01 1.13856534485130e+05 
1.08172047032066e-01 1.13821494494304e+05 
1.08347784474493e-01 1.13783665859662e+05 
1.08524253527540e-01 1.13742726034407e+05 
1.08701643433830e-01 1.13698788374174e+05 
1.08879999404468e-01 1.13651270001813e+05 
1.09058833041356e-01 1.13601252172308e+05 
1.09229159937856e-01 1.13549521944025e+05 
1.09403827764337e-01 1.13492722370253e+05 
1.09578740873716e-01 1.13434449119970e+05 
1.09754065160365e-01 1.13374407918987e+05 
1.09929361206548e-01 1.13325230141259e+05 
1.10105240888080e-01 1.13294658543147e+05 
1.10281348197219e-01 1.13287708792013e+05 
1.10456812624491e-01 1.13305636404914e+05 
1.10632627620286e-01 1.13357814951774e+05 
1.10808844636023e-01 1.13449053099614e+05 
1.10985373562198e-01 1.13581781683887e+05 
1.11163054461682e-01 1.13748889615691e+05 
1.11340995815108e-01 1.13951858998290e+05 
1.11520630216985e-01 1.14191960962268e+05 
1.11700756506089e-01 1.14476062406504e+05 
1.11881090771266e-01 1.14795918001936e+05 
1.12060807567234e-01 1.15148969043002e+05 
1.12241346153496e-01 1.15535415688474e+05 
1.12414385262104e-01 1.15933835123172e+05 
1.12588199403688e-01 1.16359092968183e+05 
1.12761570419821e-01 1.16803082081207e+05 
1.12934824829840e-01 1.17265635603926e+05 
1.13108065915451e-01 1.17741099139422e+05 
1.13281405970156e-01 1.18225134174820e+05 
1.13454911969975e-01 1.18714566384727e+05 
1.13628626508820e-01 1.19203949918196e+05 
1.13802551401536e-01 1.19687714377620e+05 
1.13976678417293e-01 1.20159276389947e+05 
1.14150991298651e-01 1.20614536390368e+05 
1.14325489435645e-01 1.21048046882285e+05 
1.14503095183241e-01 1.21467477969559e+05 
1.14680749333202e-01 1.21859979624773e+05 
1.14856648604449e-01 1.22214453274305e+05 
1.15031202174127e-01 1.22527985504561e+05 
1.15207531197214e-01 1.22803004126437e+05 
1.15382515488187e-01 1.23033560146806e+05 
1.15559338555380e-01 1.23250648142468e+05 
1.15734727745857e-01 1.23426575249080e+05 
1.15911956408615e-01 1.23549304278162e+05 
1.16087715431789e-01 1.23619272917213e+05 
1.16265317234380e-01 1.23649105928501e+05 
1.16441418469520e-01 1.23641899839779e+05 
1.16619370340500e-01 1.23607622891553e+05 
1.16795794630819e-01 1.23535497554815e+05 
1.16974290798280e-01 1.23428057626145e+05 
1.17151299901309e-01 1.23320778390178e+05 
1.17330609821728e-01 1.23211478435911e+05 
1.17508391248767e-01 1.23104571132921e+05 
1.17688681651827e-01 1.22996232918164e+05 
1.17867363957822e-01 1.22889925138311e+05 
1.18048961502562e-01 1.22779265377212e+05 
1.18228928453224e-01 1.22668349380850e+05 
1.18411174475592e-01 1.22556519868433e+05 
1.18592708097173e-01 1.22445703228427e+05 
1.18774975793942e-01 1.22335371779624e+05 
1.18957245504763e-01 1.22225680515973e+05 
1.19139537596796e-01 1.22116832471220e+05 
1.19321832721996e-01 1.22008605130679e+05 
1.19504152482889e-01 1.21901393311100e+05 
1.19686476540967e-01 1.21794879453585e+05 
1.19868827895359e-01 1.21688662938859e+05 
1.20051185272497e-01 1.21582550376819e+05 
1.20233573164528e-01 1.21476480792212e+05 
1.20415969257438e-01 1.21371847679800e+05 
1.20596674637311e-01 1.21266920276786e+05 
1.20779115556722e-01 1.21160405136440e+05 
1.20959950298143e-01 1.21054209170304e+05 
1.21142442403012e-01 1.20946713003789e+05 
1.21323462547213e-01 1.20839548356295e+05 
1.21506011894681e-01 1.20731009016560e+05 
1.21687283355172e-01 1.20621704610136e+05 
1.21869890385652e-01 1.20512043606155e+05 
1.22051366507806e-01 1.20403660392638e+05 
1.22234028795174e-01 1.20294952489155e+05 
1.22415647948693e-01 1.20186125406582e+05 
1.22598368259971e-01 1.20075715076085e+05 
1.22780079531814e-01 1.19964740115097e+05 
1.22962865213890e-01 1.19851856054481e+05 
1.23144642474394e-01 1.19737971767088e+05 
1.23327502077389e-01 1.19621440557308e+05 
1.23507598420624e-01 1.19505503877381e+05 
1.23690538656755e-01 1.19386600872989e+05 
1.23871800167688e-01 1.19267994237562e+05 
1.24054826817736e-01 1.19147242469552e+05 
1.24236716467043e-01 1.19027178210778e+05 
1.24419832825642e-01 1.18904880119153e+05 
1.24601576648168e-01 1.18783304822219e+05 
1.24783655105738e-01 1.18661093328659e+05 
1.24965260093964e-01 1.18538628798002e+05 
1.25147357444489e-01 1.18415732907976e+05 
1.25328825521186e-01 1.18292963360239e+05 
1.25510906992313e-01 1.18169811176723e+05 
1.25692239942025e-01 1.18046993629771e+05 
1.25874235058803e-01 1.17923836872249e+05 
1.26055413262699e-01 1.17801194290617e+05 
1.26237224380207e-01 1.17678093307404e+05 
1.26418216393149e-01 1.17556033895822e+05 
1.26599687026820e-01 1.17433944140398e+05 
1.26780098787246e-01 1.17313033973105e+05 
1.26960701055279e-01 1.17192255835237e+05 
1.27140168435995e-01 1.17072348036568e+05 
1.27319523639750e-01 1.16952612764589e+05 
1.27497730787830e-01 1.16833758450351e+05 
1.27675654646993e-01 1.16715154428197e+05 
1.27852299827034e-01 1.16597467718848e+05 
1.28028671132527e-01 1.16480029063726e+05 
1.28203677799965e-01 1.16363678191965e+05 
1.28378466852950e-01 1.16247717958016e+05 
1.28551849841043e-01 1.16132883624271e+05 
1.28724183465644e-01 1.16018998893732e+05 
1.28896103689442e-01 1.15905560250241e+05 
1.29067976094438e-01 1.15792388074140e+05 
1.29238508699870e-01 1.15680214489191e+05 
1.29422667595450e-01 1.15559296921814e+05 
1.29606169880486e-01 1.15438912371049e+05 
1.29790381106054e-01 1.15318206432573e+05 
1.29974624952012e-01 1.15197555290947e+05 
1.30158889573841e-01 1.15076929967975e+05 
1.30343187558258e-01 1.14956265817301e+05 
1.30527510091178e-01 1.14835543939218e+05 
1.30711867523295e-01 1.14714719262149e+05 
1.30896256046584e-01 1.14593790657399e+05 
1.31080682434034e-01 1.14472735504464e+05 
1.31265149864425e-01 1.14351569532132e+05 
1.31451787469100e-01 1.14228881289804e+05 
1.31637903539349e-01 1.14106493720372e+05 
1.31823870182959e-01 1.13984150527527e+05 
1.32009477166150e-01 1.13862065359988e+05 
1.32194843690015e-01 1.13740143813543e+05 
1.32380157128615e-01 1.13618347983934e+05 
1.32561546873893e-01 1.13499199232822e+05 
1.32741334887963e-01 1.13381253559530e+05 
1.32915757371027e-01 1.13266951399583e+05 
1.33088368513811e-01 1.13154032372909e+05 
1.33256897796114e-01 1.13043953040094e+05 
1.33441771901454e-01 1.12923473144267e+05 
1.33626618950526e-01 1.12803273201904e+05 
1.33811426566134e-01 1.12683438827278e+05 
1.33996453117184e-01 1.12563771830038e+05 
1.34181374783006e-01 1.12444546407127e+05 
1.34366367859576e-01 1.12325606044659e+05 
1.34550927197891e-01 1.12207323466978e+05 
1.34735214068869e-01 1.12089539240574e+05 
1.34918918033767e-01 1.11972480757039e+05 
1.35080708506604e-01 1.11869623101212e+05 
1.35258678026726e-01 1.11756756984119e+05 
1.35441417537676e-01 1.11641095759092e+05 
1.35623918095180e-01 1.11525816109367e+05 
1.35788775109939e-01 1.11421808915400e+05 
1.35970117826173e-01 1.11307537405129e+05 
1.36152697799505e-01 1.11192548885868e+05 
1.36335249560092e-01 1.11077624668523e+05 
1.36517947644632e-01 1.10962580813697e+05 
1.36700685886565e-01 1.10847474909535e+05 
1.36883351752948e-01 1.10732313356818e+05 
1.37066048281681e-01 1.10617039491038e+05 
1.37248607016469e-01 1.10501711743168e+05 
1.37431213376916e-01 1.10386241059115e+05 
1.37613710192324e-01 1.10270694965615e+05 
1.37796301419947e-01 1.10154993953397e+05 
1.37978853277906e-01 1.10039203865049e+05 
1.38161577467105e-01 1.09923256176276e+05 
1.38344351350614e-01 1.09807217076941e+05 
1.38527097867717e-01 1.09691207699740e+05 
1.38708475834786e-01 1.09576068378418e+05 
1.38888989350636e-01 1.09461547050811e+05 
1.39068119553068e-01 1.09347953239136e+05 
1.39246286570512e-01 1.09235084837197e+05 
1.39423012295719e-01 1.09123202557318e+05 
1.39598719948634e-01 1.09012077394344e+05 
1.39773207206196e-01 1.08901800801523e+05 
1.39946944518507e-01 1.08792095830761e+05 
1.40119726071579e-01 1.08683052194198e+05 
1.40291777397937e-01 1.08574554220461e+05 
1.40462993703885e-01 1.08466591637803e+05 
1.40633563532507e-01 1.08359059511786e+05 
1.40803530701972e-01 1.08251860503779e+05 
1.40973029969050e-01 1.08144913444692e+05 
1.41158238089406e-01 1.08027933360780e+05 
1.41343853982213e-01 1.07910570661214e+05 
1.41529681145648e-01 1.07792857268327e+05 
1.41715976547719e-01 1.07674639063156e+05 
1.41902480661407e-01 1.07555990336740e+05 
1.42089355818025e-01 1.07436823931158e+05 
1.42275002846022e-01 1.07318086374556e+05 
1.42462012398029e-01 1.07198136004326e+05 
1.42648886694749e-01 1.07077882467084e+05 
1.42835686313025e-01 1.06957316998784e+05 
1.43022271033405e-01 1.06836503869667e+05 
1.43208771268935e-01 1.06715404975304e+05 
1.43395068957268e-01 1.06594090800906e+05 
1.43581344023187e-01 1.06472522916062e+05 
1.43767480239800e-01 1.06350795106321e+05 
1.43953684477808e-01 1.06228880151262e+05 
1.44139831437381e-01 1.06106925701974e+05 
1.44326088423488e-01 1.05984940331621e+05 
1.44512195976873e-01 1.05863223403259e+05 
1.44698382494273e-01 1.05741788019345e+05 
1.44884497639270e-01 1.05620868791656e+05 
1.45070772597786e-01 1.05500433136197e+05 
1.45257038418826e-01 1.05380882856546e+05 
1.45443525399233e-01 1.05262181521145e+05 
1.45630043173570e-01 1.05144760903514e+05 
1.45816826277917e-01 1.05028983870782e+05 
1.46003665547151e-01 1.04914609160226e+05 
1.46190580878610e-01 1.04803142160751e+05 
1.46377529692743e-01 1.04695042635478e+05 
1.46564554784114e-01 1.04591141728694e+05 
1.46751629547467e-01 1.04488380579271e+05 
1.46938813184115e-01 1.04392260896006e+05 
1.47126062286086e-01 1.04302558773839e+05 
1.47313452288411e-01 1.04217671302928e+05 
1.47500924417812e-01 1.04137007332826e+05 
1.47688569136238e-01 1.04064592535963e+05 
1.47876312132058e-01 1.03992640895290e+05 
1.48064253940535e-01 1.03922027135091e+05 
1.48252256353721e-01 1.03854888863039e+05 
1.48440332229961e-01 1.03793114368326e+05 
1.48628450379492e-01 1.03738708119853e+05 
1.48816661864823e-01 1.03692503795483e+05 
1.49004930338028e-01 1.03655427797168e+05 
1.49193319687241e-01 1.03628027596743e+05 
1.49381815152820e-01 1.03608143379309e+05 
1.49570523030010e-01 1.03596571469283e+05 
1.49759442560894e-01 1.03592821425476e+05 
1.49948668666891e-01 1.03596801388271e+05 
1.50138074713188e-01 1.03607880220805e+05 
1.50327722614945e-01 1.03625051099818e+05 
1.50517492593548e-01 1.03648247777908e+05 
1.50707466605888e-01 1.03675112620440e+05 
1.50897497309631e-01 1.03705954067016e+05 
1.51087600203454e-01 1.03738959804455e+05 
1.51277611582207e-01 1.03774261893437e+05 
1.51467577222044e-01 1.03810138243881e+05 
1.51657417889065e-01 1.03846512430513e+05 
1.51847207277325e-01 1.03882287241062e+05 
1.52036885708284e-01 1.03914893954743e+05 
1.52226564340141e-01 1.03947619021179e+05 
1.52416201109381e-01 1.03979192731092e+05 
1.52605919803177e-01 1.04008766099619e+05 
1.52795675204450e-01 1.04034872441190e+05 
1.52985577770608e-01 1.04057219655699e+05 
1.53175563848019e-01 1.04075759971989e+05 
1.53365732075498e-01 1.04089682133435e+05 
1.53556003970828e-01 1.04099298393947e+05 
1.53746478106833e-01 1.04106009298963e+05 
1.53937065399152e-01 1.04110907912903e+05 
1.54127868026106e-01 1.04115036499604e+05 
1.54318785813722e-01 1.04118969592189e+05 
1.54509921477155e-01 1.04124295091701e+05 
1.54701170307174e-01 1.04130770373697e+05 
1.54892538668452e-01 1.04142073335530e+05 
1.55084020370024e-01 1.04163446607214e+05 
1.55275624579387e-01 1.04188812965110e+05 
1.55467340707824e-01 1.04218179110789e+05 
1.55659180733372e-01 1.04255628122096e+05 
1.55851130690918e-01 1.04303604822275e+05 
1.56043206019007e-01 1.04362384637466e+05 
1.56235390964770e-01 1.04431584665248e+05 
1.56427704429471e-01 1.04511605122160e+05 
1.56620127915428e-01 1.04602010908946e+05 
1.56812681045638e-01 1.04702034292893e+05 
1.57005341403872e-01 1.04811184574071e+05 
1.57198129090720e-01 1.04928151451731e+05 
1.57391017757885e-01 1.05051615587080e+05 
1.57584028567631e-01 1.05179965283668e+05 
1.57777132313757e-01 1.05311621737511e+05 
1.57970353765840e-01 1.05444459554781e+05 
1.58163661585902e-01 1.05575517170987e+05 
1.58357085300910e-01 1.05702291533549e+05 
1.58550590944615e-01 1.05828657587283e+05 
1.58744210433346e-01 1.05943288078524e+05 
1.58937126877866e-01 1.06046590681599e+05 
1.59129921663154e-01 1.06139846541605e+05 
1.59321418069534e-01 1.06215373035926e+05 
1.59512821858099e-01 1.06284789144748e+05 
1.59702955425676e-01 1.06344414991863e+05 
1.59893028219159e-01 1.06391654275911e+05 
1.60081860759538e-01 1.06425266955681e+05 
1.60270667574999e-01 1.06439777713118e+05 
1.60458265812628e-01 1.06436782132342e+05 
1.60645876805603e-01 1.06426460368486e+05 
1.60832310384376e-01 1.06396920031858e+05 
1.61018797857762e-01 1.06351735380103e+05 
1.61204138689315e-01 1.06294295209825e+05 
1.61389577106355e-01 1.06227525313133e+05 
1.61573898285439e-01 1.06147501941150e+05 
1.61758362207654e-01 1.06065448919741e+05 
1.61941735713093e-01 1.05983610186864e+05 
1.62125297530826e-01 1.05902526097705e+05 
1.62307792590408e-01 1.05820835923160e+05 
1.62490522926068e-01 1.05738880888667e+05 
1.62672207875786e-01 1.05657587171023e+05 
1.62854177610473e-01 1.05575404945409e+05 
1.63035121404468e-01 1.05492858857853e+05 
1.63216402768752e-01 1.05409987066263e+05 
1.63396675805485e-01 1.05326215399699e+05 
1.63577343280650e-01 1.05241317109402e+05 
1.63757018326430e-01 1.05156111136710e+05 
1.63937150005398e-01 1.05070628084837e+05 
1.64114398521227e-01 1.04986623668076e+05 
1.64291726493394e-01 1.04902778968217e+05 
1.64469340739614e-01 1.04818946958205e+05 
1.64647184624128e-01 1.04735545942373e+05 
1.64825511393961e-01 1.04652654649596e+05 
1.65004270404505e-01 1.04570360802235e+05 
1.65183725367699e-01 1.04488961135119e+05 
1.65363834799228e-01 1.04408422268337e+05 
1.65544866175705e-01 1.04329132530650e+05 
1.65726799382860e-01 1.04251019336050e+05 
1.65909910821868e-01 1.04173872543425e+05 
1.66094221907481e-01 1.04097938975484e+05 
1.66280034582493e-01 1.04023501061875e+05 
1.66467444382819e-01 1.03950617658156e+05 
1.66648252053650e-01 1.03882744994010e+05 
1.66839688958459e-01 1.03813942323675e+05 
1.67020695038224e-01 1.03752022162277e+05 
1.67201896374065e-01 1.03694008939867e+05 
1.67383100973234e-01 1.03640891427326e+05 
1.67564552013166e-01 1.03589282802995e+05 
1.67745925975214e-01 1.03546568262360e+05 
1.67927501072271e-01 1.03511763606153e+05 
1.68108990981250e-01 1.03483821469220e+05 
1.68290745835645e-01 1.03465302705650e+05 
1.68472355644958e-01 1.03452166125067e+05 
1.68654223799756e-01 1.03439250074794e+05 
1.68835956343218e-01 1.03432198023214e+05 
1.69017920076420e-01 1.03431884594316e+05 
1.69199785431073e-01 1.03439951073974e+05 
1.69381854746562e-01 1.03458344787508e+05 
1.69563865085764e-01 1.03482595160618e+05 
1.69746057520931e-01 1.03516923712839e+05 
1.69928225913795e-01 1.03560354661053e+05 
1.70110456496307e-01 1.03615605123262e+05 
1.70292835496416e-01 1.03684950901005e+05 
1.70475326492974e-01 1.03766179089082e+05 
1.70657853734656e-01 1.03863885905378e+05 
1.70840543762152e-01 1.03973896217468e+05 
1.71023237426768e-01 1.04097101534384e+05 
1.71206099738322e-01 1.04235755144582e+05 
1.71388979168167e-01 1.04386938102378e+05 
1.71572016547252e-01 1.04552741504356e+05 
1.71755088792680e-01 1.04730448300543e+05 
1.71938324230679e-01 1.04921306425368e+05 
1.72121577955744e-01 1.05122124590164e+05 
1.72305018499564e-01 1.05334484384340e+05 
1.72488436382452e-01 1.05558686468771e+05 
1.72672047854158e-01 1.05788711542371e+05 
1.72855588238652e-01 1.06022868913767e+05 
1.73039294044209e-01 1.06263459996127e+05 
1.73222898687207e-01 1.06505689634662e+05 
1.73406203486935e-01 1.06746352542543e+05 
1.73589847278681e-01 1.06988528944986e+05 
1.73773315351729e-01 1.07234852401508e+05 
1.73957124371905e-01 1.07484674038939e+05 
1.74141018046464e-01 1.07732116207519e+05 
1.74325019317518e-01 1.07976194388633e+05 
1.74509204366499e-01 1.08212507129065e+05 
1.74693410282081e-01 1.08438460324611e+05 
1.74877829390335e-01 1.08652402108408e+05 
1.75062247344893e-01 1.08854465893409e+05 
1.75246880567217e-01 1.09045020572352e+05 
1.75431528599875e-01 1.09221286658307e+05 
1.75616383044211e-01 1.09383157612608e+05 
1.75801288735910e-01 1.09532033905586e+05 
1.75986393494917e-01 1.09668390323661e+05 
1.76171588677789e-01 1.09793794073292e+05 
1.76356981887215e-01 1.09909550480654e+05 
1.76542499666339e-01 1.10014931898744e+05 
1.76728221253840e-01 1.10115305600045e+05 
1.76909253397573e-01 1.10210719300499e+05 
1.77095334939314e-01 1.10306197987300e+05 
1.77281589620014e-01 1.10400394134963e+05 
1.77467566011483e-01 1.10493587540272e+05 
1.77654232683473e-01 1.10585572157036e+05 
1.77841030107690e-01 1.10679668240043e+05 
1.78028131222186e-01 1.10776536038210e+05 
1.78215481082889e-01 1.10877807481309e+05 
1.78400731999068e-01 1.10982672814774e+05 
1.78588539966335e-01 1.11094796881740e+05 
1.78774146535201e-01 1.11211776165828e+05 
1.78962428164101e-01 1.11336839519435e+05 
1.79148351775383e-01 1.11467104525709e+05 
1.79337120351416e-01 1.11606120711418e+05 
1.79523376803030e-01 1.11749367617760e+05 
1.79712645060698e-01 1.11900336954026e+05 
1.79899249080343e-01 1.12053465543242e+05 
1.80089037402119e-01 1.12211113401795e+05 
1.80276005606003e-01 1.12368778349508e+05 
1.80466314981797e-01 1.12529062132698e+05 
1.80653668485668e-01 1.12684929154602e+05 
1.80844500407598e-01 1.12843267567627e+05 
1.81032264584801e-01 1.12989464153823e+05 
1.81223632428033e-01 1.13124033935710e+05 
1.81411836348422e-01 1.13242617027645e+05 
1.81603750559516e-01 1.13345783557618e+05 
1.81792427482979e-01 1.13450869150917e+05 
1.81984892764054e-01 1.13530457770826e+05 
1.82174081567522e-01 1.13583939617795e+05 
1.82367100929224e-01 1.13616903167498e+05 
1.82556846842404e-01 1.13633403606678e+05 
1.82750419381853e-01 1.13635469257418e+05 
1.82940774557856e-01 1.13610227592643e+05 
1.83134892000537e-01 1.13574699946621e+05 
1.83325916840631e-01 1.13542697532243e+05 
1.83520580290351e-01 1.13510356611827e+05 
1.83712345031396e-01 1.13478531353030e+05 
1.83907555065847e-01 1.13437368890042e+05 
1.84100141700494e-01 1.13387800685589e+05 
1.84295895513451e-01 1.13324781723851e+05 
1.84489399761206e-01 1.13244881881680e+05 
1.84685691796546e-01 1.13146044349927e+05 
1.84880225893197e-01 1.13029730346678e+05 
1.85077048608350e-01 1.12900260719148e+05 
1.85272743316665e-01 1.12758599132157e+05 
1.85470087712251e-01 1.12605910717569e+05 
1.85667095535919e-01 1.12442884182135e+05 
1.85865117751392e-01 1.12271918401959e+05 
1.86063379948193e-01 1.12093046921958e+05 
1.86263894663941e-01 1.11907662231918e+05 
1.86466225580851e-01 1.11715020763242e+05 
1.86670378040001e-01 1.11517840887003e+05 
1.86875220249379e-01 1.11316410956222e+05 
1.87080719637573e-01 1.11113257403433e+05 
1.87286087797437e-01 1.10908516448690e+05 
1.87492022847976e-01 1.10704055861665e+05 
1.87697540610516e-01 1.10499869553725e+05 
1.87903448711574e-01 1.10297487463526e+05 
1.88109029468239e-01 1.10096396700499e+05 
1.88314896656513e-01 1.09898058307391e+05 
1.88520499778771e-01 1.09701569033662e+05 
1.88726341597322e-01 1.09508298954563e+05 
1.88932019768937e-01 1.09316977908265e+05 
1.89137915568607e-01 1.09129071260421e+05 
1.89309086177353e-01 1.08974187704431e+05 
1.89483685960098e-01 1.08818740700847e+05 
1.89662118461847e-01 1.08661121513425e+05 
1.89835235192037e-01 1.08510580308309e+05 
1.90006749534847e-01 1.08362456511601e+05 
1.90181660862498e-01 1.08213552407043e+05 
1.90353306573072e-01 1.08068228042348e+05 
1.90526657507835e-01 1.07923284342494e+05 
1.90698452276005e-01 1.07780329251316e+05 
1.90871967059247e-01 1.07637348415274e+05 
1.91043913242300e-01 1.07496418063644e+05 
1.91219337704499e-01 1.07353645258536e+05 
1.91391422620606e-01 1.07214937873695e+05 
1.91567027184191e-01 1.07074108944506e+05 
1.91739263393529e-01 1.06937196810705e+05 
1.91915057820396e-01 1.06798339679140e+05 
1.92087451325775e-01 1.06663001161590e+05 
1.92263442263502e-01 1.06524746901684e+05 
1.92435997219120e-01 1.06389027157955e+05 
1.92612190759318e-01 1.06250259295738e+05 
1.92792454566657e-01 1.06107978828264e+05 
1.92967094691542e-01 1.05969977923993e+05 
1.93145688995542e-01 1.05828445922700e+05 
1.93328705167581e-01 1.05683241316474e+05 
1.93517008214785e-01 1.05533394940642e+05 
1.93711351244574e-01 1.05378707034397e+05 
1.93912440255563e-01 1.05218272942370e+05 
1.94119564417668e-01 1.05053216156813e+05 
1.94326264699658e-01 1.04888173322476e+05 
1.94533146536800e-01 1.04723784528988e+05 
1.94739561016446e-01 1.04559275125237e+05 
1.94946128616472e-01 1.04395999390347e+05 
1.95152195561118e-01 1.04233723963015e+05 
1.95358389490147e-01 1.04071820711970e+05 
1.95564056336400e-01 1.03912027155697e+05 
1.95769827913226e-01 1.03752892740721e+05 
1.95975055609273e-01 1.03595584957236e+05 
1.96180371013145e-01 1.03438970628518e+05 
1.96385130989884e-01 1.03284220103195e+05 
1.96589962241524e-01 1.03130228640114e+05 
1.96794226209633e-01 1.02978149642220e+05 
1.96998543876414e-01 1.02826903709744e+05 
1.97202282384062e-01 1.02677658450842e+05 
1.97406055959159e-01 1.02529303925274e+05 
1.97609238389350e-01 1.02383017981058e+05 
1.97812436314078e-01 1.02237631026879e+05 
1.98003024271038e-01 1.02102115849371e+05 
1.98197452399474e-01 1.01965696293662e+05 
1.98388567308695e-01 1.01832129963149e+05 
1.98581720544277e-01 1.01698624874098e+05 
1.98774023480866e-01 1.01566950749371e+05 
1.98975355460130e-01 1.01430640547126e+05 
1.99153352288543e-01 1.01311234650536e+05 
1.99346539234602e-01 1.01182946250598e+05 
1.99524556997710e-01 1.01065766599180e+05 
1.99712560372374e-01 1.00943163913832e+05 
1.99890594040655e-01 1.00828014058463e+05 
2.00076517281624e-01 1.00708746259301e+05 
2.00269677674301e-01 1.00585825733421e+05 
