# Liste des scalaires : TEMPS pmat 
0.00000000000000e+00 1.00000000000000e+05 
7.22956891292051e-05 1.00000000000000e+05 
1.39473830159786e-04 1.00000000000000e+05 
2.09658797050084e-04 1.00000000000000e+05 
2.76117114236734e-04 1.00000000000000e+05 
3.20638761908128e-04 1.00000000000000e+05 
3.55139419127676e-04 1.00000000000000e+05 
3.84466703006957e-04 1.00000000000000e+05 
4.10882456555360e-04 1.00000000000000e+05 
4.35440253196339e-04 1.00000000000000e+05 
4.62453829501415e-04 1.00000000000000e+05 
4.92168763437000e-04 1.00000000000000e+05 
5.24855190766142e-04 1.00000000000000e+05 
5.60810260828199e-04 1.00000000000000e+05 
6.00360837896462e-04 1.00000000000000e+05 
6.43866472671550e-04 1.00000000000000e+05 
6.91722670924148e-04 1.00000000000000e+05 
7.44364489002006e-04 1.00000000000000e+05 
8.02270488887649e-04 1.00000000000000e+05 
8.65967088761856e-04 1.00000000000000e+05 
9.36033348623485e-04 1.00000000000000e+05 
1.01310623447128e-03 1.00000000000000e+05 
1.09788640890385e-03 1.00000000000000e+05 
1.19114460077967e-03 1.00000000000000e+05 
1.28874595967997e-03 1.00000000000000e+05 
1.39427742078092e-03 1.00000000000000e+05 
1.50221628787628e-03 1.00000000000000e+05 
1.61553425737485e-03 1.00000000000000e+05 
1.73457348070838e-03 1.00000000000000e+05 
1.85733677968629e-03 1.00000000000000e+05 
1.98616223838889e-03 1.00000000000000e+05 
2.11872938704646e-03 1.00000000000000e+05 
2.25541689819682e-03 1.00000000000000e+05 
2.39772133018695e-03 1.00000000000000e+05 
2.54485627309113e-03 1.00000000000000e+05 
2.69657390129222e-03 1.00000000000000e+05 
2.85238267869194e-03 1.00000000000000e+05 
3.01245336052057e-03 1.00000000000000e+05 
3.17812497446114e-03 1.00000000000000e+05 
3.34903914085944e-03 1.00000000000000e+05 
3.52550659026308e-03 1.00000000000000e+05 
3.70726992321376e-03 1.00000000000000e+05 
3.89587589613583e-03 1.00000000000000e+05 
4.08975108537174e-03 1.00000000000000e+05 
4.28959471140212e-03 1.00000000000000e+05 
4.49516060408415e-03 1.00000000000000e+05 
4.70839016598754e-03 1.00000000000000e+05 
4.92856382961001e-03 1.00000000000000e+05 
5.15483884145768e-03 1.00000000000000e+05 
5.38810296190520e-03 1.00000000000000e+05 
5.62716630832503e-03 1.00000000000000e+05 
5.87020911792079e-03 1.00000000000000e+05 
6.12048301668713e-03 1.00000000000000e+05 
6.37286594506296e-03 1.00000000000000e+05 
6.63255281660234e-03 1.00000000000000e+05 
6.89402258475616e-03 1.00000000000000e+05 
7.16407888327032e-03 1.00000000000000e+05 
7.43688359574238e-03 1.00000000000000e+05 
7.71399396444571e-03 1.00000000000000e+05 
7.99382024823435e-03 1.00000000000000e+05 
8.27676476722835e-03 1.00000000000000e+05 
8.55486963386544e-03 1.00000000000000e+05 
8.82693129547713e-03 1.00000000000000e+05 
9.09434992258193e-03 1.00000000000000e+05 
9.35798204986543e-03 1.00000000000000e+05 
9.61828190541970e-03 1.00000000000000e+05 
9.87458790234803e-03 1.00000000000000e+05 
1.01275999953483e-02 1.00000000000000e+05 
1.03780906819514e-02 1.00000000000000e+05 
1.06260594935297e-02 1.00000000000000e+05 
1.08549555553354e-02 1.00000000000000e+05 
1.10600486680323e-02 1.00000000000000e+05 
1.12527948522926e-02 1.00000000000000e+05 
1.14376554257992e-02 1.00000000000000e+05 
1.16160612507174e-02 1.00000000000000e+05 
1.17894063979556e-02 1.00000000000000e+05 
1.19585737899331e-02 1.00000000000000e+05 
1.21239481480754e-02 1.00000000000000e+05 
1.22866263127328e-02 1.00000000000000e+05 
1.24468089537051e-02 1.00000000000000e+05 
1.26055542543277e-02 1.00000000000000e+05 
1.27631470205442e-02 1.00000000000000e+05 
1.29206084730640e-02 1.00000000000000e+05 
1.30781236637080e-02 1.00000000000000e+05 
1.32361994249646e-02 1.00000000000000e+05 
1.33950719532083e-02 1.00000000000000e+05 
1.35550962737007e-02 1.00000000000000e+05 
1.37170965417530e-02 1.00000000000000e+05 
1.38810982375900e-02 1.00000000000000e+05 
1.40478745335598e-02 1.00000000000000e+05 
1.42173486891506e-02 1.00000000000000e+05 
1.43901228779108e-02 1.00000000000000e+05 
1.45659907441907e-02 1.00000000000000e+05 
1.47453963822202e-02 1.00000000000000e+05 
1.49279912097353e-02 1.00000000000000e+05 
1.51140852203487e-02 1.00000000000000e+05 
1.53031952271050e-02 1.00000000000000e+05 
1.54955102789211e-02 1.00000000000000e+05 
1.56904870828000e-02 1.00000000000000e+05 
1.58880144781523e-02 1.00000000000000e+05 
1.60879204900426e-02 1.00000000000000e+05 
1.62896862188938e-02 1.00000000000000e+05 
1.64933781471545e-02 1.00000000000000e+05 
1.66983380294582e-02 1.00000000000000e+05 
1.69047232636526e-02 1.00000000000000e+05 
1.71118822885232e-02 1.00000000000000e+05 
1.73200407946253e-02 1.00000000000000e+05 
1.75285839470295e-02 1.00000000000000e+05 
1.77378222858522e-02 1.00000000000000e+05 
1.79471875849560e-02 1.00000000000000e+05 
1.81570553998867e-02 1.00000000000000e+05 
1.83668944347103e-02 1.00000000000000e+05 
1.85771214286663e-02 1.00000000000000e+05 
1.87872440614252e-02 1.00000000000000e+05 
1.89976909297204e-02 1.00000000000000e+05 
1.92080001559512e-02 1.00000000000000e+05 
1.94185906688024e-02 1.00000000000000e+05 
1.96290456608195e-02 1.00000000000000e+05 
1.98397696006133e-02 1.00000000000000e+05 
2.00503698105819e-02 1.00000000000000e+05 
2.02612524932196e-02 1.00000000000000e+05 
2.04720115920037e-02 1.00000000000000e+05 
2.06830461947803e-02 1.00000000000000e+05 
2.08939689810417e-02 1.00000000000000e+05 
2.11051557230223e-02 1.00000000000000e+05 
2.13162421502271e-02 1.00000000000000e+05 
2.15275812677458e-02 1.00000000000000e+05 
2.17388319042400e-02 1.00000000000000e+05 
2.19503115015242e-02 1.00000000000000e+05 
2.21616961734513e-02 1.00000000000000e+05 
2.23732636030354e-02 1.00000000000000e+05 
2.25847063477431e-02 1.00000000000000e+05 
2.27962795301760e-02 1.00000000000000e+05 
2.30076638236648e-02 1.00000000000000e+05 
2.32191024657063e-02 1.00000000000000e+05 
2.34303046688932e-02 1.00000000000000e+05 
2.36415352682045e-02 1.00000000000000e+05 
2.38525388645105e-02 1.00000000000000e+05 
2.40635889780905e-02 1.00000000000000e+05 
2.42744521447797e-02 1.00000000000000e+05 
2.44853998812012e-02 1.00000000000000e+05 
2.46962184676916e-02 1.00000000000000e+05 
2.49071747519809e-02 1.00000000000000e+05 
2.51180752152249e-02 1.00000000000000e+05 
2.53291825266529e-02 1.00000000000000e+05 
2.55403208572231e-02 1.00000000000000e+05 
2.57517491903213e-02 1.00000000000000e+05 
2.59633060070905e-02 1.00000000000000e+05 
2.61752447443964e-02 1.00000000000000e+05 
2.63874127740833e-02 1.00000000000000e+05 
2.66000520180836e-02 1.00000000000000e+05 
2.68130144860562e-02 1.00000000000000e+05 
2.70265248467440e-02 1.00000000000000e+05 
2.72404383595046e-02 1.00000000000000e+05 
2.74549593817964e-02 1.00000000000000e+05 
2.76699463328440e-02 1.00000000000000e+05 
2.78855837071710e-02 1.00000000000000e+05 
2.81017334786004e-02 1.00000000000000e+05 
2.83185620385938e-02 1.00000000000000e+05 
2.85359339335773e-02 1.00000000000000e+05 
2.87539979595504e-02 1.00000000000000e+05 
2.89726195850441e-02 1.00000000000000e+05 
2.91919302125072e-02 1.00000000000000e+05 
2.94117963020561e-02 1.00000000000000e+05 
2.96323341221784e-02 1.00000000000000e+05 
2.98534151146804e-02 1.00000000000000e+05 
3.00751433677913e-02 1.00000000000000e+05 
3.02973945886826e-02 1.00000000000000e+05 
3.05202564503365e-02 1.00000000000000e+05 
3.07436058753394e-02 1.00000000000000e+05 
3.09675136462497e-02 1.00000000000000e+05 
3.11918610024429e-02 1.00000000000000e+05 
3.14167055505689e-02 1.00000000000000e+05 
3.16419362025592e-02 1.00000000000000e+05 
3.18676003464200e-02 1.00000000000000e+05 
3.20935957807605e-02 1.00000000000000e+05 
3.23199610756213e-02 1.00000000000000e+05 
3.25466032612178e-02 1.00000000000000e+05 
3.27735553191792e-02 1.00000000000000e+05 
3.30007369927883e-02 1.00000000000000e+05 
3.32281832239651e-02 1.00000000000000e+05 
3.34558247528706e-02 1.00000000000000e+05 
3.36836980856704e-02 1.00000000000000e+05 
3.39117404406365e-02 1.00000000000000e+05 
3.41399920904858e-02 1.00000000000000e+05 
3.43683999733514e-02 1.00000000000000e+05 
3.45970157582058e-02 1.00000000000000e+05 
3.48257959712177e-02 1.00000000000000e+05 
3.50547954895442e-02 1.00000000000000e+05 
3.52839659906112e-02 1.00000000000000e+05 
3.55133578497981e-02 1.00000000000000e+05 
3.57429241287293e-02 1.00000000000000e+05 
3.59727173598290e-02 1.00000000000000e+05 
3.62027000210214e-02 1.00000000000000e+05 
3.64329287392929e-02 1.00000000000000e+05 
3.66633755950193e-02 1.00000000000000e+05 
3.68940979024226e-02 1.00000000000000e+05 
3.71250729793088e-02 1.00000000000000e+05 
3.73563581765446e-02 1.00000000000000e+05 
3.75879326629091e-02 1.00000000000000e+05 
3.78198541772125e-02 1.00000000000000e+05 
3.80521095654391e-02 1.00000000000000e+05 
3.82847538350257e-02 1.00000000000000e+05 
3.85177768773509e-02 1.00000000000000e+05 
3.87512249522270e-02 1.00000000000000e+05 
3.89850859740042e-02 1.00000000000000e+05 
3.92194010646305e-02 1.00000000000000e+05 
3.94541497444408e-02 1.00000000000000e+05 
3.96889724871017e-02 1.00000000000000e+05 
3.99239286239031e-02 1.00000000000000e+05 
4.01589149981520e-02 1.00000000000000e+05 
4.03940474554463e-02 1.00000000000000e+05 
4.06292123433935e-02 1.00000000000000e+05 
4.08645326263478e-02 1.00000000000000e+05 
4.10998926517862e-02 1.00000000000000e+05 
4.13354169825474e-02 1.00000000000000e+05 
4.15709913813458e-02 1.00000000000000e+05 
4.18067384310535e-02 1.00000000000000e+05 
4.20425454368031e-02 1.00000000000000e+05 
4.22785300883816e-02 1.00000000000000e+05 
4.25145825002868e-02 1.00000000000000e+05 
4.27508176670080e-02 1.00000000000000e+05 
4.29871305208165e-02 1.00000000000000e+05 
4.32236335688791e-02 1.00000000000000e+05 
4.34602249954502e-02 1.00000000000000e+05 
4.36970110731539e-02 1.00000000000000e+05 
4.39338930840382e-02 1.00000000000000e+05 
4.41709710566309e-02 1.00000000000000e+05 
4.44081493200895e-02 1.00000000000000e+05 
4.46455172494189e-02 1.00000000000000e+05 
4.48829793377362e-02 1.00000000000000e+05 
4.51206138125367e-02 1.00000000000000e+05 
4.53583246764295e-02 1.00000000000000e+05 
4.55961861500227e-02 1.00000000000000e+05 
4.58341061458245e-02 1.00000000000000e+05 
4.60721603203385e-02 1.00000000000000e+05 
4.63102616555829e-02 1.00000000000000e+05 
4.65484863945964e-02 1.00000000000000e+05 
4.67867540822299e-02 1.00000000000000e+05 
4.70251422768778e-02 1.00000000000000e+05 
4.72635730267888e-02 1.00000000000000e+05 
4.75021198837897e-02 1.00000000000000e+05 
4.77407019589187e-02 1.00000000000000e+05 
4.79793868633611e-02 1.00000000000000e+05 
4.82180943008584e-02 1.00000000000000e+05 
4.84568924113579e-02 1.00000000000000e+05 
4.86957144986420e-02 1.00000000000000e+05 
4.89346331323040e-02 1.00000000000000e+05 
4.91735936858135e-02 1.00000000000000e+05 
4.94126696023835e-02 1.00000000000000e+05 
4.96518152473128e-02 1.00000000000000e+05 
4.98911007530929e-02 1.00000000000000e+05 
5.01304867432468e-02 1.00000000000000e+05 
5.03700384143002e-02 1.00000000000000e+05 
5.06097185207378e-02 1.00000000000000e+05 
5.08495817215613e-02 1.00000000000000e+05 
5.10895916752473e-02 1.00000000000000e+05 
5.13297984865675e-02 1.00000000000000e+05 
5.15701673632094e-02 1.00000000000000e+05 
5.18107456066065e-02 1.00000000000000e+05 
5.20514995760834e-02 1.00000000000000e+05 
5.22924757148365e-02 1.00000000000000e+05 
5.25336417801423e-02 1.00000000000000e+05 
5.27750422019402e-02 1.00000000000000e+05 
5.30166447636151e-02 1.00000000000000e+05 
5.32584973482395e-02 1.00000000000000e+05 
5.35005686510241e-02 1.00000000000000e+05 
5.37429101535575e-02 1.00000000000000e+05 
5.39854893521562e-02 1.00000000000000e+05 
5.42283552682706e-02 1.00000000000000e+05 
5.44714722719487e-02 1.00000000000000e+05 
5.47148856923110e-02 1.00000000000000e+05 
5.49585582928422e-02 1.00000000000000e+05 
5.52025346670407e-02 1.00000000000000e+05 
5.54467777741166e-02 1.00000000000000e+05 
5.56913316067173e-02 1.00000000000000e+05 
5.59361236535909e-02 1.00000000000000e+05 
5.61811700203535e-02 1.00000000000000e+05 
5.64264193407478e-02 1.00000000000000e+05 
5.66719241750525e-02 1.00000000000000e+05 
5.69176436312391e-02 1.00000000000000e+05 
5.71636247571912e-02 1.00000000000000e+05 
5.74098410340882e-02 1.00000000000000e+05 
5.76563302048608e-02 1.00000000000000e+05 
5.79030659658755e-02 1.00000000000000e+05 
5.81500857857375e-02 1.00000000000000e+05 
5.83973700024747e-02 1.00000000000000e+05 
5.86449508166580e-02 1.00000000000000e+05 
5.88928073342300e-02 1.00000000000000e+05 
5.91409631313203e-02 1.00000000000000e+05 
5.93893952092810e-02 1.00000000000000e+05 
5.96381280661689e-02 1.00000000000000e+05 
5.98871403620711e-02 1.00000000000000e+05 
6.01364610308500e-02 1.00000000000000e+05 
6.03860695974281e-02 1.00000000000000e+05 
6.06359985564749e-02 1.00000000000000e+05 
6.08862251577141e-02 1.00000000000000e+05 
6.11367566035089e-02 1.00000000000000e+05 
6.13872370862974e-02 1.00000000000000e+05 
6.16377446347080e-02 1.00000000000000e+05 
6.18882166492654e-02 1.00000000000000e+05 
6.21387258931166e-02 1.00000000000000e+05 
6.23892139874921e-02 1.00000000000000e+05 
6.26397480138696e-02 1.00000000000000e+05 
6.28902716562860e-02 1.00000000000000e+05 
6.31408489745193e-02 1.00000000000000e+05 
6.33914263310354e-02 1.00000000000000e+05 
6.36420715255134e-02 1.00000000000000e+05 
6.38927374187207e-02 1.00000000000000e+05 
6.41434912693588e-02 1.00000000000000e+05 
6.43942811315778e-02 1.00000000000000e+05 
6.46451633410701e-02 1.00000000000000e+05 
6.48960806719463e-02 1.00000000000000e+05 
6.51470899540161e-02 1.00000000000000e+05 
6.53981399103246e-02 1.00000000000000e+05 
6.56492970226228e-02 1.00000000000000e+05 
6.59005150535792e-02 1.00000000000000e+05 
6.61518522182866e-02 1.00000000000000e+05 
6.64032560136014e-02 1.00000000000000e+05 
6.66547750887313e-02 1.00000000000000e+05 
6.69063600324515e-02 1.00000000000000e+05 
6.71580598711255e-02 1.00000000000000e+05 
6.74098336153248e-02 1.00000000000000e+05 
6.76617291748195e-02 1.00000000000000e+05 
6.79137113553784e-02 1.00000000000000e+05 
6.81658231925414e-02 1.00000000000000e+05 
6.84180332413442e-02 1.00000000000000e+05 
6.86703801326561e-02 1.00000000000000e+05 
6.89228374109489e-02 1.00000000000000e+05 
6.91754399744603e-02 1.00000000000000e+05 
6.94281691291303e-02 1.00000000000000e+05 
6.96810513316718e-02 1.00000000000000e+05 
6.99340783479516e-02 1.00000000000000e+05 
7.01872645935068e-02 1.00000000000000e+05 
7.04406072996467e-02 1.00000000000000e+05 
7.06941166460211e-02 1.00000000000000e+05 
7.09477886576581e-02 1.00000000000000e+05 
7.12016351014529e-02 1.00000000000000e+05 
7.14556484308106e-02 1.00000000000000e+05 
7.17098396385592e-02 1.00000000000000e+05 
7.19641993693114e-02 1.00000000000000e+05 
7.22187395858247e-02 1.00000000000000e+05 
7.24734512524125e-02 1.00000000000000e+05 
7.27283469078882e-02 1.00000000000000e+05 
7.29834183029992e-02 1.00000000000000e+05 
7.32386757818622e-02 1.00000000000000e+05 
7.34941146319427e-02 1.00000000000000e+05 
7.37497420428632e-02 1.00000000000000e+05 
7.40055573599991e-02 1.00000000000000e+05 
7.42615645056608e-02 1.00000000000000e+05 
7.45177645988561e-02 1.00000000000000e+05 
7.47741585893818e-02 1.00000000000000e+05 
7.50307495800709e-02 1.00000000000000e+05 
7.52875352691516e-02 1.00000000000000e+05 
7.55445229943186e-02 1.00000000000000e+05 
7.58017077438359e-02 1.00000000000000e+05 
7.60591004374549e-02 1.00374065887680e+05 
7.63166889947793e-02 1.02075257376837e+05 
7.65744847279739e-02 1.05826742012574e+05 
7.68324720903310e-02 1.11910708861293e+05 
7.70906654572435e-02 1.19964731884131e+05 
7.73490495964033e-02 1.29070090777924e+05 
7.76076440039050e-02 1.38345575300278e+05 
7.78664334026680e-02 1.47352838462272e+05 
7.81254406913630e-02 1.52642821678723e+05 
7.83846473497441e-02 1.54908488291032e+05 
7.86440781568542e-02 1.54946361753596e+05 
7.89037101997664e-02 1.54527506733042e+05 
7.91635706289482e-02 1.54054704438872e+05 
7.94236322215931e-02 1.53223929153906e+05 
7.96839236976684e-02 1.52196956307037e+05 
7.99444098251574e-02 1.51222959623608e+05 
8.02051228325426e-02 1.50232573455903e+05 
8.04660214039915e-02 1.49312408942554e+05 
8.07271443100208e-02 1.48446115956694e+05 
8.09884502983874e-02 1.47751220676772e+05 
8.12499862589465e-02 1.47201689979137e+05 
8.15117145621805e-02 1.46757784678511e+05 
8.17736885405761e-02 1.46366605035592e+05 
8.20358633040241e-02 1.46006207103724e+05 
8.22982903946887e-02 1.45633875730707e+05 
8.25609171312859e-02 1.45279291340037e+05 
8.28237921486674e-02 1.44944444016335e+05 
8.30868575997807e-02 1.44629929535450e+05 
8.33501627612153e-02 1.44333356050191e+05 
8.36136526934239e-02 1.44051859172821e+05 
8.38773787613453e-02 1.43782881654851e+05 
8.41412837937501e-02 1.43526944118745e+05 
8.44054187885398e-02 1.43282200804399e+05 
8.46697298066411e-02 1.43045899998060e+05 
8.49342525427938e-02 1.42814810501603e+05 
8.51989638374380e-02 1.42588309219309e+05 
8.54638785104692e-02 1.42350027241793e+05 
8.57289835987125e-02 1.42096012119619e+05 
8.59942934490274e-02 1.41837372098714e+05 
8.62597972413865e-02 1.41544355503956e+05 
8.65255092321845e-02 1.41228653545896e+05 
8.67914187426566e-02 1.40871312621097e+05 
8.70575389329293e-02 1.40504866128455e+05 
8.73238580932263e-02 1.40128228639476e+05 
8.75902509260190e-02 1.39712546412853e+05 
8.78566323854077e-02 1.39247567018488e+05 
8.81230682663365e-02 1.38719141824655e+05 
8.83895021332835e-02 1.38145993100861e+05 
8.86559961165312e-02 1.37531709418958e+05 
8.89224929332882e-02 1.36881269324409e+05 
8.91890473285780e-02 1.36203519032228e+05 
8.94556032089610e-02 1.35507064792075e+05 
8.97222138537190e-02 1.34799719065715e+05 
8.99888273828205e-02 1.34087125294866e+05 
9.02554960143982e-02 1.33373704422166e+05 
9.05221699991732e-02 1.32662741088459e+05 
9.07888956206455e-02 1.31957289453107e+05 
9.10556213353848e-02 1.31260001122854e+05 
9.13223813096072e-02 1.30572943210818e+05 
9.15891192501915e-02 1.29897612551328e+05 
9.18558535677501e-02 1.29235156511082e+05 
9.21225225882555e-02 1.28586714193130e+05 
9.23891279640831e-02 1.27953199737566e+05 
9.26556046467830e-02 1.27335200434941e+05 
9.29219380714814e-02 1.26733392847161e+05 
9.31880649581293e-02 1.26147004787603e+05 
9.34539556789408e-02 1.25578227016929e+05 
9.37195545802299e-02 1.25025215180050e+05 
9.39848217554519e-02 1.24488649935507e+05 
9.42497182042575e-02 1.23967256258936e+05 
9.45142026891435e-02 1.23460647212238e+05 
9.47782619465284e-02 1.22967437005913e+05 
9.50418697239677e-02 1.22486724683886e+05 
9.53050425872353e-02 1.22016617767667e+05 
9.55677717433635e-02 1.21556342372048e+05 
9.58301009009191e-02 1.21103780502648e+05 
9.60920341005359e-02 1.20657892384200e+05 
9.63536348771496e-02 1.20216709886884e+05 
9.66149205848820e-02 1.19779442475700e+05 
9.68759723513312e-02 1.19344344303279e+05 
9.71368078948006e-02 1.18910946008618e+05 
9.73973970260977e-02 1.18477978658245e+05 
9.76576125463104e-02 1.18045603317757e+05 
9.79175400358470e-02 1.17612661701585e+05 
9.81771762188142e-02 1.17179465779125e+05 
9.84365992016703e-02 1.16745159432360e+05 
9.86958008475862e-02 1.16310344051002e+05 
9.89548522364889e-02 1.15874366312456e+05 
9.92137405247421e-02 1.15438006336051e+05 
9.94725322726157e-02 1.15000943772850e+05 
9.97312086676114e-02 1.14564062423298e+05 
9.99898351890357e-02 1.14127068780052e+05 
1.00248388250815e-01 1.13691004025005e+05 
1.00506933785620e-01 1.13255612485265e+05 
1.00765443339844e-01 1.12822045430448e+05 
1.01023982618089e-01 1.12390095194793e+05 
1.01282521775838e-01 1.11960903506540e+05 
1.01541125568145e-01 1.11534252934044e+05 
1.01799763477024e-01 1.11111154915962e+05 
1.02058502708904e-01 1.10691420078690e+05 
1.02317311330805e-01 1.10275821191533e+05 
1.02576261125238e-01 1.09864036244380e+05 
1.02835318484180e-01 1.09456442814598e+05 
1.03094556996577e-01 1.09052852122645e+05 
1.03353941187733e-01 1.08653460403153e+05 
1.03613541579239e-01 1.08257759660290e+05 
1.03873322274542e-01 1.07866185752664e+05 
1.04133343603597e-01 1.07478025323031e+05 
1.04393572881269e-01 1.07093892512259e+05 
1.04654063839936e-01 1.06712970318372e+05 
1.04914787126053e-01 1.06336221556129e+05 
1.05175795559575e-01 1.05962190111181e+05 
1.05437060767635e-01 1.05592602205110e+05 
1.05698633177368e-01 1.05226119305876e+05 
1.05960483684744e-01 1.04864042022922e+05 
1.06222645173202e-01 1.04505663296965e+05 
1.06484895459942e-01 1.04152137111084e+05 
1.06747247838275e-01 1.03803119663446e+05 
1.07009710353860e-01 1.03459121469523e+05 
1.07272293266659e-01 1.03119919144283e+05 
1.07535007426676e-01 1.02785300975922e+05 
1.07797862848163e-01 1.02456484763503e+05 
1.08060872931870e-01 1.02131528002266e+05 
1.08324049246272e-01 1.01812282987905e+05 
1.08587402523330e-01 1.01498384127894e+05 
1.08850941925408e-01 1.01189074021540e+05 
1.09114675360937e-01 1.00885045089901e+05 
1.09378608544358e-01 1.00585033940743e+05 
1.09642752322765e-01 1.00289494563305e+05 
1.09907109569482e-01 9.99977648416859e+04 
1.10171701226640e-01 9.97106232151899e+04 
1.10436533523000e-01 9.94265425641561e+04 
1.10701618782927e-01 9.91479352955472e+04 
1.10966962863384e-01 9.88721089147275e+04 
1.11232567663512e-01 9.85987673656170e+04 
1.11498442915060e-01 9.83292186129336e+04 
1.11764602940074e-01 9.80607856432004e+04 
1.12031054327286e-01 9.77957319602688e+04 
1.12297822859127e-01 9.75323924328503e+04 
1.12564895041210e-01 9.72722229107837e+04 
1.12832303510578e-01 9.70135508804641e+04 
1.13100025494923e-01 9.67572261526969e+04 
1.13367970135284e-01 9.65021559557832e+04 
1.13636120686186e-01 9.62484303346840e+04 
1.13904506275245e-01 9.59954844710341e+04 
1.14173118536916e-01 9.57429607495250e+04 
1.14441988974703e-01 9.54914177025659e+04 
1.14711106122124e-01 9.52389787160355e+04 
1.14980494196247e-01 9.49876954785178e+04 
1.15250139476407e-01 9.47352937241454e+04 
1.15520063016515e-01 9.44850009484037e+04 
1.15790252458473e-01 9.42340623471947e+04 
1.16060725960798e-01 9.39851951620651e+04 
1.16331473190843e-01 9.37361288269811e+04 
1.16602514860382e-01 9.34888961150366e+04 
1.16873842818697e-01 9.32425205313837e+04 
1.17145474364803e-01 9.29986537628353e+04 
1.17417394682826e-01 9.27570087485784e+04 
1.17689620428696e-01 9.25191310974778e+04 
1.17962132680366e-01 9.22853871361272e+04 
1.18234950670660e-01 9.20575414057102e+04 
1.18508054934795e-01 9.18368574715015e+04 
1.18781465965159e-01 9.16248504349607e+04 
1.19055165653410e-01 9.14256191490705e+04 
1.19329174654863e-01 9.12387750957984e+04 
1.19603478532864e-01 9.10693638784960e+04 
1.19878095227922e-01 9.09274316840142e+04 
1.20153012314373e-01 9.07976041046792e+04 
1.20428245820374e-01 9.07106077391274e+04 
1.20703782707483e-01 9.06616066912381e+04 
1.20979637746667e-01 9.06348504282012e+04 
1.21255700560878e-01 9.06386237359778e+04 
1.21531998270872e-01 9.06441475483296e+04 
1.21808468271159e-01 9.06613622644712e+04 
1.22085184543170e-01 9.06999065912007e+04 
1.22362075658869e-01 9.07697577100652e+04 
1.22639212800162e-01 9.08782150671489e+04 
1.22916518396715e-01 9.10164230943227e+04 
1.23194068901296e-01 9.11775272304187e+04 
1.23471788438616e-01 9.13597559926974e+04 
1.23749757381249e-01 9.15622874810871e+04 
1.24027902322194e-01 9.17720641752104e+04 
1.24306303877078e-01 9.19911016907344e+04 
1.24584888652155e-01 9.22096953051613e+04 
1.24863735561308e-01 9.24254487171975e+04 
1.25142770602284e-01 9.26346868690850e+04 
1.25422073093017e-01 9.28335706982659e+04 
1.25701569067083e-01 9.30214437812209e+04 
1.25981339087630e-01 9.31959259828552e+04 
1.26261307661955e-01 9.33568700769345e+04 
1.26541553893554e-01 9.35043070925228e+04 
1.26822000058097e-01 9.36391735044643e+04 
1.27102723663238e-01 9.37622771570381e+04 
1.27383646611882e-01 9.38742686959591e+04 
1.27664845703640e-01 9.39783183717617e+04 
1.27946242684653e-01 9.40740599103042e+04 
1.28227914343497e-01 9.41651085497966e+04 
1.28509781953267e-01 9.42526950594250e+04 
1.28791922612578e-01 9.43362116138690e+04 
1.29074257986270e-01 9.44181140766335e+04 
1.29356863574900e-01 9.44943979512695e+04 
1.29639660665741e-01 9.45703630323792e+04 
1.29922722575924e-01 9.46427478070811e+04 
1.30205971923299e-01 9.47129365751061e+04 
1.30489482737236e-01 9.47843164433769e+04 
1.30773179810577e-01 9.48476130857356e+04 
1.31057137400951e-01 9.49036061672420e+04 
1.31341282790618e-01 9.49494345254225e+04 
1.31625688917064e-01 9.49816689238538e+04 
1.31910285279360e-01 9.49988118356685e+04 
1.32195141336582e-01 9.50066267515546e+04 
1.32480187352565e-01 9.50005788867572e+04 
1.32765459892302e-01 9.49780917171730e+04 
1.33050855220464e-01 9.49523073627191e+04 
1.33336408090756e-01 9.49226870551290e+04 
1.33622069808385e-01 9.48869564812857e+04 
1.33907867138344e-01 9.48445233854222e+04 
1.34193751485712e-01 9.47932357915752e+04 
1.34479742214270e-01 9.47356956557154e+04 
1.34765781922997e-01 9.46739170782397e+04 
1.35051878568797e-01 9.46053095225579e+04 
1.35337960881225e-01 9.45324884533038e+04 
1.35624021790420e-01 9.44553785191009e+04 
1.35909974264687e-01 9.43764375944562e+04 
1.36195790529576e-01 9.42962929138500e+04 
1.36481363522684e-01 9.42159673948725e+04 
1.36766639906691e-01 9.41368680734815e+04 
1.37051495031739e-01 9.40591609966506e+04 
1.37335853428163e-01 9.39851638822990e+04 
1.37619592611791e-01 9.39134285973036e+04 
1.37902659001719e-01 9.38477817611687e+04 
1.38184984908102e-01 9.37860370399510e+04 
1.38466567261499e-01 9.37315437117479e+04 
1.38747405608227e-01 9.36780719522912e+04 
1.39027558915526e-01 9.36332421377081e+04 
1.39307093817950e-01 9.35939448068501e+04 
1.39585975403111e-01 9.35588429479788e+04 
1.39863968895246e-01 9.35259405714343e+04 
1.40141230402650e-01 9.34957762106944e+04 
1.40417946059111e-01 9.34680694907015e+04 
1.40694254086761e-01 9.34407502345975e+04 
1.40970316164608e-01 9.34119208970784e+04 
1.41246230306111e-01 9.33856866974690e+04 
1.41522083405740e-01 9.33603759309757e+04 
1.41797555015007e-01 9.33389577604183e+04 
1.42072718271288e-01 9.33194482633697e+04 
1.42347645756632e-01 9.33017603220045e+04 
1.42622386157433e-01 9.32846866382728e+04 
1.42896986273096e-01 9.32685446012183e+04 
1.43171482069150e-01 9.32519809136068e+04 
1.43445903418303e-01 9.32331680629438e+04 
1.43720283354200e-01 9.32138486622748e+04 
1.43994641612642e-01 9.31913308005856e+04 
1.44269011101527e-01 9.31692857178205e+04 
1.44543403846790e-01 9.31472290498067e+04 
1.44817855707901e-01 9.31261697355013e+04 
1.45092371221816e-01 9.31036320918785e+04 
1.45366990843710e-01 9.30801322594828e+04 
1.45641711444743e-01 9.30559896100505e+04 
1.45916577637506e-01 9.30300363919813e+04 
1.46191577829280e-01 9.30032983794289e+04 
1.46466760898252e-01 9.29740599268282e+04 
1.46742106563375e-01 9.29438602927804e+04 
1.47017660691740e-01 9.29125635315384e+04 
1.47293396182789e-01 9.28805146882790e+04 
1.47569387057983e-01 9.28474932020746e+04 
1.47845616862579e-01 9.28140255693262e+04 
1.48122163204047e-01 9.27802932981262e+04 
1.48398932143019e-01 9.27461207576306e+04 
1.48675905175536e-01 9.27119665139062e+04 
1.48953030819764e-01 9.26779040372653e+04 
1.49230218535552e-01 9.26444966089399e+04 
1.49507546323807e-01 9.26114774763753e+04 
1.49784968030769e-01 9.25788343732977e+04 
1.50062556320584e-01 9.25475597632944e+04 
1.50340262353978e-01 9.25165523662565e+04 
1.50618163861738e-01 9.24869257289434e+04 
1.50896202251934e-01 9.24577544209652e+04 
1.51174459361602e-01 9.24297892856630e+04 
1.51452868837490e-01 9.24023354918713e+04 
1.51731511119056e-01 9.23757792115522e+04 
1.52010319076706e-01 9.23498162525050e+04 
1.52289369817759e-01 9.23247853819611e+04 
1.52568600305736e-01 9.22999074819319e+04 
1.52848079861068e-01 9.22748903304877e+04 
1.53127755690595e-01 9.22490948086554e+04 
1.53407683697336e-01 9.22240295416140e+04 
1.53687825164045e-01 9.21987522967291e+04 
1.53968231385123e-01 9.21733140455780e+04 
1.54248893607062e-01 9.21486145969049e+04 
1.54529885404533e-01 9.21225053469043e+04 
1.54811230459500e-01 9.20969461517351e+04 
1.55093008164459e-01 9.20703465287708e+04 
1.55375167651067e-01 9.20442409793038e+04 
1.55657701624481e-01 9.20177821569043e+04 
1.55940595476479e-01 9.19898169879028e+04 
1.56223902207792e-01 9.19632156061825e+04 
1.56507554813316e-01 9.19396157196970e+04 
1.56791515435898e-01 9.19177778945131e+04 
1.57075645338837e-01 9.19002212474014e+04 
1.57359660064332e-01 9.18866094398731e+04 
1.57643396949946e-01 9.18769681222433e+04 
1.57926977600528e-01 9.18685655655860e+04 
1.58210511523560e-01 9.18610205954040e+04 
1.58494196382517e-01 9.18701202973403e+04 
1.58778148579844e-01 9.18987679306935e+04 
1.59062506532145e-01 9.19556193481470e+04 
1.59347161908416e-01 9.20484918818561e+04 
1.59632211511494e-01 9.21757251359158e+04 
1.59917671155241e-01 9.23324668093985e+04 
1.60203546870894e-01 9.25177583630679e+04 
1.60489824630274e-01 9.27286261651223e+04 
1.60776472902380e-01 9.29619168837975e+04 
1.61063459044343e-01 9.32143929063439e+04 
1.61350667669963e-01 9.34815515898206e+04 
1.61638034134898e-01 9.37586616092071e+04 
1.61925597379814e-01 9.40407681127452e+04 
1.62213309995441e-01 9.43224476325953e+04 
1.62501231835366e-01 9.45987391325646e+04 
1.62789324093499e-01 9.48645108562932e+04 
1.63077640764479e-01 9.51151569203503e+04 
1.63366145194299e-01 9.53469045306112e+04 
1.63654879608763e-01 9.55564006492194e+04 
1.63943811673264e-01 9.57423406003836e+04 
1.64232978760602e-01 9.59040200267341e+04 
1.64522353048808e-01 9.60409986400754e+04 
1.64811971847890e-01 9.61578844059151e+04 
1.65101808236068e-01 9.62429566992870e+04 
1.65391907928838e-01 9.62975060758458e+04 
1.65682235163903e-01 9.63271154778092e+04 
1.65972834840203e-01 9.63371613643463e+04 
1.66263653326387e-01 9.63441865716726e+04 
1.66554733721993e-01 9.63498673496904e+04 
1.66846014329939e-01 9.63515087865912e+04 
1.67137539124411e-01 9.63501905347438e+04 
1.67429244800276e-01 9.63474172462894e+04 
1.67721175834491e-01 9.63428887733598e+04 
1.68013268699409e-01 9.63375923231741e+04 
1.68305567533356e-01 9.63313536096337e+04 
1.68598008858315e-01 9.63251289408854e+04 
1.68890635285597e-01 9.63189922154880e+04 
1.69183391792554e-01 9.63137948082738e+04 
1.69476323682776e-01 9.63091851806999e+04 
1.69769382373156e-01 9.63064484228101e+04 
1.70062609039349e-01 9.63052478361447e+04 
1.70355960169139e-01 9.63070279009528e+04 
1.70649471548590e-01 9.63117956936778e+04 
1.70943109040624e-01 9.63207376455548e+04 
1.71236899466766e-01 9.63338710382287e+04 
1.71530821338822e-01 9.63514454312950e+04 
1.71824889989483e-01 9.63736251515422e+04 
1.72119096552495e-01 9.64003229138493e+04 
1.72413451056838e-01 9.64316092659891e+04 
1.72707953846827e-01 9.64672175076479e+04 
1.73002612284489e-01 9.65071816867616e+04 
1.73297431574912e-01 9.65512537670771e+04 
1.73592417064396e-01 9.65994787529738e+04 
1.73887577735973e-01 9.66518914173944e+04 
1.74182914684726e-01 9.67083465962543e+04 
1.74478437645396e-01 9.67694828097132e+04 
1.74774142362090e-01 9.68348001208671e+04 
1.75070037220428e-01 9.69049250434956e+04 
1.75366113227980e-01 9.69792935692292e+04 
1.75662376679023e-01 9.70585522812141e+04 
1.75958815216341e-01 9.71423321994879e+04 
1.76255433320777e-01 9.72311440199716e+04 
1.76552217814598e-01 9.73245700678299e+04 
1.76849171492677e-01 9.74230086231317e+04 
1.77146255783172e-01 9.75258476769157e+04 
1.77443459441298e-01 9.76334168644255e+04 
1.77740771530076e-01 9.77449706770133e+04 
1.78038188104952e-01 9.78605233039671e+04 
1.78335697962874e-01 9.79790992559671e+04 
1.78633294357926e-01 9.81005336971894e+04 
1.78930969466844e-01 9.82235662207880e+04 
1.79228715052330e-01 9.83480273052106e+04 
1.79526528198166e-01 9.84725040322588e+04 
1.79824397301200e-01 9.85974401201398e+04 
1.80122321841658e-01 9.87201556677998e+04 
1.80420283163083e-01 9.88409244090708e+04 
1.80718276925456e-01 9.89591000361103e+04 
1.81016275719163e-01 9.90731986147293e+04 
1.81314268003343e-01 9.91836209460113e+04 
1.81612220846051e-01 9.92887960873823e+04 
1.81910120186621e-01 9.93892377880144e+04 
1.82207937341251e-01 9.94838006711637e+04 
1.82505665954276e-01 9.95740655559437e+04 
1.82803293089672e-01 9.96575496438100e+04 
1.83100822940694e-01 9.97333573460478e+04 
1.83398263774415e-01 9.98040962653404e+04 
1.83695628673513e-01 9.98683660600324e+04 
1.83992941176855e-01 9.99251785363493e+04 
1.84290215945305e-01 9.99792503641470e+04 
1.84587483933615e-01 1.00028620449988e+05 
1.84884751584152e-01 1.00071133189913e+05 
1.85182053301660e-01 1.00106611089788e+05 
1.85479384064133e-01 1.00133635952765e+05 
1.85776782089229e-01 1.00152770795337e+05 
1.86074232959410e-01 1.00165725578124e+05 
1.86371779278214e-01 1.00172825525993e+05 
1.86669399924933e-01 1.00174468868569e+05 
1.86967139995181e-01 1.00170896763794e+05 
1.87264972247546e-01 1.00162819076227e+05 
1.87562941427509e-01 1.00150813575229e+05 
1.87861014364893e-01 1.00135214397858e+05 
1.88159233557929e-01 1.00116455166841e+05 
1.88457560503901e-01 1.00094843603428e+05 
1.88756034946307e-01 1.00070846284612e+05 
1.89054614223003e-01 1.00044805760201e+05 
1.89353336325797e-01 1.00017203139022e+05 
1.89652155202128e-01 9.99882771667827e+04 
1.89951107287360e-01 9.99585889239527e+04 
1.90250144044173e-01 9.99284203920352e+04 
1.90549300683408e-01 9.98983445085457e+04 
1.90848527129878e-01 9.98685136821176e+04 
1.91147856318537e-01 9.98393227013158e+04 
1.91447238023487e-01 9.98107510931473e+04 
1.91746703701071e-01 9.97829850286134e+04 
1.92046205409757e-01 9.97575321359439e+04 
1.92345784481142e-01 9.97338836811891e+04 
1.92645385892401e-01 9.97123061200077e+04 
1.92944903376767e-01 9.96900759749743e+04 
1.93244306462977e-01 9.96728258556872e+04 
1.93543507236183e-01 9.96542133565212e+04 
1.93842634556977e-01 9.96359272441856e+04 
1.94141602675668e-01 9.96207757605771e+04 
1.94440548845875e-01 9.96041055440815e+04 
1.94739366045101e-01 9.95895827321315e+04 
1.95038071431060e-01 9.95730166804762e+04 
1.95336723463473e-01 9.95577169426101e+04 
1.95635241031745e-01 9.95405241507279e+04 
1.95933786869812e-01 9.95244365177282e+04 
1.96232219212424e-01 9.95064786510126e+04 
1.96530735521123e-01 9.94893084145075e+04 
1.96829203802658e-01 9.94704286420715e+04 
1.97127813645242e-01 9.94523009136165e+04 
1.97426449041145e-01 9.94328708091825e+04 
1.97725281470734e-01 9.94140990689981e+04 
1.98024196202526e-01 9.93960156576173e+04 
1.98323355909850e-01 9.93770515039107e+04 
1.98622654403539e-01 9.93576434485665e+04 
1.98922240068078e-01 9.93383732352042e+04 
1.99222026729776e-01 9.93191965049753e+04 
1.99522130345754e-01 9.92991310755501e+04 
1.99822473588528e-01 9.92813209432019e+04 
2.00123137692622e-01 9.92631666873728e+04 
