temps pression
0.00000000000000e+00 1.00000000000000e+05 
7.22956891292051e-05 1.00000000000000e+05 
1.36012593082693e-04 1.00000000000000e+05 
1.95841839271287e-04 1.00000000000000e+05 
2.48136352259026e-04 1.00000000000000e+05 
2.92259872457627e-04 1.00000000000000e+05 
3.32398725148260e-04 1.00000000000000e+05 
3.68237896383045e-04 1.00000000000000e+05 
4.01423720147164e-04 1.00000000000000e+05 
4.31856752968882e-04 1.00000000000000e+05 
4.60878230235362e-04 1.00000000000000e+05 
4.92801855228489e-04 1.00000000000000e+05 
5.27917842720929e-04 1.00000000000000e+05 
5.66545428962614e-04 1.00000000000000e+05 
6.09035773828466e-04 1.00000000000000e+05 
6.55775153180904e-04 1.00000000000000e+05 
7.02245801922679e-04 1.00000000000000e+05 
7.47453228713551e-04 1.00000000000000e+05 
7.97181398183511e-04 1.00000000000000e+05 
8.51882384600467e-04 1.00000000000000e+05 
9.12053469659118e-04 1.00000000000000e+05 
9.75627706681509e-04 1.00000000000000e+05 
1.03822613120209e-03 1.00000000000000e+05 
1.10708439817474e-03 1.60019813487004e+05 
1.18282849184465e-03 3.73479371124396e+05 
1.26554362544697e-03 1.04724402821383e+06 
1.34968947841744e-03 1.49940903800893e+06 
1.43419468651438e-03 1.82803971854824e+06 
1.52715041542101e-03 1.86101181009773e+06 
1.62940171721831e-03 1.77499520044108e+06 
1.73615282719917e-03 1.64510947128208e+06 
1.85066408221698e-03 1.50898423181769e+06 
1.96736741068864e-03 1.37379633554164e+06 
2.09371177051730e-03 1.20294474158378e+06 
2.22555796896127e-03 1.06803846254307e+06 
2.36158665410768e-03 8.60803381400767e+05 
2.50294618394378e-03 5.11076487209319e+05 
2.64911952972065e-03 4.16176154964135e+05 
2.80087190062570e-03 3.38570970158993e+05 
2.95715929334832e-03 2.76521287990328e+05 
3.11891798520157e-03 2.27921822579409e+05 
3.28533464409292e-03 1.90817796468371e+05 
3.45690538490746e-03 1.60834471917280e+05 
3.63411766730768e-03 1.36380012301142e+05 
3.81664046963863e-03 1.16484880738993e+05 
3.99772633692047e-03 1.00845619535048e+05 
4.16957139912799e-03 8.92684398478019e+04 
4.33872302067797e-03 8.00977317678801e+04 
4.50454012425696e-03 7.29295004934409e+04 
4.66944629641042e-03 6.70902439919055e+04 
4.83182665610111e-03 6.24394276870301e+04 
4.99432591173701e-03 5.85913901414969e+04 
5.15710805328286e-03 5.54679804695712e+04 
5.32209812138804e-03 5.28776862874273e+04 
5.48925180561211e-03 5.08267157453568e+04 
5.65651550846694e-03 4.93195200151133e+04 
5.82218512066476e-03 4.85274183910384e+04 
5.99225346462515e-03 4.91133161969656e+04 
6.16426366806627e-03 5.45673362194677e+04 
6.33902948756284e-03 7.64113922593323e+04 
6.51425904097167e-03 1.18423827473222e+05 
6.69321461735499e-03 1.62569328734936e+05 
6.87480125102346e-03 1.98695949413115e+05 
7.05567278622379e-03 2.21503487453853e+05 
7.23621719517049e-03 2.32207519503021e+05 
7.41679076938564e-03 2.35661431378171e+05 
7.59640636135086e-03 2.34004964177149e+05 
7.77428862695916e-03 2.29592405715791e+05 
7.95027629159386e-03 2.23327477405110e+05 
8.12229020173984e-03 2.16135246136883e+05 
8.29105014613837e-03 2.08595629986494e+05 
8.45873733587749e-03 2.00842580240793e+05 
8.62612921985258e-03 1.93366257383855e+05 
8.79302946644548e-03 1.86130588280400e+05 
8.95755061535239e-03 1.79610891106110e+05 
9.12177154411085e-03 1.73597228533210e+05 
9.28599971006096e-03 1.68278958250189e+05 
9.45196879610311e-03 1.63544940268144e+05 
9.62020820614374e-03 1.59457229051831e+05 
9.79140686347658e-03 1.56029051977553e+05 
9.96452391840060e-03 1.53184511716248e+05 
1.01393197803705e-02 1.50968363540271e+05 
1.03170267261796e-02 1.49041983610952e+05 
1.04991381447478e-02 1.47372491379602e+05 
1.06865098309648e-02 1.45550142029093e+05 
1.08796912885102e-02 1.43538237662115e+05 
1.10788981218863e-02 1.41025057139146e+05 
1.12844218789541e-02 1.38044183851856e+05 
1.14934057052774e-02 1.34514031808752e+05 
1.17059396490011e-02 1.30620460026020e+05 
1.19202287202762e-02 1.26379236757927e+05 
1.21365760056720e-02 1.22093726877626e+05 
1.23529310830403e-02 1.17699942289384e+05 
1.25708907876405e-02 1.13470993063678e+05 
1.27903906951085e-02 1.09262215170119e+05 
1.30113848413667e-02 1.05365629103087e+05 
1.32339799333367e-02 1.01557861387359e+05 
1.34592684676424e-02 9.81309053806835e+04 
1.36877030226875e-02 9.48094576376961e+04 
1.39195398776115e-02 9.19530423934236e+04 
1.41532128355968e-02 8.92616597660722e+04 
1.43896140885971e-02 8.71101214307851e+04 
1.46270431378769e-02 8.51406718336898e+04 
1.48654249686806e-02 8.37534920099315e+04 
1.51050898310435e-02 8.25177352352771e+04 
1.53459557696447e-02 8.18213275552396e+04 
1.55884089035441e-02 8.12153177423149e+04 
1.58322437008555e-02 8.10595926856614e+04 
1.60768484821706e-02 8.09265936926830e+04 
1.63230269287107e-02 8.11192105521424e+04 
1.65702600420489e-02 8.12558530489744e+04 
1.68191015675724e-02 8.15747930578294e+04 
1.70686179028594e-02 8.17588122112916e+04 
1.73187183504900e-02 8.19887930471987e+04 
1.75692263407468e-02 8.20249708004554e+04 
1.78207193084710e-02 8.20076971556554e+04 
1.80750127631953e-02 8.17771846273078e+04 
1.83301693886289e-02 8.14498386290928e+04 
1.85859295842959e-02 8.09120710411906e+04 
1.88423365824221e-02 8.03336285232680e+04 
1.90992516411381e-02 7.96446449210968e+04 
1.93568072373516e-02 7.89950332176301e+04 
1.96149063758911e-02 7.82827470979867e+04 
1.98736856685087e-02 7.76502379023144e+04 
2.01331201525395e-02 7.69808588421314e+04 
2.03932991827046e-02 7.64110552903452e+04 
2.06543126280980e-02 7.58476758143442e+04 
2.09161660090818e-02 7.54231988005623e+04 
2.11790732188701e-02 7.50625833684996e+04 
2.14429235335059e-02 7.48512767774008e+04 
2.17080628360766e-02 7.47665127950266e+04 
2.19732346598012e-02 7.48520252362423e+04 
2.22398219662359e-02 7.50689126380595e+04 
2.25074945766425e-02 7.53938168308370e+04 
2.27763140152840e-02 7.57991135575617e+04 
2.30461406774181e-02 7.62357689441119e+04 
2.33169985102731e-02 7.67122173271995e+04 
2.35888876044991e-02 7.71788064455670e+04 
2.38619083121562e-02 7.76829039507743e+04 
2.41359275781637e-02 7.81761508571869e+04 
2.44111114514508e-02 7.87158069234130e+04 
2.46872219314497e-02 7.92805051255271e+04 
2.49645118125551e-02 7.99488442638687e+04 
2.52426802546080e-02 8.07570861060918e+04 
2.55220718354046e-02 8.18168320766557e+04 
2.58023748970262e-02 8.32010676993621e+04 
2.60830390102736e-02 8.49571360334410e+04 
2.63646906778144e-02 8.71028670983097e+04 
2.66476337519398e-02 8.95368943588002e+04 
2.69315288674280e-02 9.21185059502605e+04 
2.72163745832066e-02 9.46125837499025e+04 
2.75020463489003e-02 9.67639897093994e+04 
2.77886634985523e-02 9.84544957682170e+04 
2.80761396361358e-02 9.94724497125135e+04 
2.83646386234547e-02 9.99598885129662e+04 
2.86539828021842e-02 9.98564443191752e+04 
2.89443869892804e-02 9.94122176746372e+04 
2.92356151105813e-02 9.86192703961267e+04 
2.95280076899174e-02 9.77525020535210e+04 
2.98211835179990e-02 9.67551921170953e+04 
3.01157266778607e-02 9.58902527409297e+04 
3.04102998776171e-02 9.50204069608318e+04 
3.07060086243899e-02 9.43715891110466e+04 
3.10016883191803e-02 9.37298735892783e+04 
3.12976129690921e-02 9.33195685819309e+04 
3.15930020143158e-02 9.28831168331204e+04 
3.18889792957688e-02 9.26424413075358e+04 
3.21838408141185e-02 9.23208287800732e+04 
3.24795001962310e-02 9.21522463448071e+04 
3.27735361862549e-02 9.18649263819182e+04 
3.30644934916685e-02 9.17057490201630e+04 
3.33450049037645e-02 9.14308389552134e+04 
3.36229170065356e-02 9.12636364607364e+04 
3.38972876521993e-02 9.09908707913479e+04 
3.41705117537694e-02 9.08245681035033e+04 
3.44407998975160e-02 9.05651208505641e+04 
3.47117680329893e-02 9.04112038477814e+04 
3.49799989471607e-02 9.01749083272620e+04 
3.52462747399565e-02 9.00460371900141e+04 
3.55108969925006e-02 8.98455549391916e+04 
3.57750157293157e-02 8.97466834324043e+04 
3.60380515015705e-02 8.95755308849211e+04 
3.63009739744853e-02 8.94985595063136e+04 
3.65633063478563e-02 8.93434118045695e+04 
3.68263683095552e-02 8.92739907461056e+04 
3.70892725819573e-02 8.91181653222710e+04 
3.73516610554288e-02 8.90411622561395e+04 
3.76128255041234e-02 8.88698452973836e+04 
3.78742505999374e-02 8.87643040164882e+04 
3.81356442914861e-02 8.85580407390750e+04 
3.83979356014508e-02 8.84020966129587e+04 
3.86603068461574e-02 8.81498006249558e+04 
3.89239352038023e-02 8.79455528472291e+04 
3.91862820023526e-02 8.76624998796221e+04 
3.94487423272750e-02 8.74312372192202e+04 
3.97119486713853e-02 8.71567015686511e+04 
3.99766605481405e-02 8.69472786063452e+04 
4.02409640564117e-02 8.67715745666751e+04 
4.05074093485349e-02 8.67179127195578e+04 
4.07720910590586e-02 8.68014856392368e+04 
4.10386007791868e-02 8.70513495286471e+04 
4.13034801806810e-02 8.75585203090414e+04 
4.15698190484275e-02 8.82253011384145e+04 
4.18352039922740e-02 8.91471038780011e+04 
4.21017927097591e-02 9.01702054895985e+04 
4.23679208132737e-02 9.12897656770580e+04 
4.26350317442701e-02 9.25733690853671e+04 
4.29012149838813e-02 9.36080018377601e+04 
4.31683796808448e-02 9.50574024829166e+04 
4.34348704858809e-02 9.57405191082253e+04 
4.37026785534877e-02 9.73028580922195e+04 
4.39697165514790e-02 9.74383874490587e+04 
4.42381912780370e-02 9.91111566991762e+04 
4.45061577567801e-02 9.86557040493180e+04 
4.47757123089664e-02 1.00463597547013e+05 
4.50449809979605e-02 9.95313044385974e+04 
4.53159457257469e-02 1.01464303428374e+05 
4.55865033655267e-02 9.99309975296134e+04 
4.58584607739307e-02 1.01981851790382e+05 
4.61302162456396e-02 1.00182204142804e+05 
4.64032967600379e-02 1.02055403229179e+05 
4.66766462353546e-02 1.00281685980971e+05 
4.69508222426346e-02 1.01490796687778e+05 
4.72257944139140e-02 9.99035250643427e+04 
4.75012492824075e-02 1.00419960269173e+05 
4.77774870924105e-02 1.00206611748118e+05 
4.80541235021233e-02 9.99545277750081e+04 
4.83308974105479e-02 9.97073499123120e+04 
4.86075013673071e-02 9.93963340814765e+04 
4.88841054674248e-02 9.91135106768016e+04 
4.91601462814659e-02 9.89722026711764e+04 
4.94365340481557e-02 9.88509149147287e+04 
4.97112734450426e-02 9.89925241504619e+04 
4.99875745165194e-02 9.91866558324272e+04 
5.02611586605945e-02 9.94901693897459e+04 
5.05377882491271e-02 1.00042362685816e+05 
5.08125514753521e-02 1.00507356271986e+05 
5.10901083372577e-02 1.01242149297117e+05 
5.13668061613210e-02 1.01658731216210e+05 
5.16456873614357e-02 1.02343600315259e+05 
5.19227989093020e-02 1.02501652876350e+05 
5.22027140649234e-02 1.02979014019517e+05 
5.24821944083194e-02 1.02717793602176e+05 
5.27633706415150e-02 1.02307483422507e+05 
5.30448034479083e-02 1.02029912825152e+05 
5.33278558958957e-02 1.01381685032148e+05 
5.36115871925239e-02 1.00958597565085e+05 
5.38967881433778e-02 1.00163942751953e+05 
5.41822675210821e-02 9.95943209029407e+04 
5.44690922112829e-02 9.86747963765764e+04 
5.47565410467920e-02 9.80000125669419e+04 
5.50448768716225e-02 9.70292504950665e+04 
5.53337756522745e-02 9.63185686256442e+04 
5.56234911460347e-02 9.54288021513863e+04 
5.59136831382577e-02 9.47402123759034e+04 
5.62046045195495e-02 9.40501688426475e+04 
5.64959433020159e-02 9.33656256848198e+04 
5.67879792697114e-02 9.27702899828838e+04 
5.70803791468397e-02 9.14378542196052e+04 
5.73734189038435e-02 9.09546527518220e+04 
5.76667440801133e-02 9.06405826939173e+04 
5.79606416024035e-02 9.03443425580975e+04 
5.82547417067326e-02 9.01094585048180e+04 
5.85493419274628e-02 9.00003671786550e+04 
5.88440561814942e-02 8.98665204814922e+04 
5.91392074146646e-02 8.99076946045774e+04 
5.94342793479966e-02 8.99168126551255e+04 
5.97298351138016e-02 9.00309332471739e+04 
6.00251993144423e-02 9.01782119012773e+04 
6.03210022192294e-02 9.03111182467060e+04 
6.06165392197943e-02 9.05313549498270e+04 
6.09124135556561e-02 9.06958150225007e+04 
6.12076971266617e-02 9.09592500091870e+04 
6.15033925067573e-02 9.11363273096783e+04 
6.17984601133030e-02 9.13980545357484e+04 
6.20942900835576e-02 9.15540974395394e+04 
6.23899087530125e-02 9.17998465864525e+04 
6.26861834949925e-02 9.19169884384303e+04 
6.29823844238690e-02 9.21106587655595e+04 
6.32790172136283e-02 9.21602079295073e+04 
6.35761487766255e-02 9.22745409279041e+04 
6.38733534088466e-02 9.22448884882031e+04 
6.41714014190642e-02 9.22797294563411e+04 
6.44700073075841e-02 9.21815535217377e+04 
6.47696256725061e-02 9.21451300226818e+04 
6.50698846138478e-02 9.19885381597345e+04 
6.53710726013390e-02 9.18921742983691e+04 
6.56730466196260e-02 9.16831766223010e+04 
6.59758790272125e-02 9.15412567186938e+04 
6.62796083449335e-02 9.13036579142281e+04 
6.65841465192501e-02 9.11488485864429e+04 
6.68895620523256e-02 9.09167290131504e+04 
6.71959341977153e-02 9.07774160823045e+04 
6.75028953478045e-02 9.05731618959611e+04 
6.78107558875024e-02 9.04781507903157e+04 
6.81191754738369e-02 9.03195950672228e+04 
6.84283435806288e-02 9.02731383318254e+04 
6.87380139850066e-02 9.01657431547594e+04 
6.90482765124690e-02 9.01722821359043e+04 
6.93589851086385e-02 9.01225496705769e+04 
6.96701808417171e-02 9.01918512252098e+04 
6.99817204777445e-02 9.01962230194159e+04 
7.02936227332336e-02 9.03202441283315e+04 
7.06057417115123e-02 9.03556028845702e+04 
7.09180424136510e-02 9.05083375377847e+04 
7.12306357465297e-02 9.05453281448018e+04 
7.15433060598023e-02 9.07029013740636e+04 
7.18563541551170e-02 9.07281159892210e+04 
7.21694945563295e-02 9.08706102357954e+04 
7.24830628818953e-02 9.08786852895872e+04 
7.27969523124222e-02 9.09990110842532e+04 
7.31111459801951e-02 9.09791473501729e+04 
7.34259206325750e-02 9.10614631017727e+04 
7.37409934995296e-02 9.10048034009397e+04 
7.40568138343057e-02 9.10486950015268e+04 
7.43728518535306e-02 9.09541621077069e+04 
7.46898321056880e-02 9.09530185764174e+04 
7.50070548665318e-02 9.08139034861235e+04 
7.53253091923848e-02 9.07640814635673e+04 
7.56436385666071e-02 9.05844426802254e+04 
7.59616653775967e-02 9.04993564426251e+04 
7.62797302346394e-02 9.02999272019048e+04 
7.65975052476806e-02 9.02000473909077e+04 
7.69152697202438e-02 8.99916697869893e+04 
7.72327915895816e-02 8.98826000664900e+04 
7.75502379975461e-02 8.96660579835540e+04 
7.78674949219950e-02 8.95632945431175e+04 
7.81846130270669e-02 8.93504940023589e+04 
7.85016199363926e-02 8.92539237809441e+04 
7.88184185878050e-02 8.90522147301896e+04 
7.91352145064234e-02 8.89739036999847e+04 
7.94517779084216e-02 8.87896601005329e+04 
7.97683192851124e-02 8.87342642154139e+04 
8.00846856714240e-02 8.85635778581367e+04 
8.04009598049253e-02 8.85309697271136e+04 
8.07170581488875e-02 8.83869375141635e+04 
8.10330602621300e-02 8.83885566021046e+04 
8.13489476125897e-02 8.82824073612939e+04 
8.16646565199489e-02 8.83215796842777e+04 
8.19802607496007e-02 8.82527032469604e+04 
8.22956137897163e-02 8.83201985360507e+04 
8.26108698208945e-02 8.83004629107289e+04 
8.29258759893936e-02 8.83799783740845e+04 
8.32404912700146e-02 8.83889107597523e+04 
8.35549850053414e-02 8.84542858921454e+04 
8.38690875058974e-02 8.84797090937346e+04 
8.41831225745204e-02 8.85221892533672e+04 
8.44967427086125e-02 8.85616614512203e+04 
8.48104597995120e-02 8.85834627861961e+04 
8.51238375200904e-02 8.86388986504376e+04 
8.54375048219784e-02 8.86230654975562e+04 
8.57510639248196e-02 8.86992360343479e+04 
8.60651414895254e-02 8.86684433416883e+04 
8.63791914168333e-02 8.87830000203926e+04 
8.66935675355409e-02 8.87496949988885e+04 
8.70076174453189e-02 8.89380950875889e+04 
8.73203165560701e-02 8.89507269361799e+04 
8.76329113595000e-02 8.92706124392184e+04 
8.79446462928447e-02 8.93854917324774e+04 
8.82570398588554e-02 8.98715825752441e+04 
8.85692327637608e-02 9.01186458135330e+04 
8.88811817927520e-02 9.07671844387117e+04 
8.91932038953814e-02 9.10986644846519e+04 
8.95048640179176e-02 9.18363715967498e+04 
8.98170726890477e-02 9.21860210422998e+04 
9.01293466811143e-02 9.29182046330373e+04 
9.04424623501384e-02 9.32118932848811e+04 
9.07556765525586e-02 9.38790712268617e+04 
9.10687110093870e-02 9.40616011443600e+04 
9.13805892992321e-02 9.46059141937558e+04 
9.16918561008047e-02 9.46570621949980e+04 
9.20017154974003e-02 9.50412250196653e+04 
9.23109574316210e-02 9.49797766358589e+04 
9.26207365735323e-02 9.52116129036318e+04 
9.29294335790048e-02 9.50830288808911e+04 
9.32377998426541e-02 9.51878569446832e+04 
9.35450572879132e-02 9.50367321150489e+04 
9.38518904433259e-02 9.50306416975009e+04 
9.41581932876392e-02 9.48762345753689e+04 
9.44638017573876e-02 9.47835173329072e+04 
9.47687210678758e-02 9.46513340122938e+04 
9.50731731864519e-02 9.44702105623958e+04 
9.53770316367998e-02 9.43484563695764e+04 
9.56806002692547e-02 9.41526710876548e+04 
9.59822554768518e-02 9.41061581146532e+04 
9.62820763570489e-02 9.39221691008217e+04 
9.65803434723195e-02 9.39617283354933e+04 
9.68775877063530e-02 9.38220280225013e+04 
9.71736528358788e-02 9.39794153588799e+04 
9.74695662011925e-02 9.39287400147988e+04 
9.77679339324379e-02 9.42344480424030e+04 
9.80655045602883e-02 9.43014551231376e+04 
9.83627612052535e-02 9.47514061899137e+04 
9.86600073080574e-02 9.49888837962751e+04 
9.89570852677998e-02 9.55159489328354e+04 
9.92548220940081e-02 9.58810893615902e+04 
9.95525032696193e-02 9.64448521476027e+04 
9.98510632111349e-02 9.68567204376196e+04 
1.00148548265975e-01 9.73808873701934e+04 
1.00444956915175e-01 9.77203694396566e+04 
1.00740118297186e-01 9.81111077213791e+04 
1.01034638091981e-01 9.82896461457601e+04 
1.01328250048838e-01 9.85019141676685e+04 
1.01621700769062e-01 9.85010610853415e+04 
1.01914547012756e-01 9.85500632538912e+04 
1.02207630700948e-01 9.84069464236615e+04 
1.02500319168943e-01 9.83358702828216e+04 
1.02793524003980e-01 9.80992055549560e+04 
1.03086489382515e-01 9.79518219865902e+04 
1.03379510024520e-01 9.76563000272299e+04 
1.03672406537777e-01 9.74545623063936e+04 
1.03965299588265e-01 9.71459455180414e+04 
1.04258250382593e-01 9.69079069712106e+04 
1.04551375120974e-01 9.65973850141374e+04 
1.04844718453472e-01 9.63229499223043e+04 
1.05138234393399e-01 9.60031158621309e+04 
1.05431980980389e-01 9.56826616599954e+04 
1.05725908052622e-01 9.53364481553235e+04 
1.06020043443503e-01 9.49544497462397e+04 
1.06314338843272e-01 9.45653071311694e+04 
1.06608789039848e-01 9.41347351226312e+04 
1.06903659239811e-01 9.37275867128724e+04 
1.07198947402316e-01 9.32770487702851e+04 
1.07495307881940e-01 9.28657255662416e+04 
1.07792161192395e-01 9.24082413667402e+04 
1.08089014375396e-01 9.19873532571301e+04 
1.08384497527139e-01 9.15482084059515e+04 
1.08678948617172e-01 9.11068916833391e+04 
1.08972360905472e-01 9.06556046963934e+04 
1.09266103282481e-01 9.02267922136394e+04 
1.09559478858158e-01 8.97958781644710e+04 
1.09852060533738e-01 8.93894792098766e+04 
1.10144224351891e-01 8.89797304241012e+04 
1.10438912083541e-01 8.85843913417703e+04 
1.10733962299365e-01 8.81904877653618e+04 
1.11029137489466e-01 8.78126656757304e+04 
1.11324433666896e-01 8.74497171170353e+04 
1.11619597882024e-01 8.71012238551608e+04 
1.11914850910338e-01 8.67670726430077e+04 
1.12209984008740e-01 8.64358851789484e+04 
1.12505176333395e-01 8.61155450578119e+04 
1.12800116660032e-01 8.57887778822736e+04 
1.13094945275137e-01 8.54753458980453e+04 
1.13389518018534e-01 8.51536973908787e+04 
1.13684057379323e-01 8.48546844591269e+04 
1.13980440429478e-01 8.45482059485291e+04 
1.14277096229958e-01 8.42771490076313e+04 
1.14574007220713e-01 8.40046196426975e+04 
1.14871265356881e-01 8.37783225891388e+04 
1.15168805069174e-01 8.35514115491501e+04 
1.15466773472465e-01 8.33752276833291e+04 
1.15765059344662e-01 8.31968314072270e+04 
1.16063800632793e-01 8.30693101705216e+04 
1.16362949318430e-01 8.29332829102494e+04 
1.16662507110905e-01 8.28475955822937e+04 
1.16962427314282e-01 8.27386108173615e+04 
1.17262708632101e-01 8.26817588396163e+04 
1.17564276475729e-01 8.25869944406414e+04 
1.17866735347920e-01 8.25437277939728e+04 
1.18169595483494e-01 8.24513514048395e+04 
1.18473064968048e-01 8.24101169681223e+04 
1.18776961988673e-01 8.23108357471526e+04 
1.19081636106441e-01 8.22646317159850e+04 
1.19386611097581e-01 8.21538666221452e+04 
1.19692334320110e-01 8.20998365638950e+04 
1.19998448046221e-01 8.19769884152783e+04 
1.20305200664043e-01 8.19163336440106e+04 
1.20612279030344e-01 8.17833027452967e+04 
1.20920154239534e-01 8.17204108874184e+04 
1.21228175825648e-01 8.15844286499228e+04 
1.21537076858044e-01 8.15265814154134e+04 
1.21846173070731e-01 8.13931328962719e+04 
1.22156156665899e-01 8.13452993950730e+04 
1.22466530514540e-01 8.12177833451580e+04 
1.22777696331053e-01 8.11832640977723e+04 
1.23089406085183e-01 8.10602064475242e+04 
1.23401942057818e-01 8.10372941255143e+04 
1.23714872474746e-01 8.09181313607342e+04 
1.24028816127939e-01 8.09073610872150e+04 
1.24343102966198e-01 8.07919498589730e+04 
1.24658433618833e-01 8.07905531548203e+04 
1.24974152443627e-01 8.06757494234444e+04 
1.25290897396380e-01 8.06811557919419e+04 
1.25608083099061e-01 8.05659421877694e+04 
1.25926124550665e-01 8.05778957664263e+04 
1.26244711991072e-01 8.04628476784595e+04 
1.26564074437578e-01 8.04793676886472e+04 
1.26883963200935e-01 8.03680038843487e+04 
1.27204626544865e-01 8.03920976993213e+04 
1.27525878613553e-01 8.02926104868533e+04 
1.27847873081679e-01 8.03269942915158e+04 
1.28170508375356e-01 8.02467867034386e+04 
1.28493761346645e-01 8.02960259134674e+04 
1.28817299299049e-01 8.02313034192348e+04 
1.29140848361413e-01 8.02819257037111e+04 
1.29464672949484e-01 8.02211614485962e+04 
1.29788084279335e-01 8.02695040583532e+04 
1.30111835873786e-01 8.02148394633284e+04 
1.30434932308173e-01 8.02626733893205e+04 
1.30758104629532e-01 8.02157250297355e+04 
1.31080649975618e-01 8.02614419796460e+04 
1.31403345829412e-01 8.02297940377871e+04 
1.31726367985981e-01 8.02817803394710e+04 
1.32049416454320e-01 8.02677262273729e+04 
1.32372110922978e-01 8.03341779490026e+04 
1.32694872938154e-01 8.03448846687781e+04 
1.33017301446755e-01 8.04176013939010e+04 
1.33340008732361e-01 8.04345413357662e+04 
1.33663366786405e-01 8.05056477829254e+04 
1.33986911296164e-01 8.05317775384088e+04 
1.34310132758333e-01 8.06109507950307e+04 
1.34633536318974e-01 8.06560305166481e+04 
1.34956525429502e-01 8.07484617173923e+04 
1.35279605226871e-01 8.08135381909709e+04 
1.35602207450292e-01 8.09161694268505e+04 
1.35924903818617e-01 8.09958757249652e+04 
1.36247119480416e-01 8.11034901116669e+04 
1.36569826478435e-01 8.11937225100821e+04 
1.36892193556864e-01 8.13049029856237e+04 
1.37214613957329e-01 8.14057520700632e+04 
1.37536648475904e-01 8.15211927341991e+04 
1.37858669538248e-01 8.16338237563769e+04 
1.38180357295307e-01 8.17527470790605e+04 
1.38502329841300e-01 8.18756403017489e+04 
1.38823825933506e-01 8.19965383932396e+04 
1.39145165812902e-01 8.21280533556323e+04 
1.39467062396898e-01 8.22417290296691e+04 
1.39788357898671e-01 8.23500099886721e+04 
1.40109339311266e-01 8.24356719256370e+04 
1.40430698559025e-01 8.25300540292734e+04 
1.40751770630659e-01 8.26309198999337e+04 
1.41072680303471e-01 8.27514146008923e+04 
1.41393333697892e-01 8.28929092123132e+04 
1.41714187392983e-01 8.30392016464333e+04 
1.42034642254646e-01 8.32056433349354e+04 
1.42354994551230e-01 8.33592685323378e+04 
1.42674924671804e-01 8.35269216645376e+04 
1.42994692524821e-01 8.36716754561222e+04 
1.43314021282708e-01 8.38228487661261e+04 
1.43633185040988e-01 8.39480856899776e+04 
1.43951959501893e-01 8.40801356579047e+04 
1.44270639449021e-01 8.41889049654536e+04 
1.44588991877612e-01 8.43107380212407e+04 
1.44907287836118e-01 8.44112978718857e+04 
1.45225664713768e-01 8.45310325897070e+04 
1.45543734212568e-01 8.46327393833736e+04 
1.45861638293776e-01 8.47589912373698e+04 
1.46179299655504e-01 8.48730689188547e+04 
1.46496734837498e-01 8.50139447613080e+04 
1.46813997207774e-01 8.51475745571219e+04 
1.47130965471739e-01 8.53055729446055e+04 
1.47447735989794e-01 8.54585932878169e+04 
1.47764174048887e-01 8.56289988244870e+04 
1.48080442883166e-01 8.58005618080874e+04 
1.48396377686962e-01 8.59821146397843e+04 
1.48712246071629e-01 8.61637377848673e+04 
1.49028359322555e-01 8.63540605501685e+04 
1.49344336606994e-01 8.65492963706106e+04 
1.49660152893893e-01 8.67556624858568e+04 
1.49975772275501e-01 8.69685860016705e+04 
1.50291344609742e-01 8.71976012674032e+04 
1.50606762583276e-01 8.74334518580770e+04 
1.50922114899490e-01 8.76908119377153e+04 
1.51237381135801e-01 8.79554753393667e+04 
1.51552465178352e-01 8.82475723285197e+04 
1.51867479930517e-01 8.85439603486999e+04 
1.52182275298383e-01 8.88748619591991e+04 
1.52497042527158e-01 8.92014621180325e+04 
1.52811589247659e-01 8.95664729116730e+04 
1.53126214364456e-01 8.99152596250683e+04 
1.53440595940596e-01 9.03064148116421e+04 
1.53755613373773e-01 9.06659399380164e+04 
1.54070443913988e-01 9.10727288145828e+04 
1.54385541284899e-01 9.14323590320981e+04 
1.54700475071220e-01 9.18411154667158e+04 
1.55015718077183e-01 9.21905139735828e+04 
1.55330823917804e-01 9.25887764178522e+04 
1.55646308029288e-01 9.29202871329072e+04 
1.55961609495540e-01 9.33017078472513e+04 
1.56277282056021e-01 9.36115991178932e+04 
1.56592750876548e-01 9.39743879281912e+04 
1.56908376031731e-01 9.42645660866972e+04 
1.57223945460866e-01 9.46098150730091e+04 
1.57539663368536e-01 9.48846802572415e+04 
1.57855224525275e-01 9.52156205185775e+04 
1.58170957200456e-01 9.54792244412707e+04 
1.58486550174511e-01 9.57992220151543e+04 
1.58802415227630e-01 9.60513566207523e+04 
1.59118094760483e-01 9.63593068380090e+04 
1.59434178181257e-01 9.65980011326678e+04 
1.59750001984367e-01 9.68904689308983e+04 
1.60066283837776e-01 9.71170637057239e+04 
1.60382284704707e-01 9.73915306489570e+04 
1.60698809273602e-01 9.76030183430375e+04 
1.61015056395510e-01 9.78602297302724e+04 
1.61331851031806e-01 9.80550648456960e+04 
1.61648382077577e-01 9.82985053170956e+04 
1.61965063034410e-01 9.84781693420789e+04 
1.62281878381561e-01 9.87069380277237e+04 
1.62598061180395e-01 9.88725925021846e+04 
1.62913142228023e-01 9.90843916377900e+04 
1.63227025201399e-01 9.92392545413266e+04 
1.63539955394631e-01 9.94404304548826e+04 
1.63851785321350e-01 9.95925618459014e+04 
1.64162814385568e-01 9.97885852424820e+04 
1.64472861431902e-01 9.99444578940038e+04 
1.64782251364267e-01 1.00139498376324e+05 
1.65090790050583e-01 1.00301805735581e+05 
1.65398787807807e-01 1.00492396911533e+05 
1.65706028611265e-01 1.00656088521658e+05 
1.66012826767954e-01 1.00836564820867e+05 
1.66318955786067e-01 1.00996234987018e+05 
1.66624730602348e-01 1.01162056645990e+05 
1.66929889719999e-01 1.01308999381645e+05 
1.67234774786688e-01 1.01446948167689e+05 
1.67539117131306e-01 1.01562599854288e+05 
1.67843249424617e-01 1.01659088294936e+05 
1.68150143686651e-01 1.01733837894786e+05 
1.68456443695920e-01 1.01784597603747e+05 
1.68762817775711e-01 1.01817339826436e+05 
1.69068648203805e-01 1.01824261360788e+05 
1.69374571669124e-01 1.01819819104440e+05 
1.69679985671301e-01 1.01789523484965e+05 
1.69985484020411e-01 1.01755476232392e+05 
1.70290540127095e-01 1.01697976882513e+05 
1.70595760682335e-01 1.01644629759466e+05 
1.70900513436126e-01 1.01574178093986e+05 
1.71205568121734e-01 1.01516339264920e+05 
1.71510135616330e-01 1.01450496074954e+05 
1.71815110654806e-01 1.01408625438549e+05 
1.72119614158850e-01 1.01367830096057e+05 
1.72424517097423e-01 1.01364244903943e+05 
1.72728971931333e-01 1.01372488663329e+05 
1.73033860054249e-01 1.01434241706545e+05 
1.73338334060682e-01 1.01520027796814e+05 
1.73643297271917e-01 1.01675130572507e+05 
1.73947883541243e-01 1.01863194132251e+05 
1.74252953248616e-01 1.02136461663509e+05 
1.74557694494102e-01 1.02443198467811e+05 
1.74862919056742e-01 1.02844709188004e+05 
1.75167823819321e-01 1.03272460708624e+05 
1.75473246553489e-01 1.03799019466256e+05 
1.75778355969188e-01 1.04329599365816e+05 
1.76084005688052e-01 1.04949805997123e+05 
1.76389284324586e-01 1.05534389989895e+05 
1.76695158735606e-01 1.06193009294781e+05 
1.76999728904517e-01 1.06779973669711e+05 
1.77305159061687e-01 1.07428375016551e+05 
1.77610250013451e-01 1.07970757577816e+05 
1.77915735366196e-01 1.08552879532701e+05 
1.78221067589305e-01 1.08999962587672e+05 
1.78526128804170e-01 1.09482902706986e+05 
1.78831304990927e-01 1.09816218541267e+05 
1.79136825480051e-01 1.10196303400060e+05 
1.79442118571206e-01 1.10415339492679e+05 
1.79747976704200e-01 1.10697466100026e+05 
1.80053099682480e-01 1.10808376375703e+05 
1.80358785053489e-01 1.11002787398919e+05 
1.80663720648265e-01 1.11020387558782e+05 
1.80969094331056e-01 1.11144983182600e+05 
1.81273650788930e-01 1.11095932259451e+05 
1.81578321505262e-01 1.11134417290415e+05 
1.81882192040038e-01 1.11019466823759e+05 
1.82185833964026e-01 1.10996090208773e+05 
1.82488708755117e-01 1.10844101038408e+05 
1.82791248596064e-01 1.10770849548690e+05 
1.83093055450722e-01 1.10602592263322e+05 
1.83232452509912e-01 1.10561930157282e+05 
1.83371823672082e-01 1.10506215931185e+05 
1.83511255190914e-01 1.10440591069665e+05 
1.83650816366044e-01 1.10370319991473e+05 
1.83790598200770e-01 1.10295799772180e+05 
1.83930657678207e-01 1.10220655912637e+05 
1.84071089122256e-01 1.10143660657192e+05 
1.84211946508468e-01 1.10068653073047e+05 
1.84353328586638e-01 1.09993383693177e+05 
1.84495297049804e-01 1.09922365190695e+05 
1.84637959410712e-01 1.09852162308274e+05 
1.84781398613188e-01 1.09788274942361e+05 
1.84925739384518e-01 1.09725862837117e+05 
1.85071105402181e-01 1.09671737768632e+05 
1.85217653560768e-01 1.09619527287685e+05 
1.85365578945410e-01 1.09577753411871e+05 
1.85515096163806e-01 1.09538198614682e+05 
1.85666522707385e-01 1.09511233639060e+05 
1.85813112257814e-01 1.09487724925231e+05 
1.85964589099018e-01 1.09477386840588e+05 
1.86115911644585e-01 1.09468891805449e+05 
1.86274213303084e-01 1.09476016200270e+05 
1.86431452883863e-01 1.09484853021454e+05 
1.86594204111798e-01 1.09512197545935e+05 
1.86758587468817e-01 1.09541303811714e+05 
1.86898373651946e-01 1.09582952057493e+05 
1.87038100009434e-01 1.09625229891162e+05 
1.87177775894350e-01 1.09682179510805e+05 
1.87317378886381e-01 1.09739682421057e+05 
1.87456921665166e-01 1.09812133562383e+05 
1.87596393425802e-01 1.09884593453695e+05 
1.87735805909706e-01 1.09972026627415e+05 
1.87875157277482e-01 1.10058748273713e+05 
1.88014456645190e-01 1.10160265092534e+05 
1.88153708984144e-01 1.10260320234864e+05 
1.88292919900832e-01 1.10374696926754e+05 
1.88432099089902e-01 1.10486862349186e+05 
1.88571248565229e-01 1.10612439169420e+05 
1.88710379263314e-01 1.10735350533717e+05 
1.88849491592599e-01 1.10870520571461e+05 
1.88988591222359e-01 1.11002761668721e+05 
1.89127678296127e-01 1.11145839489340e+05 
1.89266756977332e-01 1.11285736157589e+05 
1.89405834711319e-01 1.11434830038748e+05 
1.89544935905602e-01 1.11580516334590e+05 
1.89684057097908e-01 1.11733754555338e+05 
1.89823260796990e-01 1.11883339564813e+05 
1.89962511920720e-01 1.12037634084929e+05 
1.90101859958056e-01 1.12187903539065e+05 
1.90241259724561e-01 1.12338276659014e+05 
1.90380724348700e-01 1.12484679416609e+05 
1.90520217325036e-01 1.12626981481775e+05 
1.90659754137152e-01 1.12766356349317e+05 
1.90799337974151e-01 1.12898448363009e+05 
1.90938983519004e-01 1.13028793450604e+05 
1.91078662681930e-01 1.13149212171779e+05 
1.91218379223343e-01 1.13268517971768e+05 
1.91358115685991e-01 1.13375595583814e+05 
1.91497890656350e-01 1.13482065239383e+05 
1.91637687838293e-01 1.13573879934155e+05 
1.91777554510623e-01 1.13665856734748e+05 
1.91917504466878e-01 1.13740895645475e+05 
1.92057577661766e-01 1.13817015709531e+05 
1.92197744768110e-01 1.13874128301014e+05 
1.92337968295951e-01 1.13933084339451e+05 
1.92478229472987e-01 1.13971264309545e+05 
1.92618496808511e-01 1.14011930616004e+05 
1.92758767788991e-01 1.14030660844235e+05 
1.92899024867463e-01 1.14052621842615e+05 
1.93039276096712e-01 1.14052176571136e+05 
1.93179519604835e-01 1.14055806474034e+05 
1.93319768199595e-01 1.14037186509516e+05 
1.93460030338797e-01 1.14023377159063e+05 
1.93600321316831e-01 1.13987964947092e+05 
1.93740654238797e-01 1.13957907571551e+05 
1.93881048338798e-01 1.13907305034132e+05 
1.94021515344911e-01 1.13862465429347e+05 
1.94162085336137e-01 1.13798675430835e+05 
1.94302759870662e-01 1.13740948254668e+05 
1.94443561128231e-01 1.13666799716302e+05 
1.94584457799620e-01 1.13598801423778e+05 
1.94725467559348e-01 1.13517187828387e+05 
1.94866547469953e-01 1.13441279025604e+05 
1.95007723357217e-01 1.13354684747193e+05 
1.95148943282284e-01 1.13273382235172e+05 
1.95290211649877e-01 1.13184722348877e+05 
1.95431474394488e-01 1.13101505604723e+05 
1.95572792852665e-01 1.13014527472360e+05 
1.95714120643241e-01 1.12933510182992e+05 
1.95855611927412e-01 1.12852245343221e+05 
1.95997539347702e-01 1.12777401813486e+05 
1.96140079937782e-01 1.12705435057440e+05 
1.96283345090691e-01 1.12640358064791e+05 
1.96427473193052e-01 1.12581163184622e+05 
1.96572552549270e-01 1.12529147792630e+05 
1.96718743659687e-01 1.12485770667480e+05 
1.96861208565415e-01 1.12450538270553e+05 
1.97003707298675e-01 1.12425743393388e+05 
1.97146241475816e-01 1.12407505978880e+05 
1.97288829058349e-01 1.12400668695082e+05 
1.97431470551392e-01 1.12399223345902e+05 
1.97574189727573e-01 1.12409421652915e+05 
1.97716979453357e-01 1.12423405606338e+05 
1.97859842641172e-01 1.12448524005024e+05 
1.98002754584103e-01 1.12475396364399e+05 
1.98159957721327e-01 1.12516639228294e+05 
1.98321013423816e-01 1.12557949722317e+05 
1.98483098684623e-01 1.12610963629918e+05 
1.98646218625211e-01 1.12659508731278e+05 
1.98789268807201e-01 1.12709051287136e+05 
1.98932374643690e-01 1.12752762343961e+05 
1.99075499528326e-01 1.12800303201066e+05 
1.99218651420641e-01 1.12839638323658e+05 
1.99361808519524e-01 1.12880561797617e+05 
1.99504966962709e-01 1.12911340529401e+05 
1.99648113364988e-01 1.12941954773146e+05 
1.99791240926496e-01 1.12961181665725e+05 
1.99934337191672e-01 1.12979176041025e+05 
2.00077402709526e-01 1.12985237206771e+05 
2.00220428307080e-01 1.12989596700962e+05 
