temps pression
0.00000000000000e+00 1.00000000000000e+05 
7.22956891292051e-05 1.00000000000000e+05 
1.36012593082693e-04 1.00000000000000e+05 
1.95841839271287e-04 1.00000000000000e+05 
2.48136352259026e-04 1.00000000000000e+05 
2.92259872457627e-04 1.00000000000000e+05 
3.32398725148260e-04 1.00000000000000e+05 
3.68237896383045e-04 1.00000000000000e+05 
4.01423720147164e-04 1.00000000000000e+05 
4.31856752968882e-04 1.00000000000000e+05 
4.60878230235362e-04 1.00000000000000e+05 
4.92801855228489e-04 1.00000000000000e+05 
5.27917842720929e-04 1.00000000000000e+05 
5.66545428962614e-04 1.00000000000000e+05 
6.09035773828466e-04 1.00000000000000e+05 
6.55775153180904e-04 1.00000000000000e+05 
7.02245801922679e-04 1.00000000000000e+05 
7.47453228713551e-04 1.00000000000000e+05 
7.97181398183511e-04 1.00000000000000e+05 
8.51882384600467e-04 1.00000000000000e+05 
9.12053469659118e-04 1.00000000000000e+05 
9.75627706681509e-04 1.00000000000000e+05 
1.03822613120209e-03 1.00000000000000e+05 
1.10708439817474e-03 1.00000000000000e+05 
1.18282849184465e-03 1.00000000000000e+05 
1.26554362544697e-03 1.00000000000000e+05 
1.34968947841744e-03 1.00000000000000e+05 
1.43419468651438e-03 1.00000000000000e+05 
1.52715041542101e-03 1.00000000000000e+05 
1.62940171721831e-03 1.00000000000000e+05 
1.73615282719917e-03 1.00000000000000e+05 
1.85066408221698e-03 1.00000000000000e+05 
1.96736741068864e-03 1.00000000000000e+05 
2.09371177051730e-03 1.00000000000000e+05 
2.22555796896127e-03 1.00000000000000e+05 
2.36158665410768e-03 1.00000000000000e+05 
2.50294618394378e-03 1.00000000000000e+05 
2.64911952972065e-03 1.00000000000000e+05 
2.80087190062570e-03 1.00000000000000e+05 
2.95715929334832e-03 1.00000000000000e+05 
3.11891798520157e-03 1.00000000000000e+05 
3.28533464409292e-03 1.00000000000000e+05 
3.45690538490746e-03 1.00000000000000e+05 
3.63411766730768e-03 1.00000000000000e+05 
3.81664046963863e-03 1.00000000000000e+05 
3.99772633692047e-03 1.00000000000000e+05 
4.16957139912799e-03 1.00000000000000e+05 
4.33872302067797e-03 1.00000000000000e+05 
4.50454012425696e-03 1.00000000000000e+05 
4.66944629641042e-03 1.00000000000000e+05 
4.83182665610111e-03 1.00000000000000e+05 
4.99432591173701e-03 1.00000000000000e+05 
5.15710805328286e-03 1.00000000000000e+05 
5.32209812138804e-03 1.00000000000000e+05 
5.48925180561211e-03 1.00000000000000e+05 
5.65651550846694e-03 1.00000000000000e+05 
5.82218512066476e-03 1.00000000000000e+05 
5.99225346462515e-03 1.00000000000000e+05 
6.16426366806627e-03 1.00000000000000e+05 
6.33902948756284e-03 1.00000000000000e+05 
6.51425904097167e-03 1.00000000000000e+05 
6.69321461735499e-03 1.00000000000000e+05 
6.87480125102346e-03 1.00000000000000e+05 
7.05567278622379e-03 1.00000000000000e+05 
7.23621719517049e-03 1.00000000000000e+05 
7.41679076938564e-03 1.00000000000000e+05 
7.59640636135086e-03 1.00000000000000e+05 
7.77428862695916e-03 1.00000000000000e+05 
7.95027629159386e-03 1.00000000000000e+05 
8.12229020173984e-03 1.00000000000000e+05 
8.29105014613837e-03 1.00000000000000e+05 
8.45873733587749e-03 1.00000000000000e+05 
8.62612921985258e-03 1.00000000000000e+05 
8.79302946644548e-03 1.00000000000000e+05 
8.95755061535239e-03 1.00000000000000e+05 
9.12177154411085e-03 1.00000000000000e+05 
9.28599971006096e-03 1.00000000000000e+05 
9.45196879610311e-03 1.00000000000000e+05 
9.62020820614374e-03 1.00000000000000e+05 
9.79140686347658e-03 1.00000000000000e+05 
9.96452391840060e-03 1.00000000000000e+05 
1.01393197803705e-02 1.00000000000000e+05 
1.03170267261796e-02 1.00000000000000e+05 
1.04991381447478e-02 1.00000000000000e+05 
1.06865098309648e-02 1.00000000000000e+05 
1.08796912885102e-02 1.00000000000000e+05 
1.10788981218863e-02 1.00000000000000e+05 
1.12844218789541e-02 1.00000000000000e+05 
1.14934057052774e-02 1.00000000000000e+05 
1.17059396490011e-02 1.00000000000000e+05 
1.19202287202762e-02 1.00000000000000e+05 
1.21365760056720e-02 1.00000000000000e+05 
1.23529310830403e-02 1.00000000000000e+05 
1.25708907876405e-02 1.00000000000000e+05 
1.27903906951085e-02 1.00000000000000e+05 
1.30113848413667e-02 1.00000000000000e+05 
1.32339799333367e-02 1.00000000000000e+05 
1.34592684676424e-02 1.00000000000000e+05 
1.36877030226875e-02 1.00000000000000e+05 
1.39195398776115e-02 1.00000000000000e+05 
1.41532128355968e-02 1.00000000000000e+05 
1.43896140885971e-02 1.00000000000000e+05 
1.46270431378769e-02 1.00000000000000e+05 
1.48654249686806e-02 1.00000000000000e+05 
1.51050898310435e-02 1.00000000000000e+05 
1.53459557696447e-02 1.00000000000000e+05 
1.55884089035441e-02 1.00000000000000e+05 
1.58322437008555e-02 1.00000000000000e+05 
1.60768484821706e-02 1.00000000000000e+05 
1.63230269287107e-02 1.00000000000000e+05 
1.65702600420489e-02 1.00000000000000e+05 
1.68191015675724e-02 1.00000000000000e+05 
1.70686179028594e-02 1.00000000000000e+05 
1.73187183504900e-02 1.00000000000000e+05 
1.75692263407468e-02 1.00000000000000e+05 
1.78207193084710e-02 1.00000000000000e+05 
1.80750127631953e-02 1.00000000000000e+05 
1.83301693886289e-02 1.00000000000000e+05 
1.85859295842959e-02 1.00000000000000e+05 
1.88423365824221e-02 1.00000000000000e+05 
1.90992516411381e-02 1.00000000000000e+05 
1.93568072373516e-02 1.00000000000000e+05 
1.96149063758911e-02 1.00000000000000e+05 
1.98736856685087e-02 1.00000000000000e+05 
2.01331201525395e-02 1.00000000000000e+05 
2.03932991827046e-02 1.00000000000000e+05 
2.06543126280980e-02 1.00000000000000e+05 
2.09161660090818e-02 1.00000000000000e+05 
2.11790732188701e-02 1.00000000000000e+05 
2.14429235335059e-02 1.00000000000000e+05 
2.17080628360766e-02 1.00000000000000e+05 
2.19732346598012e-02 1.00000000000000e+05 
2.22398219662359e-02 1.00000000000000e+05 
2.25074945766425e-02 1.00000000000000e+05 
2.27763140152840e-02 1.00000000000000e+05 
2.30461406774181e-02 1.00000000000000e+05 
2.33169985102731e-02 1.00000000000000e+05 
2.35888876044991e-02 1.00000000000000e+05 
2.38619083121562e-02 1.00000000000000e+05 
2.41359275781637e-02 1.00000000000000e+05 
2.44111114514508e-02 1.00000000000000e+05 
2.46872219314497e-02 1.00000000000000e+05 
2.49645118125551e-02 1.00000000000000e+05 
2.52426802546080e-02 1.00000000000000e+05 
2.55220718354046e-02 1.00000000000000e+05 
2.58023748970262e-02 1.00000000000000e+05 
2.60830390102736e-02 1.00000000000000e+05 
2.63646906778144e-02 1.00000000000000e+05 
2.66476337519398e-02 1.00000000000000e+05 
2.69315288674280e-02 1.00000000000000e+05 
2.72163745832066e-02 1.00000000000000e+05 
2.75020463489003e-02 1.00000000000000e+05 
2.77886634985523e-02 1.00000000000000e+05 
2.80761396361358e-02 1.00000000000000e+05 
2.83646386234547e-02 1.00000000000000e+05 
2.86539828021842e-02 1.00000000000000e+05 
2.89443869892804e-02 1.00000000000000e+05 
2.92356151105813e-02 1.00000000000000e+05 
2.95280076899174e-02 1.00000000000000e+05 
2.98211835179990e-02 1.00000000000000e+05 
3.01157266778607e-02 1.00000000000000e+05 
3.04102998776171e-02 1.00000000000000e+05 
3.07060086243899e-02 1.00000000000000e+05 
3.10016883191803e-02 1.00000000000000e+05 
3.12976129690921e-02 1.00000000000000e+05 
3.15930020143158e-02 1.00000000000000e+05 
3.18889792957688e-02 1.00000000000000e+05 
3.21838408141185e-02 1.00000000000000e+05 
3.24795001962310e-02 1.00000000000000e+05 
3.27735361862549e-02 1.00000000000000e+05 
3.30644934916685e-02 1.00000000000000e+05 
3.33450049037645e-02 1.00000000000000e+05 
3.36229170065356e-02 1.00000000000000e+05 
3.38972876521993e-02 1.00000000000000e+05 
3.41705117537694e-02 1.00000000000000e+05 
3.44407998975160e-02 1.00000000000000e+05 
3.47117680329893e-02 1.00000000000000e+05 
3.49799989471607e-02 1.00000000000000e+05 
3.52462747399565e-02 1.00000000000000e+05 
3.55108969925006e-02 1.00000000000000e+05 
3.57750157293157e-02 1.00000000000000e+05 
3.60380515015705e-02 1.00000000000000e+05 
3.63009739744853e-02 1.00000000000000e+05 
3.65633063478563e-02 1.00000000000000e+05 
3.68263683095552e-02 1.00000000000000e+05 
3.70892725819573e-02 1.00000000000000e+05 
3.73516610554288e-02 1.00000000000000e+05 
3.76128255041234e-02 1.00000000000000e+05 
3.78742505999374e-02 1.00000000000000e+05 
3.81356442914861e-02 1.00000000000000e+05 
3.83979356014508e-02 1.00000000000000e+05 
3.86603068461574e-02 1.00000000000000e+05 
3.89239352038023e-02 1.00000000000000e+05 
3.91862820023526e-02 1.00000000000000e+05 
3.94487423272750e-02 1.00000000000000e+05 
3.97119486713853e-02 1.00000000000000e+05 
3.99766605481405e-02 1.00000000000000e+05 
4.02409640564117e-02 1.00000000000000e+05 
4.05074093485349e-02 1.00000000000000e+05 
4.07720910590586e-02 1.00000000000000e+05 
4.10386007791868e-02 1.00000000000000e+05 
4.13034801806810e-02 1.00000000000000e+05 
4.15698190484275e-02 1.00000000000000e+05 
4.18352039922740e-02 1.00000000000000e+05 
4.21017927097591e-02 1.00000000000000e+05 
4.23679208132737e-02 1.00000000000000e+05 
4.26350317442701e-02 1.00000000000000e+05 
4.29012149838813e-02 1.00000000000000e+05 
4.31683796808448e-02 1.00000000000000e+05 
4.34348704858809e-02 1.00000000000000e+05 
4.37026785534877e-02 1.00000000000000e+05 
4.39697165514790e-02 1.00000000000000e+05 
4.42381912780370e-02 1.00000000000000e+05 
4.45061577567801e-02 1.00000000000000e+05 
4.47757123089664e-02 1.00000000000000e+05 
4.50449809979605e-02 1.00000000000000e+05 
4.53159457257469e-02 1.00000000000000e+05 
4.55865033655267e-02 1.00000000000000e+05 
4.58584607739307e-02 1.00000000000000e+05 
4.61302162456396e-02 1.00000000000000e+05 
4.64032967600379e-02 1.00000000000000e+05 
4.66766462353546e-02 1.00000000000000e+05 
4.69508222426346e-02 1.00000000000000e+05 
4.72257944139140e-02 1.00000000000000e+05 
4.75012492824075e-02 1.00000000000000e+05 
4.77774870924105e-02 1.00000000000000e+05 
4.80541235021233e-02 1.00000000000000e+05 
4.83308974105479e-02 1.00000000000000e+05 
4.86075013673071e-02 1.00000000000000e+05 
4.88841054674248e-02 1.00000000000000e+05 
4.91601462814659e-02 1.00000000000000e+05 
4.94365340481557e-02 1.00000000000000e+05 
4.97112734450426e-02 1.00000000000000e+05 
4.99875745165194e-02 1.00000000000000e+05 
5.02611586605945e-02 1.00000000000000e+05 
5.05377882491271e-02 1.00000000000000e+05 
5.08125514753521e-02 1.00000000000000e+05 
5.10901083372577e-02 1.00000000000000e+05 
5.13668061613210e-02 1.00000000000000e+05 
5.16456873614357e-02 1.00000000000000e+05 
5.19227989093020e-02 1.00000000000000e+05 
5.22027140649234e-02 1.00000000000000e+05 
5.24821944083194e-02 1.00000000000000e+05 
5.27633706415150e-02 1.00000000000000e+05 
5.30448034479083e-02 1.00000000000000e+05 
5.33278558958957e-02 1.00000000000000e+05 
5.36115871925239e-02 1.00000000000000e+05 
5.38967881433778e-02 1.00000000000000e+05 
5.41822675210821e-02 1.00000000000000e+05 
5.44690922112829e-02 1.00000000000000e+05 
5.47565410467920e-02 1.00000000000000e+05 
5.50448768716225e-02 1.00000000000000e+05 
5.53337756522745e-02 1.00000000000000e+05 
5.56234911460347e-02 1.00000000000000e+05 
5.59136831382577e-02 1.00000000000000e+05 
5.62046045195495e-02 1.00000000000000e+05 
5.64959433020159e-02 1.00000000000000e+05 
5.67879792697114e-02 1.00000000000000e+05 
5.70803791468397e-02 1.00000000000000e+05 
5.73734189038435e-02 1.00000000000000e+05 
5.76667440801133e-02 1.00000000000000e+05 
5.79606416024035e-02 1.00000000000000e+05 
5.82547417067326e-02 1.00000000000000e+05 
5.85493419274628e-02 1.00000000000000e+05 
5.88440561814942e-02 1.00000000000000e+05 
5.91392074146646e-02 1.00000000000000e+05 
5.94342793479966e-02 1.00000000000000e+05 
5.97298351138016e-02 1.00000000000000e+05 
6.00251993144423e-02 1.00000000000000e+05 
6.03210022192294e-02 1.00000000000000e+05 
6.06165392197943e-02 1.00000000000000e+05 
6.09124135556561e-02 1.00000000000000e+05 
6.12076971266617e-02 1.00000000000000e+05 
6.15033925067573e-02 1.00000000000000e+05 
6.17984601133030e-02 1.00000000000000e+05 
6.20942900835576e-02 1.00000000000000e+05 
6.23899087530125e-02 1.00000000000000e+05 
6.26861834949925e-02 1.00000000000000e+05 
6.29823844238690e-02 1.00000000000000e+05 
6.32790172136283e-02 1.00000000000000e+05 
6.35761487766255e-02 1.00000000000000e+05 
6.38733534088466e-02 1.00000000000000e+05 
6.41714014190642e-02 1.00000000000000e+05 
6.44700073075841e-02 1.00000000000000e+05 
6.47696256725061e-02 1.00000000000000e+05 
6.50698846138478e-02 1.00000000000000e+05 
6.53710726013390e-02 1.00000000000000e+05 
6.56730466196260e-02 1.00000000000000e+05 
6.59758790272125e-02 1.00000000000000e+05 
6.62796083449335e-02 1.00000000000000e+05 
6.65841465192501e-02 1.00000000000000e+05 
6.68895620523256e-02 1.00000000000000e+05 
6.71959341977153e-02 1.00000000000000e+05 
6.75028953478045e-02 1.00000000000000e+05 
6.78107558875024e-02 1.00000000000000e+05 
6.81191754738369e-02 1.00000000000000e+05 
6.84283435806288e-02 1.00000000000000e+05 
6.87380139850066e-02 1.00000000000000e+05 
6.90482765124690e-02 1.00000000000000e+05 
6.93589851086385e-02 1.00000000000000e+05 
6.96701808417171e-02 1.00000000000000e+05 
6.99817204777445e-02 1.00000000000000e+05 
7.02936227332336e-02 1.00000000000000e+05 
7.06057417115123e-02 1.00000000000000e+05 
7.09180424136510e-02 1.00000000000000e+05 
7.12306357465297e-02 1.00000000000000e+05 
7.15433060598023e-02 1.00000000000000e+05 
7.18563541551170e-02 1.00000000000000e+05 
7.21694945563295e-02 1.00000000000000e+05 
7.24830628818953e-02 1.00000000000000e+05 
7.27969523124222e-02 1.00000000000000e+05 
7.31111459801951e-02 1.00000000000000e+05 
7.34259206325750e-02 1.00000000000000e+05 
7.37409934995296e-02 1.00000000000000e+05 
7.40568138343057e-02 1.00000000000000e+05 
7.43728518535306e-02 1.00000000000000e+05 
7.46898321056880e-02 1.00000000000000e+05 
7.50070548665318e-02 1.00000000000000e+05 
7.53253091923848e-02 1.00000000000000e+05 
7.56436385666071e-02 1.00000000000000e+05 
7.59616653775967e-02 1.00000000000000e+05 
7.62797302346394e-02 1.00000000000000e+05 
7.65975052476806e-02 1.00000000000000e+05 
7.69152697202438e-02 1.00000000000000e+05 
7.72327915895816e-02 1.00000000000000e+05 
7.75502379975461e-02 1.00000000000000e+05 
7.78674949219950e-02 1.00000000000000e+05 
7.81846130270669e-02 1.00000000000000e+05 
7.85016199363926e-02 1.00000000000000e+05 
7.88184185878050e-02 1.00000000000000e+05 
7.91352145064234e-02 1.00000000000000e+05 
7.94517779084216e-02 1.00000000000000e+05 
7.97683192851124e-02 1.00000000000000e+05 
8.00846856714240e-02 1.00000000000000e+05 
8.04009598049253e-02 1.00000000000000e+05 
8.07170581488875e-02 1.00000000000000e+05 
8.10330602621300e-02 1.00000000000000e+05 
8.13489476125897e-02 1.00000000000000e+05 
8.16646565199489e-02 1.00000000000000e+05 
8.19802607496007e-02 1.00000000000000e+05 
8.22956137897163e-02 1.00000000000000e+05 
8.26108698208945e-02 1.00000000000000e+05 
8.29258759893936e-02 1.00000000000000e+05 
8.32404912700146e-02 1.00000000000000e+05 
8.35549850053414e-02 1.00000000000000e+05 
8.38690875058974e-02 1.00000000000000e+05 
8.41831225745204e-02 1.00000000000000e+05 
8.44967427086125e-02 1.00000000000000e+05 
8.48104597995120e-02 1.00000000000000e+05 
8.51238375200904e-02 1.00000000000000e+05 
8.54375048219784e-02 1.00000000000000e+05 
8.57510639248196e-02 1.00000000000000e+05 
8.60651414895254e-02 1.00000000000000e+05 
8.63791914168333e-02 1.00000000000000e+05 
8.66935675355409e-02 1.00000000000000e+05 
8.70076174453189e-02 1.00000000000000e+05 
8.73203165560701e-02 1.00000000000000e+05 
8.76329113595000e-02 1.00000000000000e+05 
8.79446462928447e-02 1.00000000000000e+05 
8.82570398588554e-02 1.00000000000000e+05 
8.85692327637608e-02 1.00000000000000e+05 
8.88811817927520e-02 1.00000000000000e+05 
8.91932038953814e-02 1.00000000000000e+05 
8.95048640179176e-02 1.00000000000000e+05 
8.98170726890477e-02 1.00000000000000e+05 
9.01293466811143e-02 1.00000000000000e+05 
9.04424623501384e-02 1.00000000000000e+05 
9.07556765525586e-02 1.00000000000000e+05 
9.10687110093870e-02 1.00000000000000e+05 
9.13805892992321e-02 1.00000000000000e+05 
9.16918561008047e-02 1.00000000000000e+05 
9.20017154974003e-02 1.00000000000000e+05 
9.23109574316210e-02 1.00000000000000e+05 
9.26207365735323e-02 1.00000000000000e+05 
9.29294335790048e-02 1.00000000000000e+05 
9.32377998426541e-02 1.00000000000000e+05 
9.35450572879132e-02 1.00000000000000e+05 
9.38518904433259e-02 1.00000000000000e+05 
9.41581932876392e-02 1.00000000000000e+05 
9.44638017573876e-02 1.00000000000000e+05 
9.47687210678758e-02 1.00000000000000e+05 
9.50731731864519e-02 1.00000000000000e+05 
9.53770316367998e-02 1.00000000000000e+05 
9.56806002692547e-02 1.00000000000000e+05 
9.59822554768518e-02 1.00000000000000e+05 
9.62820763570489e-02 1.00000000000000e+05 
9.65803434723195e-02 1.00000000000000e+05 
9.68775877063530e-02 1.00000000000000e+05 
9.71736528358788e-02 1.00000000000000e+05 
9.74695662011925e-02 1.00000000000000e+05 
9.77679339324379e-02 1.00000000000000e+05 
9.80655045602883e-02 1.00000000000000e+05 
9.83627612052535e-02 1.00000000000000e+05 
9.86600073080574e-02 1.00000000000000e+05 
9.89570852677998e-02 1.00000000000000e+05 
9.92548220940081e-02 1.00000000000000e+05 
9.95525032696193e-02 1.00000000000000e+05 
9.98510632111349e-02 1.00000000000000e+05 
1.00148548265975e-01 1.00000000000000e+05 
1.00444956915175e-01 1.00000000000000e+05 
1.00740118297186e-01 1.00000000000000e+05 
1.01034638091981e-01 1.00000000000000e+05 
1.01328250048838e-01 1.00000000000000e+05 
1.01621700769062e-01 1.00000000000000e+05 
1.01914547012756e-01 1.00000000000000e+05 
1.02207630700948e-01 1.00000000000000e+05 
1.02500319168943e-01 1.00000000000000e+05 
1.02793524003980e-01 1.00000000000000e+05 
1.03086489382515e-01 1.00000000000000e+05 
1.03379510024520e-01 1.00000000000000e+05 
1.03672406537777e-01 1.00000000000000e+05 
1.03965299588265e-01 1.00000000000000e+05 
1.04258250382593e-01 1.00000000000000e+05 
1.04551375120974e-01 1.00000000000000e+05 
1.04844718453472e-01 1.00000000000000e+05 
1.05138234393399e-01 1.00000000000000e+05 
1.05431980980389e-01 1.00000000000000e+05 
1.05725908052622e-01 1.00000000000000e+05 
1.06020043443503e-01 1.00000000000000e+05 
1.06314338843272e-01 1.00000000000000e+05 
1.06608789039848e-01 1.00000000000000e+05 
1.06903659239811e-01 1.00000000000000e+05 
1.07198947402316e-01 1.00000000000000e+05 
1.07495307881940e-01 1.00000000000000e+05 
1.07792161192395e-01 1.00000000000000e+05 
1.08089014375396e-01 1.00000000000000e+05 
1.08384497527139e-01 1.00000000000000e+05 
1.08678948617172e-01 1.00000000000000e+05 
1.08972360905472e-01 1.00000000000000e+05 
1.09266103282481e-01 1.00000000000000e+05 
1.09559478858158e-01 1.00000000000000e+05 
1.09852060533738e-01 1.00000000000000e+05 
1.10144224351891e-01 1.00000000000000e+05 
1.10438912083541e-01 1.00000000000000e+05 
1.10733962299365e-01 1.00000000000000e+05 
1.11029137489466e-01 1.00000000000000e+05 
1.11324433666896e-01 1.00000000000000e+05 
1.11619597882024e-01 1.00000000000000e+05 
1.11914850910338e-01 1.00000000000000e+05 
1.12209984008740e-01 1.00000000000000e+05 
1.12505176333395e-01 1.00000000000000e+05 
1.12800116660032e-01 1.00000000000000e+05 
1.13094945275137e-01 1.00000000000000e+05 
1.13389518018534e-01 1.00000000000000e+05 
1.13684057379323e-01 1.00000000000000e+05 
1.13980440429478e-01 1.00000000000000e+05 
1.14277096229958e-01 1.00000000000000e+05 
1.14574007220713e-01 1.00000000000000e+05 
1.14871265356881e-01 1.00000000000000e+05 
1.15168805069174e-01 1.00000000000000e+05 
1.15466773472465e-01 1.00000000000000e+05 
1.15765059344662e-01 1.00000000000000e+05 
1.16063800632793e-01 1.00000000000000e+05 
1.16362949318430e-01 1.00000000000000e+05 
1.16662507110905e-01 1.00000000000000e+05 
1.16962427314282e-01 1.00000000000000e+05 
1.17262708632101e-01 1.00000000000000e+05 
1.17564276475729e-01 1.00000000000000e+05 
1.17866735347920e-01 1.00000000000000e+05 
1.18169595483494e-01 1.00000000000000e+05 
1.18473064968048e-01 1.00000000000000e+05 
1.18776961988673e-01 1.00000000000000e+05 
1.19081636106441e-01 1.00000000000000e+05 
1.19386611097581e-01 1.00000000000000e+05 
1.19692334320110e-01 1.00000000000000e+05 
1.19998448046221e-01 1.00000000000000e+05 
1.20305200664043e-01 1.00000000000000e+05 
1.20612279030344e-01 1.00000000000000e+05 
1.20920154239534e-01 1.00000000000000e+05 
1.21228175825648e-01 1.00000000000000e+05 
1.21537076858044e-01 1.00000000000000e+05 
1.21846173070731e-01 1.00000000000000e+05 
1.22156156665899e-01 1.00000000000000e+05 
1.22466530514540e-01 1.00000000000000e+05 
1.22777696331053e-01 1.00000000000000e+05 
1.23089406085183e-01 1.00000000000000e+05 
1.23401942057818e-01 1.00000000000000e+05 
1.23714872474746e-01 1.00000000000000e+05 
1.24028816127939e-01 1.00000000000000e+05 
1.24343102966198e-01 1.00000000000001e+05 
1.24658433618833e-01 1.00000000000003e+05 
1.24974152443627e-01 1.00000000000005e+05 
1.25290897396380e-01 1.00000000000007e+05 
1.25608083099061e-01 1.00000000000011e+05 
1.25926124550665e-01 1.00000000000052e+05 
1.26244711991072e-01 1.00000000000132e+05 
1.26564074437578e-01 1.00000000000394e+05 
1.26883963200935e-01 1.00000000002169e+05 
1.27204626544865e-01 1.00000000006297e+05 
1.27525878613553e-01 1.00000000025789e+05 
1.27847873081679e-01 1.00000000053200e+05 
1.28170508375356e-01 1.00000000070204e+05 
1.28493761346645e-01 1.00000000085923e+05 
1.28817299299049e-01 1.00000000133123e+05 
1.29140848361413e-01 1.00000000194965e+05 
1.29464672949484e-01 1.00000000332955e+05 
1.29788084279335e-01 1.00000000582789e+05 
1.30111835873786e-01 1.00000000895366e+05 
1.30434932308173e-01 1.00000001483905e+05 
1.30758104629532e-01 1.00000002185528e+05 
1.31080649975618e-01 1.00000003052625e+05 
1.31403345829412e-01 1.00000003485828e+05 
1.31726367985981e-01 1.00000004162428e+05 
1.32049416454320e-01 1.00000006480769e+05 
1.32372110922978e-01 1.00000008655042e+05 
1.32694872938154e-01 1.00000037214910e+05 
1.33017301446755e-01 1.00000109994758e+05 
1.33340008732361e-01 1.00000294835896e+05 
1.33663366786405e-01 1.00000703910469e+05 
1.33986911296164e-01 1.00001205295204e+05 
1.34310132758333e-01 1.00001842855358e+05 
1.34633536318974e-01 1.00002323937785e+05 
1.34956525429502e-01 1.00003225704728e+05 
1.35279605226871e-01 1.00004497489475e+05 
1.35602207450292e-01 1.00260218832374e+05 
1.35924903818617e-01 1.01000494385524e+05 
1.36247119480416e-01 1.02509665859958e+05 
1.36569826478435e-01 1.05122917926675e+05 
1.36892193556864e-01 1.08774575769390e+05 
1.37214613957329e-01 1.13538109703205e+05 
1.37536648475904e-01 1.19057962281052e+05 
1.37858669538248e-01 1.24768669146255e+05 
1.38180357295307e-01 1.30195677850108e+05 
1.38502329841300e-01 1.34428407447085e+05 
1.38823825933506e-01 1.36868620654586e+05 
1.39145165812902e-01 1.37482607006666e+05 
1.39467062396898e-01 1.37377388523704e+05 
1.39788357898671e-01 1.37051116266897e+05 
1.40109339311266e-01 1.36405313095072e+05 
1.40430698559025e-01 1.35408362172343e+05 
1.40751770630659e-01 1.34290425819710e+05 
1.41072680303471e-01 1.33122824716062e+05 
1.41393333697892e-01 1.31960028481830e+05 
1.41714187392983e-01 1.30866109109473e+05 
1.42034642254646e-01 1.29859041232664e+05 
1.42354994551230e-01 1.28946366423172e+05 
1.42674924671804e-01 1.28123945819933e+05 
1.42994692524821e-01 1.27372993884474e+05 
1.43314021282708e-01 1.26682877070571e+05 
1.43633185040988e-01 1.26038401815453e+05 
1.43951959501893e-01 1.25435147966617e+05 
1.44270639449021e-01 1.24853636757774e+05 
1.44588991877612e-01 1.24301240737513e+05 
1.44907287836118e-01 1.23762244535376e+05 
1.45225664713768e-01 1.23247507228928e+05 
1.45543734212568e-01 1.22750219855146e+05 
1.45861638293776e-01 1.22280148893871e+05 
1.46179299655504e-01 1.21825508777355e+05 
1.46496734837498e-01 1.21404232048416e+05 
1.46813997207774e-01 1.21016501141469e+05 
1.47130965471739e-01 1.20661639938245e+05 
1.47447735989794e-01 1.20339264640547e+05 
1.47764174048887e-01 1.20039694470152e+05 
1.48080442883166e-01 1.19787398332033e+05 
1.48396377686962e-01 1.19553993552568e+05 
1.48712246071629e-01 1.19349474990014e+05 
1.49028359322555e-01 1.19201535027965e+05 
1.49344336606994e-01 1.19079437897832e+05 
1.49660152893893e-01 1.19004468542303e+05 
1.49975772275501e-01 1.18926072230791e+05 
1.50291344609742e-01 1.18903044286729e+05 
1.50606762583276e-01 1.18955832970894e+05 
1.50922114899490e-01 1.19124596113019e+05 
1.51237381135801e-01 1.19379634922445e+05 
1.51552465178352e-01 1.19702594974032e+05 
1.51867479930517e-01 1.20064071351616e+05 
1.52182275298383e-01 1.20458924192197e+05 
1.52497042527158e-01 1.20871277968856e+05 
1.52811589247659e-01 1.21285149760987e+05 
1.53126214364456e-01 1.21682880070849e+05 
1.53440595940596e-01 1.22059110246755e+05 
1.53755613373773e-01 1.22387098975890e+05 
1.54070443913988e-01 1.22674507464066e+05 
1.54385541284899e-01 1.22897799597995e+05 
1.54700475071220e-01 1.23058868896768e+05 
1.55015718077183e-01 1.23142460784069e+05 
1.55330823917804e-01 1.23170582926947e+05 
1.55646308029288e-01 1.23137851608959e+05 
1.55961609495540e-01 1.23034577969637e+05 
1.56277282056021e-01 1.22878978068359e+05 
1.56592750876548e-01 1.22681859354121e+05 
1.56908376031731e-01 1.22413078728312e+05 
1.57223945460866e-01 1.22102167300621e+05 
1.57539663368536e-01 1.21753841676152e+05 
1.57855224525275e-01 1.21386106669637e+05 
1.58170957200456e-01 1.21080941176382e+05 
1.58486550174511e-01 1.20884487140347e+05 
1.58802415227630e-01 1.20803199619200e+05 
1.59118094760483e-01 1.20885357280749e+05 
1.59434178181257e-01 1.21187400481436e+05 
1.59750001984367e-01 1.21992042196941e+05 
1.60066283837776e-01 1.23311706240330e+05 
1.60382284704707e-01 1.25026324245163e+05 
1.60698809273602e-01 1.26987033897752e+05 
1.61015056395510e-01 1.28978999898285e+05 
1.61331851031806e-01 1.30719254009490e+05 
1.61648382077577e-01 1.32141911012898e+05 
1.61965063034410e-01 1.32965877165209e+05 
1.62281878381561e-01 1.33140229422029e+05 
1.62598061180395e-01 1.33088926900027e+05 
1.62913142228023e-01 1.32807436731050e+05 
1.63227025201399e-01 1.32211392246663e+05 
1.63539955394631e-01 1.31491567632789e+05 
1.63851785321350e-01 1.30721068464342e+05 
1.64162814385568e-01 1.29982093973949e+05 
1.64472861431902e-01 1.29260462554647e+05 
1.64782251364267e-01 1.28637715097924e+05 
1.65090790050583e-01 1.28050432682502e+05 
1.65398787807807e-01 1.27551730363129e+05 
1.65706028611265e-01 1.27084348017415e+05 
1.66012826767954e-01 1.26621026874506e+05 
1.66318955786067e-01 1.26187422467499e+05 
1.66624730602348e-01 1.25773337661545e+05 
1.66929889719999e-01 1.25369572213748e+05 
1.67234774786688e-01 1.24965293523979e+05 
1.67539117131306e-01 1.24552678018098e+05 
1.67843249424617e-01 1.24137816929917e+05 
1.68150143686651e-01 1.23673159594591e+05 
1.68456443695920e-01 1.23219004969528e+05 
1.68762817775711e-01 1.22741055076189e+05 
1.69068648203805e-01 1.22250873844332e+05 
1.69374571669124e-01 1.21750423035413e+05 
1.69679985671301e-01 1.21232270916712e+05 
1.69985484020411e-01 1.20719331071110e+05 
1.70290540127095e-01 1.20191049408704e+05 
1.70595760682335e-01 1.19675273614073e+05 
1.70900513436126e-01 1.19149816348138e+05 
1.71205568121734e-01 1.18639887258154e+05 
1.71510135616330e-01 1.18127150023755e+05 
1.71815110654806e-01 1.17620012244899e+05 
1.72119614158850e-01 1.17136094126776e+05 
1.72424517097423e-01 1.16645813597383e+05 
1.72728971931333e-01 1.16189238366687e+05 
1.73033860054249e-01 1.15721023372623e+05 
1.73338334060682e-01 1.15283005267361e+05 
1.73643297271917e-01 1.14830524911334e+05 
1.73947883541243e-01 1.14406734301733e+05 
1.74252953248616e-01 1.13967455687779e+05 
1.74557694494102e-01 1.13557011314174e+05 
1.74862919056742e-01 1.13131884671751e+05 
1.75167823819321e-01 1.12735915161272e+05 
1.75473246553489e-01 1.12326174597488e+05 
1.75778355969188e-01 1.11944063847009e+05 
1.76084005688052e-01 1.11550845929083e+05 
1.76389284324586e-01 1.11184728772804e+05 
1.76695158735606e-01 1.10808145574375e+05 
1.76999728904517e-01 1.10458633030864e+05 
1.77305159061687e-01 1.10098445389536e+05 
1.77610250013451e-01 1.09762538288502e+05 
1.77915735366196e-01 1.09417461386831e+05 
1.78221067589305e-01 1.09095290812199e+05 
1.78526128804170e-01 1.08765447272468e+05 
1.78831304990927e-01 1.08456665414663e+05 
1.79136825480051e-01 1.08140407146998e+05 
1.79442118571206e-01 1.07845605610341e+05 
1.79747976704200e-01 1.07542222936900e+05 
1.80053099682480e-01 1.07264791992566e+05 
1.80358785053489e-01 1.06971344913344e+05 
1.80663720648265e-01 1.06705029898906e+05 
1.80969094331056e-01 1.06421112165809e+05 
1.81273650788930e-01 1.06163203446081e+05 
1.81578321505262e-01 1.05891147124967e+05 
1.81882192040038e-01 1.05641026164281e+05 
1.82185833964026e-01 1.05384616125354e+05 
1.82488708755117e-01 1.05143620463992e+05 
1.82791248596064e-01 1.04903016987452e+05 
1.83093055450722e-01 1.04670715710056e+05 
1.83232452509912e-01 1.04569914264361e+05 
1.83371823672082e-01 1.04465875232678e+05 
1.83511255190914e-01 1.04365697044829e+05 
1.83650816366044e-01 1.04262131132510e+05 
1.83790598200770e-01 1.04162353675773e+05 
1.83930657678207e-01 1.04059083507834e+05 
1.84071089122256e-01 1.03959431069138e+05 
1.84211946508468e-01 1.03856288584163e+05 
1.84353328586638e-01 1.03751785448143e+05 
1.84495297049804e-01 1.03649007128314e+05 
1.84637959410712e-01 1.03543915113593e+05 
1.84781398613188e-01 1.03441302911021e+05 
1.84925739384518e-01 1.03335520471948e+05 
1.85071105402181e-01 1.03232817718689e+05 
1.85217653560768e-01 1.03125881176757e+05 
1.85365578945410e-01 1.03022703858193e+05 
1.85515096163806e-01 1.02913834810836e+05 
1.85666522707385e-01 1.02809307688779e+05 
1.85813112257814e-01 1.02702480030365e+05 
1.85964589099018e-01 1.02598625269420e+05 
1.86115911644585e-01 1.02487888448754e+05 
1.86274213303084e-01 1.02375884772709e+05 
1.86431452883863e-01 1.02261046728466e+05 
1.86594204111798e-01 1.02145359100016e+05 
1.86758587468817e-01 1.02025767186791e+05 
1.86898373651946e-01 1.01926912343772e+05 
1.87038100009434e-01 1.01825902762511e+05 
1.87177775894350e-01 1.01727439308185e+05 
1.87317378886381e-01 1.01626760202989e+05 
1.87456921665166e-01 1.01528688353010e+05 
1.87596393425802e-01 1.01428274859042e+05 
1.87735805909706e-01 1.01330515480780e+05 
1.87875157277482e-01 1.01230276312324e+05 
1.88014456645190e-01 1.01132732741876e+05 
1.88153708984144e-01 1.01032594811125e+05 
1.88292919900832e-01 1.00935168253594e+05 
1.88432099089902e-01 1.00835132720880e+05 
1.88571248565229e-01 1.00737793205879e+05 
1.88710379263314e-01 1.00637851846942e+05 
1.88849491592599e-01 1.00540662794145e+05 
1.88988591222359e-01 1.00440868900822e+05 
1.89127678296127e-01 1.00343797248585e+05 
1.89266756977332e-01 1.00244156648250e+05 
1.89405834711319e-01 1.00147225124231e+05 
1.89544935905602e-01 1.00047765330643e+05 
1.89684057097908e-01 9.99510458561240e+04 
1.89823260796990e-01 9.98518641466595e+04 
1.89962511920720e-01 9.97554163887931e+04 
1.90101859958056e-01 9.96565924684854e+04 
1.90241259724561e-01 9.95604942181900e+04 
1.90380724348700e-01 9.94621304756890e+04 
1.90520217325036e-01 9.93664894773529e+04 
1.90659754137152e-01 9.92686927926940e+04 
1.90799337974151e-01 9.91735213584951e+04 
1.90938983519004e-01 9.90762978997559e+04 
1.91078662681930e-01 9.89816454180310e+04 
1.91218379223343e-01 9.88850520568210e+04 
1.91358115685991e-01 9.87910028455930e+04 
1.91497890656350e-01 9.86947603522678e+04 
1.91637687838293e-01 9.86011163618644e+04 
1.91777554510623e-01 9.85052700423532e+04 
1.91917504466878e-01 9.84120224570067e+04 
1.92057577661766e-01 9.83165286553445e+04 
1.92197744768110e-01 9.82236782170181e+04 
1.92337968295951e-01 9.81286182321341e+04 
1.92478229472987e-01 9.80362969016014e+04 
1.92618496808511e-01 9.79418026136122e+04 
1.92758767788991e-01 9.78501317794800e+04 
1.92899024867463e-01 9.77563153793450e+04 
1.93039276096712e-01 9.76653995027729e+04 
1.93179519604835e-01 9.75723575475027e+04 
1.93319768199595e-01 9.74822714235770e+04 
1.93460030338797e-01 9.73900739531741e+04 
1.93600321316831e-01 9.73008699856332e+04 
1.93740654238797e-01 9.72095664923172e+04 
1.93881048338798e-01 9.71212729628044e+04 
1.94021515344911e-01 9.70308721112882e+04 
1.94162085336137e-01 9.69434551924330e+04 
1.94302759870662e-01 9.68539372896849e+04 
1.94443561128231e-01 9.67674215761134e+04 
1.94584457799620e-01 9.66789846475267e+04 
1.94725467559348e-01 9.65935082821346e+04 
1.94866547469953e-01 9.65061554313885e+04 
1.95007723357217e-01 9.64217073637974e+04 
1.95148943282284e-01 9.63354123201183e+04 
1.95290211649877e-01 9.62539194659172e+04 
1.95431474394488e-01 9.61683616986985e+04 
1.95572792852665e-01 9.60874257133572e+04 
1.95714120643241e-01 9.60025288942115e+04 
1.95855611927412e-01 9.59218807001610e+04 
1.95997539347702e-01 9.58372688293194e+04 
1.96140079937782e-01 9.57563834220963e+04 
1.96283345090691e-01 9.56715976007533e+04 
1.96427473193052e-01 9.55902384320029e+04 
1.96572552549270e-01 9.55049646857764e+04 
1.96718743659687e-01 9.54229441243676e+04 
1.96861208565415e-01 9.53399410971599e+04 
1.97003707298675e-01 9.52611312388384e+04 
1.97146241475816e-01 9.51788510761869e+04 
1.97288829058349e-01 9.51015768695937e+04 
1.97431470551392e-01 9.50199869731341e+04 
1.97574189727573e-01 9.49439836415428e+04 
1.97716979453357e-01 9.48630439441179e+04 
1.97859842641172e-01 9.47881293483612e+04 
1.98002754584103e-01 9.47077947380921e+04 
1.98159957721327e-01 9.46261886473402e+04 
1.98321013423816e-01 9.45362573976057e+04 
1.98483098684623e-01 9.44534428986081e+04 
1.98646218625211e-01 9.43631206735781e+04 
1.98789268807201e-01 9.42905521496933e+04 
1.98932374643690e-01 9.42120968766615e+04 
1.99075499528326e-01 9.41394516182118e+04 
1.99218651420641e-01 9.40615602123761e+04 
1.99361808519524e-01 9.39898152431054e+04 
1.99504966962709e-01 9.39125307930503e+04 
1.99648113364988e-01 9.38416972106664e+04 
1.99791240926496e-01 9.37649931280310e+04 
1.99934337191672e-01 9.36946577545342e+04 
2.00077402709526e-01 9.36186137522180e+04 
2.00220428307080e-01 9.35488235731234e+04 
