temps pression
0.00000000000000e+00 1.00000000000000e+05 
7.22956891292051e-05 1.00000000000000e+05 
1.36012593082693e-04 1.00000000000000e+05 
1.95841839271287e-04 1.00000000000000e+05 
2.48136352259026e-04 1.00000000000000e+05 
2.92259872457627e-04 1.00000000000000e+05 
3.32398725148260e-04 1.00000000000000e+05 
3.68237896383045e-04 1.00000000000000e+05 
4.01423720147164e-04 1.00000000000000e+05 
4.31856752968882e-04 1.00000000000000e+05 
4.60878230235362e-04 1.00000000000000e+05 
4.92801855228489e-04 1.00000000000000e+05 
5.27917842720929e-04 1.00000000000000e+05 
5.66545428962614e-04 1.00000000000000e+05 
6.09035773828466e-04 1.00000000000000e+05 
6.55775153180904e-04 1.00000000000000e+05 
7.02245801922679e-04 1.00000000000000e+05 
7.47453228713551e-04 1.00000000000000e+05 
7.97181398183511e-04 1.00000000000000e+05 
8.51882384600467e-04 1.00000000000000e+05 
9.12053469659118e-04 1.00000000000000e+05 
9.75627706681509e-04 1.00000000000000e+05 
1.03822613120209e-03 1.00000000000000e+05 
1.10708439817474e-03 1.00000000000000e+05 
1.18282849184465e-03 1.00000000000000e+05 
1.26554362544697e-03 1.00000000000000e+05 
1.34968947841744e-03 1.00000000000000e+05 
1.43419468651438e-03 1.00000000000000e+05 
1.52715041542101e-03 1.00000000000000e+05 
1.62940171721831e-03 1.00000000000000e+05 
1.73615282719917e-03 1.00000000000000e+05 
1.85066408221698e-03 1.00000000000000e+05 
1.96736741068864e-03 1.00000000000000e+05 
2.09371177051730e-03 1.00000000000000e+05 
2.22555796896127e-03 1.00000000000000e+05 
2.36158665410768e-03 1.00000000000000e+05 
2.50294618394378e-03 1.00000000000000e+05 
2.64911952972065e-03 1.00000000000000e+05 
2.80087190062570e-03 1.00000000000000e+05 
2.95715929334832e-03 1.00000000000000e+05 
3.11891798520157e-03 1.00000000000000e+05 
3.28533464409292e-03 1.00000000000000e+05 
3.45690538490746e-03 1.00000000000000e+05 
3.63411766730768e-03 1.00000000000000e+05 
3.81664046963863e-03 1.00000000000000e+05 
3.99772633692047e-03 1.00000000000000e+05 
4.16957139912799e-03 1.00000000000000e+05 
4.33872302067797e-03 1.00000000000000e+05 
4.50454012425696e-03 1.00000000000000e+05 
4.66944629641042e-03 1.00000000000000e+05 
4.83182665610111e-03 1.00000000000000e+05 
4.99432591173701e-03 1.00000000000000e+05 
5.15710805328286e-03 1.00000000000000e+05 
5.32209812138804e-03 1.00000000000000e+05 
5.48925180561211e-03 1.00000000000000e+05 
5.65651550846694e-03 1.00000000000000e+05 
5.82218512066476e-03 1.00000000000000e+05 
5.99225346462515e-03 1.00000000000000e+05 
6.16426366806627e-03 1.00000000000000e+05 
6.33902948756284e-03 1.00000000000000e+05 
6.51425904097167e-03 1.00000000000000e+05 
6.69321461735499e-03 1.00000000000000e+05 
6.87480125102346e-03 1.00000000000000e+05 
7.05567278622379e-03 1.00000000000000e+05 
7.23621719517049e-03 1.00000000000000e+05 
7.41679076938564e-03 1.00000000000000e+05 
7.59640636135086e-03 1.00000000000000e+05 
7.77428862695916e-03 1.00000000000000e+05 
7.95027629159386e-03 1.00000000000000e+05 
8.12229020173984e-03 1.00000000000000e+05 
8.29105014613837e-03 1.00000000000000e+05 
8.45873733587749e-03 1.00000000000000e+05 
8.62612921985258e-03 1.00000000000000e+05 
8.79302946644548e-03 1.00000000000000e+05 
8.95755061535239e-03 1.00000000000000e+05 
9.12177154411085e-03 1.00000000000000e+05 
9.28599971006096e-03 1.00000000000000e+05 
9.45196879610311e-03 1.00000000000000e+05 
9.62020820614374e-03 1.00000000000000e+05 
9.79140686347658e-03 1.00000000000000e+05 
9.96452391840060e-03 1.00000000000000e+05 
1.01393197803705e-02 1.00000000000000e+05 
1.03170267261796e-02 1.00000000000000e+05 
1.04991381447478e-02 1.00000000000000e+05 
1.06865098309648e-02 1.00000000000000e+05 
1.08796912885102e-02 1.00000000000000e+05 
1.10788981218863e-02 1.00000000000000e+05 
1.12844218789541e-02 1.00000000000000e+05 
1.14934057052774e-02 1.00000000000000e+05 
1.17059396490011e-02 1.00000000000000e+05 
1.19202287202762e-02 1.00000000000000e+05 
1.21365760056720e-02 1.00000000000000e+05 
1.23529310830403e-02 1.00000000000000e+05 
1.25708907876405e-02 1.00000000000000e+05 
1.27903906951085e-02 1.00000000000000e+05 
1.30113848413667e-02 1.00000000000000e+05 
1.32339799333367e-02 1.00000000000000e+05 
1.34592684676424e-02 1.00000000000000e+05 
1.36877030226875e-02 1.00000000000000e+05 
1.39195398776115e-02 1.00000000000000e+05 
1.41532128355968e-02 1.00000000000000e+05 
1.43896140885971e-02 1.00000000000000e+05 
1.46270431378769e-02 1.00000000000000e+05 
1.48654249686806e-02 1.00000000000000e+05 
1.51050898310435e-02 1.00000000000000e+05 
1.53459557696447e-02 1.00000000000000e+05 
1.55884089035441e-02 1.00000000000000e+05 
1.58322437008555e-02 1.00000000000000e+05 
1.60768484821706e-02 1.00000000000000e+05 
1.63230269287107e-02 1.00000000000000e+05 
1.65702600420489e-02 1.00000000000000e+05 
1.68191015675724e-02 1.00000000000000e+05 
1.70686179028594e-02 1.00000000000000e+05 
1.73187183504900e-02 1.00000000000000e+05 
1.75692263407468e-02 1.00000000000000e+05 
1.78207193084710e-02 1.00000000000000e+05 
1.80750127631953e-02 1.00000000000000e+05 
1.83301693886289e-02 1.00000000000000e+05 
1.85859295842959e-02 1.00000000000000e+05 
1.88423365824221e-02 1.00000000000000e+05 
1.90992516411381e-02 1.00000000000000e+05 
1.93568072373516e-02 1.00000000000000e+05 
1.96149063758911e-02 1.00000000000000e+05 
1.98736856685087e-02 1.00000000000000e+05 
2.01331201525395e-02 1.00000000000000e+05 
2.03932991827046e-02 1.00000000000000e+05 
2.06543126280980e-02 1.00000000000000e+05 
2.09161660090818e-02 1.00000000000000e+05 
2.11790732188701e-02 1.00000000000000e+05 
2.14429235335059e-02 1.00000000000000e+05 
2.17080628360766e-02 1.00000000000000e+05 
2.19732346598012e-02 1.00000000000000e+05 
2.22398219662359e-02 1.00000000000000e+05 
2.25074945766425e-02 1.00000000000000e+05 
2.27763140152840e-02 1.00000000000000e+05 
2.30461406774181e-02 1.00000000000000e+05 
2.33169985102731e-02 1.00000000000000e+05 
2.35888876044991e-02 1.00000000000000e+05 
2.38619083121562e-02 1.00000000000000e+05 
2.41359275781637e-02 1.00000000000000e+05 
2.44111114514508e-02 1.00000000000000e+05 
2.46872219314497e-02 1.00000000000000e+05 
2.49645118125551e-02 1.00000000000000e+05 
2.52426802546080e-02 1.00000000000000e+05 
2.55220718354046e-02 1.00000000000000e+05 
2.58023748970262e-02 1.00000000000000e+05 
2.60830390102736e-02 1.00000000000000e+05 
2.63646906778144e-02 1.00000000000000e+05 
2.66476337519398e-02 1.00000000000000e+05 
2.69315288674280e-02 1.00000000000000e+05 
2.72163745832066e-02 1.00000000000000e+05 
2.75020463489003e-02 1.00000000000000e+05 
2.77886634985523e-02 1.00000000000000e+05 
2.80761396361358e-02 1.00000000000000e+05 
2.83646386234547e-02 1.00000000000000e+05 
2.86539828021842e-02 1.00000000000000e+05 
2.89443869892804e-02 1.00000000000000e+05 
2.92356151105813e-02 1.00000000000000e+05 
2.95280076899174e-02 1.00000000000000e+05 
2.98211835179990e-02 1.00000000000000e+05 
3.01157266778607e-02 1.00000000000000e+05 
3.04102998776171e-02 1.00000000000000e+05 
3.07060086243899e-02 1.00000000000000e+05 
3.10016883191803e-02 1.00000000000000e+05 
3.12976129690921e-02 1.00000000000000e+05 
3.15930020143158e-02 1.00000000000000e+05 
3.18889792957688e-02 1.00000000000000e+05 
3.21838408141185e-02 1.00000000000000e+05 
3.24795001962310e-02 1.00000000000000e+05 
3.27735361862549e-02 1.00000000000000e+05 
3.30644934916685e-02 1.00000000000000e+05 
3.33450049037645e-02 1.00000000000000e+05 
3.36229170065356e-02 1.00000000000000e+05 
3.38972876521993e-02 1.00000000000000e+05 
3.41705117537694e-02 1.00000000000000e+05 
3.44407998975160e-02 1.00000000000000e+05 
3.47117680329893e-02 1.00000000000000e+05 
3.49799989471607e-02 1.00000000000000e+05 
3.52462747399565e-02 1.00000000000000e+05 
3.55108969925006e-02 1.00000000000000e+05 
3.57750157293157e-02 1.00000000000000e+05 
3.60380515015705e-02 1.00000000000000e+05 
3.63009739744853e-02 1.00000000000000e+05 
3.65633063478563e-02 1.00000000000000e+05 
3.68263683095552e-02 1.00000000000000e+05 
3.70892725819573e-02 1.00000000000000e+05 
3.73516610554288e-02 1.00000000000000e+05 
3.76128255041234e-02 1.00000000000000e+05 
3.78742505999374e-02 1.00000000000000e+05 
3.81356442914861e-02 1.00000000000000e+05 
3.83979356014508e-02 1.00000000000000e+05 
3.86603068461574e-02 1.00000000000000e+05 
3.89239352038023e-02 1.00000000000000e+05 
3.91862820023526e-02 1.00000000000000e+05 
3.94487423272750e-02 1.00000000000000e+05 
3.97119486713853e-02 1.00000000000000e+05 
3.99766605481405e-02 1.00000000000000e+05 
4.02409640564117e-02 1.00000000000000e+05 
4.05074093485349e-02 1.00000000000000e+05 
4.07720910590586e-02 1.00000000000000e+05 
4.10386007791868e-02 1.00000000000000e+05 
4.13034801806810e-02 1.00000000000000e+05 
4.15698190484275e-02 1.00000000000000e+05 
4.18352039922740e-02 1.00000000000000e+05 
4.21017927097591e-02 1.00000000000000e+05 
4.23679208132737e-02 1.00000000000000e+05 
4.26350317442701e-02 1.00000000000000e+05 
4.29012149838813e-02 1.00000000000000e+05 
4.31683796808448e-02 1.00000000000000e+05 
4.34348704858809e-02 1.00000000000000e+05 
4.37026785534877e-02 1.00000000000000e+05 
4.39697165514790e-02 1.00000000000000e+05 
4.42381912780370e-02 1.00000000000000e+05 
4.45061577567801e-02 1.00000000000000e+05 
4.47757123089664e-02 1.00000000000000e+05 
4.50449809979605e-02 1.00000000000000e+05 
4.53159457257469e-02 1.00000000000000e+05 
4.55865033655267e-02 1.00000000000000e+05 
4.58584607739307e-02 1.00000000000000e+05 
4.61302162456396e-02 1.00000000000000e+05 
4.64032967600379e-02 1.00000000000000e+05 
4.66766462353546e-02 1.00000000000000e+05 
4.69508222426346e-02 1.00000000000000e+05 
4.72257944139140e-02 1.00000000000000e+05 
4.75012492824075e-02 1.00000000000000e+05 
4.77774870924105e-02 1.00000000000000e+05 
4.80541235021233e-02 1.00000000000000e+05 
4.83308974105479e-02 1.00000000000000e+05 
4.86075013673071e-02 1.00000000000000e+05 
4.88841054674248e-02 1.00000000000000e+05 
4.91601462814659e-02 1.00000000000000e+05 
4.94365340481557e-02 1.00000000000000e+05 
4.97112734450426e-02 1.00000000000000e+05 
4.99875745165194e-02 1.00000000000000e+05 
5.02611586605945e-02 1.00000000000000e+05 
5.05377882491271e-02 1.00000000000000e+05 
5.08125514753521e-02 1.00000000000000e+05 
5.10901083372577e-02 1.00000000000000e+05 
5.13668061613210e-02 1.00000000000000e+05 
5.16456873614357e-02 1.00000000000000e+05 
5.19227989093020e-02 1.00000000000000e+05 
5.22027140649234e-02 1.00000000000000e+05 
5.24821944083194e-02 1.00000000000000e+05 
5.27633706415150e-02 1.00000000000000e+05 
5.30448034479083e-02 1.00000000000000e+05 
5.33278558958957e-02 1.00000000000000e+05 
5.36115871925239e-02 1.00000000000000e+05 
5.38967881433778e-02 1.00000000000000e+05 
5.41822675210821e-02 1.00000000000000e+05 
5.44690922112829e-02 1.00000000000000e+05 
5.47565410467920e-02 1.00000000000000e+05 
5.50448768716225e-02 1.00000000000000e+05 
5.53337756522745e-02 1.00000000000000e+05 
5.56234911460347e-02 1.00000000000000e+05 
5.59136831382577e-02 1.00000000000000e+05 
5.62046045195495e-02 1.00000000000000e+05 
5.64959433020159e-02 1.00000000000000e+05 
5.67879792697114e-02 1.00000000000000e+05 
5.70803791468397e-02 1.00000000000000e+05 
5.73734189038435e-02 1.00000000000000e+05 
5.76667440801133e-02 1.00000000000000e+05 
5.79606416024035e-02 1.00000000000000e+05 
5.82547417067326e-02 1.00000000000000e+05 
5.85493419274628e-02 1.00000000000000e+05 
5.88440561814942e-02 1.00000000000000e+05 
5.91392074146646e-02 1.00000000000000e+05 
5.94342793479966e-02 1.00000000000000e+05 
5.97298351138016e-02 1.00000000000000e+05 
6.00251993144423e-02 1.00000000000000e+05 
6.03210022192294e-02 1.00000000000000e+05 
6.06165392197943e-02 1.00000000000000e+05 
6.09124135556561e-02 1.00000000000000e+05 
6.12076971266617e-02 1.00000000000000e+05 
6.15033925067573e-02 1.00000000000000e+05 
6.17984601133030e-02 1.00000000000000e+05 
6.20942900835576e-02 1.00000000000000e+05 
6.23899087530125e-02 1.00000000000000e+05 
6.26861834949925e-02 1.00000000000000e+05 
6.29823844238690e-02 1.00000000000000e+05 
6.32790172136283e-02 1.00000000000000e+05 
6.35761487766255e-02 1.00000000000000e+05 
6.38733534088466e-02 1.00000000000000e+05 
6.41714014190642e-02 1.00000000000000e+05 
6.44700073075841e-02 1.00000000000000e+05 
6.47696256725061e-02 1.00000000000000e+05 
6.50698846138478e-02 1.00000000000000e+05 
6.53710726013390e-02 1.00000000000000e+05 
6.56730466196260e-02 1.00000000000000e+05 
6.59758790272125e-02 1.00000000000000e+05 
6.62796083449335e-02 1.00000000000000e+05 
6.65841465192501e-02 1.00000000000000e+05 
6.68895620523256e-02 1.00000000000000e+05 
6.71959341977153e-02 1.00000000000000e+05 
6.75028953478045e-02 1.00000000000000e+05 
6.78107558875024e-02 1.00000000000000e+05 
6.81191754738369e-02 1.00000000000000e+05 
6.84283435806288e-02 1.00000000000000e+05 
6.87380139850066e-02 1.00000000000000e+05 
6.90482765124690e-02 1.00000000000000e+05 
6.93589851086385e-02 1.00000000000000e+05 
6.96701808417171e-02 1.00000000000000e+05 
6.99817204777445e-02 1.00000000000000e+05 
7.02936227332336e-02 1.00000000000000e+05 
7.06057417115123e-02 1.00000000000000e+05 
7.09180424136510e-02 1.00000000000000e+05 
7.12306357465297e-02 1.00000000000000e+05 
7.15433060598023e-02 1.00000000000000e+05 
7.18563541551170e-02 1.00000000000000e+05 
7.21694945563295e-02 1.00000000000000e+05 
7.24830628818953e-02 1.00000000000000e+05 
7.27969523124222e-02 1.00000000000000e+05 
7.31111459801951e-02 1.00000000000000e+05 
7.34259206325750e-02 1.00000000000000e+05 
7.37409934995296e-02 1.00000000000000e+05 
7.40568138343057e-02 1.00000000000000e+05 
7.43728518535306e-02 1.00000000000000e+05 
7.46898321056880e-02 1.00000000000000e+05 
7.50070548665318e-02 1.00000000000000e+05 
7.53253091923848e-02 1.00000000000000e+05 
7.56436385666071e-02 1.00000000000000e+05 
7.59616653775967e-02 1.00000000000000e+05 
7.62797302346394e-02 1.00000000000000e+05 
7.65975052476806e-02 1.00000000000000e+05 
7.69152697202438e-02 1.00000000000000e+05 
7.72327915895816e-02 1.00000000000000e+05 
7.75502379975461e-02 1.00000000000000e+05 
7.78674949219950e-02 1.00000000000000e+05 
7.81846130270669e-02 1.00000000000000e+05 
7.85016199363926e-02 1.00000000000000e+05 
7.88184185878050e-02 1.00000000000000e+05 
7.91352145064234e-02 1.00000000000000e+05 
7.94517779084216e-02 1.00000000000000e+05 
7.97683192851124e-02 1.00000000000000e+05 
8.00846856714240e-02 1.00000000000000e+05 
8.04009598049253e-02 1.00000000000000e+05 
8.07170581488875e-02 1.00000000000000e+05 
8.10330602621300e-02 1.00000000000000e+05 
8.13489476125897e-02 1.00000000000000e+05 
8.16646565199489e-02 1.00000000000000e+05 
8.19802607496007e-02 1.00000000000000e+05 
8.22956137897163e-02 1.00000000000000e+05 
8.26108698208945e-02 1.00000000000000e+05 
8.29258759893936e-02 1.00000000000000e+05 
8.32404912700146e-02 1.00000000000000e+05 
8.35549850053414e-02 1.00000000000000e+05 
8.38690875058974e-02 1.00000000000000e+05 
8.41831225745204e-02 1.00000000000000e+05 
8.44967427086125e-02 1.00000000000000e+05 
8.48104597995120e-02 1.00000000000000e+05 
8.51238375200904e-02 1.00000000000000e+05 
8.54375048219784e-02 1.00000000000000e+05 
8.57510639248196e-02 1.00000000000000e+05 
8.60651414895254e-02 1.00000000000000e+05 
8.63791914168333e-02 1.00000000000000e+05 
8.66935675355409e-02 1.00000000000000e+05 
8.70076174453189e-02 1.00000000000000e+05 
8.73203165560701e-02 1.00694485088951e+05 
8.76329113595000e-02 1.04581033364481e+05 
8.79446462928447e-02 1.13508919466409e+05 
8.82570398588554e-02 1.28011531400456e+05 
8.85692327637608e-02 1.45012098293527e+05 
8.88811817927520e-02 1.62634820271196e+05 
8.91932038953814e-02 1.75727961574327e+05 
8.95048640179176e-02 1.82884106875234e+05 
8.98170726890477e-02 1.84070163028580e+05 
9.01293466811143e-02 1.83497447814276e+05 
9.04424623501384e-02 1.82431931705673e+05 
9.07556765525586e-02 1.80714018531593e+05 
9.10687110093870e-02 1.78370939220559e+05 
9.13805892992321e-02 1.75815705301673e+05 
9.16918561008047e-02 1.73179973738926e+05 
9.20017154974003e-02 1.70590213139651e+05 
9.23109574316210e-02 1.68138918703998e+05 
9.26207365735323e-02 1.65883605874682e+05 
9.29294335790048e-02 1.63825612645391e+05 
9.32377998426541e-02 1.61918037222151e+05 
9.35450572879132e-02 1.60126474274184e+05 
9.38518904433259e-02 1.58411207166132e+05 
9.41581932876392e-02 1.56755957451723e+05 
9.44638017573876e-02 1.55141884959072e+05 
9.47687210678758e-02 1.53554714484902e+05 
9.50731731864519e-02 1.51985210871401e+05 
9.53770316367998e-02 1.50434733712117e+05 
9.56806002692547e-02 1.48906267440889e+05 
9.59822554768518e-02 1.47412239411441e+05 
9.62820763570489e-02 1.45957322535922e+05 
9.65803434723195e-02 1.44543814231241e+05 
9.68775877063530e-02 1.43174380208584e+05 
9.71736528358788e-02 1.41851556821453e+05 
9.74695662011925e-02 1.40573098958300e+05 
9.77679339324379e-02 1.39327445730812e+05 
9.80655045602883e-02 1.38128325410984e+05 
9.83627612052535e-02 1.36970798000215e+05 
9.86600073080574e-02 1.35851620909054e+05 
9.89570852677998e-02 1.34767775743107e+05 
9.92548220940081e-02 1.33713857934024e+05 
9.95525032696193e-02 1.32689180421699e+05 
9.98510632111349e-02 1.31688666042316e+05 
1.00148548265975e-01 1.30716262610907e+05 
1.00444956915175e-01 1.29770510924301e+05 
1.00740118297186e-01 1.28849917062863e+05 
1.01034638091981e-01 1.27951893592829e+05 
1.01328250048838e-01 1.27075957181107e+05 
1.01621700769062e-01 1.26219486875651e+05 
1.01914547012756e-01 1.25382647142262e+05 
1.02207630700948e-01 1.24563390406517e+05 
1.02500319168943e-01 1.23762728253402e+05 
1.02793524003980e-01 1.22978275062300e+05 
1.03086489382515e-01 1.22212503212259e+05 
1.03379510024520e-01 1.21465224381367e+05 
1.03672406537777e-01 1.20735872498712e+05 
1.03965299588265e-01 1.20027717852709e+05 
1.04258250382593e-01 1.19340345170364e+05 
1.04551375120974e-01 1.18670161718495e+05 
1.04844718453472e-01 1.18027905551539e+05 
1.05138234393399e-01 1.17408999375263e+05 
1.05431980980389e-01 1.16814100054346e+05 
1.05725908052622e-01 1.16242643209912e+05 
1.06020043443503e-01 1.15683447157183e+05 
1.06314338843272e-01 1.15144923431377e+05 
1.06608789039848e-01 1.14637496281711e+05 
1.06903659239811e-01 1.14168574986483e+05 
1.07198947402316e-01 1.13745332589989e+05 
1.07495307881940e-01 1.13364810992746e+05 
1.07792161192395e-01 1.13019181605039e+05 
1.08089014375396e-01 1.12705447127311e+05 
1.08384497527139e-01 1.12419903085901e+05 
1.08678948617172e-01 1.12156392065081e+05 
1.08972360905472e-01 1.11909504379710e+05 
1.09266103282481e-01 1.11673547409426e+05 
1.09559478858158e-01 1.11443954501873e+05 
1.09852060533738e-01 1.11216735301790e+05 
1.10144224351891e-01 1.10987336662867e+05 
1.10438912083541e-01 1.10750753390757e+05 
1.10733962299365e-01 1.10506069103466e+05 
1.11029137489466e-01 1.10252032524782e+05 
1.11324433666896e-01 1.09987567019075e+05 
1.11619597882024e-01 1.09713247308909e+05 
1.11914850910338e-01 1.09429356142754e+05 
1.12209984008740e-01 1.09138446061628e+05 
1.12505176333395e-01 1.08843020658953e+05 
1.12800116660032e-01 1.08547239948066e+05 
1.13094945275137e-01 1.08254373891099e+05 
1.13389518018534e-01 1.07969280961325e+05 
1.13684057379323e-01 1.07696358627608e+05 
1.13980440429478e-01 1.07439196343289e+05 
1.14277096229958e-01 1.07203737063769e+05 
1.14574007220713e-01 1.06994423067830e+05 
1.14871265356881e-01 1.06814421008317e+05 
1.15168805069174e-01 1.06666447839934e+05 
1.15466773472465e-01 1.06551575132053e+05 
1.15765059344662e-01 1.06469876941287e+05 
1.16063800632793e-01 1.06419735587911e+05 
1.16362949318430e-01 1.06398215795133e+05 
1.16662507110905e-01 1.06400980147283e+05 
1.16962427314282e-01 1.06422466840814e+05 
1.17262708632101e-01 1.06456294311922e+05 
1.17564276475729e-01 1.06495605053848e+05 
1.17866735347920e-01 1.06533387849670e+05 
1.18169595483494e-01 1.06562561815536e+05 
1.18473064968048e-01 1.06577127203407e+05 
1.18776961988673e-01 1.06571659121254e+05 
1.19081636106441e-01 1.06542704070918e+05 
1.19386611097581e-01 1.06485537993799e+05 
1.19692334320110e-01 1.06399050045133e+05 
1.19998448046221e-01 1.06275297847347e+05 
1.20305200664043e-01 1.06127804598054e+05 
1.20612279030344e-01 1.05925797313414e+05 
1.20920154239534e-01 1.05684977210389e+05 
1.21228175825648e-01 1.05394970467997e+05 
1.21537076858044e-01 1.05107279024109e+05 
1.21846173070731e-01 1.04817062284281e+05 
1.22156156665899e-01 1.04517945460253e+05 
1.22466530514540e-01 1.04203927833209e+05 
1.22777696331053e-01 1.03876171205053e+05 
1.23089406085183e-01 1.03537272111198e+05 
1.23401942057818e-01 1.03186032844315e+05 
1.23714872474746e-01 1.02823304285780e+05 
1.24028816127939e-01 1.02448863929940e+05 
1.24343102966198e-01 1.02063678713337e+05 
1.24658433618833e-01 1.01666567712209e+05 
1.24974152443627e-01 1.01258187548255e+05 
1.25290897396380e-01 1.00837857225275e+05 
1.25608083099061e-01 1.00407339047078e+05 
1.25926124550665e-01 9.99673623423620e+04 
1.26244711991072e-01 9.95198297153172e+04 
1.26564074437578e-01 9.90670729670954e+04 
1.26883963200935e-01 9.86137839013153e+04 
1.27204626544865e-01 9.81646318535569e+04 
1.27525878613553e-01 9.77245099271270e+04 
1.27847873081679e-01 9.72998973839843e+04 
1.28170508375356e-01 9.69044103863968e+04 
1.28493761346645e-01 9.65516755231645e+04 
1.28817299299049e-01 9.62258312522010e+04 
1.29140848361413e-01 9.59737667237515e+04 
1.29464672949484e-01 9.57918559283399e+04 
1.29788084279335e-01 9.56361460295492e+04 
1.30111835873786e-01 9.55436154009122e+04 
1.30434932308173e-01 9.55258442407882e+04 
1.30758104629532e-01 9.55619260690420e+04 
1.31080649975618e-01 9.56351475579032e+04 
1.31403345829412e-01 9.57321236693619e+04 
1.31726367985981e-01 9.58227172312190e+04 
1.32049416454320e-01 9.58864457733328e+04 
1.32372110922978e-01 9.59020940605176e+04 
1.32694872938154e-01 9.58484558058060e+04 
1.33017301446755e-01 9.57762961517080e+04 
1.33340008732361e-01 9.56882995116608e+04 
1.33663366786405e-01 9.55568940664054e+04 
1.33986911296164e-01 9.53502347593967e+04 
1.34310132758333e-01 9.50832437460284e+04 
1.34633536318974e-01 9.47689479987020e+04 
1.34956525429502e-01 9.44170887183252e+04 
1.35279605226871e-01 9.40427760114268e+04 
1.35602207450292e-01 9.36563655558412e+04 
1.35924903818617e-01 9.32654948699819e+04 
1.36247119480416e-01 9.28792367934608e+04 
1.36569826478435e-01 9.24997802452932e+04 
1.36892193556864e-01 9.21320013564570e+04 
1.37214613957329e-01 9.17768568662050e+04 
1.37536648475904e-01 9.14355552705484e+04 
1.37858669538248e-01 9.11070386401810e+04 
1.38180357295307e-01 9.07910263338747e+04 
1.38502329841300e-01 9.04855179209327e+04 
1.38823825933506e-01 9.01902209807970e+04 
1.39145165812902e-01 8.99035422653517e+04 
1.39467062396898e-01 8.96230968106515e+04 
1.39788357898671e-01 8.93495323392989e+04 
1.40109339311266e-01 8.90811485149543e+04 
1.40430698559025e-01 8.88165214242000e+04 
1.40751770630659e-01 8.85561153266735e+04 
1.41072680303471e-01 8.82988888066586e+04 
1.41393333697892e-01 8.80454870225969e+04 
1.41714187392983e-01 8.77939973791621e+04 
1.42034642254646e-01 8.75474815877568e+04 
1.42354994551230e-01 8.73060072233232e+04 
1.42674924671804e-01 8.70688069257781e+04 
1.42994692524821e-01 8.68384534579425e+04 
1.43314021282708e-01 8.66122314355944e+04 
1.43633185040988e-01 8.63896830199758e+04 
1.43951959501893e-01 8.61726231793397e+04 
1.44270639449021e-01 8.59613435852239e+04 
1.44588991877612e-01 8.57580266970999e+04 
1.44907287836118e-01 8.55612492345120e+04 
1.45225664713768e-01 8.53728510040386e+04 
1.45543734212568e-01 8.51927851984742e+04 
1.45861638293776e-01 8.50206131002814e+04 
1.46179299655504e-01 8.48577759752839e+04 
1.46496734837498e-01 8.47021660817962e+04 
1.46813997207774e-01 8.45538318799845e+04 
1.47130965471739e-01 8.44124792879308e+04 
1.47447735989794e-01 8.42782845431223e+04 
1.47764174048887e-01 8.41510813076522e+04 
1.48080442883166e-01 8.40307773847534e+04 
1.48396377686962e-01 8.39173508892607e+04 
1.48712246071629e-01 8.38104077237725e+04 
1.49028359322555e-01 8.37098744006542e+04 
1.49344336606994e-01 8.36152798788267e+04 
1.49660152893893e-01 8.35267008502861e+04 
1.49975772275501e-01 8.34435750461840e+04 
1.50291344609742e-01 8.33657685371870e+04 
1.50606762583276e-01 8.32927037315202e+04 
1.50922114899490e-01 8.32240404714837e+04 
1.51237381135801e-01 8.31591515410133e+04 
1.51552465178352e-01 8.30975179723877e+04 
1.51867479930517e-01 8.30385178833203e+04 
1.52182275298383e-01 8.29815629137000e+04 
1.52497042527158e-01 8.29260114648807e+04 
1.52811589247659e-01 8.28713832551909e+04 
1.53126214364456e-01 8.28171020713698e+04 
1.53440595940596e-01 8.27628775024703e+04 
1.53755613373773e-01 8.27082330247886e+04 
1.54070443913988e-01 8.26532453576080e+04 
1.54385541284899e-01 8.25977606756358e+04 
1.54700475071220e-01 8.25422023674643e+04 
1.55015718077183e-01 8.24867671011202e+04 
1.55330823917804e-01 8.24324169934143e+04 
1.55646308029288e-01 8.23795368797114e+04 
1.55961609495540e-01 8.23291436530526e+04 
1.56277282056021e-01 8.22828855903466e+04 
1.56592750876548e-01 8.22417522182544e+04 
1.56908376031731e-01 8.22077378237305e+04 
1.57223945460866e-01 8.21831963547794e+04 
1.57539663368536e-01 8.21693200214001e+04 
1.57855224525275e-01 8.21696802105256e+04 
1.58170957200456e-01 8.21774948991528e+04 
1.58486550174511e-01 8.22107342484264e+04 
1.58802415227630e-01 8.22617696154961e+04 
1.59118094760483e-01 8.23320648868451e+04 
1.59434178181257e-01 8.24133129439331e+04 
1.59750001984367e-01 8.24942871563047e+04 
1.60066283837776e-01 8.25802222594287e+04 
1.60382284704707e-01 8.26933029504266e+04 
1.60698809273602e-01 8.28452822537462e+04 
1.61015056395510e-01 8.30514499606203e+04 
1.61331851031806e-01 8.33142468821653e+04 
1.61648382077577e-01 8.36250067036640e+04 
1.61965063034410e-01 8.39795761433158e+04 
1.62281878381561e-01 8.43694319861692e+04 
1.62598061180395e-01 8.47824021681421e+04 
1.62913142228023e-01 8.52015244610612e+04 
1.63227025201399e-01 8.56090791069180e+04 
1.63539955394631e-01 8.59798088903389e+04 
1.63851785321350e-01 8.62894931220508e+04 
1.64162814385568e-01 8.65369613473426e+04 
1.64472861431902e-01 8.67216782506791e+04 
1.64782251364267e-01 8.68759199623083e+04 
1.65090790050583e-01 8.70632845134984e+04 
1.65398787807807e-01 8.73795345772213e+04 
1.65706028611265e-01 8.79525780171853e+04 
1.66012826767954e-01 8.89159340587791e+04 
1.66318955786067e-01 9.04570990667721e+04 
1.66624730602348e-01 9.27151367680207e+04 
1.66929889719999e-01 9.56769146352797e+04 
1.67234774786688e-01 9.93621484429515e+04 
1.67539117131306e-01 1.03545473463722e+05 
1.67843249424617e-01 1.07940765271605e+05 
1.68150143686651e-01 1.12095601282989e+05 
1.68456443695920e-01 1.15827727355531e+05 
1.68762817775711e-01 1.18297540255644e+05 
1.69068648203805e-01 1.19660428075364e+05 
1.69374571669124e-01 1.20062533334698e+05 
1.69679985671301e-01 1.20110629415611e+05 
1.69985484020411e-01 1.19946469274700e+05 
1.70290540127095e-01 1.19665833710561e+05 
1.70595760682335e-01 1.19232021382675e+05 
1.70900513436126e-01 1.18681711367413e+05 
1.71205568121734e-01 1.18024427053301e+05 
1.71510135616330e-01 1.17306625335949e+05 
1.71815110654806e-01 1.16552778878308e+05 
1.72119614158850e-01 1.15777496363819e+05 
1.72424517097423e-01 1.14996195297213e+05 
1.72728971931333e-01 1.14236062943385e+05 
1.73033860054249e-01 1.13490492044364e+05 
1.73338334060682e-01 1.12770317460339e+05 
1.73643297271917e-01 1.12075872598135e+05 
1.73947883541243e-01 1.11410567756859e+05 
1.74252953248616e-01 1.10771118299973e+05 
1.74557694494102e-01 1.10158075937347e+05 
1.74862919056742e-01 1.09566646129177e+05 
1.75167823819321e-01 1.08995283829400e+05 
1.75473246553489e-01 1.08440190387753e+05 
1.75778355969188e-01 1.07901946695729e+05 
1.76084005688052e-01 1.07377289447889e+05 
1.76389284324586e-01 1.06867080566364e+05 
1.76695158735606e-01 1.06369117630962e+05 
1.76999728904517e-01 1.05886358254290e+05 
1.77305159061687e-01 1.05415038288645e+05 
1.77610250013451e-01 1.04957383301243e+05 
1.77915735366196e-01 1.04512237452517e+05 
1.78221067589305e-01 1.04080737127687e+05 
1.78526128804170e-01 1.03663258444517e+05 
1.78831304990927e-01 1.03259548765713e+05 
1.79136825480051e-01 1.02869883824336e+05 
1.79442118571206e-01 1.02494696579781e+05 
1.79747976704200e-01 1.02133532523807e+05 
1.80053099682480e-01 1.01788183036257e+05 
1.80358785053489e-01 1.01456931322379e+05 
1.80663720648265e-01 1.01141671079808e+05 
1.80969094331056e-01 1.00840794200982e+05 
1.81273650788930e-01 1.00555799601438e+05 
1.81578321505262e-01 1.00285363608349e+05 
1.81882192040038e-01 1.00030061800684e+05 
1.82185833964026e-01 9.97888242606493e+04 
1.82488708755117e-01 9.95616111894613e+04 
1.82791248596064e-01 9.93472758541372e+04 
1.83093055450722e-01 9.91454712025038e+04 
1.83232452509912e-01 9.90560214749492e+04 
1.83371823672082e-01 9.89688764217245e+04 
1.83511255190914e-01 9.88838499023926e+04 
1.83650816366044e-01 9.88008469775273e+04 
1.83790598200770e-01 9.87196829539430e+04 
1.83930657678207e-01 9.86402729785973e+04 
1.84071089122256e-01 9.85624352207448e+04 
1.84211946508468e-01 9.84860889427290e+04 
1.84353328586638e-01 9.84110552906473e+04 
1.84495297049804e-01 9.83372516482890e+04 
1.84637959410712e-01 9.82644976898570e+04 
1.84781398613188e-01 9.81927016326472e+04 
1.84925739384518e-01 9.81216763398656e+04 
1.85071105402181e-01 9.80513116332769e+04 
1.85217653560768e-01 9.79814061540596e+04 
1.85365578945410e-01 9.79118176068483e+04 
1.85515096163806e-01 9.78423186184380e+04 
1.85666522707385e-01 9.77727121978885e+04 
1.85813112257814e-01 9.77059279320855e+04 
1.85964589099018e-01 9.76374624732020e+04 
1.86115911644585e-01 9.75694744744340e+04 
1.86274213303084e-01 9.74987099793055e+04 
1.86431452883863e-01 9.74286325726169e+04 
1.86594204111798e-01 9.73562436402314e+04 
1.86758587468817e-01 9.72831063328647e+04 
1.86898373651946e-01 9.72208657888902e+04 
1.87038100009434e-01 9.71585032058681e+04 
1.87177775894350e-01 9.70960034662583e+04 
1.87317378886381e-01 9.70333120575844e+04 
1.87456921665166e-01 9.69703838796067e+04 
1.87596393425802e-01 9.69071861711956e+04 
1.87735805909706e-01 9.68436631070804e+04 
1.87875157277482e-01 9.67797994066137e+04 
1.88014456645190e-01 9.67155979642406e+04 
1.88153708984144e-01 9.66510195368163e+04 
1.88292919900832e-01 9.65860486818679e+04 
1.88432099089902e-01 9.65207031495490e+04 
1.88571248565229e-01 9.64549663711132e+04 
1.88710379263314e-01 9.63888689847854e+04 
1.88849491592599e-01 9.63222162015462e+04 
1.88988591222359e-01 9.62551914792846e+04 
1.89127678296127e-01 9.61879331748055e+04 
1.89266756977332e-01 9.61205780242773e+04 
1.89405834711319e-01 9.60530609944383e+04 
1.89544935905602e-01 9.59857332806115e+04 
1.89684057097908e-01 9.59183693306662e+04 
1.89823260796990e-01 9.58498654832645e+04 
1.89962511920720e-01 9.57828149998913e+04 
1.90101859958056e-01 9.57168725773362e+04 
1.90241259724561e-01 9.56523495682979e+04 
1.90380724348700e-01 9.55887431263683e+04 
1.90520217325036e-01 9.55264438576295e+04 
1.90659754137152e-01 9.54650596759482e+04 
1.90799337974151e-01 9.54048089073343e+04 
1.90938983519004e-01 9.53457361607767e+04 
1.91078662681930e-01 9.52898473051355e+04 
1.91218379223343e-01 9.52346685861336e+04 
1.91358115685991e-01 9.51799045478512e+04 
1.91497890656350e-01 9.51262600837294e+04 
1.91637687838293e-01 9.50736929820413e+04 
1.91777554510623e-01 9.50230250694637e+04 
1.91917504466878e-01 9.49746486131824e+04 
1.92057577661766e-01 9.49283358410964e+04 
1.92197744768110e-01 9.48848075035882e+04 
1.92337968295951e-01 9.48443470791860e+04 
1.92478229472987e-01 9.48078220757537e+04 
1.92618496808511e-01 9.47754324661825e+04 
1.92758767788991e-01 9.47474651051633e+04 
1.92899024867463e-01 9.47189192091281e+04 
1.93039276096712e-01 9.46975287673332e+04 
1.93179519604835e-01 9.46818013544573e+04 
1.93319768199595e-01 9.46716380343761e+04 
1.93460030338797e-01 9.46661194763676e+04 
1.93600321316831e-01 9.46651913950489e+04 
1.93740654238797e-01 9.46680295926221e+04 
1.93881048338798e-01 9.46789260419164e+04 
1.94021515344911e-01 9.46914198146309e+04 
1.94162085336137e-01 9.47046185319567e+04 
1.94302759870662e-01 9.47195553230816e+04 
1.94443561128231e-01 9.47366487262663e+04 
1.94584457799620e-01 9.47564203856474e+04 
1.94725467559348e-01 9.47787152388007e+04 
1.94866547469953e-01 9.48043701810158e+04 
1.95007723357217e-01 9.48341817136578e+04 
1.95148943282284e-01 9.48681919487875e+04 
1.95290211649877e-01 9.49062510079432e+04 
1.95431474394488e-01 9.49479612677406e+04 
1.95572792852665e-01 9.49932089405048e+04 
1.95714120643241e-01 9.50420947414591e+04 
1.95855611927412e-01 9.50946780573648e+04 
1.95997539347702e-01 9.51508428327577e+04 
1.96140079937782e-01 9.52104398550307e+04 
1.96283345090691e-01 9.52732537223208e+04 
1.96427473193052e-01 9.53391038993183e+04 
1.96572552549270e-01 9.54078031464354e+04 
1.96718743659687e-01 9.54797347016626e+04 
1.96861208565415e-01 9.55520161135901e+04 
1.97003707298675e-01 9.56251964266227e+04 
1.97146241475816e-01 9.56986418172583e+04 
1.97288829058349e-01 9.57720579644522e+04 
1.97431470551392e-01 9.58454379680749e+04 
1.97574189727573e-01 9.59179172514032e+04 
1.97716979453357e-01 9.59944740714414e+04 
1.97859842641172e-01 9.60674318740521e+04 
1.98002754584103e-01 9.61368705293823e+04 
1.98159957721327e-01 9.62099588355057e+04 
1.98321013423816e-01 9.62825910954335e+04 
1.98483098684623e-01 9.63536551199651e+04 
1.98646218625211e-01 9.64227630294133e+04 
1.98789268807201e-01 9.64801277063251e+04 
1.98932374643690e-01 9.65351884391796e+04 
1.99075499528326e-01 9.65919701064349e+04 
1.99218651420641e-01 9.66508454321764e+04 
1.99361808519524e-01 9.67110622191184e+04 
1.99504966962709e-01 9.67708275324787e+04 
1.99648113364988e-01 9.68293788572244e+04 
1.99791240926496e-01 9.68866078985749e+04 
1.99934337191672e-01 9.69421205369392e+04 
2.00077402709526e-01 9.69946561213919e+04 
2.00220428307080e-01 9.70437029491524e+04 
