# Liste des scalaires : TEMPS pmat 
0.00000000000000e+00 1.00000000000000e+05 
7.22956891292051e-05 1.00000000000000e+05 
1.39473830159790e-04 1.00000000000000e+05 
2.09658797050094e-04 1.00000000000000e+05 
2.76117114236756e-04 1.00000000000000e+05 
3.20638761908156e-04 1.00000000000000e+05 
3.55139419127707e-04 1.00000000000000e+05 
3.84466703006989e-04 1.00000000000000e+05 
4.10882456555393e-04 1.00000000000000e+05 
4.35440253196371e-04 1.00000000000000e+05 
4.62453829501447e-04 1.00000000000000e+05 
4.92168763437031e-04 1.00000000000000e+05 
5.24855190766174e-04 1.00000000000000e+05 
5.60810260828230e-04 1.00000000000000e+05 
6.00360837896492e-04 1.00000000000000e+05 
6.43866472671580e-04 1.00000000000000e+05 
6.91722670924178e-04 1.00000000000000e+05 
7.44364489002034e-04 1.00000000000000e+05 
8.02270488887677e-04 1.00000000000000e+05 
8.65967088761884e-04 1.00000000000000e+05 
9.36033348623511e-04 1.00000000000000e+05 
1.01310623447130e-03 1.00000000000000e+05 
1.09788640890387e-03 1.00000000000000e+05 
1.19114460077970e-03 1.00000000000000e+05 
1.28874595968001e-03 1.00000000000000e+05 
1.39427742078096e-03 1.00000000000000e+05 
1.50221628787633e-03 1.00000000000000e+05 
1.61553425737492e-03 1.00000000000000e+05 
1.73457348070845e-03 1.00000000000000e+05 
1.85733677968637e-03 1.00000000000000e+05 
1.98616223838897e-03 1.00000000000000e+05 
2.11872938704655e-03 1.00000000000000e+05 
2.25541689819692e-03 1.00000000000000e+05 
2.39772133018700e-03 1.00000000000000e+05 
2.54437294972228e-03 1.00000000000000e+05 
2.69589567675711e-03 1.00000000000000e+05 
2.85168208047685e-03 1.00000000000000e+05 
3.01172012266353e-03 1.00000000000000e+05 
3.17737004676472e-03 1.00000000000000e+05 
3.34823872177438e-03 1.00000000000000e+05 
3.52475255065913e-03 1.00000000000000e+05 
3.70521641618332e-03 1.00000000000000e+05 
3.87776949584188e-03 1.00000000000000e+05 
4.04647739550536e-03 1.00000000000000e+05 
4.21037672420223e-03 1.00000000000000e+05 
4.37309775338749e-03 1.00000000000000e+05 
4.53387195894562e-03 1.00000000000000e+05 
4.69344789329883e-03 1.00000000000000e+05 
4.85277069096534e-03 1.00000000000000e+05 
5.01617500282415e-03 1.00000000000000e+05 
5.18282700056761e-03 1.00000000000000e+05 
5.34915064162606e-03 1.00000000000000e+05 
5.51508533567165e-03 1.00000000000000e+05 
5.68532754760278e-03 1.00000000000000e+05 
5.85711183542521e-03 1.00000000000000e+05 
6.03094226796867e-03 1.00000000000000e+05 
6.20639266804380e-03 1.00000000000000e+05 
6.38483980572345e-03 1.00000000000000e+05 
6.56714917548187e-03 1.00000000000000e+05 
6.75106722984722e-03 1.00000000000000e+05 
6.93238890581580e-03 1.00000000000000e+05 
7.11207908294640e-03 1.00000000000000e+05 
7.28917935358686e-03 1.00000000000000e+05 
7.46531565538280e-03 1.00000000000000e+05 
7.63892885287349e-03 1.00000000000000e+05 
7.81230304990389e-03 1.00000000000000e+05 
7.98294835058763e-03 1.00000000000000e+05 
8.15338293777759e-03 1.00000000000000e+05 
8.32228952724531e-03 1.00000000000000e+05 
8.49067785904502e-03 1.00000000000000e+05 
8.65913274781228e-03 1.00000000000000e+05 
8.82573299973533e-03 1.00000000000000e+05 
8.99099748627955e-03 1.00000000000000e+05 
9.15635586464419e-03 1.00000000000000e+05 
9.31941860918932e-03 1.00000000000000e+05 
9.47897877287443e-03 1.00000000000000e+05 
9.63493387908978e-03 1.00000000000000e+05 
9.78835568102541e-03 1.00000000000000e+05 
9.93954773671293e-03 1.00000000000000e+05 
1.00896013394574e-02 1.00000000000000e+05 
1.02387312738533e-02 1.00000000000000e+05 
1.03879054507327e-02 1.00000000000000e+05 
1.05372124942821e-02 1.00000000000000e+05 
1.06876510973458e-02 1.00000000000000e+05 
1.08385784013003e-02 1.00000000000000e+05 
1.09897416776730e-02 1.00000000000000e+05 
1.11413559821867e-02 1.00000000000000e+05 
1.12944147066861e-02 1.00000000000000e+05 
1.14491776534995e-02 1.00000000000000e+05 
1.16065508847322e-02 1.00000000000000e+05 
1.17667225622390e-02 1.00000000000000e+05 
1.19303884049181e-02 1.00000000000000e+05 
1.20972647886637e-02 1.00000000000000e+05 
1.22680041824246e-02 1.00000000000000e+05 
1.24425558220105e-02 1.00000000000000e+05 
1.26202114214813e-02 1.00000000000000e+05 
1.28009706362439e-02 1.00000000000000e+05 
1.29853197792033e-02 1.00000000000000e+05 
1.31727489848590e-02 1.00000000000000e+05 
1.33633012985344e-02 1.00000000000000e+05 
1.35563968341169e-02 1.00000000000000e+05 
1.37525122461576e-02 1.00000000000000e+05 
1.39517099891008e-02 1.00000000000000e+05 
1.41543705780426e-02 1.00000000000000e+05 
1.43604834260713e-02 1.00000000000000e+05 
1.45703914209787e-02 1.00000000000000e+05 
1.47840011999904e-02 1.00000000000000e+05 
1.49995915996183e-02 1.00000000000000e+05 
1.52170482555892e-02 1.00000000000000e+05 
1.54360841553785e-02 1.00000000000000e+05 
1.56569498526722e-02 1.00000000000000e+05 
1.58785917929917e-02 1.00000000000000e+05 
1.61012288685495e-02 1.00000000000000e+05 
1.63245782141522e-02 1.00000000000000e+05 
1.65490678524798e-02 1.00000000000000e+05 
1.67743980347012e-02 1.00000000000000e+05 
1.70010063081726e-02 1.00000000000000e+05 
1.72285831682011e-02 1.00000000000000e+05 
1.74572623081464e-02 1.00000000000000e+05 
1.76866880838565e-02 1.00000000000000e+05 
1.79172632728591e-02 1.00000000000000e+05 
1.81486881451286e-02 1.00000000000000e+05 
1.83813496633610e-02 1.00000000000000e+05 
1.86149149670330e-02 1.00000000000000e+05 
1.88497514497658e-02 1.00000000000000e+05 
1.90855113030390e-02 1.00000000000000e+05 
1.93225494477253e-02 1.00000000000000e+05 
1.95605214078299e-02 1.00000000000000e+05 
1.97997754873873e-02 1.00000000000000e+05 
2.00370252843668e-02 1.00000000000000e+05 
2.02731088741281e-02 1.00000000000000e+05 
2.05085301845375e-02 1.00000000000000e+05 
2.07437468400110e-02 1.00000000000000e+05 
2.09788553904832e-02 1.00000000000000e+05 
2.12128319543901e-02 1.00000000000000e+05 
2.14441797249719e-02 1.00000000000000e+05 
2.16714254439969e-02 1.00000000000000e+05 
2.18986908619844e-02 1.00000000000000e+05 
2.21221560872306e-02 1.00000000000000e+05 
2.23465689955830e-02 1.00000000000000e+05 
2.25668138573550e-02 1.00000000000000e+05 
2.27843233916438e-02 1.00000000000000e+05 
2.30022137681943e-02 1.00000000000000e+05 
2.32189877703638e-02 1.00000000000000e+05 
2.34356650693994e-02 1.00000000000000e+05 
2.36509662274164e-02 1.00000000000000e+05 
2.38660501590437e-02 1.00000000000000e+05 
2.40806390089982e-02 1.00000000000000e+05 
2.42957406906415e-02 1.00000000000000e+05 
2.45108483935388e-02 1.00000000000000e+05 
2.47262701170248e-02 1.00000000000000e+05 
2.49417663647603e-02 1.00000000000000e+05 
2.51579984737455e-02 1.00000000000000e+05 
2.53746079996415e-02 1.00000000000000e+05 
2.55919804571328e-02 1.00000000000000e+05 
2.58093187432225e-02 1.00000000000000e+05 
2.60267886773774e-02 1.00000000000000e+05 
2.62444405185326e-02 1.00000000000000e+05 
2.64626529071292e-02 1.00000000000000e+05 
2.66820372986799e-02 1.00000000000000e+05 
2.69022887306277e-02 1.00000000000000e+05 
2.71204824484723e-02 1.00000000000000e+05 
2.73385041285678e-02 1.00000000000000e+05 
2.75524933906453e-02 1.00000000000000e+05 
2.77647377719121e-02 1.00000000000000e+05 
2.79740193862685e-02 1.00000000000000e+05 
2.81817872114101e-02 1.00000000000000e+05 
2.83882654601982e-02 1.00000000000000e+05 
2.85929886737101e-02 1.00000000000000e+05 
2.87957934262867e-02 1.00000000000000e+05 
2.89973851618992e-02 1.00000000000000e+05 
2.91975987661257e-02 1.00000000000000e+05 
2.93971405417606e-02 1.00000000000000e+05 
2.95957752396900e-02 1.00000000000000e+05 
2.97936848445710e-02 1.00000000000000e+05 
2.99913540896268e-02 1.00000000000000e+05 
3.01881012553937e-02 1.00000000000000e+05 
3.03845750036866e-02 1.00000000000000e+05 
3.05804238711035e-02 1.00000000000000e+05 
3.07756354494754e-02 1.00000000000000e+05 
3.09705769657325e-02 1.00000000000000e+05 
3.11647259440255e-02 1.00000000000000e+05 
3.13584386032768e-02 1.00000000000000e+05 
3.15516325871864e-02 1.00000000000000e+05 
3.17442456423175e-02 1.00000000000000e+05 
3.19364475109888e-02 1.00000000000000e+05 
3.21282172975927e-02 1.00000000000000e+05 
3.23194628529916e-02 1.00000000000000e+05 
3.25105720911672e-02 1.00000000000000e+05 
3.27015693267686e-02 1.00000000000000e+05 
3.28923611881150e-02 1.00000000000000e+05 
3.30830356918382e-02 1.00000000000000e+05 
3.32739916502945e-02 1.00000000000000e+05 
3.34649651133631e-02 1.00000000000000e+05 
3.36562389298853e-02 1.00000000000000e+05 
3.38474928309087e-02 1.00000000000000e+05 
3.40389945976469e-02 1.00000000000000e+05 
3.42308180483191e-02 1.00000000000000e+05 
3.44232440985948e-02 1.00000000000000e+05 
3.46157285424793e-02 1.00000000000000e+05 
3.48085853265960e-02 1.00000000000000e+05 
3.50018420708577e-02 1.00000000000000e+05 
3.51957756923445e-02 1.00000000000000e+05 
3.53900928101265e-02 1.00000000000000e+05 
3.55847642442017e-02 1.00000000000000e+05 
3.57797610681564e-02 1.00000000000000e+05 
3.59753791222743e-02 1.00000000000000e+05 
3.61715753465246e-02 1.00000000000000e+05 
3.63685743300708e-02 1.00000000000000e+05 
3.65657529915229e-02 1.00000000000000e+05 
3.67634631772653e-02 1.00000000000000e+05 
3.69616367499894e-02 1.00000000000000e+05 
3.71605963137644e-02 1.00000000000000e+05 
3.73602859374832e-02 1.00000000000000e+05 
3.75609932776706e-02 1.00000000000000e+05 
3.77621105948112e-02 1.00000000000000e+05 
3.79639934132191e-02 1.00000000000000e+05 
3.81666141082586e-02 1.00000000000000e+05 
3.83702956313865e-02 1.00000000000000e+05 
3.85750146357103e-02 1.00000000000000e+05 
3.87810657974392e-02 1.00000000000000e+05 
3.89881831479989e-02 1.00000000000000e+05 
3.91963678321337e-02 1.00000000000000e+05 
3.94056352335507e-02 1.00000000000000e+05 
3.96161934086877e-02 1.00000000000000e+05 
3.98278829929773e-02 1.00000000000000e+05 
4.00409018059496e-02 1.00000000000000e+05 
4.02552550752659e-02 1.00000000000000e+05 
4.04711137007522e-02 1.00000000000000e+05 
4.06884453167090e-02 1.00000000000000e+05 
4.09071287201340e-02 1.00000000000000e+05 
4.11270064484549e-02 1.00000000000000e+05 
4.13481996705424e-02 1.00000000000000e+05 
4.15706852947803e-02 1.00000000000000e+05 
4.17945626472444e-02 1.00000000000000e+05 
4.20197778744826e-02 1.00000000000000e+05 
4.22464090302750e-02 1.00000000000000e+05 
4.24741822239317e-02 1.00000000000000e+05 
4.27030802191184e-02 1.00000000000000e+05 
4.29330041592484e-02 1.00000000000000e+05 
4.31638364624123e-02 1.00000000000000e+05 
4.33954027201981e-02 1.00000000000000e+05 
4.36277744884946e-02 1.00000000000000e+05 
4.38608779838492e-02 1.00000000000000e+05 
4.40948058019506e-02 1.00000000000000e+05 
4.43294798535845e-02 1.00000000000000e+05 
4.45650163430216e-02 1.00000000000000e+05 
4.48013425657870e-02 1.00000000000000e+05 
4.50384375334330e-02 1.00000000000000e+05 
4.52761862660044e-02 1.00000000000000e+05 
4.55147085906919e-02 1.00000000000000e+05 
4.57539166557650e-02 1.00000000000000e+05 
4.59939284121673e-02 1.00000000000000e+05 
4.62345578812934e-02 1.00000000000000e+05 
4.64760206547655e-02 1.00000000000000e+05 
4.67182540286632e-02 1.00000000000000e+05 
4.69614617850366e-02 1.00000000000000e+05 
4.72055712438091e-02 1.00000000000000e+05 
4.74507701412845e-02 1.00000000000000e+05 
4.76969818719024e-02 1.00000000000000e+05 
4.79441849112255e-02 1.00000000000000e+05 
4.81922265872119e-02 1.00000000000000e+05 
4.84413286398481e-02 1.00000000000000e+05 
4.86913369181383e-02 1.00000000000000e+05 
4.89424515214576e-02 1.00000000000000e+05 
4.91944862623989e-02 1.00000000000000e+05 
4.94476424797870e-02 1.00000000000000e+05 
4.97017087170599e-02 1.00000000000000e+05 
4.99569592918850e-02 1.00000000000000e+05 
5.02131419991940e-02 1.00000000000000e+05 
5.04706681268527e-02 1.00000000000000e+05 
5.07282019167493e-02 1.00000000000000e+05 
5.09866517730634e-02 1.00000000000000e+05 
5.12435977557327e-02 1.00000000000000e+05 
5.15006355515234e-02 1.00000000000000e+05 
5.17572643046135e-02 1.00000000000000e+05 
5.20131741573800e-02 1.00000000000000e+05 
5.22686316933349e-02 1.00000000000000e+05 
5.25243596442078e-02 1.00000000000000e+05 
5.27804780958763e-02 1.00833463678358e+05 
5.30353264741055e-02 1.03139796150812e+05 
5.32865044669813e-02 1.07498853847447e+05 
5.35367251409462e-02 1.13949461372934e+05 
5.37861695864758e-02 1.22312623093198e+05 
5.40326757774365e-02 1.31557509746301e+05 
5.42804568273010e-02 1.40772123595358e+05 
5.45261159884727e-02 1.50199048463217e+05 
5.47674414615376e-02 1.57173883006405e+05 
5.50083051741804e-02 1.61738919808377e+05 
5.52466980341469e-02 1.64302472596766e+05 
5.54850504864837e-02 1.64275276135626e+05 
5.57215549301378e-02 1.63919258194143e+05 
5.59581023970841e-02 1.63511110955009e+05 
5.61935121701427e-02 1.62957869387171e+05 
5.64292817188683e-02 1.62197226882722e+05 
5.66651003522607e-02 1.61258285596181e+05 
5.69021734997846e-02 1.60182774019960e+05 
5.71396743241703e-02 1.59051352036864e+05 
5.73783493354236e-02 1.57904738918098e+05 
5.76175697343789e-02 1.56757994068177e+05 
5.78570584412393e-02 1.55658699332279e+05 
5.80973562374038e-02 1.54617925570224e+05 
5.83382808612806e-02 1.53644247311602e+05 
5.85802877122741e-02 1.52737807393058e+05 
5.88229475289035e-02 1.51887692712716e+05 
5.90671795349514e-02 1.51080778298107e+05 
5.93113438999432e-02 1.50310862175151e+05 
5.95572268331536e-02 1.49560304780203e+05 
5.98036246521190e-02 1.48826017777901e+05 
6.00518457128736e-02 1.48094094425834e+05 
6.03004243666314e-02 1.47363931658980e+05 
6.05504626337199e-02 1.46626417927491e+05 
6.08006143048092e-02 1.45884018906897e+05 
6.10525082970189e-02 1.45130731093153e+05 
6.13046494191153e-02 1.44373004996399e+05 
6.15588074275023e-02 1.43606506660570e+05 
6.18132454385792e-02 1.42839514120472e+05 
6.20696395437990e-02 1.42068421379129e+05 
6.23264285805557e-02 1.41300964784674e+05 
6.25844227496690e-02 1.40536279519324e+05 
6.28430820634929e-02 1.39778473663449e+05 
6.31034155987410e-02 1.39025647959763e+05 
6.33646374121118e-02 1.38281612178063e+05 
6.36275090444458e-02 1.37544454200670e+05 
6.38912425153349e-02 1.36817031836813e+05 
6.41556393029282e-02 1.36099455311675e+05 
6.44208737852365e-02 1.35391200634294e+05 
6.46868097504043e-02 1.34691797881320e+05 
6.49536781122055e-02 1.34000196158781e+05 
6.52215406877787e-02 1.33315223166663e+05 
6.54903074213648e-02 1.32636484693997e+05 
6.57603768944000e-02 1.31961922613026e+05 
6.60313482585130e-02 1.31291902025879e+05 
6.63035231669488e-02 1.30624747724938e+05 
6.65769129574111e-02 1.29960016262287e+05 
6.68513061417000e-02 1.29297652189787e+05 
6.71266844016773e-02 1.28637692979110e+05 
6.74031008046663e-02 1.27980018870844e+05 
6.76804532134493e-02 1.27325550570311e+05 
6.79589406749714e-02 1.26674726987827e+05 
6.82383878273697e-02 1.26029707834581e+05 
6.85189213914837e-02 1.25392279063401e+05 
6.88004192357169e-02 1.24765724491054e+05 
6.90826868245661e-02 1.24153784525250e+05 
6.93644856635408e-02 1.23563708012061e+05 
6.96452563969642e-02 1.23001440704062e+05 
6.99261417759759e-02 1.22468827553928e+05 
7.02065602807999e-02 1.21975043131555e+05 
7.04859884525135e-02 1.21524346935905e+05 
7.07644593390252e-02 1.21132044059212e+05 
7.10422481251617e-02 1.20791016623415e+05 
7.13189455982115e-02 1.20499725209404e+05 
7.15950089761016e-02 1.20289386729138e+05 
7.18704015362512e-02 1.20139784004374e+05 
7.21439665065616e-02 1.20066262472048e+05 
7.24150885091602e-02 1.19999100133851e+05 
7.26840641198867e-02 1.19940738635568e+05 
7.29510293033225e-02 1.19904726055491e+05 
7.32161802699578e-02 1.19905494259503e+05 
7.34799421792594e-02 1.19944159264308e+05 
7.37427974870652e-02 1.20005044432788e+05 
7.40057672346364e-02 1.20077292584972e+05 
7.42696315861378e-02 1.20157184623505e+05 
7.45355618833863e-02 1.20227642228182e+05 
7.48039320234934e-02 1.20267718866955e+05 
7.50755075366540e-02 1.20289115815727e+05 
7.53505124540752e-02 1.20248548170392e+05 
7.56294030957977e-02 1.20165224538119e+05 
7.59123906658945e-02 1.20035917500943e+05 
7.61976196661829e-02 1.19856887218769e+05 
7.64827158690147e-02 1.19662794314700e+05 
7.67663811244222e-02 1.19440841669792e+05 
7.70497002233864e-02 1.19181913055612e+05 
7.73320954648182e-02 1.18878108341506e+05 
7.76144103890066e-02 1.18521043989480e+05 
7.78961903126972e-02 1.18119669995399e+05 
7.81784472294657e-02 1.17685016791720e+05 
7.84604126422959e-02 1.17225004614242e+05 
7.87429872262139e-02 1.16745996883337e+05 
7.90264311483249e-02 1.16252742922535e+05 
7.93107043509770e-02 1.15750849956794e+05 
7.95964052327915e-02 1.15243300004309e+05 
7.98840559835198e-02 1.14733746644048e+05 
8.01741559727451e-02 1.14224376657324e+05 
8.04671611814326e-02 1.13717262292510e+05 
8.07633551221670e-02 1.13212665563109e+05 
8.10629996235689e-02 1.12710232997469e+05 
8.13662441908161e-02 1.12211557143621e+05 
8.16735092478028e-02 1.11710167515445e+05 
8.19847332068092e-02 1.11207123571132e+05 
8.23000739825838e-02 1.10700182973638e+05 
8.26168850911397e-02 1.10190402384844e+05 
8.29339716506830e-02 1.09680655184498e+05 
8.32521322631530e-02 1.09167513543164e+05 
8.35706086792455e-02 1.08649776740005e+05 
8.38900541330978e-02 1.08130567881518e+05 
8.42097834291329e-02 1.07616663125531e+05 
8.45307079334380e-02 1.07109826688562e+05 
8.48515656258918e-02 1.06628394971014e+05 
8.51735900431342e-02 1.06171232365207e+05 
8.54953235946489e-02 1.05766235726665e+05 
8.58179494395254e-02 1.05428693228003e+05 
8.61404228264524e-02 1.05143422180991e+05 
8.64636203546712e-02 1.04936049485319e+05 
8.67867908720914e-02 1.04824430192755e+05 
8.71105302080895e-02 1.04719219618535e+05 
8.74340489159327e-02 1.04653268012158e+05 
8.77585149310993e-02 1.04738668101073e+05 
8.80831893031124e-02 1.05411767077186e+05 
8.84085667312013e-02 1.06963444252369e+05 
8.87341169261174e-02 1.09601153828581e+05 
8.90602147071057e-02 1.13212749336004e+05 
8.93860893536441e-02 1.17659039233941e+05 
8.97124365218222e-02 1.22550080286041e+05 
9.00285587938670e-02 1.27337130911609e+05 
9.03436735819217e-02 1.31496147101448e+05 
9.06572077907165e-02 1.35012687490077e+05 
9.09738197067755e-02 1.36902700334319e+05 
9.12919880452268e-02 1.37451729149087e+05 
9.16087310670630e-02 1.37187442745016e+05 
9.19236618942194e-02 1.36849137299408e+05 
9.22319181969534e-02 1.36505612196266e+05 
9.25361566741912e-02 1.36112546818963e+05 
9.28354572012895e-02 1.35763901278404e+05 
9.31342860269787e-02 1.35524015137787e+05 
9.34315115548974e-02 1.35419701894413e+05 
9.37308283873871e-02 1.35434632720163e+05 
9.40287665223237e-02 1.35603689124910e+05 
9.43288900708410e-02 1.35943560489786e+05 
9.46291928896361e-02 1.36384910985964e+05 
9.49248504818060e-02 1.36868760604629e+05 
9.52095456674892e-02 1.37321497809953e+05 
9.54949415368793e-02 1.37740393506182e+05 
9.57776466018369e-02 1.38024297981121e+05 
9.60581296224800e-02 1.38145152406402e+05 
9.63407422653284e-02 1.38219791850574e+05 
9.66179682934174e-02 1.38163735571077e+05 
9.68950442274719e-02 1.37849564547691e+05 
9.71712908728659e-02 1.37297157526803e+05 
9.74468240907334e-02 1.36640888391704e+05 
9.77172091352782e-02 1.35856349472087e+05 
9.79885000367496e-02 1.34951281965942e+05 
9.82620269341138e-02 1.33961633938293e+05 
9.85371369485830e-02 1.32916741976057e+05 
9.88274468404823e-02 1.31786142380120e+05 
9.91186206956083e-02 1.30640614576780e+05 
9.94100508210278e-02 1.29499283186702e+05 
9.97046308105035e-02 1.28362589667214e+05 
1.00002084957423e-01 1.27235936824999e+05 
1.00299244747562e-01 1.26134905477578e+05 
1.00596925518307e-01 1.25059114027421e+05 
1.00894396775137e-01 1.24010772503182e+05 
1.01192859623430e-01 1.22985925623573e+05 
1.01491623851533e-01 1.21986035877907e+05 
1.01791298456909e-01 1.21008886983057e+05 
1.02091152163522e-01 1.20055898717935e+05 
1.02392164801010e-01 1.19123673148972e+05 
1.02688913305540e-01 1.18227796272073e+05 
1.02982075536464e-01 1.17364992450631e+05 
1.03269991331247e-01 1.16538606232373e+05 
1.03556577550325e-01 1.15736807720866e+05 
1.03840266376083e-01 1.14962927407454e+05 
1.04132471887008e-01 1.14187189994165e+05 
1.04421740973089e-01 1.13439946628654e+05 
1.04709103842151e-01 1.12718928650718e+05 
1.04995216326110e-01 1.12021631344806e+05 
1.05280927884214e-01 1.11346325964486e+05 
1.05565643649035e-01 1.10694025162830e+05 
1.05850119018820e-01 1.10062817439188e+05 
1.06134010522075e-01 1.09453025295996e+05 
1.06418296744550e-01 1.08861742272206e+05 
1.06702435508100e-01 1.08293596968076e+05 
1.06986719177856e-01 1.07743235043454e+05 
1.07270955769016e-01 1.07209603857221e+05 
1.07555679960873e-01 1.06693116764005e+05 
1.07840289833627e-01 1.06194274628897e+05 
1.08125473164053e-01 1.05711053970277e+05 
1.08410297774931e-01 1.05244151162425e+05 
1.08695593604182e-01 1.04791224911031e+05 
1.08980779414968e-01 1.04352108117060e+05 
1.09266350284330e-01 1.03924757995832e+05 
1.09551588499064e-01 1.03508782902288e+05 
1.09837451475504e-01 1.03101322268162e+05 
1.10122204914308e-01 1.02703299335984e+05 
1.10407263858207e-01 1.02311170175832e+05 
1.10692894902138e-01 1.01922172980508e+05 
1.10979341083658e-01 1.01534340064184e+05 
1.11266793901081e-01 1.01147223346631e+05 
1.11555946077064e-01 1.00754806436870e+05 
1.11844102990991e-01 1.00361992748507e+05 
1.12131927729125e-01 9.99653151003953e+04 
1.12419580230057e-01 9.95656502807975e+04 
1.12708064800910e-01 9.91634169532176e+04 
1.12996066973811e-01 9.87540664855470e+04 
1.13283182677136e-01 9.83411181172618e+04 
1.13568602997164e-01 9.79224215947233e+04 
1.13852526133779e-01 9.74993743519410e+04 
1.14135504504341e-01 9.70691331211119e+04 
1.14417608197020e-01 9.66292500044533e+04 
1.14699070630975e-01 9.61870224118490e+04 
1.14980571547510e-01 9.57388693904085e+04 
1.15262026751044e-01 9.52867747767379e+04 
1.15543480090522e-01 9.48260735080504e+04 
1.15825421804102e-01 9.43612327044161e+04 
1.16107524114582e-01 9.38930538054412e+04 
1.16390198573921e-01 9.34222742117372e+04 
1.16673699952884e-01 9.29489121258108e+04 
1.16957680098377e-01 9.24752122437120e+04 
1.17242408159243e-01 9.20010491489246e+04 
1.17527995911419e-01 9.15277471703563e+04 
1.17814199489926e-01 9.10559101458455e+04 
1.18101258521359e-01 9.05870087849089e+04 
1.18389014493139e-01 9.01201242459567e+04 
1.18677669764745e-01 8.96568957679465e+04 
1.18967225942970e-01 8.91974281305054e+04 
1.19257555570268e-01 8.87420383567953e+04 
1.19548609215531e-01 8.82920244693939e+04 
1.19840485614353e-01 8.78469405754638e+04 
1.20132980412758e-01 8.74081017178669e+04 
1.20426211435912e-01 8.69756012582424e+04 
1.20720066084917e-01 8.65500837575301e+04 
1.21013336071886e-01 8.61348002087074e+04 
1.21306461982881e-01 8.57292668784640e+04 
1.21598734975727e-01 8.53370957489628e+04 
1.21891586906063e-01 8.49576792226776e+04 
1.22184104567118e-01 8.45916633216122e+04 
1.22476989032572e-01 8.42448520056173e+04 
1.22769680168520e-01 8.39193667637716e+04 
1.23062627281368e-01 8.36092207525232e+04 
1.23355462848924e-01 8.33337769814291e+04 
1.23648996119358e-01 8.30890839668878e+04 
1.23942570111312e-01 8.28728133133060e+04 
1.24237122945161e-01 8.27072939868452e+04 
1.24531824925981e-01 8.25726269425889e+04 
1.24827638706194e-01 8.24738708801282e+04 
1.25123754615514e-01 8.24350654497225e+04 
1.25421000277423e-01 8.24431462635296e+04 
1.25718586166420e-01 8.24992464587068e+04 
1.26016887238291e-01 8.25755926598878e+04 
1.26315431087761e-01 8.26843372453269e+04 
1.26614581710824e-01 8.28342665016317e+04 
1.26913886429216e-01 8.30336750024430e+04 
1.27214020306434e-01 8.32908725452534e+04 
1.27514308723360e-01 8.35931938495619e+04 
1.27815355598316e-01 8.39287219275125e+04 
1.28116617549916e-01 8.42889761059379e+04 
1.28418658916223e-01 8.46639909578487e+04 
1.28720968342265e-01 8.50454308867085e+04 
1.29024251950233e-01 8.54212110377487e+04 
1.29327864819752e-01 8.57906149022420e+04 
1.29632793358786e-01 8.61260920519696e+04 
1.29938085285525e-01 8.64333105138081e+04 
1.30244699551592e-01 8.67151789156786e+04 
1.30551843251422e-01 8.69894492488044e+04 
1.30860068519565e-01 8.72401353803707e+04 
1.31168855361376e-01 8.74515883098003e+04 
1.31479071033482e-01 8.76125429219041e+04 
1.31789907716632e-01 8.77319385123770e+04 
1.32102370333912e-01 8.78106217522494e+04 
1.32415489425377e-01 8.78478174799104e+04 
1.32730433440423e-01 8.78477753835820e+04 
1.33046066862607e-01 8.78157291312335e+04 
1.33363407098163e-01 8.77540487552470e+04 
1.33681560409340e-01 8.76681737778549e+04 
1.34001035321666e-01 8.75607919780725e+04 
1.34321280066939e-01 8.74362490044328e+04 
1.34643222228467e-01 8.72973139461664e+04 
1.34965953836686e-01 8.71475800210516e+04 
1.35290708168314e-01 8.69892678393580e+04 
1.35616304272577e-01 8.68257356455982e+04 
1.35944275384898e-01 8.66563844700292e+04 
1.36273111503828e-01 8.64883302131695e+04 
1.36604675112397e-01 8.63191783966943e+04 
1.36937229117520e-01 8.61514605535441e+04 
1.37272618808061e-01 8.59849129306898e+04 
1.37609081150185e-01 8.58239026238069e+04 
1.37948333279330e-01 8.56690494865161e+04 
1.38288771869521e-01 8.55249120869478e+04 
1.38631039185851e-01 8.53882781558794e+04 
1.38974306267427e-01 8.52589788786532e+04 
1.39319283402256e-01 8.51466430005122e+04 
1.39665071638858e-01 8.50559825692088e+04 
1.40012486283568e-01 8.49943952404437e+04 
1.40360623437878e-01 8.49577591330143e+04 
1.40710315228819e-01 8.49523488774459e+04 
1.41060667187594e-01 8.49820251501576e+04 
1.41412454731226e-01 8.50436073538731e+04 
1.41764735710879e-01 8.51368835438276e+04 
1.42118201929253e-01 8.52599704815995e+04 
1.42471960694625e-01 8.54075111210804e+04 
1.42826642336833e-01 8.55738715438917e+04 
1.43181442210323e-01 8.57513765430728e+04 
1.43536875914346e-01 8.59330636006916e+04 
1.43892280083395e-01 8.61107291670173e+04 
1.44248179153713e-01 8.62766862157799e+04 
1.44604066431585e-01 8.64237315692776e+04 
1.44960510154205e-01 8.65456830309269e+04 
1.45317097015788e-01 8.66386586715017e+04 
1.45674418609763e-01 8.66991396462393e+04 
1.46032062711996e-01 8.67233870999589e+04 
1.46390676340202e-01 8.67129751170935e+04 
1.46748894205253e-01 8.66691706163166e+04 
1.47106966821559e-01 8.65942533627397e+04 
1.47464564953352e-01 8.64949009129827e+04 
1.47822112877561e-01 8.63740425332095e+04 
1.48179321409135e-01 8.62344463529325e+04 
1.48536305651520e-01 8.60797816405689e+04 
1.48892857487845e-01 8.59119968868095e+04 
1.49249203040026e-01 8.57334791590131e+04 
1.49605253828577e-01 8.55463242689917e+04 
1.49960104373081e-01 8.53512601376598e+04 
1.50314669586642e-01 8.51467018510680e+04 
1.50667954270545e-01 8.49326225098411e+04 
1.51020841384477e-01 8.47104158883831e+04 
1.51361364486535e-01 8.44944409671065e+04 
1.51696309350215e-01 8.42898248176547e+04 
1.52020517678397e-01 8.41114468271698e+04 
1.52357831583843e-01 8.39615560953402e+04 
1.52683124234460e-01 8.38723582454683e+04 
1.53006399584553e-01 8.38594984655276e+04 
1.53322251987972e-01 8.39386618302232e+04 
1.53632025089456e-01 8.41189788988485e+04 
1.53937276428075e-01 8.44060667630117e+04 
1.54239240257404e-01 8.48022706473968e+04 
1.54539572462337e-01 8.53039995534408e+04 
1.54839001045976e-01 8.59005771641209e+04 
1.55137670436986e-01 8.65712356940822e+04 
1.55435501988154e-01 8.72875817718163e+04 
1.55733079959724e-01 8.80250053245558e+04 
1.56030187000597e-01 8.87448904715652e+04 
1.56327343379311e-01 8.94108110537336e+04 
1.56624400606508e-01 9.00000754283640e+04 
1.56921837810180e-01 9.04733333291123e+04 
1.57219255834169e-01 9.08401247707570e+04 
1.57517286940689e-01 9.10810570385117e+04 
1.57815635593936e-01 9.11567304287285e+04 
1.58114741157254e-01 9.11090957208933e+04 
1.58414450205283e-01 9.09196862326817e+04 
1.58715236149953e-01 9.07204793425070e+04 
1.59016861045943e-01 9.05085501938344e+04 
1.59319657662609e-01 9.02809610816057e+04 
1.59622882062049e-01 9.00305330175794e+04 
1.59926899200299e-01 8.97634550427823e+04 
1.60237601268759e-01 8.94842313317382e+04 
1.60549164809432e-01 8.92003884718291e+04 
1.60861456577803e-01 8.89142473208162e+04 
1.61174883539410e-01 8.86312529981715e+04 
1.61489155229229e-01 8.83550773658772e+04 
1.61804500716926e-01 8.80846662558887e+04 
1.62120697580098e-01 8.78229539221502e+04 
1.62437846827153e-01 8.75755660905259e+04 
1.62755797635952e-01 8.73412251205808e+04 
1.63074561097813e-01 8.71218498623879e+04 
1.63394027117035e-01 8.69172410352720e+04 
1.63714295901814e-01 8.67255810239674e+04 
1.64034914258356e-01 8.65478966798340e+04 
1.64356409157659e-01 8.63814743577032e+04 
1.64678375554283e-01 8.62262618176043e+04 
1.65001024165132e-01 8.60794339960713e+04 
1.65324262524022e-01 8.59413719393622e+04 
1.65648236876800e-01 8.58089502027920e+04 
1.65972959026610e-01 8.56825329188339e+04 
1.66298474320852e-01 8.55593121487219e+04 
1.66624806158008e-01 8.54386929140270e+04 
1.66951907778523e-01 8.53206964893697e+04 
1.67279787654626e-01 8.52032619588585e+04 
1.67604320934773e-01 8.50878189950294e+04 
1.67927939885867e-01 8.49728557603891e+04 
1.68246812833196e-01 8.48599773763071e+04 
1.68567274701383e-01 8.47458092837095e+04 
1.68887838717559e-01 8.46302286790717e+04 
1.69210819566651e-01 8.45136877332617e+04 
1.69532124245820e-01 8.43977085404630e+04 
1.69853381526069e-01 8.42822937127219e+04 
1.70173707935350e-01 8.41688520000112e+04 
1.70494737415280e-01 8.40571146085580e+04 
1.70814717914702e-01 8.39482430816300e+04 
1.71133046513095e-01 8.38424067902322e+04 
1.71450579991058e-01 8.37402346283848e+04 
1.71767867092880e-01 8.36417680070432e+04 
1.72086197766096e-01 8.35473635745232e+04 
1.72403686397271e-01 8.34577901522976e+04 
1.72722617589113e-01 8.33733310276255e+04 
1.73041705477779e-01 8.32941611947432e+04 
1.73361003399696e-01 8.32208753364422e+04 
1.73679091288099e-01 8.31548187038832e+04 
1.73993317281433e-01 8.30956690169707e+04 
1.74305685908984e-01 8.30435927681040e+04 
1.74621264849505e-01 8.29990428850425e+04 
1.74934323886339e-01 8.29649115181044e+04 
1.75246218725712e-01 8.29386020522205e+04 
1.75561038283371e-01 8.29202516382893e+04 
1.75874656361869e-01 8.29152171691995e+04 
1.76188011949913e-01 8.29223657936823e+04 
1.76501115232840e-01 8.29360394282947e+04 
1.76814681075409e-01 8.29597433066840e+04 
1.77128117316334e-01 8.29963542627719e+04 
1.77443044352467e-01 8.30294150114770e+04 
1.77757815833492e-01 8.30650283231713e+04 
1.78073376467700e-01 8.31038282825718e+04 
1.78389153495155e-01 8.31466068144266e+04 
1.78705663650420e-01 8.31904567089998e+04 
1.79023020832926e-01 8.32345842858304e+04 
1.79341589143207e-01 8.32797722290287e+04 
1.79660307094179e-01 8.33225548335051e+04 
1.79979075741162e-01 8.33661381620599e+04 
1.80296972559399e-01 8.34082311369261e+04 
1.80615035381112e-01 8.34530099548299e+04 
1.80932465143042e-01 8.35023808845528e+04 
1.81249811254721e-01 8.35526472233695e+04 
1.81566143123014e-01 8.36027693922144e+04 
1.81882311137255e-01 8.36536394143179e+04 
1.82197781818660e-01 8.37250301324671e+04 
1.82513262932401e-01 8.38304019743684e+04 
1.82827810936530e-01 8.39846374021067e+04 
1.83142614737206e-01 8.41959359269017e+04 
1.83457079503146e-01 8.45133570652837e+04 
1.83771918908985e-01 8.49442049379059e+04 
1.84086777074022e-01 8.55114627084390e+04 
1.84402263315044e-01 8.62349928739576e+04 
1.84717973779351e-01 8.71178313158863e+04 
1.85034336159104e-01 8.81206019249133e+04 
1.85351099657637e-01 8.91868657252226e+04 
1.85668343009197e-01 9.03302130608027e+04 
1.85985983120139e-01 9.15649628544013e+04 
1.86303976795249e-01 9.28485732872148e+04 
1.86622445172055e-01 9.41460744471529e+04 
1.86941309065743e-01 9.54607548830169e+04 
1.87260810187357e-01 9.67145321748952e+04 
1.87580887255304e-01 9.79380679969140e+04 
1.87901815478300e-01 9.91083294772594e+04 
1.88223514301064e-01 1.00217959302487e+05 
1.88545926688284e-01 1.01269089308154e+05 
1.88869131349284e-01 1.02264700147920e+05 
1.89193258306620e-01 1.03187454510170e+05 
1.89518461724701e-01 1.04034101360327e+05 
1.89844793157229e-01 1.04800418248748e+05 
1.90171904783288e-01 1.05480117403906e+05 
1.90498428113716e-01 1.06074923567295e+05 
1.90825470938166e-01 1.06588666400974e+05 
1.91152177215669e-01 1.07021720465018e+05 
1.91479679859383e-01 1.07380065249866e+05 
1.91807219643046e-01 1.07672399201576e+05 
1.92135514367266e-01 1.07910177262874e+05 
1.92463806078340e-01 1.08087155571374e+05 
1.92792878264276e-01 1.08219648035101e+05 
1.93122219771144e-01 1.08271559600049e+05 
1.93452550460767e-01 1.08256112783290e+05 
1.93783235508563e-01 1.08176679145567e+05 
1.94114848946892e-01 1.08100961271350e+05 
1.94446648035269e-01 1.08029278014080e+05 
1.94779057152960e-01 1.07947863748180e+05 
1.95111279260914e-01 1.07853560069025e+05 
1.95443591775892e-01 1.07751092587579e+05 
1.95775036818123e-01 1.07640429557370e+05 
1.96105886564680e-01 1.07520976586533e+05 
1.96436322772616e-01 1.07395990611592e+05 
1.96766202518743e-01 1.07261693330605e+05 
1.97095083864659e-01 1.07120736575802e+05 
1.97423348911158e-01 1.06971028259246e+05 
1.97750650007764e-01 1.06816118914881e+05 
1.98077414410287e-01 1.06655374011281e+05 
1.98403414510546e-01 1.06492100102925e+05 
1.98729077384740e-01 1.06326421939495e+05 
1.99054183468736e-01 1.06161235490057e+05 
1.99379247391649e-01 1.05997105862503e+05 
1.99703874557574e-01 1.05838246429012e+05 
2.00028393540085e-01 1.05684435873220e+05 
2.00352624415594e-01 1.05539386729762e+05 
