# Liste des scalaires : TEMPS pmat 
0.00000000000000e+00 1.00000000000000e+05 
7.22956891292051e-05 1.00000000000000e+05 
1.39473830159790e-04 1.00000000000000e+05 
2.09658797050094e-04 1.00000000000000e+05 
2.76117114236737e-04 1.00000000000000e+05 
3.20638761908130e-04 1.00000000000000e+05 
3.55139419127679e-04 1.00000000000000e+05 
3.84466703006959e-04 1.00000000000000e+05 
4.10882456555362e-04 1.00000000000000e+05 
4.35440253196339e-04 1.00000000000000e+05 
4.62453829501415e-04 1.00000000000000e+05 
4.92168763436997e-04 1.00000000000000e+05 
5.24855190766139e-04 1.00000000000000e+05 
5.60810260828194e-04 1.00000000000000e+05 
6.00360837896455e-04 1.00000000000000e+05 
6.43866472671541e-04 1.00000000000000e+05 
6.91722670924137e-04 1.00000000000000e+05 
7.44364489001992e-04 1.00000000000000e+05 
8.02270488887633e-04 1.00000000000000e+05 
8.65967088761837e-04 1.00000000000000e+05 
9.36033348623463e-04 1.00000000000000e+05 
1.01310623447125e-03 1.00000000000000e+05 
1.09788640890382e-03 1.00000000000000e+05 
1.19114460077964e-03 1.00000000000000e+05 
1.28874595957380e-03 1.00000000000000e+05 
1.39292301033422e-03 1.00000000000000e+05 
1.50082592674774e-03 1.00000000000000e+05 
1.61402159796074e-03 1.00000000000000e+05 
1.72630849223510e-03 1.00000000000000e+05 
1.83629605756295e-03 1.00000000000000e+05 
1.94984793356819e-03 1.00000000000000e+05 
2.05819614285837e-03 1.00000000000000e+05 
2.12140367145840e-03 1.00000000000000e+05 
2.18463119825089e-03 1.00000000000000e+05 
2.24813233650693e-03 1.00000000000000e+05 
2.31202179689078e-03 1.00000000000000e+05 
2.37617119269743e-03 1.00000000000000e+05 
2.44131875809196e-03 1.00000000000000e+05 
2.50676621794436e-03 1.00000000000000e+05 
2.57245282311714e-03 1.00000000000000e+05 
2.63848642924431e-03 1.00000000000000e+05 
2.71112339598420e-03 1.00000000000000e+05 
2.77885045752678e-03 1.00000000000000e+05 
2.84761897173423e-03 1.00000000000000e+05 
2.91728625608506e-03 1.00000000000000e+05 
2.98818303617262e-03 1.00000000000000e+05 
3.06017201963877e-03 1.00000000000000e+05 
3.13339296221630e-03 1.00000000000000e+05 
3.20510580157152e-03 1.00000000000000e+05 
3.27786348146815e-03 1.00000000000000e+05 
3.35177764247561e-03 1.00000000000000e+05 
3.42712348988023e-03 1.00000000000000e+05 
3.50366397099976e-03 1.00000000000000e+05 
3.58158964588787e-03 1.00000000000000e+05 
3.66070234806759e-03 1.00000000000000e+05 
3.74119800398972e-03 1.00000000000000e+05 
3.82286630040857e-03 1.00000000000000e+05 
3.90578960149260e-03 1.00000000000000e+05 
3.98697620862976e-03 1.00000000000000e+05 
4.06937667160280e-03 1.00000000000000e+05 
4.15307346629125e-03 1.00000000000000e+05 
4.23828880757305e-03 1.00000000000000e+05 
4.32472535775358e-03 1.00000000000000e+05 
4.41251923705883e-03 1.00000000000000e+05 
4.50145318268555e-03 1.00000000000000e+05 
4.59165885689402e-03 1.00000000000000e+05 
4.68296782783994e-03 1.00000000000000e+05 
4.77542284493693e-03 1.00000000000000e+05 
4.86880599155293e-03 1.00000000000000e+05 
4.97152745283053e-03 1.00000000000000e+05 
5.08452106023589e-03 1.00000000000000e+05 
5.20881402838178e-03 1.00000000000000e+05 
5.30584935909059e-03 1.00000000000000e+05 
5.40432661260913e-03 1.00000000000000e+05 
5.50398251357717e-03 1.00000000000000e+05 
5.60506074910941e-03 1.00000000000000e+05 
5.70732797927867e-03 1.00000000000000e+05 
5.81102248705676e-03 1.00000000000000e+05 
5.91582599677187e-03 1.00000000000000e+05 
6.02187935711465e-03 1.00000000000000e+05 
6.12888842236155e-03 1.00000000000000e+05 
6.23693816823216e-03 1.00000000000000e+05 
6.34562645172731e-03 1.00000000000000e+05 
6.45496859922980e-03 1.00000000000000e+05 
6.56484517841862e-03 1.00000000000000e+05 
6.68570941552633e-03 1.00000000000000e+05 
6.81866007634480e-03 1.00000000000000e+05 
6.96490580324513e-03 1.00000000000000e+05 
7.12283056477024e-03 1.00000000000000e+05 
7.28232792600168e-03 1.00000000000000e+05 
7.44278286894831e-03 1.00000000000000e+05 
7.60447784430230e-03 1.00000000000000e+05 
7.76795616609712e-03 1.00000000000000e+05 
7.93212727080755e-03 1.00000000000000e+05 
8.09818272464570e-03 1.00000000000000e+05 
8.26512965540905e-03 1.00000000000000e+05 
8.43354859709171e-03 1.00000000000000e+05 
8.60370489162477e-03 1.00000000000000e+05 
8.77476647830132e-03 1.00000000000000e+05 
8.94872225665115e-03 1.00000000000000e+05 
9.12279301141682e-03 1.00000000000000e+05 
9.29939976192100e-03 1.00000000000000e+05 
9.47688844288373e-03 1.00000000000000e+05 
9.65633850079645e-03 1.00000000000000e+05 
9.83771503410411e-03 1.00000000000000e+05 
1.00202738066129e-02 1.00000000000000e+05 
1.02049161194186e-02 1.00000000000000e+05 
1.03908475338099e-02 1.00000000000000e+05 
1.05783344262666e-02 1.00000000000000e+05 
1.07680133779798e-02 1.00000000000000e+05 
1.09586172801097e-02 1.00000000000000e+05 
1.11519839045290e-02 1.00000000000000e+05 
1.13461571789559e-02 1.00000000000000e+05 
1.15425481658001e-02 1.00000000000000e+05 
1.17406878362633e-02 1.00000000000000e+05 
1.19403394193180e-02 1.00000000000000e+05 
1.21422350879542e-02 1.00000000000000e+05 
1.23455595551427e-02 1.00000000000000e+05 
1.25506164815961e-02 1.00000000000000e+05 
1.27580191304972e-02 1.00000000000000e+05 
1.29665602975610e-02 1.00000000000000e+05 
1.31778854577902e-02 1.00000000000000e+05 
1.33902180289192e-02 1.00000000000000e+05 
1.36048531407764e-02 1.00000000000000e+05 
1.38214353539703e-02 1.00000000000000e+05 
1.40396614533699e-02 1.00000000000000e+05 
1.42601702865323e-02 1.00000000000000e+05 
1.44820943169418e-02 1.00000000000000e+05 
1.47050499462757e-02 1.00000000000000e+05 
1.49317411357486e-02 1.00000000000000e+05 
1.51610336768711e-02 1.00000000000000e+05 
1.52936881451490e-02 1.00000000000000e+05 
1.54252535681515e-02 1.00000000000000e+05 
1.55557042830407e-02 1.00000000000000e+05 
1.56876795496984e-02 1.00000000000000e+05 
1.58111248951656e-02 1.00000000000000e+05 
1.59345475585937e-02 1.00000000000000e+05 
1.60579248071256e-02 1.00000000000000e+05 
1.61814890647154e-02 1.00000000000000e+05 
1.63051576988983e-02 1.00000000000000e+05 
1.64289891174868e-02 1.00000000000000e+05 
1.65496095994257e-02 1.00000000000000e+05 
1.66700850267093e-02 1.00000000000000e+05 
1.67903884026809e-02 1.00000000000000e+05 
1.69110252170511e-02 1.00000000000000e+05 
1.70319060710982e-02 1.00000000000000e+05 
1.71535030331545e-02 1.00000000000000e+05 
1.72758304489321e-02 1.00000000000000e+05 
1.73991367493889e-02 1.00000000000000e+05 
1.75235528592679e-02 1.00000000000000e+05 
1.76491747635610e-02 1.00000000000000e+05 
1.77755731692694e-02 1.00000000000000e+05 
1.79022040434323e-02 1.00000000000000e+05 
1.80291339194910e-02 1.00000000000000e+05 
1.81562860747041e-02 1.00000000000000e+05 
1.82726046174064e-02 1.00000000000000e+05 
1.83892290544664e-02 1.00000000000000e+05 
1.85060604419212e-02 1.00000000000000e+05 
1.86232089062415e-02 1.00000000000000e+05 
1.87405593008807e-02 1.00000000000000e+05 
1.88582745901318e-02 1.00000000000000e+05 
1.89761894259569e-02 1.00000000000000e+05 
1.90945102656717e-02 1.00000000000000e+05 
1.92130764308487e-02 1.00000000000000e+05 
1.93320010663272e-02 1.00000000000000e+05 
1.94511604498431e-02 1.00000000000000e+05 
1.95706652387344e-02 1.00000000000000e+05 
1.96899228696625e-02 1.00000000000000e+05 
1.98087300061142e-02 1.00000000000000e+05 
1.99270513649107e-02 1.00000000000000e+05 
2.00450024933409e-02 1.00000000000000e+05 
2.01625561437652e-02 1.00000000000000e+05 
2.02798121496453e-02 1.00000000000000e+05 
2.03967830720819e-02 1.00000000000000e+05 
2.05135685591881e-02 1.00000000000000e+05 
2.06301730024738e-02 1.00000000000000e+05 
2.07467498573636e-02 1.00000000000000e+05 
2.08632349545484e-02 1.00000000000000e+05 
2.09797445175040e-02 1.00000000000000e+05 
2.10962232750041e-02 1.00000000000000e+05 
2.12126962686419e-02 1.00000000000000e+05 
2.13291235562090e-02 1.00000000000000e+05 
2.14510333070368e-02 1.00000000000000e+05 
2.15673926298902e-02 1.00000000000000e+05 
2.16908858193080e-02 1.00000000000000e+05 
2.18071916449380e-02 1.00000000000000e+05 
2.19343582947480e-02 1.00000000000000e+05 
2.20507221640913e-02 1.00000000000000e+05 
2.21787224203690e-02 1.00000000000000e+05 
2.22952827981451e-02 1.00000000000000e+05 
2.24125249602558e-02 1.00000000000000e+05 
2.25296762625230e-02 1.00000000000000e+05 
2.26469750673859e-02 1.00000000000000e+05 
2.27642909417790e-02 1.00000000000000e+05 
2.28818687834912e-02 1.00000000000000e+05 
2.29990493781264e-02 1.00000000000000e+05 
2.31159951133146e-02 1.00000000000000e+05 
2.32325277366169e-02 1.00000000000000e+05 
2.33489284294094e-02 1.00000000000000e+05 
2.34654565113971e-02 1.00000000000000e+05 
2.35826063726078e-02 1.00000000000000e+05 
2.37006168768359e-02 1.00000000000000e+05 
2.38197787924499e-02 1.00000000000000e+05 
2.39403682534964e-02 1.00000000000000e+05 
2.40618715799282e-02 1.00000000000000e+05 
2.41860050477269e-02 1.00000000000000e+05 
2.43133684325455e-02 1.00000000000000e+05 
2.44415625583922e-02 1.00000000000000e+05 
2.45697082580028e-02 1.00000000000000e+05 
2.46977157089587e-02 1.00000000000000e+05 
2.48256961183755e-02 1.00000000000000e+05 
2.49535942186320e-02 1.00000000000000e+05 
2.50702238479402e-02 1.00000000000000e+05 
2.51872237985612e-02 1.00000000000000e+05 
2.53047991438241e-02 1.00000000000000e+05 
2.54227254729476e-02 1.00000000000000e+05 
2.55412490617202e-02 1.00000000000000e+05 
2.56581700300875e-02 1.00000000000000e+05 
2.57776527435401e-02 1.00000000000000e+05 
2.58944040660254e-02 1.00000000000000e+05 
2.60111112173605e-02 1.00000000000000e+05 
2.61277887090730e-02 1.00000000000000e+05 
2.62444693269224e-02 1.00000000000000e+05 
2.63611656953219e-02 1.00000000000000e+05 
2.64779030035347e-02 1.00000000000000e+05 
2.65946888157762e-02 1.00000000000000e+05 
2.67115373864218e-02 1.00000000000000e+05 
2.68284498136502e-02 1.00000000000000e+05 
2.69454254916860e-02 1.00000000000000e+05 
2.70624514689438e-02 1.00000000000000e+05 
2.71795213809820e-02 1.00000000000000e+05 
2.72945248790846e-02 1.00000000000000e+05 
2.74099609398154e-02 1.00000000000000e+05 
2.75256901750150e-02 1.00000000000000e+05 
2.76417775214025e-02 1.00000000000000e+05 
2.77580825305413e-02 1.00000000000000e+05 
2.78746884170379e-02 1.00000000000000e+05 
2.79911925577169e-02 1.00000000000000e+05 
2.81076254495699e-02 1.00000000000000e+05 
2.82239833942092e-02 1.00000000000000e+05 
2.83403015613228e-02 1.00000000000000e+05 
2.84565738222961e-02 1.00000000000000e+05 
2.85728351252428e-02 1.00000000000000e+05 
2.86890738973866e-02 1.00000000000000e+05 
2.88053227273220e-02 1.00000000000000e+05 
2.89215639283779e-02 1.00000000000000e+05 
2.90378277926031e-02 1.00000000000000e+05 
2.91540908619905e-02 1.00000000000000e+05 
2.92703818761917e-02 1.00000000000000e+05 
2.93866729365440e-02 1.00000000000000e+05 
2.95029952286028e-02 1.00000000000000e+05 
2.96193159948021e-02 1.00000000000000e+05 
2.97356691582843e-02 1.00000000000000e+05 
2.98520142358240e-02 1.00000000000000e+05 
2.99683788324290e-02 1.00000000000000e+05 
3.00847082699891e-02 1.00000000000000e+05 
3.02010207775242e-02 1.00000000000000e+05 
3.03172439550103e-02 1.00000000000000e+05 
3.04334092722000e-02 1.00000000000000e+05 
3.05494451335489e-02 1.00000000000000e+05 
3.06654032410304e-02 1.00000000000000e+05 
3.07812166532921e-02 1.00000000000000e+05 
3.08969508069810e-02 1.00000000000000e+05 
3.10125437966064e-02 1.00000000000000e+05 
3.11280783178833e-02 1.00000000000000e+05 
3.12435006468312e-02 1.00000000000000e+05 
3.13589022760125e-02 1.00000000000000e+05 
3.14742344660053e-02 1.00000000000000e+05 
3.15895872957465e-02 1.00000000000000e+05 
3.17049129310604e-02 1.00000000000000e+05 
3.18203055676448e-02 1.00000000000000e+05 
3.19357143948342e-02 1.00000000000000e+05 
3.20512234984265e-02 1.00000000000000e+05 
3.21667769763785e-02 1.00000000000000e+05 
3.22824289346284e-02 1.00000000000000e+05 
3.23981246312221e-02 1.00000000000000e+05 
3.25139308305302e-02 1.00000000000000e+05 
3.26297936192941e-02 1.00000000000000e+05 
3.27457639603873e-02 1.00000000000000e+05 
3.28617884596063e-02 1.00000000000000e+05 
3.29778982025231e-02 1.00000000000000e+05 
3.30940455303292e-02 1.00000000000000e+05 
3.32102788788508e-02 1.00000000000000e+05 
3.33265527816161e-02 1.00000000000000e+05 
3.34428953721035e-02 1.00000000000000e+05 
3.35592673886864e-02 1.00000000000000e+05 
3.36756967520548e-02 1.00000000000000e+05 
3.37921485498662e-02 1.00000000000000e+05 
3.39086530474845e-02 1.00000000000000e+05 
3.40251813944111e-02 1.00000000000000e+05 
3.41417617273333e-02 1.00000000000000e+05 
3.42583645720914e-02 1.00000000000000e+05 
3.43750280212753e-02 1.00000000000000e+05 
3.44917172360356e-02 1.00000000000000e+05 
3.46084552096817e-02 1.00000000000000e+05 
3.47356105423981e-02 1.00000000000000e+05 
3.48630856223730e-02 1.00000000000000e+05 
3.49908244602305e-02 1.00000000000000e+05 
3.51189015569097e-02 1.00000000000000e+05 
3.52472625521262e-02 1.00000000000000e+05 
3.53759636220543e-02 1.00000000000000e+05 
3.55049707200530e-02 1.00000000000000e+05 
3.56343249344952e-02 1.00000000000000e+05 
3.57640140858165e-02 1.00000000000000e+05 
3.58919771223798e-02 1.00000000000000e+05 
3.60199576263760e-02 1.00000000000000e+05 
3.61480387296368e-02 1.00000000000000e+05 
3.62658518588794e-02 1.00000000000000e+05 
3.63837063078923e-02 1.00000000000000e+05 
3.65016158242673e-02 1.00000000000000e+05 
3.66195719886356e-02 1.00000000000000e+05 
3.67375825549236e-02 1.00000000000000e+05 
3.68556443919276e-02 1.00000000000000e+05 
3.69728729981194e-02 1.00000000000000e+05 
3.70910428703659e-02 1.00000000000000e+05 
3.72083023060719e-02 1.00000000000000e+05 
3.73265805585647e-02 1.00000000000000e+05 
3.74438762059020e-02 1.00000000000000e+05 
3.75622641408051e-02 1.00000000000000e+05 
3.76795968656160e-02 1.00000000000000e+05 
3.77980977163106e-02 1.00000000000000e+05 
3.79154375912421e-02 1.00000000000000e+05 
3.80328243993345e-02 1.00000000000000e+05 
3.81502077198763e-02 1.00000000000000e+05 
3.82689508555548e-02 1.00000000000000e+05 
3.83863544949122e-02 1.00000000000000e+05 
3.85038107422360e-02 1.00000000000000e+05 
3.86212682949094e-02 1.00000000000000e+05 
3.87402929156514e-02 1.00000000000000e+05 
3.88577785726937e-02 1.00000000000000e+05 
3.89769702365894e-02 1.00000000000000e+05 
3.90962393979453e-02 1.00000000000000e+05 
3.92156240068108e-02 1.00000000000000e+05 
3.93332032505595e-02 1.00000000000000e+05 
3.94528115624622e-02 1.00000000000000e+05 
3.95725331187477e-02 1.00000000000000e+05 
3.96924068726941e-02 1.00000000000000e+05 
3.98124154226716e-02 1.00000000000000e+05 
3.99325957700138e-02 1.00000000000000e+05 
4.00529281900071e-02 1.00000000000000e+05 
4.01734559802042e-02 1.00000000000000e+05 
4.02941641824434e-02 1.00000000000000e+05 
4.04151018058303e-02 1.00000000000000e+05 
4.05362578977724e-02 1.00000000000000e+05 
4.06569391677620e-02 1.00000000000000e+05 
4.07784658016555e-02 1.00000000000000e+05 
4.09007743597034e-02 1.00000000000000e+05 
4.10244610440596e-02 1.00000000000000e+05 
4.11495173324814e-02 1.00000000000000e+05 
4.12761666742780e-02 1.00000000000000e+05 
4.14042153117316e-02 1.00000000000000e+05 
4.15339318102881e-02 1.00000000000000e+05 
4.16650307441430e-02 1.00000000000000e+05 
4.17979555864266e-02 1.00000000000000e+05 
4.19281471139562e-02 1.00000000000000e+05 
4.20582505736296e-02 1.00000000000000e+05 
4.21883260275289e-02 1.00000000000000e+05 
4.23183484643607e-02 1.00000000000000e+05 
4.24483699636756e-02 1.00000000000000e+05 
4.25783920938827e-02 1.00000000000000e+05 
4.27084516533550e-02 1.00000000000000e+05 
4.28385927497853e-02 1.00000000000000e+05 
4.29687903430431e-02 1.00000000000000e+05 
4.30991489436881e-02 1.00000000000000e+05 
4.32295859806861e-02 1.00000000000000e+05 
4.33602714623821e-02 1.00000000000000e+05 
4.34910621032541e-02 1.00000000000000e+05 
4.36221925380274e-02 1.00000000000000e+05 
4.37534561614845e-02 1.00000000000000e+05 
4.38724159041902e-02 1.00000000000000e+05 
4.39914518670458e-02 1.00000000000000e+05 
4.41105411765175e-02 1.00000000000000e+05 
4.42297310847935e-02 1.00000000000000e+05 
4.43489917564193e-02 1.00000000000000e+05 
4.44683772307121e-02 1.00000000000000e+05 
4.45878500010291e-02 1.00000000000000e+05 
4.47074649275968e-02 1.00000000000000e+05 
4.48271786223719e-02 1.00000000000000e+05 
4.49470469505503e-02 1.00000000000000e+05 
4.50670203954284e-02 1.00000000000000e+05 
4.51871566661419e-02 1.00000000000000e+05 
4.53074088055203e-02 1.00000000000000e+05 
4.54278307044675e-02 1.00000000000000e+05 
4.55483774622863e-02 1.00000000000000e+05 
4.56690964460079e-02 1.00000000000000e+05 
4.57899462244824e-02 1.00000000000000e+05 
4.59109688769061e-02 1.00000000000000e+05 
4.60321277682475e-02 1.00000000000000e+05 
4.61534598580354e-02 1.00000000000000e+05 
4.62749350310123e-02 1.00000000000000e+05 
4.63965867034970e-02 1.00000000000000e+05 
4.65183915959352e-02 1.00000000000000e+05 
4.66403790984448e-02 1.00000000000000e+05 
4.67625328747343e-02 1.00000000000000e+05 
4.68848784180199e-02 1.00000000000000e+05 
4.70074073453355e-02 1.00000000000000e+05 
4.71301409744009e-02 1.00000000000000e+05 
4.72530817379048e-02 1.00000000000000e+05 
4.73762504286881e-02 1.00000000000000e+05 
4.74989534901129e-02 1.00000000000000e+05 
4.76219389061161e-02 1.00000000000000e+05 
4.77456859653327e-02 1.00000000000000e+05 
4.78697323089420e-02 1.00000000000000e+05 
4.79947679871908e-02 1.00000000000000e+05 
4.81204474766512e-02 1.00000000000000e+05 
4.82471660689900e-02 1.00000000000000e+05 
4.83748540602896e-02 1.00000000000000e+05 
4.85035969572125e-02 1.00000000000000e+05 
4.86332605105760e-02 1.00000000000001e+05 
4.87637368825488e-02 1.00000000000001e+05 
4.88946969028042e-02 1.00000000000001e+05 
4.90263864150686e-02 1.00000000000001e+05 
4.91585611689291e-02 1.00000000000001e+05 
4.92915007228634e-02 1.00000000000001e+05 
4.94249919557323e-02 1.00000000000001e+05 
4.95593410831233e-02 1.00000000000001e+05 
4.96943488173447e-02 1.00000000000001e+05 
4.98303475153627e-02 1.00000000000001e+05 
4.99671437946720e-02 1.00000000000001e+05 
5.01048989285558e-02 1.00000000000001e+05 
5.02429372854374e-02 1.00000000000001e+05 
5.03811057866897e-02 1.00000000000001e+05 
5.05193642177027e-02 1.00000000000001e+05 
5.06577744983007e-02 1.00000000000001e+05 
5.07962556415396e-02 1.00000000000001e+05 
5.09347624280792e-02 1.00000000000001e+05 
5.10733029893709e-02 1.00000000000001e+05 
5.11943762087895e-02 1.00000000000001e+05 
5.13154600524406e-02 1.00000000000001e+05 
5.14365447815353e-02 1.00000000000001e+05 
5.15576541323022e-02 1.00000000000001e+05 
5.16787664453010e-02 1.00000000000001e+05 
5.17999020987205e-02 1.00000000000001e+05 
5.19210298961818e-02 1.00000000000001e+05 
5.20421731536867e-02 1.00000000000001e+05 
5.21632974183228e-02 1.00000000000001e+05 
5.22844312000615e-02 1.00000000000001e+05 
5.24055379033513e-02 1.00000000000001e+05 
5.25266524578421e-02 1.00000000000001e+05 
5.26477364987820e-02 1.00000000000001e+05 
5.27688302347095e-02 1.00000000000001e+05 
5.28898956243800e-02 1.00000000000001e+05 
5.30109770198010e-02 1.00000000000001e+05 
5.31320315268044e-02 1.00000000000001e+05 
5.32531078495484e-02 1.00000000000001e+05 
5.33741632610069e-02 1.00000000000001e+05 
5.34952501401806e-02 1.00000000000001e+05 
5.36163209715910e-02 1.00000000000001e+05 
5.37374312350241e-02 1.00000000000001e+05 
5.38580241435881e-02 1.00000000000001e+05 
5.39785964529311e-02 1.00000000000001e+05 
5.40991359521200e-02 1.00000000000001e+05 
5.42196570242414e-02 1.00000000000001e+05 
5.43401489354547e-02 1.00000000000001e+05 
5.44606236520351e-02 1.00000000000001e+05 
5.45810712731077e-02 1.00000000000001e+05 
5.47015026203093e-02 1.00000000000001e+05 
5.48219080040759e-02 1.00000000000001e+05 
5.49422975126097e-02 1.00000000000002e+05 
5.50626608679871e-02 1.00000000000002e+05 
5.51830233939681e-02 1.00000000000002e+05 
5.53033720508077e-02 1.00000000000002e+05 
5.54252101800649e-02 1.00000000000002e+05 
5.55455225541924e-02 1.00000000000002e+05 
5.56675817329074e-02 1.00000000000002e+05 
5.57878284829985e-02 1.00000000000002e+05 
5.59101453142834e-02 1.00000000000002e+05 
5.60303528653511e-02 1.00000000000002e+05 
5.61529822821268e-02 1.00000000000002e+05 
5.62757623697536e-02 1.00000000000002e+05 
5.63987646296912e-02 1.00000000000002e+05 
5.65219597293673e-02 1.00000000000002e+05 
5.66454188328306e-02 1.00000000000002e+05 
5.67691247131646e-02 1.00000000000002e+05 
5.68931463282483e-02 1.00000000000003e+05 
5.70174821508225e-02 1.00000000000003e+05 
5.71422016630010e-02 1.00000000000003e+05 
5.72649775218741e-02 1.00000000000003e+05 
5.73899542244546e-02 1.00000000000003e+05 
5.75142277363543e-02 1.00000000000003e+05 
5.76407122091056e-02 1.00000000000003e+05 
5.77657801607017e-02 1.00000000000003e+05 
5.78935375072368e-02 1.00000000000003e+05 
5.80195645043174e-02 1.00000000000003e+05 
5.81487183096098e-02 1.00000000000003e+05 
5.82760038367140e-02 1.00000000000003e+05 
5.84069627486257e-02 1.00000000000003e+05 
5.85359985036195e-02 1.00000000000004e+05 
5.86697466052785e-02 1.00000000000004e+05 
5.88008252853466e-02 1.00000000000004e+05 
5.89344555220036e-02 1.00000000000004e+05 
5.90678270540274e-02 1.00000729274576e+05 
5.92013339687599e-02 1.00038128338549e+05 
5.93344970167038e-02 1.00135734211449e+05 
5.94677106337207e-02 1.00306806756122e+05 
5.96009403458306e-02 1.00569330973588e+05 
5.97343848410215e-02 1.00935616304087e+05 
5.98679786769958e-02 1.01427766318560e+05 
6.00018952429909e-02 1.02052216825765e+05 
6.01356932542253e-02 1.02831891770877e+05 
6.02697384237833e-02 1.03741613263039e+05 
6.04039485663606e-02 1.04775645349689e+05 
6.05384926422808e-02 1.05933696895162e+05 
6.06586798750079e-02 1.07060518667634e+05 
6.07789489007418e-02 1.08269199833279e+05 
6.08991873393246e-02 1.09542192783304e+05 
6.10194951860451e-02 1.10885726686160e+05 
6.11397672052996e-02 1.12297264348620e+05 
6.12601163013131e-02 1.13753837662834e+05 
6.13804385259302e-02 1.15224741798970e+05 
6.15008519053764e-02 1.16687811315918e+05 
6.16212516881692e-02 1.18122537779485e+05 
6.17417586723205e-02 1.19510417095916e+05 
6.18622660711151e-02 1.20839770458703e+05 
6.19828967864331e-02 1.22195804153205e+05 
6.21035163842773e-02 1.23590942399364e+05 
6.22242803766740e-02 1.24798409760397e+05 
6.23450561789990e-02 1.25839065238542e+05 
6.24660000005838e-02 1.26723307286005e+05 
6.25869827260102e-02 1.27464034056219e+05 
6.27081419621124e-02 1.28074428977370e+05 
6.28293563655855e-02 1.28567616506195e+05 
6.29507646757585e-02 1.28951573837956e+05 
6.30722505308207e-02 1.29083520915145e+05 
6.31939568761540e-02 1.29066227806543e+05 
6.33157981761426e-02 1.29051485074834e+05 
6.34378831719639e-02 1.29037752802506e+05 
6.35600981651119e-02 1.29020668231273e+05 
6.36826506224830e-02 1.28986190632381e+05 
6.38058249181914e-02 1.28934318498824e+05 
6.39296076373466e-02 1.28865059249007e+05 
6.40540903050461e-02 1.28776838620126e+05 
6.41792691753058e-02 1.28665930426642e+05 
6.43052928390589e-02 1.28522901811014e+05 
6.44321096350906e-02 1.28343968117340e+05 
6.45599004882507e-02 1.28126028712158e+05 
6.46886245199425e-02 1.27873693229891e+05 
6.48185049960863e-02 1.27597782009301e+05 
6.49494999661926e-02 1.27299754357665e+05 
6.50818708717148e-02 1.26979373966552e+05 
6.52152971926715e-02 1.26642937841451e+05 
6.53482009057613e-02 1.26296987674213e+05 
6.54817743950028e-02 1.25941331711255e+05 
6.56151140680674e-02 1.25581349409917e+05 
6.57490728003360e-02 1.25218508606703e+05 
6.58825080311964e-02 1.24858351077612e+05 
6.60164107946298e-02 1.24500679886247e+05 
6.61497508864546e-02 1.24150146497977e+05 
6.62835394205479e-02 1.23806207588338e+05 
6.64167893848162e-02 1.23472717457228e+05 
6.65504975990575e-02 1.23148783457331e+05 
6.66731097439905e-02 1.22861941247874e+05 
6.68018095772728e-02 1.22572083019196e+05 
6.69269633325203e-02 1.22301584454625e+05 
6.70574792781371e-02 1.22031910029279e+05 
6.71841463259764e-02 1.21782395483310e+05 
6.73162182409404e-02 1.21534549361490e+05 
6.74448213606379e-02 1.21305834584900e+05 
6.75773883131295e-02 1.21082645547981e+05 
6.77081803773234e-02 1.20874473115665e+05 
6.78411129272433e-02 1.20675304506149e+05 
6.79740843236337e-02 1.20487079444481e+05 
6.81071624625553e-02 1.20309697020342e+05 
6.82401491317910e-02 1.20141830222315e+05 
6.83738588508650e-02 1.19982370595327e+05 
6.85077571990616e-02 1.19830285985446e+05 
6.86423666769413e-02 1.19685147120933e+05 
6.87770064749374e-02 1.19545545455039e+05 
6.89120944274476e-02 1.19411421812035e+05 
6.90470835934810e-02 1.19281225106595e+05 
6.91824573143428e-02 1.19153975178940e+05 
6.93177251198983e-02 1.19028746497342e+05 
6.94531360048267e-02 1.18904168088930e+05 
6.95884456361172e-02 1.18780475092650e+05 
6.97238886799350e-02 1.18656707748343e+05 
6.98591773405694e-02 1.18533636497693e+05 
6.99950497652605e-02 1.18407481236822e+05 
7.01313029631964e-02 1.18278423553939e+05 
7.02682641343936e-02 1.18146007578923e+05 
7.04055037297803e-02 1.18010638943767e+05 
7.05433145526370e-02 1.17871551182753e+05 
7.06813774194500e-02 1.17726550400267e+05 
7.08199526708715e-02 1.17580209166864e+05 
7.09582125575392e-02 1.17433322526268e+05 
7.10973240902548e-02 1.17284250530133e+05 
7.12371937418964e-02 1.17133055985965e+05 
7.13775790974054e-02 1.16978183958406e+05 
7.15182860750098e-02 1.16820418108599e+05 
7.16593073759250e-02 1.16659107947256e+05 
7.18005754927883e-02 1.16493694265632e+05 
7.19423716536438e-02 1.16323980004484e+05 
7.20842718882508e-02 1.16150193924115e+05 
7.22266801651887e-02 1.15973106152082e+05 
7.23693152508715e-02 1.15793140051595e+05 
7.25121857390097e-02 1.15610454288848e+05 
7.26554921134062e-02 1.15425084090693e+05 
7.27987216141168e-02 1.15237779345573e+05 
7.29424214288533e-02 1.15048268880515e+05 
7.30860591815185e-02 1.14857658311275e+05 
7.32301768147962e-02 1.14665511660490e+05 
7.33742311175479e-02 1.14472924335976e+05 
7.35187646273643e-02 1.14279350231119e+05 
7.36632620292789e-02 1.14085855863552e+05 
7.38082191524131e-02 1.13891930803862e+05 
7.39531136562193e-02 1.13698634476550e+05 
7.40984814842276e-02 1.13505392008152e+05 
7.42437808666292e-02 1.13313229800095e+05 
7.43895460412155e-02 1.13121554497071e+05 
7.45352398045102e-02 1.12931308817844e+05 
7.46814277692330e-02 1.12741851204134e+05 
7.48274934940354e-02 1.12554146804109e+05 
7.49740677642674e-02 1.12367473352789e+05 
7.51205958226616e-02 1.12182650730856e+05 
7.52676343302916e-02 1.11999053619628e+05 
7.54145501584082e-02 1.11817539396697e+05 
7.55619742665810e-02 1.11637391126074e+05 
7.57093471628526e-02 1.11459318870613e+05 
7.58572263201449e-02 1.11282701812101e+05 
7.60049765167382e-02 1.11108285759557e+05 
7.61532321623228e-02 1.10935368468643e+05 
7.63014332110091e-02 1.10764566050456e+05 
7.64501378654537e-02 1.10595277498535e+05 
7.65987106511118e-02 1.10428165825515e+05 
7.67478227689145e-02 1.10262511833419e+05 
7.68968243453519e-02 1.10098956342217e+05 
7.70463493105613e-02 1.09936830888980e+05 
7.71960971020005e-02 1.09776371240169e+05 
7.73458678397961e-02 1.09617810897448e+05 
7.74957039543525e-02 1.09460992681636e+05 
7.76532966665166e-02 1.09298021267682e+05 
7.78072837809033e-02 1.09140597508827e+05 
7.79575070635342e-02 1.08988759899352e+05 
7.81080312381345e-02 1.08838227823545e+05 
7.82588040769120e-02 1.08689061871130e+05 
7.84097022072296e-02 1.08541291111699e+05 
7.85701373918518e-02 1.08385836253220e+05 
7.87255000402700e-02 1.08236836234327e+05 
7.88769402376799e-02 1.08093048061267e+05 
7.90287023742184e-02 1.07950318882318e+05 
7.91810382817438e-02 1.07808396527948e+05 
7.93441743445054e-02 1.07657870656190e+05 
7.95074648185405e-02 1.07508659572968e+05 
7.96715326727939e-02 1.07360195819203e+05 
7.98359810083756e-02 1.07212812480139e+05 
8.00009893666030e-02 1.07066364014418e+05 
8.01664475207858e-02 1.06920941899040e+05 
8.03325423019731e-02 1.06776406173372e+05 
8.04991487014994e-02 1.06632870694876e+05 
8.06665283391611e-02 1.06490139441090e+05 
8.08345438840772e-02 1.06348338565863e+05 
8.10029331152290e-02 1.06207714734671e+05 
8.11714593467423e-02 1.06068460297144e+05 
8.13401114056694e-02 1.05930600107448e+05 
8.15089701063560e-02 1.05794059608657e+05 
8.16779735949914e-02 1.05658907139603e+05 
8.18471500962574e-02 1.05525112191881e+05 
8.20164122880297e-02 1.05392763026705e+05 
8.21857670737528e-02 1.05261847329645e+05 
8.23551387530835e-02 1.05132444271155e+05 
8.25245378520943e-02 1.05004506133612e+05 
8.26939456779513e-02 1.04878122877321e+05 
8.28633625820059e-02 1.04753205993474e+05 
8.30328077405076e-02 1.04629834245413e+05 
8.32022026649368e-02 1.04508064099905e+05 
8.33717181186111e-02 1.04387787776100e+05 
8.35410896448630e-02 1.04269274396075e+05 
8.37105905017402e-02 1.04152346254247e+05 
8.38798984624904e-02 1.04037280173547e+05 
8.40492694225049e-02 1.03923916006869e+05 
8.42185833610654e-02 1.03812374309308e+05 
8.43879973026022e-02 1.03702571128117e+05 
8.45573469588666e-02 1.03594643496916e+05 
8.47267326769083e-02 1.03488547841537e+05 
8.48960916516531e-02 1.03384342469308e+05 
8.50654056064862e-02 1.03282061221550e+05 
8.52347232451494e-02 1.03181687652739e+05 
8.54039711979014e-02 1.03083279560129e+05 
8.55732341500168e-02 1.02986800596060e+05 
8.57424384334994e-02 1.02892299640146e+05 
8.59116677741353e-02 1.02799728271042e+05 
8.60808441660036e-02 1.02709124423465e+05 
8.62500493328819e-02 1.02620435619689e+05 
8.64192050925875e-02 1.02533684027735e+05 
8.65883939668614e-02 1.02448809992578e+05 
8.67575407938940e-02 1.02365818978920e+05 
8.69262317959095e-02 1.02284879159920e+05 
8.70941197367461e-02 1.02206093454762e+05 
8.72614948254814e-02 1.02129270076166e+05 
8.74281447531310e-02 1.02054434851145e+05 
8.75943345016533e-02 1.01981412774979e+05 
8.77598712641538e-02 1.01910213457159e+05 
8.79250064598767e-02 1.01840675400244e+05 
8.80897073945719e-02 1.01772739150288e+05 
8.82534880464072e-02 1.01706550530897e+05 
8.84168831833713e-02 1.01641816463855e+05 
8.85796031876191e-02 1.01578604749947e+05 
8.87419469685364e-02 1.01516729005081e+05 
8.89037096169647e-02 1.01456225551167e+05 
8.90651291075821e-02 1.01396942636126e+05 
8.92260855799187e-02 1.01338887798221e+05 
8.93867365695593e-02 1.01281947357090e+05 
8.95473091290099e-02 1.01226013056855e+05 
8.97072416155944e-02 1.01171232870250e+05 
8.98675652208431e-02 1.01117226958258e+05 
9.00278107218010e-02 1.01064122466729e+05 
9.01882789178447e-02 1.01011790982119e+05 
9.03485087395499e-02 1.00960370857969e+05 
9.05089443968265e-02 1.00909677908671e+05 
9.06690655814274e-02 1.00859851556432e+05 
9.08294471873753e-02 1.00810681357115e+05 
9.09895607135038e-02 1.00762343301361e+05 
9.11499695215126e-02 1.00714653688062e+05 
9.13101267859018e-02 1.00667751608880e+05 
9.14705913575842e-02 1.00621466780243e+05 
9.16308155606612e-02 1.00576039445627e+05 
9.17827372641604e-02 1.00533726925284e+05 
9.19430851416911e-02 1.00489963496912e+05 
9.20845406668090e-02 1.00451871041350e+05 
9.22251714328922e-02 1.00414757757540e+05 
9.23657328481516e-02 1.00378589323706e+05 
9.25064889118881e-02 1.00343453622545e+05 
9.26479379962156e-02 1.00309341859110e+05 
9.27900446534842e-02 1.00276295359646e+05 
9.29329978835661e-02 1.00243678098966e+05 
9.30766402769782e-02 1.00210964597541e+05 
9.32210134764272e-02 1.00180389841194e+05 
9.33656900735014e-02 1.00151782650653e+05 
9.35109072794570e-02 1.00124878135311e+05 
9.36561890985830e-02 1.00099504656472e+05 
9.38015263004520e-02 1.00075504103299e+05 
9.39469140378332e-02 1.00052738669892e+05 
9.40924325307834e-02 1.00031649481361e+05 
9.42380368169241e-02 1.00013129597976e+05 
9.43838290931219e-02 9.99947028545008e+04 
9.45297288390073e-02 9.99764294943848e+04 
9.46758554406926e-02 9.99582586874027e+04 
9.48221041438685e-02 9.99402639443757e+04 
9.49686092107369e-02 9.99229614161702e+04 
9.51152506915562e-02 9.99070476086626e+04 
9.52621764588870e-02 9.98923939666841e+04 
9.54092538147075e-02 9.98794470562988e+04 
9.55566433566864e-02 9.98685765589364e+04 
9.57042006040001e-02 9.98600870328863e+04 
9.58520992652516e-02 9.98543036691554e+04 
9.60001834814139e-02 9.98515260752068e+04 
9.61486423753228e-02 9.98517467797156e+04 
9.62973097693924e-02 9.98543965630228e+04 
9.64463913002126e-02 9.98595778295598e+04 
9.65957107473325e-02 9.98672646725118e+04 
9.67454913037607e-02 9.98774234841275e+04 
9.68955465926430e-02 9.98899598451185e+04 
9.70461189086146e-02 9.99048209412329e+04 
9.71970112909559e-02 9.99218734196908e+04 
9.73484862419192e-02 9.99410210398299e+04 
9.75003381020533e-02 9.99620834823917e+04 
9.76528502183870e-02 9.99849655669979e+04 
9.78058119306010e-02 1.00009479578903e+05 
9.79595288361281e-02 1.00035487566868e+05 
9.81137834938544e-02 1.00062760421436e+05 
9.82689135318044e-02 1.00091181335916e+05 
9.84246936444238e-02 1.00120508335976e+05 
9.85807403180662e-02 1.00150465919830e+05 
9.87383414655721e-02 1.00181076063385e+05 
9.88947491124256e-02 1.00211578607504e+05 
9.90534896850342e-02 1.00242405216027e+05 
9.92103375245672e-02 1.00272438097119e+05 
9.93697082314279e-02 1.00302422853812e+05 
9.95271625257733e-02 1.00331349145598e+05 
9.96883287790390e-02 1.00360034986067e+05 
9.98462462535798e-02 1.00387014062417e+05 
1.00007610976627e-01 1.00413203733334e+05 
1.00166101102368e-01 1.00437362205683e+05 
1.00327779181994e-01 1.00460487236648e+05 
1.00486923672958e-01 1.00481861110612e+05 
1.00649014168731e-01 1.00501755181701e+05 
1.00808911624597e-01 1.00519214332944e+05 
1.00971493030858e-01 1.00534525034091e+05 
1.01132262611088e-01 1.00547133463308e+05 
1.01277282697114e-01 1.00556313044352e+05 
1.01436804791744e-01 1.00566919290642e+05 
1.01581866602795e-01 1.00573924700001e+05 
1.01726947556293e-01 1.00577793108299e+05 
1.01872022726761e-01 1.00578971263632e+05 
1.02031605414275e-01 1.00577587286335e+05 
1.02196138667763e-01 1.00573691477961e+05 
1.02341150422337e-01 1.00568372191768e+05 
1.02486080775602e-01 1.00561458064650e+05 
1.02630990769225e-01 1.00549783448679e+05 
1.02775993406326e-01 1.00538125330997e+05 
1.02920764158884e-01 1.00526523604344e+05 
1.03065417776030e-01 1.00515068721587e+05 
1.03210024297057e-01 1.00503480079067e+05 
1.03354718386860e-01 1.00491235542473e+05 
1.03499172698803e-01 1.00478363258999e+05 
1.03643499312522e-01 1.00464734770220e+05 
1.03787743043099e-01 1.00450129011321e+05 
1.03932054287916e-01 1.00434304718325e+05 
1.04076564791083e-01 1.00417182716734e+05 
1.04221313637531e-01 1.00398674543343e+05 
1.04365897211003e-01 1.00379296256655e+05 
1.04510361361593e-01 1.00359097057759e+05 
1.04654753883141e-01 1.00338458233071e+05 
1.04799199779924e-01 1.00317643779355e+05 
1.04943801338468e-01 1.00296918427363e+05 
1.05088588536524e-01 1.00276475856184e+05 
1.05233495712261e-01 1.00256450263686e+05 
1.05378308521074e-01 1.00235673062923e+05 
1.05523027798840e-01 1.00215781737420e+05 
1.05667672676820e-01 1.00197683898141e+05 
1.05812265742587e-01 1.00181133392391e+05 
1.05956811279305e-01 1.00166048605834e+05 
1.06101339761652e-01 1.00152258773510e+05 
1.06260321092235e-01 1.00138573297971e+05 
1.06425920470141e-01 1.00125943097617e+05 
1.06591449999063e-01 1.00117110047915e+05 
1.06757101052836e-01 1.00108664863977e+05 
1.06922653938123e-01 1.00100350258747e+05 
1.07088346756838e-01 1.00092146224358e+05 
1.07253931699996e-01 1.00084344109038e+05 
1.07419645874033e-01 1.00078100458789e+05 
1.07585247671609e-01 1.00073555325543e+05 
1.07750976358035e-01 1.00070610213476e+05 
1.07916592251729e-01 1.00070024917410e+05 
1.08082335413848e-01 1.00072128957605e+05 
1.08247965189560e-01 1.00077173586079e+05 
1.08413797079538e-01 1.00085454349797e+05 
1.08579520433608e-01 1.00096002418250e+05 
1.08745427492477e-01 1.00108710877344e+05 
1.08911245420951e-01 1.00123474341251e+05 
1.09077270158499e-01 1.00140147077480e+05 
1.09243180112093e-01 1.00158493237788e+05 
1.09409338197492e-01 1.00178373817028e+05 
1.09575403048224e-01 1.00199512176566e+05 
1.09741646019395e-01 1.00221732136348e+05 
1.09907792775590e-01 1.00244769795252e+05 
1.10074128818832e-01 1.00268498858338e+05 
1.10240341768123e-01 1.00292680094534e+05 
1.10406709935283e-01 1.00317210345645e+05 
1.10572976904676e-01 1.00341864024949e+05 
1.10739426867962e-01 1.00366558465515e+05 
1.10905755245141e-01 1.00391075749318e+05 
1.11072314433973e-01 1.00415350201865e+05 
1.11238778766789e-01 1.00439189371274e+05 
1.11405408483196e-01 1.00462560089382e+05 
1.11571942469985e-01 1.00485310713954e+05 
1.11738655620005e-01 1.00507422915744e+05 
1.11905246127735e-01 1.00528757636036e+05 
1.12071982914344e-01 1.00549298445382e+05 
1.12238619021345e-01 1.00568912532993e+05 
1.12405430916228e-01 1.00587554134705e+05 
1.12572122034102e-01 1.00605144373349e+05 
1.12738959452250e-01 1.00621704645642e+05 
1.12905698448637e-01 1.00637150761766e+05 
1.13072612904285e-01 1.00651528001756e+05 
1.13239407727423e-01 1.00664605552734e+05 
1.13406347405078e-01 1.00676354905452e+05 
1.13573188378329e-01 1.00686713428646e+05 
1.13740202205441e-01 1.00695960313171e+05 
1.13907094738352e-01 1.00703760309778e+05 
1.14074206634597e-01 1.00709814579681e+05 
1.14241222337340e-01 1.00714245922330e+05 
1.14408390269436e-01 1.00717067994959e+05 
1.14575458860033e-01 1.00718087845002e+05 
1.14742691748479e-01 1.00719067522511e+05 
1.14909795608025e-01 1.00717247878281e+05 
1.15077027737398e-01 1.00712991368284e+05 
1.15244149752287e-01 1.00706568376913e+05 
1.15411427298596e-01 1.00698293483781e+05 
1.15578570536547e-01 1.00688219197106e+05 
1.15745836286390e-01 1.00674793599669e+05 
1.15912986126576e-01 1.00661212534607e+05 
1.16080207024347e-01 1.00647271782234e+05 
1.16247279937912e-01 1.00633151462311e+05 
1.16414484543736e-01 1.00617772654244e+05 
1.16581539444766e-01 1.00601153053373e+05 
1.16748707189109e-01 1.00582965876654e+05 
1.16915745403453e-01 1.00562789873173e+05 
1.17082923614189e-01 1.00540325253380e+05 
1.17249944118591e-01 1.00515422296702e+05 
1.17417068458590e-01 1.00489419750569e+05 
1.17584048699705e-01 1.00462330302708e+05 
1.17751157471822e-01 1.00434440768026e+05 
1.17918093314299e-01 1.00403640127638e+05 
1.18085121090493e-01 1.00374028314920e+05 
1.18251989791569e-01 1.00346318875331e+05 
1.18418976310259e-01 1.00318781668376e+05 
1.18585775791416e-01 1.00291973527554e+05 
1.18752733947806e-01 1.00265921629233e+05 
1.18919523752970e-01 1.00243246496428e+05 
1.19086402768576e-01 1.00220707397841e+05 
1.19253105875919e-01 1.00194176820245e+05 
1.19419911815672e-01 1.00170755296671e+05 
1.19586510653991e-01 1.00154553548280e+05 
1.19753252072161e-01 1.00147658223801e+05 
1.19919807065656e-01 1.00153362080278e+05 
1.20086439210501e-01 1.00170874143612e+05 
1.20252881297349e-01 1.00201678879309e+05 
1.20419419479695e-01 1.00251168485895e+05 
1.20585740346946e-01 1.00327378465314e+05 
1.20752200234905e-01 1.00420563930579e+05 
1.20918466687439e-01 1.00527907210911e+05 
1.21084887167434e-01 1.00654884421707e+05 
1.21251118131526e-01 1.00799396174089e+05 
1.21417505398869e-01 1.00958342983853e+05 
1.21583703753010e-01 1.01134925732274e+05 
1.21750059632593e-01 1.01324791477131e+05 
1.21916228491947e-01 1.01526541412127e+05 
1.22082557407801e-01 1.01738751749774e+05 
1.22248702782519e-01 1.01959700502358e+05 
1.22415011985408e-01 1.02187272927747e+05 
1.22581142131991e-01 1.02419410119287e+05 
1.22747440619903e-01 1.02654211839505e+05 
1.22913564916738e-01 1.02887864390394e+05 
1.23079862298982e-01 1.03119232884971e+05 
1.23245990217353e-01 1.03344765788909e+05 
1.23412295774370e-01 1.03563441927657e+05 
1.23578436085349e-01 1.03771407990140e+05 
1.23744758131517e-01 1.03967632911190e+05 
1.23910918454509e-01 1.04151590811493e+05 
1.24077260901658e-01 1.04318071735723e+05 
1.24243444089227e-01 1.04472351247459e+05 
1.24409815003208e-01 1.04600407644928e+05 
1.24576028894116e-01 1.04700999724574e+05 
1.24742433205766e-01 1.04795775379839e+05 
1.24908682368860e-01 1.04857555406882e+05 
1.25075124497700e-01 1.04895090389000e+05 
1.25241413142335e-01 1.04911266154133e+05 
1.25407897237981e-01 1.04909938402969e+05 
1.25574229129631e-01 1.04885090977618e+05 
1.25740758749196e-01 1.04831004019351e+05 
1.25907188387130e-01 1.04775581054160e+05 
1.26073321654789e-01 1.04717650219723e+05 
1.26239335880585e-01 1.04658642108284e+05 
1.26405132681351e-01 1.04596572216666e+05 
1.26570887504596e-01 1.04530927093233e+05 
1.26736634941921e-01 1.04462470368799e+05 
1.26915873828947e-01 1.04384970030111e+05 
1.27095766941544e-01 1.04302709898420e+05 
1.27275284418520e-01 1.04219054186021e+05 
1.27455448288808e-01 1.04132799203374e+05 
1.27621410955149e-01 1.04052196753071e+05 
1.27788073013317e-01 1.03969901824078e+05 
1.27954914472597e-01 1.03886777590130e+05 
1.28121526122640e-01 1.03803028832897e+05 
1.28288100956367e-01 1.03718962325413e+05 
1.28454868654943e-01 1.03633500953045e+05 
1.28632533665639e-01 1.03542799477677e+05 
1.28798741520211e-01 1.03458755120249e+05 
1.28965216843101e-01 1.03375171480949e+05 
1.29131716542544e-01 1.03292410006858e+05 
1.29298124876232e-01 1.03210161026203e+05 
1.29475584786070e-01 1.03122781334473e+05 
1.29651904334925e-01 1.03036153104687e+05 
1.29829177268265e-01 1.02949345166204e+05 
1.30005255143913e-01 1.02863100054181e+05 
1.30182332398457e-01 1.02776173621426e+05 
1.30358273784552e-01 1.02689548851885e+05 
1.30535243972800e-01 1.02601932433879e+05 
1.30711142628078e-01 1.02514321676693e+05 
1.30888102788600e-01 1.02425985009881e+05 
1.31064053697834e-01 1.02337942948669e+05 
1.31241097833810e-01 1.02249223691394e+05 
1.31417188761855e-01 1.02160782513098e+05 
1.31594397880560e-01 1.02071679051942e+05 
1.31770700004461e-01 1.01982876798476e+05 
1.31948139292650e-01 1.01893460756505e+05 
1.32124709703256e-01 1.01804410427986e+05 
1.32302433011521e-01 1.01714828922554e+05 
1.32479322367932e-01 1.01625702954193e+05 
1.32657374032332e-01 1.01536130300158e+05 
1.32834626064090e-01 1.01447073888155e+05 
1.33013043958059e-01 1.01357649359078e+05 
1.33190694510938e-01 1.01268805450194e+05 
1.33369413915546e-01 1.01179719466185e+05 
1.33547495198313e-01 1.01091226413939e+05 
1.33725905671758e-01 1.01002936749208e+05 
1.33904085835826e-01 1.00915115677753e+05 
1.34082161861206e-01 1.00827785314015e+05 
1.34260090329768e-01 1.00740954051148e+05 
1.34437860175065e-01 1.00654703697214e+05 
1.34615502036680e-01 1.00569007175745e+05 
1.34792992508500e-01 1.00483952567446e+05 
1.34970372783609e-01 1.00399514861190e+05 
1.35147607960218e-01 1.00315783358387e+05 
1.35324748430533e-01 1.00232737461937e+05 
1.35501749614782e-01 1.00150481294424e+05 
1.35678669637189e-01 1.00069008406003e+05 
1.35855457290536e-01 9.99884063478109e+04 
1.36032175595970e-01 9.99086757055175e+04 
1.36208766918309e-01 9.98299356443583e+04 
1.36385298122622e-01 9.97522640768607e+04 
1.36561707797559e-01 9.96757246617632e+04 
1.36738063987348e-01 9.96003424599390e+04 
1.36914304079043e-01 9.95263445161104e+04 
1.37090495512566e-01 9.94538161684955e+04 
1.37266575343187e-01 9.93829955508620e+04 
1.37442608502325e-01 9.93136252906712e+04 
1.37618537799673e-01 9.92462023998879e+04 
1.37794422411259e-01 9.91811859159136e+04 
1.37970210065182e-01 9.91187707665961e+04 
1.38145950580130e-01 9.90588346091408e+04 
1.38321597855140e-01 9.89989729500657e+04 
1.38497193168627e-01 9.89436551166816e+04 
1.38672699027620e-01 9.88927517695445e+04 
1.38848147568048e-01 9.88449127474667e+04 
1.39023512800581e-01 9.88005094299690e+04 
1.39198815686630e-01 9.87587861275676e+04 
1.39374043903176e-01 9.87216147471014e+04 
1.39549205530995e-01 9.86849963258653e+04 
1.39724303244235e-01 9.86487623169122e+04 
1.39899331941863e-01 9.86134347563727e+04 
1.40074309923701e-01 9.85783169769500e+04 
1.40249218025189e-01 9.85463546603388e+04 
1.40400183545007e-01 9.85216028997471e+04 
1.40556860479929e-01 9.84984807163609e+04 
1.40709863468895e-01 9.84800420304875e+04 
1.40867868359137e-01 9.84649200359486e+04 
1.41021889773637e-01 9.84553859172247e+04 
1.41180950448898e-01 9.84505557453233e+04 
1.41335669155545e-01 9.84508272442785e+04 
1.41495533538875e-01 9.84551792445453e+04 
1.41650792746296e-01 9.84641481125323e+04 
1.41811375550265e-01 9.84776468902371e+04 
1.41967127816540e-01 9.84954444575793e+04 
1.42128431146895e-01 9.85178898926274e+04 
1.42284686225898e-01 9.85442100893302e+04 
1.42446759860947e-01 9.85759305859487e+04 
1.42603557464554e-01 9.86102845620666e+04 
1.42766478818356e-01 9.86494753753297e+04 
1.42923876514992e-01 9.86904192885580e+04 
1.43087743374408e-01 9.87359569591405e+04 
1.43245810935174e-01 9.87824072449918e+04 
1.43410737081681e-01 9.88331065334510e+04 
1.43569551709858e-01 9.88837713618061e+04 
1.43735664702348e-01 9.89383407883033e+04 
1.43895312466404e-01 9.89918443383052e+04 
1.44062756623192e-01 9.90487487975091e+04 
1.44223331934400e-01 9.91036203677852e+04 
1.44392268359661e-01 9.91612678647898e+04 
1.44553877923496e-01 9.92158969025721e+04 
1.44724488782950e-01 9.92726360591675e+04 
1.44887250852497e-01 9.93254705360179e+04 
1.45057972832128e-01 9.93791408164653e+04 
1.45222023178275e-01 9.94286875236105e+04 
1.45392885746146e-01 9.94778417441167e+04 
1.45558728221851e-01 9.95228234422640e+04 
1.45729271300709e-01 9.95661136611130e+04 
1.45896776137545e-01 9.96054284778226e+04 
1.46065507371661e-01 9.96416128013112e+04 
1.46233418598110e-01 9.96742703830451e+04 
1.46400164048972e-01 9.97029412726841e+04 
1.46566048476734e-01 9.97278930671118e+04 
1.46730870822819e-01 9.97497162924454e+04 
1.46894822918618e-01 9.97677624339665e+04 
1.47058133775424e-01 9.97822266632416e+04 
1.47220875321005e-01 9.97936302851378e+04 
1.47383444501143e-01 9.98013520281711e+04 
1.47546133499611e-01 9.98060861403472e+04 
1.47708839050296e-01 9.98079409787700e+04 
1.47871706992615e-01 9.98071914158074e+04 
1.48034603619582e-01 9.98039007713989e+04 
1.48197660307361e-01 9.97981767852494e+04 
1.48360751245044e-01 9.97902106492717e+04 
1.48524011539201e-01 9.97801993339123e+04 
1.48687316139285e-01 9.97683945463758e+04 
1.48850806130391e-01 9.97550037899467e+04 
1.49014352658988e-01 9.97402599876718e+04 
1.49178100401113e-01 9.97243567563063e+04 
1.49341942255917e-01 9.97074884745930e+04 
1.49506031224318e-01 9.96898470296310e+04 
1.49670227307493e-01 9.96716258898617e+04 
1.49834685251249e-01 9.96530120616358e+04 
1.49999256808678e-01 9.96341913107430e+04 
1.50164108475305e-01 9.96153204039503e+04 
1.50329088256813e-01 9.95965617504679e+04 
1.50494378147305e-01 9.95780453617319e+04 
1.50659816325448e-01 9.95599130090641e+04 
1.50825601205272e-01 9.95422729240848e+04 
1.50991568545866e-01 9.95252457393411e+04 
1.51157521443070e-01 9.95089568044613e+04 
1.51323544075008e-01 9.94934738195532e+04 
1.51489925603234e-01 9.94788498769466e+04 
1.51656535377296e-01 9.94651499037338e+04 
1.51823202347517e-01 9.94524427882228e+04 
1.51989997564935e-01 9.94407513040133e+04 
1.52157228806742e-01 9.94300888626484e+04 
1.52324718908913e-01 9.94204773928640e+04 
1.52492301542123e-01 9.94119391271403e+04 
1.52660050499370e-01 9.94044563104351e+04 
1.52827876178445e-01 9.93980234270222e+04 
1.52995872474487e-01 9.93926083006754e+04 
1.53163965796827e-01 9.93881902185771e+04 
1.53332246479805e-01 9.93847252055326e+04 
1.53500647495637e-01 9.93821836655322e+04 
1.53669255661207e-01 9.93805107136776e+04 
1.53838008628170e-01 9.93796709430185e+04 
1.54006990700784e-01 9.93795979713359e+04 
1.54176143545778e-01 9.93802481602609e+04 
1.54345266682375e-01 9.93815435557445e+04 
1.54514740329683e-01 9.93834381858166e+04 
1.54684241887956e-01 9.93858446825578e+04 
1.54854143804023e-01 9.93887109625437e+04 
1.55024092770697e-01 9.93919396493239e+04 
1.55194257664166e-01 9.93954682568102e+04 
1.55364581442972e-01 9.93992004045913e+04 
1.55535112413504e-01 9.94030607499847e+04 
1.55705670672934e-01 9.94069479391374e+04 
1.55876456688189e-01 9.94107805721648e+04 
1.56047443675541e-01 9.94144550602708e+04 
1.56218685104273e-01 9.94178808341190e+04 
1.56389915500851e-01 9.94209424985386e+04 
1.56561314740696e-01 9.94235462479716e+04 
1.56732784577562e-01 9.94255755719661e+04 
1.56904532398829e-01 9.94269336325257e+04 
1.57076254624228e-01 9.94275012018517e+04 
1.57248221061575e-01 9.94271847577964e+04 
1.57420171204721e-01 9.94258742893717e+04 
1.57592376457552e-01 9.94234854037591e+04 
1.57764585335619e-01 9.94199234783415e+04 
1.57937064691601e-01 9.94151183327076e+04 
1.58109568053565e-01 9.94089962811268e+04 
1.58282358621481e-01 9.94015034655711e+04 
1.58455193804849e-01 9.93925913572582e+04 
1.58628334487593e-01 9.93822239290464e+04 
1.58801513116006e-01 9.93703819046477e+04 
1.58974985537247e-01 9.93570496799019e+04 
1.59148527407574e-01 9.93422289118978e+04 
1.59322190616518e-01 9.93259376069956e+04 
1.59495997900070e-01 9.93081782785683e+04 
1.59669969938684e-01 9.92889823781136e+04 
1.59844107888537e-01 9.92683668949798e+04 
1.60018465083911e-01 9.92463720394234e+04 
1.60192889660828e-01 9.92230481192398e+04 
1.60367645545980e-01 9.91984207999543e+04 
1.60542542166481e-01 9.91725593014757e+04 
1.60717578583385e-01 9.91455393842967e+04 
1.60892669154948e-01 9.91174302491695e+04 
1.61067931485600e-01 9.90882999207267e+04 
1.61243304491939e-01 9.90582214117092e+04 
1.61418805575337e-01 9.90272856652507e+04 
1.61594404764674e-01 9.89955648860649e+04 
1.61770233950873e-01 9.89631324852932e+04 
1.61946232216684e-01 9.89300662228498e+04 
1.62122406479146e-01 9.88964624326599e+04 
1.62298699217982e-01 9.88623979864575e+04 
1.62474983174585e-01 9.88279933072211e+04 
1.62651343185397e-01 9.87932955307201e+04 
1.62827939504937e-01 9.87583627330945e+04 
1.63004419542242e-01 9.87233243538272e+04 
1.63181300485255e-01 9.86881618698068e+04 
1.63358321738706e-01 9.86529819548369e+04 
1.63535565235745e-01 9.86178468856897e+04 
1.63712919150916e-01 9.85828304185035e+04 
1.63890459294608e-01 9.85479910122001e+04 
1.64067811853825e-01 9.85134503417836e+04 
1.64245315433489e-01 9.84792091535284e+04 
1.64422764857825e-01 9.84453512255742e+04 
1.64600671824194e-01 9.84118411001039e+04 
1.64778470388333e-01 9.83788256803997e+04 
1.64956483484757e-01 9.83462991005904e+04 
1.65134472382041e-01 9.83143313079482e+04 
1.65312738599791e-01 9.82829134860684e+04 
1.65490991534255e-01 9.82521159332057e+04 
1.65669544176369e-01 9.82219145385220e+04 
1.65848088159513e-01 9.81923727046769e+04 
1.66026950203823e-01 9.81634586683259e+04 
1.66205810493969e-01 9.81352098830700e+04 
1.66384754715233e-01 9.81076083019242e+04 
1.66563908942101e-01 9.80806252799735e+04 
1.66743238486619e-01 9.80542518324134e+04 
1.66922725085627e-01 9.80284733082703e+04 
1.67102525895169e-01 9.80032498475356e+04 
1.67276598216100e-01 9.79793079515043e+04 
1.67450560470912e-01 9.79558944276923e+04 
1.67625313203576e-01 9.79328894989408e+04 
1.67801255216545e-01 9.79102463758341e+04 
1.67978290137600e-01 9.78879030782486e+04 
1.68156430381191e-01 9.78659113097602e+04 
1.68335270477549e-01 9.78439594545549e+04 
1.68514843273594e-01 9.78226079883893e+04 
1.68694737800757e-01 9.78018754362612e+04 
1.68875076042372e-01 9.77816270310069e+04 
1.69055463008606e-01 9.77619699972791e+04 
1.69236102068890e-01 9.77427599693761e+04 
1.69416858272494e-01 9.77247548320079e+04 
1.69597785354311e-01 9.77067651866395e+04 
1.69778756169270e-01 9.76885708111337e+04 
1.69959838815718e-01 9.76704604771618e+04 
1.70140961884319e-01 9.76526129055340e+04 
1.70322168442872e-01 9.76363038134995e+04 
1.70503405026176e-01 9.76246248908328e+04 
1.70684700764856e-01 9.76184843361661e+04 
1.70866007562227e-01 9.76192986878414e+04 
1.71047347088431e-01 9.76267013469885e+04 
1.71228682992050e-01 9.76467087616945e+04 
1.71410027783539e-01 9.76787867152523e+04 
1.71591354905945e-01 9.77219328641609e+04 
1.71772669989641e-01 9.77727633712065e+04 
1.71953955088037e-01 9.78312198147566e+04 
1.72135211095620e-01 9.78981670865249e+04 
1.72316426377362e-01 9.79755664583693e+04 
1.72497600261313e-01 9.80621430703484e+04 
1.72678723973083e-01 9.81576890360747e+04 
1.72859799880575e-01 9.82609509835510e+04 
1.73040817366374e-01 9.83724477576756e+04 
1.73221787891397e-01 9.84914649017446e+04 
1.73402692945219e-01 9.86181698902341e+04 
1.73583560164472e-01 9.87510610357373e+04 
1.73764356093825e-01 9.88901708725783e+04 
1.73945131838552e-01 9.90343612301355e+04 
1.74125832153365e-01 9.91828437887710e+04 
1.74306537491308e-01 9.93345711915668e+04 
1.74487165598078e-01 9.94889035914750e+04 
1.74667828882390e-01 9.96451881820258e+04 
1.74848414289588e-01 9.98018750519175e+04 
1.75029063321259e-01 9.99583317799079e+04 
1.75209634307095e-01 1.00113258093956e+05 
1.75390290348256e-01 1.00265433071845e+05 
1.75570867864756e-01 1.00413382538463e+05 
1.75751545362495e-01 1.00555891847637e+05 
1.75932143388082e-01 1.00693478827226e+05 
1.76112851966504e-01 1.00823499234228e+05 
1.76293479758965e-01 1.00943871303684e+05 
1.76474225554596e-01 1.01053979999562e+05 
1.76654889286645e-01 1.01153226632545e+05 
1.76835676205652e-01 1.01251980536587e+05 
1.77016379635813e-01 1.01330389265275e+05 
1.77197209894884e-01 1.01391803573316e+05 
1.77377955215687e-01 1.01439794918159e+05 
1.77558829885725e-01 1.01474757242790e+05 
1.77739618248373e-01 1.01499424012886e+05 
1.77920537540398e-01 1.01503785109674e+05 
1.78101369102625e-01 1.01509678652037e+05 
1.78282332078092e-01 1.01512737803700e+05 
1.78463205899816e-01 1.01513004423840e+05 
1.78644210610468e-01 1.01511734751672e+05 
1.78825124717543e-01 1.01507086840755e+05 
1.79006170912526e-01 1.01498016332238e+05 
1.79187124210243e-01 1.01486216192328e+05 
1.79368208993430e-01 1.01469668557554e+05 
1.79549201149734e-01 1.01449435443855e+05 
1.79730322836325e-01 1.01426272468814e+05 
1.79911348528211e-01 1.01400071763541e+05 
1.80092500039619e-01 1.01371283796972e+05 
1.80273552490699e-01 1.01339555036492e+05 
1.80454727542124e-01 1.01305005807197e+05 
1.80635803511242e-01 1.01269262200752e+05 
1.80817000863225e-01 1.01232107119640e+05 
1.80998101122197e-01 1.01193561821760e+05 
1.81179321197267e-01 1.01153281184430e+05 
1.81360443536068e-01 1.01111474949703e+05 
1.81541685128192e-01 1.01067922760810e+05 
1.81722829504640e-01 1.01022767420461e+05 
1.81904090910704e-01 1.00976295682252e+05 
1.82085255257592e-01 1.00929116790553e+05 
1.82266533963811e-01 1.00881632388334e+05 
1.82431359736371e-01 1.00838334420280e+05 
1.82596230689819e-01 1.00795161936584e+05 
1.82761139210373e-01 1.00752542212080e+05 
1.82926100318455e-01 1.00710445017873e+05 
1.83091102727509e-01 1.00669145912682e+05 
1.83256121105369e-01 1.00628814918401e+05 
1.83421097719391e-01 1.00589587153095e+05 
1.83586028868820e-01 1.00551584351432e+05 
1.83750934870371e-01 1.00514985637033e+05 
1.83915811953702e-01 1.00480055340940e+05 
1.84080680251795e-01 1.00445909799835e+05 
1.84245535575281e-01 1.00413814418915e+05 
1.84410397076743e-01 1.00384098975693e+05 
1.84575260321758e-01 1.00356259591578e+05 
1.84740142739836e-01 1.00329988149525e+05 
1.84905039694796e-01 1.00306718679270e+05 
1.85069966948261e-01 1.00283416468914e+05 
1.85234920174056e-01 1.00260287280562e+05 
1.85399913394985e-01 1.00237501353911e+05 
1.85564943149288e-01 1.00215124167717e+05 
1.85730021696050e-01 1.00193227580566e+05 
1.85895146980235e-01 1.00171723049415e+05 
1.86060329563593e-01 1.00150524517316e+05 
1.86225569120637e-01 1.00129324521449e+05 
1.86390874417511e-01 1.00108036902974e+05 
1.86556247077375e-01 1.00086982351595e+05 
1.86721694001840e-01 1.00065434769522e+05 
1.86887218821980e-01 1.00043530144909e+05 
1.87052826545614e-01 1.00021248786213e+05 
1.87218523228777e-01 9.99984936823153e+04 
1.87384311754733e-01 9.99753627331853e+04 
1.87550201095738e-01 9.99515795329291e+04 
1.87716191807286e-01 9.99276156638013e+04 
1.87882296157892e-01 9.99034515454867e+04 
1.88048512219220e-01 9.98782865035595e+04 
1.88214855724013e-01 9.98521654812165e+04 
1.88381321940031e-01 9.98246072357139e+04 
1.88547930324233e-01 9.97954804432022e+04 
1.88714672918099e-01 9.97646991426104e+04 
1.88881573192212e-01 9.97322654069295e+04 
1.89048619446259e-01 9.96986329106814e+04 
1.89215839455272e-01 9.96637222717409e+04 
1.89383217347849e-01 9.96278161640239e+04 
1.89550785717702e-01 9.95909798044716e+04 
1.89718524313167e-01 9.95534473802251e+04 
1.89886471597848e-01 9.95155473751699e+04 
1.90054602992804e-01 9.94774939930708e+04 
1.90222964346961e-01 9.94399633207539e+04 
1.90391526654657e-01 9.94026774585593e+04 
1.90560344603241e-01 9.93665273559238e+04 
1.90729384160236e-01 9.93331123886909e+04 
1.90898709832344e-01 9.93001487197697e+04 
1.91068281530335e-01 9.92711938249542e+04 
1.91238207671222e-01 9.92457993704943e+04 
1.91408424364071e-01 9.92234867180284e+04 
1.91579093395118e-01 9.92039050815285e+04 
1.91750105317565e-01 9.91870947001765e+04 
1.91921625837264e-01 9.91769870180785e+04 
1.92093531582330e-01 9.91666436903470e+04 
1.92266003990196e-01 9.91582987975473e+04 
1.92438908563809e-01 9.91496117175994e+04 
1.92612443450586e-01 9.91423382698584e+04 
1.92786464836251e-01 9.91447072429480e+04 
1.92961188648382e-01 9.91560569305176e+04 
1.93136463433278e-01 9.91808962128268e+04 
1.93312524632958e-01 9.92235715577267e+04 
1.93489215087442e-01 9.92940464929411e+04 
1.93666792117008e-01 9.93893857924286e+04 
1.93845095447671e-01 9.95139581137005e+04 
1.94024407111561e-01 9.96604294089438e+04 
1.94204567576355e-01 9.98353547556111e+04 
1.94385887149952e-01 1.00033021026651e+05 
1.94568213397345e-01 1.00259866585262e+05 
1.94741602296487e-01 1.00494794398456e+05 
1.94920374921075e-01 1.00762190177185e+05 
1.95095137198402e-01 1.01041035140454e+05 
1.95261745646899e-01 1.01325191251932e+05 
1.95428275284468e-01 1.01619541615600e+05 
1.95594904408298e-01 1.01925894797160e+05 
1.95761539685635e-01 1.02240709089316e+05 
1.95928258185463e-01 1.02563454454150e+05 
1.96094963019942e-01 1.02890899434194e+05 
1.96261721440012e-01 1.03222483867987e+05 
1.96428441001348e-01 1.03555143231936e+05 
1.96595192370062e-01 1.03886357539652e+05 
1.96761884139189e-01 1.04213105888198e+05 
1.96928591177730e-01 1.04534294172792e+05 
1.97095220493379e-01 1.04847434389210e+05 
1.97261851948850e-01 1.05150783604599e+05 
1.97428389594134e-01 1.05442939318779e+05 
1.97594919382984e-01 1.05728524439196e+05 
1.97761341518363e-01 1.05995269120312e+05 
1.97927749183993e-01 1.06240538466934e+05 
1.98094037823657e-01 1.06467342347553e+05 
1.98260308445315e-01 1.06673397736137e+05 
1.98426450655529e-01 1.06871705763817e+05 
1.98592574463871e-01 1.07054987573195e+05 
1.98758563971500e-01 1.07214433772751e+05 
1.98924538351093e-01 1.07351129363407e+05 
1.99090379767776e-01 1.07468056433368e+05 
1.99256205972805e-01 1.07568527601423e+05 
1.99421966595276e-01 1.07652592696932e+05 
1.99587772663619e-01 1.07711616590157e+05 
1.99753628832094e-01 1.07765462775340e+05 
1.99919611560852e-01 1.07812221079326e+05 
2.00085706858123e-01 1.07853606838900e+05 
2.00251951843326e-01 1.07889005224276e+05 
