# Liste des scalaires : TEMPS pmat 
0.00000000000000e+00 1.00000000000000e+05 
7.22956891292051e-05 1.00000000000000e+05 
1.39473830159790e-04 1.00000000000000e+05 
2.09658797050094e-04 1.00000000000000e+05 
2.76117114236737e-04 1.00000000000000e+05 
3.20638761908130e-04 1.00000000000000e+05 
3.55139419127679e-04 1.00000000000000e+05 
3.84466703006959e-04 1.00000000000000e+05 
4.10882456555362e-04 1.00000000000000e+05 
4.35440253196339e-04 1.00000000000000e+05 
4.62453829501415e-04 1.00000000000000e+05 
4.92168763436997e-04 1.00000000000000e+05 
5.24855190766139e-04 1.00000000000000e+05 
5.60810260828194e-04 1.00000000000000e+05 
6.00360837896455e-04 1.00000000000000e+05 
6.43866472671541e-04 1.00000000000000e+05 
6.91722670924137e-04 1.00000000000000e+05 
7.44364489001992e-04 1.00000000000000e+05 
8.02270488887633e-04 1.00000000000000e+05 
8.65967088761837e-04 1.00000000000000e+05 
9.36033348623463e-04 1.00000000000000e+05 
1.01310623447125e-03 1.00000000000000e+05 
1.09788640890382e-03 1.00000000000000e+05 
1.19114460077964e-03 1.00000000000000e+05 
1.28874595957380e-03 1.00000000000000e+05 
1.39292301033422e-03 1.00000000000000e+05 
1.50082592674774e-03 1.00000000000000e+05 
1.61402159796074e-03 1.00000000000000e+05 
1.72630849223510e-03 1.00000000000000e+05 
1.83629605756295e-03 1.00000000000000e+05 
1.94984793356819e-03 1.00000000000000e+05 
2.05819614285837e-03 1.00000000000000e+05 
2.12140367145840e-03 1.00000000000000e+05 
2.18463119825089e-03 1.00000000000000e+05 
2.24813233650693e-03 1.00000000000000e+05 
2.31202179689078e-03 1.00000000000000e+05 
2.37617119269743e-03 1.00000000000000e+05 
2.44131875809196e-03 1.00000000000000e+05 
2.50676621794436e-03 1.00000000000000e+05 
2.57245282311714e-03 1.00000000000000e+05 
2.63848642924431e-03 1.00000000000000e+05 
2.71112339598420e-03 1.00000000000000e+05 
2.77885045752678e-03 1.00000000000000e+05 
2.84761897173423e-03 1.00000000000000e+05 
2.91728625608506e-03 1.00000000000000e+05 
2.98818303617262e-03 1.00000000000000e+05 
3.06017201963877e-03 1.00000000000000e+05 
3.13339296221630e-03 1.00000000000000e+05 
3.20510580157152e-03 1.00000000000000e+05 
3.27786348146815e-03 1.00000000000000e+05 
3.35177764247561e-03 1.00000000000000e+05 
3.42712348988023e-03 1.00000000000000e+05 
3.50366397099976e-03 1.00000000000000e+05 
3.58158964588787e-03 1.00000000000000e+05 
3.66070234806759e-03 1.00000000000000e+05 
3.74119800398972e-03 1.00000000000000e+05 
3.82286630040857e-03 1.00000000000000e+05 
3.90578960149260e-03 1.00000000000000e+05 
3.98697620862976e-03 1.00000000000000e+05 
4.06937667160280e-03 1.00000000000000e+05 
4.15307346629125e-03 1.00000000000000e+05 
4.23828880757305e-03 1.00000000000000e+05 
4.32472535775358e-03 1.00000000000000e+05 
4.41251923705883e-03 1.00000000000000e+05 
4.50145318268555e-03 1.00000000000000e+05 
4.59165885689402e-03 1.00000000000000e+05 
4.68296782783994e-03 1.00000000000000e+05 
4.77542284493693e-03 1.00000000000000e+05 
4.86880599155293e-03 1.00000000000000e+05 
4.97152745283053e-03 1.00000000000000e+05 
5.08452106023589e-03 1.00000000000000e+05 
5.20881402838178e-03 1.00000000000000e+05 
5.30584935909059e-03 1.00000000000000e+05 
5.40432661260913e-03 1.00000000000000e+05 
5.50398251357717e-03 1.00000000000000e+05 
5.60506074910941e-03 1.00000000000000e+05 
5.70732797927867e-03 1.00000000000000e+05 
5.81102248705676e-03 1.00000000000000e+05 
5.91582599677187e-03 1.00000000000000e+05 
6.02187935711465e-03 1.00000000000000e+05 
6.12888842236155e-03 1.00000000000000e+05 
6.23693816823216e-03 1.00000000000000e+05 
6.34562645172731e-03 1.00000000000000e+05 
6.45496859922980e-03 1.00000000000000e+05 
6.56484517841862e-03 1.00000000000000e+05 
6.68570941552633e-03 1.00000000000000e+05 
6.81866007634480e-03 1.00000000000000e+05 
6.96490580324513e-03 1.00000000000000e+05 
7.12283056477024e-03 1.00000000000000e+05 
7.28232792600168e-03 1.00000000000000e+05 
7.44278286894831e-03 1.00000000000000e+05 
7.60447784430230e-03 1.00000000000000e+05 
7.76795616609712e-03 1.00000000000000e+05 
7.93212727080755e-03 1.00000000000000e+05 
8.09818272464570e-03 1.00000000000000e+05 
8.26512965540905e-03 1.00000000000000e+05 
8.43354859709171e-03 1.00000000000000e+05 
8.60370489162477e-03 1.00000000000000e+05 
8.77476647830132e-03 1.00000000000000e+05 
8.94872225665115e-03 1.00000000000000e+05 
9.12279301141682e-03 1.00000000000000e+05 
9.29939976192100e-03 1.00000000000000e+05 
9.47688844288373e-03 1.00000000000000e+05 
9.65633850079645e-03 1.00000000000000e+05 
9.83771503410411e-03 1.00000000000000e+05 
1.00202738066129e-02 1.00000000000000e+05 
1.02049161194186e-02 1.00000000000000e+05 
1.03908475338099e-02 1.00000000000000e+05 
1.05783344262666e-02 1.00000000000000e+05 
1.07680133779798e-02 1.00000000000000e+05 
1.09586172801097e-02 1.00000000000000e+05 
1.11519839045290e-02 1.00000000000000e+05 
1.13461571789559e-02 1.00000000000000e+05 
1.15425481658001e-02 1.00000000000000e+05 
1.17406878362633e-02 1.40496504137396e+05 
1.19403394193180e-02 3.05856609636021e+05 
1.21422350879542e-02 5.53493734733331e+05 
1.23455595551427e-02 6.80905938149812e+05 
1.25506164815961e-02 6.72127158915149e+05 
1.27580191304972e-02 6.47892184871819e+05 
1.29665602975610e-02 6.00268438826709e+05 
1.31778854577902e-02 5.44951984449707e+05 
1.33902180289192e-02 4.98622574951387e+05 
1.36048531407764e-02 4.60978633385987e+05 
1.38214353539703e-02 4.31651469734080e+05 
1.40396614533699e-02 4.08645584037279e+05 
1.42601702865323e-02 3.89280098318092e+05 
1.44820943169418e-02 3.71911712895961e+05 
1.47050499462757e-02 3.55640690865003e+05 
1.49317411357486e-02 3.40041873068279e+05 
1.51610336768711e-02 3.25137255366519e+05 
1.52936881451490e-02 3.16926142237453e+05 
1.54252535681515e-02 3.09032531550319e+05 
1.55557042830407e-02 3.01499074099126e+05 
1.56876795496984e-02 2.94115199744911e+05 
1.58111248951656e-02 2.87431976293878e+05 
1.59345475585937e-02 2.80955765141483e+05 
1.60579248071256e-02 2.74686297965266e+05 
1.61814890647154e-02 2.68610576198254e+05 
1.63051576988983e-02 2.62732352425032e+05 
1.64289891174868e-02 2.57043058127289e+05 
1.65496095994257e-02 2.51691935827716e+05 
1.66700850267093e-02 2.46526278584894e+05 
1.67903884026809e-02 2.41548750568998e+05 
1.69110252170511e-02 2.36729674790807e+05 
1.70319060710982e-02 2.32075445577117e+05 
1.71535030331545e-02 2.27561963802780e+05 
1.72758304489321e-02 2.23183606557725e+05 
1.73991367493889e-02 2.18933533878548e+05 
1.75235528592679e-02 2.14800246399573e+05 
1.76491747635610e-02 2.10789409482965e+05 
1.77755731692694e-02 2.06901791402486e+05 
1.79022040434323e-02 2.03161702869506e+05 
1.80291339194910e-02 1.99569259311940e+05 
1.81562860747041e-02 1.96116643187211e+05 
1.82726046174064e-02 1.93085391949078e+05 
1.83892290544664e-02 1.90156688545691e+05 
1.85060604419212e-02 1.87330665175091e+05 
1.86232089062415e-02 1.84597270819029e+05 
1.87405593008807e-02 1.81954045608571e+05 
1.88582745901318e-02 1.79394861039592e+05 
1.89761894259569e-02 1.76917989545212e+05 
1.90945102656717e-02 1.74516863784266e+05 
1.92130764308487e-02 1.72189847041272e+05 
1.93320010663272e-02 1.69932787409974e+05 
1.94511604498431e-02 1.67743414315292e+05 
1.95706652387344e-02 1.65618051128483e+05 
1.96899228696625e-02 1.63562589268794e+05 
1.98087300061142e-02 1.61578126596558e+05 
1.99270513649107e-02 1.59660332830248e+05 
2.00450024933409e-02 1.57805484624361e+05 
2.01625561437652e-02 1.56009619021525e+05 
2.02798121496453e-02 1.54269817276756e+05 
2.03967830720819e-02 1.52581947629014e+05 
2.05135685591881e-02 1.50943583651006e+05 
2.06301730024738e-02 1.49351226749425e+05 
2.07467498573636e-02 1.47801879815197e+05 
2.08632349545484e-02 1.46293284711639e+05 
2.09797445175040e-02 1.44823482902938e+05 
2.10962232750041e-02 1.43390267733859e+05 
2.12126962686419e-02 1.41993302190412e+05 
2.13291235562090e-02 1.40630167056280e+05 
2.14510333070368e-02 1.39238403116670e+05 
2.15673926298902e-02 1.37941155527350e+05 
2.16908858193080e-02 1.36597689166964e+05 
2.18071916449380e-02 1.35361252290136e+05 
2.19343582947480e-02 1.34041453813652e+05 
2.20507221640913e-02 1.32860841275465e+05 
2.21787224203690e-02 1.31592118106949e+05 
2.22952827981451e-02 1.30461951905670e+05 
2.24125249602558e-02 1.29349441876066e+05 
2.25296762625230e-02 1.28260273253244e+05 
2.26469750673859e-02 1.27192345459105e+05 
2.27642909417790e-02 1.26145120534474e+05 
2.28818687834912e-02 1.25116682135390e+05 
2.29990493781264e-02 1.24113624006329e+05 
2.31159951133146e-02 1.23130035911262e+05 
2.32325277366169e-02 1.22168090550735e+05 
2.33489284294094e-02 1.21224522591901e+05 
2.34654565113971e-02 1.20295469988133e+05 
2.35826063726078e-02 1.19377780157935e+05 
2.37006168768359e-02 1.18468398693555e+05 
2.38197787924499e-02 1.17566079498146e+05 
2.39403682534964e-02 1.16667854779526e+05 
2.40618715799282e-02 1.15777134897494e+05 
2.41860050477269e-02 1.14883289581476e+05 
2.43133684325455e-02 1.13981898238658e+05 
2.44415625583922e-02 1.13090234821148e+05 
2.45697082580028e-02 1.12214504112291e+05 
2.46977157089587e-02 1.11354757542374e+05 
2.48256961183755e-02 1.10509795492760e+05 
2.49535942186320e-02 1.09679621846325e+05 
2.50702238479402e-02 1.08934728864679e+05 
2.51872237985612e-02 1.08198843642164e+05 
2.53047991438241e-02 1.07470673259357e+05 
2.54227254729476e-02 1.06750429051968e+05 
2.55412490617202e-02 1.06038783276190e+05 
2.56581700300875e-02 1.05346606158946e+05 
2.57776527435401e-02 1.04651112187374e+05 
2.58944040660254e-02 1.03980969121754e+05 
2.60111112173605e-02 1.03321964674768e+05 
2.61277887090730e-02 1.02672798945737e+05 
2.62444693269224e-02 1.02033228310434e+05 
2.63611656953219e-02 1.01402901796648e+05 
2.64779030035347e-02 1.00781689621924e+05 
2.65946888157762e-02 1.00169304766587e+05 
2.67115373864218e-02 9.95651990936988e+04 
2.68284498136502e-02 9.89699549325338e+04 
2.69454254916860e-02 9.83829408588614e+04 
2.70624514689438e-02 9.78047489095935e+04 
2.71795213809820e-02 9.72351667085276e+04 
2.72945248790846e-02 9.66844216056336e+04 
2.74099609398154e-02 9.61397877525284e+04 
2.75256901750150e-02 9.56021132989343e+04 
2.76417775214025e-02 9.50710593613863e+04 
2.77580825305413e-02 9.45469688612703e+04 
2.78746884170379e-02 9.40294968191547e+04 
2.79911925577169e-02 9.35200229848006e+04 
2.81076254495699e-02 9.30185583757981e+04 
2.82239833942092e-02 9.25245909450036e+04 
2.83403015613228e-02 9.20381657454548e+04 
2.84565738222961e-02 9.15588885144763e+04 
2.85728351252428e-02 9.10866209860725e+04 
2.86890738973866e-02 9.06212792546109e+04 
2.88053227273220e-02 9.01648981612012e+04 
2.89215639283779e-02 8.97141257371074e+04 
2.90378277926031e-02 8.92677597762819e+04 
2.91540908619905e-02 8.88269556623812e+04 
2.92703818761917e-02 8.83910357681607e+04 
2.93866729365440e-02 8.79604868410238e+04 
2.95029952286028e-02 8.75343670797906e+04 
2.96193159948021e-02 8.71131346158930e+04 
2.97356691582843e-02 8.66977934667231e+04 
2.98520142358240e-02 8.62882218980057e+04 
2.99683788324290e-02 8.58849441288245e+04 
3.00847082699891e-02 8.54851563619761e+04 
3.02010207775242e-02 8.50902974778425e+04 
3.03172439550103e-02 8.47000451457729e+04 
3.04334092722000e-02 8.43138657759372e+04 
3.05494451335489e-02 8.39315115243071e+04 
3.06654032410304e-02 8.35511149391106e+04 
3.07812166532921e-02 8.31723695677284e+04 
3.08969508069810e-02 8.27950911614253e+04 
3.10125437966064e-02 8.24202775852999e+04 
3.11280783178833e-02 8.20473075582550e+04 
3.12435006468312e-02 8.16764864412019e+04 
3.13589022760125e-02 8.13071359397042e+04 
3.14742344660053e-02 8.09396123047138e+04 
3.15895872957465e-02 8.05733751699980e+04 
3.17049129310604e-02 8.02087154294614e+04 
3.18203055676448e-02 7.98450089556427e+04 
3.19357143948342e-02 7.94825428828117e+04 
3.20512234984265e-02 7.91207806505745e+04 
3.21667769763785e-02 7.87599615471816e+04 
3.22824289346284e-02 7.83999508781571e+04 
3.23981246312221e-02 7.80410179010953e+04 
3.25139308305302e-02 7.76830255413695e+04 
3.26297936192941e-02 7.73262758104349e+04 
3.27457639603873e-02 7.69707712470754e+04 
3.28617884596063e-02 7.66167295428193e+04 
3.29778982025231e-02 7.62642844176924e+04 
3.30940455303292e-02 7.59135448710202e+04 
3.32102788788508e-02 7.55647173646160e+04 
3.33265527816161e-02 7.52177816163371e+04 
3.34428953721035e-02 7.48730765523403e+04 
3.35592673886864e-02 7.45305134503238e+04 
3.36756967520548e-02 7.41905223932362e+04 
3.37921485498662e-02 7.38529156439685e+04 
3.39086530474845e-02 7.35181887509707e+04 
3.40251813944111e-02 7.31862915740922e+04 
3.41417617273333e-02 7.28574791918532e+04 
3.42583645720914e-02 7.25317257099196e+04 
3.43750280212753e-02 7.22092209896270e+04 
3.44917172360356e-02 7.18899864777667e+04 
3.46084552096817e-02 7.15742106005782e+04 
3.47356105423981e-02 7.12342672928418e+04 
3.48630856223730e-02 7.08979802256701e+04 
3.49908244602305e-02 7.05654800321648e+04 
3.51189015569097e-02 7.02368483535539e+04 
3.52472625521262e-02 6.99120416376329e+04 
3.53759636220543e-02 6.95915463950713e+04 
3.55049707200530e-02 6.92755068151631e+04 
3.56343249344952e-02 6.89639693503230e+04 
3.57640140858165e-02 6.86571223268958e+04 
3.58919771223798e-02 6.83591313402975e+04 
3.60199576263760e-02 6.80662016295365e+04 
3.61480387296368e-02 6.77783005457362e+04 
3.62658518588794e-02 6.75180719227189e+04 
3.63837063078923e-02 6.72622328288085e+04 
3.65016158242673e-02 6.70107354915847e+04 
3.66195719886356e-02 6.67636518570452e+04 
3.67375825549236e-02 6.65209626340036e+04 
3.68556443919276e-02 6.62827074628717e+04 
3.69728729981194e-02 6.60505657007564e+04 
3.70910428703659e-02 6.58214689859663e+04 
3.72083023060719e-02 6.55985038000307e+04 
3.73265805585647e-02 6.53780479663574e+04 
3.74438762059020e-02 6.51637844298294e+04 
3.75622641408051e-02 6.49519894964966e+04 
3.76795968656160e-02 6.47464219014793e+04 
3.77980977163106e-02 6.45431651678460e+04 
3.79154375912421e-02 6.43462083561059e+04 
3.80328243993345e-02 6.41534825879971e+04 
3.81502077198763e-02 6.39650887956424e+04 
3.82689508555548e-02 6.37789196175408e+04 
3.83863544949122e-02 6.35991039921225e+04 
3.85038107422360e-02 6.34232923986599e+04 
3.86212682949094e-02 6.32517987142700e+04 
3.87402929156514e-02 6.30825774393330e+04 
3.88577785726937e-02 6.29201534512277e+04 
3.89769702365894e-02 6.27600876951875e+04 
3.90962393979453e-02 6.26046735556031e+04 
3.92156240068108e-02 6.24535399560953e+04 
3.93332032505595e-02 6.23062210982671e+04 
3.94528115624622e-02 6.21610866075112e+04 
3.95725331187477e-02 6.20216038139898e+04 
3.96924068726941e-02 6.18876075885049e+04 
3.98124154226716e-02 6.17585087285569e+04 
3.99325957700138e-02 6.16337699184751e+04 
4.00529281900071e-02 6.15135377343852e+04 
4.01734559802042e-02 6.13974741560655e+04 
4.02941641824434e-02 6.12854990319034e+04 
4.04151018058303e-02 6.11773365661170e+04 
4.05362578977724e-02 6.10728564591631e+04 
4.06569391677620e-02 6.09766333057751e+04 
4.07784658016555e-02 6.08826489466964e+04 
4.09007743597034e-02 6.07903094078580e+04 
4.10244610440596e-02 6.06998625076569e+04 
4.11495173324814e-02 6.06114568080493e+04 
4.12761666742780e-02 6.05253040424923e+04 
4.14042153117316e-02 6.04405173310714e+04 
4.15339318102881e-02 6.03580556316775e+04 
4.16650307441430e-02 6.02775988401588e+04 
4.17979555864266e-02 6.02014410222480e+04 
4.19281471139562e-02 6.01345577398629e+04 
4.20582505736296e-02 6.00753548764619e+04 
4.21883260275289e-02 6.00256371531755e+04 
4.23183484643607e-02 5.99828424049627e+04 
4.24483699636756e-02 5.99502195631665e+04 
4.25783920938827e-02 5.99310957599025e+04 
4.27084516533550e-02 5.99279291011966e+04 
4.28385927497853e-02 5.99393575650736e+04 
4.29687903430431e-02 5.99685478949875e+04 
4.30991489436881e-02 6.00147285726958e+04 
4.32295859806861e-02 6.00817613123777e+04 
4.33602714623821e-02 6.01609547019297e+04 
4.34910621032541e-02 6.02493890030541e+04 
4.36221925380274e-02 6.03524942395893e+04 
4.37534561614845e-02 6.04678060483211e+04 
4.38724159041902e-02 6.05861412915315e+04 
4.39914518670458e-02 6.07176711237771e+04 
4.41105411765175e-02 6.08628370256522e+04 
4.42297310847935e-02 6.10235593847212e+04 
4.43489917564193e-02 6.11985102480058e+04 
4.44683772307121e-02 6.13870910853832e+04 
4.45878500010291e-02 6.15897568470674e+04 
4.47074649275968e-02 6.18071699077942e+04 
4.48271786223719e-02 6.20390588760717e+04 
4.49470469505503e-02 6.22853668656924e+04 
4.50670203954284e-02 6.25460433539915e+04 
4.51871566661419e-02 6.28209384087810e+04 
4.53074088055203e-02 6.31094507039441e+04 
4.54278307044675e-02 6.34125314215738e+04 
4.55483774622863e-02 6.37292149829354e+04 
4.56690964460079e-02 6.40605225131373e+04 
4.57899462244824e-02 6.43988693386675e+04 
4.59109688769061e-02 6.47534955594567e+04 
4.60321277682475e-02 6.51226523393138e+04 
4.61534598580354e-02 6.55052815959844e+04 
4.62749350310123e-02 6.59010981376797e+04 
4.63965867034970e-02 6.63085187023634e+04 
4.65183915959352e-02 6.67367589024018e+04 
4.66403790984448e-02 6.71725220653044e+04 
4.67625328747343e-02 6.76191920708026e+04 
4.68848784180199e-02 6.80718049493224e+04 
4.70074073453355e-02 6.85336733103922e+04 
4.71301409744009e-02 6.90028529487468e+04 
4.72530817379048e-02 6.94824879639076e+04 
4.73762504286881e-02 6.99733747702974e+04 
4.74989534901129e-02 7.04749540338440e+04 
4.76219389061161e-02 7.09900385086985e+04 
4.77456859653327e-02 7.15202228908227e+04 
4.78697323089420e-02 7.20650750111530e+04 
4.79947679871908e-02 7.26254183733753e+04 
4.81204474766512e-02 7.32024700194944e+04 
4.82471660689900e-02 7.37971323978066e+04 
4.83748540602896e-02 7.44119394836380e+04 
4.85035969572125e-02 7.50460992841854e+04 
4.86332605105760e-02 7.56998615815074e+04 
4.87637368825488e-02 7.63680516978699e+04 
4.88946969028042e-02 7.70473120716252e+04 
4.90263864150686e-02 7.77371944230931e+04 
4.91585611689291e-02 7.84338713018824e+04 
4.92915007228634e-02 7.91378244726695e+04 
4.94249919557323e-02 7.98443462607394e+04 
4.95593410831233e-02 8.05535688487473e+04 
4.96943488173447e-02 8.12622258451293e+04 
4.98303475153627e-02 8.19676129798987e+04 
4.99671437946720e-02 8.26667579834429e+04 
5.01048989285558e-02 8.33540809256889e+04 
5.02429372854374e-02 8.40287806231770e+04 
5.03811057866897e-02 8.46881917131497e+04 
5.05193642177027e-02 8.53287246912526e+04 
5.06577744983007e-02 8.59517620054968e+04 
5.07962556415396e-02 8.65511240395570e+04 
5.09347624280792e-02 8.71284407142911e+04 
5.10733029893709e-02 8.76840296558698e+04 
5.11943762087895e-02 8.81526110079649e+04 
5.13154600524406e-02 8.86048153964410e+04 
5.14365447815353e-02 8.90408603911020e+04 
5.15576541323022e-02 8.94607919576994e+04 
5.16787664453010e-02 8.98641364931179e+04 
5.17999020987205e-02 9.02511555313045e+04 
5.19210298961818e-02 9.06216496846269e+04 
5.20421731536867e-02 9.09760518667486e+04 
5.21632974183228e-02 9.13154160386828e+04 
5.22844312000615e-02 9.16384146360041e+04 
5.24055379033513e-02 9.19449969017036e+04 
5.25266524578421e-02 9.22358988366255e+04 
5.26477364987820e-02 9.25120879466005e+04 
5.27688302347095e-02 9.27740818011939e+04 
5.28898956243800e-02 9.30216763956090e+04 
5.30109770198010e-02 9.32555583491335e+04 
5.31320315268044e-02 9.34762374033480e+04 
5.32531078495484e-02 9.36847787951315e+04 
5.33741632610069e-02 9.38815853010971e+04 
5.34952501401806e-02 9.40682085516283e+04 
5.36163209715910e-02 9.42433513332260e+04 
5.37374312350241e-02 9.44090914507640e+04 
5.38580241435881e-02 9.45640126487701e+04 
5.39785964529311e-02 9.47178631234756e+04 
5.40991359521200e-02 9.48536081526559e+04 
5.42196570242414e-02 9.49913746168850e+04 
5.43401489354547e-02 9.51192202442119e+04 
5.44606236520351e-02 9.52367354257897e+04 
5.45810712731077e-02 9.53467591450282e+04 
5.47015026203093e-02 9.54484328695608e+04 
5.48219080040759e-02 9.55438071879929e+04 
5.49422975126097e-02 9.56316750888541e+04 
5.50626608679871e-02 9.57131344232330e+04 
5.51830233939681e-02 9.57867696621073e+04 
5.53033720508077e-02 9.58508152491825e+04 
5.54252101800649e-02 9.59034701671435e+04 
5.55455225541924e-02 9.59547703545554e+04 
5.56675817329074e-02 9.60074991557864e+04 
5.57878284829985e-02 9.60593744644920e+04 
5.59101453142834e-02 9.61088503395217e+04 
5.60303528653511e-02 9.61518602776464e+04 
5.61529822821268e-02 9.61898921438987e+04 
5.62757623697536e-02 9.62210870166671e+04 
5.63987646296912e-02 9.62416572977575e+04 
5.65219597293673e-02 9.62500668419711e+04 
5.66454188328306e-02 9.62448269985615e+04 
5.67691247131646e-02 9.62243758947687e+04 
5.68931463282483e-02 9.61916155231427e+04 
5.70174821508225e-02 9.61479731772586e+04 
5.71422016630010e-02 9.60936364376408e+04 
5.72649775218741e-02 9.60304889291544e+04 
5.73899542244546e-02 9.59564913077749e+04 
5.75142277363543e-02 9.58735672012468e+04 
5.76407122091056e-02 9.57799609726372e+04 
5.77657801607017e-02 9.56793227093188e+04 
5.78935375072368e-02 9.55725283450941e+04 
5.80195645043174e-02 9.54589440903383e+04 
5.81487183096098e-02 9.53343203046802e+04 
5.82760038367140e-02 9.52051600950994e+04 
5.84069627486257e-02 9.50664855494100e+04 
5.85359985036195e-02 9.49259972204389e+04 
5.86697466052785e-02 9.47757051564848e+04 
5.88008252853466e-02 9.46231429034441e+04 
5.89344555220036e-02 9.44681554188430e+04 
5.90678270540274e-02 9.43124390946501e+04 
5.92013339687599e-02 9.41577364002503e+04 
5.93344970167038e-02 9.40021457170681e+04 
5.94677106337207e-02 9.38463762985817e+04 
5.96009403458306e-02 9.36898065567766e+04 
5.97343848410215e-02 9.35314827520548e+04 
5.98679786769958e-02 9.33718273596237e+04 
6.00018952429909e-02 9.32104613190103e+04 
6.01356932542253e-02 9.30485446934333e+04 
6.02697384237833e-02 9.28854691867492e+04 
6.04039485663606e-02 9.27216703135859e+04 
6.05384926422808e-02 9.25569046264992e+04 
6.06586798750079e-02 9.24094607757047e+04 
6.07789489007418e-02 9.22616874507394e+04 
6.08991873393246e-02 9.21138291099055e+04 
6.10194951860451e-02 9.19659051569133e+04 
6.11397672052996e-02 9.18181828687409e+04 
6.12601163013131e-02 9.16706772842402e+04 
6.13804385259302e-02 9.15236364834803e+04 
6.15008519053764e-02 9.13770865528725e+04 
6.16212516881692e-02 9.12312554497168e+04 
6.17417586723205e-02 9.10861620718188e+04 
6.18622660711151e-02 9.09420099062615e+04 
6.19828967864331e-02 9.07988004594152e+04 
6.21035163842773e-02 9.06567524545577e+04 
6.22242803766740e-02 9.05158055782867e+04 
6.23450561789990e-02 9.03761717616006e+04 
6.24660000005838e-02 9.02377394247786e+04 
6.25869827260102e-02 9.01006927681170e+04 
6.27081419621124e-02 8.99649780117402e+04 
6.28293563655855e-02 8.98307608484690e+04 
6.29507646757585e-02 8.96979862176226e+04 
6.30722505308207e-02 8.95667901960469e+04 
6.31939568761540e-02 8.94371224419337e+04 
6.33157981761426e-02 8.93090464056415e+04 
6.34378831719639e-02 8.91825670855603e+04 
6.35600981651119e-02 8.90577979383534e+04 
6.36826506224830e-02 8.89346557353314e+04 
6.38058249181914e-02 8.88127850455550e+04 
6.39296076373466e-02 8.86923778702055e+04 
6.40540903050461e-02 8.85732246597010e+04 
6.41792691753058e-02 8.84555250708280e+04 
6.43052928390589e-02 8.83391111713164e+04 
6.44321096350906e-02 8.82241851385937e+04 
6.45599004882507e-02 8.81105845397884e+04 
6.46886245199425e-02 8.79983097501483e+04 
6.48185049960863e-02 8.78869564805420e+04 
6.49494999661926e-02 8.77770641948990e+04 
6.50818708717148e-02 8.76681043113143e+04 
6.52152971926715e-02 8.75604299410874e+04 
6.53482009057613e-02 8.74562352057232e+04 
6.54817743950028e-02 8.73533999709193e+04 
6.56151140680674e-02 8.72517336868186e+04 
6.57490728003360e-02 8.71515060872378e+04 
6.58825080311964e-02 8.70533721021669e+04 
6.60164107946298e-02 8.69566974110922e+04 
6.61497508864546e-02 8.68618721763366e+04 
6.62835394205479e-02 8.67683103038933e+04 
6.64167893848162e-02 8.66763453951436e+04 
6.65504975990575e-02 8.65853580085231e+04 
6.66731097439905e-02 8.65028184360665e+04 
6.68018095772728e-02 8.64171782008380e+04 
6.69269633325203e-02 8.63346310628650e+04 
6.70574792781371e-02 8.62493832510908e+04 
6.71841463259764e-02 8.61672512553169e+04 
6.73162182409404e-02 8.60823310845070e+04 
6.74448213606379e-02 8.60001248271319e+04 
6.75773883131295e-02 8.59159563372893e+04 
6.77081803773234e-02 8.58333124023670e+04 
6.78411129272433e-02 8.57497588110924e+04 
6.79740843236337e-02 8.56664992045799e+04 
6.81071624625553e-02 8.55835037346732e+04 
6.82401491317910e-02 8.55007630269205e+04 
6.83738588508650e-02 8.54178235147644e+04 
6.85077571990616e-02 8.53349271040160e+04 
6.86423666769413e-02 8.52518011125595e+04 
6.87770064749374e-02 8.51688006656636e+04 
6.89120944274476e-02 8.50857276324022e+04 
6.90470835934810e-02 8.50028842066233e+04 
6.91824573143428e-02 8.49200482285717e+04 
6.93177251198983e-02 8.48374627148899e+04 
6.94531360048267e-02 8.47550749400476e+04 
6.95884456361172e-02 8.46729818691123e+04 
6.97238886799350e-02 8.45911408101834e+04 
6.98591773405694e-02 8.45094069258004e+04 
6.99950497652605e-02 8.44276509590904e+04 
7.01313029631964e-02 8.43462290188138e+04 
7.02682641343936e-02 8.42650226137021e+04 
7.04055037297803e-02 8.41848483761133e+04 
7.05433145526370e-02 8.41031604965251e+04 
7.06813774194500e-02 8.40234184003089e+04 
7.08199526708715e-02 8.39453090028345e+04 
7.09582125575392e-02 8.38686894258629e+04 
7.10973240902548e-02 8.37933200620559e+04 
7.12371937418964e-02 8.37212024954539e+04 
7.13775790974054e-02 8.36483617951583e+04 
7.15182860750098e-02 8.35752326307752e+04 
7.16593073759250e-02 8.35030069022835e+04 
7.18005754927883e-02 8.34315392584746e+04 
7.19423716536438e-02 8.33614587569216e+04 
7.20842718882508e-02 8.32929763167482e+04 
7.22266801651887e-02 8.32263481154336e+04 
7.23693152508715e-02 8.31622134086596e+04 
7.25121857390097e-02 8.31006393583447e+04 
7.26554921134062e-02 8.30422578882491e+04 
7.27987216141168e-02 8.29869298465730e+04 
7.29424214288533e-02 8.29347583453173e+04 
7.30860591815185e-02 8.28854524103812e+04 
7.32301768147962e-02 8.28391330723669e+04 
7.33742311175479e-02 8.27959288546691e+04 
7.35187646273643e-02 8.27558862579986e+04 
7.36632620292789e-02 8.27191518070317e+04 
7.38082191524131e-02 8.26856521032572e+04 
7.39531136562193e-02 8.26555743039754e+04 
7.40984814842276e-02 8.26287510187235e+04 
7.42437808666292e-02 8.26052692876225e+04 
7.43895460412155e-02 8.25849107600982e+04 
7.45352398045102e-02 8.25676461575542e+04 
7.46814277692330e-02 8.25532276739633e+04 
7.48274934940354e-02 8.25416023881287e+04 
7.49740677642674e-02 8.25325314388881e+04 
7.51205958226616e-02 8.25259217096070e+04 
7.52676343302916e-02 8.25215744261333e+04 
7.54145501584082e-02 8.25195946819337e+04 
7.55619742665810e-02 8.25195385917619e+04 
7.57093471628526e-02 8.25214150408654e+04 
7.58572263201449e-02 8.25249699271035e+04 
7.60049765167382e-02 8.25290904737471e+04 
7.61532321623228e-02 8.25356506864964e+04 
7.63014332110091e-02 8.25431833415703e+04 
7.64501378654537e-02 8.25526183787999e+04 
7.65987106511118e-02 8.25628428736302e+04 
7.67478227689145e-02 8.25746316801259e+04 
7.68968243453519e-02 8.25870730211214e+04 
7.70463493105613e-02 8.26008653720932e+04 
7.71960971020005e-02 8.26140860756122e+04 
7.73458678397961e-02 8.26297793135795e+04 
7.74957039543525e-02 8.26456494509648e+04 
7.76532966665166e-02 8.26627344181655e+04 
7.78072837809033e-02 8.26817137013135e+04 
7.79575070635342e-02 8.27009124376142e+04 
7.81080312381345e-02 8.27223037110661e+04 
7.82588040769120e-02 8.27439751025152e+04 
7.84097022072296e-02 8.27662028237694e+04 
7.85701373918518e-02 8.27893021762490e+04 
7.87255000402700e-02 8.28118829834885e+04 
7.88769402376799e-02 8.28333316669721e+04 
7.90287023742184e-02 8.28550118537584e+04 
7.91810382817438e-02 8.28761532536708e+04 
7.93441743445054e-02 8.28979234530930e+04 
7.95074648185405e-02 8.29189440054241e+04 
7.96715326727939e-02 8.29383919757658e+04 
7.98359810083756e-02 8.29567611603303e+04 
8.00009893666030e-02 8.29738785670798e+04 
8.01664475207858e-02 8.29910058405123e+04 
8.03325423019731e-02 8.30081429840456e+04 
8.04991487014994e-02 8.30255435352161e+04 
8.06665283391611e-02 8.30430380725823e+04 
8.08345438840772e-02 8.30609778667129e+04 
8.10029331152290e-02 8.30791721655042e+04 
8.11714593467423e-02 8.30978460640473e+04 
8.13401114056694e-02 8.31165922706437e+04 
8.15089701063560e-02 8.31354125356835e+04 
8.16779735949914e-02 8.31553711748744e+04 
8.18471500962574e-02 8.31760496734335e+04 
8.20164122880297e-02 8.31980663620991e+04 
8.21857670737528e-02 8.32205527138342e+04 
8.23551387530835e-02 8.32440278816735e+04 
8.25245378520943e-02 8.32678581956443e+04 
8.26939456779513e-02 8.32925491809540e+04 
8.28633625820059e-02 8.33175922027936e+04 
8.30328077405076e-02 8.33435466105554e+04 
8.32022026649368e-02 8.33698234599267e+04 
8.33717181186111e-02 8.33971242274728e+04 
8.35410896448630e-02 8.34246327964502e+04 
8.37105905017402e-02 8.34532534493775e+04 
8.38798984624904e-02 8.34821105717587e+04 
8.40492694225049e-02 8.35137293760575e+04 
8.42185833610654e-02 8.35437447233557e+04 
8.43879973026022e-02 8.35762281611676e+04 
8.45573469588666e-02 8.36078380266952e+04 
8.47267326769083e-02 8.36411572508056e+04 
8.48960916516531e-02 8.36757466910655e+04 
8.50654056064862e-02 8.37098429271603e+04 
8.52347232451494e-02 8.37452772405611e+04 
8.54039711979014e-02 8.37801075830908e+04 
8.55732341500168e-02 8.38162768755621e+04 
8.57424384334994e-02 8.38520284915769e+04 
8.59116677741353e-02 8.38890745936372e+04 
8.60808441660036e-02 8.39262181215611e+04 
8.62500493328819e-02 8.39643581892592e+04 
8.64192050925875e-02 8.40022588965152e+04 
8.65883939668614e-02 8.40408071020461e+04 
8.67575407938940e-02 8.40787566988533e+04 
8.69262317959095e-02 8.41168924208368e+04 
8.70941197367461e-02 8.41539109466357e+04 
8.72614948254814e-02 8.41907783294934e+04 
8.74281447531310e-02 8.42262722446203e+04 
8.75943345016533e-02 8.42613814033442e+04 
8.77598712641538e-02 8.42949345705376e+04 
8.79250064598767e-02 8.43279787463572e+04 
8.80897073945719e-02 8.43593960651099e+04 
8.82534880464072e-02 8.43901614517368e+04 
8.84168831833713e-02 8.44193169669407e+04 
8.85796031876191e-02 8.44479261921126e+04 
8.87419469685364e-02 8.44750448519521e+04 
8.89037096169647e-02 8.45017684990899e+04 
8.90651291075821e-02 8.45272232629701e+04 
8.92260855799187e-02 8.45525149650231e+04 
8.93867365695593e-02 8.45768276644726e+04 
8.95473091290099e-02 8.46013084950929e+04 
8.97072416155944e-02 8.46250929965792e+04 
8.98675652208431e-02 8.46494323715160e+04 
9.00278107218010e-02 8.46735285267539e+04 
9.01882789178447e-02 8.46985079451233e+04 
9.03485087395499e-02 8.47235956789519e+04 
9.05089443968265e-02 8.47499209244965e+04 
9.06690655814274e-02 8.47767104981996e+04 
9.08294471873753e-02 8.48050894895913e+04 
9.09895607135038e-02 8.48342848170471e+04 
9.11499695215126e-02 8.48653877183226e+04 
9.13101267859018e-02 8.48976103996318e+04 
9.14705913575842e-02 8.49320120764274e+04 
9.16308155606612e-02 8.49677815875973e+04 
9.17827372641604e-02 8.50038429930371e+04 
9.19430851416911e-02 8.50434677089748e+04 
9.20845406668090e-02 8.50804734433084e+04 
9.22251714328922e-02 8.51185781692880e+04 
9.23657328481516e-02 8.51585958475810e+04 
9.25064889118881e-02 8.52000099793204e+04 
9.26479379962156e-02 8.52435789972914e+04 
9.27900446534842e-02 8.52886966154091e+04 
9.29329978835661e-02 8.53360172645156e+04 
9.30766402769782e-02 8.53848663161692e+04 
9.32210134764272e-02 8.54358262306911e+04 
9.33656900735014e-02 8.54880959278885e+04 
9.35109072794570e-02 8.55423183910532e+04 
9.36561890985830e-02 8.55976301493870e+04 
9.38015263004520e-02 8.56545908572414e+04 
9.39469140378332e-02 8.57124616859669e+04 
9.40924325307834e-02 8.57718680626507e+04 
9.42380368169241e-02 8.58320058780021e+04 
9.43838290931219e-02 8.58935162661491e+04 
9.45297288390073e-02 8.59555376367285e+04 
9.46758554406926e-02 8.60186730852198e+04 
9.48221041438685e-02 8.60821051369759e+04 
9.49686092107369e-02 8.61466173847383e+04 
9.51152506915562e-02 8.62110649030649e+04 
9.52621764588870e-02 8.62756738737532e+04 
9.54092538147075e-02 8.63401207296059e+04 
9.55566433566864e-02 8.64045487081013e+04 
9.57042006040001e-02 8.64687004506063e+04 
9.58520992652516e-02 8.65327224207518e+04 
9.60001834814139e-02 8.65962289704395e+04 
9.61486423753228e-02 8.66596648032638e+04 
9.62973097693924e-02 8.67222967101309e+04 
9.64463913002126e-02 8.67837674858928e+04 
9.65957107473325e-02 8.68453522072888e+04 
9.67454913037607e-02 8.69050256551393e+04 
9.68955465926430e-02 8.69652597498996e+04 
9.70461189086146e-02 8.70232127239426e+04 
9.71970112909559e-02 8.70807519409731e+04 
9.73484862419192e-02 8.71372441508388e+04 
9.75003381020533e-02 8.71926037360965e+04 
9.76528502183870e-02 8.72471800451116e+04 
9.78058119306010e-02 8.73013690609403e+04 
9.79595288361281e-02 8.73540715203549e+04 
9.81137834938544e-02 8.74073639330302e+04 
9.82689135318044e-02 8.74591954355641e+04 
9.84246936444238e-02 8.75126114008310e+04 
9.85807403180662e-02 8.75646218610840e+04 
9.87383414655721e-02 8.76187181013368e+04 
9.88947491124256e-02 8.76711299246627e+04 
9.90534896850342e-02 8.77261483641375e+04 
9.92103375245672e-02 8.77793661972760e+04 
9.93697082314279e-02 8.78353772622190e+04 
9.95271625257733e-02 8.78897161928394e+04 
9.96883287790390e-02 8.79472518174753e+04 
9.98462462535798e-02 8.80027320843737e+04 
1.00007610976627e-01 8.80608769021550e+04 
1.00166101102368e-01 8.81175857841104e+04 
1.00327779181994e-01 8.81762892669633e+04 
1.00486923672958e-01 8.82342907108832e+04 
1.00649014168731e-01 8.82941974808519e+04 
1.00808911624597e-01 8.83526408121032e+04 
1.00971493030858e-01 8.84127191352252e+04 
1.01132262611088e-01 8.84711589607231e+04 
1.01277282697114e-01 8.85242952347400e+04 
1.01436804791744e-01 8.85812145107144e+04 
1.01581866602795e-01 8.86334836607901e+04 
1.01726947556293e-01 8.86853127888625e+04 
1.01872022726761e-01 8.87362777273593e+04 
1.02031605414275e-01 8.87916947498566e+04 
1.02196138667763e-01 8.88471999483634e+04 
1.02341150422337e-01 8.88939559800075e+04 
1.02486080775602e-01 8.89402414204698e+04 
1.02630990769225e-01 8.89842237299443e+04 
1.02775993406326e-01 8.90274581262843e+04 
1.02920764158884e-01 8.90680869894739e+04 
1.03065417776030e-01 8.91075242918551e+04 
1.03210024297057e-01 8.91442483645345e+04 
1.03354718386860e-01 8.91786367175460e+04 
1.03499172698803e-01 8.92097747735307e+04 
1.03643499312522e-01 8.92383299415303e+04 
1.03787743043099e-01 8.92638169291956e+04 
1.03932054287916e-01 8.92867343537509e+04 
1.04076564791083e-01 8.93069267923170e+04 
1.04221313637531e-01 8.93248719235354e+04 
1.04365897211003e-01 8.93404709592934e+04 
1.04510361361593e-01 8.93530539515372e+04 
1.04654753883141e-01 8.93634560526613e+04 
1.04799199779924e-01 8.93716271636000e+04 
1.04943801338468e-01 8.93781655681623e+04 
1.05088588536524e-01 8.93831121635502e+04 
1.05233495712261e-01 8.93871440435783e+04 
1.05378308521074e-01 8.93906451761637e+04 
1.05523027798840e-01 8.93939312745255e+04 
1.05667672676820e-01 8.93941854830002e+04 
1.05812265742587e-01 8.93956087144106e+04 
1.05956811279305e-01 8.93984510792262e+04 
1.06101339761652e-01 8.94018552237470e+04 
1.06260321092235e-01 8.94062634497367e+04 
1.06425920470141e-01 8.94111391891820e+04 
1.06591449999063e-01 8.94167728964884e+04 
1.06757101052836e-01 8.94228898618296e+04 
1.06922653938123e-01 8.94344801831968e+04 
1.07088346756838e-01 8.94456142620296e+04 
1.07253931699996e-01 8.94547998864119e+04 
1.07419645874033e-01 8.94636212848061e+04 
1.07585247671609e-01 8.94710690987689e+04 
1.07750976358035e-01 8.94818369441450e+04 
1.07916592251729e-01 8.95052896998583e+04 
1.08082335413848e-01 8.95440837342278e+04 
1.08247965189560e-01 8.96037082359759e+04 
1.08413797079538e-01 8.96883437098666e+04 
1.08579520433608e-01 8.98032803460817e+04 
1.08745427492477e-01 8.99523490979119e+04 
1.08911245420951e-01 9.01341912913717e+04 
1.09077270158499e-01 9.03434083714277e+04 
1.09243180112093e-01 9.05794927094178e+04 
1.09409338197492e-01 9.08412127581649e+04 
1.09575403048224e-01 9.11269218171346e+04 
1.09741646019395e-01 9.14340995793498e+04 
1.09907792775590e-01 9.17592103794349e+04 
1.10074128818832e-01 9.20980303848921e+04 
1.10240341768123e-01 9.24463535707205e+04 
1.10406709935283e-01 9.28000403191781e+04 
1.10572976904676e-01 9.31546205853680e+04 
1.10739426867962e-01 9.35062089599987e+04 
1.10905755245141e-01 9.38485378532420e+04 
1.11072314433973e-01 9.41812790272544e+04 
1.11238778766789e-01 9.44999491030075e+04 
1.11405408483196e-01 9.48064694664974e+04 
1.11571942469985e-01 9.51029328389250e+04 
1.11738655620005e-01 9.53905976237403e+04 
1.11905246127735e-01 9.56820469887481e+04 
1.12071982914344e-01 9.59784400791803e+04 
1.12238619021345e-01 9.62951601713298e+04 
1.12405430916228e-01 9.66380705798865e+04 
1.12572122034102e-01 9.70267259938166e+04 
1.12738959452250e-01 9.74633062352107e+04 
1.12905698448637e-01 9.79602735289543e+04 
1.13072612904285e-01 9.85356866856484e+04 
1.13239407727423e-01 9.91847544364221e+04 
1.13406347405078e-01 9.99257140425562e+04 
1.13573188378329e-01 1.00748427945591e+05 
1.13740202205441e-01 1.01657905310963e+05 
1.13907094738352e-01 1.02651197208582e+05 
1.14074206634597e-01 1.03702616405374e+05 
1.14241222337340e-01 1.04783835789470e+05 
1.14408390269436e-01 1.05897780703315e+05 
1.14575458860033e-01 1.06976350894425e+05 
1.14742691748479e-01 1.07998074120764e+05 
1.14909795608025e-01 1.09015228320245e+05 
1.15077027737398e-01 1.09866182291414e+05 
1.15244149752287e-01 1.10564183621792e+05 
1.15411427298596e-01 1.11127288498116e+05 
1.15578570536547e-01 1.11556047863917e+05 
1.15745836286390e-01 1.11793876177034e+05 
1.15912986126576e-01 1.12008110310872e+05 
1.16080207024347e-01 1.12141234873014e+05 
1.16247279937912e-01 1.12245149292764e+05 
1.16414484543736e-01 1.12261264736872e+05 
1.16581539444766e-01 1.12200248780113e+05 
1.16748707189109e-01 1.12090754272744e+05 
1.16915745403453e-01 1.11954098433772e+05 
1.17082923614189e-01 1.11798964420288e+05 
1.17249944118591e-01 1.11639884154932e+05 
1.17417068458590e-01 1.11478414882060e+05 
1.17584048699705e-01 1.11311618872889e+05 
1.17751157471822e-01 1.11152643949854e+05 
1.17918093314299e-01 1.10992608908721e+05 
1.18085121090493e-01 1.10847751926188e+05 
1.18251989791569e-01 1.10719417386999e+05 
1.18418976310259e-01 1.10610941594924e+05 
1.18585775791416e-01 1.10525613188582e+05 
1.18752733947806e-01 1.10466971819172e+05 
1.18919523752970e-01 1.10430368076012e+05 
1.19086402768576e-01 1.10415097329454e+05 
1.19253105875919e-01 1.10421270486469e+05 
1.19419911815672e-01 1.10450957345298e+05 
1.19586510653991e-01 1.10497983276397e+05 
1.19753252072161e-01 1.10567793420628e+05 
1.19919807065656e-01 1.10659816885392e+05 
1.20086439210501e-01 1.10772588473700e+05 
1.20252881297349e-01 1.10906672702969e+05 
1.20419419479695e-01 1.11062550511965e+05 
1.20585740346946e-01 1.11239418788680e+05 
1.20752200234905e-01 1.11436849350337e+05 
1.20918466687439e-01 1.11654275839342e+05 
1.21084887167434e-01 1.11891106435845e+05 
1.21251118131526e-01 1.12144934199193e+05 
1.21417505398869e-01 1.12413762533870e+05 
1.21583703753010e-01 1.12693541642834e+05 
1.21750059632593e-01 1.12981469246990e+05 
1.21916228491947e-01 1.13273361054608e+05 
1.22082557407801e-01 1.13567066960421e+05 
1.22248702782519e-01 1.13855521199324e+05 
1.22415011985408e-01 1.14134181887927e+05 
1.22581142131991e-01 1.14398208090511e+05 
1.22747440619903e-01 1.14647635126067e+05 
1.22913564916738e-01 1.14873358331371e+05 
1.23079862298982e-01 1.15070908787290e+05 
1.23245990217353e-01 1.15237227679437e+05 
1.23412295774370e-01 1.15369858768825e+05 
1.23578436085349e-01 1.15490084843790e+05 
1.23744758131517e-01 1.15562165177637e+05 
1.23910918454509e-01 1.15589054181177e+05 
1.24077260901658e-01 1.15584730821546e+05 
1.24243444089227e-01 1.15547494918634e+05 
1.24409815003208e-01 1.15486017326705e+05 
1.24576028894116e-01 1.15383189055841e+05 
1.24742433205766e-01 1.15275935264041e+05 
1.24908682368860e-01 1.15161583876535e+05 
1.25075124497700e-01 1.15046678727803e+05 
1.25241413142335e-01 1.14921992169926e+05 
1.25407897237981e-01 1.14781078477601e+05 
1.25574229129631e-01 1.14621788207538e+05 
1.25740758749196e-01 1.14440635130204e+05 
1.25907188387130e-01 1.14241494291653e+05 
1.26073321654789e-01 1.14025658589819e+05 
1.26239335880585e-01 1.13795713590937e+05 
1.26405132681351e-01 1.13555575335054e+05 
1.26570887504596e-01 1.13306318290454e+05 
1.26736634941921e-01 1.13051268468507e+05 
1.26915873828947e-01 1.12769773672363e+05 
1.27095766941544e-01 1.12484246409462e+05 
1.27275284418520e-01 1.12195605589733e+05 
1.27455448288808e-01 1.11905185404862e+05 
1.27621410955149e-01 1.11636726896166e+05 
1.27788073013317e-01 1.11368445529779e+05 
1.27954914472597e-01 1.11100635629128e+05 
1.28121526122640e-01 1.10835837357326e+05 
1.28288100956367e-01 1.10573310282293e+05 
1.28454868654943e-01 1.10313858362919e+05 
1.28632533665639e-01 1.10040551299244e+05 
1.28798741520211e-01 1.09788270134436e+05 
1.28965216843101e-01 1.09538225657406e+05 
1.29131716542544e-01 1.09291357296695e+05 
1.29298124876232e-01 1.09046829922644e+05 
1.29475584786070e-01 1.08789135070844e+05 
1.29651904334925e-01 1.08536250923596e+05 
1.29829177268265e-01 1.08286001720801e+05 
1.30005255143913e-01 1.08040515634483e+05 
1.30182332398457e-01 1.07798388200955e+05 
1.30358273784552e-01 1.07559403435941e+05 
1.30535243972800e-01 1.07320410529138e+05 
1.30711142628078e-01 1.07090491471701e+05 
1.30888102788600e-01 1.06863650386209e+05 
1.31064053697834e-01 1.06642562795965e+05 
1.31241097833810e-01 1.06423122226709e+05 
1.31417188761855e-01 1.06209229614563e+05 
1.31594397880560e-01 1.05995764744247e+05 
1.31770700004461e-01 1.05787185196854e+05 
1.31948139292650e-01 1.05578114297660e+05 
1.32124709703256e-01 1.05373054204173e+05 
1.32302433011521e-01 1.05166573253540e+05 
1.32479322367932e-01 1.04963007310171e+05 
1.32657374032332e-01 1.04757862381568e+05 
1.32834626064090e-01 1.04555648388588e+05 
1.33013043958059e-01 1.04350085904841e+05 
1.33190694510938e-01 1.04146630927004e+05 
1.33369413915546e-01 1.03939861109172e+05 
1.33547495198313e-01 1.03736103047240e+05 
1.33725905671758e-01 1.03530783798203e+05 
1.33904085835826e-01 1.03325541183432e+05 
1.34082161861206e-01 1.03119324320443e+05 
1.34260090329768e-01 1.02912515951334e+05 
1.34437860175065e-01 1.02704043826114e+05 
1.34615502036680e-01 1.02493554114753e+05 
1.34792992508500e-01 1.02280329943707e+05 
1.34970372783609e-01 1.02064181420632e+05 
1.35147607960218e-01 1.01844539915699e+05 
1.35324748430533e-01 1.01621469078561e+05 
1.35501749614782e-01 1.01394425973316e+05 
1.35678669637189e-01 1.01163779847910e+05 
1.35855457290536e-01 1.00929016120211e+05 
1.36032175595970e-01 1.00690593915672e+05 
1.36208766918309e-01 1.00448393676810e+05 
1.36385298122622e-01 1.00202871613008e+05 
1.36561707797559e-01 9.99541320072195e+04 
1.36738063987348e-01 9.97026540649640e+04 
1.36914304079043e-01 9.94485939521427e+04 
1.37090495512566e-01 9.91924002017054e+04 
1.37266575343187e-01 9.89340656258542e+04 
1.37442608502325e-01 9.86742863656129e+04 
1.37618537799673e-01 9.84132434452398e+04 
1.37794422411259e-01 9.81513163153191e+04 
1.37970210065182e-01 9.78889689320553e+04 
1.38145950580130e-01 9.76262311011044e+04 
1.38321597855140e-01 9.73638401487719e+04 
1.38497193168627e-01 9.71017253059089e+04 
1.38672699027620e-01 9.68411129776661e+04 
1.38848147568048e-01 9.65818039383237e+04 
1.39023512800581e-01 9.63248295563244e+04 
1.39198815686630e-01 9.60698844958947e+04 
1.39374043903176e-01 9.58177661759745e+04 
1.39549205530995e-01 9.55711823543202e+04 
1.39724303244235e-01 9.53275905987891e+04 
1.39899331941863e-01 9.50898418050975e+04 
1.40074309923701e-01 9.48559307345588e+04 
1.40249218025189e-01 9.46267044502505e+04 
1.40400183545007e-01 9.44325307703797e+04 
1.40556860479929e-01 9.42363254234308e+04 
1.40709863468895e-01 9.40492182249518e+04 
1.40867868359137e-01 9.38604695097635e+04 
1.41021889773637e-01 9.36832776117647e+04 
1.41180950448898e-01 9.35047831580021e+04 
1.41335669155545e-01 9.33380028520378e+04 
1.41495533538875e-01 9.31695236632914e+04 
1.41650792746296e-01 9.30125649529357e+04 
1.41811375550265e-01 9.28535859635177e+04 
1.41967127816540e-01 9.27057018383942e+04 
1.42128431146895e-01 9.25531319163739e+04 
1.42284686225898e-01 9.24142039092158e+04 
1.42446759860947e-01 9.22682159736523e+04 
1.42603557464554e-01 9.21377009542565e+04 
1.42766478818356e-01 9.20005182220435e+04 
1.42923876514992e-01 9.18769322984486e+04 
1.43087743374408e-01 9.17460465920252e+04 
1.43245810935174e-01 9.16281170485449e+04 
1.43410737081681e-01 9.15031322829990e+04 
1.43569551709858e-01 9.13893383847193e+04 
1.43735664702348e-01 9.12685063227662e+04 
1.43895312466404e-01 9.11574240972189e+04 
1.44062756623192e-01 9.10406624084161e+04 
1.44223331934400e-01 9.09304188747288e+04 
1.44392268359661e-01 9.08158498735630e+04 
1.44553877923496e-01 9.07052563961814e+04 
1.44724488782950e-01 9.05899714431422e+04 
1.44887250852497e-01 9.04789466305660e+04 
1.45057972832128e-01 9.03640291364978e+04 
1.45222023178275e-01 9.02525218750380e+04 
1.45392885746146e-01 9.01379733732435e+04 
1.45558728221851e-01 9.00256758274586e+04 
1.45729271300709e-01 8.99117428679456e+04 
1.45896776137545e-01 8.97986580338669e+04 
1.46065507371661e-01 8.96865323443474e+04 
1.46233418598110e-01 8.95737781652517e+04 
1.46400164048972e-01 8.94606763520994e+04 
1.46566048476734e-01 8.93504435772822e+04 
1.46730870822819e-01 8.92391822128032e+04 
1.46894822918618e-01 8.91301888272658e+04 
1.47058133775424e-01 8.90193431541575e+04 
1.47220875321005e-01 8.89107767722626e+04 
1.47383444501143e-01 8.87992452798363e+04 
1.47546133499611e-01 8.86903223013373e+04 
1.47708839050296e-01 8.85782243060684e+04 
1.47871706992615e-01 8.84689544902928e+04 
1.48034603619582e-01 8.83570652952777e+04 
1.48197660307361e-01 8.82464203763734e+04 
1.48360751245044e-01 8.81362547832101e+04 
1.48524011539201e-01 8.80275278796028e+04 
1.48687316139285e-01 8.79193294349278e+04 
1.48850806130391e-01 8.78128982734492e+04 
1.49014352658988e-01 8.77029137285538e+04 
1.49178100401113e-01 8.75979243075406e+04 
1.49341942255917e-01 8.74954294646597e+04 
1.49506031224318e-01 8.73963905229133e+04 
1.49670227307493e-01 8.73019291054429e+04 
1.49834685251249e-01 8.72102281084259e+04 
1.49999256808678e-01 8.71223988154577e+04 
1.50164108475305e-01 8.70368708096390e+04 
1.50329088256813e-01 8.69555664979175e+04 
1.50494378147305e-01 8.68771297985742e+04 
1.50659816325448e-01 8.68035269360409e+04 
1.50825601205272e-01 8.67333507377430e+04 
1.50991568545866e-01 8.66750876368954e+04 
1.51157521443070e-01 8.66138141763500e+04 
1.51323544075008e-01 8.65590371597117e+04 
1.51489925603234e-01 8.65084439603717e+04 
1.51656535377296e-01 8.64563622730001e+04 
1.51823202347517e-01 8.64085081082295e+04 
1.51989997564935e-01 8.63594838675450e+04 
1.52157228806742e-01 8.63154087711042e+04 
1.52324718908913e-01 8.62745053305274e+04 
1.52492301542123e-01 8.62401610641478e+04 
1.52660050499370e-01 8.62086424010870e+04 
1.52827876178445e-01 8.61835863280969e+04 
1.52995872474487e-01 8.61609367887093e+04 
1.53163965796827e-01 8.61440091334665e+04 
1.53332246479805e-01 8.61291231947012e+04 
1.53500647495637e-01 8.61186849006684e+04 
1.53669255661207e-01 8.61114482023653e+04 
1.53838008628170e-01 8.61054901410424e+04 
1.54006990700784e-01 8.61032077384866e+04 
1.54176143545778e-01 8.61011548503360e+04 
1.54345266682375e-01 8.61019780296045e+04 
1.54514740329683e-01 8.61091415043015e+04 
1.54684241887956e-01 8.61091594145775e+04 
1.54854143804023e-01 8.61115197461284e+04 
1.55024092770697e-01 8.61115268918865e+04 
1.55194257664166e-01 8.61049669408080e+04 
1.55364581442972e-01 8.60968332315101e+04 
1.55535112413504e-01 8.60827958914425e+04 
1.55705670672934e-01 8.60675094251646e+04 
1.55876456688189e-01 8.60468005723015e+04 
1.56047443675541e-01 8.60232411253440e+04 
1.56218685104273e-01 8.59936218966143e+04 
1.56389915500851e-01 8.59600483546559e+04 
1.56561314740696e-01 8.59201858353141e+04 
1.56732784577562e-01 8.58759820031928e+04 
1.56904532398829e-01 8.58225539852092e+04 
1.57076254624228e-01 8.57653309238240e+04 
1.57248221061575e-01 8.57065525392964e+04 
1.57420171204721e-01 8.56443310720369e+04 
1.57592376457552e-01 8.55803928743567e+04 
1.57764585335619e-01 8.55146043610659e+04 
1.57937064691601e-01 8.54454410694444e+04 
1.58109568053565e-01 8.53716249009792e+04 
1.58282358621481e-01 8.52972839477758e+04 
1.58455193804849e-01 8.52192693557165e+04 
1.58628334487593e-01 8.51418809661219e+04 
1.58801513116006e-01 8.50609802219133e+04 
1.58974985537247e-01 8.49827351636255e+04 
1.59148527407574e-01 8.49022117040054e+04 
1.59322190616518e-01 8.48229410142209e+04 
1.59495997900070e-01 8.47482148876094e+04 
1.59669969938684e-01 8.46754111139474e+04 
1.59844107888537e-01 8.46077546821005e+04 
1.60018465083911e-01 8.45425507969039e+04 
1.60192889660828e-01 8.44826555794948e+04 
1.60367645545980e-01 8.44252203083916e+04 
1.60542542166481e-01 8.43751855468611e+04 
1.60717578583385e-01 8.43282510054520e+04 
1.60892669154948e-01 8.42872652691094e+04 
1.61067931485600e-01 8.42511212110525e+04 
1.61243304491939e-01 8.42212325167537e+04 
1.61418805575337e-01 8.41973824941419e+04 
1.61594404764674e-01 8.41808882378838e+04 
1.61770233950873e-01 8.41710604574570e+04 
1.61946232216684e-01 8.41739571398366e+04 
1.62122406479146e-01 8.41779405556029e+04 
1.62298699217982e-01 8.41947354695161e+04 
1.62474983174585e-01 8.42128357488960e+04 
1.62651343185397e-01 8.42417881770025e+04 
1.62827939504937e-01 8.42777175327650e+04 
1.63004419542242e-01 8.43172300983347e+04 
1.63181300485255e-01 8.43650619402471e+04 
1.63358321738706e-01 8.44138650784297e+04 
1.63535565235745e-01 8.44704260634356e+04 
1.63712919150916e-01 8.45275360162393e+04 
1.63890459294608e-01 8.45915937157036e+04 
1.64067811853825e-01 8.46555759411406e+04 
1.64245315433489e-01 8.47260186580351e+04 
1.64422764857825e-01 8.47978464745773e+04 
1.64600671824194e-01 8.48756076485475e+04 
1.64778470388333e-01 8.49537253625069e+04 
1.64956483484757e-01 8.50365986827455e+04 
1.65134472382041e-01 8.51190729864670e+04 
1.65312738599791e-01 8.52053203086012e+04 
1.65490991534255e-01 8.52902249370680e+04 
1.65669544176369e-01 8.53783015229929e+04 
1.65848088159513e-01 8.54644676442223e+04 
1.66026950203823e-01 8.55534097186144e+04 
1.66205810493969e-01 8.56403818509931e+04 
1.66384754715233e-01 8.57291801111492e+04 
1.66563908942101e-01 8.58165069077520e+04 
1.66743238486619e-01 8.59046489995627e+04 
1.66922725085627e-01 8.59924441073394e+04 
1.67102525895169e-01 8.60798893356497e+04 
1.67276598216100e-01 8.61648195346048e+04 
1.67450560470912e-01 8.62482976946491e+04 
1.67625313203576e-01 8.63330622928580e+04 
1.67801255216545e-01 8.64172843152032e+04 
1.67978290137600e-01 8.65031389252136e+04 
1.68156430381191e-01 8.65886694348801e+04 
1.68335270477549e-01 8.66756528981864e+04 
1.68514843273594e-01 8.67623989213085e+04 
1.68694737800757e-01 8.68493058271380e+04 
1.68875076042372e-01 8.69369916893489e+04 
1.69055463008606e-01 8.70228307530946e+04 
1.69236102068890e-01 8.71097520164514e+04 
1.69416858272494e-01 8.71948708547803e+04 
1.69597785354311e-01 8.72811697004198e+04 
1.69778756169270e-01 8.73658273159414e+04 
1.69959838815718e-01 8.74503474686084e+04 
1.70140961884319e-01 8.75336594474443e+04 
1.70322168442872e-01 8.76145195211532e+04 
1.70503405026176e-01 8.76946195399054e+04 
1.70684700764856e-01 8.77723083929055e+04 
1.70866007562227e-01 8.78477510237250e+04 
1.71047347088431e-01 8.79250648632979e+04 
1.71228682992050e-01 8.79991962947729e+04 
1.71410027783539e-01 8.80727636335000e+04 
1.71591354905945e-01 8.81421910741831e+04 
1.71772669989641e-01 8.82138036247426e+04 
1.71953955088037e-01 8.82801182124412e+04 
1.72135211095620e-01 8.83492646018721e+04 
1.72316426377362e-01 8.84133626595039e+04 
1.72497600261313e-01 8.84814596226103e+04 
1.72678723973083e-01 8.85435368883585e+04 
1.72859799880575e-01 8.86048342751152e+04 
1.73040817366374e-01 8.86576784205073e+04 
1.73221787891397e-01 8.87142290794640e+04 
1.73402692945219e-01 8.87639089485609e+04 
1.73583560164472e-01 8.88155640991640e+04 
1.73764356093825e-01 8.88635676876048e+04 
1.73945131838552e-01 8.89074202546803e+04 
1.74125832153365e-01 8.89546063069584e+04 
1.74306537491308e-01 8.89977336272867e+04 
1.74487165598078e-01 8.90436022325293e+04 
1.74667828882390e-01 8.90857482539982e+04 
1.74848414289588e-01 8.91281466526723e+04 
1.75029063321259e-01 8.91651100998888e+04 
1.75209634307095e-01 8.92001351959478e+04 
1.75390290348256e-01 8.92309575797343e+04 
1.75570867864756e-01 8.92650858355062e+04 
1.75751545362495e-01 8.92913373620529e+04 
1.75932143388082e-01 8.93200119555697e+04 
1.76112851966504e-01 8.93464093479274e+04 
1.76293479758965e-01 8.93689296426231e+04 
1.76474225554596e-01 8.93923546396934e+04 
1.76654889286645e-01 8.94100161010577e+04 
1.76835676205652e-01 8.94286425200202e+04 
1.77016379635813e-01 8.94423740843368e+04 
1.77197209894884e-01 8.94586183432022e+04 
1.77377955215687e-01 8.94750776558979e+04 
1.77558829885725e-01 8.94942226213870e+04 
1.77739618248373e-01 8.95140700060488e+04 
1.77920537540398e-01 8.95365925628260e+04 
1.78101369102625e-01 8.95598484192288e+04 
1.78282332078092e-01 8.95857549085350e+04 
1.78463205899816e-01 8.96124949356528e+04 
1.78644210610468e-01 8.96417288639878e+04 
1.78825124717543e-01 8.96717684131373e+04 
1.79006170912526e-01 8.97038940398628e+04 
1.79187124210243e-01 8.97374438897936e+04 
1.79368208993430e-01 8.97718824186114e+04 
1.79549201149734e-01 8.98086424245209e+04 
1.79730322836325e-01 8.98447353128357e+04 
1.79911348528211e-01 8.98830594542193e+04 
1.80092500039619e-01 8.99205180737114e+04 
1.80273552490699e-01 8.99597243133146e+04 
1.80454727542124e-01 8.99977966269981e+04 
1.80635803511242e-01 9.00370200269808e+04 
1.80817000863225e-01 9.00748194344641e+04 
1.80998101122197e-01 9.01125151921643e+04 
1.81179321197267e-01 9.01489797503279e+04 
1.81360443536068e-01 9.01832629779203e+04 
1.81541685128192e-01 9.02163078902444e+04 
1.81722829504640e-01 9.02469621529447e+04 
1.81904090910704e-01 9.02763782626382e+04 
1.82085255257592e-01 9.03032796782830e+04 
1.82266533963811e-01 9.03289309341831e+04 
1.82431359736371e-01 9.03500365934468e+04 
1.82596230689819e-01 9.03701327015872e+04 
1.82761139210373e-01 9.03882081887190e+04 
1.82926100318455e-01 9.04054072764859e+04 
1.83091102727509e-01 9.04207481436006e+04 
1.83256121105369e-01 9.04353558977549e+04 
1.83421097719391e-01 9.04482810078719e+04 
1.83586028868820e-01 9.04596161011170e+04 
1.83750934870371e-01 9.04702676871150e+04 
1.83915811953702e-01 9.04800012042431e+04 
1.84080680251795e-01 9.04886420888997e+04 
1.84245535575281e-01 9.04982701081623e+04 
1.84410397076743e-01 9.05068560617708e+04 
1.84575260321758e-01 9.05164018620635e+04 
1.84740142739836e-01 9.05249556342613e+04 
1.84905039694796e-01 9.05346391383924e+04 
1.85069966948261e-01 9.05431763618899e+04 
1.85234920174056e-01 9.05529708790117e+04 
1.85399913394985e-01 9.05612443286895e+04 
1.85564943149288e-01 9.05694506497951e+04 
1.85730021696050e-01 9.05787312890089e+04 
1.85895146980235e-01 9.05859111808757e+04 
1.86060329563593e-01 9.05929442742982e+04 
1.86225569120637e-01 9.05995911434279e+04 
1.86390874417511e-01 9.06061625943034e+04 
1.86556247077375e-01 9.06123670603202e+04 
1.86721694001840e-01 9.06186286553578e+04 
1.86887218821980e-01 9.06245386299904e+04 
1.87052826545614e-01 9.06305742299364e+04 
1.87218523228777e-01 9.06363662291264e+04 
1.87384311754733e-01 9.06424775134848e+04 
1.87550201095738e-01 9.06482651236388e+04 
1.87716191807286e-01 9.06543588066903e+04 
1.87882296157892e-01 9.06600860367030e+04 
1.88048512219220e-01 9.06659632802695e+04 
1.88214855724013e-01 9.06714657282639e+04 
1.88381321940031e-01 9.06780418750552e+04 
1.88547930324233e-01 9.06829418502804e+04 
1.88714672918099e-01 9.06895825421490e+04 
1.88881573192212e-01 9.06937329253861e+04 
1.89048619446259e-01 9.06989464744827e+04 
1.89215839455272e-01 9.07049427671492e+04 
1.89383217347849e-01 9.07083910361139e+04 
1.89550785717702e-01 9.07123223136626e+04 
1.89718524313167e-01 9.07139177675449e+04 
1.89886471597848e-01 9.07156076705194e+04 
1.90054602992804e-01 9.07158664718054e+04 
1.90222964346961e-01 9.07174349190993e+04 
1.90391526654657e-01 9.07170885835436e+04 
1.90560344603241e-01 9.07149299287198e+04 
1.90729384160236e-01 9.07116937612414e+04 
1.90898709832344e-01 9.07071704212416e+04 
1.91068281530335e-01 9.07015532777811e+04 
1.91238207671222e-01 9.06956597743972e+04 
1.91408424364071e-01 9.06875207533595e+04 
1.91579093395118e-01 9.06787466752066e+04 
1.91750105317565e-01 9.06689328421936e+04 
1.91921625837264e-01 9.06565391146888e+04 
1.92093531582330e-01 9.06444219715188e+04 
1.92266003990196e-01 9.06321589500018e+04 
1.92438908563809e-01 9.06214396483743e+04 
1.92612443450586e-01 9.06102633057586e+04 
1.92786464836251e-01 9.06001292432187e+04 
1.92961188648382e-01 9.05891514441891e+04 
1.93136463433278e-01 9.05787246119270e+04 
1.93312524632958e-01 9.05667330354867e+04 
1.93489215087442e-01 9.05537107497633e+04 
1.93666792117008e-01 9.05397059223902e+04 
1.93845095447671e-01 9.05255990122908e+04 
1.94024407111561e-01 9.05108099502728e+04 
1.94204567576355e-01 9.04962443850873e+04 
1.94385887149952e-01 9.04810688351083e+04 
1.94568213397345e-01 9.04665398681620e+04 
1.94741602296487e-01 9.04522130171766e+04 
1.94920374921075e-01 9.04384781161119e+04 
1.95095137198402e-01 9.04247572111456e+04 
1.95261745646899e-01 9.04128613082523e+04 
1.95428275284468e-01 9.04008812231807e+04 
1.95594904408298e-01 9.03901889479772e+04 
1.95761539685635e-01 9.03795193468336e+04 
1.95928258185463e-01 9.03702525993366e+04 
1.96094963019942e-01 9.03612542197556e+04 
1.96261721440012e-01 9.03537591193830e+04 
1.96428441001348e-01 9.03468162032661e+04 
1.96595192370062e-01 9.03417196809504e+04 
1.96761884139189e-01 9.03372321489373e+04 
1.96928591177730e-01 9.03345529539327e+04 
1.97095220493379e-01 9.03321044639757e+04 
1.97261851948850e-01 9.03313594481474e+04 
1.97428389594134e-01 9.03315392039143e+04 
1.97594919382984e-01 9.03333370685752e+04 
1.97761341518363e-01 9.03358043146936e+04 
1.97927749183993e-01 9.03398214442374e+04 
1.98094037823657e-01 9.03445347003420e+04 
1.98260308445315e-01 9.03507386669873e+04 
1.98426450655529e-01 9.03575390943047e+04 
1.98592574463871e-01 9.03656112577993e+04 
1.98758563971500e-01 9.03739957044264e+04 
1.98924538351093e-01 9.03834461297373e+04 
1.99090379767776e-01 9.03932375500311e+04 
1.99256205972805e-01 9.04040320691673e+04 
1.99421966595276e-01 9.04147503412686e+04 
1.99587772663619e-01 9.04264014065195e+04 
1.99753628832094e-01 9.04382235396836e+04 
1.99919611560852e-01 9.04511573989619e+04 
2.00085706858123e-01 9.04645097176817e+04 
2.00251951843326e-01 9.04790968725362e+04 
