# Liste des scalaires : TEMPS pmat 
0.00000000000000e+00 1.00000000000000e+05 
7.22956891292051e-05 1.00000000000000e+05 
1.39473830159790e-04 1.00000000000000e+05 
2.09658797050095e-04 1.00000000000000e+05 
2.76117114236751e-04 1.00000000000000e+05 
3.20638761908149e-04 1.00000000000000e+05 
3.55139419127699e-04 1.00000000000000e+05 
3.84466703006980e-04 1.00000000000000e+05 
4.10882456555384e-04 1.00000000000000e+05 
4.35440253196362e-04 1.00000000000000e+05 
4.62453829501437e-04 1.00000000000000e+05 
4.92168763437021e-04 1.00000000000000e+05 
5.24855190766162e-04 1.00000000000000e+05 
5.60810260828218e-04 1.00000000000000e+05 
6.00360837896479e-04 1.00000000000000e+05 
6.43866472671567e-04 1.00000000000000e+05 
6.91722670924163e-04 1.00000000000000e+05 
7.44364489002019e-04 1.00000000000000e+05 
8.02270488887661e-04 1.00000000000000e+05 
8.65967088761867e-04 1.00000000000000e+05 
9.36033348623493e-04 1.00000000000000e+05 
1.01310623447128e-03 1.00000000000000e+05 
1.09788640890385e-03 1.00000000000000e+05 
1.19114460077967e-03 1.00000000000000e+05 
1.28874595967999e-03 1.00000000000000e+05 
1.39427742078093e-03 1.00000000000000e+05 
1.50221628787630e-03 1.00000000000000e+05 
1.61553425737489e-03 1.00000000000000e+05 
1.73457348070841e-03 1.00000000000000e+05 
1.85733677968633e-03 1.00000000000000e+05 
1.98616223838893e-03 1.00000000000000e+05 
2.11872938704650e-03 1.00000000000000e+05 
2.25541689819686e-03 1.00000000000000e+05 
2.39772133018699e-03 1.00000000000000e+05 
2.54485627309118e-03 1.00000000000000e+05 
2.69657390129227e-03 1.00000000000000e+05 
2.85238267869199e-03 1.00000000000000e+05 
3.01245336052062e-03 1.00000000000000e+05 
3.17812497446121e-03 1.00000000000000e+05 
3.34903914085951e-03 1.00000000000000e+05 
3.52292018293635e-03 1.00000000000000e+05 
3.70129114920587e-03 1.00000000000000e+05 
3.88697919838343e-03 1.00000000000000e+05 
4.07861381641495e-03 1.00000000000000e+05 
4.27809375783906e-03 1.00000000000000e+05 
4.48326506391047e-03 1.00000000000000e+05 
4.69607002652225e-03 1.00000000000000e+05 
4.90788043088798e-03 1.00000000000000e+05 
5.11601887059933e-03 1.37185963545447e+05 
5.22195007697582e-03 2.14204992046751e+05 
5.33847440398996e-03 3.59027779015103e+05 
5.45400786027453e-03 5.06880275569592e+05 
5.57301212657269e-03 6.30226658298474e+05 
5.70172421964498e-03 6.90901602973840e+05 
5.81571474611882e-03 7.01031211031168e+05 
5.93642435468079e-03 6.90150975906018e+05 
6.05764578601810e-03 6.70853922219897e+05 
6.19098936048914e-03 6.34970502526557e+05 
6.33766729240728e-03 5.84093974607000e+05 
6.45593444141444e-03 5.40164033710181e+05 
6.58602830532231e-03 4.94506334993327e+05 
6.70895957692952e-03 4.56034330986391e+05 
6.84115059824797e-03 4.21012522344497e+05 
6.96978142625475e-03 3.93285291883253e+05 
7.10642363334282e-03 3.69429927232052e+05 
7.24214917459826e-03 3.50105584176897e+05 
7.38634296401362e-03 3.33294842530410e+05 
7.53079208179251e-03 3.18765770076266e+05 
7.68220462507706e-03 3.05022757932845e+05 
7.83708478931602e-03 2.91976129397194e+05 
7.99832302699992e-03 2.78940643800086e+05 
8.16263905367581e-03 2.66363513997150e+05 
8.33279275457048e-03 2.54206245753897e+05 
8.50473855981866e-03 2.42910306717120e+05 
8.68206112842137e-03 2.32260542528261e+05 
8.86055412756542e-03 2.22451602010857e+05 
9.04407477767981e-03 2.13230180021338e+05 
9.22794929977495e-03 2.04910772468309e+05 
9.41211590048145e-03 1.97362245186872e+05 
9.59091233406964e-03 1.90750569975400e+05 
9.76795126995975e-03 1.84872694676740e+05 
9.94043813751993e-03 1.79690876848932e+05 
1.01127279576888e-02 1.75021110516785e+05 
1.02779703279929e-02 1.70858528398444e+05 
1.04433418818638e-02 1.66969286515748e+05 
1.06039271855954e-02 1.63353422627261e+05 
1.07655121603718e-02 1.59844843242048e+05 
1.09226930019621e-02 1.56449082230530e+05 
1.10765014606587e-02 1.53267277807500e+05 
1.12287570398481e-02 1.50258214114076e+05 
1.13792932851395e-02 1.47427711570619e+05 
1.15292688148533e-02 1.44714575698948e+05 
1.16783234794869e-02 1.42129085851859e+05 
1.18270459858507e-02 1.39610930961048e+05 
1.19747503900587e-02 1.37194204551527e+05 
1.21219399249617e-02 1.34825452924525e+05 
1.22689064675652e-02 1.32526192245785e+05 
1.24161739234943e-02 1.30244668893559e+05 
1.25625984713154e-02 1.28017859237020e+05 
1.27092522702537e-02 1.25856814198007e+05 
1.28558685268160e-02 1.23879529795689e+05 
1.30033425715059e-02 1.21947971117292e+05 
1.31516279570472e-02 1.20395294103517e+05 
1.33015165597571e-02 1.19303183051591e+05 
1.34530438776357e-02 1.18708976197269e+05 
1.36069087284454e-02 1.18397294498678e+05 
1.37631075258806e-02 1.18130481271117e+05 
1.39222344514173e-02 1.18423436351268e+05 
1.40841902069989e-02 1.19629966931119e+05 
1.42494727065600e-02 1.22047301327004e+05 
1.44175367812943e-02 1.25550618655886e+05 
1.45886447442220e-02 1.29786307147075e+05 
1.47625704378873e-02 1.34244169297670e+05 
1.49395486402731e-02 1.38946683580432e+05 
1.51192843816518e-02 1.43036516069267e+05 
1.52824671026202e-02 1.46169020632370e+05 
1.54535969863308e-02 1.48310992191658e+05 
1.56229935496152e-02 1.49205056961998e+05 
1.58015691235347e-02 1.49081628573527e+05 
1.59787533163648e-02 1.47921021338396e+05 
1.61629492287849e-02 1.46654815468709e+05 
1.63487303035914e-02 1.45316992081265e+05 
1.65158768096771e-02 1.44213741872153e+05 
1.66830528300289e-02 1.43052721356007e+05 
1.68501140240373e-02 1.41781684937193e+05 
1.70175307144549e-02 1.40507132707306e+05 
1.71850944488046e-02 1.39175826949389e+05 
1.73535669025196e-02 1.37953691358193e+05 
1.75211217480747e-02 1.36653521580473e+05 
1.76883504483569e-02 1.35481567630565e+05 
1.78551618663131e-02 1.34259332456791e+05 
1.80218058216536e-02 1.33165325343663e+05 
1.81884942180596e-02 1.32044527208038e+05 
1.83547123316365e-02 1.31084057053680e+05 
1.85204491591358e-02 1.30089292360296e+05 
1.86854456404134e-02 1.29138522375235e+05 
1.88505171943165e-02 1.28167809036095e+05 
1.90114985550922e-02 1.27276167045149e+05 
1.91723379143723e-02 1.26365205300683e+05 
1.93321172306965e-02 1.25528150273652e+05 
1.94900883965426e-02 1.24676939361257e+05 
1.96468250599043e-02 1.23933339923469e+05 
1.98025517638203e-02 1.23185315602944e+05 
1.99577849463941e-02 1.22552351941434e+05 
2.01126627554719e-02 1.21939587143070e+05 
2.02675516347288e-02 1.21431169191575e+05 
2.04225746794610e-02 1.20976372540314e+05 
2.05780502428561e-02 1.20576902747689e+05 
2.07341259644966e-02 1.20212159361264e+05 
2.08869482171342e-02 1.19898635081177e+05 
2.10392835439308e-02 1.19609927414098e+05 
2.11912806576782e-02 1.19354543335820e+05 
2.13431079925937e-02 1.19124093371157e+05 
2.14948809797667e-02 1.18936745711100e+05 
2.16467987249319e-02 1.18716890345901e+05 
2.17989515354046e-02 1.18535293648976e+05 
2.19515848011162e-02 1.18293052097557e+05 
2.21049646600986e-02 1.18095359673963e+05 
2.22592863872599e-02 1.17855099946080e+05 
2.24147537554735e-02 1.17638350945532e+05 
2.25715074328427e-02 1.17393293122649e+05 
2.27234737322700e-02 1.17189922619088e+05 
2.28756293660362e-02 1.16952850341402e+05 
2.30280218373089e-02 1.16749872507129e+05 
2.31807329937202e-02 1.16517511135168e+05 
2.33337946973234e-02 1.16338182928249e+05 
2.34873287476680e-02 1.16121233084364e+05 
2.36413600327791e-02 1.15985442240248e+05 
2.37960780316099e-02 1.15786972292910e+05 
2.39511564350439e-02 1.15679007513495e+05 
2.41065103584181e-02 1.15494002593074e+05 
2.42622517916932e-02 1.15415172740656e+05 
2.44160319502825e-02 1.15236094115712e+05 
2.45700068014777e-02 1.15179543564844e+05 
2.47242212828476e-02 1.15002193877185e+05 
2.48786902836267e-02 1.14961275048179e+05 
2.50335175235959e-02 1.14763502272880e+05 
2.51887233500020e-02 1.14724748626580e+05 
2.53444917582041e-02 1.14492670026699e+05 
2.55009685880087e-02 1.15049494571443e+05 
2.56584371197298e-02 1.14990609658476e+05 
2.58171524721215e-02 1.14593080637750e+05 
2.59722272959626e-02 1.14188833025232e+05 
2.61273813214707e-02 1.14034320529809e+05 
2.62826645258949e-02 1.13697176812017e+05 
2.64381005119942e-02 1.13498885001593e+05 
2.65938003918181e-02 1.13126929065839e+05 
2.67497901805074e-02 1.12826421183240e+05 
2.69062670248307e-02 1.12416095757313e+05 
2.70633793973456e-02 1.12014854471603e+05 
2.72214201257719e-02 1.11589408491864e+05 
2.73767998162905e-02 1.11124853933022e+05 
2.75320512974109e-02 1.10725594230822e+05 
2.76871927013735e-02 1.10218917523053e+05 
2.78423003805144e-02 1.09817681345537e+05 
2.79973935486316e-02 1.09252055134151e+05 
2.81526197726428e-02 1.08917073699794e+05 
2.83067795249409e-02 1.08388586619159e+05 
2.84575087754703e-02 1.08137615160021e+05 
2.86044816236031e-02 1.07680784151420e+05 
2.87478271029136e-02 1.07482906697767e+05 
2.88876744315612e-02 1.07082784632569e+05 
2.90244793454104e-02 1.06914985350434e+05 
2.91586507058967e-02 1.06555855035905e+05 
2.93062392024317e-02 1.06429250313654e+05 
2.94552832281447e-02 1.06039286350752e+05 
2.95981816203825e-02 1.05906424028223e+05 
2.97258320065836e-02 1.05583922751025e+05 
2.98612827592624e-02 1.05397410957791e+05 
2.99878900144891e-02 1.05066504985798e+05 
3.01187559511142e-02 1.04858164109622e+05 
3.02477966786688e-02 1.04519964101744e+05 
3.03755644211639e-02 1.04285018458939e+05 
3.05024328917180e-02 1.03948141637322e+05 
3.06287768910323e-02 1.03679764447058e+05 
3.07548907888621e-02 1.03336056225949e+05 
3.08808768410939e-02 1.03033893156223e+05 
3.10070228440561e-02 1.02681314512641e+05 
3.11332443301216e-02 1.02348020361472e+05 
3.12598420731605e-02 1.01985525628543e+05 
3.13866148191893e-02 1.01620896072907e+05 
3.15138578561137e-02 1.01248046034257e+05 
3.16413050606471e-02 1.00854067422358e+05 
3.17692184574083e-02 1.00473601260674e+05 
3.18974037720667e-02 1.00051859847590e+05 
3.20260489012583e-02 9.96544655622610e+04 
3.21550358251598e-02 9.92054619410813e+04 
3.22947107926063e-02 9.87627837195959e+04 
3.24310677338250e-02 9.82680675030194e+04 
3.25691519450787e-02 9.78248069167289e+04 
3.27031769557939e-02 9.73295008683654e+04 
3.28376468544712e-02 9.68954983941460e+04 
3.29797002709024e-02 9.63635093823986e+04 
3.31249637303955e-02 9.58982516806144e+04 
3.32651123541102e-02 9.53701736117876e+04 
3.34073873713265e-02 9.49123231504620e+04 
3.35453559623642e-02 9.43902173591867e+04 
3.36867652267360e-02 9.39322577961607e+04 
3.38223703512504e-02 9.34179296224740e+04 
3.39597184513207e-02 9.29706368806986e+04 
3.40928072621140e-02 9.24681491777938e+04 
3.42335500458714e-02 9.20072705026631e+04 
3.43719441977271e-02 9.14847282882741e+04 
3.45090424326360e-02 9.10336219476329e+04 
3.46447044489567e-02 9.05268305572031e+04 
3.47796000104088e-02 9.00802939554968e+04 
3.49264164153031e-02 8.95346431913315e+04 
3.50742363861901e-02 8.90455684480794e+04 
3.52175444123180e-02 8.85184791492680e+04 
3.53634311314684e-02 8.80076727966014e+04 
3.55058354032021e-02 8.74054536912973e+04 
3.56514949151812e-02 8.67804803745806e+04 
3.57964176818158e-02 8.58379108812373e+04 
3.59431651435204e-02 8.50788687156560e+04 
3.60870135186454e-02 8.38192243282879e+04 
3.62329506815187e-02 8.33728110598490e+04 
3.63762946699710e-02 8.28723297198778e+04 
3.65217839181586e-02 8.25290696887782e+04 
3.66674179956892e-02 8.21301280516780e+04 
3.68122043883146e-02 8.18140279187563e+04 
3.69561522126719e-02 8.14659637657612e+04 
3.70993079013697e-02 8.11732497719598e+04 
3.72418826722724e-02 8.08618768472669e+04 
3.73839280179424e-02 8.05913333759013e+04 
3.75256780297820e-02 8.03100744512880e+04 
3.76671593508823e-02 8.00610433995474e+04 
3.78086405286641e-02 7.98072232674887e+04 
3.79563554631941e-02 7.95700615055804e+04 
3.81015900482088e-02 7.93379787919513e+04 
3.82473084115873e-02 7.91285948568813e+04 
3.83926816829634e-02 7.89270985089827e+04 
3.85385635705789e-02 7.87457785804250e+04 
3.86845558732996e-02 7.85784199242260e+04 
3.88322294977975e-02 7.84282651387914e+04 
3.89786495595857e-02 7.83002606381860e+04 
3.91266338577585e-02 7.81889098354080e+04 
3.92731777676491e-02 7.81073932016492e+04 
3.94211663721311e-02 7.80446475062821e+04 
3.95681624310509e-02 7.80216743013563e+04 
3.97171318326369e-02 7.80213017803294e+04 
3.98649203315581e-02 7.80725494634281e+04 
4.00161145562463e-02 7.81520683099108e+04 
4.01639716170737e-02 7.82955275139658e+04 
4.03177812149177e-02 7.84765761392089e+04 
4.04659527013914e-02 7.87373062428432e+04 
4.06195051588580e-02 7.90506616240100e+04 
4.07728881389343e-02 7.94832518422409e+04 
4.09263518675718e-02 7.99849073513385e+04 
4.10797450640399e-02 8.06470278300894e+04 
4.12321438101706e-02 8.14133502700019e+04 
4.13856889090456e-02 8.23968382546994e+04 
4.15392568845579e-02 8.35421059181999e+04 
4.16931092664529e-02 8.49480002657461e+04 
4.18472312729483e-02 8.65051899721517e+04 
4.20015350916996e-02 8.83428591536394e+04 
4.21561725668002e-02 9.03454879391576e+04 
4.23110481507065e-02 9.26811250877252e+04 
4.24663448609951e-02 9.51670177322304e+04 
4.26219588673563e-02 9.79707072001739e+04 
4.27780676662806e-02 1.00823682509902e+05 
4.29345844245026e-02 1.03813508630886e+05 
4.30916607544326e-02 1.06741951301690e+05 
4.32428527146424e-02 1.09566178554389e+05 
4.34006016535648e-02 1.12355834043141e+05 
4.35621467044174e-02 1.15065176867568e+05 
4.37312731699329e-02 1.17633502395874e+05 
4.39027231168702e-02 1.19928041312151e+05 
4.40749895651441e-02 1.21918810597919e+05 
4.42444793035552e-02 1.23458705983538e+05 
4.44171260920518e-02 1.24744321493980e+05 
4.45841054360590e-02 1.25581841157553e+05 
4.47536556169231e-02 1.26225852886489e+05 
4.49189103856407e-02 1.26646503516185e+05 
4.50888168199356e-02 1.26888983250421e+05 
4.52525758530836e-02 1.27137826098711e+05 
4.54205910240866e-02 1.27161723877372e+05 
4.55835199040248e-02 1.27304338655119e+05 
4.57501099674938e-02 1.27128899906965e+05 
4.59216034065981e-02 1.27120298698621e+05 
4.60870070467773e-02 1.26793908627441e+05 
4.62570680093681e-02 1.26643733420508e+05 
4.64319068045268e-02 1.26226087857276e+05 
4.66112750785397e-02 1.25916563459536e+05 
4.67956415747215e-02 1.25537263529436e+05 
4.69816413471117e-02 1.25046353865264e+05 
4.71682064851541e-02 1.24634003520869e+05 
4.73551242655483e-02 1.24021010121550e+05 
4.75428631803392e-02 1.23574174767806e+05 
4.77311333501968e-02 1.22806046075995e+05 
4.79203882225112e-02 1.22335715967755e+05 
4.81102954490604e-02 1.21676602048043e+05 
4.83009354579136e-02 1.21155581093300e+05 
4.84921059862622e-02 1.20483716238663e+05 
4.86843311608062e-02 1.19788884717154e+05 
4.88763812118938e-02 1.19105308827142e+05 
4.90701916780843e-02 1.18468754442620e+05 
4.92610231737027e-02 1.17881888960459e+05 
4.94562413255987e-02 1.17297196244134e+05 
4.96460983827367e-02 1.16825841572889e+05 
4.98419867864811e-02 1.16277955609183e+05 
5.00310144603609e-02 1.15818712761088e+05 
5.02254325523706e-02 1.15318728285644e+05 
5.04137314442844e-02 1.14873764494254e+05 
5.06068525898071e-02 1.14349648599338e+05 
5.07944927333801e-02 1.13885060843358e+05 
5.09869982117850e-02 1.13386401470847e+05 
5.11746676920016e-02 1.12952844234569e+05 
5.13669888996175e-02 1.12540798737873e+05 
5.15548251837672e-02 1.12115537754521e+05 
5.17471106388318e-02 1.11773644840488e+05 
5.19351638880013e-02 1.11440429434111e+05 
5.21274624364433e-02 1.11117605220499e+05 
5.23157446980664e-02 1.10831500086412e+05 
5.25081347644691e-02 1.10534141361030e+05 
5.26965047785076e-02 1.10244842186260e+05 
5.28894353358223e-02 1.09929666146729e+05 
5.30786827847263e-02 1.09619316869580e+05 
5.32726543176904e-02 1.09286280245301e+05 
5.34632725957135e-02 1.08914180431981e+05 
5.36581518862999e-02 1.08491261494942e+05 
5.38494536541674e-02 1.08115054356460e+05 
5.40449545614725e-02 1.07736047508089e+05 
5.42369105192672e-02 1.07375762267631e+05 
5.44330858560459e-02 1.07038691779673e+05 
5.46257513109480e-02 1.06689996203320e+05 
5.48226793204207e-02 1.06330970075517e+05 
5.50223819975200e-02 1.05986046220531e+05 
5.52181246562242e-02 1.05652055114472e+05 
5.54173808282050e-02 1.05310510327287e+05 
5.56193353178613e-02 1.04965672662223e+05 
5.58114392348709e-02 1.04630459459271e+05 
5.60032338195096e-02 1.04297581395592e+05 
5.61951860180695e-02 1.03950763555313e+05 
5.63874108292498e-02 1.03612352335522e+05 
5.65796061180003e-02 1.03252845312242e+05 
5.67713412865558e-02 1.02905624273052e+05 
5.69626483578869e-02 1.02547111977993e+05 
5.71534881598586e-02 1.02200114192885e+05 
5.73439666117465e-02 1.01837453878175e+05 
5.75341206232364e-02 1.01494404500673e+05 
5.77241069103466e-02 1.01133366424197e+05 
5.79140236910237e-02 1.00734279640402e+05 
5.81039809658157e-02 1.00401687036068e+05 
5.82940335148723e-02 1.00109983548528e+05 
5.84668062269551e-02 9.98275727401036e+04 
5.86437599823992e-02 9.95498535450276e+04 
5.88168701707943e-02 9.92458074883257e+04 
5.89952171426595e-02 9.89331405525992e+04 
5.91678149874514e-02 9.85904510713399e+04 
5.93449894053405e-02 9.82538879201643e+04 
5.95179941972839e-02 9.78944647572870e+04 
5.96959001414904e-02 9.75552524657692e+04 
5.98685911754382e-02 9.72141599005597e+04 
6.00463706956962e-02 9.68956188524910e+04 
6.02190857422590e-02 9.65825906390744e+04 
6.03972525351439e-02 9.62929439561799e+04 
6.05706045491171e-02 9.60098419519457e+04 
6.07499647355885e-02 9.57454455056980e+04 
6.09246517122480e-02 9.54856271579439e+04 
6.11058568417451e-02 9.52418778988642e+04 
6.12819921117109e-02 9.50132585697553e+04 
6.14654664771334e-02 9.47752478690797e+04 
6.16568939031706e-02 9.45092690257283e+04 
6.18395403841610e-02 9.42745300600569e+04 
6.20145570234777e-02 9.40318138322522e+04 
6.21984747445009e-02 9.38064385091358e+04 
6.23728443424907e-02 9.35795364251305e+04 
6.25522244742543e-02 9.33818338603470e+04 
6.27263277574318e-02 9.31821708883203e+04 
6.29047212548870e-02 9.30138087641821e+04 
6.30793991666582e-02 9.28415703265020e+04 
6.32579555980471e-02 9.26994992258693e+04 
6.34341889130198e-02 9.25542019225905e+04 
6.36140565182713e-02 9.24396777924401e+04 
6.37918664817286e-02 9.23180055920646e+04 
6.39734908078361e-02 9.22241808971971e+04 
6.41531460849083e-02 9.21193343060088e+04 
6.43373833923872e-02 9.20286841132796e+04 
6.45197628399023e-02 9.19178524534223e+04 
6.47103855734211e-02 9.18125052366295e+04 
6.48913388243690e-02 9.16912014227257e+04 
6.50805240474953e-02 9.15857157081955e+04 
6.52613441170146e-02 9.14681913176839e+04 
6.54475147476312e-02 9.13744141847901e+04 
6.56284387449361e-02 9.13243808718806e+04 
6.58150886286974e-02 9.12827552344017e+04 
6.59975540124982e-02 9.12577581948168e+04 
6.61854805192066e-02 9.11877956165627e+04 
6.63696305447006e-02 9.11656054336076e+04 
6.65591583363104e-02 9.10850861040954e+04 
6.67470881791273e-02 9.10686916805716e+04 
6.69369763742328e-02 9.09969338972623e+04 
6.71252269184565e-02 9.10019428271235e+04 
6.73165695167582e-02 9.09601511769626e+04 
6.75052252944175e-02 9.09893922309081e+04 
6.76978889299953e-02 9.09699899872953e+04 
6.78870331585760e-02 9.10976756314191e+04 
6.80806152004362e-02 9.11743222536036e+04 
6.82704791797310e-02 9.14280767094749e+04 
6.84652187906298e-02 9.16379147124821e+04 
6.86562751322996e-02 9.20329057926577e+04 
6.88539067503807e-02 9.23837546831791e+04 
6.90464574186965e-02 9.29154353129640e+04 
6.92487751141650e-02 9.34205155354669e+04 
6.94416858770436e-02 9.40309974462151e+04 
6.96453790318347e-02 9.45951799896282e+04 
6.98384200507747e-02 9.52107650145458e+04 
7.00417165190104e-02 9.58030698184457e+04 
7.02351264080362e-02 9.64194197686926e+04 
7.04375686565974e-02 9.69438604097207e+04 
7.06498835216846e-02 9.74292506145882e+04 
7.08686878634151e-02 9.77487273059264e+04 
7.10941173444211e-02 9.80629340080886e+04 
7.13043425823250e-02 9.82831378051107e+04 
7.15250427008821e-02 9.84706825761794e+04 
7.17397131913556e-02 9.85754464293109e+04 
7.19668041024538e-02 9.86310156421154e+04 
7.21872204249418e-02 9.84949422793960e+04 
7.24187079413846e-02 9.84806950218148e+04 
7.26177642579107e-02 9.83265195278712e+04 
7.28169358943056e-02 9.82449328561869e+04 
7.30157615139306e-02 9.80469786508480e+04 
7.32149625927789e-02 9.79260493755224e+04 
7.34140225737034e-02 9.76856851749030e+04 
7.36136768670989e-02 9.75151635592351e+04 
7.38133516484510e-02 9.72227467846848e+04 
7.40137553932907e-02 9.69955069903112e+04 
7.42155961463823e-02 9.66506442268378e+04 
7.44197147050889e-02 9.63653839980246e+04 
7.46282755642757e-02 9.60570115076119e+04 
7.48415356167867e-02 9.57163333829355e+04 
7.50526701552274e-02 9.52459011945099e+04 
7.52748767824887e-02 9.48087427527534e+04 
7.54910960829974e-02 9.42901115847329e+04 
7.57160751567818e-02 9.38970914827777e+04 
7.59387681234831e-02 9.35527495715786e+04 
7.61652062873007e-02 9.31783691966440e+04 
7.63909569527228e-02 9.28888073510840e+04 
7.66162873362108e-02 9.24789190946845e+04 
7.68132452724083e-02 9.22041691028994e+04 
7.70105191001661e-02 9.18449431063142e+04 
7.72080664125960e-02 9.15770086704014e+04 
7.74060632402897e-02 9.12272943142190e+04 
7.76043522941084e-02 9.09777853370163e+04 
7.78030787490301e-02 9.06470685980193e+04 
7.80020687259195e-02 9.04174943216352e+04 
7.82015952907920e-02 9.00666561171384e+04 
7.84032320287463e-02 8.98492780278237e+04 
7.86067794390711e-02 8.94875772045737e+04 
7.88128591432579e-02 8.92889649267924e+04 
7.90211314190897e-02 8.89364139703514e+04 
7.92320745082422e-02 8.87545104370731e+04 
7.94453514229741e-02 8.84440290978265e+04 
7.96615811187855e-02 8.82795170929471e+04 
7.98787362711129e-02 8.80061221097462e+04 
8.00898611011929e-02 8.78819041183599e+04 
8.03060788726278e-02 8.76532468624793e+04 
8.05180234944703e-02 8.75372894664927e+04 
8.07326782588187e-02 8.73414075936101e+04 
8.09449812709753e-02 8.72274660827882e+04 
8.11596348932547e-02 8.70882963638911e+04 
8.13720227339423e-02 8.69833946259469e+04 
8.15861716376460e-02 8.68723165736792e+04 
8.17986135680523e-02 8.67716390768415e+04 
8.20124355751161e-02 8.66557846680586e+04 
8.22250672086384e-02 8.65415456771293e+04 
8.24387303795103e-02 8.64129752208737e+04 
8.26518343952895e-02 8.62903709475684e+04 
8.28479120276417e-02 8.61623029018890e+04 
8.30435357711033e-02 8.60408182877045e+04 
8.32389288967515e-02 8.59038038053683e+04 
8.34340007975644e-02 8.57817909076211e+04 
8.36289518951129e-02 8.56410781002638e+04 
8.38238190242177e-02 8.55250062200927e+04 
8.40187268675507e-02 8.53844062427896e+04 
8.42138970002404e-02 8.52747977704806e+04 
8.44092113494382e-02 8.51323475208170e+04 
8.46050830722732e-02 8.50247470159212e+04 
8.48011774155020e-02 8.48761219320283e+04 
8.49981262621345e-02 8.47666807570825e+04 
8.51962768356714e-02 8.46117409293235e+04 
8.53979492900081e-02 8.45026971591192e+04 
8.56029191711997e-02 8.43426254439735e+04 
8.58126693997726e-02 8.42391662898123e+04 
8.60261913387222e-02 8.40779039635097e+04 
8.62431335546381e-02 8.39887573290062e+04 
8.64606108673215e-02 8.38383554621801e+04 
8.66672304330405e-02 8.37657855945941e+04 
8.68587033041321e-02 8.36404386734983e+04 
8.70499319340508e-02 8.35733074732048e+04 
8.72411149063617e-02 8.34499096357942e+04 
8.74323068561359e-02 8.33866429372533e+04 
8.76237485961149e-02 8.32657679148792e+04 
8.78157807073059e-02 8.32075364305534e+04 
8.80084455536592e-02 8.30917896065122e+04 
8.82024431715633e-02 8.30350100339936e+04 
8.83974373576283e-02 8.29197763850369e+04 
8.85945454805637e-02 8.28581275425078e+04 
8.87930668370716e-02 8.27404362490512e+04 
8.89947254368958e-02 8.26716963090287e+04 
8.91984030531469e-02 8.25527791490475e+04 
8.94064143048906e-02 8.24780605015951e+04 
8.96164074672263e-02 8.23711974424354e+04 
8.98036932120106e-02 8.23113349668673e+04 
8.99911752207197e-02 8.22358001728123e+04 
9.01788074378397e-02 8.21765945866925e+04 
9.03670101078978e-02 8.21045903343501e+04 
9.05559867836665e-02 8.20450475395398e+04 
9.07460460527120e-02 8.19749883832687e+04 
9.09375773931141e-02 8.19143237929195e+04 
9.11306549935740e-02 8.18504720238493e+04 
9.13259303616476e-02 8.17914056976604e+04 
9.15231321703295e-02 8.17332462174800e+04 
9.17232528522061e-02 8.16781235221316e+04 
9.19257580654276e-02 8.16279831887550e+04 
9.21321641739693e-02 8.15816106804081e+04 
9.23201497424005e-02 8.15478264788288e+04 
9.25081607417466e-02 8.15152884709098e+04 
9.26967588589708e-02 8.14907960280532e+04 
9.28857444529377e-02 8.14650281117299e+04 
9.30755029163494e-02 8.14482673125872e+04 
9.32660307066290e-02 8.14272583095320e+04 
9.34576243881834e-02 8.14206928622012e+04 
9.36502909869092e-02 8.14154316184177e+04 
9.38442302553252e-02 8.14257137413601e+04 
9.40396692697322e-02 8.14261079697910e+04 
9.42368778283883e-02 8.14296542163772e+04 
9.44365335647940e-02 8.14223330181564e+04 
9.46386233674937e-02 8.14200344962372e+04 
9.48440723018260e-02 8.14114203037243e+04 
9.50524189698748e-02 8.14122573825949e+04 
9.52650112230783e-02 8.14096463543314e+04 
9.54564187372975e-02 8.14187343572249e+04 
9.56482239542314e-02 8.14256197049269e+04 
9.58408256403199e-02 8.14431282348054e+04 
9.60339317320472e-02 8.14579848218027e+04 
9.62278257307094e-02 8.14819686578645e+04 
9.64222602246954e-02 8.15041495025164e+04 
9.66175596641983e-02 8.15365354039678e+04 
9.68136001102589e-02 8.15651352465168e+04 
9.70107201084064e-02 8.16047282477558e+04 
9.72091577104420e-02 8.16391911464161e+04 
9.74091900433854e-02 8.16857933315010e+04 
9.76113007471251e-02 8.17269426164421e+04 
9.78155485355502e-02 8.17820286747430e+04 
9.80227579800356e-02 8.18329302124087e+04 
9.82326295203831e-02 8.19013204519092e+04 
9.84464546485038e-02 8.19730060940360e+04 
9.86634807178614e-02 8.20607229951448e+04 
9.88855876351088e-02 8.21585566566156e+04 
9.91107891816763e-02 8.22793334429819e+04 
9.93077268264249e-02 8.23954595917988e+04 
9.95054478064209e-02 8.25388332619873e+04 
9.97035623364685e-02 8.26937517455299e+04 
9.99023793857593e-02 8.28839907176361e+04 
1.00101741895567e-01 8.30878554652663e+04 
1.00301767753992e-01 8.33407405619491e+04 
1.00502472796746e-01 8.36148447931574e+04 
1.00704168306038e-01 8.39255604878491e+04 
1.00907221248178e-01 8.42447227517962e+04 
1.01111815940240e-01 8.45979406822328e+04 
1.01318522888490e-01 8.49486170026932e+04 
1.01527082496671e-01 8.53263825048063e+04 
1.01738300366368e-01 8.56878369958186e+04 
1.01951520462141e-01 8.60434208749726e+04 
1.02167933821476e-01 8.63585209530509e+04 
1.02386587825157e-01 8.66633006238578e+04 
1.02609204502475e-01 8.69197562112205e+04 
1.02834881100575e-01 8.71253453553367e+04 
1.03065562576936e-01 8.72812186814143e+04 
1.03296304351810e-01 8.73766791195347e+04 
1.03526947707270e-01 8.74293058289949e+04 
1.03757457081942e-01 8.74033113561033e+04 
1.03960930249198e-01 8.73549703291058e+04 
1.04164797112648e-01 8.72597488245346e+04 
1.04368981521966e-01 8.71435313323025e+04 
1.04573609444151e-01 8.69791242310979e+04 
1.04778751923365e-01 8.67978619765403e+04 
1.04984452193768e-01 8.65720449532531e+04 
1.05190831991010e-01 8.63448948909595e+04 
1.05397798482505e-01 8.60712510941963e+04 
1.05605541205526e-01 8.58061179902783e+04 
1.05813876886395e-01 8.54980517431372e+04 
1.06023115833751e-01 8.51769117264974e+04 
1.06232977607706e-01 8.48445137924302e+04 
1.06443852555674e-01 8.45352772327253e+04 
1.06610703238153e-01 8.42766024026786e+04 
1.06782484852241e-01 8.40286765987369e+04 
1.06958983920444e-01 8.37679213193869e+04 
1.07129301281797e-01 8.35307858333058e+04 
1.07297537094142e-01 8.32918156775188e+04 
1.07469806794886e-01 8.30588136541486e+04 
1.07638038420052e-01 8.28291176535497e+04 
1.07810184957791e-01 8.26069629589046e+04 
1.07978305279407e-01 8.23916868263760e+04 
1.08150313286183e-01 8.21841412497465e+04 
1.08318285849753e-01 8.19849386996372e+04 
1.08490132005921e-01 8.17932132160860e+04 
1.08657937886177e-01 8.16106606973547e+04 
1.08829604578759e-01 8.14354724031952e+04 
1.08997228836589e-01 8.12705936674829e+04 
1.09168701631535e-01 8.11104507148119e+04 
1.09336132475695e-01 8.09603418806575e+04 
1.09505589007907e-01 8.08144259678077e+04 
1.09672922911175e-01 8.06776037383295e+04 
1.09842253726715e-01 8.05432790542396e+04 
1.10009430788436e-01 8.04185533665227e+04 
1.10178589968834e-01 8.02953946535729e+04 
1.10345580431398e-01 8.01822178776624e+04 
1.10514544439905e-01 8.00698858612718e+04 
1.10681332253078e-01 7.99676235850924e+04 
1.10850087261199e-01 7.98654922830955e+04 
1.11016663266073e-01 7.97740287241605e+04 
1.11185201146806e-01 7.96813376349103e+04 
1.11351559171072e-01 7.95982295883749e+04 
1.11519873606246e-01 7.95133887321947e+04 
1.11686008919132e-01 7.94373631834304e+04 
1.11854094714112e-01 7.93594732727551e+04 
1.12020003981333e-01 7.92884098586065e+04 
1.12187857412977e-01 7.92178051509341e+04 
1.12353538687781e-01 7.91528225538976e+04 
1.12521157555231e-01 7.90889145705694e+04 
1.12686610369346e-01 7.90291084012484e+04 
1.12853994076931e-01 7.89719650154011e+04 
1.13019220018510e-01 7.89199198379582e+04 
1.13186370409902e-01 7.88683579446055e+04 
1.13351371889912e-01 7.88243570971197e+04 
1.13518291309784e-01 7.87768163844218e+04 
1.13683071509596e-01 7.87434191058442e+04 
1.13849763162812e-01 7.87043067590616e+04 
1.14014327455111e-01 7.86785864350369e+04 
1.14180796836833e-01 7.86455704236129e+04 
1.14345150916182e-01 7.86263871908134e+04 
1.14511404585463e-01 7.86399996835478e+04 
1.14675555566476e-01 7.86570202874370e+04 
1.14841602057854e-01 7.86516021052266e+04 
1.15005558738527e-01 7.86601517812566e+04 
1.15171408300740e-01 7.86537094525741e+04 
1.15335180910817e-01 7.86641766302634e+04 
1.15500845053523e-01 7.86602171935897e+04 
1.15664444470150e-01 7.86806350696822e+04 
1.15829935230863e-01 7.86893274264692e+04 
1.15993372415404e-01 7.87260703605908e+04 
1.16158701849535e-01 7.87508284547102e+04 
1.16321987752889e-01 7.87957894003352e+04 
1.16487167911789e-01 7.88315013113022e+04 
1.16650313865398e-01 7.88800038831216e+04 
1.16815357527813e-01 7.89178976484534e+04 
1.16978376132759e-01 7.89671258200785e+04 
1.17143297692372e-01 7.89699494077710e+04 
1.17306202142864e-01 7.90052007119946e+04 
1.17471016934862e-01 7.90241933433113e+04 
1.17633821321800e-01 7.90620784913385e+04 
1.17798545844172e-01 7.90804480612226e+04 
1.17961265217064e-01 7.91101577517208e+04 
1.18125917317010e-01 7.91218762178503e+04 
1.18288568123901e-01 7.91382134694709e+04 
1.18453167512015e-01 7.91376515411546e+04 
1.18615767773637e-01 7.91378780606999e+04 
1.18782661711107e-01 7.91211948927881e+04 
1.18945139296223e-01 7.91065519575817e+04 
1.19111789099950e-01 7.90753278712592e+04 
1.19284302238156e-01 7.90429622242033e+04 
1.19463270131940e-01 7.89924545275618e+04 
1.19649943519886e-01 7.89374545990479e+04 
1.19844489548252e-01 7.88647262687621e+04 
1.20047289192085e-01 7.87835399643779e+04 
1.20257601433948e-01 7.86869242408096e+04 
1.20474536758064e-01 7.85808628461573e+04 
1.20696569686651e-01 7.84629094199568e+04 
1.20922275679927e-01 7.83371405705825e+04 
1.21150476961405e-01 7.82067384604205e+04 
1.21379207309812e-01 7.80720076710612e+04 
1.21608115905538e-01 7.79346997529702e+04 
1.21837687797871e-01 7.78017835735587e+04 
1.22067450702643e-01 7.76732831259272e+04 
1.22233102251888e-01 7.75888407100822e+04 
1.22405803920492e-01 7.75078586312115e+04 
1.22564000449974e-01 7.74400461795023e+04 
1.22738016632405e-01 7.73736756948739e+04 
1.22906124832006e-01 7.73170185109487e+04 
1.23081472730531e-01 7.72665224040967e+04 
1.23264387283342e-01 7.72222374449899e+04 
1.23439234946782e-01 7.71893319359163e+04 
1.23622040098789e-01 7.71578364209654e+04 
1.23799529826987e-01 7.71464476369324e+04 
1.23955963716715e-01 7.71351758750030e+04 
1.24128040995416e-01 7.71445507394690e+04 
1.24305519748007e-01 7.71567642969941e+04 
1.24493951724119e-01 7.71786159617603e+04 
1.24649025176876e-01 7.72115197915069e+04 
1.24819605974908e-01 7.72522463376560e+04 
1.25007244852743e-01 7.73106018512666e+04 
1.25213647618362e-01 7.73845102182613e+04 
1.25366974097532e-01 7.74516123333430e+04 
1.25535633224619e-01 7.75305242728879e+04 
1.25721158264415e-01 7.76311328045518e+04 
1.25925235808190e-01 7.77454465270830e+04 
1.26129651227662e-01 7.78918671979473e+04 
1.26333383568600e-01 7.80484848609747e+04 
1.26536392696708e-01 7.82347871960402e+04 
1.26738758653544e-01 7.84308942617013e+04 
1.26891216483600e-01 7.85963627258024e+04 
1.27058920096663e-01 7.87867692462830e+04 
1.27243394071031e-01 7.90154626032560e+04 
1.27443980772556e-01 7.92808193651147e+04 
1.27644285445860e-01 7.95669486408490e+04 
1.27844410629933e-01 7.98880906499597e+04 
1.28044506482022e-01 8.02010287197564e+04 
1.28244705023671e-01 8.05523395513943e+04 
1.28396955027044e-01 8.08241500266239e+04 
1.28564430030755e-01 8.11377647891491e+04 
1.28716936530053e-01 8.14253982208214e+04 
1.28883858842435e-01 8.17559516765043e+04 
1.29067473386054e-01 8.21184653159511e+04 
1.29269449384035e-01 8.25397039695169e+04 
1.29474124268023e-01 8.29629778626625e+04 
1.29680278726494e-01 8.34287044732494e+04 
1.29887550790215e-01 8.38481379907201e+04 
1.30096560529383e-01 8.43003576991088e+04 
1.30249118470951e-01 8.45298616692473e+04 
1.30416932206675e-01 8.48456698979238e+04 
1.30569191181817e-01 8.51105541471368e+04 
1.30736676054473e-01 8.54381463373814e+04 
1.30889027786095e-01 8.56985972045467e+04 
1.31056614690880e-01 8.60089876230026e+04 
1.31240960286142e-01 8.63030296702739e+04 
1.31443740440931e-01 8.66426718481155e+04 
1.31656685702549e-01 8.69210149722540e+04 
1.31873169210334e-01 8.72171501846213e+04 
1.32086750177759e-01 8.74346362319241e+04 
1.32304331854373e-01 8.76694852592849e+04 
1.32518758853510e-01 8.78343670099079e+04 
1.32737334181245e-01 8.80161298398415e+04 
1.32952738436950e-01 8.81430551314268e+04 
1.33172378740073e-01 8.82949064459804e+04 
1.33388842217141e-01 8.84040933672554e+04 
1.33609392698995e-01 8.85435517898011e+04 
1.33826981339684e-01 8.86473477943325e+04 
1.34047739315959e-01 8.87837649730625e+04 
1.34266516345337e-01 8.88923780578791e+04 
1.34487587530641e-01 8.90344302767455e+04 
1.34707573413883e-01 8.91465952389682e+04 
1.34929032040353e-01 8.92985767435799e+04 
1.35150249118000e-01 8.94140611935736e+04 
1.35372148876382e-01 8.95758799800504e+04 
1.35594224026599e-01 8.96989079073026e+04 
1.35816559627047e-01 8.98703751508441e+04 
1.36039099519979e-01 9.00027490963596e+04 
1.36261901878843e-01 9.01881296923967e+04 
1.36484941139265e-01 9.03289767938794e+04 
1.36708139193668e-01 9.05285140975642e+04 
1.36931568796258e-01 9.06787002330130e+04 
1.37155179697837e-01 9.08876797470642e+04 
1.37379045139609e-01 9.10438546992319e+04 
1.37603107611465e-01 9.12513779738665e+04 
1.37827385604981e-01 9.14110406826116e+04 
1.38051687327797e-01 9.16222099717926e+04 
1.38276308257296e-01 9.17815998373902e+04 
1.38500941144995e-01 9.19903077953650e+04 
1.38725707281086e-01 9.21437201183572e+04 
1.38950503773112e-01 9.23438390077990e+04 
1.39175429192759e-01 9.24989155988752e+04 
1.39400403474323e-01 9.26799675297012e+04 
1.39625376852655e-01 9.28267463053537e+04 
1.39850332849161e-01 9.30004193111901e+04 
1.40075263538134e-01 9.31389943230350e+04 
1.40300180335559e-01 9.33059452811887e+04 
1.40525080676788e-01 9.34498062647871e+04 
1.40750498076026e-01 9.36260665264879e+04 
1.40975980582075e-01 9.37597837939704e+04 
1.41201429335885e-01 9.39593345366976e+04 
1.41426936390227e-01 9.41161596428741e+04 
1.41652423031792e-01 9.43411131728261e+04 
1.41877965918912e-01 9.45310606919133e+04 
1.42103516489505e-01 9.47952154701148e+04 
1.42329124222726e-01 9.50213174227415e+04 
1.42554766943560e-01 9.52614305441938e+04 
1.42780471698854e-01 9.55560889498896e+04 
1.43006236970345e-01 9.58629009444728e+04 
1.43232068931761e-01 9.62158045067738e+04 
1.43457973665222e-01 9.65917464750934e+04 
1.43683938366321e-01 9.69893557478767e+04 
1.43909980682834e-01 9.74145463892504e+04 
1.44136097885624e-01 9.78243189852818e+04 
1.44363432483740e-01 9.82670630729400e+04 
1.44590885718114e-01 9.86628146690052e+04 
1.44818459012360e-01 9.90937826109058e+04 
1.45046139571091e-01 9.94523727298618e+04 
1.45273935228487e-01 9.98470655314085e+04 
1.45501828765304e-01 1.00141155610106e+05 
1.45729828975201e-01 1.00478914271346e+05 
1.45957901183485e-01 1.00715258870058e+05 
1.46186057668998e-01 1.00983638271007e+05 
1.46414279072009e-01 1.01149635926575e+05 
1.46642583446901e-01 1.01342588390517e+05 
1.46870953126697e-01 1.01444543768743e+05 
1.47099404616586e-01 1.01560664224602e+05 
1.47328228167645e-01 1.01612535998192e+05 
1.47557088896986e-01 1.01669429414089e+05 
1.47786007611715e-01 1.01678301492558e+05 
1.48015001676242e-01 1.01691513239758e+05 
1.48244054748808e-01 1.01636568917907e+05 
1.48473193156962e-01 1.01585883248106e+05 
1.48702427295394e-01 1.01500950848653e+05 
1.48931756850813e-01 1.01429183992658e+05 
1.49161198110523e-01 1.01342741901950e+05 
1.49390666955581e-01 1.01258608799627e+05 
1.49620272674481e-01 1.01170237397165e+05 
1.49849930109062e-01 1.01077552072121e+05 
1.50079719369551e-01 1.00988678498886e+05 
1.50309583729827e-01 1.00887389463970e+05 
1.50539577589745e-01 1.00798532512662e+05 
1.50769667842735e-01 1.00697317097955e+05 
1.50999879731077e-01 1.00617772164248e+05 
1.51230195632188e-01 1.00506650808309e+05 
1.51460628941100e-01 1.00398794633339e+05 
1.51691171586534e-01 1.00295609001027e+05 
1.51921827288585e-01 1.00191115188260e+05 
1.52152617675987e-01 1.00090720355293e+05 
1.52383504147094e-01 9.99913730405406e+04 
1.52614540607939e-01 9.99000905576035e+04 
1.52845651684751e-01 9.98117218651387e+04 
1.53076851586786e-01 9.97353667230229e+04 
1.53308179988750e-01 9.96480198565447e+04 
1.53539635287424e-01 9.95426003184148e+04 
1.53771171870920e-01 9.94376970319727e+04 
1.54002271305610e-01 9.93181969682165e+04 
1.54233768140784e-01 9.91962549716379e+04 
1.54465084989475e-01 9.90650445327943e+04 
1.54696497979710e-01 9.89361974724461e+04 
1.54927380421556e-01 9.87971185150878e+04 
1.55158598489567e-01 9.86573219020585e+04 
1.55389576821695e-01 9.85180562766024e+04 
1.55620954785504e-01 9.83773733217635e+04 
1.55852098841064e-01 9.82511326622795e+04 
1.56083626059626e-01 9.81251685499191e+04 
1.56314906369904e-01 9.80138449664013e+04 
1.56546159937604e-01 9.79067688060816e+04 
1.56777355101780e-01 9.78138461313371e+04 
1.57008910730644e-01 9.77267730879498e+04 
1.57240224088193e-01 9.76431885100781e+04 
1.57471804921669e-01 9.75716046989212e+04 
1.57703112781094e-01 9.74904160279674e+04 
1.57934639996510e-01 9.74264232070936e+04 
1.58165888869242e-01 9.73547236406929e+04 
1.58397319493130e-01 9.72928042548622e+04 
1.58628479795893e-01 9.72343968340576e+04 
1.58859790302433e-01 9.71744960063877e+04 
1.59091394656509e-01 9.71301106319864e+04 
1.59323316478744e-01 9.70817764435541e+04 
1.59555070427166e-01 9.70422346310135e+04 
1.59786979221225e-01 9.70080188625723e+04 
1.60019809843362e-01 9.69634685681906e+04 
1.60253017029125e-01 9.69320760704544e+04 
1.60486293869062e-01 9.68937955142136e+04 
1.60719615759271e-01 9.68656886077691e+04 
1.60953134292871e-01 9.68322056743871e+04 
1.61186697787007e-01 9.68067059562334e+04 
1.61420362737412e-01 9.67749166750320e+04 
1.61654042780600e-01 9.67448407060266e+04 
1.61887753762878e-01 9.67154809242807e+04 
1.62121465038736e-01 9.66828309774821e+04 
1.62355201171518e-01 9.66517214311984e+04 
1.62588940716673e-01 9.66153122005415e+04 
1.62822708901216e-01 9.65797763090816e+04 
1.63056487105393e-01 9.65325722329479e+04 
1.63290299417673e-01 9.64910777567928e+04 
1.63524128557523e-01 9.64385476330563e+04 
1.63757997206010e-01 9.63940397330383e+04 
1.63992101353545e-01 9.63421940207155e+04 
1.64226237144196e-01 9.62945951066147e+04 
1.64460372845112e-01 9.62402773073824e+04 
1.64694545838183e-01 9.61898748658856e+04 
1.64928700545925e-01 9.61318472078953e+04 
1.65162723936098e-01 9.60812444367156e+04 
1.65396817370593e-01 9.60219615876412e+04 
1.65630850944866e-01 9.59634716694486e+04 
1.65864927265117e-01 9.58957044571336e+04 
1.66098978778859e-01 9.58438700094720e+04 
1.66333068026724e-01 9.57838546199369e+04 
1.66567154742581e-01 9.57289021723913e+04 
1.66801275961933e-01 9.56739749960665e+04 
1.67035410848511e-01 9.56188131418444e+04 
1.67269575833475e-01 9.55581691375977e+04 
1.67503766771129e-01 9.55001845039681e+04 
1.67737981890674e-01 9.54379771645727e+04 
1.67972232698174e-01 9.53649685798229e+04 
1.68206499719033e-01 9.53036375496487e+04 
1.68440807679489e-01 9.52253474804209e+04 
1.68675119061715e-01 9.51729343004083e+04 
1.68909470110790e-01 9.51005299458854e+04 
1.69143810132399e-01 9.50415805616099e+04 
1.69378185432214e-01 9.49725349586104e+04 
1.69612538888224e-01 9.49175663723864e+04 
1.69846925360365e-01 9.48582953073738e+04 
1.70081289028120e-01 9.48145345727381e+04 
1.70315688058847e-01 9.47626938645100e+04 
1.70550074043298e-01 9.47229177597298e+04 
1.70784502921112e-01 9.46739323098151e+04 
1.71006862657827e-01 9.46360227575996e+04 
1.71229203209620e-01 9.45883769249724e+04 
1.71451406287757e-01 9.45481043067220e+04 
1.71673438181695e-01 9.44964023690086e+04 
1.71895364953250e-01 9.44504888801841e+04 
1.72117153393640e-01 9.43922253927711e+04 
1.72338868006221e-01 9.43389489938746e+04 
1.72560473563394e-01 9.42733782153731e+04 
1.72782031311310e-01 9.42085207003055e+04 
1.73003501546600e-01 9.41282858974649e+04 
1.73224942475234e-01 9.40493221241577e+04 
1.73446313746434e-01 9.39589517371500e+04 
1.73679233889351e-01 9.38681815790612e+04 
1.73911827637256e-01 9.37676826390394e+04 
1.74144233192650e-01 9.36702362428016e+04 
1.74376345045885e-01 9.35643489177856e+04 
1.74608317227627e-01 9.34610069443403e+04 
1.74840030746167e-01 9.33504153419918e+04 
1.75071654620842e-01 9.32422072375654e+04 
1.75303061830896e-01 9.31430055347577e+04 
1.75534428032438e-01 9.30286538103037e+04 
1.75765619888963e-01 9.29072269693057e+04 
1.75996816893761e-01 9.27793230116084e+04 
1.76227881622542e-01 9.26467617421384e+04 
1.76458994615419e-01 9.25163194143028e+04 
1.76689992550347e-01 9.23834279845509e+04 
1.76920804806026e-01 9.22575177569705e+04 
1.77151476554558e-01 9.21290265429225e+04 
1.77382011379412e-01 9.20102634401081e+04 
1.77612435032475e-01 9.18875699839294e+04 
1.77842769967835e-01 9.17735585756120e+04 
1.78073024910863e-01 9.16552800313670e+04 
1.78303236756943e-01 9.15434840886960e+04 
1.78533402604926e-01 9.14299579822781e+04 
1.78763569610938e-01 9.13232916719213e+04 
1.78993723681637e-01 9.12151296052877e+04 
1.79223919016078e-01 9.11129206808753e+04 
1.79454128200211e-01 9.10099232388825e+04 
1.79684416056358e-01 9.09120604748460e+04 
1.79914747242915e-01 9.08119101323155e+04 
1.80145190941844e-01 9.07159352046796e+04 
1.80362060654010e-01 9.06225717750580e+04 
1.80578775643096e-01 9.05328577953266e+04 
1.80795413723905e-01 9.04392647795286e+04 
1.81012185116354e-01 9.03494669254356e+04 
1.81229019430878e-01 9.02563174866712e+04 
1.81446132784634e-01 9.01669815724483e+04 
1.81663370554206e-01 9.00760578633980e+04 
1.81881082319834e-01 8.99913208651323e+04 
1.82101472119443e-01 8.99036405391874e+04 
1.82324287052020e-01 8.98228222455038e+04 
1.82550952711164e-01 8.97380384854043e+04 
1.82781064084386e-01 8.96592404035310e+04 
1.83008497810531e-01 8.95809729644563e+04 
1.83240262852940e-01 8.95078662143414e+04 
1.83471584136954e-01 8.94331251035722e+04 
1.83703608581638e-01 8.93622760965017e+04 
1.83935209165585e-01 8.92920828801766e+04 
1.84167568257134e-01 8.92232176472807e+04 
1.84399523097212e-01 8.91569939855922e+04 
1.84632285116330e-01 8.90888958585600e+04 
1.84844062575014e-01 8.90320275060454e+04 
1.85056229076751e-01 8.89712514282531e+04 
1.85268641021303e-01 8.89150728357498e+04 
1.85481680699682e-01 8.88552321226954e+04 
1.85695151994761e-01 8.87988721161779e+04 
1.85909420478380e-01 8.87406597532252e+04 
1.86124289879482e-01 8.86843067307838e+04 
1.86340212970370e-01 8.86280146943334e+04 
1.86560337310253e-01 8.85660673675713e+04 
1.86784529438845e-01 8.85133670070830e+04 
1.87010456874947e-01 8.84468575201816e+04 
1.87243691596131e-01 8.83986381434272e+04 
1.87476420180534e-01 8.83321802781797e+04 
1.87709335283798e-01 8.82820572268992e+04 
1.87918026248102e-01 8.82207030009617e+04 
1.88127191878022e-01 8.81710340927854e+04 
1.88336717918322e-01 8.81064079879133e+04 
1.88547061164028e-01 8.80515420907931e+04 
1.88758007172751e-01 8.79815313203208e+04 
1.88969991689140e-01 8.79190922105379e+04 
1.89182758567195e-01 8.78425990449876e+04 
1.89396699300814e-01 8.77742700333300e+04 
1.89611571947019e-01 8.76911957639298e+04 
1.89827818100590e-01 8.76172351587929e+04 
1.90048693595446e-01 8.75269085223722e+04 
1.90272472705789e-01 8.74469755777378e+04 
1.90503309095668e-01 8.73488705215903e+04 
1.90736394061573e-01 8.72642973482976e+04 
1.90970473057439e-01 8.71638274644898e+04 
1.91203552810865e-01 8.70803031447765e+04 
1.91412772285830e-01 8.69913818776330e+04 
1.91622753940426e-01 8.69165314424107e+04 
1.91833281600662e-01 8.68272009919654e+04 
1.92044839180875e-01 8.67518773693175e+04 
1.92257139402513e-01 8.66628403916759e+04 
1.92470633754592e-01 8.65870385259609e+04 
1.92684998592314e-01 8.64988598728197e+04 
1.92900620292193e-01 8.64268986433331e+04 
1.93117197366516e-01 8.63405039170634e+04 
1.93335133448622e-01 8.62696791150414e+04 
1.93554517525709e-01 8.61821592485201e+04 
1.93778945669012e-01 8.61091196790830e+04 
1.93992038691311e-01 8.60241588066520e+04 
1.94212231479228e-01 8.59528094762916e+04 
1.94419539692813e-01 8.58722374467420e+04 
1.94633940409554e-01 8.58025555220351e+04 
1.94837016154261e-01 8.57245732559371e+04 
1.95046766223928e-01 8.56574236227435e+04 
1.95246664345351e-01 8.55833564330216e+04 
1.95452824597284e-01 8.55199877509535e+04 
1.95650157537347e-01 8.54487902303391e+04 
1.95853525320016e-01 8.53899857746600e+04 
1.96048892651426e-01 8.53214250622749e+04 
1.96250178764990e-01 8.52643616972762e+04 
1.96444120336657e-01 8.51956830035783e+04 
1.96643956339742e-01 8.51380990032566e+04 
1.96836952575849e-01 8.50681330978963e+04 
1.97035907522695e-01 8.50088989770884e+04 
1.97228366916889e-01 8.49374948674104e+04 
1.97426880089443e-01 8.48772576337628e+04 
1.97619090021161e-01 8.48061858729794e+04 
1.97817402359715e-01 8.47478210228553e+04 
1.98009505237434e-01 8.46797887488616e+04 
1.98207732357823e-01 8.46252721556727e+04 
1.98399802590323e-01 8.45629324982238e+04 
1.98598149662853e-01 8.45149505687338e+04 
1.98790293285041e-01 8.44610063830610e+04 
1.98988860796410e-01 8.44212638710245e+04 
1.99181090280269e-01 8.43785926439548e+04 
1.99379829282607e-01 8.43514840319970e+04 
1.99572078981351e-01 8.43256919561824e+04 
1.99770884903494e-01 8.43031840793512e+04 
1.99963083725617e-01 8.42841529868279e+04 
2.00161870353982e-01 8.42907142714094e+04 
