# Liste des scalaires : TEMPS pmat 
0.00000000000000e+00 1.00000000000000e+05 
7.22956891292051e-05 1.00000000000000e+05 
1.39473830159789e-04 1.00000000000000e+05 
2.09658797050091e-04 1.00000000000000e+05 
2.76117114236727e-04 1.00000000000000e+05 
3.20638761908115e-04 1.00000000000000e+05 
3.55139419127661e-04 1.00000000000000e+05 
3.84466703006939e-04 1.00000000000000e+05 
4.10882456555341e-04 1.00000000000000e+05 
4.35440253196318e-04 1.00000000000000e+05 
4.62453829501393e-04 1.00000000000000e+05 
4.92168763436976e-04 1.00000000000000e+05 
5.24855190766116e-04 1.00000000000000e+05 
5.60810260828171e-04 1.00000000000000e+05 
6.00360837896431e-04 1.00000000000000e+05 
6.43866472671517e-04 1.00000000000000e+05 
6.91722670924112e-04 1.00000000000000e+05 
7.44364489001966e-04 1.00000000000000e+05 
8.02270488887606e-04 1.00000000000000e+05 
8.65967088761810e-04 1.00000000000000e+05 
9.36033348623434e-04 1.00000000000000e+05 
1.01310623447122e-03 1.00000000000000e+05 
1.09788640890379e-03 1.00000000000000e+05 
1.19114460077961e-03 1.00000000000000e+05 
1.28721028049351e-03 1.00000000000000e+05 
1.39269962383791e-03 1.00000000000000e+05 
1.50058343536403e-03 1.00000000000000e+05 
1.61228071818349e-03 1.00000000000000e+05 
1.72685064626064e-03 1.00000000000000e+05 
1.78773708089582e-03 1.00000000000000e+05 
1.84892811085524e-03 1.00000000000000e+05 
1.90966235703171e-03 1.00000000000000e+05 
1.97036554082633e-03 1.00000000000000e+05 
2.03138059208358e-03 1.00000000000000e+05 
2.09250279185272e-03 1.00000000000000e+05 
2.15355944793552e-03 1.00000000000000e+05 
2.21475633885875e-03 1.00000000000000e+05 
2.27631114317807e-03 1.00000000000000e+05 
2.33837995322491e-03 1.00000000000000e+05 
2.40061483138989e-03 1.00000000000000e+05 
2.46312536012432e-03 1.00000000000000e+05 
2.52607801068382e-03 1.00000000000000e+05 
2.58961732258974e-03 1.00000000000000e+05 
2.65389303786239e-03 1.00000000000000e+05 
2.71904454882413e-03 1.00000000000000e+05 
2.78520708895062e-03 1.00000000000000e+05 
2.85248260032118e-03 1.00000000000000e+05 
2.92096540824115e-03 1.00000000000000e+05 
2.99073290480419e-03 1.00000000000000e+05 
3.06188451140026e-03 1.00000000000000e+05 
3.13452854476750e-03 1.00000000000000e+05 
3.20884628537121e-03 1.00000000000000e+05 
3.28493719484499e-03 1.00000000000000e+05 
3.36301367518827e-03 1.00000000000000e+05 
3.44319090193252e-03 1.00000000000000e+05 
3.52268224512020e-03 1.00000000000000e+05 
3.60436376553920e-03 1.00000000000000e+05 
3.68829614204418e-03 1.00000000000000e+05 
3.77574828103880e-03 1.00000000000000e+05 
3.86491199500013e-03 1.00000000000000e+05 
3.95593785503870e-03 1.00000000000000e+05 
4.04242305441660e-03 1.00000000000000e+05 
4.13057411956750e-03 1.00000000000000e+05 
4.22066672301914e-03 1.00000000000000e+05 
4.31300224787525e-03 1.00000000000000e+05 
4.40797984826784e-03 1.00000000000000e+05 
4.50690814505012e-03 1.00000000000000e+05 
4.61056482027873e-03 1.00000000000000e+05 
4.72041012103830e-03 1.00000000000000e+05 
4.83715045492536e-03 1.00000000000000e+05 
4.95497529798298e-03 1.00000000000000e+05 
5.05691569092377e-03 1.00000000000000e+05 
5.16103738096429e-03 1.00000000000000e+05 
5.26721231309409e-03 1.00000000000000e+05 
5.37560993998387e-03 1.00000000000000e+05 
5.48610870736870e-03 1.00000000000000e+05 
5.59870009778866e-03 1.00000000000000e+05 
5.71329803088393e-03 1.00000000000000e+05 
5.82927651168317e-03 1.00000000000000e+05 
5.94684509079412e-03 1.00000000000000e+05 
6.06643663893615e-03 1.00000000000000e+05 
6.18799772591224e-03 1.00000000000000e+05 
6.31129159620159e-03 1.00000000000000e+05 
6.43401957386686e-03 1.00000000000000e+05 
6.55621180762417e-03 1.00000000000000e+05 
6.67779338587739e-03 1.00000000000000e+05 
6.79955171418064e-03 1.00000000000000e+05 
6.92126991704684e-03 1.00000000000000e+05 
7.05147042889181e-03 1.00000000000000e+05 
7.17257175905949e-03 1.00000000000000e+05 
7.30177097856491e-03 1.00000000000000e+05 
7.42223934905937e-03 1.00000000000000e+05 
7.54965031008690e-03 1.00000000000000e+05 
7.66975627298912e-03 1.00000000000000e+05 
7.79321636261162e-03 1.00000000000000e+05 
7.91487163304452e-03 1.00000000000000e+05 
8.03623005348478e-03 1.00000000000000e+05 
8.15681181064035e-03 1.00000000000000e+05 
8.27721843593943e-03 1.00000000000000e+05 
8.39697704224037e-03 1.00000000000000e+05 
8.52272721578011e-03 1.00000000000000e+05 
8.64200363711978e-03 1.00000000000000e+05 
8.76745479524440e-03 1.00000000000000e+05 
8.88648723358727e-03 1.00000000000000e+05 
9.01169886399433e-03 1.00000000000000e+05 
9.13065234613853e-03 1.00000000000000e+05 
9.25567635113120e-03 1.00000000000000e+05 
9.38063806905764e-03 1.00000000000000e+05 
9.50452506874187e-03 1.00000000000000e+05 
9.62667622599257e-03 1.00000000000000e+05 
9.74807435247134e-03 1.00000000000000e+05 
9.86839725452641e-03 1.00000000000000e+05 
9.99311040971791e-03 1.00000000000000e+05 
1.01124506041915e-02 1.00000000000000e+05 
1.02371896315344e-02 1.00000000000000e+05 
1.03560560562476e-02 1.00000000000000e+05 
1.04809315244723e-02 1.00000000000000e+05 
1.06059287340741e-02 1.00000000000000e+05 
1.07311103468637e-02 1.00000000000000e+05 
1.08548321853071e-02 1.00000000000000e+05 
1.09773140847361e-02 1.00000000000000e+05 
1.10983507111155e-02 1.00000000000000e+05 
1.12314910001329e-02 1.00000000000000e+05 
1.13509791934464e-02 1.00000000000000e+05 
1.14824162060913e-02 1.00000000000000e+05 
1.16011268000936e-02 1.00000000000000e+05 
1.17282758977679e-02 1.00000000000000e+05 
1.18533680434754e-02 1.00000000000000e+05 
1.19760229770031e-02 1.00000000000000e+05 
1.21109434038837e-02 1.00000000000000e+05 
1.22308762611186e-02 1.00000000000000e+05 
1.23628024040770e-02 1.00000000000000e+05 
1.24813509032963e-02 1.00000000000000e+05 
1.26117542524375e-02 1.00000000000000e+05 
1.27515165235897e-02 1.00000000000000e+05 
1.28892113701886e-02 1.00000000000000e+05 
1.30206984273335e-02 1.00000000000000e+05 
1.31507033466088e-02 1.00000000000000e+05 
1.32937087578115e-02 1.00000000000000e+05 
1.34469894227216e-02 1.00000000000000e+05 
1.36013518684570e-02 1.00000000000000e+05 
1.37568492931420e-02 1.00000000000000e+05 
1.39135545520534e-02 1.00000000000000e+05 
1.40716248767045e-02 1.00000000000000e+05 
1.42069467958897e-02 1.00000000000000e+05 
1.43432763570709e-02 1.00000000000000e+05 
1.44779104977909e-02 1.00000000000000e+05 
1.46152232556339e-02 1.00000000000000e+05 
1.47494533347790e-02 1.00000000000000e+05 
1.48875032421678e-02 1.00000000000000e+05 
1.50222191877828e-02 1.00000000000000e+05 
1.51621768728486e-02 1.00000000000000e+05 
1.52974201048114e-02 1.00000000000000e+05 
1.54360266015418e-02 1.00000000000000e+05 
1.55722106677255e-02 1.00000000000000e+05 
1.57065683770213e-02 1.00000000000000e+05 
1.58353479561428e-02 1.00000000000000e+05 
1.59671952667100e-02 1.00000000000000e+05 
1.60921577309637e-02 1.00000000000000e+05 
1.62199780431870e-02 1.00000000000000e+05 
1.63426713842237e-02 1.00000000000000e+05 
1.64693317579287e-02 1.00000000000000e+05 
1.65940717164490e-02 1.00000000000000e+05 
1.67176204873195e-02 1.00000000000000e+05 
1.68376191156949e-02 1.00000000000000e+05 
1.69609194921203e-02 1.00000000000000e+05 
1.70781598910086e-02 1.00000000000000e+05 
1.71993041823221e-02 1.00000000000000e+05 
1.73153725653706e-02 1.00000000000000e+05 
1.74343645884825e-02 1.00000000000000e+05 
1.75525505502543e-02 1.00000000000000e+05 
1.76705675416747e-02 1.00000000000000e+05 
1.77890470798584e-02 1.00000000000000e+05 
1.79087431372401e-02 1.00000000000000e+05 
1.80234334428613e-02 1.00000000000000e+05 
1.81399431061436e-02 1.00000000000000e+05 
1.82542131282573e-02 1.00000000000000e+05 
1.83692328791583e-02 1.00000000000000e+05 
1.84843010003339e-02 1.00000000000000e+05 
1.85998897517369e-02 1.00000000000000e+05 
1.87165183247153e-02 1.00000000000000e+05 
1.88325904739263e-02 1.00000000000000e+05 
1.89471665275088e-02 1.00000000000000e+05 
1.90608341376227e-02 1.00000000000000e+05 
1.91740514984186e-02 1.00000000000000e+05 
1.92872329684039e-02 1.00000000000000e+05 
1.94007403463970e-02 1.00000000000000e+05 
1.95149756214743e-02 1.00000000000000e+05 
1.96303009016791e-02 1.00000000000000e+05 
1.97443644843178e-02 1.00000000000000e+05 
1.98573809208314e-02 1.00000000000000e+05 
1.99697967537045e-02 1.00000000000000e+05 
2.00820181760419e-02 1.00000000000000e+05 
2.01943630469081e-02 1.00000000000000e+05 
2.03070773323173e-02 1.00000000000000e+05 
2.04204072588733e-02 1.00000000000000e+05 
2.05345636091989e-02 1.00000000000000e+05 
2.06478044443850e-02 1.00000000000000e+05 
2.07603131296051e-02 1.00000000000000e+05 
2.08722449655279e-02 1.00000000000000e+05 
2.09839021454358e-02 1.00000000000000e+05 
2.10954201197333e-02 1.00000000000000e+05 
2.12071421819476e-02 1.00000000000000e+05 
2.13193494768842e-02 1.00000000000000e+05 
2.14322422653548e-02 1.00000000000000e+05 
2.15460294242163e-02 1.00000000000000e+05 
2.16577622762716e-02 1.00000000000000e+05 
2.17691223276669e-02 1.00000000000000e+05 
2.18803084316728e-02 1.00000000000000e+05 
2.19914068234142e-02 1.00000000000000e+05 
2.21026064531711e-02 1.00000000000000e+05 
2.22139830099591e-02 1.00000000000000e+05 
2.23257327685677e-02 1.00000000000000e+05 
2.24380840930659e-02 1.00000000000000e+05 
2.25512219855485e-02 1.00000000000000e+05 
2.26653707356865e-02 1.00000000000000e+05 
2.27760512598869e-02 1.00000000000000e+05 
2.28867316115371e-02 1.00000000000000e+05 
2.29975429887068e-02 1.00000000000000e+05 
2.31085399378632e-02 1.00000000000000e+05 
2.32198485379058e-02 1.00000000000000e+05 
2.33315138342725e-02 1.00000000000000e+05 
2.34436741689346e-02 1.00000000000000e+05 
2.35563899119221e-02 1.00000000000000e+05 
2.36698583261106e-02 1.00000000000000e+05 
2.37843454937763e-02 1.00000000000000e+05 
2.39000219535207e-02 1.00000000000000e+05 
2.40111584625163e-02 1.00000000000000e+05 
2.41225539686023e-02 1.00000000000000e+05 
2.42342406939502e-02 1.00000000000000e+05 
2.43463181282590e-02 1.00000000000000e+05 
2.44588075313242e-02 1.00000000000000e+05 
2.45718258546708e-02 1.00000000000000e+05 
2.46853928846648e-02 1.00000000000000e+05 
2.47996605164489e-02 1.00000000000000e+05 
2.49147326564913e-02 1.00000000000000e+05 
2.50308179180529e-02 1.00000000000000e+05 
2.51481056146965e-02 1.00000000000000e+05 
2.52667284836064e-02 1.00000000000000e+05 
2.53800317177286e-02 1.00000000000000e+05 
2.54937054346094e-02 1.00000000000000e+05 
2.56077381417733e-02 1.00000000000000e+05 
2.57222244388870e-02 1.00000000000000e+05 
2.58371394363575e-02 1.00000000000000e+05 
2.59526050109584e-02 1.00000000000000e+05 
2.60685913416342e-02 1.00000000000000e+05 
2.61852644027831e-02 1.00000000000000e+05 
2.63027337774937e-02 1.00000000000000e+05 
2.64211797214577e-02 1.00000000000000e+05 
2.65406906444969e-02 1.00000000000000e+05 
2.66613842022108e-02 1.00000000000000e+05 
2.67833089808401e-02 1.00000000000000e+05 
2.69065802802855e-02 1.00000000000000e+05 
2.70312627912056e-02 1.00000000000000e+05 
2.71575058616745e-02 1.00000000000000e+05 
2.72854365848085e-02 1.00000000000000e+05 
2.74052202989227e-02 1.00000000000000e+05 
2.75254135386720e-02 1.00000000000000e+05 
2.76458937592126e-02 1.00000000000000e+05 
2.77667001275609e-02 1.00000000000000e+05 
2.78880327857155e-02 1.00000000000000e+05 
2.80093642510349e-02 1.00000000000000e+05 
2.81307650829184e-02 1.00000000000000e+05 
2.82528463626389e-02 1.00000000000000e+05 
2.83759035524382e-02 1.00000000000000e+05 
2.85000338760027e-02 1.00000000000000e+05 
2.86249863104634e-02 1.00000000000000e+05 
2.87506945961587e-02 1.00000000000000e+05 
2.88771215524498e-02 1.00000000000000e+05 
2.90038171188323e-02 1.00000000000000e+05 
2.91299912401403e-02 1.00000000000000e+05 
2.92572342357948e-02 1.00000000000000e+05 
2.93853674147949e-02 1.00000000000000e+05 
2.95133745671827e-02 1.00000000000000e+05 
2.96407211253975e-02 1.00000000000000e+05 
2.97694244692010e-02 1.00000000000000e+05 
2.98989162811002e-02 1.00000000000000e+05 
3.00294515717149e-02 1.00000000000000e+05 
3.01605216361082e-02 1.00000000000000e+05 
3.02922545692073e-02 1.00000000000000e+05 
3.04243605281879e-02 1.00000000000000e+05 
3.05570094220474e-02 1.00000000000000e+05 
3.06891060587034e-02 1.00000000000000e+05 
3.08217123682855e-02 1.00000000000000e+05 
3.09543091164140e-02 1.00000000000000e+05 
3.10873527922530e-02 1.00000000000000e+05 
3.12203738531988e-02 1.00000000000000e+05 
3.13536853203357e-02 1.00000000000000e+05 
3.14868335849578e-02 1.00000000000000e+05 
3.16201330633849e-02 1.00000000000000e+05 
3.17531581505049e-02 1.00000000000000e+05 
3.18862291189255e-02 1.00000000000000e+05 
3.20189535973566e-02 1.00000000000000e+05 
3.21516375951620e-02 1.00000000000000e+05 
3.22839411616982e-02 1.00000000000000e+05 
3.24161354318636e-02 1.00000000000000e+05 
3.25479598281832e-02 1.00000000000000e+05 
3.26796239768588e-02 1.00000000000000e+05 
3.28107974929583e-02 1.00000000000000e+05 
3.29419542734540e-02 1.00000000000000e+05 
3.30728695788161e-02 1.00000000000000e+05 
3.32035965972429e-02 1.00000000000000e+05 
3.33341761188816e-02 1.00000000000000e+05 
3.34645801049460e-02 1.00000000000000e+05 
3.35949418767295e-02 1.00000000000000e+05 
3.37251521431716e-02 1.00000000000000e+05 
3.38554498504325e-02 1.00000000000000e+05 
3.39856360921092e-02 1.00000000000000e+05 
3.41160733953603e-02 1.00000000000000e+05 
3.42464341265900e-02 1.00000000000000e+05 
3.43772234489002e-02 1.00000000000000e+05 
3.45080595444138e-02 1.00000000000000e+05 
3.46391262143409e-02 1.00000000000000e+05 
3.47628653088419e-02 1.00000000000000e+05 
3.48877302314029e-02 1.00000000000000e+05 
3.50118228959632e-02 1.00000000000000e+05 
3.51370413491725e-02 1.00000000000000e+05 
3.52613608388650e-02 1.00000000000000e+05 
3.53869174101588e-02 1.00000000000000e+05 
3.55116408948334e-02 1.00000000000000e+05 
3.56378282221666e-02 1.00000000000000e+05 
3.57630753446354e-02 1.00000000000000e+05 
3.58898682768613e-02 1.00000000000000e+05 
3.60153761792756e-02 1.00000000000000e+05 
3.61428540394028e-02 1.00000000000000e+05 
3.62691588290782e-02 1.00000000000000e+05 
3.63982052295153e-02 1.00000000000000e+05 
3.65260262377212e-02 1.00000000000000e+05 
3.66564767149213e-02 1.00000000000000e+05 
3.67867521590886e-02 1.00000000000000e+05 
3.69168514176640e-02 1.00000000000000e+05 
3.70429572315959e-02 1.00000000000000e+05 
3.71735933899026e-02 1.00000000000000e+05 
3.72998725097278e-02 1.00000000000000e+05 
3.74289714554701e-02 1.00000000000000e+05 
3.75558394897358e-02 1.00000000000000e+05 
3.76849313486008e-02 1.00000000000000e+05 
3.78135069142812e-02 1.00000000000000e+05 
3.79439176653754e-02 1.00000000000000e+05 
3.80741768309721e-02 1.00000000000000e+05 
3.82037951736886e-02 1.00000000000000e+05 
3.83332422788035e-02 1.00000000000000e+05 
3.84621077109289e-02 1.00000000000000e+05 
3.85908286080862e-02 1.00000000000000e+05 
3.87190532755186e-02 1.00000000000000e+05 
3.88471508693995e-02 1.00000000000000e+05 
3.89748654030257e-02 1.00000000000000e+05 
3.91025258661532e-02 1.00000000000000e+05 
3.92298871502307e-02 1.00000000000000e+05 
3.93572340167066e-02 1.00000000000000e+05 
3.94843363975065e-02 1.00000000000000e+05 
3.96114468992815e-02 1.00000000000000e+05 
3.97383533734820e-02 1.00000000000000e+05 
3.98652853608417e-02 1.00000000000000e+05 
3.99920528769827e-02 1.00000000000000e+05 
4.01188452895045e-02 1.00000000000000e+05 
4.02454904985263e-02 1.00000000000000e+05 
4.03721629086265e-02 1.00000000000000e+05 
4.04987558935497e-02 1.00000000000000e+05 
4.06254274745122e-02 1.00000000000000e+05 
4.07520848213589e-02 1.00000000000000e+05 
4.08788674893623e-02 1.00000000000000e+05 
4.10056861424556e-02 1.00000000000000e+05 
4.11326673145742e-02 1.00000000000000e+05 
4.12597252129806e-02 1.00000000000000e+05 
4.13869788297260e-02 1.00000000000000e+05 
4.15143429993372e-02 1.00000000000000e+05 
4.16419356382730e-02 1.00000000000000e+05 
4.17696732777565e-02 1.00000000000000e+05 
4.18976762001640e-02 1.00000000000000e+05 
4.20258648325659e-02 1.00000000000000e+05 
4.21543641513504e-02 1.00000000000000e+05 
4.22830981915158e-02 1.00000000000000e+05 
4.24121992407677e-02 1.00000000000000e+05 
4.25415622636964e-02 1.00000000000000e+05 
4.26717109286408e-02 1.00000000000000e+05 
4.28024286608455e-02 1.00000000000000e+05 
4.29341076828156e-02 1.00000000000000e+05 
4.30664190287821e-02 1.00000000000000e+05 
4.31998165473770e-02 1.00000000000000e+05 
4.33339133464685e-02 1.00000000000000e+05 
4.34692725703318e-02 1.00000000000000e+05 
4.36054498304092e-02 1.00000000000000e+05 
4.37431632160847e-02 1.00000000000000e+05 
4.38818947545020e-02 1.00000000000000e+05 
4.40225870571141e-02 1.00000000000000e+05 
4.41646143227628e-02 1.00000000000000e+05 
4.43089101156339e-02 1.00000000000000e+05 
4.44543591347433e-02 1.00000000000000e+05 
4.46014443286084e-02 1.00000000000000e+05 
4.47496817601948e-02 1.00000000000000e+05 
4.48995506131960e-02 1.00000000000000e+05 
4.50506582994901e-02 1.00000000000000e+05 
4.52034118485405e-02 1.00000000000000e+05 
4.53574785139735e-02 1.00000000000000e+05 
4.55132242472749e-02 1.00000000000000e+05 
4.56703797876630e-02 1.00000000000000e+05 
4.58292980618316e-02 1.00000000000000e+05 
4.59897601631275e-02 1.00000000000000e+05 
4.61520689658267e-02 1.00000000000000e+05 
4.63160487424674e-02 1.00000000000000e+05 
4.64818980734201e-02 1.00000000000000e+05 
4.66494948932152e-02 1.00000000000000e+05 
4.68179157164888e-02 1.00000000000000e+05 
4.69890628511717e-02 1.00000000000000e+05 
4.71594543772488e-02 1.00000000000000e+05 
4.73335660607361e-02 1.00000000000000e+05 
4.75059319243420e-02 1.00000000000000e+05 
4.76817850222812e-02 1.00000000000000e+05 
4.78551892281617e-02 1.00000000000000e+05 
4.80311453863603e-02 1.00000000000000e+05 
4.82062575616925e-02 1.00000000000000e+05 
4.83823937019692e-02 1.00000000000000e+05 
4.85590853423630e-02 1.00000000000000e+05 
4.87352245111619e-02 1.00000000000000e+05 
4.89122237775691e-02 1.00000000000000e+05 
4.90886880507725e-02 1.00000000000000e+05 
4.92660335041430e-02 1.00000000000000e+05 
4.94428514701664e-02 1.00000000000000e+05 
4.96205666237289e-02 1.00000000000000e+05 
4.97977566930431e-02 1.00000000000000e+05 
4.99758579962738e-02 1.00000000000000e+05 
5.01534378216624e-02 1.00000000000000e+05 
5.03314524215783e-02 1.00000000000000e+05 
5.05088138351943e-02 1.00000000000000e+05 
5.06869817913223e-02 1.00000000000000e+05 
5.08178081222914e-02 1.00000000000000e+05 
5.09535072452514e-02 1.00000000000000e+05 
5.10938638190622e-02 1.00000000000000e+05 
5.12288451421942e-02 1.00000000000000e+05 
5.13682333495550e-02 1.00000000000000e+05 
5.15041563294190e-02 1.00000000000000e+05 
5.16383428598706e-02 1.00000000000000e+05 
5.17772559163236e-02 1.00000000000000e+05 
5.19120315408218e-02 1.00000000000000e+05 
5.20518356964388e-02 1.00000000000000e+05 
5.21872334348620e-02 1.00000000000000e+05 
5.23280600219290e-02 1.00000000000000e+05 
5.24641568619121e-02 1.00000000000000e+05 
5.26061496479463e-02 1.00000000000000e+05 
5.27430349982252e-02 1.00000000000000e+05 
5.28863671329639e-02 1.00000000000000e+05 
5.30359803522197e-02 1.00000000000000e+05 
5.31920692111790e-02 1.00000000000000e+05 
5.33546413679727e-02 1.00000000000000e+05 
5.35233401155581e-02 1.00000000000000e+05 
5.36973178382354e-02 1.00000000000000e+05 
5.38749243745286e-02 1.00000000000000e+05 
5.40524971041412e-02 1.00000000000000e+05 
5.42299778978193e-02 1.00000000000000e+05 
5.44074085315815e-02 1.00000000000000e+05 
5.45845561435447e-02 1.00000000000000e+05 
5.47613894013320e-02 1.00000000000000e+05 
5.49376703644740e-02 1.00000000000000e+05 
5.51134125757070e-02 1.00000000000000e+05 
5.52884498623000e-02 1.00000000000000e+05 
5.54628576444890e-02 1.00000000000000e+05 
5.56365156298269e-02 1.00000000000000e+05 
5.58095412798219e-02 1.00000000000000e+05 
5.59818237343494e-02 1.00000000000000e+05 
5.61535002117186e-02 1.00000000000000e+05 
5.63244579235138e-02 1.00000000000000e+05 
5.64948448287278e-02 1.00000000000000e+05 
5.66645444017960e-02 1.00000000000000e+05 
5.68337093769995e-02 1.00000000000000e+05 
5.70022162492285e-02 1.00000000000000e+05 
5.71702133856628e-02 1.00000000000000e+05 
5.73375777559452e-02 1.00000000000000e+05 
5.75044460716160e-02 1.00000000000000e+05 
5.76707049579214e-02 1.00000000000000e+05 
5.78363392544616e-02 1.00000000000000e+05 
5.80012930900944e-02 1.00000000000000e+05 
5.81656221144888e-02 1.00000000000000e+05 
5.83293027428168e-02 1.00000000000000e+05 
5.84923823567786e-02 1.00000000000000e+05 
5.86252817882435e-02 1.00000000000000e+05 
5.87583075159855e-02 1.00000000000000e+05 
5.88913866211961e-02 1.00000000000000e+05 
5.90246034429583e-02 1.00000000000000e+05 
5.91576359167657e-02 1.00000000000000e+05 
5.92903168087658e-02 1.00000000000000e+05 
5.94227699288601e-02 1.00000000000000e+05 
5.95499913176046e-02 1.00000000000000e+05 
5.96817981958561e-02 1.00000000000000e+05 
5.98129839841825e-02 1.00000000000000e+05 
5.99437069873727e-02 1.00000000000000e+05 
6.00739505323145e-02 1.00000000000000e+05 
6.02039516198841e-02 1.00000000000000e+05 
6.03335981613983e-02 1.00000000000000e+05 
6.04630485264505e-02 1.00000000000000e+05 
6.05921558080990e-02 1.00000000000000e+05 
6.07218682709079e-02 1.00000000000000e+05 
6.08516526182891e-02 1.00000000000000e+05 
6.09825152835454e-02 1.00000000000000e+05 
6.11141107358686e-02 1.00000000000000e+05 
6.12473589205805e-02 1.00000000000000e+05 
6.13817195939723e-02 1.00000000000000e+05 
6.15184505038009e-02 1.00000000000000e+05 
6.16566899711650e-02 1.00000000000000e+05 
6.17979760087339e-02 1.00000000000000e+05 
6.19411650231047e-02 1.00000000000000e+05 
6.20876501775941e-02 1.00000000000000e+05 
6.22356735467354e-02 1.00000000000000e+05 
6.23843416382268e-02 1.00000000000000e+05 
6.25368274071813e-02 1.00000000000000e+05 
6.26850231473340e-02 1.00000000000000e+05 
6.28371599407009e-02 1.00000000000000e+05 
6.29850198102394e-02 1.00000000000000e+05 
6.31369044189100e-02 1.00000000000000e+05 
6.32650450738266e-02 1.00000000000000e+05 
6.33932292180605e-02 1.00000000000000e+05 
6.35211629750976e-02 1.00000000000000e+05 
6.36491623207410e-02 1.00000000000000e+05 
6.37769647948981e-02 1.00000000000000e+05 
6.39048946779195e-02 1.00000000000000e+05 
6.40342057729664e-02 1.00000000000000e+05 
6.41645677988314e-02 1.00000000000000e+05 
6.42971327210509e-02 1.00000000000000e+05 
6.44319318499444e-02 1.00000000000000e+05 
6.45703500276537e-02 1.00000000000000e+05 
6.47118931819402e-02 1.00000000000000e+05 
6.48575071034351e-02 1.00000000000000e+05 
6.50070316661056e-02 1.00000000000000e+05 
6.51613554875372e-02 1.00000000000000e+05 
6.53185732263895e-02 1.00000000000000e+05 
6.54761407980060e-02 1.00000000000000e+05 
6.56339200269506e-02 1.00000000000000e+05 
6.57646492231353e-02 1.00000000000000e+05 
6.58957136731367e-02 1.00000000000000e+05 
6.60269519205867e-02 1.00000000000000e+05 
6.61585038704417e-02 1.00000000000000e+05 
6.62902034628467e-02 1.00000000000000e+05 
6.64222092156492e-02 1.00000000000000e+05 
6.65543603431226e-02 1.00000000000000e+05 
6.66868123867009e-02 1.00000000000000e+05 
6.68198997685705e-02 1.00000000000000e+05 
6.69539303517082e-02 1.00000000000000e+05 
6.70898124482612e-02 1.00000000000000e+05 
6.72269344875740e-02 1.00000000000000e+05 
6.73664186342540e-02 1.00000000000000e+05 
6.75081939305291e-02 1.00000000000000e+05 
6.76534540677441e-02 1.00000000000000e+05 
6.78015762998173e-02 1.00000000000000e+05 
6.79534341120900e-02 1.00000000000000e+05 
6.81079534659960e-02 1.00000000000000e+05 
6.82664178466962e-02 1.00000000000000e+05 
6.84284078764552e-02 1.00000000000000e+05 
6.85928170749571e-02 1.00000000000000e+05 
6.87579206383469e-02 1.00000000000000e+05 
6.89232766746539e-02 1.00000000000000e+05 
6.90889128226908e-02 1.00000000000000e+05 
6.92253875316447e-02 1.00000000000000e+05 
6.93621872357000e-02 1.00000000000000e+05 
6.94991709915986e-02 1.00000000000000e+05 
6.96364389686178e-02 1.00000000000000e+05 
6.97738587914702e-02 1.00000000000000e+05 
6.99115536624948e-02 1.00000000000000e+05 
7.00493942573766e-02 1.00000000000000e+05 
7.01875080314719e-02 1.00000000000000e+05 
7.03257704479660e-02 1.00000000000000e+05 
7.04643079078970e-02 1.00000000000000e+05 
7.05956214033240e-02 1.00000000000000e+05 
7.07308054987500e-02 1.00000000000000e+05 
7.08700931763364e-02 1.00000000000000e+05 
7.10009062773227e-02 1.00000000000000e+05 
7.11354461112881e-02 1.00000000000000e+05 
7.12740172880166e-02 1.00000000000000e+05 
7.14078004908805e-02 1.00000000000000e+05 
7.15456943957138e-02 1.00000000000000e+05 
7.16804631591628e-02 1.00000000000000e+05 
7.18196369572130e-02 1.00000000000000e+05 
7.19555640026657e-02 1.00000000000000e+05 
7.20953371727656e-02 1.00000000000000e+05 
7.22293865438753e-02 1.00000000000000e+05 
7.23680591444978e-02 1.00000000000000e+05 
7.25012238974147e-02 1.00000000000000e+05 
7.26390280237914e-02 1.00000000000000e+05 
7.27718277084318e-02 1.00000000000000e+05 
7.29092279888816e-02 1.00000000000000e+05 
7.30419071418696e-02 1.00000000000000e+05 
7.31792046523042e-02 1.00000000000000e+05 
7.33114461812878e-02 1.00000000000000e+05 
7.34420509553906e-02 1.00000000000000e+05 
7.35746923886440e-02 1.00000000000000e+05 
7.37063558110048e-02 1.00000000000000e+05 
7.38398261449669e-02 1.00000000000000e+05 
7.39722733547909e-02 1.00000000000000e+05 
7.41064436194439e-02 1.00000000000000e+05 
7.42394292623346e-02 1.00000000000000e+05 
7.43741165032184e-02 1.00000000000000e+05 
7.45052923758411e-02 1.00000000000000e+05 
7.46404182385173e-02 1.00000000000000e+05 
7.47719342851670e-02 1.00000000000000e+05 
7.49075781984278e-02 1.00000000000000e+05 
7.50393868307819e-02 1.00000000000000e+05 
7.51756391823127e-02 1.00000000000000e+05 
7.53076799607300e-02 1.00000000000000e+05 
7.54455378066435e-02 1.00000000000000e+05 
7.55777745186651e-02 1.00000000000000e+05 
7.57143852199142e-02 1.00000000000000e+05 
7.58468030562098e-02 1.00000000000000e+05 
7.59827436856934e-02 1.00000000000000e+05 
7.61153241873493e-02 1.00000000000000e+05 
7.62508344862255e-02 1.00000000000000e+05 
7.63827969938385e-02 1.00000000000000e+05 
7.65168507980510e-02 1.00000000000000e+05 
7.66490325323387e-02 1.00000000000000e+05 
7.67832181616771e-02 1.00000000000000e+05 
7.69156235053432e-02 1.00000000000000e+05 
7.70498229435794e-02 1.00000000000000e+05 
7.71824621772992e-02 1.00000000000000e+05 
7.73166175776165e-02 1.00000000000000e+05 
7.74495761627821e-02 1.00000000000000e+05 
7.75838879390149e-02 1.00000000000000e+05 
7.77170864638370e-02 1.00000000000000e+05 
7.78516554563339e-02 1.00000000000000e+05 
7.79851517366247e-02 1.00000000000000e+05 
7.81200855862118e-02 1.00000000000000e+05 
7.82539422029329e-02 1.00000000000000e+05 
7.83867171682719e-02 1.00000000000000e+05 
7.85210007196873e-02 1.00000000000000e+05 
7.86537710264661e-02 1.00000000000000e+05 
7.87844197299260e-02 1.00000000000000e+05 
7.89171862032157e-02 1.00000000000000e+05 
7.90480767593773e-02 1.00000000000000e+05 
7.91809546292280e-02 1.00000000000000e+05 
7.93120903319892e-02 1.00000000000000e+05 
7.94451188372984e-02 1.00000000000000e+05 
7.95765112889421e-02 1.00000000000000e+05 
7.97097294315492e-02 1.00000000000000e+05 
7.98413979397987e-02 1.00000000000000e+05 
7.99748484750976e-02 1.00000000000000e+05 
8.01068190371325e-02 1.00000000000000e+05 
8.02405487405933e-02 1.00000000000000e+05 
8.03716447002087e-02 1.00000000000000e+05 
8.05042724190130e-02 1.00000000000000e+05 
8.06355469568371e-02 1.00000000000000e+05 
8.07683711454411e-02 1.00000000000000e+05 
8.08998133613677e-02 1.00000000000000e+05 
8.10328316093430e-02 1.00000000000000e+05 
8.11630949016458e-02 1.00000000000000e+05 
8.12962878953050e-02 1.00000000000000e+05 
8.14268148736830e-02 1.00000000000000e+05 
8.15609417765433e-02 1.00000000000000e+05 
8.16917418151754e-02 1.00000000000000e+05 
8.18264352456911e-02 1.00000000000000e+05 
8.19575170712638e-02 1.00000000000000e+05 
8.20924361254168e-02 1.00000000000000e+05 
8.22237540970309e-02 1.00000000000000e+05 
8.23565094089994e-02 1.00000000000000e+05 
8.24877889949090e-02 1.00000000000000e+05 
8.26202630358984e-02 1.00000000000000e+05 
8.27515597393701e-02 1.00000000000000e+05 
8.28863164104325e-02 1.00000000000000e+05 
8.30186803982067e-02 1.00000000000000e+05 
8.31522804527272e-02 1.00000000000000e+05 
8.32992405126997e-02 1.00000000000000e+05 
8.34608965786695e-02 1.00000000000000e+05 
8.36387182512363e-02 1.00000000000000e+05 
8.38206164470318e-02 1.00000000000000e+05 
8.40005936195668e-02 1.00000000000000e+05 
8.41797467561407e-02 1.00000000000000e+05 
8.43570970869363e-02 1.00000000000000e+05 
8.45334280748987e-02 1.00000000000000e+05 
8.47081286225436e-02 1.00000000000000e+05 
8.48816805413997e-02 1.00000000000000e+05 
8.50537646683045e-02 1.00000000000000e+05 
8.52247166644251e-02 1.00000000000000e+05 
8.53944583024631e-02 1.00000000000000e+05 
8.55620636226910e-02 1.00000000000000e+05 
8.57287868586883e-02 1.00000000000000e+05 
8.58940654225498e-02 1.00000000000000e+05 
8.60590531925802e-02 1.00000000000000e+05 
8.62228415813090e-02 1.00000000000000e+05 
8.63868159789087e-02 1.00000000000000e+05 
8.65505222890252e-02 1.00000000000000e+05 
8.67146949149568e-02 1.00000000000000e+05 
8.68783906065239e-02 1.00000000000000e+05 
8.70421111351765e-02 1.00000000000000e+05 
8.72051154570212e-02 1.00000000000000e+05 
8.73679301566176e-02 1.00000000000000e+05 
8.75304442187384e-02 1.00000000000000e+05 
8.76923864789457e-02 1.00000000000000e+05 
8.78534746524605e-02 1.00000000000000e+05 
8.80138835460686e-02 1.00000000000000e+05 
8.81734019655395e-02 1.00000000000000e+05 
8.83325182714635e-02 1.00000000000000e+05 
8.84909349243094e-02 1.00000000000000e+05 
8.86491808837579e-02 1.00000000000000e+05 
8.88068838123300e-02 1.00000000000000e+05 
8.89645449931472e-02 1.00000000000000e+05 
8.91217604763297e-02 1.00000000000000e+05 
8.92789977447851e-02 1.00000000000000e+05 
8.94358479022278e-02 1.00000000000000e+05 
8.95927451500464e-02 1.00000000000000e+05 
8.97492908672694e-02 1.00000000000000e+05 
8.99058881919506e-02 1.00000000000000e+05 
9.00621569974490e-02 1.00000000000000e+05 
9.02184709091377e-02 1.00000000000000e+05 
9.03744726550399e-02 1.00000000000000e+05 
9.05305071160161e-02 1.00000000000000e+05 
9.06862422708848e-02 1.00000000000000e+05 
9.08419937746501e-02 1.00000000000000e+05 
9.09974565558217e-02 1.00000000000000e+05 
9.11529156021292e-02 1.00000000000000e+05 
9.13080943798709e-02 1.00000000000000e+05 
9.14632559773395e-02 1.00000000000000e+05 
9.16181446570771e-02 1.00000000000000e+05 
9.17729860214574e-02 1.00000000000000e+05 
9.19275566543577e-02 1.00000000000000e+05 
9.20820359833937e-02 1.00000000000000e+05 
9.22362448977166e-02 1.00000000000000e+05 
9.23902558637453e-02 1.00000000000000e+05 
9.25439273056352e-02 1.00000000000000e+05 
9.26974883160439e-02 1.00000000000000e+05 
9.28508294819108e-02 1.00000000000000e+05 
9.30041654845059e-02 1.00000000000000e+05 
9.31575326338473e-02 1.00000000000000e+05 
9.33110436130760e-02 1.00000000000000e+05 
9.34776442567887e-02 1.00000000000000e+05 
9.36437759320641e-02 1.00000000000000e+05 
9.38091342150747e-02 1.00000000000000e+05 
9.39735118342987e-02 1.00000000000000e+05 
9.41366066817732e-02 1.00000000000000e+05 
9.42988373495982e-02 1.00000000000000e+05 
9.44599317537146e-02 1.00000000000000e+05 
9.46205318602086e-02 1.00000000000000e+05 
9.47802643742400e-02 1.00000000000000e+05 
9.49397483269757e-02 1.00000000000000e+05 
9.50985660195760e-02 1.00000000000000e+05 
9.52572670557594e-02 1.00000000000000e+05 
9.54154324888517e-02 1.00000000000000e+05 
9.55735419856211e-02 1.00000000000000e+05 
9.57311992144761e-02 1.00000000000000e+05 
9.58888213663639e-02 1.00000000000000e+05 
9.60460460471031e-02 1.00000000000000e+05 
9.62032337242062e-02 1.00000000000000e+05 
9.63600608373575e-02 1.00000000000000e+05 
9.65168445930846e-02 1.00000000000000e+05 
9.66732940139060e-02 1.00000000000000e+05 
9.68296735511301e-02 1.00000000000000e+05 
9.69857382858524e-02 1.00000000000000e+05 
9.71415792031675e-02 1.00000000000000e+05 
9.72970167172704e-02 1.00000000000000e+05 
9.74523257792002e-02 1.00000000000000e+05 
9.76074588993032e-02 1.00000000000000e+05 
9.77758621267419e-02 1.00000000000000e+05 
9.79427037570245e-02 1.00000000000000e+05 
9.81086238779816e-02 1.00000000000000e+05 
9.82730364679436e-02 1.00000000000000e+05 
9.84367157423894e-02 1.00000000000000e+05 
9.85990904972365e-02 1.00000000000000e+05 
9.87609974108109e-02 1.00000000000000e+05 
9.89218801199186e-02 1.00000000000000e+05 
9.90824726403676e-02 1.00000000000000e+05 
9.92422599132868e-02 1.00000000000000e+05 
9.94018486470565e-02 1.00000000000000e+05 
9.95607871918862e-02 1.00000000000000e+05 
9.97195629698080e-02 1.00000000000000e+05 
9.98777961029102e-02 1.00000000000000e+05 
1.00035876771948e-01 1.00000000000000e+05 
1.00193489366270e-01 1.00000000000000e+05 
1.00350928675811e-01 1.00000000000000e+05 
1.00507956006506e-01 1.00000000000000e+05 
1.00664788725301e-01 1.00000000000000e+05 
1.00821284857078e-01 1.00000000000000e+05 
1.00977609509190e-01 1.00000000000000e+05 
1.01147671507100e-01 1.00000000000000e+05 
1.01316274607914e-01 1.00000000000000e+05 
1.01483130305062e-01 1.00000000000000e+05 
1.01648694689301e-01 1.00000000000000e+05 
1.01812682200057e-01 1.00000000000000e+05 
1.01975685217730e-01 1.00000000000000e+05 
1.02137426232949e-01 1.00000000000000e+05 
1.02298495430769e-01 1.00000000000000e+05 
1.02458633063127e-01 1.00000000000000e+05 
1.02618298784407e-01 1.00000000000000e+05 
1.02777284390751e-01 1.00000000000000e+05 
1.02935895900043e-01 1.00000000000000e+05 
1.03094000443379e-01 1.00000000000000e+05 
1.03251768898366e-01 1.00000000000000e+05 
1.03409145239127e-01 1.00000000000000e+05 
1.03566189040872e-01 1.00000000000000e+05 
1.03722945788556e-01 1.00000000000000e+05 
1.03888870673983e-01 1.00000000000000e+05 
1.04059366968272e-01 1.00000000000000e+05 
1.04226046188769e-01 1.00000000000000e+05 
1.04394628831728e-01 1.00000000000000e+05 
1.04560470223225e-01 1.00000000000000e+05 
1.04724808851143e-01 1.00000000000000e+05 
1.04887435871195e-01 1.00000000000000e+05 
1.05049120347340e-01 1.00000000000000e+05 
1.05209670098170e-01 1.00000000000000e+05 
1.05369666998109e-01 1.00000000000000e+05 
1.05528845016105e-01 1.00000000000000e+05 
1.05687719328720e-01 1.00000000000000e+05 
1.05845966145253e-01 1.00000000000000e+05 
1.06004064825498e-01 1.00000000000000e+05 
1.06161647832759e-01 1.00000000000000e+05 
1.06319179525044e-01 1.00000000000000e+05 
1.06492464386557e-01 1.00000000000000e+05 
1.06672053476316e-01 1.00000000000000e+05 
1.06843704679289e-01 1.00000000000000e+05 
1.07012490677611e-01 1.00000000000000e+05 
1.07198155275765e-01 1.00000000000000e+05 
1.07389588531367e-01 1.00000000000000e+05 
1.07575533854838e-01 1.00000000000000e+05 
1.07766916193074e-01 1.00000000000000e+05 
1.07951300450780e-01 1.00000000000000e+05 
1.08141383332561e-01 1.00000000000000e+05 
1.08324521790033e-01 1.00000000000000e+05 
1.08512895931937e-01 1.00000000000000e+05 
1.08694811634711e-01 1.00000000000000e+05 
1.08881276372704e-01 1.00000000000000e+05 
1.09061694403212e-01 1.00000000000000e+05 
1.09246116899194e-01 1.00000000000000e+05 
1.09424963026773e-01 1.00000000000000e+05 
1.09606844241982e-01 1.00000000000000e+05 
1.09783352443253e-01 1.00000000000000e+05 
1.09960460748401e-01 1.00000000000000e+05 
1.10134249073773e-01 1.00000000000000e+05 
1.10307659422106e-01 1.00000000000000e+05 
1.10478265746077e-01 1.00000000000000e+05 
1.10647988769174e-01 1.00000000000000e+05 
1.10815464205389e-01 1.00000000000000e+05 
1.10981914649126e-01 1.00000000000000e+05 
1.11146817755987e-01 1.00000000000000e+05 
1.11310966185057e-01 1.00000000000000e+05 
1.11474137830961e-01 1.00000000000000e+05 
1.11636793217468e-01 1.00000000000000e+05 
1.11815714142626e-01 1.00000000000000e+05 
1.11998563001851e-01 1.00000000000000e+05 
1.12180757718622e-01 1.00000000000000e+05 
1.12362562753393e-01 1.00000000000000e+05 
1.12544010971372e-01 1.00000000000000e+05 
1.12736092590046e-01 1.00000000000000e+05 
1.12928242978962e-01 1.00000000000000e+05 
1.13120584517912e-01 1.00000000000000e+05 
1.13313051674355e-01 1.00000000000000e+05 
1.13505779579718e-01 1.00000000000000e+05 
1.13698783271327e-01 1.00000000000000e+05 
1.13891928146479e-01 1.00000000000000e+05 
1.14085334021168e-01 1.00000000000000e+05 
1.14278737496433e-01 1.00000000000000e+05 
1.14472319222186e-01 1.00000000000000e+05 
1.14665663881809e-01 1.00000000000000e+05 
1.14857211801385e-01 1.00000000000000e+05 
1.15050206557104e-01 1.00000000000000e+05 
1.15238727333971e-01 1.00000000000000e+05 
1.15431095934041e-01 1.00000000000000e+05 
1.15617074313872e-01 1.00000000000000e+05 
1.15806076063088e-01 1.00000000000000e+05 
1.15989279440200e-01 1.00000000000000e+05 
1.16175382441820e-01 1.00000000000000e+05 
1.16356702274027e-01 1.00000000000000e+05 
1.16543090701013e-01 1.00000000000000e+05 
1.16722272280446e-01 1.00000000000000e+05 
1.16905831216202e-01 1.00000000000000e+05 
1.17095151977085e-01 1.00000000000000e+05 
1.17275762738000e-01 1.00000000000000e+05 
1.17461148821327e-01 1.00000000000000e+05 
1.17647894834275e-01 1.00000000000000e+05 
1.17834149732004e-01 1.00000000000000e+05 
1.18018993970316e-01 1.00000000000000e+05 
1.18203267988285e-01 1.00000000000000e+05 
1.18386842470354e-01 1.00000000000000e+05 
1.18570081594662e-01 1.00000000000000e+05 
1.18753097404968e-01 1.00000000000000e+05 
1.18936034058095e-01 1.00000000000000e+05 
1.19118980249685e-01 1.00000000000000e+05 
1.19301979409514e-01 1.00000000000000e+05 
1.19485139892783e-01 1.00000000000000e+05 
1.19668428190029e-01 1.00000000000000e+05 
1.19852008139204e-01 1.00000000000000e+05 
1.20035801073642e-01 1.00000000000000e+05 
1.20219698127155e-01 1.00000000000000e+05 
1.20403676900075e-01 1.00000000000000e+05 
1.20587705035037e-01 1.00000000000000e+05 
1.20771793665625e-01 1.00000000000000e+05 
1.20956224274816e-01 1.00000000000000e+05 
1.21140929399313e-01 1.00000000000000e+05 
1.21325843188306e-01 1.00000000000000e+05 
1.21510925096489e-01 1.00000000000000e+05 
1.21696163450139e-01 1.00000000000000e+05 
1.21881550007605e-01 1.00000000000000e+05 
1.22067092335473e-01 1.00000000000000e+05 
1.22252792746280e-01 1.00000000000000e+05 
1.22438665725190e-01 1.00000000000000e+05 
1.22624628471700e-01 1.00000000000000e+05 
1.22810404111770e-01 1.00000000000000e+05 
1.22996160991054e-01 1.00000000000000e+05 
1.23181996261214e-01 1.00000000000000e+05 
1.23367957511966e-01 1.00000000000000e+05 
1.23554090926816e-01 1.00000000000000e+05 
1.23740411362879e-01 1.00000000000000e+05 
1.23926954431475e-01 1.00000000000000e+05 
1.24113723561931e-01 1.00000000000000e+05 
1.24300756035859e-01 1.00000000000000e+05 
1.24487954408262e-01 1.00000000000000e+05 
1.24675057257992e-01 1.00000000000000e+05 
1.24862224339509e-01 1.00000000000000e+05 
1.25049581582937e-01 1.00000000000000e+05 
1.25237067692506e-01 1.00000000000000e+05 
1.25424455587701e-01 1.00000000000000e+05 
1.25611913440621e-01 1.00000000000000e+05 
1.25799585405542e-01 1.00000000000000e+05 
1.25987413231439e-01 1.00000000000000e+05 
1.26175185230821e-01 1.00000000000000e+05 
1.26363074469376e-01 1.00000000000000e+05 
1.26551241880815e-01 1.00000000000000e+05 
1.26739628121906e-01 1.00000000000000e+05 
1.26928032056980e-01 1.00000000000000e+05 
1.27116528803068e-01 1.00000000000000e+05 
1.27304994885141e-01 1.00000000000000e+05 
1.27493536289674e-01 1.00000000000000e+05 
1.27682057154992e-01 1.00000000000000e+05 
1.27870767587440e-01 1.00000000000000e+05 
1.28059884295865e-01 1.00000000000000e+05 
1.28249337494865e-01 1.00000000000000e+05 
1.28438957669409e-01 1.00000000000000e+05 
1.28628796792654e-01 1.00000000000000e+05 
1.28818759913747e-01 1.00000000000000e+05 
1.29008901805584e-01 1.00000000000000e+05 
1.29198776892499e-01 1.00000000000000e+05 
1.29388636565343e-01 1.00000000000000e+05 
1.29578516253384e-01 1.00000000000267e+05 
1.29768534549655e-01 1.00000000001287e+05 
1.29958673899144e-01 1.00000000003076e+05 
1.30149008280620e-01 1.00000000005976e+05 
1.30339512989014e-01 1.00000000009764e+05 
1.30530221753181e-01 1.00000000026239e+05 
1.30720731697007e-01 1.00000000045674e+05 
1.30911261142216e-01 1.00000000068979e+05 
1.31101888502850e-01 1.00000000095666e+05 
1.31292697528298e-01 1.00000000126329e+05 
1.31483711657884e-01 1.00000000160506e+05 
1.31674950366063e-01 1.00000000198782e+05 
1.31866037231108e-01 1.00000000240712e+05 
1.32057171886617e-01 1.00000000286627e+05 
1.32248465354589e-01 1.00000000336553e+05 
1.32439962665009e-01 1.00000000389931e+05 
1.32631325675409e-01 1.00000000488548e+05 
1.32822753701554e-01 1.00000000593606e+05 
1.33014384510659e-01 1.00000000703294e+05 
1.33206254935476e-01 1.00000000808820e+05 
1.33398043823034e-01 1.00000000917112e+05 
1.33589924438159e-01 1.00000001029058e+05 
1.33781662705323e-01 1.00000001143887e+05 
1.33973482419707e-01 1.00000001250613e+05 
1.34165576054692e-01 1.00000001359269e+05 
1.34357976656673e-01 1.00000001470468e+05 
1.34550350339788e-01 1.00000001583362e+05 
1.34742695544407e-01 1.00000001698271e+05 
1.34934723157200e-01 1.00000001814434e+05 
1.35126441550760e-01 1.00000001936095e+05 
1.35317651062247e-01 1.00000002058645e+05 
1.35508539721243e-01 1.00000002187295e+05 
1.35698955206568e-01 1.00000002314933e+05 
1.35889075292836e-01 1.00000002443284e+05 
1.36078763296115e-01 1.00000002569863e+05 
1.36268179289672e-01 1.00000002697022e+05 
1.36457200516417e-01 1.00000002785985e+05 
1.36645970654000e-01 1.00000002872192e+05 
1.36834380350723e-01 1.00000002957738e+05 
1.37022559852736e-01 1.00000003040249e+05 
1.37210411357248e-01 1.00000003121857e+05 
1.37398054644794e-01 1.00000003201996e+05 
1.37585400162279e-01 1.00000003281416e+05 
1.37772562454904e-01 1.00000003360053e+05 
1.37959458823507e-01 1.00000003438954e+05 
1.38146130593143e-01 1.00000003517877e+05 
1.38332595388437e-01 1.00000003598071e+05 
1.38518807015315e-01 1.00000003679369e+05 
1.38704837651169e-01 1.00000003757801e+05 
1.38890641942490e-01 1.00000003836921e+05 
1.39076285270346e-01 1.00000003913975e+05 
1.39245724771588e-01 1.00000003987009e+05 
1.39421982212665e-01 1.00000003949167e+05 
1.39594424360614e-01 1.00000003917236e+05 
1.39771410575390e-01 1.00000003919187e+05 
1.39946666812864e-01 1.00000003952394e+05 
1.40126875134253e-01 1.00000004042151e+05 
1.40304913278812e-01 1.00000004164800e+05 
1.40488881356661e-01 1.00000004335061e+05 
1.40670348957171e-01 1.00000004510805e+05 
1.40854561117013e-01 1.00000004708565e+05 
1.41038647591049e-01 1.00000004896216e+05 
1.41222641496188e-01 1.00000005088438e+05 
1.41406522304153e-01 1.00000005266217e+05 
1.41590318855761e-01 1.00000005444697e+05 
1.41774014826296e-01 1.00000005599420e+05 
1.41957633067334e-01 1.00000005720865e+05 
1.42141164088945e-01 1.00000005831653e+05 
1.42324625187316e-01 1.00000005946822e+05 
1.42508012846267e-01 1.00000006052504e+05 
1.42691339236268e-01 1.00000006156386e+05 
1.42874601290591e-01 1.00000006248083e+05 
1.43057813472689e-01 1.00000006397035e+05 
1.43240970775927e-01 1.00000006516442e+05 
1.43424093189951e-01 1.00000006622108e+05 
1.43600415522533e-01 1.00000006729514e+05 
1.43776594044648e-01 1.00000006844216e+05 
1.43952611058619e-01 1.00000010696824e+05 
1.44128525691867e-01 1.00000019194561e+05 
1.44304340991850e-01 1.00000033726281e+05 
1.44480126699796e-01 1.00000056132154e+05 
1.44655898678196e-01 1.00000087312934e+05 
1.44831732210027e-01 1.00000128537888e+05 
1.45007655691632e-01 1.00000177767371e+05 
1.45183741485856e-01 1.00000235796413e+05 
1.45360022968879e-01 1.00000301715231e+05 
1.45536581100173e-01 1.00000374489640e+05 
1.45713753735230e-01 1.00000453546922e+05 
1.45891236838915e-01 1.00000538230358e+05 
1.46068935146004e-01 1.00000627009627e+05 
1.46247037680411e-01 1.00000716037295e+05 
1.46425571064100e-01 1.00000804190414e+05 
1.46604814953053e-01 1.00000892755930e+05 
1.46784766943877e-01 1.00000980922497e+05 
1.46965271503393e-01 1.00001070215581e+05 
1.47135808373279e-01 1.00001131529343e+05 
1.47315686337421e-01 1.00001201667059e+05 
1.47491326904920e-01 1.00001271156986e+05 
1.47672321808148e-01 1.00001349837492e+05 
1.47852616675901e-01 1.00001430610390e+05 
1.48034917410275e-01 1.00001517003233e+05 
1.48217381558240e-01 1.00001592345452e+05 
1.48400148754402e-01 1.00001711837799e+05 
1.48582889632560e-01 1.00001762029566e+05 
1.48765601079737e-01 1.00001900047512e+05 
1.48948282649126e-01 1.00002012315953e+05 
1.49130928288706e-01 1.00002990130558e+05 
1.49313521597101e-01 1.00044261148080e+05 
1.49496051508259e-01 1.00170103277561e+05 
1.49678523270400e-01 1.00402836583604e+05 
1.49861007171334e-01 1.00771689049973e+05 
1.50043980904640e-01 1.01303482697285e+05 
1.50226910176380e-01 1.02028357322678e+05 
1.50409776251360e-01 1.02920596126733e+05 
1.50592600847643e-01 1.03968460570220e+05 
1.50775359907562e-01 1.05162913637515e+05 
1.50958080132605e-01 1.06505501212044e+05 
1.51140735353093e-01 1.07966844752926e+05 
1.51323349460701e-01 1.09510741080925e+05 
1.51505896446880e-01 1.11115468814307e+05 
1.51688393312824e-01 1.12769306198850e+05 
1.51870817988045e-01 1.14416907055983e+05 
1.52053180035752e-01 1.15989426615645e+05 
1.52235463595730e-01 1.17450056507033e+05 
1.52417672400616e-01 1.18825188790760e+05 
1.52599796045589e-01 1.20221578206283e+05 
1.52781835699490e-01 1.21322055140571e+05 
1.52963784739644e-01 1.22158421842248e+05 
1.53145645080740e-01 1.22759744034655e+05 
1.53327412661167e-01 1.23184529831047e+05 
1.53509090993352e-01 1.23412787722912e+05 
1.53690677589829e-01 1.23357221615828e+05 
1.53872178918504e-01 1.23300237941517e+05 
1.54053821923484e-01 1.23239427115620e+05 
1.54232850211778e-01 1.23166416343214e+05 
1.54413421124569e-01 1.23080387306115e+05 
1.54595678107123e-01 1.22975796110327e+05 
1.54777868165107e-01 1.22841732375683e+05 
1.54959985433412e-01 1.22687958312837e+05 
1.55142038660266e-01 1.22519700001290e+05 
1.55324020480124e-01 1.22339291465903e+05 
1.55505937863640e-01 1.22147820632715e+05 
1.55687782919079e-01 1.21946478816288e+05 
1.55869560837997e-01 1.21736903536151e+05 
1.56051263582852e-01 1.21519507972379e+05 
1.56232883323731e-01 1.21296376698151e+05 
1.56414436024557e-01 1.21069239297992e+05 
1.56595906584555e-01 1.20838784215946e+05 
1.56777307180381e-01 1.20606803375377e+05 
1.56958635498802e-01 1.20373853289133e+05 
1.57139889747364e-01 1.20141346310920e+05 
1.57321075617586e-01 1.19909510037399e+05 
1.57502190831219e-01 1.19679069977908e+05 
1.57683241268070e-01 1.19450337822435e+05 
1.57864225643481e-01 1.19223747961222e+05 
1.58045151252264e-01 1.18999646195538e+05 
1.58226017548463e-01 1.18778282933723e+05 
1.58406834361737e-01 1.18560052972682e+05 
1.58587601920129e-01 1.18344966655681e+05 
1.58766779279082e-01 1.18135172940977e+05 
1.58946087770478e-01 1.17928683498676e+05 
1.59124306462693e-01 1.17726702353562e+05 
1.59302742250042e-01 1.17528063905644e+05 
1.59480531656404e-01 1.17333500969656e+05 
1.59658621033592e-01 1.17141927883537e+05 
1.59836216960725e-01 1.16954144074989e+05 
1.60014022460387e-01 1.16769340218320e+05 
1.60191447943501e-01 1.16588055076392e+05 
1.60369011325073e-01 1.16409644617714e+05 
1.60546291371807e-01 1.16234400796370e+05 
1.60729970297467e-01 1.16055767464633e+05 
1.60913694503010e-01 1.15879898045242e+05 
1.61097445459454e-01 1.15706711458289e+05 
1.61281240556731e-01 1.15536036870191e+05 
1.61465059861863e-01 1.15367739944928e+05 
1.61648920173769e-01 1.15201654715517e+05 
1.61832800011329e-01 1.15037665537483e+05 
1.62016715297479e-01 1.14875631057042e+05 
1.62200642782022e-01 1.14715413925593e+05 
1.62384596925990e-01 1.14556896374756e+05 
1.62568555025388e-01 1.14399976241909e+05 
1.62752531201121e-01 1.14244563600821e+05 
1.62936507227566e-01 1.14090587465107e+05 
1.63120498738914e-01 1.13937989100490e+05 
1.63304494393951e-01 1.13786731119100e+05 
1.63488512056366e-01 1.13636788903480e+05 
1.63672545141836e-01 1.13488186957471e+05 
1.63856612499485e-01 1.13340942612485e+05 
1.64040709157566e-01 1.13195109249946e+05 
1.64224853687505e-01 1.13050764900202e+05 
1.64409040901112e-01 1.12908075716653e+05 
1.64593288734782e-01 1.12767163997390e+05 
1.64777590947500e-01 1.12628181135469e+05 
1.64961965021025e-01 1.12491338333660e+05 
1.65146403846815e-01 1.12356953445105e+05 
1.65330925628026e-01 1.12225458724371e+05 
1.65515523817903e-01 1.12096821425667e+05 
1.65700217703096e-01 1.11971460704553e+05 
1.65885000985439e-01 1.11849954416473e+05 
1.66069894059227e-01 1.11732842294864e+05 
1.66254890234009e-01 1.11620458901476e+05 
1.66440009973535e-01 1.11512590382505e+05 
1.66625244711648e-01 1.11410421260259e+05 
1.66810614086552e-01 1.11314652347492e+05 
1.66996107741110e-01 1.11225386023504e+05 
1.67181745235106e-01 1.11138200893519e+05 
1.67360911145749e-01 1.11063082809933e+05 
1.67540247480082e-01 1.10997053659647e+05 
1.67719655519473e-01 1.10937473712383e+05 
1.67899273602961e-01 1.10884334600646e+05 
1.68078986127925e-01 1.10836561734672e+05 
1.68258941517066e-01 1.10800217159895e+05 
1.68439043523781e-01 1.10764195369330e+05 
1.68619408702824e-01 1.10728976135886e+05 
1.68799877236391e-01 1.10694902018686e+05 
1.68980563270400e-01 1.10663637780858e+05 
1.69161364481005e-01 1.10636040085426e+05 
1.69342365795668e-01 1.10612131501189e+05 
1.69523487692810e-01 1.10593657752390e+05 
1.69704823233613e-01 1.10581383469267e+05 
1.69886299079914e-01 1.10575644588187e+05 
1.70068004847084e-01 1.10575302753321e+05 
1.70249888957822e-01 1.10581010002645e+05 
1.70431965780905e-01 1.10592649822697e+05 
1.70614262193222e-01 1.10610179037752e+05 
1.70796786232913e-01 1.10633450483492e+05 
1.70979559935414e-01 1.10662452014368e+05 
1.71162592200681e-01 1.10697054020692e+05 
1.71345910860442e-01 1.10737271207703e+05 
1.71529527289808e-01 1.10782915797549e+05 
1.71713477804584e-01 1.10833882958979e+05 
1.71897778949571e-01 1.10889924489995e+05 
1.72082481174111e-01 1.10951074990631e+05 
1.72267608866535e-01 1.11017069811107e+05 
1.72453232802652e-01 1.11087629346680e+05 
1.72639390730346e-01 1.11162472763628e+05 
1.72826184654450e-01 1.11241416385227e+05 
1.73013672730103e-01 1.11324881015690e+05 
1.73202000487618e-01 1.11412569531087e+05 
1.73391266033329e-01 1.11502549892879e+05 
1.73580644778014e-01 1.11593983783769e+05 
1.73770138152451e-01 1.11686059941398e+05 
1.73959696816872e-01 1.11780220985357e+05 
1.74149361060279e-01 1.11877072021764e+05 
1.74339086964188e-01 1.11969932240011e+05 
1.74528910315100e-01 1.12060327365777e+05 
1.74718793545343e-01 1.12147657296292e+05 
1.74908767239539e-01 1.12233323237736e+05 
1.75098799749527e-01 1.12314885892787e+05 
1.75288917027748e-01 1.12394007952655e+05 
1.75479092259099e-01 1.12476097744320e+05 
1.75669347482874e-01 1.12559142121462e+05 
1.75859659455770e-01 1.12637545536927e+05 
1.76050046947678e-01 1.12709287057447e+05 
1.76240489177739e-01 1.12771633860571e+05 
1.76431002334461e-01 1.12821933526019e+05 
1.76621567846700e-01 1.12858328094522e+05 
1.76812199038235e-01 1.12881977245210e+05 
1.77002879614917e-01 1.12893854811815e+05 
1.77193620415798e-01 1.12894538637858e+05 
1.77384376331341e-01 1.12883232439839e+05 
1.77575215387525e-01 1.12860821627810e+05 
1.77766068315260e-01 1.12828488782583e+05 
1.77957001472662e-01 1.12786703122854e+05 
1.78147947370920e-01 1.12736262100803e+05 
1.78338974884989e-01 1.12677662402466e+05 
1.78530021114008e-01 1.12611647099749e+05 
1.78721154756498e-01 1.12538601026766e+05 
1.78912318128566e-01 1.12459084206173e+05 
1.79103575753459e-01 1.12373630010009e+05 
1.79294872491047e-01 1.12282786695229e+05 
1.79486267260881e-01 1.12186986888359e+05 
1.79677703410399e-01 1.12086997000491e+05 
1.79869236789053e-01 1.11982969499867e+05 
1.80060806363998e-01 1.11875230171285e+05 
1.80248493033005e-01 1.11766522232154e+05 
1.80440182853556e-01 1.11652752601728e+05 
1.80628548323535e-01 1.11538936058927e+05 
1.80820342085150e-01 1.11421867926062e+05 
1.81009761898870e-01 1.11306573133068e+05 
1.81201638471586e-01 1.11189229885613e+05 
1.81393238656337e-01 1.11072529784561e+05 
1.81584891681704e-01 1.10957226622633e+05 
1.81774246713016e-01 1.10843053574542e+05 
1.81962096659183e-01 1.10737145550995e+05 
1.82147597776890e-01 1.10637503359834e+05 
1.82331462083455e-01 1.10546395582982e+05 
1.82513275199900e-01 1.10460159197991e+05 
1.82693635529188e-01 1.10379075599654e+05 
1.82885591272590e-01 1.10302766519771e+05 
1.83077543615586e-01 1.10237177218521e+05 
1.83269536039951e-01 1.10176008975859e+05 
1.83461538273179e-01 1.10134011123997e+05 
1.83653582265770e-01 1.10107877355382e+05 
1.83845628732536e-01 1.10093939323888e+05 
1.84037699991191e-01 1.10093738194791e+05 
1.84229744572280e-01 1.10107209610078e+05 
1.84421746262537e-01 1.10120053337491e+05 
1.84613656367037e-01 1.10136030305881e+05 
1.84805458365185e-01 1.10158515829765e+05 
1.84997122604322e-01 1.10191460789344e+05 
1.85188637632310e-01 1.10235274758797e+05 
1.85379988609595e-01 1.10290905826964e+05 
1.85571172164273e-01 1.10360705226726e+05 
1.85762183438618e-01 1.10438155286533e+05 
1.85953028905555e-01 1.10522288133584e+05 
1.86143690150392e-01 1.10611299234841e+05 
1.86319155882083e-01 1.10695467066387e+05 
1.86494545923659e-01 1.10778763893038e+05 
1.86670838643029e-01 1.10860550541457e+05 
1.86847801520675e-01 1.10938839481835e+05 
1.87026522910045e-01 1.11009601965753e+05 
1.87206521305700e-01 1.11078365350537e+05 
1.87389018679886e-01 1.11128178279922e+05 
1.87573005012335e-01 1.11168106413745e+05 
1.87759846349063e-01 1.11186784483762e+05 
1.87948136549525e-01 1.11181761867961e+05 
1.88136250218235e-01 1.11161924736877e+05 
1.88324120383387e-01 1.11134491525010e+05 
1.88511762698863e-01 1.11093479765440e+05 
1.88699158878874e-01 1.11050166451150e+05 
1.88886333195350e-01 1.11002447685110e+05 
1.89050435557221e-01 1.10947986020443e+05 
1.89214100190838e-01 1.10882759515031e+05 
1.89377751482914e-01 1.10804478900066e+05 
1.89540967223302e-01 1.10712966650643e+05 
1.89704175956236e-01 1.10606582128260e+05 
1.89866946129802e-01 1.10485349171190e+05 
1.90029715020857e-01 1.10352483923031e+05 
1.90192048153493e-01 1.10209077488374e+05 
1.90354391098000e-01 1.10054424274710e+05 
1.90516306115839e-01 1.09890535790405e+05 
1.90678246725080e-01 1.09716470476934e+05 
1.90839770337814e-01 1.09533901722963e+05 
1.91001339013114e-01 1.09344492694953e+05 
1.91162503716804e-01 1.09149571696593e+05 
1.91323736168713e-01 1.08949285751794e+05 
1.91484579421618e-01 1.08744852524158e+05 
1.91645516386773e-01 1.08536227843784e+05 
1.91806079854544e-01 1.08324548741110e+05 
1.91966766038306e-01 1.08109714159400e+05 
1.92127094622586e-01 1.07892808486508e+05 
1.92287577912765e-01 1.07673573470137e+05 
1.92447719075388e-01 1.07453148727184e+05 
1.92608049835196e-01 1.07231079797312e+05 
1.92768053728548e-01 1.07008562558731e+05 
1.92928285531740e-01 1.06785051154394e+05 
1.93088206495567e-01 1.06561616719310e+05 
1.93248398510818e-01 1.06337666769599e+05 
1.93408297383995e-01 1.06114671332317e+05 
1.93568516725524e-01 1.05891564122931e+05 
1.93728462516376e-01 1.05668725635874e+05 
1.93888785815093e-01 1.05446207717848e+05 
1.94048857104573e-01 1.05224703204543e+05 
1.94209380138452e-01 1.05003916993983e+05 
1.94370258258821e-01 1.04784140922277e+05 
1.94532398935937e-01 1.04563443950318e+05 
1.94694873268341e-01 1.04344209585099e+05 
1.94858719938721e-01 1.04124448353150e+05 
1.95023030909542e-01 1.03905592837109e+05 
1.95189209295870e-01 1.03685775580372e+05 
1.95355962225776e-01 1.03466820748052e+05 
1.95525101532676e-01 1.03246355033731e+05 
1.95694939454551e-01 1.03026634826424e+05 
1.95867889206069e-01 1.02804557736423e+05 
1.96041284740689e-01 1.02583540166172e+05 
1.96217241470256e-01 1.02360250969542e+05 
1.96393202149582e-01 1.02139369224946e+05 
1.96571741564243e-01 1.01916266188877e+05 
1.96750217620733e-01 1.01694782322312e+05 
1.96931652016279e-01 1.01471524194105e+05 
1.97113041327444e-01 1.01249690813067e+05 
1.97297969813662e-01 1.01025091301163e+05 
1.97482878600844e-01 1.00801947927646e+05 
1.97668837086133e-01 1.00578995502752e+05 
1.97855026183373e-01 1.00358100260633e+05 
1.98041207337271e-01 1.00138612963756e+05 
1.98227671602822e-01 9.99211004724275e+04 
1.98388973532208e-01 9.97342771233081e+04 
1.98550339928704e-01 9.95494705323384e+04 
1.98711448632163e-01 9.93672786882455e+04 
1.98872660247372e-01 9.91887522021048e+04 
1.99033671058354e-01 9.90139376697392e+04 
1.99194854191922e-01 9.88430938652376e+04 
1.99355905489759e-01 9.86777641436143e+04 
1.99517187643068e-01 9.85181616308423e+04 
1.99678397498586e-01 9.83663091751744e+04 
1.99839881291605e-01 9.82193236589521e+04 
2.00001343542511e-01 9.80779049501773e+04 
2.00163140270737e-01 9.79516955167248e+04 
