# Liste des scalaires : TEMPS pmat 
0.00000000000000e+00 1.00000000000000e+05 
7.22956891292051e-05 1.00000000000000e+05 
1.39473830159776e-04 1.00000000000000e+05 
2.09658797050065e-04 1.00000000000000e+05 
2.76117114236704e-04 1.00000000000000e+05 
3.20638761908096e-04 1.00000000000000e+05 
3.55139419127646e-04 1.00000000000000e+05 
3.84466703006928e-04 1.00000000000000e+05 
4.10882456555332e-04 1.00000000000000e+05 
4.35440253196311e-04 1.00000000000000e+05 
4.62453829501387e-04 1.00000000000000e+05 
4.92168763436971e-04 1.00000000000000e+05 
5.24855190766114e-04 1.00000000000000e+05 
5.60810260828171e-04 1.00000000000000e+05 
6.00360837896433e-04 1.00000000000000e+05 
6.43866472671522e-04 1.00000000000000e+05 
6.91722670924120e-04 1.00000000000000e+05 
7.44364489001977e-04 1.00000000000000e+05 
8.02270488887621e-04 1.00000000000000e+05 
8.65967088761828e-04 1.00000000000000e+05 
9.36033348623457e-04 1.00000000000000e+05 
1.01310623447125e-03 1.00000000000000e+05 
1.09788640890382e-03 1.00000000000000e+05 
1.19114460077965e-03 1.00000000000000e+05 
1.28874595967994e-03 1.00000000000000e+05 
1.39427742078086e-03 1.00000000000000e+05 
1.50221628787619e-03 1.00000000000000e+05 
1.61553425737476e-03 1.00000000000000e+05 
1.73457348070821e-03 1.00000000000000e+05 
1.85733677968609e-03 1.00000000000000e+05 
1.98616223838865e-03 1.00000000000000e+05 
2.11872938704617e-03 1.00000000000000e+05 
2.25541689819647e-03 1.00000000000000e+05 
2.39772133018654e-03 1.00000000000000e+05 
2.54485627309066e-03 1.00000000000000e+05 
2.69657390129166e-03 1.00000000000000e+05 
2.85238267869129e-03 1.00000000000000e+05 
3.01245336051981e-03 1.00000000000000e+05 
3.17812497446037e-03 1.00000000000000e+05 
3.34903914085853e-03 1.00000000000000e+05 
3.52550659026212e-03 1.00000000000000e+05 
3.70726992321275e-03 1.00000000000000e+05 
3.89587589613476e-03 1.00000000000000e+05 
4.08975108537060e-03 1.00000000000000e+05 
4.28959471140091e-03 1.00000000000000e+05 
4.49516060408285e-03 1.00000000000000e+05 
4.70839016598614e-03 1.00000000000000e+05 
4.92856382960851e-03 1.00000000000000e+05 
5.15483884145607e-03 1.00000000000000e+05 
5.38810296190352e-03 1.00000000000000e+05 
5.62716630832330e-03 1.00000000000000e+05 
5.87020911791886e-03 1.00000000000000e+05 
6.12048301668505e-03 1.00000000000000e+05 
6.37286594506069e-03 1.00000000000000e+05 
6.63255281659975e-03 1.00000000000000e+05 
6.89402258475325e-03 1.00000000000000e+05 
7.16407888326751e-03 1.00000000000000e+05 
7.43688359573904e-03 1.00000000000000e+05 
7.71399396444114e-03 1.00000000000000e+05 
7.99382024822964e-03 1.00000000000000e+05 
8.27676476722375e-03 1.00000000000000e+05 
8.55486963385999e-03 1.00000000000000e+05 
8.82693129547071e-03 1.00000000000000e+05 
9.09434750872457e-03 1.00000000000000e+05 
9.35796728729593e-03 1.00000000000000e+05 
9.61825112525799e-03 1.00000000000000e+05 
9.87453747960176e-03 1.00000000000000e+05 
1.01275300069051e-02 1.00000000000000e+05 
1.03780178222358e-02 1.00000000000000e+05 
1.06259874049514e-02 1.00000000000000e+05 
1.08548891341104e-02 1.00000000000000e+05 
1.10599867785606e-02 1.00000000000000e+05 
1.12527348140564e-02 1.00000000000000e+05 
1.14375962434052e-02 1.00000000000000e+05 
1.16159957818762e-02 1.00000000000000e+05 
1.17893316205252e-02 1.00000000000000e+05 
1.19584876518713e-02 1.00000000000000e+05 
1.21238489694746e-02 1.00000000000000e+05 
1.22865157302450e-02 1.00000000000000e+05 
1.24466888537702e-02 1.00000000000000e+05 
1.26054297066421e-02 1.00000000000000e+05 
1.27630236325016e-02 1.00000000000000e+05 
1.29204956943462e-02 1.00000000000000e+05 
1.30780254482489e-02 1.00000000000000e+05 
1.32361335546437e-02 1.00000000000000e+05 
1.33950333793208e-02 1.00000000000000e+05 
1.35551339187146e-02 1.00000000000000e+05 
1.37172367310356e-02 1.00000000000000e+05 
1.38813728581439e-02 1.00000000000000e+05 
1.40483175424299e-02 1.00000000000000e+05 
1.42179866562300e-02 1.00000000000000e+05 
1.43909808991011e-02 1.00000000000000e+05 
1.45670950141998e-02 1.00000000000000e+05 
1.47467685727412e-02 1.00000000000000e+05 
1.49296515151822e-02 1.00000000000000e+05 
1.51160447786532e-02 1.00000000000000e+05 
1.53054612324042e-02 1.00000000000000e+05 
1.54980971075250e-02 1.00000000000000e+05 
1.56933599014606e-02 1.00000000000000e+05 
1.58913738309569e-02 1.00000000000000e+05 
1.60914917507691e-02 1.00000000000000e+05 
1.62937643131732e-02 1.00000000000000e+05 
1.64974647985945e-02 1.00000000000000e+05 
1.67017077996668e-02 1.00000000000000e+05 
1.69051496515689e-02 1.00000000000000e+05 
1.71064240657492e-02 1.00000000000000e+05 
1.73047580318321e-02 1.00000000000000e+05 
1.74994916868872e-02 1.00000000000000e+05 
1.76910287634899e-02 1.00000000000000e+05 
1.78799686468512e-02 1.00000000000000e+05 
1.80655740665945e-02 1.00000000000000e+05 
1.82480567556844e-02 1.00000000000000e+05 
1.84273977772907e-02 1.00000000000000e+05 
1.86045423906659e-02 1.00000000000000e+05 
1.87798507259518e-02 1.00000000000000e+05 
1.89544995385322e-02 1.00000000000000e+05 
1.91286177014924e-02 1.00000000000000e+05 
1.93031954831667e-02 1.00000000000000e+05 
1.94782608092230e-02 1.00000000000000e+05 
1.96546070623676e-02 1.00000000000000e+05 
1.98321949431475e-02 1.00000000000000e+05 
2.00116410059492e-02 1.00000000000000e+05 
2.01929068075595e-02 1.00000000000000e+05 
2.03764603666866e-02 1.00000000000000e+05 
2.05614862103099e-02 1.00000000000000e+05 
2.07470367592730e-02 1.00000000000000e+05 
2.09331357672540e-02 1.00000000000000e+05 
2.11202515472058e-02 1.00000000000000e+05 
2.13083812076702e-02 1.00000000000000e+05 
2.14979229946319e-02 1.00000000000000e+05 
2.16888518986599e-02 1.00000000000000e+05 
2.18815086712685e-02 1.00000000000000e+05 
2.20758476402399e-02 1.00000000000000e+05 
2.22721493558965e-02 1.00000000000000e+05 
2.24703068329695e-02 1.00000000000000e+05 
2.26705832572562e-02 1.00000000000000e+05 
2.28728939585618e-02 1.00000000000000e+05 
2.30763718531900e-02 1.00000000000000e+05 
2.32803972771104e-02 1.00000000000000e+05 
2.34853274323425e-02 1.00000000000000e+05 
2.36911143965860e-02 1.00000000000000e+05 
2.38980968246788e-02 1.00000000000000e+05 
2.41062024999890e-02 1.00000000000000e+05 
2.43157578994364e-02 1.00000000000000e+05 
2.45266762952938e-02 1.00000000000000e+05 
2.47392613606682e-02 1.00000000000000e+05 
2.49534271694006e-02 1.00000000000000e+05 
2.51694861850872e-02 1.00000000000000e+05 
2.53873187225434e-02 1.00000000000000e+05 
2.56072167250096e-02 1.00000000000000e+05 
2.58286754386925e-02 1.00000000000000e+05 
2.60513026167759e-02 1.00000000000000e+05 
2.62749299215035e-02 1.00000000000000e+05 
2.64999544804940e-02 1.00000000000000e+05 
2.67261790453191e-02 1.00000000000000e+05 
2.69539710041276e-02 1.00000000000000e+05 
2.71831621698335e-02 1.00000000000000e+05 
2.74141268197707e-02 1.00000000000000e+05 
2.76467143361215e-02 1.00000000000000e+05 
2.78812676861393e-02 1.00000000000000e+05 
2.81176375900881e-02 1.00000000000000e+05 
2.83561208532293e-02 1.00000000000000e+05 
2.85965433638613e-02 1.00000000000000e+05 
2.88391432230992e-02 1.00000000000000e+05 
2.90837188127529e-02 1.00000000000000e+05 
2.93304657087648e-02 1.00000000000000e+05 
2.95791720599951e-02 1.00000000000000e+05 
2.98298837372592e-02 1.00000000000000e+05 
3.00820795169410e-02 1.00000000000000e+05 
3.03360316298428e-02 1.00000000000000e+05 
3.05915593122619e-02 1.00000000000000e+05 
3.08489357641414e-02 1.00000000000000e+05 
3.11079077358831e-02 1.00000000000000e+05 
3.13687621536418e-02 1.00000000000000e+05 
3.16312045531705e-02 1.00000000000000e+05 
3.18955436338664e-02 1.00000000000000e+05 
3.21614366729873e-02 1.00000000000000e+05 
3.24282381590045e-02 1.00000000000000e+05 
3.26961706646614e-02 1.00000000000000e+05 
3.29645003680995e-02 1.00000000000000e+05 
3.32339437093289e-02 1.00000000000000e+05 
3.35037869240931e-02 1.00000000000000e+05 
3.37746877399008e-02 1.00000000000000e+05 
3.40459855502754e-02 1.00000000000000e+05 
3.43182452704576e-02 1.00000000000000e+05 
3.45908473090128e-02 1.00000000000000e+05 
3.48642892131375e-02 1.00000000000000e+05 
3.51380107965429e-02 1.00000000000000e+05 
3.54125002458020e-02 1.00000000000000e+05 
3.56872679901176e-02 1.00000000000000e+05 
3.59627438766776e-02 1.00000000000000e+05 
3.62383799344078e-02 1.00000000000000e+05 
3.65145671483395e-02 1.00000000000000e+05 
3.67908846097707e-02 1.00000000000000e+05 
3.70677197412941e-02 1.00000000000000e+05 
3.73446153690860e-02 1.00000000000000e+05 
3.76219830024861e-02 1.00000000000000e+05 
3.78993485335716e-02 1.00000000000000e+05 
3.81771266853987e-02 1.00000000000000e+05 
3.84548572711014e-02 1.00000000000000e+05 
3.87329683439551e-02 1.00000000000000e+05 
3.90110126753707e-02 1.00000000000000e+05 
3.92894279369261e-02 1.00000000000000e+05 
3.95677837169278e-02 1.00000000000000e+05 
3.98465228675714e-02 1.00000000000000e+05 
4.01252205544806e-02 1.00000000000000e+05 
4.04043043089380e-02 1.00000000000000e+05 
4.06833774823126e-02 1.00000000000000e+05 
4.09628221903547e-02 1.00000000000000e+05 
4.12422521168204e-02 1.00000000000000e+05 
4.15220021347779e-02 1.00000000000000e+05 
4.18017035012323e-02 1.00000000000000e+05 
4.20816836652943e-02 1.00000000000000e+05 
4.23615802364487e-02 1.00000000000000e+05 
4.26417262886659e-02 1.00000000000000e+05 
4.29217651602493e-02 1.00000000000000e+05 
4.32020369735080e-02 1.00000000000000e+05 
4.34821866059488e-02 1.00000000000000e+05 
4.37625863219698e-02 1.00000000000000e+05 
4.40428576551618e-02 1.00000000000000e+05 
4.43233667483694e-02 1.00000000000000e+05 
4.46037447927633e-02 1.00000000000000e+05 
4.48843518383962e-02 1.00000000000000e+05 
4.51648411332737e-02 1.00000000000000e+05 
4.54455379944713e-02 1.00000000000000e+05 
4.57261249371938e-02 1.00000000000000e+05 
4.60069080815041e-02 1.00000000000000e+05 
4.62875997289264e-02 1.00000000000000e+05 
4.65684884265654e-02 1.00000000000000e+05 
4.68492450253073e-02 1.00000000000000e+05 
4.71302604494572e-02 1.00000000000000e+05 
4.74110554351223e-02 1.00000000000000e+05 
4.76921803244923e-02 1.00000000000000e+05 
4.79730190159277e-02 1.00000000000000e+05 
4.82541847324291e-02 1.00000000000000e+05 
4.85350839442190e-02 1.00000000000059e+05 
4.88163221823776e-02 1.00000000001035e+05 
4.90973303516693e-02 1.00000000002769e+05 
4.93786860375493e-02 1.00000000019314e+05 
4.96598332205788e-02 1.00000000053652e+05 
4.99413183188278e-02 1.00000000104801e+05 
5.02226276057201e-02 1.00000000178586e+05 
5.05042698627249e-02 1.00000000289879e+05 
5.07857659331112e-02 1.00000000431709e+05 
5.10675937723846e-02 1.00000000625706e+05 
5.13491223236006e-02 1.00000000829503e+05 
5.16310071360762e-02 1.00000001053246e+05 
5.19123351581887e-02 1.00000001282408e+05 
5.21941454520102e-02 1.00000001504686e+05 
5.24754338624880e-02 1.00000001819632e+05 
5.27572580797333e-02 1.00000002106208e+05 
5.30385446701257e-02 1.00000002370014e+05 
5.33203885292535e-02 1.00000002583445e+05 
5.36016438039968e-02 1.00000002799521e+05 
5.38834498857003e-02 1.00000002991089e+05 
5.41646870921345e-02 1.00000003174470e+05 
5.44465469514798e-02 1.00000003337307e+05 
5.47278711291210e-02 1.00000003403633e+05 
5.50098418309721e-02 1.00000003466980e+05 
5.52912401368824e-02 1.00000003528180e+05 
5.55732705400704e-02 1.00000003590576e+05 
5.58546520140876e-02 1.00000003648667e+05 
5.61366735271047e-02 1.00000003714966e+05 
5.64180178115551e-02 1.00000003778578e+05 
5.66996186387467e-02 1.00000003857957e+05 
5.69806691780153e-02 1.00000004070906e+05 
5.72618646974327e-02 1.00000004306142e+05 
5.75425574513299e-02 1.00000004588918e+05 
5.78234669849417e-02 1.00000004880229e+05 
5.81039905387599e-02 1.00000005193089e+05 
5.83847771704256e-02 1.00000005494498e+05 
5.86652652884292e-02 1.00000005806706e+05 
5.89459711955717e-02 1.00000006079921e+05 
5.92266499783727e-02 1.00000006360928e+05 
5.95073404506594e-02 1.00000006559899e+05 
5.97879781487652e-02 1.00000006740612e+05 
6.00683972795548e-02 1.00000006802613e+05 
6.03484780043365e-02 1.00000006898981e+05 
6.06283220856827e-02 1.00000006795463e+05 
6.09079879515535e-02 1.00000006776819e+05 
6.11877716075427e-02 1.00000006710957e+05 
6.14671605898816e-02 1.00000006674868e+05 
6.17467083580506e-02 1.00000006633484e+05 
6.20259756061712e-02 1.00000006635310e+05 
6.23054311008808e-02 1.00000007060058e+05 
6.25847170802532e-02 1.00000009383459e+05 
6.28642175943014e-02 1.00000012741798e+05 
6.31436460846349e-02 1.00000016616297e+05 
6.34233039281428e-02 1.00000023809286e+05 
6.37029646580450e-02 1.00000027369557e+05 
6.39828647400858e-02 1.00000032997654e+05 
6.42628291774335e-02 1.00000040059584e+05 
6.45430699893639e-02 1.00000049995425e+05 
6.48234460314895e-02 1.00000062485729e+05 
6.51041331855762e-02 1.00111401941732e+05 
6.53850138453933e-02 1.00737048058117e+05 
6.56658310894169e-02 1.02157547493056e+05 
6.59464632041514e-02 1.04465716632518e+05 
6.62270233748672e-02 1.07598828171776e+05 
6.65074125767094e-02 1.11360703484812e+05 
6.67877445703254e-02 1.15530054146841e+05 
6.70679809112376e-02 1.19419589937312e+05 
6.73481153337366e-02 1.23009998044220e+05 
6.76282277784000e-02 1.25464401187470e+05 
6.79082109581329e-02 1.27065904433087e+05 
6.81882253938966e-02 1.27459745634099e+05 
6.84681216408667e-02 1.27428939664254e+05 
6.87480662116971e-02 1.27142726570186e+05 
6.90279003851591e-02 1.26668565176796e+05 
6.93077790255361e-02 1.26034082050499e+05 
6.95875502841259e-02 1.25310012228932e+05 
6.98673497254227e-02 1.24559056091557e+05 
7.01470288883156e-02 1.23822443975697e+05 
7.04266999702750e-02 1.23149257665361e+05 
7.07062337060384e-02 1.22528673247918e+05 
7.09857292491028e-02 1.21991520007771e+05 
7.12650999749830e-02 1.21510737406014e+05 
7.15444283167303e-02 1.21086583239265e+05 
7.18236701647781e-02 1.20711232309664e+05 
7.21028534874967e-02 1.20375973973088e+05 
7.23820106400151e-02 1.20061827660619e+05 
7.26610851685014e-02 1.19761103852872e+05 
7.29401553412120e-02 1.19463848416039e+05 
7.32190795909219e-02 1.19167445458622e+05 
7.34980194341767e-02 1.18867200951141e+05 
7.37768147423282e-02 1.18562212199069e+05 
7.40556319950117e-02 1.18252481745248e+05 
7.43343119120368e-02 1.17939023703840e+05 
7.46129978285059e-02 1.17623202794372e+05 
7.48915525569281e-02 1.17306357752454e+05 
7.51700909954394e-02 1.16989976498480e+05 
7.54484944799226e-02 1.16675018677160e+05 
7.57269086566089e-02 1.16362717352346e+05 
7.60052298544298e-02 1.16053651320848e+05 
7.62835753950914e-02 1.15748881207309e+05 
7.65618083381238e-02 1.15448978912694e+05 
7.68400609604419e-02 1.15154680997762e+05 
7.71181782717131e-02 1.14866498213953e+05 
7.73963322497259e-02 1.14584706662839e+05 
7.76743659042590e-02 1.14309562572505e+05 
7.79524722062414e-02 1.14040879540774e+05 
7.82304657083125e-02 1.13778576235745e+05 
7.85085401691461e-02 1.13522072522841e+05 
7.87865312966544e-02 1.13270950979335e+05 
7.90646080422922e-02 1.13024399050500e+05 
7.93426099922434e-02 1.12781860645527e+05 
7.96206897391960e-02 1.12542489091651e+05 
7.98987057572142e-02 1.12305804401115e+05 
8.01768016680355e-02 1.12071123529991e+05 
8.04548468979014e-02 1.11838216104217e+05 
8.07329739193433e-02 1.11606676569446e+05 
8.10110523420318e-02 1.11376569971783e+05 
8.12892122303976e-02 1.11147765716271e+05 
8.15672930421843e-02 1.10920584887192e+05 
8.18454789511589e-02 1.10695036704090e+05 
8.21235554465769e-02 1.10471602484907e+05 
8.24017572180813e-02 1.10250325186425e+05 
8.26798311344341e-02 1.10031722420104e+05 
8.29580419227864e-02 1.09815791240028e+05 
8.32361180156570e-02 1.09602997507943e+05 
8.35143377245373e-02 1.09393259816749e+05 
8.37924197685803e-02 1.09186965906282e+05 
8.40706426155189e-02 1.08983966881546e+05 
8.43487226465062e-02 1.08784575286327e+05 
8.46269373936593e-02 1.08588589543993e+05 
8.49050260330867e-02 1.08396232592232e+05 
8.51832368612048e-02 1.08207269918064e+05 
8.54613372711170e-02 1.08021816490208e+05 
8.57395612087458e-02 1.07839576342528e+05 
8.60176710323271e-02 1.07660562783108e+05 
8.62959127746242e-02 1.07484390738018e+05 
8.65740228026045e-02 1.07310993945060e+05 
8.68522663248754e-02 1.07139911941986e+05 
8.71303721394428e-02 1.06971032151619e+05 
8.74086221546604e-02 1.06803868979080e+05 
8.76867404057501e-02 1.06638330751157e+05 
8.79650129505571e-02 1.06473975504470e+05 
8.82431561636077e-02 1.06310796620959e+05 
8.85214597695749e-02 1.06148446148785e+05 
8.87996312686834e-02 1.05987037321789e+05 
8.90779684549858e-02 1.05826335254004e+05 
8.93561710287794e-02 1.05666577964368e+05 
8.96345480648512e-02 1.05507636446230e+05 
8.99127908257602e-02 1.05349855217491e+05 
9.01912207593485e-02 1.05193208989654e+05 
9.04695191557714e-02 1.05038113027331e+05 
9.07480194869942e-02 1.04884657594481e+05 
9.10263912780680e-02 1.04733342357543e+05 
9.13049781975181e-02 1.04584320588295e+05 
9.15834332835698e-02 1.04438293315477e+05 
9.18621218122462e-02 1.04295418445213e+05 
9.21406750497236e-02 1.04156459739020e+05 
9.24194856875634e-02 1.04022039436763e+05 
9.26981626072158e-02 1.03892607876381e+05 
9.29771241410427e-02 1.03768954506829e+05 
9.32559459601140e-02 1.03652470583145e+05 
9.35350650546054e-02 1.03542395652013e+05 
9.38140343366609e-02 1.03441898794082e+05 
9.40933073839600e-02 1.03351418741541e+05 
9.43724274807758e-02 1.03265153809074e+05 
9.46518661744316e-02 1.03197694570171e+05 
9.49311611776650e-02 1.03143747001482e+05 
9.52107870697551e-02 1.03099944281982e+05 
9.54902840333327e-02 1.03072936891182e+05 
9.57701146327148e-02 1.03044017936990e+05 
9.60498342886690e-02 1.03015378293686e+05 
9.63298859164668e-02 1.02995773216457e+05 
9.66098381163221e-02 1.02991904590683e+05 
9.68901143876093e-02 1.03011084518809e+05 
9.71702937876523e-02 1.03059641560601e+05 
9.74507863421617e-02 1.03136209011243e+05 
9.77311950314067e-02 1.03236626184887e+05 
9.80119064811441e-02 1.03360655707038e+05 
9.82925502723665e-02 1.03505368814157e+05 
9.85734963520113e-02 1.03668218151172e+05 
9.88543925941510e-02 1.03846009363311e+05 
9.91355901919098e-02 1.04035970935603e+05 
9.94167492857722e-02 1.04234522117481e+05 
9.96981423045085e-02 1.04438587454835e+05 
9.99795535504586e-02 1.04644596727409e+05 
1.00261165321894e-01 1.04849490697314e+05 
1.00542754035614e-01 1.05049929147473e+05 
1.00824580756436e-01 1.05243228760099e+05 
1.01106399760540e-01 1.05426532420540e+05 
1.01388462790773e-01 1.05597710655674e+05 
1.01670527509379e-01 1.05754579724011e+05 
1.01952836960449e-01 1.05895668194894e+05 
1.02235147038421e-01 1.06019702072663e+05 
1.02517704125392e-01 1.06125811558916e+05 
1.02800271671760e-01 1.06214104254688e+05 
1.03083069515248e-01 1.06284571364723e+05 
1.03365901197231e-01 1.06337847874682e+05 
1.03648934923755e-01 1.06373157598847e+05 
1.03932029274285e-01 1.06394100838169e+05 
1.04215299167729e-01 1.06397538293174e+05 
1.04498646650737e-01 1.06382453890266e+05 
1.04782157905575e-01 1.06355740019759e+05 
1.05065751565276e-01 1.06316020897224e+05 
1.05349509054821e-01 1.06276384138931e+05 
1.05633350548963e-01 1.06237580314685e+05 
1.05917304786410e-01 1.06202171483924e+05 
1.06201405660134e-01 1.06174210157442e+05 
1.06485501260918e-01 1.06148134588980e+05 
1.06769858748618e-01 1.06139899991913e+05 
1.07054096020017e-01 1.06146117671369e+05 
1.07338593772494e-01 1.06192008015500e+05 
1.07622974741082e-01 1.06270135737166e+05 
1.07907616305883e-01 1.06393890061366e+05 
1.08192143559791e-01 1.06595939824020e+05 
1.08476933009796e-01 1.06898606756814e+05 
1.08761607077131e-01 1.07306316774234e+05 
1.09046537829405e-01 1.07817893523847e+05 
1.09331352346239e-01 1.08430294479533e+05 
1.09616418049009e-01 1.09133880376143e+05 
1.09901375336064e-01 1.09921168727986e+05 
1.10186584584497e-01 1.10771823709762e+05 
1.10471683088375e-01 1.11662906078719e+05 
1.10757019521739e-01 1.12576727818511e+05 
1.11042260905976e-01 1.13491255369519e+05 
1.11327713747554e-01 1.14381075966056e+05 
1.11613136349933e-01 1.15225239849282e+05 
1.11898718845047e-01 1.15984573952217e+05 
1.12184342038928e-01 1.16640768211911e+05 
1.12470058631956e-01 1.17188101121416e+05 
1.12755832195694e-01 1.17569805209296e+05 
1.13041482877897e-01 1.17892877008341e+05 
1.13327316509881e-01 1.18145450137063e+05 
1.13612898149149e-01 1.18335082869345e+05 
1.13898661718948e-01 1.18425174685974e+05 
1.14184178324591e-01 1.18491113489929e+05 
1.14469877328794e-01 1.18509931621596e+05 
1.14755334716712e-01 1.18495385743042e+05 
1.15040971404668e-01 1.18453852507317e+05 
1.15326370015547e-01 1.18377076778557e+05 
1.15611937962425e-01 1.18269217780543e+05 
1.15897273980300e-01 1.18132373853840e+05 
1.16182756096533e-01 1.17964527665642e+05 
1.16468011190225e-01 1.17771942424777e+05 
1.16753209929385e-01 1.17558121057361e+05 
1.17038401650279e-01 1.17326007151560e+05 
1.17323616524270e-01 1.17078188944433e+05 
1.17608401275120e-01 1.16817318194380e+05 
1.17893166026375e-01 1.16546364369733e+05 
1.18177597793836e-01 1.16266768102508e+05 
1.18462072428453e-01 1.15981517484220e+05 
1.18746266762641e-01 1.15691470685395e+05 
1.19030492670335e-01 1.15403608340656e+05 
1.19314407825950e-01 1.15108418135592e+05 
1.19598370968011e-01 1.14808421612555e+05 
1.19882079307940e-01 1.14500696807492e+05 
1.20165919833348e-01 1.14200889767556e+05 
1.20449619631850e-01 1.13904769623775e+05 
1.20733533063184e-01 1.13612079378025e+05 
1.21017377271394e-01 1.13318612347669e+05 
1.21301445755307e-01 1.13022540780888e+05 
1.21585438029385e-01 1.12724558156591e+05 
1.21869627095644e-01 1.12423879767326e+05 
1.22153709716763e-01 1.12120071295246e+05 
1.22437973410845e-01 1.11812697840721e+05 
1.22722120354793e-01 1.11501597629620e+05 
1.23006462139217e-01 1.11186617039345e+05 
1.23290697013631e-01 1.10868014457448e+05 
1.23575159679154e-01 1.10545867351252e+05 
1.23859546140503e-01 1.10220745196783e+05 
1.24144191142390e-01 1.09892888959219e+05 
1.24428765342259e-01 1.09563273354522e+05 
1.24713602728710e-01 1.09232242173218e+05 
1.24998227396040e-01 1.08900954465935e+05 
1.25283058648549e-01 1.08569813370967e+05 
1.25567677622066e-01 1.08239941265696e+05 
1.25852507749687e-01 1.07911740037679e+05 
1.26137132814809e-01 1.07586300713054e+05 
1.26421968065955e-01 1.07263998910836e+05 
1.26706599776981e-01 1.06945853576394e+05 
1.26991444015331e-01 1.06632179261502e+05 
1.27276087186970e-01 1.06323920574555e+05 
1.27560950340173e-01 1.06021326245991e+05 
1.27845597845323e-01 1.05725294608492e+05 
1.28130494419789e-01 1.05435976952815e+05 
1.28415172119019e-01 1.05154222588488e+05 
1.28700112684937e-01 1.04880103841394e+05 
1.28984851601102e-01 1.04614352955944e+05 
1.29269831542543e-01 1.04356985020716e+05 
1.29554508581846e-01 1.04108617797897e+05 
1.29839317081433e-01 1.03868373914515e+05 
1.30123640503282e-01 1.03640075993277e+05 
1.30408067164752e-01 1.03425028719452e+05 
1.30692062490263e-01 1.03216265870261e+05 
1.30976183823168e-01 1.03014761690686e+05 
1.31260001809595e-01 1.02822838615015e+05 
1.31544017669676e-01 1.02641424349425e+05 
1.31827879728548e-01 1.02469472370889e+05 
1.32112003836556e-01 1.02306037159003e+05 
1.32396061065968e-01 1.02150757610219e+05 
1.32680389298602e-01 1.02003613711347e+05 
1.32964639283578e-01 1.01863470220973e+05 
1.33249185379634e-01 1.01729676399395e+05 
1.33533617413477e-01 1.01601483631489e+05 
1.33818319143992e-01 1.01477935027477e+05 
1.34102824993277e-01 1.01358551894304e+05 
1.34387486494194e-01 1.01242535451635e+05 
1.34671842344247e-01 1.01129184635504e+05 
1.34956126956858e-01 1.01017894165329e+05 
1.35240023253338e-01 1.00908023552836e+05 
1.35523916255699e-01 1.00798960169954e+05 
1.35807637578806e-01 1.00690393942643e+05 
1.36091542994065e-01 1.00581588544244e+05 
1.36375359347952e-01 1.00472296599197e+05 
1.36659347137590e-01 1.00363153540517e+05 
1.36943108945538e-01 1.00253150400129e+05 
1.37227087018987e-01 1.00142376417918e+05 
1.37510893105190e-01 1.00032501339969e+05 
1.37794862535790e-01 9.99230031734011e+04 
1.38078437324675e-01 9.98142217900962e+04 
1.38362067133531e-01 9.97068101067364e+04 
1.38645326984378e-01 9.96012707416903e+04 
1.38928628870827e-01 9.94975893647430e+04 
1.39211583810694e-01 9.93965544412924e+04 
1.39494571423818e-01 9.92982062501453e+04 
1.39777237283479e-01 9.92035795704507e+04 
1.40059927731561e-01 9.91123460860120e+04 
1.40342329280375e-01 9.90260503356285e+04 
1.40624762185842e-01 9.89453688307776e+04 
1.40906937813207e-01 9.88697508493952e+04 
1.41189133279888e-01 9.87989741746528e+04 
1.41471091875882e-01 9.87325807038650e+04 
1.41753038059608e-01 9.86685758537625e+04 
1.42034755342420e-01 9.86065949775949e+04 
1.42316408501200e-01 9.85464198486651e+04 
1.42597836791815e-01 9.84880999902173e+04 
1.42879228456872e-01 9.84374919599309e+04 
1.43162275773575e-01 9.84028737026486e+04 
1.43445618525034e-01 9.83895397197929e+04 
1.43729283770065e-01 9.84031338021317e+04 
1.44013304159085e-01 9.84502438543165e+04 
1.44297593952554e-01 9.85240895707249e+04 
1.44582199059613e-01 9.86271674555031e+04 
1.44867000725127e-01 9.87603397136193e+04 
1.45152059642036e-01 9.89240259157097e+04 
1.45437033981722e-01 9.91171732395789e+04 
1.45722104073713e-01 9.93387775227050e+04 
1.46006923754587e-01 9.95863375918297e+04 
1.46291816620719e-01 9.98575696344813e+04 
1.46576504096596e-01 1.00148768257500e+05 
1.46861253223507e-01 1.00455227477856e+05 
1.47146815801650e-01 1.00774047343811e+05 
1.47432452399082e-01 1.01098289286036e+05 
1.47718031964190e-01 1.01421676445925e+05 
1.48003667091472e-01 1.01744194607232e+05 
1.48289256991386e-01 1.02050129794601e+05 
1.48574888924678e-01 1.02336397826417e+05 
1.48860493024800e-01 1.02596769196714e+05 
1.49146126227296e-01 1.02836816489676e+05 
1.49431682506027e-01 1.03045696623622e+05 
1.49717339161288e-01 1.03209291738593e+05 
1.50002856462742e-01 1.03340636235733e+05 
1.50288509011141e-01 1.03423629955918e+05 
1.50573993868705e-01 1.03447983986529e+05 
1.50859620682036e-01 1.03428761475963e+05 
1.51145075406702e-01 1.03360970055204e+05 
1.51430864649899e-01 1.03280812694955e+05 
1.51716475155957e-01 1.03201464811047e+05 
1.52002305309202e-01 1.03114134867481e+05 
1.52288088391794e-01 1.03018134728208e+05 
1.52573946871598e-01 1.02909214755087e+05 
1.52859820989293e-01 1.02787029622227e+05 
1.53145715751062e-01 1.02656826847836e+05 
1.53431616998834e-01 1.02520202120274e+05 
1.53717521371909e-01 1.02377656002118e+05 
1.54003428230220e-01 1.02231321562709e+05 
1.54289335825466e-01 1.02082621782945e+05 
1.54575250757200e-01 1.01933063401711e+05 
1.54861177824867e-01 1.01783888349707e+05 
1.55147094447808e-01 1.01635930153394e+05 
1.55433060706233e-01 1.01490014769524e+05 
1.55719056707530e-01 1.01346703863525e+05 
1.56005070423600e-01 1.01206585619430e+05 
1.56291121551905e-01 1.01070025693937e+05 
1.56577188628637e-01 1.00937399949469e+05 
1.56863296489715e-01 1.00808792830550e+05 
1.57149419758570e-01 1.00684314474735e+05 
1.57435572632573e-01 1.00563810281632e+05 
1.57721743712795e-01 1.00447164826702e+05 
1.58009601393268e-01 1.00333428016431e+05 
1.58297519696796e-01 1.00222984581304e+05 
1.58585476029462e-01 1.00115648737763e+05 
1.58873464673293e-01 1.00011229247484e+05 
1.59161451157455e-01 9.99095895787971e+04 
1.59449541029245e-01 9.98107126130464e+04 
1.59737610193111e-01 9.97148116664138e+04 
1.60025785007174e-01 9.96219643918654e+04 
1.60313944762357e-01 9.95326619207999e+04 
1.60602203130863e-01 9.94459901587300e+04 
1.60890452786324e-01 9.93656231321680e+04 
1.61178785631786e-01 9.92906956573665e+04 
1.61467108299751e-01 9.92195216532088e+04 
1.61755490864644e-01 9.91513739655615e+04 
1.62043860733659e-01 9.90842923764700e+04 
1.62332282319898e-01 9.90192770884113e+04 
1.62620700977787e-01 9.89647867807081e+04 
1.62909169475077e-01 9.89247722462433e+04 
1.63197650063909e-01 9.89030877380761e+04 
1.63486180836959e-01 9.89024047184753e+04 
1.63774686803214e-01 9.89223708787255e+04 
1.64063300520099e-01 9.89648255622414e+04 
1.64351813161528e-01 9.90301494276411e+04 
1.64640482660363e-01 9.91173446437289e+04 
1.64929026719261e-01 9.92252204038313e+04 
1.65217730519333e-01 9.93516164839346e+04 
1.65506332928509e-01 9.94936300406713e+04 
1.65795100583766e-01 9.96473443118864e+04 
1.66083790992666e-01 9.98072660914126e+04 
1.66372656996702e-01 9.99693766494864e+04 
1.66661470091029e-01 1.00126719085533e+05 
1.66950469991769e-01 1.00276427354628e+05 
1.67239435049291e-01 1.00410241488734e+05 
1.67528583990298e-01 1.00525475425309e+05 
1.67817683901522e-01 1.00613044237236e+05 
1.68106886557893e-01 1.00663376712512e+05 
1.68396060553353e-01 1.00686147619031e+05 
1.68685159970450e-01 1.00677013887845e+05 
1.68974221561435e-01 1.00666595497970e+05 
1.69263203856101e-01 1.00646850522989e+05 
1.69552155163434e-01 1.00610384400925e+05 
1.69841051366118e-01 1.00552930102940e+05 
1.70129946547375e-01 1.00480243130505e+05 
1.70418836461650e-01 1.00392301139534e+05 
1.70707758675632e-01 1.00291356646819e+05 
1.70996722749698e-01 1.00175395883596e+05 
1.71285678310104e-01 1.00046287445176e+05 
1.71574611401603e-01 9.99095511908180e+04 
1.71863511262860e-01 9.97715875774215e+04 
1.72152385340152e-01 9.96299633238858e+04 
1.72441736954788e-01 9.94855606987587e+04 
1.72731184278328e-01 9.93405361499602e+04 
1.73020566070826e-01 9.91973596652742e+04 
1.73310057498209e-01 9.90568971387673e+04 
1.73599437373580e-01 9.89187286070445e+04 
1.73888951751084e-01 9.87839259952774e+04 
1.74178313624725e-01 9.86534374089780e+04 
1.74467824338157e-01 9.85270337476060e+04 
1.74757174338819e-01 9.84067191943962e+04 
1.75046665059654e-01 9.82926418734048e+04 
1.75336009085351e-01 9.81847386647839e+04 
1.75625489388157e-01 9.80843870797213e+04 
1.75914838728474e-01 9.79883752629745e+04 
1.76204325258293e-01 9.78965394091597e+04 
1.76493698790215e-01 9.78101989703180e+04 
1.76783213889736e-01 9.77299244688782e+04 
1.77072635405910e-01 9.76565958978921e+04 
1.77362207856926e-01 9.75908232216079e+04 
1.77651719431790e-01 9.75325811552689e+04 
1.77941338702648e-01 9.74831205081851e+04 
1.78230992499953e-01 9.74411230728818e+04 
1.78520638520635e-01 9.74117009016113e+04 
1.78810336713402e-01 9.73934526659254e+04 
1.79100024912207e-01 9.73855116732044e+04 
1.79289788451074e-01 9.73840943957191e+04 
1.79479574605328e-01 9.73866561941179e+04 
1.79669373104577e-01 9.73938288938488e+04 
1.79859183364529e-01 9.74054418314173e+04 
1.80049005661941e-01 9.74211504266211e+04 
1.80238843820846e-01 9.74409730418336e+04 
1.80428699569741e-01 9.74647126609254e+04 
1.80618577681732e-01 9.74920889515005e+04 
1.80808480185965e-01 9.75230126364428e+04 
1.80998412439838e-01 9.75570208234330e+04 
1.81188376457106e-01 9.75938207992551e+04 
1.81378378263084e-01 9.76330147953506e+04 
1.81568452215725e-01 9.76741167751953e+04 
1.81758605969267e-01 9.77171029272806e+04 
1.81948868537102e-01 9.77611163181183e+04 
1.82139245308721e-01 9.78054308768788e+04 
1.82329745685886e-01 9.78498925247814e+04 
1.82520366741375e-01 9.78949891667435e+04 
1.82711116214686e-01 9.79385944136918e+04 
1.82901988093557e-01 9.79806560753942e+04 
1.83092992817060e-01 9.80209559888943e+04 
1.83284124633026e-01 9.80598200404700e+04 
1.83475396410961e-01 9.80956030661192e+04 
1.83666804235024e-01 9.81310525250533e+04 
1.83858361981570e-01 9.81651582918584e+04 
1.84050068404841e-01 9.81969092118380e+04 
1.84241936963735e-01 9.82263005200922e+04 
1.84433969608945e-01 9.82520977734644e+04 
1.84626178243086e-01 9.82736146889847e+04 
1.84818568522012e-01 9.82904578779745e+04 
1.85010817938376e-01 9.83037180364438e+04 
1.85203085752112e-01 9.83157604421789e+04 
1.85395380500987e-01 9.83219125977965e+04 
1.85587700259637e-01 9.83235788942532e+04 
1.85780050588238e-01 9.83215360255811e+04 
1.85972432553644e-01 9.83152018907222e+04 
1.86164846626719e-01 9.83066667076588e+04 
1.86357298947145e-01 9.82983224469265e+04 
1.86549784431921e-01 9.82895331845823e+04 
1.86741292494363e-01 9.82806171416226e+04 
1.86933857255118e-01 9.82710262320712e+04 
1.87125353196904e-01 9.82608344973145e+04 
1.87317404286464e-01 9.82506315853113e+04 
1.87510117389198e-01 9.82407927145604e+04 
1.87702360233125e-01 9.82316631039320e+04 
1.87893861423919e-01 9.82228161622760e+04 
1.88085916283091e-01 9.82148598673814e+04 
1.88277385627933e-01 9.82082241514806e+04 
1.88469414883039e-01 9.82033005747584e+04 
1.88660849781851e-01 9.82001364657556e+04 
1.88852853592627e-01 9.81966837908164e+04 
1.89044254073796e-01 9.81968178250585e+04 
1.89236235313711e-01 9.82002284327628e+04 
1.89427603882980e-01 9.82063533035794e+04 
1.89619567308510e-01 9.82149880016640e+04 
1.89810908240595e-01 9.82258691428590e+04 
1.90002857927614e-01 9.82410889277685e+04 
1.90193739523433e-01 9.82568906997625e+04 
1.90383821902123e-01 9.82729587131371e+04 
1.90573332998629e-01 9.82895736572114e+04 
1.90762642803179e-01 9.83075110748556e+04 
1.90952494242993e-01 9.83275093075637e+04 
1.91142752494028e-01 9.83502470181775e+04 
1.91333791404942e-01 9.83760367238651e+04 
1.91525374736331e-01 9.84055920091128e+04 
1.91717663598737e-01 9.84390329519224e+04 
1.91910456893943e-01 9.84757768500626e+04 
1.92103753087372e-01 9.85157242383053e+04 
1.92303591329246e-01 9.85602941857956e+04 
1.92503317919288e-01 9.86079464340440e+04 
1.92703389761348e-01 9.86586376324601e+04 
1.92903241418967e-01 9.87119680181522e+04 
1.93103341971432e-01 9.87678268144723e+04 
1.93303202186979e-01 9.88258370026393e+04 
1.93503056987686e-01 9.88857806975520e+04 
1.93702780053344e-01 9.89473257507852e+04 
1.93902351309025e-01 9.90101713112082e+04 
1.94101820105340e-01 9.90740619100345e+04 
1.94301162481058e-01 9.91386927885924e+04 
1.94500386230579e-01 9.92037533777660e+04 
1.94699597623630e-01 9.92688841291179e+04 
1.94898628347921e-01 9.93338525269186e+04 
1.95097655041577e-01 9.93984471158588e+04 
1.95296501145503e-01 9.94622511057588e+04 
1.95493834795263e-01 9.95244953346739e+04 
1.95688715410494e-01 9.95845886275396e+04 
1.95884711786518e-01 9.96439261391747e+04 
1.96079379063107e-01 9.97010632180334e+04 
1.96275392153536e-01 9.97563001468041e+04 
1.96469968163124e-01 9.98084885773694e+04 
1.96665962724010e-01 9.98582463283205e+04 
1.96860494016908e-01 9.99079866158221e+04 
1.97056497514177e-01 9.99533068369683e+04 
1.97251020023724e-01 9.99941701386815e+04 
1.97447049426224e-01 1.00031784091515e+05 
1.97640765139847e-01 1.00066000354827e+05 
1.97836620457729e-01 1.00097908750810e+05 
1.98030798773355e-01 1.00123770684852e+05 
1.98226422372703e-01 1.00149584955352e+05 
1.98421128104217e-01 1.00175006183936e+05 
1.98616763565818e-01 1.00200372117509e+05 
1.98811872861744e-01 1.00224910281896e+05 
1.99007784635753e-01 1.00247811966435e+05 
1.99203348914132e-01 1.00268702842602e+05 
1.99399637576977e-01 1.00286973436234e+05 
1.99595697022588e-01 1.00302170668601e+05 
1.99792351279212e-01 1.00313913881181e+05 
1.99988626084097e-01 1.00322274232625e+05 
2.00185520514688e-01 1.00328130774493e+05 
