# Liste des scalaires : TEMPS pmat 
0.00000000000000e+00 1.00000000000000e+05 
7.22956891292051e-05 1.00000000000000e+05 
1.35474502576036e-04 1.00000000000000e+05 
1.96049111848560e-04 1.00000000000000e+05 
2.56666479187198e-04 1.00000000000000e+05 
3.13211389635204e-04 1.00000000000000e+05 
3.70277434114446e-04 1.00000000000000e+05 
4.28952102586262e-04 1.00000000000000e+05 
4.84119452345879e-04 1.00000000000000e+05 
5.40813997334926e-04 1.00000000000000e+05 
5.99954535399487e-04 1.00000000000000e+05 
6.55898574063200e-04 1.00000000000000e+05 
7.13628953249170e-04 1.00000000000000e+05 
7.73823690670828e-04 1.00000000000000e+05 
8.37420600931509e-04 1.00000000000000e+05 
8.96627810380175e-04 1.00000000000000e+05 
9.58130789341828e-04 1.00000000000000e+05 
1.02254085205835e-03 1.00000000000000e+05 
1.09100172189528e-03 1.00000000000000e+05 
1.15381103989640e-03 1.00000000000000e+05 
1.21923952781457e-03 1.00000000000000e+05 
1.28794898975913e-03 1.00000000000000e+05 
1.35160666875994e-03 1.00000000000000e+05 
1.41754693221994e-03 1.00000000000000e+05 
1.48620487872449e-03 1.00000000000000e+05 
1.55826513722293e-03 1.00000000000000e+05 
1.62466046218506e-03 1.00000000000000e+05 
1.69332001853918e-03 1.00000000000000e+05 
1.76464967469592e-03 1.00000000000000e+05 
1.83933399984153e-03 1.00000000000000e+05 
1.91874679681470e-03 1.00000000000000e+05 
1.98995777693682e-03 1.00000000000000e+05 
2.06376465121778e-03 1.00000000000000e+05 
2.14094199009340e-03 1.00000000000000e+05 
2.22303180080741e-03 1.00000000000000e+05 
2.29631157161253e-03 1.00000000000000e+05 
2.37206715914341e-03 1.00000000000000e+05 
2.45103106845336e-03 1.00000000000000e+05 
2.53460244511085e-03 1.00000000000000e+05 
2.62401843171306e-03 1.00000000000000e+05 
2.70175658323058e-03 1.00000000000000e+05 
2.78247932653223e-03 1.00000000000000e+05 
2.86696644852253e-03 1.00000000000000e+05 
2.95559166041754e-03 1.00000000000000e+05 
3.03465073186149e-03 1.00000000000000e+05 
3.11641409327839e-03 1.00000000000000e+05 
3.20184470590867e-03 1.00000000000000e+05 
3.28030959007438e-03 1.00000000000000e+05 
3.35473512549826e-03 1.00000000000000e+05 
3.43657850312218e-03 1.00000000000000e+05 
3.51344885850993e-03 1.00000000000000e+05 
3.59296671355833e-03 1.00000000000000e+05 
3.67513591414520e-03 1.00000000000000e+05 
3.76235690001252e-03 1.00000000000000e+05 
3.84657972240565e-03 1.00000000000000e+05 
3.92741178775994e-03 1.00000000000000e+05 
4.01050094721258e-03 1.00000000000000e+05 
4.09630663740112e-03 1.00000000000000e+05 
4.18536235843338e-03 1.00000000000000e+05 
4.27170089131298e-03 1.00000000000000e+05 
4.36041402465918e-03 1.00000000000000e+05 
4.45222877840208e-03 1.00000000000000e+05 
4.54360192324882e-03 1.00000000000000e+05 
4.64315647394282e-03 1.00000000000000e+05 
4.73192880604495e-03 1.00000000000000e+05 
4.82313874343941e-03 1.00000000000000e+05 
4.91751255312472e-03 1.00000000000000e+05 
5.01490389032122e-03 1.00000000000000e+05 
5.11151943272920e-03 1.00000000000000e+05 
5.20255381789255e-03 1.00000000000000e+05 
5.29546512059385e-03 1.00000000000000e+05 
5.39082605443173e-03 1.00000000000000e+05 
5.48929088905224e-03 1.00000000000000e+05 
5.58986067727929e-03 1.00000000000000e+05 
5.69028754411357e-03 1.00000000000000e+05 
5.79336245751392e-03 1.00000000000000e+05 
5.88994771715565e-03 1.00000000000000e+05 
5.98891208743085e-03 1.00000000000000e+05 
6.09101063372183e-03 1.00000000000000e+05 
6.19218635850085e-03 1.00000000000000e+05 
6.29505360095437e-03 1.00000000000000e+05 
6.39289662383843e-03 1.00000000000000e+05 
6.49240447213463e-03 1.00000000000000e+05 
6.59408956859414e-03 1.00000000000000e+05 
6.69879154372478e-03 1.00000000000000e+05 
6.80732114266822e-03 1.00000000000000e+05 
6.92141919382887e-03 1.00000000000000e+05 
7.04237260905503e-03 1.00000000000000e+05 
7.14522898471978e-03 1.00000000000000e+05 
7.25019582404531e-03 1.00000000000000e+05 
7.35813638540928e-03 1.00000000000000e+05 
7.46746279031348e-03 1.00000000000000e+05 
7.57848879564162e-03 1.00000000000000e+05 
7.69164173134301e-03 1.00000000000000e+05 
7.79698853745138e-03 1.00000000000000e+05 
7.90419908331829e-03 1.00000000000000e+05 
8.01385271088944e-03 1.00000000000000e+05 
8.12655406989735e-03 1.00000000000000e+05 
8.23625422721580e-03 1.00000000000000e+05 
8.34668786729789e-03 1.00000000000000e+05 
8.45433522734039e-03 1.00000000000000e+05 
8.56373064714725e-03 1.00000000000000e+05 
8.67507435937005e-03 1.00000000000000e+05 
8.78882524284374e-03 1.00000000000000e+05 
8.90563433980427e-03 1.00000000000000e+05 
9.02454928510978e-03 1.00000000000000e+05 
9.14586770583384e-03 1.00000000000000e+05 
9.25804953492943e-03 1.00000000000000e+05 
9.37090758508012e-03 1.00000000000000e+05 
9.48440169823211e-03 1.00000000000000e+05 
9.59868877627754e-03 1.00000000000000e+05 
9.71383902677262e-03 1.00000000000000e+05 
9.83012071368396e-03 1.00000000000000e+05 
9.94766985390236e-03 1.00000000000000e+05 
1.00666701935680e-02 1.00000000000000e+05 
1.01873668036815e-02 1.00000000000000e+05 
1.03019427721368e-02 1.00000000000000e+05 
1.04138554380353e-02 1.00000000000000e+05 
1.05301987473863e-02 1.00000000000000e+05 
1.06440953403221e-02 1.00000000000000e+05 
1.07614835541209e-02 1.00000000000000e+05 
1.08776200809126e-02 1.00000000000000e+05 
1.09957854858473e-02 1.00000000000000e+05 
1.11144314810252e-02 1.00000000000000e+05 
1.12326257184213e-02 1.00000000000000e+05 
1.13538577501108e-02 1.00000000000000e+05 
1.14733210699684e-02 1.00000000000000e+05 
1.15966777384043e-02 1.00000000000000e+05 
1.17168165595486e-02 1.00000000000000e+05 
1.18403358756538e-02 1.00000000000000e+05 
1.19613086958156e-02 1.00000000000000e+05 
1.20809952364558e-02 1.00000000000000e+05 
1.22012501373799e-02 1.00000000000000e+05 
1.23221829841802e-02 1.00000000000000e+05 
1.24437955030497e-02 1.00000000000000e+05 
1.25662197816108e-02 1.00000000000000e+05 
1.26895328463013e-02 1.00000000000000e+05 
1.28138884875358e-02 1.00000000000000e+05 
1.29392433203580e-02 1.00000000000000e+05 
1.30657862801515e-02 1.00000000000000e+05 
1.31934103987155e-02 1.00000000000000e+05 
1.33223845244202e-02 1.00000000000000e+05 
1.34525508365269e-02 1.00000000000000e+05 
1.35842680080314e-02 1.00000000000000e+05 
1.37174775244682e-02 1.00000000000000e+05 
1.38498095887168e-02 1.00000000000000e+05 
1.39758311445287e-02 1.00000000000000e+05 
1.41025981707449e-02 1.00000000000000e+05 
1.42300446465772e-02 1.00000000000000e+05 
1.43582074115298e-02 1.00000000000000e+05 
1.44871688061643e-02 1.00000000000000e+05 
1.46170042446331e-02 1.00000000000000e+05 
1.47476877562153e-02 1.00000000000000e+05 
1.48793286949798e-02 1.00000000000000e+05 
1.50118441041502e-02 1.00000000000000e+05 
1.51454110449178e-02 1.00000000000000e+05 
1.52798997481235e-02 1.00000000000000e+05 
1.54155672917165e-02 1.00000000000000e+05 
1.55522308893034e-02 1.00000000000000e+05 
1.56902321953297e-02 1.00000000000000e+05 
1.58294904324852e-02 1.00000000000000e+05 
1.59674208992567e-02 1.00000000000000e+05 
1.60990516932122e-02 1.00000000000000e+05 
1.62313759557491e-02 1.00000000000000e+05 
1.63643085731660e-02 1.00000000000000e+05 
1.64978355054357e-02 1.00000000000000e+05 
1.66319551042407e-02 1.00000000000000e+05 
1.67574248199803e-02 1.00000000000000e+05 
1.68928813441354e-02 1.00000000000000e+05 
1.70291075706729e-02 1.00000000000000e+05 
1.71660346522985e-02 1.00000000000000e+05 
1.73037839098230e-02 1.00000000000000e+05 
1.74361034900475e-02 1.00000000000000e+05 
1.75698632814074e-02 1.00000000000000e+05 
1.76984882936884e-02 1.00000000000000e+05 
1.78189068313521e-02 1.00000000000000e+05 
1.79360215396168e-02 1.00000000000000e+05 
1.80502504099386e-02 1.00000000000000e+05 
1.81641950991805e-02 1.00000000000000e+05 
1.82772706145420e-02 1.00000000000000e+05 
1.83912233467954e-02 1.00000000000000e+05 
1.85058388670214e-02 1.00000000000000e+05 
1.86223093727268e-02 1.00000000000000e+05 
1.87403272827719e-02 1.00000000000000e+05 
1.88597572082399e-02 1.00000000000000e+05 
1.89740612259051e-02 1.00000000000000e+05 
1.90870508925509e-02 1.00000000000000e+05 
1.91991692130504e-02 1.00000000000000e+05 
1.93121538745532e-02 1.00000000000000e+05 
1.94256038643746e-02 1.00000000000000e+05 
1.95404514222556e-02 1.00000000000000e+05 
1.96565766098613e-02 1.00000000000000e+05 
1.97745033314993e-02 1.00000000000000e+05 
1.98945598644088e-02 1.00000000000000e+05 
2.00148298708123e-02 1.00000000000000e+05 
2.01373270897279e-02 1.00000000000000e+05 
2.02585857508645e-02 1.00000000000000e+05 
2.03770044079584e-02 1.00000000000000e+05 
2.04963258616237e-02 1.00000000000000e+05 
2.06160332395245e-02 1.00000000000000e+05 
2.07371255836386e-02 1.00000000000000e+05 
2.08590912167508e-02 1.00000000000000e+05 
2.09825511205983e-02 1.00000000000000e+05 
2.11066553933482e-02 1.00000000000000e+05 
2.12325214540342e-02 1.00000000000000e+05 
2.13586546548526e-02 1.00000000000000e+05 
2.14866794795485e-02 1.00000000000000e+05 
2.16104302185554e-02 1.00000000000000e+05 
2.17337001129606e-02 1.00000000000000e+05 
2.18562894985200e-02 1.00000000000000e+05 
2.19736875119305e-02 1.00000000000000e+05 
2.20963478891219e-02 1.00000000000000e+05 
2.22157339297859e-02 1.00000000000000e+05 
2.23400973791371e-02 1.00000000000000e+05 
2.24656942402072e-02 1.00000000000000e+05 
2.25877916718857e-02 1.00000000000000e+05 
2.27095025153258e-02 1.00000000000000e+05 
2.28307624796898e-02 1.00000000000000e+05 
2.29521537603934e-02 1.00000000000000e+05 
2.30740048635722e-02 1.00000000000000e+05 
2.31965293682369e-02 1.00000000000000e+05 
2.33204843052967e-02 1.00000000000000e+05 
2.34458445782421e-02 1.00000000000000e+05 
2.35677213804050e-02 1.00000000000000e+05 
2.36893600870235e-02 1.00000000000000e+05 
2.38107629074055e-02 1.00000000000000e+05 
2.39325183931098e-02 1.00000000000000e+05 
2.40549428150409e-02 1.00000000000000e+05 
2.41782846634681e-02 1.00000000000000e+05 
2.43031810970941e-02 1.00000000000000e+05 
2.44266349925260e-02 1.00000000000000e+05 
2.45495357098220e-02 1.00000000000000e+05 
2.46723386158829e-02 1.00000000000000e+05 
2.47950620512882e-02 1.00000000000000e+05 
2.49182942902224e-02 1.00000000000000e+05 
2.50423255119594e-02 1.00000000000000e+05 
2.51673965253549e-02 1.00000000000000e+05 
2.52940404551598e-02 1.00000000000000e+05 
2.54192066112802e-02 1.00000000000000e+05 
2.55439869475203e-02 1.00000000000000e+05 
2.56687481813871e-02 1.00000000000000e+05 
2.57934421930687e-02 1.00000000000000e+05 
2.59186568795757e-02 1.00000000000000e+05 
2.60446498601388e-02 1.00000000000000e+05 
2.61716993424628e-02 1.00000000000000e+05 
2.63003044340216e-02 1.00000000000000e+05 
2.64276589053376e-02 1.00000000000000e+05 
2.65547403075102e-02 1.00000000000000e+05 
2.66818730828413e-02 1.00000000000000e+05 
2.68090108035201e-02 1.00000000000000e+05 
2.69366778818536e-02 1.00000000000000e+05 
2.70566187173143e-02 1.00000000000000e+05 
2.71810941962004e-02 1.00000000000000e+05 
2.73012674027460e-02 1.00000000000000e+05 
2.74289490974571e-02 1.00000000000000e+05 
2.75574400281402e-02 1.00000000000000e+05 
2.76859882232015e-02 1.00000000000000e+05 
2.78147470435127e-02 1.00000000000000e+05 
2.79440683101186e-02 1.00000000000000e+05 
2.80741898398227e-02 1.00000000000000e+05 
2.82052688420789e-02 1.00000000000000e+05 
2.83377286702729e-02 1.00000000000000e+05 
2.84715863572166e-02 1.00000000000000e+05 
2.86039433145915e-02 1.00000000000000e+05 
2.87363542097294e-02 1.00000000000000e+05 
2.88687510541453e-02 1.00000000000000e+05 
2.90015195702077e-02 1.00000000000000e+05 
2.91347357568075e-02 1.00000000000000e+05 
2.92688144442507e-02 1.00000000000000e+05 
2.94040580551079e-02 1.00000000000000e+05 
2.95405947594270e-02 1.00000000000000e+05 
2.96760911103530e-02 1.00000000000000e+05 
2.98116433033939e-02 1.00000000000000e+05 
2.99471874717976e-02 1.00000000000000e+05 
3.00830203703359e-02 1.00000000000000e+05 
3.02191858788016e-02 1.00000000000000e+05 
3.03406601713677e-02 1.00000000000000e+05 
3.04646108467441e-02 1.00000000000000e+05 
3.05867251685438e-02 1.00000000000000e+05 
3.07100338440159e-02 1.00000000000000e+05 
3.08325233907037e-02 1.00000000000000e+05 
3.09561033948445e-02 1.00000000000000e+05 
3.10788786003765e-02 1.00000000000000e+05 
3.12026800460589e-02 1.00000000000000e+05 
3.13257304679717e-02 1.00000000000000e+05 
3.14497678304454e-02 1.00000000000000e+05 
3.15731180174266e-02 1.00000000000000e+05 
3.16974296696195e-02 1.00000000000000e+05 
3.18211147887122e-02 1.00000000000000e+05 
3.19457464512984e-02 1.00000000000000e+05 
3.20698008305157e-02 1.00000000000000e+05 
3.21947922433529e-02 1.00000000000000e+05 
3.23192446510705e-02 1.00000000000000e+05 
3.24446297164622e-02 1.00000000000000e+05 
3.25695053418665e-02 1.00000000000000e+05 
3.26953140211755e-02 1.00000000000000e+05 
3.28206360161834e-02 1.00000000000000e+05 
3.29468957504761e-02 1.00000000000000e+05 
3.30726866161462e-02 1.00000000000000e+05 
3.31994238836203e-02 1.00000000000000e+05 
3.33257062898267e-02 1.00000000000000e+05 
3.34529470821900e-02 1.00000000000000e+05 
3.35797444802879e-02 1.00000000000000e+05 
3.37075139841509e-02 1.00000000000000e+05 
3.38348474711442e-02 1.00000000000000e+05 
3.39631676888775e-02 1.00000000000000e+05 
3.41043199283842e-02 1.00000000000000e+05 
3.42562857050396e-02 1.00000000000000e+05 
3.44115052179454e-02 1.00000000000000e+05 
3.45683955761338e-02 1.00000000000000e+05 
3.47270441185384e-02 1.00000000000000e+05 
3.48813526755048e-02 1.00000000000000e+05 
3.50361698983813e-02 1.00000000000000e+05 
3.51915801385812e-02 1.00000000000000e+05 
3.53478090216091e-02 1.00000000000000e+05 
3.55050279483684e-02 1.00000000000000e+05 
3.56634563802267e-02 1.00000000000000e+05 
3.58233033339477e-02 1.00000000000000e+05 
3.59846371833986e-02 1.00000000000000e+05 
3.61452078364026e-02 1.00000000000000e+05 
3.62771857498541e-02 1.00000000000000e+05 
3.64223614546508e-02 1.00000000000000e+05 
3.65552317626894e-02 1.00000000000000e+05 
3.66976289035125e-02 1.00000000000000e+05 
3.68313553386619e-02 1.00000000000000e+05 
3.69717498725566e-02 1.00000000000000e+05 
3.71063316191976e-02 1.00000000000000e+05 
3.72461502077182e-02 1.00000000000000e+05 
3.73816109364481e-02 1.00000000000000e+05 
3.75269648186023e-02 1.00000000000000e+05 
3.76634248928145e-02 1.00000000000000e+05 
3.78103864969960e-02 1.00000000000000e+05 
3.79479642122744e-02 1.00000000000000e+05 
3.80865049157446e-02 1.00000000000000e+05 
3.82252807583848e-02 1.00000000000000e+05 
3.83638576384412e-02 1.00000000000000e+05 
3.85039670242409e-02 1.00000000000000e+05 
3.86425844249676e-02 1.00000000000000e+05 
3.87840500966475e-02 1.00000000000000e+05 
3.89336901945497e-02 1.00000000000000e+05 
3.90770685802317e-02 1.00000000000000e+05 
3.92252582749396e-02 1.00000000000000e+05 
3.93792974561598e-02 1.00000000000000e+05 
3.95342676615682e-02 1.00000000000000e+05 
3.97036758602719e-02 1.00000000000000e+05 
3.98588746388502e-02 1.00000000000000e+05 
4.00047803181562e-02 1.00000000000000e+05 
4.01602953974456e-02 1.00000000000000e+05 
4.03313619846638e-02 1.00000000000000e+05 
4.05067050616730e-02 1.00000000000000e+05 
4.06585286888247e-02 1.00000000000000e+05 
4.08218071359843e-02 1.00000000000000e+05 
4.09795549014164e-02 1.00000000000000e+05 
4.11492851763467e-02 1.00000000000000e+05 
4.12995800086990e-02 1.00000000000000e+05 
4.14649043242864e-02 1.00000000000000e+05 
4.16319898328205e-02 1.00000000000000e+05 
4.18063429217505e-02 1.00000000000000e+05 
4.19761248522194e-02 1.00000000000000e+05 
4.21504277881122e-02 1.00000000000000e+05 
4.23270510293887e-02 1.00000000000000e+05 
4.25011194178731e-02 1.00000000000000e+05 
4.26754421084125e-02 1.00000000000000e+05 
4.28479222425002e-02 1.00000000000000e+05 
4.30201323304314e-02 1.00000000000000e+05 
4.31906645978001e-02 1.00000000000000e+05 
4.33596037185062e-02 1.00000000000000e+05 
4.35262886966984e-02 1.00000000000000e+05 
4.36935566768466e-02 1.00000000000000e+05 
4.38364369599902e-02 1.00000000000000e+05 
4.39817360876422e-02 1.00000000000000e+05 
4.41248351170170e-02 1.00000000000000e+05 
4.42703355175469e-02 1.00000000000000e+05 
4.44136325930784e-02 1.00000000000000e+05 
4.45593215765006e-02 1.00000000000000e+05 
4.47028091002763e-02 1.00000000000000e+05 
4.48486834423284e-02 1.00000000000000e+05 
4.50091452185857e-02 1.00000000000000e+05 
4.51720115891491e-02 1.00000000000000e+05 
4.53343885488033e-02 1.00000000000000e+05 
4.54968989166531e-02 1.00000000000000e+05 
4.56591962650392e-02 1.00000000000000e+05 
4.58217812755782e-02 1.00000000000000e+05 
4.59843740112228e-02 1.00000000000000e+05 
4.61469163473277e-02 1.00000000000000e+05 
4.62765862135757e-02 1.00000000000000e+05 
4.64088407309566e-02 1.00000000000000e+05 
4.65386669485921e-02 1.00000000000000e+05 
4.66710165632605e-02 1.00000000000000e+05 
4.68012282675654e-02 1.00000000000000e+05 
4.69339649338770e-02 1.00000000000000e+05 
4.70645550057610e-02 1.00000000000000e+05 
4.71976715931905e-02 1.00000000000000e+05 
4.73286287814622e-02 1.00000000000000e+05 
4.74621124773795e-02 1.00000000000000e+05 
4.75934232080355e-02 1.00000000000000e+05 
4.77272591520818e-02 1.00000000000000e+05 
4.78589091136662e-02 1.00000000000000e+05 
4.79930823771994e-02 1.00000000000000e+05 
4.81250581223560e-02 1.00000000000000e+05 
4.82595549093391e-02 1.00000000000000e+05 
4.83918445536619e-02 1.00000000000000e+05 
4.85266525591318e-02 1.00000000000000e+05 
4.86592232101959e-02 1.00000000000000e+05 
4.87944123695313e-02 1.00000000000000e+05 
4.89276039712512e-02 1.00000000000000e+05 
4.90597319350626e-02 1.00000000000000e+05 
4.91945847211747e-02 1.00000000000000e+05 
4.93270854357910e-02 1.00000000000000e+05 
4.94623200864917e-02 1.00000000000000e+05 
4.95951535512920e-02 1.00000000000000e+05 
4.97307088132967e-02 1.00000000000000e+05 
4.98638469369889e-02 1.00000000000000e+05 
4.99996761045825e-02 1.00000000000000e+05 
5.01330989768593e-02 1.00000000000000e+05 
5.02691677507441e-02 1.00000000000000e+05 
5.04028609100965e-02 1.00000000000000e+05 
5.05391887291588e-02 1.00000000000000e+05 
5.06731318191893e-02 1.00000000000000e+05 
5.08097015595695e-02 1.00000000000000e+05 
5.09438775083303e-02 1.00000000000000e+05 
5.10806752456293e-02 1.00000000000000e+05 
5.12150774912807e-02 1.00000000000000e+05 
5.13520994270801e-02 1.00000000000000e+05 
5.14867280080985e-02 1.00000000000000e+05 
5.16239749613825e-02 1.00000000000000e+05 
5.17588315652966e-02 1.00000000000000e+05 
5.18963045999789e-02 1.00000000000000e+05 
5.20313898951716e-02 1.00000000000000e+05 
5.21690886159805e-02 1.00000000000000e+05 
5.23044017636243e-02 1.00000000000000e+05 
5.24423244718401e-02 1.00000000000000e+05 
5.25778638348057e-02 1.00000000000000e+05 
5.27160085080362e-02 1.00000000000000e+05 
5.28517727315009e-02 1.00000000000000e+05 
5.29901381414535e-02 1.00000000000000e+05 
5.31261271053237e-02 1.00000000000000e+05 
5.32647136314673e-02 1.00000000000000e+05 
5.34009290411959e-02 1.00000000000000e+05 
5.35397391248622e-02 1.00000000000000e+05 
5.36761846296499e-02 1.00000000000000e+05 
5.38152227205313e-02 1.00000000000000e+05 
5.39519036482013e-02 1.00000000000000e+05 
5.40911757694062e-02 1.00000000000000e+05 
5.42280986812563e-02 1.00000000000000e+05 
5.43663741909633e-02 1.00000000000000e+05 
5.45035645727817e-02 1.00000000000000e+05 
5.46421061494728e-02 1.00000000000000e+05 
5.47795659404417e-02 1.00000000000000e+05 
5.49183764172768e-02 1.00000000000000e+05 
5.50561102780575e-02 1.00000000000000e+05 
5.51951949664106e-02 1.00000000000000e+05 
5.53332095146822e-02 1.00000000000000e+05 
5.54725752655652e-02 1.00000000000000e+05 
5.56108781724552e-02 1.00000000000000e+05 
5.57505326413060e-02 1.00000000000000e+05 
5.58891320395600e-02 1.00000000000000e+05 
5.60290832249800e-02 1.00000000000000e+05 
5.61679873790065e-02 1.00000000000000e+05 
5.63082433783445e-02 1.00000000000000e+05 
5.64474605577829e-02 1.00000000000000e+05 
5.65880294361299e-02 1.00000000000000e+05 
5.67275679710765e-02 1.00000000000000e+05 
5.68684579327559e-02 1.00000000000000e+05 
5.70083260950930e-02 1.00000000000000e+05 
5.71495452457015e-02 1.00000000000000e+05 
5.72897511514529e-02 1.00000000000000e+05 
5.74313074687825e-02 1.00000000000000e+05 
5.75718590655621e-02 1.00000000000000e+05 
5.77194114767558e-02 1.00000000000000e+05 
5.78782318096513e-02 1.00000000000000e+05 
5.80484025905333e-02 1.00000000000000e+05 
5.82332248651520e-02 1.00000000000000e+05 
5.84283750894270e-02 1.00000000000000e+05 
5.86239641334996e-02 1.00000000000000e+05 
5.88180207201349e-02 1.00000000000000e+05 
5.90107029518848e-02 1.00000000000000e+05 
5.92013998263771e-02 1.00000000000000e+05 
5.93548823300923e-02 1.00000000000000e+05 
5.95145978392112e-02 1.00000000000000e+05 
5.96808640759623e-02 1.00000000000000e+05 
5.98420018550551e-02 1.00000000000000e+05 
5.99985355088418e-02 1.00000000000000e+05 
6.01601682050900e-02 1.00000000000000e+05 
6.03186843917750e-02 1.00000000000000e+05 
6.04808991895672e-02 1.00000000000000e+05 
6.06413419251182e-02 1.00000000000000e+05 
6.08042589965563e-02 1.00000000000000e+05 
6.09668110983490e-02 1.00000000000000e+05 
6.11305709464039e-02 1.00000000000000e+05 
6.12955098343856e-02 1.00000000000000e+05 
6.14602602070217e-02 1.00000000000000e+05 
6.16080388081091e-02 1.00000000000000e+05 
6.17705952693053e-02 1.00000000000000e+05 
6.19272014893507e-02 1.00000000000000e+05 
6.20877707902735e-02 1.00000000000000e+05 
6.22460754626764e-02 1.00000000000000e+05 
6.24080976316161e-02 1.00000000000000e+05 
6.25682592570991e-02 1.00000000000000e+05 
6.27327031729268e-02 1.00000000000000e+05 
6.28958725638474e-02 1.00000000000000e+05 
6.30639578076338e-02 1.00000000000000e+05 
6.32309496791818e-02 1.00000000000000e+05 
6.34029110915473e-02 1.00000000000000e+05 
6.35745356594426e-02 1.00000000000000e+05 
6.37541207825895e-02 1.00000000000000e+05 
6.39326045282086e-02 1.00000000000000e+05 
6.41100243261724e-02 1.00000000000000e+05 
6.42953906730981e-02 1.00000000000000e+05 
6.44853869927493e-02 1.00000000000000e+05 
6.46763484648531e-02 1.00000000000000e+05 
6.48715271050446e-02 1.00000000000000e+05 
6.50406210634880e-02 1.00000000000000e+05 
6.52266244177757e-02 1.00000000000000e+05 
6.53967209491184e-02 1.00000000000000e+05 
6.55838271335955e-02 1.00000000000000e+05 
6.57885964494577e-02 1.00000000000000e+05 
6.59935378790112e-02 1.00000000000000e+05 
6.61962056259642e-02 1.00000000000000e+05 
6.63955288257201e-02 1.00000000000000e+05 
6.65929708054320e-02 1.00000000000000e+05 
6.67879309915527e-02 1.00000000000000e+05 
6.69820824885796e-02 1.00000000000000e+05 
6.71752306184762e-02 1.00000000000000e+05 
6.73476057560128e-02 1.00000000000000e+05 
6.75372184073031e-02 1.00000000000000e+05 
6.76974859553135e-02 1.00000000000000e+05 
6.78737802581250e-02 1.00000000000000e+05 
6.80649003153947e-02 1.00000000000000e+05 
6.82555701920192e-02 1.00000000000000e+05 
6.84653070563063e-02 1.00000000000000e+05 
6.86221449225780e-02 1.00000000000000e+05 
6.87825587981655e-02 1.00000000000000e+05 
6.89399684834702e-02 1.00000000000000e+05 
6.91006305400916e-02 1.00000000000000e+05 
6.92582466038036e-02 1.00000000000000e+05 
6.94190540246425e-02 1.00000000000000e+05 
6.95767553071021e-02 1.00000000000000e+05 
6.97375947294816e-02 1.00000000000000e+05 
6.98953017449488e-02 1.00000000000000e+05 
7.00561039761130e-02 1.00000000000000e+05 
7.02137675055775e-02 1.00000000000000e+05 
7.03744879548217e-02 1.00000000000000e+05 
7.05320752946988e-02 1.00000000000000e+05 
7.06926819312986e-02 1.00000000000000e+05 
7.08501692733411e-02 1.00000000000000e+05 
7.10106375384029e-02 1.00000000000000e+05 
7.11680076100648e-02 1.00000000000000e+05 
7.13283188711787e-02 1.00000000000000e+05 
7.14855585424123e-02 1.00000000000000e+05 
7.16456978506713e-02 1.00000000000000e+05 
7.18027964790178e-02 1.00000000000000e+05 
7.19627513012929e-02 1.00000000000000e+05 
7.21197004003814e-02 1.00000000000000e+05 
7.22794611354282e-02 1.00000000000000e+05 
7.24362555576963e-02 1.00000000000000e+05 
7.25958170191138e-02 1.00000000000000e+05 
7.27524558881271e-02 1.00000000000000e+05 
7.29118177173960e-02 1.00000000000000e+05 
7.30683042176940e-02 1.00000000000000e+05 
7.32274702515220e-02 1.00000000000000e+05 
7.33838106755104e-02 1.00000000000000e+05 
7.35427879453978e-02 1.00000000000000e+05 
7.36989907601878e-02 1.00000000000000e+05 
7.38577887761674e-02 1.00000000000000e+05 
7.40138641343058e-02 1.00000000000000e+05 
7.41724947450681e-02 1.00000000000000e+05 
7.43284545288275e-02 1.00000000000000e+05 
7.44869321981743e-02 1.00000000000000e+05 
7.46418583978217e-02 1.00000000000000e+05 
7.48008631869435e-02 1.00000000000000e+05 
7.49566745118568e-02 1.00000000000000e+05 
7.51161541265950e-02 1.00000000000000e+05 
7.52722889419361e-02 1.00000000000000e+05 
7.54320349621491e-02 1.00000000000000e+05 
7.55883104429996e-02 1.00000000000000e+05 
7.57481059158426e-02 1.00000000000000e+05 
7.59044110413745e-02 1.00000000000000e+05 
7.60641068890213e-02 1.00000000000000e+05 
7.62203749993930e-02 1.00000000000000e+05 
7.63798768613667e-02 1.00000000000000e+05 
7.65360688955555e-02 1.00000000000000e+05 
7.66954118393052e-02 1.00000000000000e+05 
7.68514866135584e-02 1.00000000000000e+05 
7.70106297403745e-02 1.00000000000000e+05 
7.71665589548539e-02 1.00000000000000e+05 
7.73254766385738e-02 1.00000000000000e+05 
7.74812521995584e-02 1.00000000000000e+05 
7.76399380791744e-02 1.00000000000000e+05 
7.77955641975361e-02 1.00000000000000e+05 
7.79540241241265e-02 1.00000000000000e+05 
7.81095118798859e-02 1.00000000000000e+05 
7.82624274929347e-02 1.00000000000000e+05 
7.84177940908939e-02 1.00000000000000e+05 
7.85707690430179e-02 1.00000000000000e+05 
7.87251969786316e-02 1.00000000000000e+05 
7.88783154923515e-02 1.00000000000000e+05 
7.90381858686953e-02 1.00000000000000e+05 
7.91966020906914e-02 1.00000000000000e+05 
7.93511321320892e-02 1.00000000000000e+05 
7.95097682550771e-02 1.00000000000000e+05 
7.96656063146156e-02 1.00000000000000e+05 
7.98233454996552e-02 1.00000000000000e+05 
7.99797085943462e-02 1.00000000000000e+05 
8.01377553012073e-02 1.00000000000000e+05 
8.02943886484445e-02 1.00000000000000e+05 
8.04550468805479e-02 1.00000000000000e+05 
8.06118003089538e-02 1.00000000000000e+05 
8.07724188651496e-02 1.00000000000000e+05 
8.09292017811531e-02 1.00000000000000e+05 
8.10896548296010e-02 1.00000000000000e+05 
8.12464103828860e-02 1.00000000000000e+05 
8.14066874626426e-02 1.00000000000000e+05 
8.15633763756212e-02 1.00000000000000e+05 
8.17234750837174e-02 1.00000000000000e+05 
8.18800575042049e-02 1.00000000000000e+05 
8.20399456098405e-02 1.00000000000000e+05 
8.21964110623052e-02 1.00000000000000e+05 
8.23560858031669e-02 1.00000000000000e+05 
8.25124430172978e-02 1.00000000000000e+05 
8.26719195779875e-02 1.00000000000000e+05 
8.28281849782632e-02 1.00000000000000e+05 
8.29874868968233e-02 1.00000000000000e+05 
8.31436827330854e-02 1.00000000000000e+05 
8.33028409149562e-02 1.00000000000000e+05 
8.34589902029703e-02 1.00000000000000e+05 
8.36180353817062e-02 1.00000000000000e+05 
8.37741608405273e-02 1.00000000000000e+05 
8.39331246922919e-02 1.00000000000000e+05 
8.40892492555212e-02 1.00000000000000e+05 
8.42467670775396e-02 1.00000000000000e+05 
8.44029429687375e-02 1.00000000000000e+05 
8.45604804726676e-02 1.00000000000000e+05 
8.47167111374062e-02 1.00000000000000e+05 
8.48742799462551e-02 1.00000000000000e+05 
8.50305747858348e-02 1.00000000000000e+05 
8.51881887754994e-02 1.00000000000000e+05 
8.53445581908259e-02 1.00000000000000e+05 
8.55022307814507e-02 1.00000000000000e+05 
8.56586818698918e-02 1.00000000000000e+05 
8.58164231285844e-02 1.00000000000000e+05 
8.59729610656445e-02 1.00000000000000e+05 
8.61307802153849e-02 1.00000000000000e+05 
8.62874156582601e-02 1.00000000000000e+05 
8.64453255630018e-02 1.00000000000000e+05 
8.66020650028240e-02 1.00000000000000e+05 
8.67600732841399e-02 1.00000000000000e+05 
8.69169191455066e-02 1.00000000000000e+05 
8.70750305583602e-02 1.00000000000000e+05 
8.72319845560748e-02 1.00000000000000e+05 
8.73902034481937e-02 1.00000000000000e+05 
8.75472679304630e-02 1.00000000000000e+05 
8.77055989708962e-02 1.00000000000000e+05 
8.78627770885631e-02 1.00000000000000e+05 
8.80212253679015e-02 1.00000000000000e+05 
8.81785209939635e-02 1.00000000000000e+05 
8.83515461826317e-02 1.00000000000000e+05 
8.85239103050614e-02 1.00000000000000e+05 
8.87135108397341e-02 1.00000000000000e+05 
8.89220714278741e-02 1.00000000000000e+05 
8.91468321739479e-02 1.00000000000000e+05 
8.93188922639843e-02 1.00000000000000e+05 
8.95081583630242e-02 1.00000000000000e+05 
8.97163510719682e-02 1.00000000000000e+05 
8.99416838840401e-02 1.00000000000000e+05 
9.01124004772732e-02 1.00000000000000e+05 
9.02708299269269e-02 1.00000000000000e+05 
9.04324912900008e-02 1.00000000000000e+05 
9.05911321256781e-02 1.00000000000000e+05 
9.07528309773999e-02 1.00000000000000e+05 
9.09116161132849e-02 1.00000000000000e+05 
9.10734106415216e-02 1.00000000000000e+05 
9.12322895091130e-02 1.00070812188426e+05 
9.13941369684245e-02 1.00350740621266e+05 
9.15530866808051e-02 1.00899317177020e+05 
9.17149689041577e-02 1.01792741408620e+05 
9.18739754787932e-02 1.03090290624156e+05 
9.20358794105674e-02 1.04908781337846e+05 
9.21949296783197e-02 1.07240168868008e+05 
9.23568436599968e-02 1.10056228847786e+05 
9.25159252083314e-02 1.13214781376508e+05 
9.26778393878819e-02 1.16828803180147e+05 
9.28369421628501e-02 1.20747540375494e+05 
9.29988497647390e-02 1.24944339100288e+05 
9.31579670444737e-02 1.29077303677459e+05 
9.33198649455989e-02 1.33163975141053e+05 
9.34789186287949e-02 1.37190597631387e+05 
9.36417178253975e-02 1.41493975996137e+05 
9.38013883074037e-02 1.44910836529021e+05 
9.39595666285284e-02 1.47595507276983e+05 
9.41210444092141e-02 1.49719196934148e+05 
9.42793905984450e-02 1.51279359595928e+05 
9.44409591223626e-02 1.52325997572455e+05 
9.45993888732112e-02 1.52389440157160e+05 
9.47609560492693e-02 1.52329601685573e+05 
9.49194174212355e-02 1.52264972319124e+05 
9.50809685519396e-02 1.52171456840512e+05 
9.52394217215688e-02 1.52048706379077e+05 
9.54009202513540e-02 1.51890231723687e+05 
9.55593359176644e-02 1.51690957270902e+05 
9.57207545893313e-02 1.51434511926007e+05 
9.58791139083854e-02 1.51127726623779e+05 
9.60404354863023e-02 1.50772192465790e+05 
9.61987260916744e-02 1.50389965889301e+05 
9.63599392530861e-02 1.49969862515304e+05 
9.65181523557665e-02 1.49531823159670e+05 
9.66792489162260e-02 1.49063407544340e+05 
9.68373775229246e-02 1.48587603199617e+05 
9.69983504292438e-02 1.48092968024557e+05 
9.71563875646980e-02 1.47601573211377e+05 
9.73172294980978e-02 1.47098457988210e+05 
9.74751509874614e-02 1.46603824017121e+05 
9.76360307708372e-02 1.46101256920605e+05 
9.77938806549800e-02 1.45610777630110e+05 
9.79548796850897e-02 1.45114081620515e+05 
9.81217160803882e-02 1.44603944627286e+05 
9.82940611373474e-02 1.44082613174184e+05 
9.84740021162950e-02 1.43544819982540e+05 
9.86606662028128e-02 1.42994172603913e+05 
9.88554146775877e-02 1.42427524829037e+05 
9.90566242151689e-02 1.41850295225178e+05 
9.92641771692436e-02 1.41263144145832e+05 
9.94759464560748e-02 1.40672278874479e+05 
9.96908222937927e-02 1.40080776276763e+05 
9.99074199258567e-02 1.39492422882076e+05 
1.00124822516756e-01 1.38909641980737e+05 
1.00342168577353e-01 1.38334754486300e+05 
1.00559330853623e-01 1.37768089489381e+05 
1.00775738757919e-01 1.37211124864137e+05 
1.00991974947616e-01 1.36662372752741e+05 
1.01207476556630e-01 1.36123302116184e+05 
1.01422819964440e-01 1.35592486957797e+05 
1.01637453550131e-01 1.35071359101403e+05 
1.01851945816877e-01 1.34558504133259e+05 
1.02065750439553e-01 1.34055266017592e+05 
1.02279390794252e-01 1.33560293260761e+05 
1.02492268081382e-01 1.33074949814758e+05 
1.02705000020877e-01 1.32597606956231e+05 
1.02917015778270e-01 1.32129476188465e+05 
1.03128912201960e-01 1.31668952774648e+05 
1.03340154216245e-01 1.31217103661162e+05 
1.03551286332112e-01 1.30772431109510e+05 
1.03761670134025e-01 1.30336150681793e+05 
1.03971931419453e-01 1.29906593026844e+05 
1.04181517918363e-01 1.29484737610973e+05 
1.04391021801598e-01 1.29069021383825e+05 
1.04599937413685e-01 1.28660302170570e+05 
1.04808742669693e-01 1.28257297578196e+05 
1.05016856563310e-01 1.27860994147818e+05 
1.05224898308305e-01 1.27469901601478e+05 
1.05432344506921e-01 1.27084906340032e+05 
1.05639771470747e-01 1.26704677877588e+05 
1.05846611924109e-01 1.26330195936711e+05 
1.06053397312640e-01 1.25960275873397e+05 
1.06259579997244e-01 1.25595875684526e+05 
1.06465767791263e-01 1.25235735890825e+05 
1.06671460941754e-01 1.24880743679051e+05 
1.06877220074544e-01 1.24529764211406e+05 
1.07082375993349e-01 1.24183951470924e+05 
1.07287581082457e-01 1.23842031230102e+05 
1.07492272375341e-01 1.23504935300019e+05 
1.07697079884752e-01 1.23171434638241e+05 
1.07901480063860e-01 1.22842362334081e+05 
1.08106027737171e-01 1.22516621585455e+05 
1.08310014540191e-01 1.22195299173334e+05 
1.08514213238458e-01 1.21876953754138e+05 
1.08717946424629e-01 1.21562595324465e+05 
1.08921995017473e-01 1.21250792046651e+05 
1.09124594283375e-01 1.20944183492011e+05 
1.09328668644727e-01 1.20638129916258e+05 
1.09529016724506e-01 1.20340376871681e+05 
1.09733267630221e-01 1.20039397890010e+05 
1.09932260469199e-01 1.19748686868859e+05 
1.10136836322258e-01 1.19452245390224e+05 
1.10335376234337e-01 1.19166946277719e+05 
1.10539141893485e-01 1.18876442340082e+05 
1.10738207421119e-01 1.18594945073836e+05 
1.10941942954773e-01 1.18309049833634e+05 
1.11142656426708e-01 1.18029607622521e+05 
1.11346895762617e-01 1.17747325867478e+05 
1.11550430318628e-01 1.17468069804143e+05 
1.11754305044718e-01 1.17190161964129e+05 
1.11958009553211e-01 1.16914193668611e+05 
1.12161527774939e-01 1.16639879564948e+05 
1.12364897757369e-01 1.16366971252266e+05 
1.12568071515327e-01 1.16095171163885e+05 
1.12771099378157e-01 1.15824146557260e+05 
1.12921527719810e-01 1.15623481154847e+05 
1.13075140052541e-01 1.15418558837964e+05 
1.13226039014433e-01 1.15217088145049e+05 
1.13378542618695e-01 1.15013197569661e+05 
1.13529634290721e-01 1.14810772209270e+05 
1.13682278254809e-01 1.14605746212683e+05 
1.13833465105180e-01 1.14402043175419e+05 
1.13986220920905e-01 1.14195563436135e+05 
1.14137468374502e-01 1.13990415093447e+05 
1.14290310733939e-01 1.13782357624551e+05 
1.14441614131014e-01 1.13575714194263e+05 
1.14594473897716e-01 1.13366392838494e+05 
1.14745837559890e-01 1.13158695205148e+05 
1.14898647152653e-01 1.12948731210132e+05 
1.15050072480623e-01 1.12740784033593e+05 
1.15202786992443e-01 1.12531632285597e+05 
1.15354271147934e-01 1.12325114675381e+05 
1.15507021940852e-01 1.12117987763334e+05 
1.15658549106017e-01 1.11914146669457e+05 
1.15817949152053e-01 1.11703465532213e+05 
1.15969506662080e-01 1.11507313781041e+05 
1.16127918909392e-01 1.11301145483318e+05 
1.16300479344109e-01 1.11087849075289e+05 
1.16482109413145e-01 1.10873659412334e+05 
1.16677142525839e-01 1.10654420268909e+05 
1.16879898157578e-01 1.10440366503954e+05 
1.17091623002754e-01 1.10231458732317e+05 
1.17307361083876e-01 1.10026070146592e+05 
1.17523522809722e-01 1.09837815879093e+05 
1.17739730062519e-01 1.09680117795554e+05 
1.17956354470850e-01 1.09569338217989e+05 
1.18172986912820e-01 1.09509446726031e+05 
1.18326020889177e-01 1.09514607017906e+05 
1.18494358263170e-01 1.09553078152499e+05 
1.18647701909951e-01 1.09630987754444e+05 
1.18816379921409e-01 1.09735186517972e+05 
1.18974287358960e-01 1.09851096206495e+05 
1.19147985540265e-01 1.10003169127703e+05 
1.19306196798575e-01 1.10158232973460e+05 
1.19480229182716e-01 1.10351008894909e+05 
1.19638763445790e-01 1.10540314512306e+05 
1.19811753147890e-01 1.10756250752623e+05 
1.19967640314078e-01 1.10963236923833e+05 
1.20136764922789e-01 1.11181135530533e+05 
1.20292920180018e-01 1.11375726962278e+05 
1.20460446274667e-01 1.11575084921320e+05 
1.20616862206458e-01 1.11743712181058e+05 
1.20783622957826e-01 1.11904353657850e+05 
1.20940295195941e-01 1.12046821753242e+05 
1.21112634657868e-01 1.12182371670312e+05 
1.21269571468386e-01 1.12280831472877e+05 
1.21442201959956e-01 1.12377091772932e+05 
1.21606247739844e-01 1.12404126538207e+05 
1.21774134283842e-01 1.12379987184516e+05 
1.21938538991144e-01 1.12320655751420e+05 
1.22106610683785e-01 1.12225494399539e+05 
1.22271264424030e-01 1.12089408804171e+05 
1.22439605845782e-01 1.11943295402033e+05 
1.22604486848720e-01 1.11784760786376e+05 
1.22773102835499e-01 1.11611203674641e+05 
1.22938213726588e-01 1.11429589393836e+05 
1.23107124965058e-01 1.11235546470533e+05 
1.23272484737202e-01 1.11035175494021e+05 
1.23441728174334e-01 1.10823711911999e+05 
1.23607369001166e-01 1.10611249704373e+05 
1.23776995948073e-01 1.10389145839789e+05 
1.23942961990530e-01 1.10169121923646e+05 
1.24113038225670e-01 1.09941769150244e+05 
1.24279385234964e-01 1.09719746006718e+05 
1.24449991573700e-01 1.09493257972973e+05 
1.24616788489610e-01 1.09274230641363e+05 
1.24788023595695e-01 1.09052431127934e+05 
1.24955354869982e-01 1.08839245931777e+05 
1.25127339259734e-01 1.08624200494254e+05 
1.25304770968872e-01 1.08406959211224e+05 
1.25488450461066e-01 1.08187339979861e+05 
1.25679114971825e-01 1.07965190297519e+05 
1.25877165890879e-01 1.07740292437716e+05 
1.26082842880707e-01 1.07513533546347e+05 
1.26295760526156e-01 1.07285627686927e+05 
1.26459222009805e-01 1.07115043175750e+05 
1.26626433824998e-01 1.06944160148429e+05 
1.26789484763757e-01 1.06780779370823e+05 
1.26956204600722e-01 1.06616710758498e+05 
1.27119299552543e-01 1.06458864251833e+05 
1.27286072043558e-01 1.06299817473150e+05 
1.27449204975829e-01 1.06146317342621e+05 
1.27616022387302e-01 1.05991246917185e+05 
1.27779190780773e-01 1.05841092823460e+05 
1.27946051798927e-01 1.05688871537381e+05 
1.28109261279067e-01 1.05541084289114e+05 
1.28276174628553e-01 1.05390902460739e+05 
1.28439436461066e-01 1.05244778986433e+05 
1.28606417888010e-01 1.05095993150592e+05 
1.28769747416874e-01 1.04950992637345e+05 
1.28936817960555e-01 1.04803132952713e+05 
1.29100234009310e-01 1.04658875072114e+05 
1.29267419351539e-01 1.04511623737508e+05 
1.29430944226336e-01 1.04367873710538e+05 
1.29598274816494e-01 1.04221048648070e+05 
1.29761934552962e-01 1.04077686212888e+05 
1.29929446098119e-01 1.03931195692258e+05 
1.30093270608371e-01 1.03788161518262e+05 
1.30261004094916e-01 1.03641960514253e+05 
1.30425026629311e-01 1.03499249841208e+05 
1.30593028659601e-01 1.03353334723197e+05 
1.30765519383532e-01 1.03203828601024e+05 
1.30942733910443e-01 1.03050584175506e+05 
1.31126018807823e-01 1.02892514668962e+05 
1.31315264867855e-01 1.02729772633846e+05 
1.31511589531966e-01 1.02561310793248e+05 
1.31714728603706e-01 1.02387536801553e+05 
1.31925048190288e-01 1.02208436741306e+05 
1.32141590768945e-01 1.02024109213371e+05 
1.32363630315451e-01 1.01836133365384e+05 
1.32589658247037e-01 1.01645214120367e+05 
1.32815965701938e-01 1.01454171405230e+05 
1.33041902862649e-01 1.01265287418532e+05 
1.33268071425940e-01 1.01075249994174e+05 
1.33493315179242e-01 1.00885228494829e+05 
1.33719359961933e-01 1.00693707924589e+05 
1.33943925474890e-01 1.00503311690853e+05 
1.34169877551019e-01 1.00311561794852e+05 
1.34393784880198e-01 1.00123323024339e+05 
1.34619665186174e-01 9.99345061953047e+04 
1.34842935728314e-01 9.97505445061219e+04 
1.35068746543181e-01 9.95665948879467e+04 
1.35291414128622e-01 9.93872015894435e+04 
1.35517142399088e-01 9.92072410247608e+04 
1.35739261785335e-01 9.90332949697942e+04 
1.35964885549285e-01 9.88612124840128e+04 
1.36186536961304e-01 9.86937847303807e+04 
1.36412015450300e-01 9.85246730572834e+04 
1.36633307442546e-01 9.83601713948749e+04 
1.36858541059681e-01 9.82813396393288e+04 
1.37079611492321e-01 9.83286301719907e+04 
1.37304366373282e-01 9.85442989889803e+04 
1.37525378665689e-01 9.89611516667870e+04 
1.37749195385008e-01 9.96307386433755e+04 
1.37970330619007e-01 1.00498681295421e+05 
1.38192470133999e-01 1.01562829647575e+05 
1.38413823244281e-01 1.02802064187153e+05 
1.38633346137867e-01 1.04176451438184e+05 
1.38851725171780e-01 1.05647871522874e+05 
1.39067836586135e-01 1.07177215516314e+05 
1.39282584424155e-01 1.08716278376474e+05 
1.39494874758077e-01 1.10177767496813e+05 
1.39705765087848e-01 1.11519089862389e+05 
1.39914386235889e-01 1.12729167055523e+05 
1.40121806519268e-01 1.13875171065306e+05 
1.40327402992460e-01 1.14717394389149e+05 
1.40532117482333e-01 1.15287834503724e+05 
1.40735602902115e-01 1.15633646499994e+05 
1.40892250390075e-01 1.15772858478209e+05 
1.41051685195121e-01 1.15688215345104e+05 
1.41208027165850e-01 1.15524775228853e+05 
1.41365677501727e-01 1.15355089049530e+05 
1.41521738615178e-01 1.15166110206773e+05 
1.41679139424061e-01 1.14961961390871e+05 
1.41834985013348e-01 1.14740801536713e+05 
1.41992207109348e-01 1.14501119628744e+05 
1.42147909525018e-01 1.14246954189068e+05 
1.42305027499084e-01 1.13958272937086e+05 
1.42460658324430e-01 1.13639257483532e+05 
1.42617744287045e-01 1.13281437220096e+05 
1.42778012260189e-01 1.12893338600208e+05 
1.42935166109771e-01 1.12495305883706e+05 
1.43095564049614e-01 1.12074344561984e+05 
1.43252806982626e-01 1.11651060872839e+05 
1.43413337584948e-01 1.11211591050960e+05 
1.43570718663033e-01 1.10777333649651e+05 
1.43731426191683e-01 1.10334074420264e+05 
1.43888986149193e-01 1.09896043253443e+05 
1.44049905387263e-01 1.09456361231586e+05 
1.44207675262914e-01 1.09033596387282e+05 
1.44368831753637e-01 1.08611135752461e+05 
1.44526833604900e-01 1.08206476122382e+05 
1.44688244540083e-01 1.07803236411126e+05 
1.44846492467164e-01 1.07419502182488e+05 
1.45008167534688e-01 1.07045486187078e+05 
1.45166668679892e-01 1.06686820325587e+05 
1.45328611336937e-01 1.06328301713281e+05 
1.45487367250804e-01 1.05985726203107e+05 
1.45649576336328e-01 1.05644215557986e+05 
1.45808584455154e-01 1.05322441555224e+05 
1.45971055643230e-01 1.05006365236863e+05 
1.46130310720212e-01 1.04709437878571e+05 
1.46293038071868e-01 1.04425724413782e+05 
1.46452533170505e-01 1.04165795339794e+05 
1.46615509964734e-01 1.03918891337500e+05 
1.46775238255133e-01 1.03694193815915e+05 
1.46938458657838e-01 1.03479291224931e+05 
1.47098414450135e-01 1.03285431903213e+05 
1.47261874801443e-01 1.03097573831070e+05 
1.47422053580256e-01 1.02923830738182e+05 
1.47585752358844e-01 1.02758566214896e+05 
1.47746151493805e-01 1.02608287771858e+05 
1.47910089905870e-01 1.02467056080114e+05 
1.48070710377262e-01 1.02340720512279e+05 
1.48234894216880e-01 1.02224530844863e+05 
1.48395739641608e-01 1.02122299805842e+05 
1.48560178126251e-01 1.02028907824749e+05 
1.48721254953195e-01 1.01947579608460e+05 
1.48885960892692e-01 1.01874633579232e+05 
1.49047278501986e-01 1.01813080774619e+05 
1.49212268633478e-01 1.01759481810832e+05 
1.49373839797363e-01 1.01716215045333e+05 
1.49539135394178e-01 1.01680551088389e+05 
1.49700976942495e-01 1.01653730717543e+05 
1.49866604871126e-01 1.01633985884087e+05 
1.50028738448711e-01 1.01621843102162e+05 
1.50194732386757e-01 1.01615936863945e+05 
1.50357185191679e-01 1.01615689474848e+05 
1.50523586294387e-01 1.01620870256830e+05 
1.50686391791258e-01 1.01630152694940e+05 
1.50853249674303e-01 1.01643551673219e+05 
1.51016448812378e-01 1.01662797016483e+05 
1.51183823481226e-01 1.01683000523181e+05 
1.51347466331110e-01 1.01703937756464e+05 
1.51515430664635e-01 1.01726200811608e+05 
1.51679578659731e-01 1.01748816959283e+05 
1.51848221831520e-01 1.01772937973047e+05 
1.52012951226280e-01 1.01793264646190e+05 
1.52182383285222e-01 1.01816943110377e+05 
1.52347788561713e-01 1.01842111912003e+05 
1.52518145223212e-01 1.01868001813424e+05 
1.52684343175210e-01 1.01891141989015e+05 
1.52855791850982e-01 1.01910702391354e+05 
1.53022927680434e-01 1.01924878186744e+05 
1.53195676079394e-01 1.01933088671348e+05 
1.53363931634821e-01 1.01933128768427e+05 
1.53538239526335e-01 1.01926651491192e+05 
1.53707844848593e-01 1.01913640614047e+05 
1.53884039520537e-01 1.01893131262577e+05 
1.54055287328198e-01 1.01865922705886e+05 
1.54233780387901e-01 1.01830181969111e+05 
1.54407043890863e-01 1.01788448919260e+05 
1.54588350682295e-01 1.01737683276179e+05 
1.54751527679947e-01 1.01686156785269e+05 
1.54921367910406e-01 1.01626854341971e+05 
1.55083960753031e-01 1.01565033596014e+05 
1.55252820806287e-01 1.01495727371514e+05 
1.55415271636634e-01 1.01424565408772e+05 
1.55583808071313e-01 1.01346421056720e+05 
1.55743320606382e-01 1.01268743288281e+05 
1.55905838194842e-01 1.01186187352018e+05 
1.56065251992629e-01 1.01102724675494e+05 
1.56227632802589e-01 1.01014941832465e+05 
1.56387001219781e-01 1.00925799805515e+05 
1.56549368463625e-01 1.00832016121767e+05 
1.56709292954077e-01 1.00740660581104e+05 
1.56873070649274e-01 1.00643655073041e+05 
1.57033581321013e-01 1.00543756802486e+05 
1.57197756879839e-01 1.00437133096221e+05 
1.57358652417619e-01 1.00329573707131e+05 
1.57517969558180e-01 1.00220136559439e+05 
1.57679149896755e-01 1.00102830337570e+05 
1.57839019373729e-01 9.99856928705141e+04 
1.58000569285085e-01 9.98691512832621e+04 
1.58160882101654e-01 9.97546490477295e+04 
1.58322842520555e-01 9.96393149387675e+04 
1.58483486246509e-01 9.95255047450417e+04 
1.58645870709454e-01 9.94110097710517e+04 
1.58806771622158e-01 9.92977193391631e+04 
1.58969573470726e-01 9.91827609520977e+04 
1.59136309527292e-01 9.90645024290950e+04 
1.59299585908226e-01 9.89477631656605e+04 
1.59466872650301e-01 9.88273009261619e+04 
1.59630518982722e-01 9.87089210517182e+04 
1.59798264060629e-01 9.85869782962020e+04 
1.59962261175164e-01 9.84669833609334e+04 
1.60130470478808e-01 9.83432560997923e+04 
1.60294828386168e-01 9.82215087876661e+04 
1.60463543366372e-01 9.80958366954190e+04 
1.60628296191193e-01 9.79723598731242e+04 
1.60797644976121e-01 9.78448210852477e+04 
1.60962998741858e-01 9.77197051515607e+04 
1.61123147943949e-01 9.75980969877687e+04 
1.61289104774663e-01 9.74716931532181e+04 
1.61460214516444e-01 9.73410965147197e+04 
1.61627273760583e-01 9.72134416321240e+04 
1.61799842885643e-01 9.70815323992148e+04 
1.61968021499362e-01 9.69530844515124e+04 
1.62142111926686e-01 9.68203329721076e+04 
1.62311558216417e-01 9.66915102159830e+04 
1.62487387159749e-01 9.65583374323317e+04 
1.62652100583999e-01 9.64342232846782e+04 
1.62822480311124e-01 9.63065882826394e+04 
1.62987402758364e-01 9.61839351758423e+04 
1.63157756722750e-01 9.60582217983434e+04 
1.63322842339050e-01 9.59374717225425e+04 
1.63493158167995e-01 9.58140828174408e+04 
1.63658509888254e-01 9.56954719306165e+04 
1.63828963303774e-01 9.55745903656303e+04 
1.63994662473435e-01 9.54586624240425e+04 
1.64165391877240e-01 9.53407173976855e+04 
1.64331242092223e-01 9.52272526232935e+04 
1.64494419295578e-01 9.51179095626002e+04 
1.64662322927488e-01 9.50076129452708e+04 
1.64825473142940e-01 9.49025291304718e+04 
1.64993562292140e-01 9.47963411944548e+04 
1.65156801047974e-01 9.46951910844595e+04 
1.65325142869106e-01 9.45937646387748e+04 
1.65488569583500e-01 9.44966567268605e+04 
1.65657232659647e-01 9.43977567039548e+04 
1.65820926939415e-01 9.43032097191274e+04 
1.65989999200802e-01 9.42070833712248e+04 
1.66154036722874e-01 9.41155658972012e+04 
1.66323628218620e-01 9.40227256483923e+04 
1.66488085049139e-01 9.39344487492671e+04 
1.66658317817740e-01 9.38449706738710e+04 
1.66834882125609e-01 9.37540712756553e+04 
1.67018314947358e-01 9.36618757441673e+04 
1.67209278833415e-01 9.35680790987721e+04 
1.67407849583778e-01 9.34729873285117e+04 
1.67603378901769e-01 9.33813359250001e+04 
1.67801598105471e-01 9.32904101793483e+04 
1.67996547724971e-01 9.32027729361859e+04 
1.68197573775979e-01 9.31141691817436e+04 
1.68391826473834e-01 9.30301308602035e+04 
1.68589295380446e-01 9.29461157179665e+04 
1.68784084804533e-01 9.28645846361964e+04 
1.68981716648873e-01 9.27829868043414e+04 
1.69176479732546e-01 9.27036729668587e+04 
1.69377369281604e-01 9.26227553642343e+04 
1.69571779501965e-01 9.25453324291232e+04 
1.69769493484974e-01 9.24672744342427e+04 
1.69964797434791e-01 9.23908467063154e+04 
1.70163092166595e-01 9.23137862145199e+04 
1.70358763777490e-01 9.22382526757187e+04 
1.70557397872288e-01 9.21619862846793e+04 
1.70753447894491e-01 9.20870713403893e+04 
1.70952526999110e-01 9.20113146198090e+04 
1.71110924620585e-01 9.19512146279991e+04 
1.71273437351952e-01 9.18897141230079e+04 
1.71440019718134e-01 9.18267889422176e+04 
1.71601106554071e-01 9.17660704113835e+04 
1.71766108071350e-01 9.17039545332347e+04 
1.71927480607126e-01 9.16433106078393e+04 
1.72092815142117e-01 9.15812504157414e+04 
1.72254487762963e-01 9.15206709449881e+04 
1.72420248565281e-01 9.14586428118497e+04 
1.72582281938754e-01 9.13980971437518e+04 
1.72748569916607e-01 9.13360635026494e+04 
1.72911054781484e-01 9.12755698234810e+04 
1.73077996483829e-01 9.12134305166856e+04 
1.73241052609403e-01 9.11529384330554e+04 
1.73408806757686e-01 9.10908871277874e+04 
1.73572579221918e-01 9.10304629979553e+04 
1.73741336716811e-01 9.09683435991679e+04 
1.73905994825227e-01 9.09078615218707e+04 
1.74075981255536e-01 9.08455581200880e+04 
1.74241726007071e-01 9.07849823430935e+04 
1.74413213544803e-01 9.07224168619325e+04 
1.74580288598495e-01 9.06616709093566e+04 
1.74753611068000e-01 9.05987597112991e+04 
1.74933682059699e-01 9.05335469154327e+04 
1.75121100569229e-01 9.04658385208706e+04 
1.75316340305459e-01 9.03954638786516e+04 
1.75519399675578e-01 9.03225333059909e+04 
1.75726715806438e-01 9.02480878094500e+04 
1.75908135997855e-01 9.01830976678914e+04 
1.76107698208414e-01 9.01117758386326e+04 
1.76289240790778e-01 9.00471964010984e+04 
1.76488380924502e-01 8.99765653680485e+04 
1.76670206306215e-01 8.99114235141395e+04 
1.76861862672097e-01 8.98433684122657e+04 
1.77044262034886e-01 8.97792303859515e+04 
1.77233585164771e-01 8.97130153857614e+04 
1.77416924632508e-01 8.96491541634587e+04 
1.77605862710327e-01 8.95833939591560e+04 
1.77790649889406e-01 8.95197852115329e+04 
1.77980435052892e-01 8.94545812631678e+04 
1.78167157801998e-01 8.93899499171613e+04 
1.78358797556119e-01 8.93233017650393e+04 
1.78547997241602e-01 8.92570366712927e+04 
1.78742494560471e-01 8.91888098080719e+04 
1.78934750416669e-01 8.91211694171676e+04 
1.79133106711687e-01 8.90517646823376e+04 
1.79329086456130e-01 8.89834622721367e+04 
1.79532594024802e-01 8.89131278194250e+04 
1.79733135275852e-01 8.88443759176828e+04 
1.79938637170635e-01 8.87746588734734e+04 
1.80144924502048e-01 8.87056966959236e+04 
1.80353983502191e-01 8.86367128202056e+04 
1.80560530937223e-01 8.85699410987221e+04 
1.80769645359182e-01 8.85034649146298e+04 
1.80976242822282e-01 8.84392030823812e+04 
1.81185402395366e-01 8.83753070704719e+04 
1.81392051964579e-01 8.83133893916103e+04 
1.81601764360071e-01 8.82518544832058e+04 
1.81809197533039e-01 8.81923468515455e+04 
1.82019354458852e-01 8.81335780224636e+04 
1.82226925850990e-01 8.80771319479603e+04 
1.82437153956905e-01 8.80217207193518e+04 
1.82644730115063e-01 8.79688828716702e+04 
1.82854945017963e-01 8.79173959359557e+04 
1.83062499761788e-01 8.78686428944906e+04 
1.83273185239788e-01 8.78215776195767e+04 
1.83481439027473e-01 8.77775207311711e+04 
1.83692477136837e-01 8.77356548319059e+04 
1.83900784465276e-01 8.76967700405194e+04 
1.84111802731152e-01 8.76604235490282e+04 
1.84320054351846e-01 8.76284159500527e+04 
1.84531503823523e-01 8.75990734565099e+04 
1.84740415231374e-01 8.75741880906294e+04 
1.84952169153827e-01 8.75525480993410e+04 
1.85161086567123e-01 8.75353096333236e+04 
1.85372766676569e-01 8.75214412596639e+04 
1.85581561733645e-01 8.75135116973592e+04 
1.85748957666360e-01 8.75108291676592e+04 
1.85921552498440e-01 8.75119838051748e+04 
1.86099333877505e-01 8.75128418592920e+04 
1.86265242485837e-01 8.75199861275005e+04 
1.86435958502977e-01 8.75331873013738e+04 
1.86611651326147e-01 8.75521897523345e+04 
1.86781033890675e-01 8.75761446622733e+04 
1.86955535061970e-01 8.76061511765793e+04 
1.87125779196742e-01 8.76435945965515e+04 
1.87301351629479e-01 8.76830008785198e+04 
1.87472541571550e-01 8.77213366260299e+04 
1.87649399460274e-01 8.77626328319121e+04 
1.87821694598422e-01 8.78044885289438e+04 
1.88000096123720e-01 8.78501600985143e+04 
1.88173727619524e-01 8.78972420166938e+04 
1.88354014468611e-01 8.79495347503999e+04 
1.88529291122511e-01 8.80043217999520e+04 
1.88711904453472e-01 8.80639694523208e+04 
1.88889229910089e-01 8.81239895616796e+04 
1.89074732106946e-01 8.81888016135009e+04 
1.89254629621440e-01 8.82533960725599e+04 
1.89443726364958e-01 8.83231014100303e+04 
1.89642056541375e-01 8.83977346130853e+04 
1.89849397393709e-01 8.84768857897241e+04 
1.90065366295223e-01 8.85598510603703e+04 
1.90278171136950e-01 8.86420000335805e+04 
1.90494020413009e-01 8.87244919649437e+04 
1.90706625498202e-01 8.88039141240664e+04 
1.90922247459494e-01 8.88817097125994e+04 
1.91134689465296e-01 8.89584726111793e+04 
1.91350112612727e-01 8.90298821227533e+04 
1.91562412207586e-01 8.90948135790272e+04 
1.91777658948662e-01 8.91551046800666e+04 
1.91989836957487e-01 8.92104416592199e+04 
1.92204930756401e-01 8.92577694757193e+04 
1.92417011689861e-01 8.93012449799103e+04 
1.92631979865158e-01 8.93427425953047e+04 
1.92843992602922e-01 8.93769470719840e+04 
1.93058867460498e-01 8.94091219432980e+04 
1.93270845479567e-01 8.94368553281856e+04 
1.93485665381634e-01 8.94586227779117e+04 
1.93697646611570e-01 8.94764009434068e+04 
1.93912455056601e-01 8.94897740996543e+04 
1.94124479230232e-01 8.94996028199230e+04 
1.94310280786359e-01 8.95069571194633e+04 
1.94499846286794e-01 8.95109061896081e+04 
1.94686180268815e-01 8.95113760568235e+04 
1.94876105744078e-01 8.95102744527155e+04 
1.95062769520521e-01 8.95085271405526e+04 
1.95253006197649e-01 8.95072279457891e+04 
1.95439934088987e-01 8.95074998336620e+04 
1.95630421420961e-01 8.95096082734003e+04 
1.95817572691311e-01 8.95140975216051e+04 
1.96008280190054e-01 8.95217198085362e+04 
1.96195635709919e-01 8.95330697589185e+04 
1.96386549569223e-01 8.95489527194188e+04 
1.96574100975492e-01 8.95696551964285e+04 
1.96765215213917e-01 8.95961892806152e+04 
1.96952958478401e-01 8.96280982273728e+04 
1.97144270085023e-01 8.96668173198538e+04 
1.97332202607846e-01 8.97114349529098e+04 
1.97523709362700e-01 8.97637467098498e+04 
1.97711828715456e-01 8.98222031512302e+04 
1.97903528339628e-01 8.98890734880127e+04 
1.98091831867257e-01 8.99620058884296e+04 
1.98283721990572e-01 9.00436279757229e+04 
1.98472207038220e-01 9.01308741650944e+04 
1.98664285409530e-01 9.02267520876222e+04 
1.98852949532019e-01 9.03274385520940e+04 
1.99045214135682e-01 9.04362577204036e+04 
1.99234055261782e-01 9.05488114566919e+04 
1.99426504712236e-01 9.06686052043589e+04 
1.99615521748227e-01 9.07904535182579e+04 
1.99808155920563e-01 9.09179516434158e+04 
1.99997349034821e-01 9.10457364642789e+04 
2.00190169072852e-01 9.11776428159246e+04 
