# Liste des scalaires : TEMPS pmat 
0.00000000000000e+00 1.00000000000000e+05 
7.22956891292051e-05 1.00000000000000e+05 
1.39473830159780e-04 1.00000000000000e+05 
2.09658797050072e-04 1.00000000000000e+05 
2.76117114236712e-04 1.00000000000000e+05 
3.20638761908103e-04 1.00000000000000e+05 
3.55139419127650e-04 1.00000000000000e+05 
3.84466703006930e-04 1.00000000000000e+05 
4.10882456555333e-04 1.00000000000000e+05 
4.35440253196311e-04 1.00000000000000e+05 
4.62453829501387e-04 1.00000000000000e+05 
4.92168763436970e-04 1.00000000000000e+05 
5.24855190766111e-04 1.00000000000000e+05 
5.60810260828167e-04 1.00000000000000e+05 
6.00360837896428e-04 1.00000000000000e+05 
6.43866472671515e-04 1.00000000000000e+05 
6.91722670924111e-04 1.00000000000000e+05 
7.44364489001967e-04 1.00000000000000e+05 
8.02270488887608e-04 1.00000000000000e+05 
8.65967088761813e-04 1.00000000000000e+05 
9.36033348623439e-04 1.00000000000000e+05 
1.01310623447123e-03 1.00000000000000e+05 
1.09788640890380e-03 1.00000000000000e+05 
1.19114460077962e-03 1.00000000000000e+05 
1.28874595967991e-03 1.00000000000000e+05 
1.39427742078084e-03 1.00000000000000e+05 
1.50221628787620e-03 1.00000000000000e+05 
1.61553425737475e-03 1.00000000000000e+05 
1.73457348070826e-03 1.00000000000000e+05 
1.85733677968617e-03 1.00000000000000e+05 
1.98616223838876e-03 1.00000000000000e+05 
2.11872938704631e-03 1.00000000000000e+05 
2.25541689819666e-03 1.00000000000000e+05 
2.39772133018678e-03 1.00000000000000e+05 
2.54485627309096e-03 1.00000000000000e+05 
2.69657390129203e-03 1.00000000000000e+05 
2.85238267869173e-03 1.00000000000000e+05 
3.01245336052035e-03 1.00000000000000e+05 
3.17812497446090e-03 1.00000000000000e+05 
3.34903914085918e-03 1.00000000000000e+05 
3.52550659026281e-03 1.00000000000000e+05 
3.70726992321347e-03 1.00000000000000e+05 
3.89587589613553e-03 1.00000000000000e+05 
4.08975108537142e-03 1.00000000000000e+05 
4.28959471140178e-03 1.00000000000000e+05 
4.49516060408378e-03 1.00000000000000e+05 
4.70839016598716e-03 1.00000000000000e+05 
4.92856382960960e-03 1.00000000000000e+05 
5.15483884145725e-03 1.00000000000000e+05 
5.38810296190475e-03 1.00000000000000e+05 
5.62716630832455e-03 1.00000000000000e+05 
5.87020911792029e-03 1.00000000000000e+05 
6.12048301668660e-03 1.00000000000000e+05 
6.37286594506240e-03 1.00000000000000e+05 
6.63255281660174e-03 1.00000000000000e+05 
6.89402258475551e-03 1.00000000000000e+05 
7.16407888326972e-03 1.00000000000000e+05 
7.43688359574171e-03 1.00000000000000e+05 
7.71399396444502e-03 1.00000000000000e+05 
7.99382024823364e-03 1.00000000000000e+05 
8.27676476722760e-03 1.00000000000000e+05 
8.55486963386461e-03 1.00000000000000e+05 
8.82693129547625e-03 1.00000000000000e+05 
9.09434992258100e-03 1.00000000000000e+05 
9.35798204986450e-03 1.00000000000000e+05 
9.61828190541879e-03 1.00000000000000e+05 
9.87458790234714e-03 1.00000000000000e+05 
1.01275999953474e-02 1.00000000000000e+05 
1.03780906819506e-02 1.00000000000000e+05 
1.06260594935725e-02 1.00000000000000e+05 
1.08549555553743e-02 1.00000000000000e+05 
1.10600486680681e-02 1.00000000000000e+05 
1.12527948523270e-02 1.00000000000000e+05 
1.14376554258325e-02 1.00000000000000e+05 
1.16160612507524e-02 1.00000000000000e+05 
1.17894063979961e-02 1.00000000000000e+05 
1.19585737899819e-02 1.00000000000000e+05 
1.21239481481246e-02 1.00000000000000e+05 
1.22866263127843e-02 1.00000000000000e+05 
1.24468089537595e-02 1.00000000000000e+05 
1.26055542543782e-02 1.00000000000000e+05 
1.27631470205873e-02 1.00000000000000e+05 
1.29206084730720e-02 1.00000000000000e+05 
1.30781236634923e-02 1.00000000000000e+05 
1.32361994251661e-02 1.00000000000000e+05 
1.33950719536475e-02 1.00000000000000e+05 
1.35550962746361e-02 1.00000000000000e+05 
1.37170965435598e-02 1.00000000000000e+05 
1.38810982417690e-02 1.00000000000000e+05 
1.40478745420508e-02 1.00000000000000e+05 
1.42173487034683e-02 1.00000000000000e+05 
1.43901228978203e-02 1.00000000000000e+05 
1.45659907642217e-02 1.00000000000000e+05 
1.47453964003616e-02 1.00000000000000e+05 
1.49279912270237e-02 1.00000000000000e+05 
1.51140852418510e-02 1.00000000000000e+05 
1.53031952558739e-02 1.00000000000000e+05 
1.54955102084195e-02 1.00000000000000e+05 
1.56904870377655e-02 1.00000000000000e+05 
1.58880143471456e-02 1.00000000000000e+05 
1.60879204032969e-02 1.00000000000000e+05 
1.62896864213739e-02 1.00000000000000e+05 
1.64933789786453e-02 1.00000000000000e+05 
1.66983399131033e-02 1.00000000000000e+05 
1.69047266649270e-02 1.00000000000000e+05 
1.71118877103329e-02 1.00000000000000e+05 
1.73200486654904e-02 1.00000000000000e+05 
1.75285944990361e-02 1.00000000000000e+05 
1.77378353670524e-02 1.00000000000000e+05 
1.79472030918945e-02 1.00000000000000e+05 
1.81570726937944e-02 1.00000000000000e+05 
1.83669122074103e-02 1.00000000000000e+05 
1.85771377072860e-02 1.00000000000000e+05 
1.87872560327744e-02 1.00000000000000e+05 
1.89976953685851e-02 1.00000000000000e+05 
1.92079924872399e-02 1.00000000000000e+05 
1.94185787197579e-02 1.00000000000000e+05 
1.96290165370566e-02 1.00000000000000e+05 
1.98397351970893e-02 1.00000000000000e+05 
2.00503181252053e-02 1.00000000000000e+05 
2.02611838535441e-02 1.00000000000000e+05 
2.04719309987888e-02 1.00000000000000e+05 
2.06829586771550e-02 1.00000000000000e+05 
2.08938818319771e-02 1.00000000000000e+05 
2.11050799882705e-02 1.00000000000000e+05 
2.13161923039046e-02 1.00000000000000e+05 
2.15275768931349e-02 1.00000000000000e+05 
2.17388918273896e-02 1.00000000000000e+05 
2.19504658697815e-02 1.00000000000000e+05 
2.21619641383473e-02 1.00000000000000e+05 
2.23736819633310e-02 1.00000000000000e+05 
2.25852879258222e-02 1.00000000000000e+05 
2.27970517477073e-02 1.00000000000000e+05 
2.30086546816230e-02 1.00000000000000e+05 
2.32203571374699e-02 1.00000000000000e+05 
2.34318668007507e-02 1.00000000000000e+05 
2.36434490465007e-02 1.00000000000000e+05 
2.38548443635188e-02 1.00000000000000e+05 
2.40663244171426e-02 1.00000000000000e+05 
2.42776495506378e-02 1.00000000000000e+05 
2.44890879782021e-02 1.00000000000000e+05 
2.47004177398594e-02 1.00000000000000e+05 
2.49119015685953e-02 1.00000000000000e+05 
2.51233371379035e-02 1.00000000000000e+05 
2.53349821327065e-02 1.00000000000000e+05 
2.55466513061716e-02 1.00000000000000e+05 
2.57585984537739e-02 1.02134192322089e+05 
2.59706526321307e-02 1.11833832564753e+05 
2.61830638966205e-02 1.32635622485849e+05 
2.63956718150413e-02 1.63083692579795e+05 
2.66087181404241e-02 1.95646389786511e+05 
2.68220495521407e-02 2.26490644380571e+05 
2.70358931214193e-02 2.42454493618378e+05 
2.72501008197812e-02 2.44335826045628e+05 
2.74648807304958e-02 2.43529640556437e+05 
2.76800904748262e-02 2.41821865292241e+05 
2.78959174328568e-02 2.37731790494703e+05 
2.81122261128765e-02 2.31968216514783e+05 
2.83291772228281e-02 2.26261884190169e+05 
2.85466468155380e-02 2.21229904994031e+05 
2.87647521842394e-02 2.16701200880200e+05 
2.89833770396718e-02 2.12880319763129e+05 
2.92005300405445e-02 2.09863728794912e+05 
2.94067252880866e-02 2.07583454223366e+05 
2.96012572951522e-02 2.05785938982914e+05 
2.97869413204349e-02 2.04242130318947e+05 
2.99675997022003e-02 2.02821059955988e+05 
3.01456128071823e-02 2.01444326094187e+05 
3.03231304818735e-02 2.00049401305858e+05 
3.04998790962978e-02 1.98612549631344e+05 
3.06751795855844e-02 1.97131730680826e+05 
3.08495426052198e-02 1.95601566888238e+05 
3.10244114574487e-02 1.94018036466179e+05 
3.11998797416814e-02 1.92405164936255e+05 
3.13769538732756e-02 1.90765405962399e+05 
3.15555396454558e-02 1.89116280826135e+05 
3.17363402405685e-02 1.87460430825053e+05 
3.19191514855465e-02 1.85808602171169e+05 
3.21044305410864e-02 1.84161528508893e+05 
3.22908585918438e-02 1.82531477085604e+05 
3.24777109811021e-02 1.80923322683893e+05 
3.26650586943475e-02 1.79330647442989e+05 
3.28533841250252e-02 1.77744659903478e+05 
3.30427232683584e-02 1.76157344093406e+05 
3.32335076378716e-02 1.74560271147744e+05 
3.34256827534170e-02 1.72946810568541e+05 
3.36196037599527e-02 1.71310466151860e+05 
3.38152469779256e-02 1.69647010247612e+05 
3.40129294746186e-02 1.67953140012831e+05 
3.42123355188735e-02 1.66230634054243e+05 
3.44119925063341e-02 1.64494808219107e+05 
3.46120265744818e-02 1.62746919671012e+05 
3.48127982483757e-02 1.60988765527427e+05 
3.50143439679377e-02 1.59223565744934e+05 
3.52170178906818e-02 1.57454019139062e+05 
3.54208921560815e-02 1.55683056082490e+05 
3.56262711299368e-02 1.53913977716664e+05 
3.58331633188764e-02 1.52149953245227e+05 
3.60417643279888e-02 1.50394934340331e+05 
3.62519120803881e-02 1.48653072928029e+05 
3.64625551018655e-02 1.46937719573258e+05 
3.66738018486353e-02 1.45249820989137e+05 
3.68859843210282e-02 1.43590233748058e+05 
3.70991488124314e-02 1.41960240941622e+05 
3.73135520832154e-02 1.40360191713566e+05 
3.75291653938029e-02 1.38791297597892e+05 
3.77461461811265e-02 1.37254206775387e+05 
3.79643977878550e-02 1.35750101786983e+05 
3.81841027578141e-02 1.34279239519049e+05 
3.84051655318761e-02 1.32840738894775e+05 
3.86275500960913e-02 1.31436328107595e+05 
3.88506328105008e-02 1.30069053460097e+05 
3.90745885864778e-02 1.28738504210871e+05 
3.92993529867611e-02 1.27442261516985e+05 
3.95250503105853e-02 1.26175059954853e+05 
3.97515559406872e-02 1.24944359319400e+05 
3.99790677713893e-02 1.23746782259889e+05 
4.02074976620662e-02 1.22580751542421e+05 
4.04369589902205e-02 1.21442986399658e+05 
4.06673371999414e-02 1.20334162616675e+05 
4.08986806732567e-02 1.19254362311837e+05 
4.11309047078749e-02 1.18200723599736e+05 
4.13638896578012e-02 1.17171087759599e+05 
4.15975494230476e-02 1.16163011782398e+05 
4.18316899265117e-02 1.15180016763559e+05 
4.20662771462979e-02 1.14225077411283e+05 
4.23014583721477e-02 1.13297971094145e+05 
4.25371685658986e-02 1.12397529405135e+05 
4.27735875431364e-02 1.11522371092443e+05 
4.30106246683290e-02 1.10673820047115e+05 
4.32484800862398e-02 1.09850681478875e+05 
4.34870498279062e-02 1.09049561107557e+05 
4.37264296217747e-02 1.08268666714822e+05 
4.39666140157273e-02 1.07507250096766e+05 
4.42076086726665e-02 1.06764326829620e+05 
4.44494201007454e-02 1.06038996134969e+05 
4.46920478731790e-02 1.05330182323719e+05 
4.49354557298044e-02 1.04637250557297e+05 
4.51797018130094e-02 1.03959583593746e+05 
4.54247050818211e-02 1.03296975014048e+05 
4.56706205313834e-02 1.02648676657290e+05 
4.59172646626876e-02 1.02014686832335e+05 
4.61649269569324e-02 1.01394027861096e+05 
4.64132585478252e-02 1.00787041726231e+05 
4.66627074279497e-02 1.00192426345364e+05 
4.69125518669715e-02 9.96113489296605e+04 
4.71637034531505e-02 9.90412788142246e+04 
4.74154446934941e-02 9.84832225239140e+04 
4.76686320851857e-02 9.79347049969673e+04 
4.79224669772279e-02 9.73966899290096e+04 
4.81777282598692e-02 9.68667734461498e+04 
4.84335879232328e-02 9.63458091563243e+04 
4.86907864765112e-02 9.58314083546970e+04 
4.89486856241592e-02 9.53239559558360e+04 
4.92076888473961e-02 9.48219791980649e+04 
4.94672465238217e-02 9.43260912663304e+04 
4.97279896933475e-02 9.38345810614641e+04 
4.99892057905011e-02 9.33494014503828e+04 
5.02516598544513e-02 9.28701365285985e+04 
5.05144729015396e-02 9.24014424975777e+04 
5.07786375243753e-02 9.19420337988560e+04 
5.10432280324932e-02 9.15007666160897e+04 
5.13092561739641e-02 9.10881267658773e+04 
5.15757591955251e-02 9.07068148516443e+04 
5.18436927194292e-02 9.03700338092725e+04 
5.21121180488261e-02 9.00842970209582e+04 
5.23819351703596e-02 8.99002409581370e+04 
5.26522253255648e-02 8.97707377614161e+04 
5.29237777817535e-02 8.97417125980627e+04 
5.31958550657622e-02 8.97753089048880e+04 
5.34688805733844e-02 8.98357313740744e+04 
5.37425002675093e-02 9.00726099809587e+04 
5.40168427601733e-02 9.05808894101282e+04 
5.42917514208727e-02 9.13884081971280e+04 
5.45673733820329e-02 9.24691381741638e+04 
5.48435537934244e-02 9.38336241994895e+04 
5.51204751259402e-02 9.53974820752496e+04 
5.53979558211138e-02 9.70701402729789e+04 
5.56762336479295e-02 9.87809245217255e+04 
5.59550451509452e-02 1.00350144817458e+05 
5.62347201426778e-02 1.01722176412373e+05 
5.65149347142453e-02 1.02685856681805e+05 
5.67961302976444e-02 1.03242385612730e+05 
5.70779480719389e-02 1.03434283875959e+05 
5.73607967050916e-02 1.03404367894303e+05 
5.76442842261093e-02 1.03323689829004e+05 
5.79288460005703e-02 1.03111267154311e+05 
5.82140624575460e-02 1.02801670204258e+05 
5.85003566836879e-02 1.02389222996488e+05 
5.87873243100091e-02 1.01881598355551e+05 
5.90752963766575e-02 1.01312336406287e+05 
5.93640022945084e-02 1.00700337744031e+05 
5.96535516719351e-02 1.00063266961893e+05 
5.99438734418213e-02 9.94142130498516e+04 
6.02350017731522e-02 9.87581364983407e+04 
6.05268915212700e-02 9.80948182195431e+04 
6.08195803454771e-02 9.74317110707360e+04 
6.11126414478177e-02 9.67698398309282e+04 
6.14061774971992e-02 9.61101573215164e+04 
6.17000910107852e-02 9.54521530452996e+04 
6.19944497943318e-02 9.47961481844660e+04 
6.22891384645705e-02 9.41415217774620e+04 
6.25841703483855e-02 9.34890076051062e+04 
6.28794381588653e-02 9.28385214306068e+04 
6.31749278852364e-02 9.21912487629456e+04 
6.34705861719663e-02 9.15484011685779e+04 
6.37664076345517e-02 9.09124347739582e+04 
6.40624018685615e-02 9.02875564645234e+04 
6.43585761629894e-02 8.96802522770233e+04 
6.46549749700142e-02 8.90974403520665e+04 
6.49516089309729e-02 8.85479813465761e+04 
6.52485285669841e-02 8.80463279746443e+04 
6.55457349251633e-02 8.76050458440924e+04 
6.58432659454197e-02 8.72473278032079e+04 
6.61411053351794e-02 8.69893048400998e+04 
6.64392858890284e-02 8.68477372224017e+04 
6.67377807471086e-02 8.68383488096047e+04 
6.70366359780968e-02 8.69847100785300e+04 
6.73358226157035e-02 8.72804283862037e+04 
6.76354001208749e-02 8.77200564705129e+04 
6.79353305992502e-02 8.82989066142011e+04 
6.82356671469756e-02 8.89891896545576e+04 
6.85363623888028e-02 8.97617076487911e+04 
6.88374629130732e-02 9.05767702893485e+04 
6.91389237198764e-02 9.14034993627829e+04 
6.94407870960031e-02 9.21979652545895e+04 
6.97430085216933e-02 9.29372594974189e+04 
7.00456337265426e-02 9.35723964802982e+04 
7.03486043221408e-02 9.41631036138432e+04 
7.06519701207277e-02 9.45800738596030e+04 
7.09556491181753e-02 9.48526031654360e+04 
7.12596961097928e-02 9.49652323123789e+04 
7.15640097748021e-02 9.50956427924801e+04 
7.18686685483095e-02 9.52340974142842e+04 
7.21735473269877e-02 9.53701911320545e+04 
7.24787507445369e-02 9.54950178023822e+04 
7.27841455709122e-02 9.56117062694353e+04 
7.30898585108750e-02 9.57085672242637e+04 
7.33957471993448e-02 9.57730895574945e+04 
7.37019553439703e-02 9.58006064746835e+04 
7.40083321763087e-02 9.57773634527824e+04 
7.43149933151623e-02 9.57392092347871e+04 
7.46217764206011e-02 9.57030312190851e+04 
7.49287812090047e-02 9.56479282704858e+04 
7.52358357305960e-02 9.56597579583989e+04 
7.55430386262172e-02 9.57110022973465e+04 
7.58502287022521e-02 9.71506825221261e+04 
7.61574826711285e-02 1.01815788178656e+05 
7.64644423749746e-02 1.10239840944228e+05 
7.67711169466246e-02 1.21378745698614e+05 
7.70773189028511e-02 1.33295339273846e+05 
7.73828256271972e-02 1.42076088085982e+05 
7.76875972212900e-02 1.47075904093315e+05 
7.79911648106078e-02 1.48230661231812e+05 
7.82937605092158e-02 1.48158563781497e+05 
7.85948070070722e-02 1.47507393666960e+05 
7.88948435977267e-02 1.46324537310747e+05 
7.91933519382114e-02 1.44976410465062e+05 
7.94900558731086e-02 1.43832317579228e+05 
7.97845207018912e-02 1.42955089892709e+05 
8.00775827560433e-02 1.42202148895084e+05 
8.03693313947050e-02 1.41615783877108e+05 
8.06604528640675e-02 1.41174920173229e+05 
8.09511676732123e-02 1.40820802415477e+05 
8.12417918799378e-02 1.40477754401773e+05 
8.15325982193252e-02 1.40136056659487e+05 
8.18236068530422e-02 1.39776956816712e+05 
8.21148942218786e-02 1.39369615616702e+05 
8.24063002775549e-02 1.38927494902415e+05 
8.26978599338423e-02 1.38425772007247e+05 
8.29897086043385e-02 1.37866675217653e+05 
8.32818232897125e-02 1.37251516621132e+05 
8.35742563590419e-02 1.36608270163115e+05 
8.38670109525300e-02 1.35942562321510e+05 
8.41600959801559e-02 1.35252094809965e+05 
8.44534827174519e-02 1.34522609528057e+05 
8.47471458254905e-02 1.33737383109681e+05 
8.50411132656604e-02 1.32915865751844e+05 
8.53353273316661e-02 1.32063084980105e+05 
8.56298149715710e-02 1.31184318996577e+05 
8.59245071857415e-02 1.30283911634312e+05 
8.62194414662384e-02 1.29366114502196e+05 
8.65145752528329e-02 1.28438221162805e+05 
8.68099561528752e-02 1.27508471283969e+05 
8.71055443337551e-02 1.26585659355612e+05 
8.74013951310525e-02 1.25673084410167e+05 
8.76974553814604e-02 1.24778171656208e+05 
8.79937983597841e-02 1.23902721114972e+05 
8.82903412303489e-02 1.23052734835635e+05 
8.85871852002137e-02 1.22228566174224e+05 
8.88842315950124e-02 1.21435739087803e+05 
8.91815979960188e-02 1.20674742106170e+05 
8.94791744706015e-02 1.19945880682876e+05 
8.97770896907155e-02 1.19248852329707e+05 
9.00752200244427e-02 1.18587737018363e+05 
9.03737113804023e-02 1.17951521296886e+05 
9.06724199796422e-02 1.17348297990541e+05 
9.09715117390348e-02 1.16769249445926e+05 
9.12708214244441e-02 1.16210166394781e+05 
9.15705331801126e-02 1.15654170395555e+05 
9.18704674468744e-02 1.15106360785735e+05 
9.21708245320869e-02 1.14560399711131e+05 
9.24714137956270e-02 1.14019936044390e+05 
9.27724515118252e-02 1.13480572736175e+05 
9.30737383696861e-02 1.12942746177706e+05 
9.33755024640504e-02 1.12404535215101e+05 
9.36775166167867e-02 1.11865016602858e+05 
9.39800222265595e-02 1.11324583162362e+05 
9.42827587966312e-02 1.10782954712002e+05 
9.45859948003240e-02 1.10234542214372e+05 
9.48894378884065e-02 1.09680114168635e+05 
9.51933895044303e-02 1.09116093514231e+05 
9.54975167941962e-02 1.08545520425245e+05 
9.58021604920781e-02 1.07966723529406e+05 
9.61070167669234e-02 1.07381337772548e+05 
9.64123807475904e-02 1.06787634492852e+05 
9.67179544092364e-02 1.06187649503658e+05 
9.70240224320734e-02 1.05579517839607e+05 
9.73302739150625e-02 1.04965521585659e+05 
9.76369831136583e-02 1.04343822863363e+05 
9.79438666515647e-02 1.03716621701603e+05 
9.82511811174825e-02 1.03081972552997e+05 
9.85586590040732e-02 1.02442122750905e+05 
9.88665306892949e-02 1.01795323314445e+05 
9.91745518045034e-02 1.01143681231270e+05 
9.94829145310714e-02 1.00485974584573e+05 
9.97913621273041e-02 9.98241493967253e+04 
1.00100111703422e-01 9.91575154057905e+04 
1.00408900752881e-01 9.84883880255851e+04 
1.00717906201127e-01 9.78166136259226e+04 
1.01026871821768e-01 9.71451963030337e+04 
1.01335911501145e-01 9.64746546050479e+04 
1.01644739302236e-01 9.58084978408691e+04 
1.01953426241253e-01 9.51478528096607e+04 
1.02261662958107e-01 9.44964099157152e+04 
1.02569433050020e-01 9.38557149300065e+04 
1.02877199856536e-01 9.32277235242096e+04 
1.03183763349872e-01 9.26163463764412e+04 
1.03489076197513e-01 9.20238444140625e+04 
1.03793007268782e-01 9.14513210308393e+04 
1.04095552661641e-01 9.09002247501398e+04 
1.04396631804787e-01 9.03709202878487e+04 
1.04696322930233e-01 8.98638495391026e+04 
1.04994570018141e-01 8.93787033371278e+04 
1.05291522307645e-01 8.89150704411300e+04 
1.05587087237926e-01 8.84721206945411e+04 
1.05881336728777e-01 8.80486295705506e+04 
1.06174042877828e-01 8.76442915607809e+04 
1.06465378041433e-01 8.72576561020005e+04 
1.06755342342601e-01 8.68873547721775e+04 
1.07044144580620e-01 8.65318075981445e+04 
1.07331775458411e-01 8.61896136057763e+04 
1.07618255278127e-01 8.58597079682399e+04 
1.07903618130131e-01 8.55405735753416e+04 
1.08188081814405e-01 8.52310196132710e+04 
1.08471712905216e-01 8.49295841202177e+04 
1.08754699498230e-01 8.46352168728794e+04 
1.09037104005191e-01 8.43463586324501e+04 
1.09319061269701e-01 8.40620853036367e+04 
1.09600657342207e-01 8.37806516557931e+04 
1.09881963981602e-01 8.35011977679265e+04 
1.10163082210549e-01 8.32216282761877e+04 
1.10443993580514e-01 8.29409499503080e+04 
1.10724794188701e-01 8.26575346763321e+04 
1.11005428838071e-01 8.23704714849651e+04 
1.11285898806713e-01 8.20781695692045e+04 
1.11566104328193e-01 8.17802202908484e+04 
1.11846198084233e-01 8.14770870360669e+04 
1.12126149480423e-01 8.11659597139790e+04 
1.12406348608112e-01 8.08461313027254e+04 
1.12686563569247e-01 8.05265439918063e+04 
1.12966943262348e-01 8.02061149037676e+04 
1.13247319260087e-01 7.98897969269831e+04 
1.13527519945707e-01 7.95797807300632e+04 
1.13807762510180e-01 7.92732426156835e+04 
1.14087857323209e-01 7.90687639341941e+04 
1.14368035453920e-01 7.90499776272536e+04 
1.14648115550839e-01 7.93043414895400e+04 
1.14928318390140e-01 7.99006210204825e+04 
1.15208459356414e-01 8.07975427167817e+04 
1.15488748393693e-01 8.19902366679212e+04 
1.15769008031848e-01 8.34268522613018e+04 
1.16049429850762e-01 8.50246512540770e+04 
1.16329856460352e-01 8.67192371566640e+04 
1.16610451233516e-01 8.83371901857442e+04 
1.16891109622512e-01 8.97632516968394e+04 
1.17171922532909e-01 9.11314557602433e+04 
1.17452787007385e-01 9.20278649171673e+04 
1.17733775366398e-01 9.26010728964969e+04 
1.18014773391669e-01 9.28926211061395e+04 
1.18295811346262e-01 9.27948521548874e+04 
1.18576742578208e-01 9.27184359229588e+04 
1.18857528579305e-01 9.26074857672794e+04 
1.19137997146285e-01 9.24921658645024e+04 
1.19419152193035e-01 9.23387608233472e+04 
1.19699827710457e-01 9.21804554031064e+04 
1.19980097968064e-01 9.20352445737215e+04 
1.20259398117149e-01 9.19032622084968e+04 
1.20537716992863e-01 9.17890792774886e+04 
1.20814375756592e-01 9.16985281042209e+04 
1.21089706531257e-01 9.16237447741437e+04 
1.21363156178949e-01 9.15684530286354e+04 
1.21635231212529e-01 9.15141813610472e+04 
1.21905549217450e-01 9.14487614033398e+04 
1.22174722100129e-01 9.13902026188111e+04 
1.22442517354353e-01 9.12736137568940e+04 
1.22709405475169e-01 9.11220725586669e+04 
1.22975016038703e-01 9.09389026971637e+04 
1.23239848100558e-01 9.07136025764695e+04 
1.23503827409121e-01 9.04678062189921e+04 
1.23767258865022e-01 9.02099180485158e+04 
1.24030147523943e-01 8.99192156690761e+04 
1.24292687638969e-01 8.96174892929312e+04 
1.24554848518718e-01 8.92902860011450e+04 
1.24816735991761e-01 8.89411248166421e+04 
1.25078156418189e-01 8.85717818120174e+04 
1.25339552543999e-01 8.81809173390168e+04 
1.25600621891655e-01 8.77761203496898e+04 
1.25861729990204e-01 8.73557145679722e+04 
1.26122527786785e-01 8.69287105694990e+04 
1.26383445775513e-01 8.64971610568888e+04 
1.26644149137953e-01 8.60633942020433e+04 
1.26905027470567e-01 8.56288217696761e+04 
1.27165767385146e-01 8.51942612874758e+04 
1.27426721028394e-01 8.47616119643212e+04 
1.27687639865456e-01 8.43333558682057e+04 
1.27948780315447e-01 8.39099382921862e+04 
1.28209965434149e-01 8.34926654851399e+04 
1.28471373109895e-01 8.30814024365252e+04 
1.28732744129768e-01 8.26768335156044e+04 
1.28994475133756e-01 8.22786083723937e+04 
1.29256109644485e-01 8.18875599210992e+04 
1.29518188996996e-01 8.15026602359915e+04 
1.29780205662367e-01 8.11246837857585e+04 
1.30042664699253e-01 8.07524924047994e+04 
1.30305124247148e-01 8.03866990917291e+04 
1.30568035402914e-01 8.00263369988255e+04 
1.30830982172178e-01 7.96718610933427e+04 
1.31094364282884e-01 7.93224125289877e+04 
1.31357721521369e-01 7.89783926219963e+04 
1.31621450131703e-01 7.86389973625796e+04 
1.31885147269718e-01 7.83044883577502e+04 
1.32149171157485e-01 7.79741196344057e+04 
1.32413033493234e-01 7.76481826530728e+04 
1.32677263706599e-01 7.73256775693899e+04 
1.32941343791000e-01 7.70069107030877e+04 
1.33205894051330e-01 7.66907539333806e+04 
1.33470382808187e-01 7.63775201962335e+04 
1.33735406385011e-01 7.60662132769468e+04 
1.34000440659691e-01 7.57571301823511e+04 
1.34265989599128e-01 7.54494467042465e+04 
1.34531565873628e-01 7.51437784280231e+04 
1.34797638065767e-01 7.48392114231738e+04 
1.35063757775066e-01 7.45365370672826e+04 
1.35330348419235e-01 7.42355768457804e+04 
1.35597058916157e-01 7.39365207234780e+04 
1.35864072336179e-01 7.36406272686596e+04 
1.36131063685051e-01 7.33491301158295e+04 
1.36398373343576e-01 7.30595150494811e+04 
1.36665614330243e-01 7.27792248357472e+04 
1.36933165825209e-01 7.25075541890112e+04 
1.37200657539281e-01 7.22433407938642e+04 
1.37468503572146e-01 7.19891174826716e+04 
1.37736323040068e-01 7.17404705008519e+04 
1.38004408402444e-01 7.14970752191205e+04 
1.38272446317021e-01 7.12674015136251e+04 
1.38540698483692e-01 7.10503908679026e+04 
1.38808911324296e-01 7.08497287047199e+04 
1.39077290361158e-01 7.06568837330071e+04 
1.39345612834301e-01 7.04802460483211e+04 
1.39613976838107e-01 7.03233324573973e+04 
1.39882277942268e-01 7.01975028135012e+04 
1.40150646206143e-01 7.01028235661824e+04 
1.40418923276925e-01 7.00369066161980e+04 
1.40687293889476e-01 6.99974372638331e+04 
1.40955625600641e-01 6.99844869843113e+04 
1.41224101292751e-01 6.99949003228082e+04 
1.41492547910583e-01 7.00262029868972e+04 
1.41761159302136e-01 7.00735986780805e+04 
1.42029757135100e-01 7.01327256796960e+04 
1.42298553615505e-01 7.01983237531581e+04 
1.42567374677887e-01 7.02650597499559e+04 
1.42836374883055e-01 7.03279908202808e+04 
1.43105405911027e-01 7.03813148992613e+04 
1.43374597421882e-01 7.04190159643145e+04 
1.43643837797589e-01 7.04386671300163e+04 
1.43913216637469e-01 7.04345054743217e+04 
1.44182621401834e-01 7.04028367740926e+04 
1.44452165184290e-01 7.03541717425974e+04 
1.44721711691882e-01 7.02704647588305e+04 
1.44991449150858e-01 7.01613127062638e+04 
1.45261190565901e-01 7.00334991133783e+04 
1.45531133892698e-01 6.98866238993994e+04 
1.45801091100331e-01 6.97346068680737e+04 
1.46071228963696e-01 6.95759491676529e+04 
1.46341367756027e-01 6.94114307149455e+04 
1.46611667782478e-01 6.92391428564474e+04 
1.46882002249209e-01 6.90629230822965e+04 
1.47152387698819e-01 6.88875793827376e+04 
1.47422787773633e-01 6.87132529268245e+04 
1.47693239266375e-01 6.85438589004462e+04 
1.47963689547247e-01 6.83815634773246e+04 
1.48234196462891e-01 6.82241791679860e+04 
1.48504682374097e-01 6.80795321296476e+04 
1.48775261042000e-01 6.79467484058330e+04 
1.49045851402814e-01 6.78253700550546e+04 
1.49316531380895e-01 6.77190806455348e+04 
1.49587222382634e-01 6.76192656751091e+04 
1.49857960888842e-01 6.75261637735556e+04 
1.50128737344739e-01 6.74447922094950e+04 
1.50399521479791e-01 6.73747296480983e+04 
1.50670343351178e-01 6.73216275704631e+04 
1.50941170783603e-01 6.72890353774691e+04 
1.51212025801187e-01 6.72694498219493e+04 
1.51482897473911e-01 6.72757184953202e+04 
1.51753802687205e-01 6.73063275114228e+04 
1.52024737055556e-01 6.73563656066134e+04 
1.52295703269481e-01 6.74238925206080e+04 
1.52566708546185e-01 6.74994881076524e+04 
1.52837778567912e-01 6.75806717810416e+04 
1.53108889229312e-01 6.76764471289118e+04 
1.53380074230760e-01 6.77948341761671e+04 
1.53651308440643e-01 6.79386475067448e+04 
1.53922606104850e-01 6.81095081353270e+04 
1.54193948887734e-01 6.83098394845119e+04 
1.54465348571975e-01 6.85432336034201e+04 
1.54736785797997e-01 6.88124257621457e+04 
1.55008276736491e-01 6.91207805637744e+04 
1.55279802243574e-01 6.94705605601436e+04 
1.55551370326155e-01 6.98638232713895e+04 
1.55822973209264e-01 7.03012879467178e+04 
1.56094621903969e-01 7.07829149547455e+04 
1.56366302346708e-01 7.13059838056359e+04 
1.56638033992370e-01 7.18666142504972e+04 
1.56909799864132e-01 7.24590099768510e+04 
1.57182144215547e-01 7.30775157391237e+04 
1.57454539227630e-01 7.37121100972623e+04 
1.57727031032782e-01 7.43521389777758e+04 
1.57999579567639e-01 7.49885653394061e+04 
1.58272224357540e-01 7.56125386948535e+04 
1.58544940470176e-01 7.62159298427810e+04 
1.58817754633462e-01 7.67895509177756e+04 
1.59090659947156e-01 7.73302433467711e+04 
1.59363661458580e-01 7.78391877558559e+04 
1.59636774848501e-01 7.82986319899869e+04 
1.59912397897823e-01 7.87356418562328e+04 
1.60188148158776e-01 7.91056074033091e+04 
1.60464003382316e-01 7.94188607255927e+04 
1.60739998241382e-01 7.96828488855129e+04 
1.61016079221187e-01 7.99367632454185e+04 
1.61292292608326e-01 8.01850822632352e+04 
1.61568582657127e-01 8.04361290881585e+04 
1.61844991203472e-01 8.06832733498781e+04 
1.62124730832764e-01 8.09326188055552e+04 
1.62404602592734e-01 8.11839934845432e+04 
1.62684568017804e-01 8.14404234485677e+04 
1.62964646788806e-01 8.17026881625893e+04 
1.63244814023565e-01 8.19724679025289e+04 
1.63525076641555e-01 8.22508031595790e+04 
1.63805414234733e-01 8.25381162695134e+04 
1.64085827236476e-01 8.28351967620908e+04 
1.64366306872027e-01 8.31416614469086e+04 
1.64646841714919e-01 8.34579760473978e+04 
1.64927436067696e-01 8.37836306952017e+04 
1.65208069195951e-01 8.41185488202199e+04 
1.65488753374392e-01 8.44621606768575e+04 
1.65774556025609e-01 8.48205983070416e+04 
1.66060657660914e-01 8.51873590677666e+04 
1.66347031348634e-01 8.55616152315785e+04 
1.66633700044476e-01 8.59430397719083e+04 
1.66920641060748e-01 8.63274227746164e+04 
1.67207857107412e-01 8.67170597161170e+04 
1.67495342500813e-01 8.71099048754222e+04 
1.67783078151652e-01 8.75044392211489e+04 
1.68071081918106e-01 8.78988774534109e+04 
1.68359323103890e-01 8.82915604237526e+04 
1.68647829266245e-01 8.86812387684572e+04 
1.68936581490024e-01 8.90669057021617e+04 
1.69225608409876e-01 8.94477818218025e+04 
1.69514891629151e-01 8.98241557939693e+04 
1.69804468155714e-01 9.01958608326567e+04 
1.70094316623145e-01 9.05631549064084e+04 
1.70384461193749e-01 9.09272091547437e+04 
1.70674878429481e-01 9.12892429729579e+04 
1.70965582266040e-01 9.16499930529154e+04 
1.71256561972331e-01 9.20114611967258e+04 
1.71547813427681e-01 9.23763997336576e+04 
1.71839341474406e-01 9.27461383033712e+04 
1.72131122063259e-01 9.31231411793873e+04 
1.72423179524991e-01 9.35071290137550e+04 
1.72715477920024e-01 9.39007721878008e+04 
1.73008038960423e-01 9.43059353350353e+04 
1.73300776195163e-01 9.47125887934392e+04 
1.73593763116838e-01 9.51178297636916e+04 
1.73886894018518e-01 9.55228070629870e+04 
1.74180202683759e-01 9.59261801115693e+04 
1.74469946347691e-01 9.63173900047845e+04 
1.74764047681073e-01 9.67037967947290e+04 
1.75058685547013e-01 9.70757580678683e+04 
1.75353573449334e-01 9.74304318558348e+04 
1.75648655261886e-01 9.77640042333328e+04 
1.75943996040528e-01 9.80747199138994e+04 
1.76239535240401e-01 9.83594501059164e+04 
1.76535339917928e-01 9.86122609078449e+04 
1.76831345045292e-01 9.88481431530560e+04 
1.77121314651924e-01 9.90310005480302e+04 
1.77407543779961e-01 9.91788856283671e+04 
1.77697430345064e-01 9.92925487244036e+04 
1.77990090915758e-01 9.93886430040733e+04 
1.78284291973042e-01 9.94838381825822e+04 
1.78579036595453e-01 9.95731683958196e+04 
1.78874427325396e-01 9.96588151785513e+04 
1.79170604139984e-01 9.97363659734413e+04 
1.79466932100417e-01 9.98048128963676e+04 
1.79763741284694e-01 9.98655651755561e+04 
1.80060930181652e-01 9.99189057681962e+04 
1.80358567297550e-01 9.99646876353469e+04 
1.80657895700287e-01 1.00003402206892e+05 
1.80957410118147e-01 1.00034837720616e+05 
1.81257100007125e-01 1.00059972840188e+05 
1.81557019835181e-01 1.00078070769557e+05 
1.81856995401261e-01 1.00091426984194e+05 
1.82156988586252e-01 1.00094655757130e+05 
1.82457025867181e-01 1.00089782416894e+05 
1.82757071133549e-01 1.00074780331260e+05 
1.83057140104331e-01 1.00058143975729e+05 
1.83357183754718e-01 1.00038989805371e+05 
1.83657202805673e-01 1.00016027202145e+05 
1.83957159752324e-01 9.99895636115561e+04 
1.84257060946718e-01 9.99588983614653e+04 
1.84558487869752e-01 9.99236789180008e+04 
1.84860061480986e-01 9.98854119893696e+04 
1.85161718947810e-01 9.98435762430675e+04 
1.85463534652316e-01 9.98001739681775e+04 
1.85765439662526e-01 9.97557788416681e+04 
1.86067425819268e-01 9.97112390538808e+04 
1.86369477722395e-01 9.96669018131582e+04 
1.86671548366382e-01 9.96235438644174e+04 
1.86973599095149e-01 9.95831504399121e+04 
1.87275497383231e-01 9.95463590721024e+04 
1.87577285752435e-01 9.95137503159519e+04 
1.87878908155464e-01 9.94854787423430e+04 
1.88180413228347e-01 9.94630066382441e+04 
1.88481761439377e-01 9.94489261034883e+04 
1.88783005574717e-01 9.94421626047228e+04 
1.89084116371850e-01 9.94374635132515e+04 
1.89385144835088e-01 9.94479921483364e+04 
1.89686064328982e-01 9.94675808420343e+04 
1.89986925333618e-01 9.94975104316148e+04 
1.90287706868896e-01 9.95397533455071e+04 
1.90588449661704e-01 9.95796750437246e+04 
1.90889133563251e-01 9.96233903237863e+04 
1.91189791799265e-01 9.96798289947982e+04 
1.91490424615792e-01 9.97530775315374e+04 
1.91791035783084e-01 9.98492534896721e+04 
1.92091636447049e-01 9.99655745833005e+04 
1.92392224786452e-01 1.00099029936772e+05 
1.92692817839185e-01 1.00248616470680e+05 
1.92993403752037e-01 1.00410552735422e+05 
1.93293994808270e-01 1.00581865436936e+05 
1.93594582014163e-01 1.00757391180697e+05 
1.93895167801271e-01 1.00931946012189e+05 
1.94206186064420e-01 1.01109374627242e+05 
1.94517222754636e-01 1.01274416805017e+05 
1.94828262321860e-01 1.01421194582378e+05 
1.95140236118104e-01 1.01554391229125e+05 
1.95452336988374e-01 1.01654679443980e+05 
1.95764604418902e-01 1.01730288335116e+05 
1.96077292645502e-01 1.01770730955019e+05 
1.96399520156415e-01 1.01811312460929e+05 
1.96721736822107e-01 1.01843779654603e+05 
1.97043955997461e-01 1.01858192478125e+05 
1.97366167686595e-01 1.01846128599805e+05 
1.97688383535418e-01 1.01800651258374e+05 
1.98010601677483e-01 1.01729593175240e+05 
1.98332828463637e-01 1.01633090584338e+05 
1.98655069059182e-01 1.01515194104357e+05 
1.98977319708401e-01 1.01377360472171e+05 
1.99299590957261e-01 1.01223570914504e+05 
1.99621867731240e-01 1.01057187659474e+05 
1.99944159907652e-01 1.00881185300951e+05 
2.00266439412145e-01 1.00698927075021e+05 
