# Liste des scalaires : TEMPS pmat 
0.00000000000000e+00 1.00000000000000e+05 
7.22956891292051e-05 1.00000000000000e+05 
1.39473830159790e-04 1.00000000000000e+05 
2.09658797050094e-04 1.00000000000000e+05 
2.76117114236764e-04 1.00000000000000e+05 
3.20638761908166e-04 1.00000000000000e+05 
3.55139419127719e-04 1.00000000000000e+05 
3.84466703007001e-04 1.00000000000000e+05 
4.10882456555404e-04 1.00000000000000e+05 
4.35440253191898e-04 1.00000000000000e+05 
4.62453829492041e-04 1.00000000000000e+05 
4.92168763422199e-04 1.00000000000000e+05 
5.24855190745372e-04 1.00000000000000e+05 
5.60810260800862e-04 1.00000000000000e+05 
6.00360837861902e-04 1.00000000000000e+05 
6.43866472629046e-04 1.00000000000000e+05 
6.91722670872904e-04 1.00000000000000e+05 
7.44364488941147e-04 1.00000000000000e+05 
8.02270488816215e-04 1.00000000000000e+05 
8.65967088678790e-04 1.00000000000000e+05 
9.36033348527623e-04 1.00000000000000e+05 
9.92875639472175e-04 1.00000000000000e+05 
1.04731322919905e-03 1.00000000000000e+05 
1.10025297694752e-03 1.00000000000000e+05 
1.15247058847803e-03 1.00000000000000e+05 
1.20709359459253e-03 1.00000000000000e+05 
1.26386232872148e-03 1.00000000000000e+05 
1.32318783754092e-03 1.00000000000000e+05 
1.38481785021148e-03 1.00000000000000e+05 
1.44314717744583e-03 1.00000000000000e+05 
1.50345709501446e-03 1.00000000000000e+05 
1.56677196038627e-03 1.00000000000000e+05 
1.63194439904245e-03 1.00000000000000e+05 
1.70239129434143e-03 1.00000000000000e+05 
1.76323114028261e-03 1.00000000000000e+05 
1.82744755936568e-03 1.00000000000000e+05 
1.89346077054276e-03 1.00000000000000e+05 
1.96443706936194e-03 1.00000000000000e+05 
2.04088649653128e-03 1.00000000000000e+05 
2.11249773248315e-03 1.00000000000000e+05 
2.19127009203020e-03 1.00000000000000e+05 
2.26171633655607e-03 1.00000000000000e+05 
2.32619013912692e-03 1.00000000000000e+05 
2.39166649187289e-03 1.00000000000000e+05 
2.45985424810407e-03 1.00000000000000e+05 
2.52931797306858e-03 1.00000000000000e+05 
2.60068810300692e-03 1.00000000000000e+05 
2.67475089307026e-03 1.00000000000000e+05 
2.75204340702239e-03 1.00000000000000e+05 
2.83473116656759e-03 1.00000000000000e+05 
2.90435693005954e-03 1.00000000000000e+05 
2.97492669209680e-03 1.00000000000000e+05 
3.04790848147611e-03 1.00000000000000e+05 
3.12176803309597e-03 1.00000000000000e+05 
3.19851608138722e-03 1.00000000000000e+05 
3.27606969663694e-03 1.00000000000000e+05 
3.35752092607068e-03 1.00000000000000e+05 
3.43942016751831e-03 1.00000000000000e+05 
3.52636731743992e-03 1.00000000000000e+05 
3.61392956810691e-03 1.00000000000000e+05 
3.70816695291041e-03 1.00000000000000e+05 
3.80373635126173e-03 1.00000000000000e+05 
3.89880828317759e-03 1.00000000000000e+05 
3.98998424785808e-03 1.00000000000000e+05 
4.07528755455649e-03 1.00000000000000e+05 
4.16125408755037e-03 1.00000000000000e+05 
4.24989530349924e-03 1.00000000000000e+05 
4.33899746440088e-03 1.00000000000000e+05 
4.43110674581662e-03 1.00000000000000e+05 
4.52351452243447e-03 1.00000000000000e+05 
4.61926343986125e-03 1.00000000000000e+05 
4.71512934698052e-03 1.00000000000000e+05 
4.81394364216830e-03 1.00000000000000e+05 
4.91338898838376e-03 1.00000000000000e+05 
5.01547337348868e-03 1.00000000000000e+05 
5.11844357992136e-03 1.00000000000000e+05 
5.22368209738751e-03 1.00000000000000e+05 
5.33012121149913e-03 1.00000000000000e+05 
5.43823003961988e-03 1.00000000000000e+05 
5.54811783549738e-03 1.00000000000000e+05 
5.66160384097966e-03 1.00000000000000e+05 
5.77480410569479e-03 1.00000000000000e+05 
5.89143006081024e-03 1.00000000000000e+05 
6.00765276204466e-03 1.00000000000000e+05 
6.12523676695713e-03 1.00000000000000e+05 
6.24161131723420e-03 1.00000000000000e+05 
6.36962332253897e-03 1.00000000000000e+05 
6.51043652837423e-03 1.00000000000000e+05 
6.66320268266361e-03 1.00000000000000e+05 
6.81326202501054e-03 1.00000000000000e+05 
6.95816520079770e-03 1.00000000000000e+05 
7.10075143981482e-03 1.00000000000000e+05 
7.23888427266750e-03 1.00000000000000e+05 
7.37488903503391e-03 1.00000000000000e+05 
7.50733921431673e-03 1.00000000000000e+05 
7.63775064104844e-03 1.00000000000000e+05 
7.76563598868771e-03 1.00000000000000e+05 
7.89190804377992e-03 1.00000000000000e+05 
8.01654584730710e-03 1.00000000000000e+05 
8.15364743118699e-03 1.00000000000000e+05 
8.29565433482075e-03 1.00000000000000e+05 
8.43282377569388e-03 1.00000000000000e+05 
8.56552078987794e-03 1.00000000000000e+05 
8.69568376448380e-03 1.00000000000000e+05 
8.82348645966740e-03 1.00000000000000e+05 
8.96406942436936e-03 1.00000000000000e+05 
9.11871068554152e-03 1.00000000000000e+05 
9.27553762486878e-03 1.00000000000000e+05 
9.42711887270021e-03 1.00000000000000e+05 
9.57462034318157e-03 1.00000000000000e+05 
9.71892843920153e-03 1.00000000000000e+05 
9.85917348662214e-03 1.00000000000000e+05 
9.99430832165899e-03 1.00000000000000e+05 
1.01262695898422e-02 1.00000000000000e+05 
1.02553719652682e-02 1.00000000000000e+05 
1.03973845782367e-02 1.00000000000000e+05 
1.05352712019978e-02 1.00000000000000e+05 
1.06697279052494e-02 1.00000000000000e+05 
1.08176302788261e-02 1.00000000000000e+05 
1.09803228897605e-02 1.00000000000000e+05 
1.11380829756756e-02 1.00000000000000e+05 
1.12887896168260e-02 1.00000000000000e+05 
1.14351060324811e-02 1.00000000000000e+05 
1.15849612780175e-02 1.00000000000000e+05 
1.17272314746832e-02 1.00000000000000e+05 
1.18654566301611e-02 1.00000000000000e+05 
1.19992430476155e-02 1.00000000000000e+05 
1.21300683641993e-02 1.00000000000000e+05 
1.22739762124415e-02 1.00000000000000e+05 
1.24322748455079e-02 1.00000000000000e+05 
1.25988642897924e-02 1.00000000000000e+05 
1.27565717488728e-02 1.00000000000000e+05 
1.29092155035578e-02 1.00000000000000e+05 
1.30573481495496e-02 1.00000000000000e+05 
1.32202940601406e-02 1.00000000000000e+05 
1.33801015360173e-02 1.00000000000000e+05 
1.35336538310176e-02 1.00000000000000e+05 
1.36817478769908e-02 1.00000000000000e+05 
1.38321146243709e-02 1.00000000000000e+05 
1.39820914610069e-02 1.00000000000000e+05 
1.41232506798627e-02 1.00000000000000e+05 
1.42651263581377e-02 1.00000000000000e+05 
1.44018678626520e-02 1.00000000000000e+05 
1.45398929971440e-02 1.00000000000000e+05 
1.46917206450851e-02 1.00000000000000e+05 
1.48587310578204e-02 1.00000000000000e+05 
1.50396598661133e-02 1.00000000000000e+05 
1.52172517719395e-02 1.00000000000000e+05 
1.53921033635512e-02 1.00000000000000e+05 
1.55646971156313e-02 1.00000000000000e+05 
1.57350299404675e-02 1.00000000000000e+05 
1.59037746087123e-02 1.00000000000000e+05 
1.60700902445692e-02 1.00000000000000e+05 
1.62352484127351e-02 1.00000000000000e+05 
1.63976367705511e-02 1.00000000000000e+05 
1.65591021647685e-02 1.00000000000000e+05 
1.66938684185138e-02 1.00000000000000e+05 
1.68112536910596e-02 1.00000000000000e+05 
1.69275955530686e-02 1.00000000000000e+05 
1.70435790809120e-02 1.00000000000000e+05 
1.71595469618809e-02 1.00000000000000e+05 
1.72750726557313e-02 1.00000000000000e+05 
1.73911746010144e-02 1.00000000000000e+05 
1.75068716558846e-02 1.00000000000000e+05 
1.76235098619647e-02 1.00000000000000e+05 
1.77398425563487e-02 1.00000000000000e+05 
1.78573172320875e-02 1.00000000000000e+05 
1.79745952643813e-02 1.00000000000000e+05 
1.80931582094047e-02 1.00000000000000e+05 
1.82116793629841e-02 1.00000000000000e+05 
1.83312452567488e-02 1.00000000000000e+05 
1.84509358780864e-02 1.00000000000000e+05 
1.85710918024607e-02 1.00000000000000e+05 
1.86911346662163e-02 1.00000000000000e+05 
1.88117413249702e-02 1.00000000000000e+05 
1.89328069335084e-02 1.00000000000000e+05 
1.90542661204082e-02 1.00000000000000e+05 
1.91764475561286e-02 1.00000000000000e+05 
1.92989008430849e-02 1.00000000000000e+05 
1.94221739493106e-02 1.00000000000000e+05 
1.95455976062541e-02 1.00000000000000e+05 
1.96697988688454e-02 1.00000000000000e+05 
1.97940747561049e-02 1.00000000000000e+05 
1.99190402597129e-02 1.00000000000000e+05 
2.00440396368595e-02 1.00000000000000e+05 
2.01696307038433e-02 1.00000000000000e+05 
2.02952034022690e-02 1.00000000000000e+05 
2.04212711667742e-02 1.00000000000000e+05 
2.05472386080395e-02 1.00000000000000e+05 
2.06736048395700e-02 1.00000000000000e+05 
2.07904331893526e-02 1.00000000000000e+05 
2.09025220783089e-02 1.00000000000000e+05 
2.10152425085262e-02 1.00000000000000e+05 
2.11271514328069e-02 1.00000000000000e+05 
2.12397022434178e-02 1.00000000000000e+05 
2.13515126698046e-02 1.00000000000000e+05 
2.14639423660556e-02 1.00000000000000e+05 
2.15757186136423e-02 1.00000000000000e+05 
2.16880810800836e-02 1.00000000000000e+05 
2.17998591356715e-02 1.00000000000000e+05 
2.19121906249758e-02 1.00000000000000e+05 
2.20239930990367e-02 1.00000000000000e+05 
2.21363202789607e-02 1.00000000000000e+05 
2.22481756908814e-02 1.00000000000000e+05 
2.23605212092878e-02 1.00000000000000e+05 
2.24728320144704e-02 1.00000000000000e+05 
2.25854182293062e-02 1.00000000000000e+05 
2.26981152668477e-02 1.00000000000000e+05 
2.28110068001129e-02 1.00000000000000e+05 
2.29239977486500e-02 1.00000000000000e+05 
2.30371486400031e-02 1.00000000000000e+05 
2.31503532440080e-02 1.00000000000000e+05 
2.32637031697151e-02 1.00000000000000e+05 
2.33770656369438e-02 1.00000000000000e+05 
2.34905664204757e-02 1.00000000000000e+05 
2.36040549422627e-02 1.00000000000000e+05 
2.37176763835331e-02 1.00000000000000e+05 
2.38312763574190e-02 1.00000000000000e+05 
2.39450022827694e-02 1.00000000000000e+05 
2.40587114942799e-02 1.00000000000000e+05 
2.41725364974586e-02 1.00000000000000e+05 
2.42863619044256e-02 1.00000000000000e+05 
2.44002896134439e-02 1.00000000000000e+05 
2.45142830915252e-02 1.00000000000000e+05 
2.46283309140581e-02 1.00000000000000e+05 
2.47423710297615e-02 1.00000000000000e+05 
2.48564920123267e-02 1.00000000000000e+05 
2.49704525029235e-02 1.00000000000000e+05 
2.50844720773503e-02 1.00000000000000e+05 
2.51983425608728e-02 1.00000000000000e+05 
2.53122497012014e-02 1.00000000000000e+05 
2.54260182975372e-02 1.00000000000000e+05 
2.55397982796290e-02 1.00000000000000e+05 
2.56534850241971e-02 1.00000000000000e+05 
2.57671113095735e-02 1.00000000000000e+05 
2.58806923631835e-02 1.00000000000000e+05 
2.59941776670533e-02 1.00000000000000e+05 
2.61076503410802e-02 1.00000000000000e+05 
2.62287410507139e-02 1.00000000000000e+05 
2.63503043829242e-02 1.00000000000000e+05 
2.64716276515711e-02 1.00000000000000e+05 
2.65934257033694e-02 1.00000000000000e+05 
2.67149860516042e-02 1.00000000000000e+05 
2.68369611052999e-02 1.00000000000000e+05 
2.69587676367743e-02 1.00000000000000e+05 
2.70807360122748e-02 1.00000000000000e+05 
2.72027569575963e-02 1.00000000000000e+05 
2.73244251982469e-02 1.00000000000000e+05 
2.74464074416585e-02 1.00000000000000e+05 
2.75679876007923e-02 1.00000000000000e+05 
2.76899490382387e-02 1.00000000000000e+05 
2.78114628681917e-02 1.00000000000000e+05 
2.79334260581721e-02 1.00000000000000e+05 
2.80549022545944e-02 1.00000000000000e+05 
2.81768875075401e-02 1.00000000000000e+05 
2.82984171286677e-02 1.00000000000000e+05 
2.84206347249208e-02 1.00000000000000e+05 
2.85423242764839e-02 1.00000000000000e+05 
2.86643996706606e-02 1.00000000000000e+05 
2.87859651614337e-02 1.00000000000000e+05 
2.89081837139250e-02 1.00000000000000e+05 
2.90299310659699e-02 1.00000000000000e+05 
2.91523100869642e-02 1.00000000000000e+05 
2.92742856351142e-02 1.00000000000000e+05 
2.93969603194235e-02 1.00000000000000e+05 
2.95192754126530e-02 1.00000000000000e+05 
2.96424039908738e-02 1.00000000000000e+05 
2.97650507483452e-02 1.00000000000000e+05 
2.98885303754193e-02 1.00000000000000e+05 
3.00115373450866e-02 1.00000000000000e+05 
3.01354244407571e-02 1.00000000000000e+05 
3.02588261758753e-02 1.00000000000000e+05 
3.03831504468399e-02 1.00000000000000e+05 
3.05069925115709e-02 1.00000000000000e+05 
3.06318088208076e-02 1.00000000000000e+05 
3.07561613031340e-02 1.00000000000000e+05 
3.08815121028084e-02 1.00000000000000e+05 
3.10064739070329e-02 1.00000000000000e+05 
3.11269409985499e-02 1.00000000000000e+05 
3.12474943978209e-02 1.00000000000000e+05 
3.13680403635240e-02 1.00000000000000e+05 
3.14942926868945e-02 1.00000000000000e+05 
3.16140134155853e-02 1.00000000000000e+05 
3.17340332389120e-02 1.00000000000000e+05 
3.18541538390665e-02 1.00000000000000e+05 
3.19727295058374e-02 1.00000000000000e+05 
3.20917589713190e-02 1.00000000000000e+05 
3.22095007424548e-02 1.00000000000000e+05 
3.23267801288965e-02 1.00000000000000e+05 
3.24453848214659e-02 1.00000000000000e+05 
3.25635984843115e-02 1.00000000000000e+05 
3.26824352143540e-02 1.00000000000000e+05 
3.28010254687178e-02 1.00000000000000e+05 
3.29198530946119e-02 1.00000000000000e+05 
3.30382774662088e-02 1.00000000000000e+05 
3.31569975368118e-02 1.00000000000000e+05 
3.32755117560379e-02 1.00000000000000e+05 
3.33944295693276e-02 1.00000000000000e+05 
3.35131584128653e-02 1.00000000000000e+05 
3.36324249887377e-02 1.00000000000000e+05 
3.37525067331088e-02 1.00000000000000e+05 
3.38724683906084e-02 1.00000000000000e+05 
3.39928089188380e-02 1.00000000000000e+05 
3.41141849805517e-02 1.00000000000000e+05 
3.42364141842464e-02 1.00000000000000e+05 
3.43600524473851e-02 1.00000000000000e+05 
3.44846976434216e-02 1.00000000000000e+05 
3.46109307323067e-02 1.00000000000000e+05 
3.47381697862414e-02 1.00000000000000e+05 
3.48672024344541e-02 1.00000000000000e+05 
3.49973115577793e-02 1.00000000000000e+05 
3.51291216555080e-02 1.00000000000000e+05 
3.52624254190502e-02 1.00000000000000e+05 
3.53969760541415e-02 1.00000000000000e+05 
3.55327615826196e-02 1.00000000000000e+05 
3.56695866289302e-02 1.00000000000000e+05 
3.58075795769619e-02 1.00000000000000e+05 
3.59463502135608e-02 1.00000000000000e+05 
3.60853661077409e-02 1.00000000000000e+05 
3.62242892623779e-02 1.00000000000000e+05 
3.63633601793362e-02 1.00000000000000e+05 
3.65024228186711e-02 1.00000000000000e+05 
3.66416412128101e-02 1.00000000000000e+05 
3.67809686734141e-02 1.00000000000000e+05 
3.69201468339101e-02 1.00000000000000e+05 
3.70598592274270e-02 1.00000000000000e+05 
3.71990123309774e-02 1.00000000000000e+05 
3.73392270837570e-02 1.00000000000000e+05 
3.74783899333447e-02 1.00000000000000e+05 
3.76192211852357e-02 1.00000000000000e+05 
3.77584396595198e-02 1.00000000000000e+05 
3.78994019526596e-02 1.00000000000000e+05 
3.80387295632778e-02 1.00000000000000e+05 
3.81798562099337e-02 1.00000000000000e+05 
3.83193454088503e-02 1.00000000000000e+05 
3.84606898295710e-02 1.00000000000000e+05 
3.86003896631127e-02 1.00000000000000e+05 
3.87420013934103e-02 1.00000000000000e+05 
3.88819569840160e-02 1.00000000000000e+05 
3.90238824387121e-02 1.00000000000000e+05 
3.91641367335445e-02 1.00000000000000e+05 
3.93064209125589e-02 1.00000000000000e+05 
3.94470166597190e-02 1.00000000000000e+05 
3.95897051971841e-02 1.00000000000000e+05 
3.97306861239117e-02 1.00000000000000e+05 
3.98738259890609e-02 1.00000000000000e+05 
4.00152367945583e-02 1.00000000000000e+05 
4.01588766181687e-02 1.00000000000000e+05 
4.03007647467448e-02 1.00000000000000e+05 
4.04449563624310e-02 1.00000000000000e+05 
4.05873667211896e-02 1.00000000000000e+05 
4.07321591300276e-02 1.00000000000000e+05 
4.08751347877763e-02 1.00000000000000e+05 
4.09919632798622e-02 1.00000000000000e+05 
4.11090652181226e-02 1.00000000000000e+05 
4.12259947476402e-02 1.00000000000000e+05 
4.13431510182236e-02 1.00000000000000e+05 
4.14601385517238e-02 1.00000000000000e+05 
4.15773397578934e-02 1.00000000000000e+05 
4.16943765640923e-02 1.00000000000000e+05 
4.18116162873602e-02 1.00000000000000e+05 
4.19286956819646e-02 1.00000000000000e+05 
4.20574830160294e-02 1.00000000000000e+05 
4.21991490835008e-02 1.00000000000000e+05 
4.23457280076611e-02 1.00000000000000e+05 
4.24951989108974e-02 1.00000000000000e+05 
4.26424808340288e-02 1.00000000000000e+05 
4.27928251268366e-02 1.00000000000000e+05 
4.29409806270437e-02 1.00000000000000e+05 
4.30923211265373e-02 1.00000000000000e+05 
4.32414272981322e-02 1.00000000000000e+05 
4.33936756858914e-02 1.00000000000000e+05 
4.35437757622748e-02 1.00000000000000e+05 
4.36956486212924e-02 1.00000000000000e+05 
4.38454296391388e-02 1.00000000000000e+05 
4.39969659321703e-02 1.00000000000000e+05 
4.41464422696644e-02 1.00000000000000e+05 
4.42977061506974e-02 1.00000000000000e+05 
4.44469435542602e-02 1.00000000000000e+05 
4.45980004411438e-02 1.00000000000000e+05 
4.47470645366560e-02 1.00000000000000e+05 
4.48979768086022e-02 1.00000000000000e+05 
4.50469311534268e-02 1.00000000000000e+05 
4.51977585769706e-02 1.00000000000000e+05 
4.53466650768140e-02 1.00000000000000e+05 
4.54974612397433e-02 1.00000000000000e+05 
4.56463776790091e-02 1.00000000000000e+05 
4.57971913620711e-02 1.00000000000000e+05 
4.59461698471871e-02 1.00000000000000e+05 
4.60970440244353e-02 1.00000000000000e+05 
4.62461287333475e-02 1.00000000000000e+05 
4.63970994559169e-02 1.00000000000000e+05 
4.65463261386682e-02 1.00000000000000e+05 
4.66974234161919e-02 1.00000000000000e+05 
4.68468221532582e-02 1.00000000000000e+05 
4.69979962427484e-02 1.00000000000000e+05 
4.71475908431477e-02 1.00000000000000e+05 
4.72988240592494e-02 1.00000000000000e+05 
4.74486319212218e-02 1.00000000000000e+05 
4.75999486707715e-02 1.00000000000000e+05 
4.77499782114637e-02 1.00000000000000e+05 
4.79013986790922e-02 1.00000000000000e+05 
4.80516270387216e-02 1.00000000000000e+05 
4.82031683235696e-02 1.00000000000000e+05 
4.83536189821978e-02 1.00000000000000e+05 
4.85053026249606e-02 1.00000000000000e+05 
4.86560080843977e-02 1.00000000000000e+05 
4.88078634755241e-02 1.00000000000000e+05 
4.89588192333360e-02 1.00000000000000e+05 
4.91108471469915e-02 1.00000000000000e+05 
4.92620469224973e-02 1.00000000000000e+05 
4.94142467473853e-02 1.00000000000000e+05 
4.95656848519956e-02 1.00000000000000e+05 
4.97180530802952e-02 1.00000000000000e+05 
4.98697198318210e-02 1.00000000000000e+05 
5.00222478588640e-02 1.00000000000000e+05 
5.01741293607285e-02 1.00000000000000e+05 
5.03268046992837e-02 1.00000000000000e+05 
5.04788837483877e-02 1.00000000000000e+05 
5.06316904289642e-02 1.00000000000000e+05 
5.07839467310115e-02 1.00000000000000e+05 
5.09368662057599e-02 1.00000000000000e+05 
5.10892758322003e-02 1.00000000000000e+05 
5.12422824676408e-02 1.00000000000000e+05 
5.13948025847260e-02 1.00000000000000e+05 
5.15478565666656e-02 1.00000000000000e+05 
5.17004419051662e-02 1.00000000000000e+05 
5.18535111033817e-02 1.00000000000000e+05 
5.20061404986433e-02 1.00000000000000e+05 
5.21592092092738e-02 1.00000000000000e+05 
5.23118690298586e-02 1.00000000000000e+05 
5.24649230199431e-02 1.00000000000000e+05 
5.26175976106442e-02 1.00000000000000e+05 
5.27706208677775e-02 1.00000000000000e+05 
5.29232918070901e-02 1.00000000000000e+05 
5.30762672968975e-02 1.00000000000000e+05 
5.32289150733650e-02 1.00000000000000e+05 
5.33818307818747e-02 1.00000000000000e+05 
5.35344322782943e-02 1.00000000000000e+05 
5.36872671425867e-02 1.00000000000000e+05 
5.38398076700533e-02 1.00000000000000e+05 
5.39925133251124e-02 1.00000000000000e+05 
5.41449766021473e-02 1.00000000000000e+05 
5.42974472004225e-02 1.00000000000000e+05 
5.44498142172127e-02 1.00000000000000e+05 
5.46020487871271e-02 1.00000000000000e+05 
5.47543045325065e-02 1.00000000000000e+05 
5.49061355914837e-02 1.00000000000000e+05 
5.50582538031534e-02 1.00000000000000e+05 
5.52096694389485e-02 1.00000000000000e+05 
5.53613698579178e-02 1.00000000000000e+05 
5.55123900461125e-02 1.00000000000000e+05 
5.56636916275135e-02 1.00000000000000e+05 
5.58143362435929e-02 1.00000000000000e+05 
5.59652588735874e-02 1.00000000000000e+05 
5.61155477198588e-02 1.00000000000000e+05 
5.62661111819220e-02 1.00000000000000e+05 
5.64160643236935e-02 1.00000000000000e+05 
5.65662982338362e-02 1.00000000000000e+05 
5.67159343229662e-02 1.00000000000000e+05 
5.68658364847790e-02 1.00000000000000e+05 
5.70151637762174e-02 1.00000000000000e+05 
5.71647522713225e-02 1.00000000000000e+05 
5.73138084677613e-02 1.00000000000000e+05 
5.74631336897301e-02 1.00000000000000e+05 
5.76119628060726e-02 1.00000000000000e+05 
5.77610657817611e-02 1.00000000000000e+05 
5.79097052567743e-02 1.00000000000000e+05 
5.80586233527464e-02 1.00000000000000e+05 
5.82071105791780e-02 1.00000000000000e+05 
5.83558820166447e-02 1.00000000000000e+05 
5.85042558402120e-02 1.00000000000000e+05 
5.86529215310807e-02 1.00000000000000e+05 
5.88012233762831e-02 1.00000000000000e+05 
5.89498267341627e-02 1.00000000000000e+05 
5.90980985910284e-02 1.00000000000000e+05 
5.92466811482262e-02 1.00000000000000e+05 
5.93949643957781e-02 1.00000000000000e+05 
5.95435675994099e-02 1.00000000000000e+05 
5.96917834222663e-02 1.00000000000000e+05 
5.98401614144385e-02 1.00000000000000e+05 
5.99881471503691e-02 1.00000000000000e+05 
6.01362535650613e-02 1.00000000000000e+05 
6.02840145317053e-02 1.00000000000000e+05 
6.04318529390031e-02 1.00000000000000e+05 
6.05793958144603e-02 1.00000000000000e+05 
6.07269711299996e-02 1.00000000000000e+05 
6.08743030837047e-02 1.00000000000000e+05 
6.10216213652656e-02 1.00000000000000e+05 
6.11687496901167e-02 1.00000000000000e+05 
6.13158178590948e-02 1.00000000000000e+05 
6.14627500032321e-02 1.00000000000000e+05 
6.16095756641313e-02 1.00000000000000e+05 
6.17563193244476e-02 1.00000000000000e+05 
6.19029107041470e-02 1.00000000000000e+05 
6.20494740983915e-02 1.00000000000000e+05 
6.21958402461728e-02 1.00000000000000e+05 
6.23421899625341e-02 1.00000000000000e+05 
6.24883402482791e-02 1.00000000000000e+05 
6.26344829357087e-02 1.00000000000000e+05 
6.27804276943641e-02 1.00000000000000e+05 
6.29263738126546e-02 1.00000000000000e+05 
6.30721243376273e-02 1.00000000000000e+05 
6.32178856042876e-02 1.00000000000000e+05 
6.33634546481878e-02 1.00000000000000e+05 
6.35090444110052e-02 1.00000000000000e+05 
6.36544461557805e-02 1.00000000000000e+05 
6.37998788070349e-02 1.00000000000000e+05 
6.39451278739567e-02 1.00000000000000e+05 
6.40904178257986e-02 1.00000000000000e+05 
6.42355285150644e-02 1.00000000000000e+05 
6.43806895578489e-02 1.00000000000000e+05 
6.45256754340307e-02 1.00000000000000e+05 
6.46707205506055e-02 1.00000000000000e+05 
6.48155944580579e-02 1.00000000000000e+05 
6.49605360443127e-02 1.00000000000000e+05 
6.51053104486990e-02 1.00000000000000e+05 
6.52501607452717e-02 1.00000000000000e+05 
6.53948481277060e-02 1.00000000000000e+05 
6.55396195236320e-02 1.00000000000000e+05 
6.56842325628259e-02 1.00000000000000e+05 
6.58289375966769e-02 1.00000000000000e+05 
6.59734890921715e-02 1.00000000000000e+05 
6.61181407306346e-02 1.00000000000000e+05 
6.62626437640539e-02 1.00000000000000e+05 
6.64072546366017e-02 1.00000000000000e+05 
6.65517218632644e-02 1.00000000000000e+05 
6.66963040039242e-02 1.00000000000000e+05 
6.68407474182255e-02 1.00000000000000e+05 
6.69853121303697e-02 1.00000000000000e+05 
6.71297429529072e-02 1.00000000000000e+05 
6.72743007619754e-02 1.00000000000000e+05 
6.74187318090034e-02 1.00000000000000e+05 
6.75632935003044e-02 1.00000000000000e+05 
6.77078311137814e-02 1.00000000000000e+05 
6.78525265662207e-02 1.00000000000000e+05 
6.79970379892824e-02 1.00000000000000e+05 
6.81417162788158e-02 1.00000000000000e+05 
6.82862526269393e-02 1.00000000000000e+05 
6.84309369411291e-02 1.00000000000000e+05 
6.85755089567941e-02 1.00000000000000e+05 
6.87202257574402e-02 1.00000000000000e+05 
6.88648409084517e-02 1.00000000000000e+05 
6.90096021415604e-02 1.00000000000000e+05 
6.91542689396093e-02 1.00000000000000e+05 
6.92990842575712e-02 1.00000000000000e+05 
6.94438125335707e-02 1.00000000000000e+05 
6.95886915399936e-02 1.00000000000000e+05 
6.97334917503883e-02 1.00000000000000e+05 
6.98784439770280e-02 1.00000000000000e+05 
7.00233267419326e-02 1.00000000000000e+05 
7.01683596279246e-02 1.00000000000000e+05 
7.03133338557683e-02 1.00000000000000e+05 
7.04584570049001e-02 1.00000000000000e+05 
7.06035320328879e-02 1.00000000000000e+05 
7.07487543478703e-02 1.00000000000000e+05 
7.08939386627279e-02 1.00000000000000e+05 
7.10392681093713e-02 1.00000000000000e+05 
7.11845692321444e-02 1.00000000000000e+05 
7.13300130182901e-02 1.00000000000000e+05 
7.14754374214002e-02 1.00000000000000e+05 
7.16209917820230e-02 1.00000000000000e+05 
7.17665374729856e-02 1.00000000000000e+05 
7.19122187864923e-02 1.00000000000000e+05 
7.20578931501891e-02 1.00000000000000e+05 
7.22037119953004e-02 1.00000000000000e+05 
7.23495207334588e-02 1.00000000000000e+05 
7.24954796367674e-02 1.00000000000000e+05 
7.26414270011350e-02 1.00000000000000e+05 
7.27875273867456e-02 1.00000000000000e+05 
7.29336167753317e-02 1.00000000000000e+05 
7.30798620622159e-02 1.00000000000000e+05 
7.32260992824880e-02 1.00000000000000e+05 
7.33724959721503e-02 1.00000000000000e+05 
7.35188887166622e-02 1.00000000000000e+05 
7.36654451186591e-02 1.00000000000000e+05 
7.38120021616875e-02 1.00000000000000e+05 
7.39587277536859e-02 1.00000000000000e+05 
7.41054587094050e-02 1.00000000000000e+05 
7.42523637579919e-02 1.00000000000000e+05 
7.43992788930133e-02 1.00000000000000e+05 
7.45463742104923e-02 1.00000000000000e+05 
7.46934845812584e-02 1.00000000000000e+05 
7.48407816080985e-02 1.00000000000000e+05 
7.49880990883207e-02 1.00000000000000e+05 
7.51356100639511e-02 1.00000000000000e+05 
7.52831472913946e-02 1.00000000000000e+05 
7.54308853492453e-02 1.00000000000000e+05 
7.55786556773653e-02 1.00000000000000e+05 
7.57266346674729e-02 1.00000000000000e+05 
7.58746521412315e-02 1.00000000000000e+05 
7.60228865055702e-02 1.00000000000000e+05 
7.61711657892844e-02 1.00000000000000e+05 
7.63196706566776e-02 1.00000000000000e+05 
7.64682273904693e-02 1.00000000000000e+05 
7.66170191173789e-02 1.00000000000000e+05 
7.67658700354005e-02 1.00000000000000e+05 
7.69149662821737e-02 1.00000000000000e+05 
7.70641294189563e-02 1.00000000000000e+05 
7.72135492770175e-02 1.00000000000000e+05 
7.73630440279099e-02 1.00000000000000e+05 
7.75128080033002e-02 1.00000000000000e+05 
7.76626565202902e-02 1.00000000000000e+05 
7.78127876382062e-02 1.00000000000000e+05 
7.79630128962740e-02 1.00000000000000e+05 
7.81135349848610e-02 1.00000000000000e+05 
7.82641606040213e-02 1.00000000000000e+05 
7.84150985959070e-02 1.00000000000000e+05 
7.85661496805410e-02 1.00000000000000e+05 
7.87175302319796e-02 1.00000000000000e+05 
7.88690337365551e-02 1.00000000000000e+05 
7.90208856414523e-02 1.00000000000000e+05 
7.91728707482881e-02 1.00000000000000e+05 
7.93252253241059e-02 1.00000000000000e+05 
7.94777236838247e-02 1.00000000000000e+05 
7.96306148048215e-02 1.00000000000000e+05 
7.97836604918026e-02 1.00000000000000e+05 
7.99371246493594e-02 1.00000000000000e+05 
8.00907542239783e-02 1.00000000000000e+05 
8.02448306263613e-02 1.00000000000000e+05 
8.03990825883132e-02 1.00000000000000e+05 
8.05538124721784e-02 1.00000000000000e+05 
8.07087273283143e-02 1.00000000000000e+05 
8.08641564203319e-02 1.00000000000000e+05 
8.10197818027464e-02 1.00000000000000e+05 
8.11759624014327e-02 1.00000000000000e+05 
8.13323516470949e-02 1.00000000000000e+05 
8.14893678309497e-02 1.00000000000000e+05 
8.16465932408083e-02 1.00000000000000e+05 
8.18044847468794e-02 1.00000000000000e+05 
8.19625920839887e-02 1.00000000000000e+05 
8.21214080935329e-02 1.00000000000000e+05 
8.22804575176973e-02 1.00000000000000e+05 
8.24402698052466e-02 1.00000000000000e+05 
8.26003370491179e-02 1.00000000000000e+05 
8.27612293382905e-02 1.00000000000000e+05 
8.29223969653504e-02 1.00000000000000e+05 
8.30844652433896e-02 1.00000000000000e+05 
8.32468222383218e-02 1.00000000000000e+05 
8.34101873739714e-02 1.00000000000000e+05 
8.35738441323910e-02 1.00000000000000e+05 
8.37386027458744e-02 1.00000000000000e+05 
8.39036701849384e-02 1.00000000000000e+05 
8.40699014242342e-02 1.00000000000000e+05 
8.42364627915913e-02 1.00000000000000e+05 
8.43605690739609e-02 1.00000000000000e+05 
8.44846940751471e-02 1.00000000000000e+05 
8.46087728602076e-02 1.00000000000000e+05 
8.47328676361903e-02 1.00000000000000e+05 
8.48569245747274e-02 1.00000000000000e+05 
8.49809945550078e-02 1.00000000000000e+05 
8.51050282610517e-02 1.00000000000000e+05 
8.52290770853169e-02 1.00000000000000e+05 
8.53530923082707e-02 1.00000000000000e+05 
8.54771229635094e-02 1.00000000000000e+05 
8.56011233275613e-02 1.00000000000000e+05 
8.57251377749998e-02 1.00000000000000e+05 
8.58491252734520e-02 1.00000000000000e+05 
8.59731231834681e-02 1.00000000000000e+05 
8.60970981981584e-02 1.00000000000000e+05 
8.62210781221868e-02 1.00000000000000e+05 
8.63450381686999e-02 1.00000000000000e+05 
8.64689987150980e-02 1.00000000000000e+05 
8.65929413886339e-02 1.00000000000000e+05 
8.67168816630682e-02 1.00000000000000e+05 
8.68408057112199e-02 1.00000000000000e+05 
8.69647252872113e-02 1.00000000000000e+05 
8.70886331316349e-02 1.00000000000000e+05 
8.72125250269819e-02 1.00000000000000e+05 
8.73364073958150e-02 1.00000000000000e+05 
8.74602872293967e-02 1.00000000000000e+05 
8.75841583727279e-02 1.00000000000000e+05 
8.77080159924014e-02 1.00000000000000e+05 
8.78318703879505e-02 1.00000000000000e+05 
8.79557197252934e-02 1.00000000000000e+05 
8.80795659202583e-02 1.00000000000000e+05 
8.82034047586622e-02 1.00000000000000e+05 
8.83272476413596e-02 1.00000000000000e+05 
8.84510689050986e-02 1.00000000000000e+05 
8.85748999936853e-02 1.00000000000000e+05 
8.86987135888081e-02 1.00000000000000e+05 
8.88225405724811e-02 1.00000000000000e+05 
8.89463462808349e-02 1.00000000000000e+05 
8.90701709264224e-02 1.00000349614752e+05 
8.91939683819203e-02 1.00043777010155e+05 
8.93177909444518e-02 1.00160333151683e+05 
8.94415803798840e-02 1.00367211465340e+05 
8.95654011458055e-02 1.00683373259248e+05 
8.96891835374237e-02 1.01126588106892e+05 
8.98130038407036e-02 1.01715933768664e+05 
8.99367805114717e-02 1.02465134442658e+05 
9.00606023014723e-02 1.03400515311778e+05 
9.01843746238367e-02 1.04518735357703e+05 
9.03082000987656e-02 1.05794703636063e+05 
9.04312543850474e-02 1.07213208995792e+05 
9.05542874633778e-02 1.08772302618567e+05 
9.06757295127603e-02 1.10434996035322e+05 
9.07977225529412e-02 1.12216110157115e+05 
9.09194368029669e-02 1.14126610978759e+05 
9.10411184791910e-02 1.16134586019786e+05 
9.11628315767685e-02 1.18196600687107e+05 
9.12846145124632e-02 1.20273055387866e+05 
9.14052052870693e-02 1.22306520751987e+05 
9.15261502910033e-02 1.24294423708144e+05 
9.16468398840287e-02 1.26199982207351e+05 
9.17675145849963e-02 1.28089014558218e+05 
9.18882005281429e-02 1.30149743498919e+05 
9.20087531006344e-02 1.31922931997163e+05 
9.21292933257209e-02 1.33439504063625e+05 
9.22499399007772e-02 1.34723047269420e+05 
9.23729161904881e-02 1.35813510324150e+05 
9.24928277981152e-02 1.36682566894116e+05 
9.26124937586788e-02 1.37377824565223e+05 
9.27321567345308e-02 1.37914675880627e+05 
9.28517975019136e-02 1.38118392523612e+05 
9.29715070082899e-02 1.38080265198130e+05 
9.30911396311309e-02 1.38044436609551e+05 
9.32107937045627e-02 1.38006989197995e+05 
9.33303072801245e-02 1.37962280873046e+05 
9.34497950144535e-02 1.37900845556815e+05 
9.35690866517427e-02 1.37824040445407e+05 
9.36882651264883e-02 1.37731805262473e+05 
9.38071928509939e-02 1.37624352398303e+05 
9.39259775203026e-02 1.37495284880438e+05 
9.40444908251612e-02 1.37337253702489e+05 
9.41629005942033e-02 1.37150352118510e+05 
9.42810749266072e-02 1.36934728587400e+05 
9.43991939622106e-02 1.36694884156929e+05 
9.45172118601742e-02 1.36438823642089e+05 
9.46358393321198e-02 1.36166400195952e+05 
9.47547395457307e-02 1.35880369129253e+05 
9.48745611328568e-02 1.35580865872355e+05 
9.49950248817580e-02 1.35271381896316e+05 
9.51167406818608e-02 1.34950557451543e+05 
9.52385319862359e-02 1.34624008252444e+05 
9.53618021865471e-02 1.34290618915789e+05 
9.54862384263089e-02 1.33953392616181e+05 
9.56124379444190e-02 1.33613285836199e+05 
9.57412492813386e-02 1.33269420398443e+05 
9.58689500556593e-02 1.32933723886485e+05 
9.60001720171050e-02 1.32594910044127e+05 
9.61300329624759e-02 1.32267456290209e+05 
9.62641585511971e-02 1.31937904543829e+05 
9.63968734899902e-02 1.31621475817876e+05 
9.65326750895004e-02 1.31307685652839e+05 
9.66691621619238e-02 1.31002975410119e+05 
9.68096037173927e-02 1.30698685950221e+05 
9.69496111638068e-02 1.30407527107993e+05 
9.70922677725070e-02 1.30123560080243e+05 
9.72350372526813e-02 1.29851205781860e+05 
9.73802048201562e-02 1.29585786572353e+05 
9.75251354874165e-02 1.29332476213398e+05 
9.76730365622771e-02 1.29084600457078e+05 
9.78192233986426e-02 1.28850268451234e+05 
9.79684803235484e-02 1.28622908573420e+05 
9.81189377380890e-02 1.28407738822172e+05 
9.82677541430036e-02 1.28204422507525e+05 
9.84143654853422e-02 1.28009799963800e+05 
9.85649438355747e-02 1.27821323173014e+05 
9.87166835277747e-02 1.27644022013447e+05 
9.88395379119068e-02 1.27506400779920e+05 
9.89597328406834e-02 1.27385028920820e+05 
9.90799864382955e-02 1.27270417053251e+05 
9.92000826311523e-02 1.27164115787183e+05 
9.93202352762429e-02 1.27066183666830e+05 
9.94403275400731e-02 1.26978796862335e+05 
9.95604560764457e-02 1.26904927313148e+05 
9.96805653218334e-02 1.26845592350080e+05 
9.98006155004951e-02 1.26806533689785e+05 
9.99203827681837e-02 1.26788599876145e+05 
1.00040314510098e-01 1.26793958749541e+05 
1.00159836069425e-01 1.26821427059126e+05 
1.00279490756107e-01 1.26872098940568e+05 
1.00399013110644e-01 1.26944621039538e+05 
1.00518593184240e-01 1.27042748075568e+05 
1.00638229499573e-01 1.27161272839113e+05 
1.00757878812135e-01 1.27296237630001e+05 
1.00877607571255e-01 1.27448788946422e+05 
1.00997354113060e-01 1.27621515810290e+05 
1.01116827176661e-01 1.27810735030864e+05 
1.01236424206276e-01 1.28016678355919e+05 
1.01355708832649e-01 1.28235924931381e+05 
1.01475094263715e-01 1.28468902487757e+05 
1.01594849935771e-01 1.28713345415815e+05 
1.01714430159575e-01 1.28967428452532e+05 
1.01834649209968e-01 1.29229501601418e+05 
1.01954593367902e-01 1.29497820842800e+05 
1.02075168460664e-01 1.29770379535428e+05 
1.02195446443694e-01 1.30044740436768e+05 
1.02316187584380e-01 1.30319635295913e+05 
1.02436652158872e-01 1.30593037754363e+05 
1.02557458308624e-01 1.30865082109188e+05 
1.02678027778334e-01 1.31132277658761e+05 
1.02798859257659e-01 1.31394705354655e+05 
1.02919443407599e-01 1.31648431779548e+05 
1.03040159294924e-01 1.31893468978324e+05 
1.03160687435500e-01 1.32126541688874e+05 
1.03281382199726e-01 1.32347362745321e+05 
1.03401844939095e-01 1.32552893921591e+05 
1.03522409271970e-01 1.32742599145629e+05 
1.03642796713924e-01 1.32914554903194e+05 
1.03763420654664e-01 1.33068060508324e+05 
1.03883801518232e-01 1.33202951202852e+05 
1.04004311420235e-01 1.33318021285428e+05 
1.04124711299553e-01 1.33411906694379e+05 
1.04245251544961e-01 1.33483607450373e+05 
1.04365631612767e-01 1.33531658230646e+05 
1.04486406673994e-01 1.33558281002140e+05 
1.04606972414000e-01 1.33569770818970e+05 
1.04728043788106e-01 1.33563114083779e+05 
1.04848836337102e-01 1.33531702155878e+05 
1.04970153018794e-01 1.33481000558107e+05 
1.05091128926179e-01 1.33410894059650e+05 
1.05212586908075e-01 1.33325255862287e+05 
1.05328941993599e-01 1.33228686113219e+05 
1.05445971408880e-01 1.33120066830172e+05 
1.05563236782669e-01 1.32999984010200e+05 
1.05681465268793e-01 1.32869977700591e+05 
1.05800262337787e-01 1.32730694960667e+05 
1.05920060454231e-01 1.32583167513198e+05 
1.06038716203560e-01 1.32425374043135e+05 
1.06157388612678e-01 1.32267728421133e+05 
1.06275971204284e-01 1.32102348779753e+05 
1.06394622479781e-01 1.31934861789462e+05 
1.06514974128443e-01 1.31761458871566e+05 
1.06634144924897e-01 1.31589169347481e+05 
1.06755671452211e-01 1.31409932016664e+05 
1.06876209823170e-01 1.31231849588284e+05 
1.06999524029209e-01 1.31047185899200e+05 
1.07122029848580e-01 1.30864244600421e+05 
1.07247578411985e-01 1.30676046321316e+05 
1.07372373304064e-01 1.30488805765243e+05 
1.07500729504104e-01 1.30296642723047e+05 
1.07628459960154e-01 1.30105656928534e+05 
1.07760339037024e-01 1.29909535464982e+05 
1.07891780061537e-01 1.29714992489538e+05 
1.08028256941235e-01 1.29514676112072e+05 
1.08167910140885e-01 1.29311431468504e+05 
1.08307929758365e-01 1.29109828351065e+05 
1.08450307203478e-01 1.28907029811359e+05 
1.08592174715400e-01 1.28707422735653e+05 
1.08735440422597e-01 1.28508271643455e+05 
1.08877365161944e-01 1.28313514138939e+05 
1.09019528037544e-01 1.28120833127274e+05 
1.09160192067779e-01 1.27932556385687e+05 
1.09300941086960e-01 1.27746384841089e+05 
1.09440672999900e-01 1.27563670486426e+05 
1.09580697161764e-01 1.27382510133794e+05 
1.09701190096694e-01 1.27228052437657e+05 
1.09821671684020e-01 1.27074812923522e+05 
1.09942041991471e-01 1.26922822579791e+05 
1.10062622686152e-01 1.26771534493426e+05 
1.10183375246535e-01 1.26620913019181e+05 
1.10303234750964e-01 1.26472129817753e+05 
1.10422100807926e-01 1.26325212916739e+05 
1.10541878067889e-01 1.26177660445878e+05 
1.10660733050504e-01 1.26031666789783e+05 
1.10780511661781e-01 1.25884819772261e+05 
1.10899296145020e-01 1.25739425395698e+05 
1.11019010424670e-01 1.25592999414365e+05 
1.11137759990563e-01 1.25447834414345e+05 
1.11257467422966e-01 1.25301462196537e+05 
1.11376228110155e-01 1.25156209547862e+05 
1.11495960265433e-01 1.25009618810359e+05 
1.11614753403296e-01 1.24864053130194e+05 
1.11733501566142e-01 1.24718314136985e+05 
1.11852333603262e-01 1.24572297128146e+05 
1.11971127992860e-01 1.24426053511353e+05 
1.12090002505058e-01 1.24279519687890e+05 
1.12208847984250e-01 1.24132738610832e+05 
1.12327767822694e-01 1.23985688669733e+05 
1.12446693816951e-01 1.23838368402963e+05 
1.12566045690156e-01 1.23690385587235e+05 
1.12685663375145e-01 1.23541857434049e+05 
1.12805614585109e-01 1.23392849573613e+05 
1.12925756786944e-01 1.23243466959497e+05 
1.13046177497227e-01 1.23093770420788e+05 
1.13166754698052e-01 1.22943851165234e+05 
1.13287592582818e-01 1.22793772964408e+05 
1.13408586186460e-01 1.22643607068898e+05 
1.13529851973557e-01 1.22493420814701e+05 
1.13651300366382e-01 1.22343266045881e+05 
1.13773056978112e-01 1.22193214218161e+05 
1.13895047469838e-01 1.22043298608389e+05 
1.14017405310230e-01 1.21893592943368e+05 
1.14140072783728e-01 1.21744109160456e+05 
1.14263182488905e-01 1.21594931348924e+05 
1.14386698997967e-01 1.21446042866764e+05 
1.14510687171804e-01 1.21297616818325e+05 
1.14637220815906e-01 1.21147131741882e+05 
1.14762473323842e-01 1.20999398184425e+05 
1.14889390034213e-01 1.20850861573794e+05 
1.15016516809261e-01 1.20703495849283e+05 
1.15143530016562e-01 1.20557576438549e+05 
1.15270743702747e-01 1.20412979829349e+05 
1.15397747616811e-01 1.20270058026649e+05 
1.15524997377936e-01 1.20128520357035e+05 
1.15651974906754e-01 1.19988814651020e+05 
1.15779232203954e-01 1.19850537744080e+05 
1.15906164119578e-01 1.19714204060776e+05 
1.16033402198228e-01 1.19579320543150e+05 
1.16160700493715e-01 1.19445999654568e+05 
1.16288135337926e-01 1.19314332149299e+05 
1.16415678216082e-01 1.19184184220547e+05 
1.16543343655678e-01 1.19055693659440e+05 
1.16671167611754e-01 1.18928650516834e+05 
1.16799103829143e-01 1.18803235139670e+05 
1.16927145403927e-01 1.18679269651804e+05 
1.17055321469384e-01 1.18556840536673e+05 
1.17183528639986e-01 1.18435853624418e+05 
1.17311893132072e-01 1.18316284378989e+05 
1.17440209546114e-01 1.18198127085561e+05 
1.17568714297187e-01 1.18081239838043e+05 
1.17697137734979e-01 1.17965670320551e+05 
1.17825748652694e-01 1.17851236075268e+05 
1.17954274471082e-01 1.17737984615332e+05 
1.18082969994356e-01 1.17625737448315e+05 
1.18211579814102e-01 1.17514527270209e+05 
1.18340347550379e-01 1.17404179207180e+05 
1.18469033849543e-01 1.17294717019650e+05 
1.18597867750008e-01 1.17185972114808e+05 
1.18726631386639e-01 1.17077956854842e+05 
1.18855530426743e-01 1.16970518138674e+05 
1.18984372586646e-01 1.16863655085472e+05 
1.19113338576541e-01 1.16757232648530e+05 
1.19242260812643e-01 1.16651238469545e+05 
1.19371294018471e-01 1.16545557623045e+05 
1.19500298675770e-01 1.16440164611637e+05 
1.19629398148954e-01 1.16334969378622e+05 
1.19758486229742e-01 1.16229929330020e+05 
1.19887653085091e-01 1.16124980957640e+05 
1.20016840698267e-01 1.16020053231687e+05 
1.20146102860381e-01 1.15915112858935e+05 
1.20275381799439e-01 1.15810100645072e+05 
1.20404654941617e-01 1.15705042116377e+05 
1.20534171305626e-01 1.15599648570391e+05 
1.20663773124549e-01 1.15494055594542e+05 
1.20793573292418e-01 1.15388098864697e+05 
1.20923590477024e-01 1.15281772571638e+05 
1.21053623076072e-01 1.15175180930907e+05 
1.21183835957142e-01 1.15068202105924e+05 
1.21314034054927e-01 1.14960945746733e+05 
1.21444388534383e-01 1.14853287226160e+05 
1.21574704682051e-01 1.14745344625775e+05 
1.21705165251267e-01 1.14636985626900e+05 
1.21835580375111e-01 1.14528331286901e+05 
1.21966133519905e-01 1.14419248798444e+05 
1.22096647177689e-01 1.14309855379227e+05 
1.22227295656908e-01 1.14200029122054e+05 
1.22357916725602e-01 1.14089879710485e+05 
1.22488670959423e-01 1.13979299099905e+05 
1.22619408807821e-01 1.13868396532805e+05 
1.22750276892701e-01 1.13757077304476e+05 
1.22881139792331e-01 1.13645449673034e+05 
1.23012126794153e-01 1.13533437918720e+05 
1.23143121067183e-01 1.13421136997095e+05 
1.23274236849741e-01 1.13308481794680e+05 
1.23405366950413e-01 1.13195599643621e+05 
1.23536618408598e-01 1.13082358362662e+05 
1.23667887228470e-01 1.12968913942698e+05 
1.23799278533491e-01 1.12855153753247e+05 
1.23930687809665e-01 1.12741216031787e+05 
1.24062221203747e-01 1.12627018823804e+05 
1.24193771795269e-01 1.12512648849699e+05 
1.24325448264536e-01 1.12398046903250e+05 
1.24457140301866e-01 1.12283303691976e+05 
1.24588959897707e-01 1.12168347693599e+05 
1.24720792951974e-01 1.12053254926711e+05 
1.24852754638172e-01 1.11938003747821e+05 
1.24984728284309e-01 1.11822662172305e+05 
1.25116830783998e-01 1.11707139331034e+05 
1.25248944525684e-01 1.11591568398080e+05 
1.25381186878580e-01 1.11475824859981e+05 
1.25513439827331e-01 1.11360037228872e+05 
1.25645821427820e-01 1.11244084483039e+05 
1.25778212314591e-01 1.11128090472294e+05 
1.25910733230083e-01 1.11011938140881e+05 
1.26043260502727e-01 1.10895750458101e+05 
1.26175921571652e-01 1.10779412956372e+05 
1.26308583460652e-01 1.10663047376833e+05 
1.26441380664895e-01 1.10546550007003e+05 
1.26574175270662e-01 1.10430034723651e+05 
1.26707104258042e-01 1.10313416290713e+05 
1.26840029667311e-01 1.10196813484105e+05 
1.26973088981352e-01 1.10080139523919e+05 
1.27106143362475e-01 1.09963514649791e+05 
1.27239331614629e-01 1.09846849862418e+05 
1.27372513306507e-01 1.09730267626647e+05 
1.27505829220661e-01 1.09613675673663e+05 
1.27639136724168e-01 1.09497204642086e+05 
1.27772579166368e-01 1.09380756892389e+05 
1.27906011177736e-01 1.09264472591977e+05 
1.28039579144473e-01 1.09148247475926e+05 
1.28173134519412e-01 1.09032233016160e+05 
1.28306827101763e-01 1.08916316163362e+05 
1.28440504831510e-01 1.08800670903788e+05 
1.28574321183249e-01 1.08685194164933e+05 
1.28708120424715e-01 1.08570077769705e+05 
1.28842059744979e-01 1.08455211836734e+05 
1.28975979843137e-01 1.08340799215047e+05 
1.29110041377186e-01 1.08226723225012e+05 
1.29244081855365e-01 1.08113202472244e+05 
1.29378264895239e-01 1.08000123637169e+05 
1.29512425400011e-01 1.07887759939773e+05 
1.29646729277387e-01 1.07776023616438e+05 
1.29781009526235e-01 1.07665168507179e+05 
1.29915433565603e-01 1.07555073693086e+05 
1.30049833282722e-01 1.07446000371456e+05 
1.30184376711920e-01 1.07337845047527e+05 
1.30318895489108e-01 1.07230908482982e+05 
1.30453557316147e-01 1.07125131453333e+05 
1.30588194389484e-01 1.07021013711910e+05 
1.30722973420930e-01 1.06918320496723e+05 
1.30857727755668e-01 1.06817271656005e+05 
1.30992622662110e-01 1.06717782868258e+05 
1.31127493010682e-01 1.06620246175077e+05 
1.31262502454530e-01 1.06524699974797e+05 
1.31397487439878e-01 1.06431608277392e+05 
1.31532610084398e-01 1.06341045346762e+05 
1.31667708330320e-01 1.06253456224033e+05 
1.31802942760435e-01 1.06168684104165e+05 
1.31938152862931e-01 1.06086094977217e+05 
1.32073497556642e-01 1.06006518027727e+05 
1.32208818023258e-01 1.05930673668757e+05 
1.32344271411827e-01 1.05858813521344e+05 
1.32479700647722e-01 1.05791440928447e+05 
1.32615142829727e-01 1.05728563316698e+05 
1.32753946678789e-01 1.05668056339820e+05 
1.32893914992066e-01 1.05603624241980e+05 
1.33034533267290e-01 1.05547835441055e+05 
1.33174546902465e-01 1.05500351382710e+05 
1.33315163045086e-01 1.05459413636115e+05 
1.33455241812360e-01 1.05424422454150e+05 
1.33595851855122e-01 1.05394531088302e+05 
1.33735993518657e-01 1.05369572305135e+05 
1.33874457237970e-01 1.05349103567282e+05 
1.34015189678175e-01 1.05341561620493e+05 
1.34156726939951e-01 1.05335650581986e+05 
1.34297137212009e-01 1.05329898180284e+05 
1.34438230481948e-01 1.05323723870010e+05 
1.34578109657402e-01 1.05317413931301e+05 
1.34718461620999e-01 1.05310900149979e+05 
1.34859282982429e-01 1.05306551708861e+05 
1.35000279745645e-01 1.05304286432837e+05 
1.35141752500522e-01 1.05304761059147e+05 
1.35283377159268e-01 1.05307777850407e+05 
1.35425653910109e-01 1.05314320556489e+05 
1.35568336658299e-01 1.05325318004780e+05 
1.35711644458092e-01 1.05340650872657e+05 
1.35855888332085e-01 1.05361528872104e+05 
1.36000883950468e-01 1.05388017757751e+05 
1.36147092538063e-01 1.05418114723791e+05 
1.36294247955706e-01 1.05451102215209e+05 
1.36442848974600e-01 1.05486736533026e+05 
1.36592548271506e-01 1.05524073768615e+05 
1.36743880230858e-01 1.05564203961818e+05 
1.36895252654172e-01 1.05604916078938e+05 
1.37047102927956e-01 1.05645097905546e+05 
1.37198496281692e-01 1.05683196379032e+05 
1.37350331538268e-01 1.05718619216531e+05 
1.37501697465495e-01 1.05750403756632e+05 
1.37653470144168e-01 1.05778281317794e+05 
1.37804758997694e-01 1.05806926960939e+05 
1.37956424470697e-01 1.05831376680365e+05 
1.38107592830446e-01 1.05847359799127e+05 
1.38259117998781e-01 1.05856198553854e+05 
1.38410131686863e-01 1.05858198715983e+05 
1.38561495811733e-01 1.05854324401091e+05 
1.38712329900357e-01 1.05844963719305e+05 
1.38863516388797e-01 1.05830082798470e+05 
1.39014158410073e-01 1.05804834960771e+05 
1.39165164017769e-01 1.05778438488115e+05 
1.39315612048876e-01 1.05752766401735e+05 
1.39466437275964e-01 1.05726638019761e+05 
1.39616701149623e-01 1.05700424723225e+05 
1.39767355196099e-01 1.05670278218447e+05 
1.39917451036395e-01 1.05636162324002e+05 
1.40067949297978e-01 1.05596169423447e+05 
1.40217894021943e-01 1.05549021370791e+05 
1.40368253128594e-01 1.05493896493386e+05 
1.40518059936518e-01 1.05429853315739e+05 
1.40668290609240e-01 1.05357748164605e+05 
1.40817971118083e-01 1.05279461370679e+05 
1.40968082404781e-01 1.05194528938409e+05 
1.41117645648993e-01 1.05103864943338e+05 
1.41267644449304e-01 1.05006943424863e+05 
1.41417099316182e-01 1.04904920271692e+05 
1.41566992703332e-01 1.04797289030331e+05 
1.41716346177627e-01 1.04685331435471e+05 
1.41866139186084e-01 1.04568553125534e+05 
1.42015396924804e-01 1.04448325739920e+05 
1.42165093428921e-01 1.04324068136888e+05 
1.42314258082209e-01 1.04197271221090e+05 
1.42463859379725e-01 1.04067125510199e+05 
1.42612931313148e-01 1.03934981904207e+05 
1.42762436101988e-01 1.03800318163407e+05 
1.42911413114939e-01 1.03664079619361e+05 
1.43060817930946e-01 1.03526003354695e+05 
1.43209696787415e-01 1.03386982225771e+05 
1.43358997558002e-01 1.03246745536123e+05 
1.43507774278115e-01 1.03106149313852e+05 
1.43656967516013e-01 1.02964893072618e+05 
1.43805637653832e-01 1.02823802897689e+05 
1.43954720259386e-01 1.02682151648134e+05 
1.44103280218877e-01 1.02541274983009e+05 
1.44252250023036e-01 1.02400278175222e+05 
1.44400697284887e-01 1.02260540708620e+05 
1.44549553843096e-01 1.02121172102867e+05 
1.44697885830942e-01 1.01983312207244e+05 
1.44846628416236e-01 1.01846225607814e+05 
1.44994843927203e-01 1.01711333255433e+05 
1.45143472053915e-01 1.01576983307201e+05 
1.45291571663156e-01 1.01445021259697e+05 
1.45440086239632e-01 1.01313755619756e+05 
1.45588071942480e-01 1.01184985407504e+05 
1.45736475328845e-01 1.01057023851542e+05 
1.45884350173019e-01 1.00931575288418e+05 
1.46032645827224e-01 1.00807534043464e+05 
1.46180413793216e-01 1.00685444358326e+05 
1.46328606053684e-01 1.00564773393462e+05 
1.46476271917095e-01 1.00446020741469e+05 
1.46624365836542e-01 1.00328847722871e+05 
1.46771934728587e-01 1.00213511072992e+05 
1.46919935608146e-01 1.00099697831728e+05 
1.47067411978953e-01 9.99876313531034e+04 
1.47215324394670e-01 9.98769897129100e+04 
1.47362711291813e-01 9.97680020753851e+04 
1.47510538512242e-01 9.96603398500300e+04 
1.47657837923071e-01 9.95542587994984e+04 
1.47805582902596e-01 9.94493735805345e+04 
1.47952797099104e-01 9.93460111782280e+04 
1.48100464358008e-01 9.92437278789583e+04 
1.48247598227116e-01 9.91429582942688e+04 
1.48395196044733e-01 9.90431232274311e+04 
1.48542259516944e-01 9.89448170690859e+04 
1.48689801384699e-01 9.88472867945346e+04 
1.48836810769816e-01 9.87513295785874e+04 
1.48984318201150e-01 9.86560491991174e+04 
1.49131298395106e-01 9.85623285081397e+04 
1.49278799432829e-01 9.84692105981605e+04 
1.49425780893991e-01 9.83775933400021e+04 
1.49573305963017e-01 9.82864838546100e+04 
1.49720320872793e-01 9.81967830902069e+04 
1.49867900492655e-01 9.81074643002060e+04 
1.50014983430670e-01 9.80194201509598e+04 
1.50162649184938e-01 9.79316027917198e+04 
1.50309833893074e-01 9.78448902999068e+04 
1.50457616925786e-01 9.77582220957788e+04 
1.50604934903231e-01 9.76724797963308e+04 
1.50752861607078e-01 9.75865909190520e+04 
1.50900337827087e-01 9.75014602834189e+04 
1.51048429091852e-01 9.74159496186312e+04 
1.51196081664551e-01 9.73310300424254e+04 
1.51344352523070e-01 9.72455761282348e+04 
1.51492193774689e-01 9.71606190150931e+04 
1.51640654811830e-01 9.70749995632365e+04 
1.51788692825257e-01 9.69898054847615e+04 
1.51937354700704e-01 9.69037026368215e+04 
1.52085597145999e-01 9.68175723087193e+04 
1.52234472193618e-01 9.67310947230976e+04 
1.52382928337938e-01 9.66445063294291e+04 
1.52532032114204e-01 9.65570592008997e+04 
1.52680716637217e-01 9.64695293735966e+04 
1.52830070837050e-01 9.63810370805073e+04 
1.52979012993778e-01 9.62919681213767e+04 
1.53128649610491e-01 9.62020273532042e+04 
1.53277891155441e-01 9.61122524287240e+04 
1.53427850165489e-01 9.60216521885976e+04 
1.53577437409230e-01 9.59310573689174e+04 
1.53727758495753e-01 9.58395830432200e+04 
1.53877732307325e-01 9.57480825867844e+04 
1.54028447311524e-01 9.56557611330335e+04 
1.54178836928690e-01 9.55633841094128e+04 
1.54329966001062e-01 9.54701227442894e+04 
1.54480788008396e-01 9.53769571099650e+04 
1.54632339958964e-01 9.52831508124342e+04 
1.54783599104819e-01 9.51897490942632e+04 
1.54935573271778e-01 9.50955821754371e+04 
1.55087262921958e-01 9.50022680429393e+04 
1.55239650897779e-01 9.49088139784144e+04 
1.55391755362471e-01 9.48163105604206e+04 
1.55544545080894e-01 9.47240707724005e+04 
1.55697046942538e-01 9.46329501483980e+04 
1.55850231634790e-01 9.45426162279327e+04 
1.56003121726596e-01 9.44534101508783e+04 
1.56156704261232e-01 9.43647230218137e+04 
1.56309989821896e-01 9.42778683045099e+04 
1.56463984946737e-01 9.41919332917990e+04 
1.56617689301245e-01 9.41082918095260e+04 
1.56772122743509e-01 9.40267793776193e+04 
1.56926276890638e-01 9.39492549346651e+04 
1.57081178896499e-01 9.38751391633378e+04 
1.57235815423228e-01 9.38061327212494e+04 
1.57391216547182e-01 9.37408750069625e+04 
1.57546368325978e-01 9.36740525351396e+04 
1.57702297979106e-01 9.36153891575774e+04 
1.57857994622979e-01 9.35645007235445e+04 
1.58014477437217e-01 9.35198018913225e+04 
1.58170742064818e-01 9.34810592568826e+04 
1.58327795558398e-01 9.34470808476473e+04 
1.58484645171381e-01 9.34176863215670e+04 
1.58642281588786e-01 9.33933530862262e+04 
1.58799728798435e-01 9.33783945993900e+04 
1.58957957158702e-01 9.33625045000843e+04 
1.59116009954195e-01 9.33473676894297e+04 
1.59274835136798e-01 9.33322842488276e+04 
1.59433494168636e-01 9.33180447536610e+04 
1.59592915010258e-01 9.33059675406471e+04 
1.59752173221543e-01 9.32967193254932e+04 
1.59912183595284e-01 9.32893417009993e+04 
1.60072030460641e-01 9.32852502356717e+04 
1.60232623685138e-01 9.32832874683782e+04 
1.60393051337505e-01 9.32844997747939e+04 
1.60554225120756e-01 9.32892178239508e+04 
1.60715234832858e-01 9.32973619267816e+04 
1.60876993879734e-01 9.33091921763484e+04 
1.61038595274315e-01 9.33244167373503e+04 
1.61200947059726e-01 9.33421582389449e+04 
1.61363148681784e-01 9.33619816972053e+04 
1.61526095124357e-01 9.33830685585719e+04 
1.61688895151715e-01 9.34056946899949e+04 
1.61852427647813e-01 9.34290775486199e+04 
1.62015809839685e-01 9.34532528488506e+04 
1.62179911734012e-01 9.34775124974183e+04 
1.62343853488569e-01 9.35016872941427e+04 
1.62508511079513e-01 9.35248020654284e+04 
1.62672998994818e-01 9.35469986652338e+04 
1.62838213036264e-01 9.35674197103135e+04 
1.63003254180731e-01 9.35862731873393e+04 
1.63169044637571e-01 9.36027222803716e+04 
1.63334668643658e-01 9.36171016991442e+04 
1.63501072023095e-01 9.36286327802826e+04 
1.63667323056870e-01 9.36377553024440e+04 
1.63834386180663e-01 9.36433654056440e+04 
1.64001317090106e-01 9.36462264256991e+04 
1.64169095541221e-01 9.36451983301681e+04 
1.64336774340309e-01 9.36414978047354e+04 
1.64505329039868e-01 9.36343810967559e+04 
1.64673822856896e-01 9.36269002879941e+04 
1.64843197262915e-01 9.36156040246795e+04 
1.65012532845978e-01 9.35992841127042e+04 
1.65182736934514e-01 9.35775152182121e+04 
1.65352904143725e-01 9.35515472518514e+04 
1.65523935435156e-01 9.35252551693707e+04 
1.65694931480174e-01 9.34974483531531e+04 
1.65866808927990e-01 9.34663837488651e+04 
1.66038666550440e-01 9.34336800994851e+04 
1.66211440955277e-01 9.33980322776051e+04 
1.66384223279110e-01 9.33613567692825e+04 
1.66557189411418e-01 9.33224424385037e+04 
1.66730188346011e-01 9.32828763999826e+04 
1.66903182848344e-01 9.32417721166074e+04 
1.67076206075970e-01 9.32004141287431e+04 
1.67249224451366e-01 9.31583135852504e+04 
1.67422270355910e-01 9.31166914322789e+04 
1.67595313393313e-01 9.30748860788778e+04 
1.67768384164308e-01 9.30340381398527e+04 
1.67941454955056e-01 9.29920184511028e+04 
1.68114554055052e-01 9.29516228904121e+04 
1.68287656392380e-01 9.29120859547025e+04 
1.68460787258917e-01 9.28739545138613e+04 
1.68633924299648e-01 9.28366789745422e+04 
1.68807089702959e-01 9.28007766084207e+04 
1.68980263955692e-01 9.27677035563682e+04 
1.69153470793830e-01 9.27362918078663e+04 
1.69326692473553e-01 9.27060936567895e+04 
1.69499941780699e-01 9.26773732198969e+04 
1.69673203809862e-01 9.26477158906010e+04 
1.69846489729728e-01 9.26196454038028e+04 
1.70019788291143e-01 9.25908709257344e+04 
1.70193109621295e-01 9.25642045571277e+04 
1.70366444991183e-01 9.25376692076832e+04 
1.70539805171163e-01 9.25134604926421e+04 
1.70713185113221e-01 9.24893535280579e+04 
1.70886593558017e-01 9.24675543430071e+04 
1.71060027532960e-01 9.24458351188940e+04 
1.71233493004376e-01 9.24263338767447e+04 
1.71406988387401e-01 9.24068244612085e+04 
1.71580517028316e-01 9.23894236439930e+04 
1.71754078547289e-01 9.23719077820191e+04 
1.71927673983763e-01 9.23563912125704e+04 
1.72101304101835e-01 9.23406496605539e+04 
1.72274967865360e-01 9.23267861674280e+04 
1.72448667042700e-01 9.23125728602592e+04 
1.72622398743715e-01 9.23001563984344e+04 
1.72796165597508e-01 9.22873188910787e+04 
1.72969963187612e-01 9.22762172603853e+04 
1.73143794996603e-01 9.22645998444584e+04 
1.73317638845846e-01 9.22546482079613e+04 
1.73491474087112e-01 9.22441148199816e+04 
1.73665298893537e-01 9.22351623863270e+04 
1.73839113635790e-01 9.22256441617282e+04 
1.74012917373995e-01 9.22175935491599e+04 
1.74186709537176e-01 9.22088284614517e+04 
1.74360490323714e-01 9.22014660037579e+04 
1.74534258456735e-01 9.21934240401429e+04 
1.74708015502568e-01 9.21876899787358e+04 
1.74881759619062e-01 9.21803678122619e+04 
1.75055489831604e-01 9.21738531832417e+04 
1.75229210833182e-01 9.21662259905529e+04 
1.75402923150533e-01 9.21595148286238e+04 
1.75576622033565e-01 9.21521810850499e+04 
1.75750313491207e-01 9.21449468381558e+04 
1.75923992194720e-01 9.21376978075137e+04 
1.76097665966531e-01 9.21315663437156e+04 
1.76271327569033e-01 9.21249572054861e+04 
1.76444986820167e-01 9.21192024277195e+04 
1.76618633680298e-01 9.21128359303569e+04 
1.76792278672194e-01 9.21074938683919e+04 
1.76965909435550e-01 9.21012908860064e+04 
1.77139536797141e-01 9.20961116376289e+04 
1.77313147267386e-01 9.20899983467963e+04 
1.77486751796401e-01 9.20846577213248e+04 
1.77660336479747e-01 9.20784797725658e+04 
1.77833912446443e-01 9.20729456415447e+04 
1.78007465779144e-01 9.20665665073088e+04 
1.78181007809359e-01 9.20608154640843e+04 
1.78354525060354e-01 9.20543559423102e+04 
1.78528028915338e-01 9.20485788307051e+04 
1.78701506841227e-01 9.20422525116411e+04 
1.78874970248767e-01 9.20367024179277e+04 
1.79048407619575e-01 9.20307220545240e+04 
1.79221831268319e-01 9.20255031694060e+04 
1.79395230009838e-01 9.20198251978466e+04 
1.79568618501699e-01 9.20148580040425e+04 
1.79741983267716e-01 9.20093547155396e+04 
1.79915342370490e-01 9.20045390730295e+04 
1.80088679090652e-01 9.19988574823121e+04 
1.80262014682346e-01 9.19940955982297e+04 
1.80435329126912e-01 9.19886088626862e+04 
1.80608646281450e-01 9.19841145870678e+04 
1.80781943245662e-01 9.19783950200533e+04 
1.80955245746025e-01 9.19736810646989e+04 
1.81128528640097e-01 9.19677890402138e+04 
1.81301818562735e-01 9.19628120581035e+04 
1.81475089389481e-01 9.19567976901545e+04 
1.81648368184273e-01 9.19513839040810e+04 
1.81821627641580e-01 9.19449870645190e+04 
1.81994896719192e-01 9.19391838657505e+04 
1.82168143871979e-01 9.19324590234903e+04 
1.82341399964817e-01 9.19263744364740e+04 
1.82514631939541e-01 9.19194500874517e+04 
1.82687871362027e-01 9.19131181896900e+04 
1.82861083053471e-01 9.19060342508955e+04 
1.83034303454483e-01 9.18995491234947e+04 
1.83207495028007e-01 9.18924133518714e+04 
1.83380693362539e-01 9.18859315914333e+04 
1.83553859556849e-01 9.18789676247125e+04 
1.83727029881097e-01 9.18725945554782e+04 
1.83900165486660e-01 9.18659427434500e+04 
1.84073302369538e-01 9.18595132590647e+04 
1.84246403007589e-01 9.18529049519524e+04 
1.84419503089123e-01 9.18466552569595e+04 
1.84592566517478e-01 9.18404378701445e+04 
1.84765628582873e-01 9.18345765834879e+04 
1.84938654439317e-01 9.18288026690665e+04 
1.85111678863879e-01 9.18226511064384e+04 
1.85284668075747e-01 9.18157209189017e+04 
1.85457656390539e-01 9.18097813542969e+04 
1.85630610753593e-01 9.18053169884109e+04 
1.85803565182546e-01 9.18012979492075e+04 
1.85976486930926e-01 9.17983850610729e+04 
1.86149409880887e-01 9.17955994924928e+04 
1.86322300977513e-01 9.17936181191783e+04 
1.86495194059396e-01 9.17917617513242e+04 
1.86668055921799e-01 9.17903571974440e+04 
1.86840917489790e-01 9.17892610648040e+04 
1.87013751820168e-01 9.17884713894193e+04 
1.87186576178252e-01 9.17882505411672e+04 
1.87359379501941e-01 9.17907727277146e+04 
1.87532166834845e-01 9.17940409257001e+04 
1.87704933015385e-01 9.17954676133634e+04 
1.87877683157859e-01 9.17978398417068e+04 
1.88050412001891e-01 9.17987670935782e+04 
1.88223124890407e-01 9.18007907059934e+04 
1.88395816582095e-01 9.18024590606284e+04 
1.88568492583150e-01 9.18062916584370e+04 
1.88741147790455e-01 9.18105845467088e+04 
1.88913787767056e-01 9.18170769176695e+04 
1.89086407655852e-01 9.18240063132902e+04 
1.89259013068524e-01 9.18333236436004e+04 
1.89431599298500e-01 9.18432667426488e+04 
1.89604171759636e-01 9.18559973009892e+04 
1.89776726045356e-01 9.18696146208097e+04 
1.89949267095178e-01 9.18863974179228e+04 
1.90121791165236e-01 9.19050650942530e+04 
1.90294301180087e-01 9.19265576125842e+04 
1.90466796513786e-01 9.19518334051428e+04 
1.90639279707825e-01 9.19808498744041e+04 
1.90811747530345e-01 9.20144935739900e+04 
1.90984197794001e-01 9.20522189098073e+04 
1.91156635228919e-01 9.20946727672997e+04 
1.91329053015688e-01 9.21412623230922e+04 
1.91501461060038e-01 9.21911530936268e+04 
1.91673849661209e-01 9.22453824017728e+04 
1.91846231782009e-01 9.23037715786971e+04 
1.92018594975781e-01 9.23666730194911e+04 
1.92190954685730e-01 9.24331613111901e+04 
1.92363295000662e-01 9.25043359416397e+04 
1.92535634603603e-01 9.25790207608151e+04 
1.92707953243952e-01 9.26583411774928e+04 
1.92880273783955e-01 9.27411342185830e+04 
1.93052571307265e-01 9.28298467631182e+04 
1.93224873288045e-01 9.29207806738874e+04 
1.93397150639226e-01 9.30165571853977e+04 
1.93569434797564e-01 9.31146476106516e+04 
1.93741692457510e-01 9.32165462906837e+04 
1.93913956872167e-01 9.33206180410776e+04 
1.94086193987825e-01 9.34282762965002e+04 
1.94258434237610e-01 9.35379166762392e+04 
1.94430649797288e-01 9.36505973936100e+04 
1.94602863044774e-01 9.37646381563934e+04 
1.94775056424275e-01 9.38809907713842e+04 
1.94947241344854e-01 9.39979501026828e+04 
1.95119414025036e-01 9.41163431458339e+04 
1.95291570332101e-01 9.42344407228802e+04 
1.95463722683403e-01 9.43530632239483e+04 
1.95635848946605e-01 9.44703875062501e+04 
1.95807972470226e-01 9.45872709638215e+04 
1.95980066799096e-01 9.47017014901916e+04 
1.96152157891243e-01 9.48147982025251e+04 
1.96324217714039e-01 9.49247552690791e+04 
1.96496273769600e-01 9.50325712683796e+04 
1.96668296792087e-01 9.51361447734004e+04 
1.96840316127549e-01 9.52370397945577e+04 
1.97012301161677e-01 9.53324070743900e+04 
1.97184283087613e-01 9.54248715006826e+04 
1.97356229739418e-01 9.55113977178783e+04 
1.97528174253182e-01 9.55942216380585e+04 
1.97700082831666e-01 9.56711487317040e+04 
1.97871990290801e-01 9.57437665126481e+04 
1.98043861349667e-01 9.58108219775630e+04 
1.98215732580620e-01 9.58739542852073e+04 
1.98387567274358e-01 9.59309292506834e+04 
1.98559403890700e-01 9.59836189899538e+04 
1.98731204116810e-01 9.60303579080133e+04 
1.98903008733313e-01 9.60729624024286e+04 
1.99074777806141e-01 9.61101776398786e+04 
1.99246553878648e-01 9.61437249865832e+04 
1.99418295182623e-01 9.61746439478933e+04 
1.99590043682018e-01 9.62004146355828e+04 
1.99761760089244e-01 9.62213541772127e+04 
1.99933474869211e-01 9.62387002084103e+04 
2.00105168598533e-01 9.62524338622968e+04 
