# Liste des scalaires : TEMPS pmat 
0.00000000000000e+00 1.00000000000000e+05 
7.22956891292051e-05 1.00000000000000e+05 
1.39473830159791e-04 1.00000000000000e+05 
2.09658797050097e-04 1.00000000000000e+05 
2.76117114236733e-04 1.00000000000000e+05 
3.20638761908122e-04 1.00000000000000e+05 
3.55139419127668e-04 1.00000000000000e+05 
3.84466703006947e-04 1.00000000000000e+05 
4.10882456555349e-04 1.00000000000000e+05 
4.35440253196327e-04 1.00000000000000e+05 
4.62453829501403e-04 1.00000000000000e+05 
4.92168763436986e-04 1.00000000000000e+05 
5.24855190766127e-04 1.00000000000000e+05 
5.60810260828183e-04 1.00000000000000e+05 
6.00360837896444e-04 1.00000000000000e+05 
6.43866472671531e-04 1.00000000000000e+05 
6.91722670924127e-04 1.00000000000000e+05 
7.44364489001983e-04 1.00000000000000e+05 
8.02270488887624e-04 1.00000000000000e+05 
8.65967088761829e-04 1.00000000000000e+05 
9.36033348623455e-04 1.00000000000000e+05 
1.01310623447124e-03 1.00000000000000e+05 
1.09788640890381e-03 1.00000000000000e+05 
1.19114460077963e-03 1.00000000000000e+05 
1.28874595967993e-03 1.00000000000000e+05 
1.39427742078087e-03 1.00000000000000e+05 
1.50221628787622e-03 1.00000000000000e+05 
1.61553425737480e-03 1.00000000000000e+05 
1.73457348070832e-03 1.00000000000000e+05 
1.85733677968622e-03 1.00000000000000e+05 
1.98616223838880e-03 1.00000000000000e+05 
2.11872938704636e-03 1.00000000000000e+05 
2.25541689819671e-03 1.00000000000000e+05 
2.39772133018682e-03 1.00000000000000e+05 
2.54485627309099e-03 1.00000000000000e+05 
2.69657390129206e-03 1.00000000000000e+05 
2.85238267869176e-03 1.00000000000000e+05 
3.01245336052038e-03 1.00000000000000e+05 
3.17812497446095e-03 1.00000000000000e+05 
3.34903914085923e-03 1.00000000000000e+05 
3.52550659026284e-03 1.00000000000000e+05 
3.70726992321349e-03 1.00000000000000e+05 
3.89587589613554e-03 1.00000000000000e+05 
4.08975108537142e-03 1.00000000000000e+05 
4.28959471140178e-03 1.00000000000000e+05 
4.49516060408378e-03 1.00000000000000e+05 
4.70839016598714e-03 1.00000000000000e+05 
4.92856382960959e-03 1.00000000000000e+05 
5.15483884145723e-03 1.00000000000000e+05 
5.38810296190471e-03 1.00000000000000e+05 
5.62716630832453e-03 1.00000000000000e+05 
5.87020911792025e-03 1.00000000000000e+05 
6.12048301668657e-03 1.00000000000000e+05 
6.37286594506237e-03 1.00000000000000e+05 
6.63255281660173e-03 1.00000000000000e+05 
6.89402258475552e-03 1.00000000000000e+05 
7.16407888326962e-03 1.00000000000000e+05 
7.43688359574165e-03 1.00000000000000e+05 
7.71399393221782e-03 1.00000000000000e+05 
7.99382021467232e-03 1.00000000000000e+05 
8.27676473429783e-03 1.00000000000000e+05 
8.55486960153654e-03 1.00000000000000e+05 
8.82693126374596e-03 1.00000000000000e+05 
9.09434989140278e-03 1.00000000000000e+05 
9.35798201906514e-03 1.00000000000000e+05 
9.61828187500582e-03 1.00000000000000e+05 
9.87458787232946e-03 1.00000000000000e+05 
1.01275999656720e-02 1.00000000000000e+05 
1.03780906525601e-02 1.00000000000000e+05 
1.06260594644742e-02 1.00000000000000e+05 
1.08549555340786e-02 1.00000000000000e+05 
1.10600486113410e-02 1.00000000000000e+05 
1.12527947010082e-02 1.00000000000000e+05 
1.14376549557700e-02 1.00000000000000e+05 
1.16160555028973e-02 1.00000000000000e+05 
1.17893912697153e-02 1.00000000000000e+05 
1.19585465164268e-02 1.00000000000000e+05 
1.21239073983389e-02 1.00000000000000e+05 
1.22865738725131e-02 1.00000000000000e+05 
1.24467469451218e-02 1.00000000000000e+05 
1.26054874430398e-02 1.00000000000000e+05 
1.27630810378887e-02 1.00000000000000e+05 
1.29205520225273e-02 1.00000000000000e+05 
1.30780807728497e-02 1.00000000000000e+05 
1.32361973708334e-02 1.00000000000000e+05 
1.33950989639501e-02 1.00000000000000e+05 
1.35552086546831e-02 1.00000000000000e+05 
1.37173208133933e-02 1.00000000000000e+05 
1.38814664769593e-02 1.00000000000000e+05 
1.40484212160222e-02 1.00000000000000e+05 
1.42181140864593e-02 1.00000000000000e+05 
1.43911503753607e-02 1.00000000000000e+05 
1.45673292853886e-02 1.00000000000000e+05 
1.47470957969426e-02 1.00000000000000e+05 
1.49301042508825e-02 1.00000000000000e+05 
1.51166614069625e-02 1.00000000000000e+05 
1.53062830949426e-02 1.00000000000000e+05 
1.54991734966239e-02 1.00000000000000e+05 
1.56947380240899e-02 1.00000000000000e+05 
1.58931190660556e-02 1.00000000000000e+05 
1.60936518859526e-02 1.00000000000000e+05 
1.62964592508297e-02 1.00000000000000e+05 
1.65008429464900e-02 1.00000000000000e+05 
1.67069397481527e-02 1.00000000000000e+05 
1.69140454800951e-02 1.00000000000000e+05 
1.71222476744140e-02 1.00000000000000e+05 
1.73310661971408e-02 1.00000000000000e+05 
1.75404806730905e-02 1.00000000000000e+05 
1.77502341059339e-02 1.00000000000000e+05 
1.79602472388703e-02 1.00000000000000e+05 
1.81704403455820e-02 1.00000000000000e+05 
1.83807093376864e-02 1.00000000000000e+05 
1.85910824026584e-02 1.00000000000000e+05 
1.88014468068801e-02 1.00000000000000e+05 
1.90118823959603e-02 1.00000000000000e+05 
1.92222960545928e-02 1.00000000000000e+05 
1.94328011690041e-02 1.00000000000000e+05 
1.96432966328152e-02 1.00000000000000e+05 
1.98539227845597e-02 1.00000000000000e+05 
2.00645872529212e-02 1.00000000000000e+05 
2.02754388494040e-02 1.00000000000000e+05 
2.04863802285965e-02 1.00000000000000e+05 
2.06975647158595e-02 1.00000000000000e+05 
2.09088556592230e-02 1.00000000000000e+05 
2.11203812094267e-02 1.00000000000000e+05 
2.13319836978358e-02 1.00000000000000e+05 
2.15434996125110e-02 1.00000000000000e+05 
2.17548496317483e-02 1.00000000000000e+05 
2.19654575082919e-02 1.00000000000000e+05 
2.21752594054743e-02 1.00000000000000e+05 
2.23836812307653e-02 1.00000000000000e+05 
2.25906460215052e-02 1.00000000000000e+05 
2.27958543220742e-02 1.00000000000000e+05 
2.29994529586210e-02 1.00000000000000e+05 
2.32013459136481e-02 1.00000000000000e+05 
2.34017213476240e-02 1.00000000000000e+05 
2.36006418564457e-02 1.00000000000000e+05 
2.37976777238909e-02 1.00000000000000e+05 
2.39933145269485e-02 1.00000000000000e+05 
2.41875106372691e-02 1.00000000000000e+05 
2.43810068719605e-02 1.00000000000000e+05 
2.45737182071087e-02 1.00000000000000e+05 
2.47663172961281e-02 1.00000000000000e+05 
2.49586535996694e-02 1.00000000000000e+05 
2.51512987947467e-02 1.00000000000000e+05 
2.53440265606031e-02 1.00000000000000e+05 
2.55373086863283e-02 1.00000000000000e+05 
2.57308425374695e-02 1.00000000000000e+05 
2.59250330147458e-02 1.00000000000000e+05 
2.61195614436108e-02 1.00000000000000e+05 
2.63148158764053e-02 1.00000000000000e+05 
2.65105315109719e-02 1.00000000000000e+05 
2.67070934798243e-02 1.00000000000000e+05 
2.69043841225341e-02 1.00000000000000e+05 
2.71028279788254e-02 1.00000000000000e+05 
2.73010211129432e-02 1.00000000000000e+05 
2.74992949496708e-02 1.00000000000000e+05 
2.76975615727119e-02 1.00000000000000e+05 
2.78963965204031e-02 1.00000000000000e+05 
2.80957444393937e-02 1.00000000000000e+05 
2.82960974924380e-02 1.00000000000000e+05 
2.84974061616821e-02 1.00000000000000e+05 
2.86998441222955e-02 1.00000000000000e+05 
2.89030732274134e-02 1.00000000000000e+05 
2.91073977012140e-02 1.00000000000000e+05 
2.93127602514708e-02 1.00000000000000e+05 
2.95193759552747e-02 1.00000000000000e+05 
2.97272057887889e-02 1.00000000000000e+05 
2.99363862348056e-02 1.00000000000000e+05 
3.01469015847059e-02 1.00000000000000e+05 
3.03588264777211e-02 1.00000000000000e+05 
3.05721711493630e-02 1.00000000000000e+05 
3.07869615543445e-02 1.00000000000000e+05 
3.10032359998410e-02 1.00000000000000e+05 
3.12204236618596e-02 1.00000000000000e+05 
3.14380768297432e-02 1.00000000000000e+05 
3.16563991615524e-02 1.00000000000000e+05 
3.18753442049596e-02 1.00000000000000e+05 
3.20950672921434e-02 1.00000000000000e+05 
3.23155617133964e-02 1.00000000000000e+05 
3.25369505917881e-02 1.00000000000000e+05 
3.27592595893659e-02 1.00000000000000e+05 
3.29825835604574e-02 1.00000000000000e+05 
3.32069734461512e-02 1.00000000000000e+05 
3.34325011267126e-02 1.00000000000000e+05 
3.36592357448095e-02 1.00000000000000e+05 
3.38872273568258e-02 1.00000000000000e+05 
3.41165507348444e-02 1.00000000000000e+05 
3.43472233007880e-02 1.00000000000000e+05 
3.45793148550566e-02 1.00000000000000e+05 
3.48128110437229e-02 1.00000000000000e+05 
3.50477621935575e-02 1.00000000000000e+05 
3.52836344242669e-02 1.00000000000000e+05 
3.55205534374465e-02 1.00000000000000e+05 
3.57584677428566e-02 1.00000000000000e+05 
3.59975008579795e-02 1.00000000000000e+05 
3.62375795759261e-02 1.00000000000000e+05 
3.64788220807165e-02 1.00000000000000e+05 
3.67210540365805e-02 1.00000000000000e+05 
3.69640802575330e-02 1.00000000000000e+05 
3.72080095871578e-02 1.00000000000000e+05 
3.74528129210528e-02 1.00000000000000e+05 
3.76985704823814e-02 1.00000000000000e+05 
3.79452628000512e-02 1.00000000000000e+05 
3.81929349188264e-02 1.00000000000000e+05 
3.84415670515503e-02 1.00000000000000e+05 
3.86911785019009e-02 1.00000000000000e+05 
3.89417555708097e-02 1.00000000000000e+05 
3.91932973201689e-02 1.00000000000000e+05 
3.94458113185297e-02 1.00000000000000e+05 
3.96992727776387e-02 1.00000000000000e+05 
3.99537089506636e-02 1.00000000000000e+05 
4.02090697321468e-02 1.00000000000000e+05 
4.04654121582130e-02 1.00000000000000e+05 
4.07226609683527e-02 1.00000000000000e+05 
4.09808935977536e-02 1.00000000000000e+05 
4.12400080585401e-02 1.00000000000000e+05 
4.15000984785821e-02 1.00000000000000e+05 
4.17610387418880e-02 1.00000000000000e+05 
4.20229295552500e-02 1.00000000000000e+05 
4.22856369323194e-02 1.00000000000000e+05 
4.25492728899926e-02 1.00000000000000e+05 
4.28136944178428e-02 1.00000000000000e+05 
4.30790290306289e-02 1.00000000000000e+05 
4.33451164320799e-02 1.00901443888637e+05 
4.36120776789864e-02 1.04671641366639e+05 
4.38797594885488e-02 1.12817254442930e+05 
4.41481999292083e-02 1.25837210540844e+05 
4.44170930381337e-02 1.42209998469846e+05 
4.46865294800292e-02 1.59905117910981e+05 
4.49563449607706e-02 1.75971876144093e+05 
4.52266265404083e-02 1.86019818141624e+05 
4.54972313282738e-02 1.91211354510980e+05 
4.57682455679104e-02 1.90891968270673e+05 
4.60395455525241e-02 1.90300735969494e+05 
4.63112147805798e-02 1.89217767237364e+05 
4.65831490571588e-02 1.87453446628141e+05 
4.68554367190743e-02 1.84927035074229e+05 
4.71279834656557e-02 1.82172633615453e+05 
4.74008752265598e-02 1.79383727521373e+05 
4.76740111031676e-02 1.76689941636302e+05 
4.79474800697867e-02 1.74209400307391e+05 
4.82211799301410e-02 1.71997972994222e+05 
4.84952099425411e-02 1.70053169003229e+05 
4.87692494096790e-02 1.68353381596881e+05 
4.90431765844508e-02 1.66836482601322e+05 
4.93171484422318e-02 1.65456160928543e+05 
4.95910846466272e-02 1.64160583201859e+05 
4.98651103419530e-02 1.62909997024785e+05 
5.01391780539230e-02 1.61671827157741e+05 
5.04133773341166e-02 1.60425657535528e+05 
5.06876696386007e-02 1.59158284639849e+05 
5.09621157520287e-02 1.57866720986535e+05 
5.12366872896424e-02 1.56552399443770e+05 
5.15114270548659e-02 1.55221617254673e+05 
5.17863169918748e-02 1.53881353410599e+05 
5.20613848109340e-02 1.52538388031122e+05 
5.23366201202652e-02 1.51202766503608e+05 
5.26120365475720e-02 1.49883732298341e+05 
5.28876307368807e-02 1.48581864901548e+05 
5.31634017784602e-02 1.47300946510800e+05 
5.34393554159171e-02 1.46044115960377e+05 
5.37154791428382e-02 1.44813467569964e+05 
5.39917891187543e-02 1.43609951986121e+05 
5.42682619842130e-02 1.42433942730881e+05 
5.45448364119644e-02 1.41285715076725e+05 
5.48215518107612e-02 1.40164491776549e+05 
5.50982003376545e-02 1.39069345272577e+05 
5.53749933561604e-02 1.37998088778545e+05 
5.56517288092217e-02 1.36950632889929e+05 
5.59286125731067e-02 1.35924888951274e+05 
5.62054479837251e-02 1.34921141364789e+05 
5.64824385630503e-02 1.33938133234813e+05 
5.67593939121110e-02 1.32975935101696e+05 
5.70365161610350e-02 1.32033684658143e+05 
5.73136321488575e-02 1.31111306363760e+05 
5.75909387007200e-02 1.30207378935205e+05 
5.78682665997614e-02 1.29322392130397e+05 
5.81458118262039e-02 1.28452076085382e+05 
5.84234057351465e-02 1.27595104864182e+05 
5.87012496729151e-02 1.26754588013353e+05 
5.89791880327162e-02 1.25918666972900e+05 
5.92574102872046e-02 1.25088460415272e+05 
5.95358062518998e-02 1.24265182478398e+05 
5.98145143649267e-02 1.23451026244255e+05 
6.00934637573882e-02 1.22644854590690e+05 
6.03727371302901e-02 1.21848528551985e+05 
6.06521007043613e-02 1.21061041161571e+05 
6.09316528743744e-02 1.20254412644675e+05 
6.12111503109919e-02 1.19469566097654e+05 
6.14908367741015e-02 1.18693897380721e+05 
6.17704767907388e-02 1.17916904333319e+05 
6.20503258008218e-02 1.17189911951076e+05 
6.23301652340976e-02 1.16443237846241e+05 
6.26102663536213e-02 1.15653141655901e+05 
6.28904481936975e-02 1.14927734105742e+05 
6.31709367577184e-02 1.14758421650634e+05 
6.34515748500035e-02 1.15521181037112e+05 
6.37324952698856e-02 1.17487609404067e+05 
6.40135640178915e-02 1.20926345521919e+05 
6.42947941180224e-02 1.25487966698143e+05 
6.45761978516485e-02 1.31109442292241e+05 
6.48577866142331e-02 1.37743462579138e+05 
6.51395695828742e-02 1.45272002075173e+05 
6.54215542595786e-02 1.53148365275029e+05 
6.57037482402509e-02 1.61961882018064e+05 
6.59861603093580e-02 1.70351983997456e+05 
6.62687954299526e-02 1.77331150056799e+05 
6.65516690941116e-02 1.84988266075588e+05 
6.68347854559529e-02 1.92493933032741e+05 
6.71181654453437e-02 1.99628046832505e+05 
6.74018200867654e-02 2.04106389112046e+05 
6.76857679136267e-02 2.06768150976547e+05 
6.79700162289332e-02 2.07041987476715e+05 
6.82545691511216e-02 2.06824416507315e+05 
6.85394456579139e-02 2.05756629614217e+05 
6.88246588893223e-02 2.04031699767698e+05 
6.91102232412891e-02 2.01383404702314e+05 
6.93961652998526e-02 1.98469721552822e+05 
6.96824897259650e-02 1.95458688504489e+05 
6.99692283598745e-02 1.92389524050200e+05 
7.02563766476590e-02 1.89485110781402e+05 
7.05437760569493e-02 1.86774424391783e+05 
7.08312869443432e-02 1.84235334533248e+05 
7.11190297948919e-02 1.81862592200178e+05 
7.14069040439765e-02 1.79631930225485e+05 
7.16950259569289e-02 1.77501858205849e+05 
7.19832915990448e-02 1.75449253099494e+05 
7.22718107332212e-02 1.73443717906545e+05 
7.25604866308130e-02 1.71466577166330e+05 
7.28494364587042e-02 1.69505009982963e+05 
7.31385650001196e-02 1.67550032620304e+05 
7.34280005860546e-02 1.65604061633666e+05 
7.37176351110716e-02 1.63668471600114e+05 
7.40076142585327e-02 1.61748299650097e+05 
7.42978225171668e-02 1.59845835834829e+05 
7.45884466362779e-02 1.57969054853433e+05 
7.48793164610138e-02 1.56127715846982e+05 
7.51706311588902e-02 1.54325780610614e+05 
7.54621906564579e-02 1.52573694664659e+05 
7.57541928324088e-02 1.50869947443774e+05 
7.60464887894152e-02 1.49223086427141e+05 
7.63392162292469e-02 1.47637015856141e+05 
7.66322195351366e-02 1.46117805300850e+05 
7.69254058413916e-02 1.44675568013037e+05 
7.72185916036054e-02 1.43313985265605e+05 
7.75119786005630e-02 1.42038806464657e+05 
7.78054300178362e-02 1.40829910393386e+05 
7.80990775850682e-02 1.39742425470542e+05 
7.83928222398997e-02 1.38743683484868e+05 
7.86867385123556e-02 1.37829043139554e+05 
7.89807677724804e-02 1.36973998271710e+05 
7.92749152423104e-02 1.36143265681744e+05 
7.95691638901036e-02 1.35368110892141e+05 
7.98634062172801e-02 1.34654093901814e+05 
8.01576823079011e-02 1.34014151227800e+05 
8.04517409152783e-02 1.33437343807411e+05 
8.07449091457831e-02 1.32898362293497e+05 
8.10370026867974e-02 1.32383129269836e+05 
8.13257197442270e-02 1.31872580612682e+05 
8.16102414804907e-02 1.31356461443499e+05 
8.18924664391423e-02 1.30806489632205e+05 
8.21714968090059e-02 1.30235665652297e+05 
8.24487730137413e-02 1.29598131877797e+05 
8.27249171086268e-02 1.28915018024949e+05 
8.30009258622398e-02 1.28183123729840e+05 
8.32770677758987e-02 1.27440826891547e+05 
8.35525791272752e-02 1.26686523528709e+05 
8.38273551309129e-02 1.25913024049146e+05 
8.41017527096481e-02 1.25114873402052e+05 
8.43758203324453e-02 1.24306362523318e+05 
8.46497706819230e-02 1.23486488506886e+05 
8.49234245146421e-02 1.22659186599020e+05 
8.51967141670773e-02 1.21830845637760e+05 
8.54700609338537e-02 1.21003238619468e+05 
8.57430785794679e-02 1.20180564324798e+05 
8.60164170110772e-02 1.19362540587596e+05 
8.62894369438207e-02 1.18553418266335e+05 
8.65628795318629e-02 1.17752137559606e+05 
8.68361121406615e-02 1.16961878288684e+05 
8.71098624966175e-02 1.16181041299854e+05 
8.73835385931012e-02 1.15412015874152e+05 
8.76576965328508e-02 1.14653280619091e+05 
8.79320133979579e-02 1.13905914856887e+05 
8.82063231789058e-02 1.13170010553354e+05 
8.84808046880193e-02 1.12444753439429e+05 
8.87553284809081e-02 1.11729859128911e+05 
8.90300535771721e-02 1.11024250111479e+05 
8.93048779753841e-02 1.10327378225449e+05 
8.95799629451703e-02 1.09638024065266e+05 
8.98552440855599e-02 1.08955345641321e+05 
9.01309242123294e-02 1.08277972102806e+05 
9.04068089387311e-02 1.07605349537579e+05 
9.06831211935460e-02 1.06936226904031e+05 
9.09597797384352e-02 1.06269857481701e+05 
9.12371169766793e-02 1.05604791899462e+05 
9.15148515355302e-02 1.04941098108615e+05 
9.17933983265937e-02 1.04277410829501e+05 
9.20725213246175e-02 1.03613894095590e+05 
9.23525854224233e-02 1.02949543186659e+05 
9.26333037539266e-02 1.02284897521977e+05 
9.29149898980507e-02 1.01619322612448e+05 
9.31973135872890e-02 1.00953583575756e+05 
9.34805286885459e-02 1.00287541154437e+05 
9.37642904490927e-02 9.96221206899683e+04 
9.40488090405634e-02 9.89574046889148e+04 
9.43337616078942e-02 9.82943633330155e+04 
9.46193317269124e-02 9.76331927707910e+04 
9.49052365840193e-02 9.69748499120463e+04 
9.51916480762142e-02 9.63195027280005e+04 
9.54783188642053e-02 9.56679860260684e+04 
9.57654407073165e-02 9.50204726978706e+04 
9.60527493077082e-02 9.43777705280841e+04 
9.63405120359629e-02 9.37398388627271e+04 
9.66284365625311e-02 9.31074444840507e+04 
9.69166987111545e-02 9.24806609132410e+04 
9.72051007189671e-02 9.18599832021906e+04 
9.74938219108118e-02 9.12453899249774e+04 
9.77826833614079e-02 9.06372254167861e+04 
9.80718790196268e-02 9.00354477329633e+04 
9.83612338006975e-02 8.94403288072026e+04 
9.86509131101887e-02 8.88517614994247e+04 
9.89407636553502e-02 8.82699252046885e+04 
9.92309198045469e-02 8.76947077329561e+04 
9.95212679168818e-02 8.71261800109314e+04 
9.98119214427947e-02 8.65641418233128e+04 
1.00102797055322e-01 8.60085342639263e+04 
1.00393989752009e-01 8.54591610137254e+04 
1.00685439157118e-01 8.49158434457159e+04 
1.00977230421047e-01 8.43784249373216e+04 
1.01269329046438e-01 8.38466792635649e+04 
1.01561584207865e-01 8.33207416938353e+04 
1.01854359229593e-01 8.27994413038453e+04 
1.02147431212684e-01 8.22811401851932e+04 
1.02440892029796e-01 8.17698401648034e+04 
1.02734719098724e-01 8.12651589764943e+04 
1.03028971192732e-01 8.07668668733008e+04 
1.03323649360287e-01 8.02730493185066e+04 
1.03618778647907e-01 7.97826652712850e+04 
1.03914374290986e-01 7.92959434802184e+04 
1.04210323377708e-01 7.88135584987021e+04 
1.04506754610371e-01 7.83359591417245e+04 
1.04803407836843e-01 7.78638924308332e+04 
1.05099670140212e-01 7.73980811962393e+04 
1.05395703687366e-01 7.69380941841944e+04 
1.05691404418835e-01 7.64840249781082e+04 
1.05986937804970e-01 7.60355319673966e+04 
1.06282227374344e-01 7.55929476087746e+04 
1.06577432640627e-01 7.51552909613232e+04 
1.06872500502970e-01 7.47225721425583e+04 
1.07167581992696e-01 7.42944870631258e+04 
1.07462629488695e-01 7.38712572343339e+04 
1.07757798211304e-01 7.34521985877685e+04 
1.08053021406195e-01 7.30388129827583e+04 
1.08348445839186e-01 7.26304454270328e+04 
1.08643987689256e-01 7.22264108659528e+04 
1.08939799862114e-01 7.18263310301989e+04 
1.09235811633169e-01 7.14295250137362e+04 
1.09532161814402e-01 7.10358318173183e+04 
1.09828760964712e-01 7.06459120133492e+04 
1.10125728306022e-01 7.02596724867366e+04 
1.10422968414621e-01 6.98774176411279e+04 
1.10720610200474e-01 6.94989707434293e+04 
1.11018544918356e-01 6.91246950740173e+04 
1.11316902411009e-01 6.87546426066747e+04 
1.11615546693284e-01 6.83891684705657e+04 
1.11914619450823e-01 6.80283202836949e+04 
1.12213954385773e-01 6.76725149441797e+04 
1.12513710184914e-01 6.73217926223323e+04 
1.12813684250658e-01 6.69766307687298e+04 
1.13114040736198e-01 6.66370310742643e+04 
1.13414558574381e-01 6.63034841287032e+04 
1.13715421361955e-01 6.59759550931339e+04 
1.14016408121449e-01 6.56549428211962e+04 
1.14317705676075e-01 6.53403557213325e+04 
1.14619058495888e-01 6.50326362129999e+04 
1.14920675733544e-01 6.47318252336378e+04 
1.15222289696506e-01 6.44384435558837e+04 
1.15524131377474e-01 6.41522188984886e+04 
1.15825951403639e-01 6.38737986850480e+04 
1.16127979960262e-01 6.36031558587325e+04 
1.16429965588434e-01 6.33405699809916e+04 
1.16732142787643e-01 6.30853642645881e+04 
1.17034265517763e-01 6.28386044722499e+04 
1.17336575218107e-01 6.26001486600956e+04 
1.17638843057232e-01 6.23692492912350e+04 
1.17941308061107e-01 6.21473780360319e+04 
1.18243761834117e-01 6.19344527774620e+04 
1.18546433914556e-01 6.17279127565212e+04 
1.18849128264678e-01 6.15290385469252e+04 
1.19152063313651e-01 6.13432531115178e+04 
1.19455051524192e-01 6.11828157332114e+04 
1.19758295414807e-01 6.10474329184687e+04 
1.20061624814653e-01 6.09627171998820e+04 
1.20365226293406e-01 6.09376784956118e+04 
1.20668910566233e-01 6.09555512309906e+04 
1.20972641313326e-01 6.09991774479778e+04 
1.21276191405225e-01 6.10932159848089e+04 
1.21579793359235e-01 6.12473557033009e+04 
1.21883234480051e-01 6.14639899946992e+04 
1.22186733465742e-01 6.17463944527347e+04 
1.22490087309269e-01 6.21161450109703e+04 
1.22793487027450e-01 6.25709813209994e+04 
1.23096743454856e-01 6.31407215313633e+04 
1.23400058504953e-01 6.37984884104532e+04 
1.23700335000210e-01 6.45632794561675e+04 
1.24003577110974e-01 6.54900330986324e+04 
1.24306213081944e-01 6.66324704165405e+04 
1.24607834642092e-01 6.80056119371677e+04 
1.24908243580835e-01 6.95462953697039e+04 
1.25207851834985e-01 7.12256098122258e+04 
1.25506668878651e-01 7.29667310634596e+04 
1.25805163329387e-01 7.46933071454979e+04 
1.26102757136216e-01 7.63057425114150e+04 
1.26399319844351e-01 7.77627401316070e+04 
1.26694819027348e-01 7.90055566267489e+04 
1.26989369098453e-01 8.00008831972990e+04 
1.27283658110161e-01 8.07004594227386e+04 
1.27577539097606e-01 8.11278676628464e+04 
1.27871473320102e-01 8.14619200655925e+04 
1.28165265643149e-01 8.17332316429778e+04 
1.28459169005835e-01 8.19362226938259e+04 
1.28751668222936e-01 8.20738444427008e+04 
1.29040049928907e-01 8.21495041142422e+04 
1.29325271080899e-01 8.21883277964767e+04 
1.29608880138065e-01 8.21985607026333e+04 
1.29889718505240e-01 8.21928666709265e+04 
1.30166558067541e-01 8.21730509232821e+04 
1.30440864702550e-01 8.21507514854027e+04 
1.30713030451649e-01 8.21240442593478e+04 
1.30984633462598e-01 8.20981122060957e+04 
1.31254174854241e-01 8.20702644436111e+04 
1.31522097120978e-01 8.20425526084611e+04 
1.31788890468629e-01 8.20136043207663e+04 
1.32053616278561e-01 8.19851528205321e+04 
1.32316098572874e-01 8.19552673494252e+04 
1.32576820868657e-01 8.19248668293743e+04 
1.32836790466880e-01 8.18918457849949e+04 
1.33095194748064e-01 8.18568164647850e+04 
1.33351711122599e-01 8.18181886333271e+04 
1.33606862922702e-01 8.17767284844978e+04 
1.33860295066127e-01 8.17315706881904e+04 
1.34112625031661e-01 8.16836805900485e+04 
1.34364195313419e-01 8.16321500245418e+04 
1.34614654470262e-01 8.15778653278368e+04 
1.34864190311126e-01 8.15208346119924e+04 
1.35113348940386e-01 8.14651674432711e+04 
1.35361848474351e-01 8.14087189685520e+04 
1.35609967405349e-01 8.13608888202264e+04 
1.35857704233446e-01 8.13257560867483e+04 
1.36104994882591e-01 8.12933532580288e+04 
1.36352100124140e-01 8.12822844325227e+04 
1.36599036035405e-01 8.12907187679662e+04 
1.36845991794930e-01 8.13212197309922e+04 
1.37093006408788e-01 8.13471514616286e+04 
1.37340026595765e-01 8.13816297313392e+04 
1.37587348573729e-01 8.14246310854281e+04 
1.37835025213033e-01 8.14872072112985e+04 
1.38083153685331e-01 8.15644895595428e+04 
1.38331874213381e-01 8.16477846685503e+04 
1.38581117169795e-01 8.17341638972659e+04 
1.38831064126585e-01 8.18223963418389e+04 
1.39081660143020e-01 8.19122020590031e+04 
1.39332886712683e-01 8.19895443546269e+04 
1.39584715009121e-01 8.20527976387178e+04 
1.39837163146087e-01 8.21061122197293e+04 
1.40090195760116e-01 8.21317575105549e+04 
1.40343746394294e-01 8.21370944613960e+04 
1.40597950995444e-01 8.21148716842739e+04 
1.40852789711468e-01 8.20903891918978e+04 
1.41108203260679e-01 8.20760438808102e+04 
1.41364287462255e-01 8.20577475548199e+04 
1.41620881544676e-01 8.20339070452527e+04 
1.41877891275262e-01 8.20173054740194e+04 
1.42135224700252e-01 8.20184740372042e+04 
1.42392918433817e-01 8.20475967560102e+04 
1.42650877767906e-01 8.21040298321428e+04 
1.42909182911761e-01 8.21961181367307e+04 
1.43167799994630e-01 8.23240481416038e+04 
1.43426636908733e-01 8.24844298987616e+04 
1.43685817564301e-01 8.26786254082057e+04 
1.43945251061705e-01 8.28970059784781e+04 
1.44205091654064e-01 8.31347284741516e+04 
1.44465214465069e-01 8.33845483570861e+04 
1.44725807061587e-01 8.36343174557913e+04 
1.44986687110440e-01 8.38777941467288e+04 
1.45247991291147e-01 8.41016083878966e+04 
1.45509505467290e-01 8.42914308895689e+04 
1.45771448212332e-01 8.44459523070025e+04 
1.46033528234848e-01 8.45523676470855e+04 
1.46296004447079e-01 8.45889955796174e+04 
1.46558690905124e-01 8.45913381882967e+04 
1.46821823913575e-01 8.45044267297251e+04 
1.47085122588729e-01 8.43518982522495e+04 
1.47348787539740e-01 8.41425298086144e+04 
1.47612755636338e-01 8.38696104708052e+04 
1.47877106026706e-01 8.35964261041894e+04 
1.48141743450752e-01 8.33187997266801e+04 
1.48406735535808e-01 8.30337434530337e+04 
1.48672084315086e-01 8.27425556197349e+04 
1.48937808924413e-01 8.24452859773380e+04 
1.49203905480131e-01 8.21467312828340e+04 
1.49470417067214e-01 8.18499331854306e+04 
1.49737271875325e-01 8.15536612976925e+04 
1.50004581886911e-01 8.12674166351542e+04 
1.50272207236524e-01 8.09905971048124e+04 
1.50540247427950e-01 8.07224754118082e+04 
1.50808608668894e-01 8.04625208816108e+04 
1.51077263187200e-01 8.02107053027798e+04 
1.51346214294943e-01 7.99557043551477e+04 
1.51615510636196e-01 7.96995799417254e+04 
1.51885154878266e-01 7.95140951136341e+04 
1.52155182944184e-01 7.94555630556660e+04 
1.52425570300680e-01 7.95574560205741e+04 
1.52696359250175e-01 7.98602022358213e+04 
1.52967494461827e-01 8.03678266244397e+04 
1.53239072766732e-01 8.10575304648234e+04 
1.53510963791390e-01 8.19139545087076e+04 
1.53783342012458e-01 8.29192385167796e+04 
1.54056025270264e-01 8.40354833021389e+04 
1.54328881916626e-01 8.52045451792359e+04 
1.54602278046365e-01 8.63854942706012e+04 
1.54875825182254e-01 8.74937233214065e+04 
1.55149561111192e-01 8.84612525793540e+04 
1.55423612522113e-01 8.93509200825215e+04 
1.55697893502655e-01 8.99919849891455e+04 
1.55972485046057e-01 9.03835119059916e+04 
1.56247325248703e-01 9.05572282105919e+04 
1.56522454193881e-01 9.04909008781363e+04 
1.56797834962023e-01 9.03508971073305e+04 
1.57073493937491e-01 9.01964081188828e+04 
1.57349402312681e-01 9.00422665744855e+04 
1.57625626558218e-01 8.98786455260939e+04 
1.57902071702092e-01 8.96844590858247e+04 
1.58178875616651e-01 8.94790334624691e+04 
1.58455903743470e-01 8.92630663583439e+04 
1.58733351883264e-01 8.90417890743480e+04 
1.59011058108249e-01 8.88273289841660e+04 
1.59289132783581e-01 8.86237066660058e+04 
1.59567337429757e-01 8.84338410596003e+04 
1.59845596603541e-01 8.82615024737072e+04 
1.60123919672399e-01 8.81226531244014e+04 
1.60402513923992e-01 8.80454502712389e+04 
1.60681217276594e-01 8.80271367409653e+04 
1.60960239736208e-01 8.80505478247606e+04 
1.61239416694169e-01 8.81157149542759e+04 
1.61518922907830e-01 8.83045673734228e+04 
1.61798607760458e-01 8.86607348193871e+04 
1.62078585025418e-01 8.92445243448657e+04 
1.62358814056057e-01 9.00532387102149e+04 
1.62639393061963e-01 9.11061264732944e+04 
1.62920211055552e-01 9.23653237654812e+04 
1.63201354345223e-01 9.38288822026775e+04 
1.63482853254967e-01 9.54197468934671e+04 
1.63764745377955e-01 9.70477316584133e+04 
1.64047023415685e-01 9.86693239482293e+04 
1.64329717091120e-01 1.00186656823344e+05 
1.64612793387758e-01 1.01577540779832e+05 
1.64896317951443e-01 1.02649205795913e+05 
1.65180201398688e-01 1.03461276829725e+05 
1.65464338975777e-01 1.04024440196034e+05 
1.65748501758274e-01 1.04480295833562e+05 
1.66032808945702e-01 1.04851493259675e+05 
1.66317124392268e-01 1.05107768132350e+05 
1.66601547676551e-01 1.05271958767116e+05 
1.66885989777137e-01 1.05381757221425e+05 
1.67170534634851e-01 1.05447347925611e+05 
1.67455113851907e-01 1.05462262418768e+05 
1.67739813920640e-01 1.05446335804368e+05 
1.68024553378247e-01 1.05407607456766e+05 
1.68309428950830e-01 1.05337367675322e+05 
1.68594354773654e-01 1.05239378503037e+05 
1.68879463843461e-01 1.05124666589012e+05 
1.69164657678586e-01 1.04955555405366e+05 
1.69450096673040e-01 1.04746484039390e+05 
1.69735619739249e-01 1.04502911063844e+05 
1.70021456144976e-01 1.04248182220430e+05 
1.70307433929465e-01 1.03991683793203e+05 
1.70593773752571e-01 1.03732861014141e+05 
1.70880290436017e-01 1.03465615874220e+05 
1.71167210500473e-01 1.03187586868200e+05 
1.71454390995795e-01 1.02905296228772e+05 
1.71742126864071e-01 1.02622022672196e+05 
1.72029914809588e-01 1.02342272375836e+05 
1.72318288683453e-01 1.02072093146029e+05 
1.72606806557662e-01 1.01819241810593e+05 
1.72895896236856e-01 1.01590345965848e+05 
1.73185162262665e-01 1.01394216503123e+05 
1.73474951246714e-01 1.01238890443793e+05 
1.73764917236044e-01 1.01129880624646e+05 
1.74055343111618e-01 1.01072626416794e+05 
1.74345926046803e-01 1.01070243964039e+05 
1.74636907921844e-01 1.01128189683876e+05 
1.74928017701847e-01 1.01249602960778e+05 
1.75219469894481e-01 1.01435590443631e+05 
1.75511033519936e-01 1.01685388768043e+05 
1.75802883539121e-01 1.01994369122759e+05 
1.76094810275544e-01 1.02360703600202e+05 
1.76386965922056e-01 1.02781850972758e+05 
1.76679183116206e-01 1.03250275137964e+05 
1.76972064579460e-01 1.03760942491728e+05 
1.77264950669674e-01 1.04316667569036e+05 
1.77558139440480e-01 1.04922780456549e+05 
1.77851282783975e-01 1.05575391790067e+05 
1.78144742878957e-01 1.06271040908263e+05 
1.78438268356774e-01 1.07042068059831e+05 
1.78731842421351e-01 1.07916651423470e+05 
1.79025711595116e-01 1.08910560883700e+05 
1.79319371270370e-01 1.10016357690497e+05 
1.79613791583469e-01 1.11236932258735e+05 
1.79908188238366e-01 1.12560960561350e+05 
1.80202336455988e-01 1.13956447162000e+05 
1.80496482525444e-01 1.15388716777325e+05 
1.80790445234345e-01 1.16791497099675e+05 
1.81084427169280e-01 1.18104837352618e+05 
1.81378278862729e-01 1.19280822603188e+05 
1.81672179741194e-01 1.20266094833753e+05 
1.81965985204797e-01 1.20963456439460e+05 
1.82259845900068e-01 1.21322242969994e+05 
1.82553631663671e-01 1.21332175678893e+05 
1.82847434746868e-01 1.21182129668721e+05 
1.83141201163026e-01 1.20874077557409e+05 
1.83434891356781e-01 1.20477684882889e+05 
1.83728551508691e-01 1.20014277177174e+05 
1.84022055658086e-01 1.19473968009013e+05 
1.84315474053504e-01 1.18877890347723e+05 
1.84608698989343e-01 1.18232787825095e+05 
1.84901785684061e-01 1.17549489033958e+05 
1.85194521723411e-01 1.16839895124611e+05 
1.85487174329083e-01 1.16115116307347e+05 
1.85779396585351e-01 1.15383287915311e+05 
1.86071326854692e-01 1.14648802283128e+05 
1.86362863320100e-01 1.13913537761887e+05 
1.86654048748704e-01 1.13181363358848e+05 
1.86944871454370e-01 1.12452756929817e+05 
1.87235276789383e-01 1.11729562101691e+05 
1.87525385194178e-01 1.11010905588856e+05 
1.87815085264018e-01 1.10298477924216e+05 
1.88104471982918e-01 1.09592493208229e+05 
1.88393543519108e-01 1.08894111497368e+05 
1.88682394630455e-01 1.08201865513474e+05 
1.88970944921021e-01 1.07517127223116e+05 
1.89259361528510e-01 1.06839045261090e+05 
1.89547840402067e-01 1.06167244930621e+05 
1.89836073244861e-01 1.05502678645226e+05 
1.90123644081540e-01 1.04846548236867e+05 
1.90410692473994e-01 1.04199515042726e+05 
1.90618983691920e-01 1.03734796024803e+05 
1.90840073166993e-01 1.03248240167203e+05 
1.91073404093436e-01 1.02744643445556e+05 
1.91319377947784e-01 1.02225036396887e+05 
1.91536308365390e-01 1.01781348437032e+05 
1.91768176264447e-01 1.01328377604689e+05 
1.92014257392949e-01 1.00859638179220e+05 
1.92242484912081e-01 1.00469454351901e+05 
1.92477262496120e-01 1.00111417488257e+05 
1.92722292552318e-01 9.97697733999089e+04 
1.92954355267220e-01 9.94946000190209e+04 
1.93194501497301e-01 9.92210148038859e+04 
1.93433423266618e-01 9.89819972941125e+04 
1.93678645150188e-01 9.87661850195723e+04 
1.93920730334447e-01 9.85696687853215e+04 
1.94167101307248e-01 9.84265031664163e+04 
1.94411932753292e-01 9.83517754207000e+04 
1.94660284120983e-01 9.83511390793549e+04 
1.94862905544947e-01 9.83980742063769e+04 
1.95085282900054e-01 9.84927299459485e+04 
1.95288049928024e-01 9.86180675115135e+04 
1.95501636570109e-01 9.87820529687370e+04 
1.95704587365196e-01 9.89633096140135e+04 
1.95915199534926e-01 9.91713969001598e+04 
1.96118418527368e-01 9.93856375014103e+04 
1.96327699801639e-01 9.96134015445932e+04 
1.96531308150279e-01 9.98357578823205e+04 
1.96740056983976e-01 1.00061012857266e+05 
1.96944205489793e-01 1.00272465453153e+05 
1.97152949625712e-01 1.00469011462052e+05 
1.97357817459516e-01 1.00641989199728e+05 
1.97566987536733e-01 1.00815464966513e+05 
1.97772787582399e-01 1.00944129645423e+05 
1.97982794926134e-01 1.01045328968717e+05 
1.98189786692727e-01 1.01120612148864e+05 
1.98401076243930e-01 1.01179780038892e+05 
1.98609587483473e-01 1.01208693866057e+05 
1.98822689976185e-01 1.01243052174285e+05 
1.99033149230866e-01 1.01276958287617e+05 
1.99238690994793e-01 1.01308268270424e+05 
1.99443857237986e-01 1.01334518979290e+05 
1.99649113183509e-01 1.01352225507325e+05 
1.99853943171293e-01 1.01363999594505e+05 
2.00058795424279e-01 1.01369394525852e+05 
2.00263237398428e-01 1.01367964119980e+05 
