# Liste des scalaires : TEMPS pmat 
0.00000000000000e+00 1.00000000000000e+05 
7.22956891292051e-05 1.00000000000000e+05 
1.39473830159790e-04 1.00000000000000e+05 
2.09658797050094e-04 1.00000000000000e+05 
2.76117114236760e-04 1.00000000000000e+05 
3.20638761908162e-04 1.00000000000000e+05 
3.55139419127715e-04 1.00000000000000e+05 
3.84466703006997e-04 1.00000000000000e+05 
4.10882456555401e-04 1.00000000000000e+05 
4.35440253196380e-04 1.00000000000000e+05 
4.62453829501456e-04 1.00000000000000e+05 
4.92168763437040e-04 1.00000000000000e+05 
5.24855190766182e-04 1.00000000000000e+05 
5.60810260828239e-04 1.00000000000000e+05 
6.00360837896501e-04 1.00000000000000e+05 
6.43866472671590e-04 1.00000000000000e+05 
6.91722670924187e-04 1.00000000000000e+05 
7.44364489002044e-04 1.00000000000000e+05 
8.02270488887687e-04 1.00000000000000e+05 
8.65967088761894e-04 1.00000000000000e+05 
9.36033348623521e-04 1.00000000000000e+05 
1.01310623447131e-03 1.00000000000000e+05 
1.09788640890388e-03 1.00000000000000e+05 
1.19114460077971e-03 1.00000000000000e+05 
1.28874595968003e-03 1.00000000000000e+05 
1.39427742078098e-03 1.00000000000000e+05 
1.50221628787635e-03 1.00000000000000e+05 
1.61553425737494e-03 1.00000000000000e+05 
1.73457348070847e-03 1.00000000000000e+05 
1.85733677968640e-03 1.00000000000000e+05 
1.98616223838901e-03 1.00000000000000e+05 
2.11872938704659e-03 1.00000000000000e+05 
2.25541689819696e-03 1.00000000000000e+05 
2.39770046991533e-03 1.00000000000000e+05 
2.54404988606779e-03 1.00000000000000e+05 
2.69468898512412e-03 1.00000000000000e+05 
2.84728349237962e-03 1.00000000000000e+05 
3.00399284792655e-03 1.00000000000000e+05 
3.16936014358266e-03 1.00000000000000e+05 
3.33998794740629e-03 1.00000000000000e+05 
3.51647034110629e-03 1.00000000000000e+05 
3.69827606450554e-03 1.00000000000000e+05 
3.87750454681618e-03 1.00000000000000e+05 
4.04648638482340e-03 1.00000000000000e+05 
4.21302754472444e-03 1.00000000000000e+05 
4.37606167618164e-03 1.00000000000000e+05 
4.53946344159093e-03 1.00000000000000e+05 
4.70194442061395e-03 1.00000000000000e+05 
4.86881341597203e-03 1.00000000000000e+05 
5.03241804158815e-03 1.00000000000000e+05 
5.19448105501967e-03 1.00000000000000e+05 
5.35594499240875e-03 1.00000000000000e+05 
5.52139434192975e-03 1.00000000000000e+05 
5.68493422424289e-03 1.00000000000000e+05 
5.84367553468718e-03 1.00000000000000e+05 
5.99931127786337e-03 1.00000000000000e+05 
6.15272615321268e-03 1.00000000000000e+05 
6.30341158571215e-03 1.00000000000000e+05 
6.45309058733648e-03 1.00000000000000e+05 
6.60031989216979e-03 1.00000000000000e+05 
6.74719864517695e-03 1.00000000000000e+05 
6.89162570108095e-03 1.00000000000000e+05 
7.03607736045816e-03 1.00000000000000e+05 
7.17827715570041e-03 1.00000000000000e+05 
7.32046838963909e-03 1.00000000000000e+05 
7.46081109190794e-03 1.00000000000000e+05 
7.60065126943105e-03 1.00000000000000e+05 
7.73903309592225e-03 1.00000000000000e+05 
7.87607358150944e-03 1.00000000000000e+05 
8.01182044798243e-03 1.00000000000000e+05 
8.14511816454286e-03 1.00000000000000e+05 
8.27649481374776e-03 1.00000000000000e+05 
8.40702162933431e-03 1.00000000000000e+05 
8.53594206780465e-03 1.00000000000000e+05 
8.66258290047514e-03 1.00000000000000e+05 
8.78727773960050e-03 1.00000000000000e+05 
8.91134616730865e-03 1.00000000000000e+05 
9.03481032644050e-03 1.00000000000000e+05 
9.15865159106780e-03 1.00000000000000e+05 
9.28247491606292e-03 1.00000000000000e+05 
9.40557832481193e-03 1.00000000000000e+05 
9.52777658125665e-03 1.00000000000000e+05 
9.65029709191264e-03 1.00000000000000e+05 
9.77292307761597e-03 1.00000000000000e+05 
9.89669856297310e-03 1.00000000000000e+05 
1.00214610630592e-02 1.00000000000000e+05 
1.01481380246658e-02 1.00000000000000e+05 
1.02766470144283e-02 1.00000000000000e+05 
1.04061171363827e-02 1.00000000000000e+05 
1.05363861506506e-02 1.00000000000000e+05 
1.06683120491974e-02 1.00000000000000e+05 
1.08020947299622e-02 1.00000000000000e+05 
1.09384721223406e-02 1.00000000000000e+05 
1.10773246851625e-02 1.00000000000000e+05 
1.12191378451043e-02 1.00000000000000e+05 
1.13632657380371e-02 1.00000000000000e+05 
1.15090497811229e-02 1.00000000000000e+05 
1.16566464230754e-02 1.00000000000000e+05 
1.18064689798138e-02 1.00000000000000e+05 
1.19583603909134e-02 1.00000000000000e+05 
1.21126695060727e-02 1.00000000000000e+05 
1.22693859117099e-02 1.00000000000000e+05 
1.24288395606154e-02 1.00000000000000e+05 
1.25898419652073e-02 1.00000000000000e+05 
1.27524594998258e-02 1.00000000000000e+05 
1.29167310608810e-02 1.00000000000000e+05 
1.30829667091398e-02 1.00000000000000e+05 
1.32511775148421e-02 1.00000000000000e+05 
1.34216705583278e-02 1.00000000000000e+05 
1.35941258309462e-02 1.00000000000000e+05 
1.37683450976598e-02 1.00000000000000e+05 
1.39438126280591e-02 1.00000000000000e+05 
1.41209924831000e-02 1.00000000000000e+05 
1.42997252480244e-02 1.00000000000000e+05 
1.44804775021548e-02 1.00000000000000e+05 
1.46630328475203e-02 1.00000000000000e+05 
1.48478111505311e-02 1.00000000000000e+05 
1.50345174329778e-02 1.00000000000000e+05 
1.52228845853940e-02 1.00000000000000e+05 
1.54127345978313e-02 1.00000000000000e+05 
1.56045253565759e-02 1.00000000000000e+05 
1.57979954790297e-02 1.00000000000000e+05 
1.59935643041349e-02 1.00000000000000e+05 
1.61909162279032e-02 1.00000000000000e+05 
1.63904678620532e-02 1.00000000000000e+05 
1.65918816214635e-02 1.00000000000000e+05 
1.67950596696985e-02 1.00000000000000e+05 
1.69996843516082e-02 1.00000000000000e+05 
1.72061452508421e-02 1.00000000000000e+05 
1.74141083880931e-02 1.00000000000000e+05 
1.76239728849756e-02 1.00000000000000e+05 
1.78354067631494e-02 1.00000000000000e+05 
1.80487855891845e-02 1.00000000000000e+05 
1.82637351352644e-02 1.00000000000000e+05 
1.84805055990011e-02 1.00000000000000e+05 
1.86985042098578e-02 1.00000000000000e+05 
1.89181099279302e-02 1.00000000000000e+05 
1.91390407809341e-02 1.00000000000000e+05 
1.93616729742714e-02 1.00000000000000e+05 
1.95856871574547e-02 1.00000000000000e+05 
1.98114485213767e-02 1.00000000000000e+05 
2.00386573454456e-02 1.00000000000000e+05 
2.02674963591958e-02 1.00000000000000e+05 
2.04975424690924e-02 1.00000000000000e+05 
2.07291624648922e-02 1.00000000000000e+05 
2.09621151459986e-02 1.00000000000000e+05 
2.11967914769458e-02 1.00000000000000e+05 
2.14329301541950e-02 1.00000000000000e+05 
2.16709649676160e-02 1.00000000000000e+05 
2.19104518517111e-02 1.00000000000000e+05 
2.21516205782563e-02 1.00000000000000e+05 
2.23942634691455e-02 1.00000000000000e+05 
2.26387406020794e-02 1.00000000000000e+05 
2.28848105416967e-02 1.00000000000000e+05 
2.31328588274948e-02 1.00000000000000e+05 
2.33826626379987e-02 1.00000000000000e+05 
2.36344739313934e-02 1.00000000000000e+05 
2.38880462104310e-02 1.00000000000000e+05 
2.41437716203206e-02 1.00000000000000e+05 
2.44014523730596e-02 1.00000000000000e+05 
2.46614736762839e-02 1.00000000000000e+05 
2.49235943872912e-02 1.00000000000000e+05 
2.51882342963602e-02 1.00000000000000e+05 
2.54551298858927e-02 1.00000000000000e+05 
2.57244624896786e-02 1.00000000000000e+05 
2.59961486187914e-02 1.00000000000000e+05 
2.62703833630224e-02 1.00000000000000e+05 
2.65471142438254e-02 1.00000000000000e+05 
2.68265635290595e-02 1.00000000000000e+05 
2.71086223772706e-02 1.00000000000000e+05 
2.73935575360584e-02 1.00000000000000e+05 
2.76807018117817e-02 1.00000000000000e+05 
2.79691925604602e-02 1.00000000000000e+05 
2.82583964858746e-02 1.00000000000000e+05 
2.85490177256824e-02 1.00000000000000e+05 
2.88403265829856e-02 1.00000000000000e+05 
2.91331200704702e-02 1.00000000000000e+05 
2.94266025681924e-02 1.00000000000000e+05 
2.97216863919981e-02 1.00000000000000e+05 
3.00174963685844e-02 1.00000000000000e+05 
3.03148863270011e-02 1.00000000000000e+05 
3.06132417162392e-02 1.00000000000000e+05 
3.09128452757349e-02 1.00000000000000e+05 
3.12138622467504e-02 1.00000000000000e+05 
3.15158048112993e-02 1.00000000000000e+05 
3.18191253133054e-02 1.00000000000000e+05 
3.21233210976443e-02 1.00000000000000e+05 
3.24288493095622e-02 1.00000000000000e+05 
3.27352792273345e-02 1.00000000000000e+05 
3.30430647728024e-02 1.00000000000000e+05 
3.33517944276789e-02 1.00000000000000e+05 
3.36619027337146e-02 1.00000000000000e+05 
3.39729699517816e-02 1.00000000000000e+05 
3.42841061553665e-02 1.00000000000000e+05 
3.45959223580828e-02 1.00000000000000e+05 
3.49067177319711e-02 1.00000000000000e+05 
3.52181030542758e-02 1.00000000000000e+05 
3.55283328648472e-02 1.00000000000000e+05 
3.58390377578219e-02 1.00000000000000e+05 
3.61486855398870e-02 1.00000000000000e+05 
3.64589396600784e-02 1.00000000000000e+05 
3.67682524424319e-02 1.00000000000000e+05 
3.70782482490256e-02 1.00000000000000e+05 
3.73875103925488e-02 1.00000000000000e+05 
3.76975351618364e-02 1.00000000000000e+05 
3.80068409056550e-02 1.00000000000000e+05 
3.83161720395796e-02 1.00000000000000e+05 
3.86246091630718e-02 1.00000000000000e+05 
3.89334702884401e-02 1.00000000000000e+05 
3.92417713215019e-02 1.00000000000000e+05 
3.95507037342072e-02 1.00000000000000e+05 
3.98590657534487e-02 1.00000000000000e+05 
4.01650252420761e-02 1.00000000000000e+05 
4.04668253216599e-02 1.00000000000000e+05 
4.07682342844111e-02 1.00000000000000e+05 
4.10688442541173e-02 1.00000000000000e+05 
4.13717381309338e-02 1.00000000000000e+05 
4.16758541929437e-02 1.00000000000000e+05 
4.19823993266530e-02 1.00000000000000e+05 
4.22890050036530e-02 1.00000000000000e+05 
4.25963566057520e-02 1.00000000000000e+05 
4.28987900526746e-02 1.00000000000000e+05 
4.31992788533948e-02 1.00000000000000e+05 
4.34967073713703e-02 1.00000000000000e+05 
4.37936622049634e-02 1.00000000000000e+05 
4.40885095438147e-02 1.00000000000000e+05 
4.43823611910596e-02 1.00000000000000e+05 
4.46747074170116e-02 1.00000000000000e+05 
4.49683765339133e-02 1.00000000000000e+05 
4.52594717788959e-02 1.00000000000000e+05 
4.55496437167501e-02 1.00000000000000e+05 
4.58379614833301e-02 1.00000000000000e+05 
4.61260078676679e-02 1.00000000000000e+05 
4.64128226333923e-02 1.00000000000000e+05 
4.66998238003431e-02 1.00000000000000e+05 
4.69857112251687e-02 1.00000000000000e+05 
4.72712901257716e-02 1.00000000000000e+05 
4.75560299395229e-02 1.00000000000000e+05 
4.78403263968637e-02 1.00000000000000e+05 
4.81239853701537e-02 1.00000000000000e+05 
4.84074160004484e-02 1.00000000000000e+05 
4.86903670446977e-02 1.00000000000000e+05 
4.89730040719924e-02 1.00000000000000e+05 
4.92552200713643e-02 1.00000000000000e+05 
4.95372385760570e-02 1.00000000000000e+05 
4.98188885633281e-02 1.00000000000000e+05 
5.01004150983772e-02 1.00000000000000e+05 
5.03815628956764e-02 1.00000000000000e+05 
5.06625407167289e-02 1.00000000000000e+05 
5.09427999676124e-02 1.00000000000000e+05 
5.12227525144464e-02 1.00000000000000e+05 
5.15012466813830e-02 1.00000000000000e+05 
5.17793244083837e-02 1.00000000000000e+05 
5.20559141326939e-02 1.00000000000000e+05 
5.23322816713286e-02 1.00000000000000e+05 
5.26074415316612e-02 1.00000000000000e+05 
5.28826704508274e-02 1.00000000000000e+05 
5.31570817067025e-02 1.00000000000000e+05 
5.34317792474662e-02 1.00000000000000e+05 
5.37056063275082e-02 1.00000000000000e+05 
5.39794834282396e-02 1.00000000000000e+05 
5.42527237418431e-02 1.00000000000000e+05 
5.45257089550976e-02 1.00000000000000e+05 
5.47982398033080e-02 1.00000000000000e+05 
5.50707563524908e-02 1.00000000000000e+05 
5.53430464664160e-02 1.00000000000000e+05 
5.56152395345727e-02 1.00000000000000e+05 
5.58873759615422e-02 1.00000000000000e+05 
5.61594669739034e-02 1.00000000000000e+05 
5.64316659256436e-02 1.00000000000000e+05 
5.67039799700980e-02 1.00000000000000e+05 
5.69765405083638e-02 1.00000000000000e+05 
5.72492878974687e-02 1.00000000000000e+05 
5.75223557615821e-02 1.00000000000000e+05 
5.77955432336219e-02 1.00000000000000e+05 
5.80691691402443e-02 1.00000000000000e+05 
5.83430175039556e-02 1.00000000000000e+05 
5.86173451843450e-02 1.00000000000000e+05 
5.88919503318738e-02 1.00000000000000e+05 
5.91670427296571e-02 1.00000000000000e+05 
5.94424128095404e-02 1.00000000000000e+05 
5.97182259370903e-02 1.00000000000000e+05 
5.99943142326832e-02 1.00000000000000e+05 
6.02707561001626e-02 1.00000000000000e+05 
6.05474575789326e-02 1.00000000000000e+05 
6.08244796886326e-02 1.00000000000000e+05 
6.11017163315587e-02 1.00000000000000e+05 
6.13793108569601e-02 1.00000000000000e+05 
6.16570835526470e-02 1.00000000000000e+05 
6.19351925639901e-02 1.00000000000000e+05 
6.22134855435398e-02 1.00000000000000e+05 
6.24919909768768e-02 1.00000000000000e+05 
6.27707181476207e-02 1.00000000000000e+05 
6.30495376779103e-02 1.00000000000000e+05 
6.33286172105750e-02 1.00000000000000e+05 
6.36077614009975e-02 1.00000000000000e+05 
6.38871921830009e-02 1.00000000000000e+05 
6.41666545774127e-02 1.00000000000000e+05 
6.44464575660688e-02 1.00000000000000e+05 
6.47262798669710e-02 1.00000000000000e+05 
6.50063746515949e-02 1.00000000000000e+05 
6.52864211960617e-02 1.00000000000000e+05 
6.55668336993568e-02 1.00000000000000e+05 
6.58473247700388e-02 1.00000000000000e+05 
6.61282430162256e-02 1.00000000000000e+05 
6.64093140235691e-02 1.00000000000000e+05 
6.66908278436645e-02 1.00000000000000e+05 
6.69724982231119e-02 1.00000000000000e+05 
6.72546941790707e-02 1.00000000000000e+05 
6.75370786250219e-02 1.00000000000000e+05 
6.78200795763849e-02 1.00000000000000e+05 
6.81032721245979e-02 1.00000000000000e+05 
6.83872080042762e-02 1.00000000000000e+05 
6.86714986719891e-02 1.00000000000000e+05 
6.89563185077607e-02 1.00000000000000e+05 
6.92415216140196e-02 1.00000000000000e+05 
6.95272810721074e-02 1.00000000000000e+05 
6.98134357549281e-02 1.00000000000000e+05 
7.01000269866887e-02 1.00000000000000e+05 
7.03869475426684e-02 1.00000000000000e+05 
7.06741780535124e-02 1.00000000000000e+05 
7.09616812591246e-02 1.00000000000000e+05 
7.12494851105951e-02 1.00000000000000e+05 
7.15375092550749e-02 1.00000000000000e+05 
7.18258598039102e-02 1.00000000000000e+05 
7.21144186916802e-02 1.00000000000000e+05 
7.24031830263816e-02 1.00000000000000e+05 
7.26921322890656e-02 1.00000000000000e+05 
7.29812297460145e-02 1.00000000000000e+05 
7.32705510088446e-02 1.00000000000000e+05 
7.35601048116768e-02 1.00000000000000e+05 
7.38499531414244e-02 1.00000000000000e+05 
7.41401333365486e-02 1.00000000000000e+05 
7.44306974348051e-02 1.00000000000000e+05 
7.47215561604541e-02 1.00000000000000e+05 
7.50127451618118e-02 1.00000000000000e+05 
7.53042540691898e-02 1.00000000000000e+05 
7.55961713955353e-02 1.00000000000000e+05 
7.58884852732218e-02 1.00000000000000e+05 
7.61812408227480e-02 1.00000000000000e+05 
7.64744339674201e-02 1.00000000000000e+05 
7.67680897682981e-02 1.00000000000000e+05 
7.70621984337910e-02 1.00000000000000e+05 
7.73567393240495e-02 1.00000000000000e+05 
7.76516357474548e-02 1.00000000000000e+05 
7.79468646466504e-02 1.00000000000000e+05 
7.82424614434699e-02 1.00000000000000e+05 
7.85383839234387e-02 1.00000000000000e+05 
7.88346951226714e-02 1.00000000000000e+05 
7.91313453071124e-02 1.00000000000000e+05 
7.94284105359203e-02 1.00000000000000e+05 
7.97258336025247e-02 1.00000000000000e+05 
8.00236980486151e-02 1.00000000000000e+05 
8.03219362700914e-02 1.00000000000000e+05 
8.06206438170131e-02 1.00000000000000e+05 
8.09196455787171e-02 1.00000000000000e+05 
8.12190484833548e-02 1.00000000000000e+05 
8.15187733905936e-02 1.00000000000000e+05 
8.18189331388356e-02 1.00000000000000e+05 
8.21194470322406e-02 1.00000000000000e+05 
8.24204307251036e-02 1.00000000000000e+05 
8.27217155816385e-02 1.00000000000000e+05 
8.30231990863472e-02 1.00000000000000e+05 
8.33255060203780e-02 1.00000000000000e+05 
8.36280424381589e-02 1.00000000000000e+05 
8.39313936942926e-02 1.00000000000000e+05 
8.42350529618301e-02 1.00000000000000e+05 
8.45394541154836e-02 1.00000000000000e+05 
8.48441658094049e-02 1.00000000000000e+05 
8.51494923994289e-02 1.00000000000000e+05 
8.54551729054333e-02 1.00000000000000e+05 
8.57614635353453e-02 1.00000000000000e+05 
8.60680744710193e-02 1.00000000000000e+05 
8.63743927196446e-02 1.00000000000000e+05 
8.66809400916236e-02 1.00000000000000e+05 
8.69869536792234e-02 1.00000000000000e+05 
8.72932101832118e-02 1.00000000000000e+05 
8.75990098835548e-02 1.00000000000000e+05 
8.79050547444905e-02 1.00000000000000e+05 
8.82106943065296e-02 1.00000000000000e+05 
8.85165984681259e-02 1.00000000000000e+05 
8.88221395704316e-02 1.00000000000000e+05 
8.91279753358380e-02 1.00000000000000e+05 
8.94334838020571e-02 1.00000000000000e+05 
8.97393330650698e-02 1.00000000000000e+05 
9.00448515036295e-02 1.00000000000000e+05 
9.03508369630083e-02 1.00000000000000e+05 
9.06565250488505e-02 1.00000000000000e+05 
9.09626163019708e-02 1.00000000000000e+05 
9.12683226222325e-02 1.00000000000000e+05 
9.15742030025344e-02 1.00000000000000e+05 
9.18798578892031e-02 1.00000000000000e+05 
9.21855643406853e-02 1.00000000000000e+05 
9.24900185374651e-02 1.00000000000000e+05 
9.27955819590622e-02 1.00000000000000e+05 
9.31002382820907e-02 1.00000000000000e+05 
9.34056836227260e-02 1.00000000000000e+05 
9.37105624572651e-02 1.00000000000000e+05 
9.40162415899813e-02 1.00000000000000e+05 
9.43214270746739e-02 1.00000000000000e+05 
9.46273909119411e-02 1.00000000000000e+05 
9.49329506688194e-02 1.00000000000000e+05 
9.52391349393990e-02 1.00000000000000e+05 
9.55450778809220e-02 1.00000000000000e+05 
9.58514608035203e-02 1.00000000000000e+05 
9.61576623265453e-02 1.00000000000000e+05 
9.64641675421372e-02 1.00000000000000e+05 
9.67704419990439e-02 1.00000000000000e+05 
9.70769297778058e-02 1.00000000000000e+05 
9.73832555029780e-02 1.00000000000000e+05 
9.76897250655254e-02 1.00000000000000e+05 
9.79952751209562e-02 1.00000000000000e+05 
9.83015736247978e-02 1.00000000000000e+05 
9.86070934416155e-02 1.00000000000000e+05 
9.89134773748574e-02 1.00000000000000e+05 
9.92192354435351e-02 1.00000000000000e+05 
9.95257741898615e-02 1.00000000000000e+05 
9.98317304885259e-02 1.00000000000000e+05 
1.00138332160038e-01 1.00000000000000e+05 
1.00444548202185e-01 1.00000000000000e+05 
1.00751292754261e-01 1.00000000000000e+05 
1.01057698882785e-01 1.00000000000000e+05 
1.01364681493184e-01 1.00000000000000e+05 
1.01671294300222e-01 1.00000000000000e+05 
1.01978479120674e-01 1.00000000000000e+05 
1.02285265477659e-01 1.00000000000000e+05 
1.02592651997858e-01 1.00000000000000e+05 
1.02899628094365e-01 1.00000000000000e+05 
1.03207197729295e-01 1.00000000000000e+05 
1.03514334054964e-01 1.00000000000000e+05 
1.03822142498487e-01 1.00000000000000e+05 
1.04129551669128e-01 1.00000000000000e+05 
1.04437555813821e-01 1.00000000000000e+05 
1.04745105567209e-01 1.00000000000000e+05 
1.05053211558924e-01 1.00000000000000e+05 
1.05360922982489e-01 1.00000000000000e+05 
1.05669064098584e-01 1.00000000000000e+05 
1.05976895261226e-01 1.00000000000000e+05 
1.06285064747391e-01 1.00000000000000e+05 
1.06592943674649e-01 1.00000000000000e+05 
1.06901416933391e-01 1.00000000000000e+05 
1.07209460782325e-01 1.00000000000000e+05 
1.07517957145272e-01 1.00000000000000e+05 
1.07826127923399e-01 1.00000000000000e+05 
1.08134649887992e-01 1.00000000000000e+05 
1.08442902987267e-01 1.00000000000000e+05 
1.08751440098151e-01 1.00000000000000e+05 
1.09059673832408e-01 1.00000000000000e+05 
1.09368250940582e-01 1.00000000000000e+05 
1.09676595963866e-01 1.00000000000000e+05 
1.09985222931426e-01 1.00000000000000e+05 
1.10293619089727e-01 1.00000000000000e+05 
1.10602230037427e-01 1.00000000000000e+05 
1.10910638472616e-01 1.00000000000000e+05 
1.11219189724387e-01 1.00000000000000e+05 
1.11527520107081e-01 1.00000000000000e+05 
1.11836183773860e-01 1.00000000000000e+05 
1.12144592317862e-01 1.00000000000000e+05 
1.12457258911902e-01 1.00000000000000e+05 
1.12769949973301e-01 1.00000000000000e+05 
1.13082847290429e-01 1.00000000000000e+05 
1.13395806265059e-01 1.00000000000000e+05 
1.13709042312612e-01 1.00000000000000e+05 
1.14022311970741e-01 1.00000000000000e+05 
1.14336464262359e-01 1.00000000000000e+05 
1.14652498571101e-01 1.00000000000000e+05 
1.14970847309264e-01 1.00000000000000e+05 
1.15289039679092e-01 1.00000000000000e+05 
1.15607725218273e-01 1.00000000000000e+05 
1.15926030622990e-01 1.00000000000000e+05 
1.16244525496433e-01 1.00000000000000e+05 
1.16562615786737e-01 1.00000000000000e+05 
1.16880807696827e-01 1.00000000000000e+05 
1.17198589903993e-01 1.00000000000000e+05 
1.17516548315730e-01 1.00000000000000e+05 
1.17834029261851e-01 1.00000000000000e+05 
1.18151779166554e-01 1.00000000000000e+05 
1.18468961214719e-01 1.00000000000000e+05 
1.18786486634716e-01 1.00000000000000e+05 
1.19103383386713e-01 1.00000000000000e+05 
1.19420623683707e-01 1.00000000000000e+05 
1.19737266138526e-01 1.00000000000000e+05 
1.20054260535480e-01 1.00000000000000e+05 
1.20370694465857e-01 1.00000000000000e+05 
1.20687488733995e-01 1.00000000000000e+05 
1.21003756930392e-01 1.00000000000000e+05 
1.21320392471733e-01 1.00000000000000e+05 
1.21636537061411e-01 1.00000000000000e+05 
1.21953047423430e-01 1.00000000000000e+05 
1.22269086329627e-01 1.00000000000000e+05 
1.22585478526572e-01 1.00000000000000e+05 
1.22901400952466e-01 1.00000000000000e+05 
1.23217662053451e-01 1.00000000000000e+05 
1.23533459201993e-01 1.00000000000000e+05 
1.23849591156719e-01 1.00000000000000e+05 
1.24165274438484e-01 1.00000000000000e+05 
1.24481293047376e-01 1.00000000000000e+05 
1.24797633808381e-01 1.00000000000000e+05 
1.25114412228454e-01 1.00000000000000e+05 
1.25430712495981e-01 1.00000000000000e+05 
1.25747461249998e-01 1.00000000000000e+05 
1.26063727870654e-01 1.00000000000000e+05 
1.26380443766684e-01 1.00000000000000e+05 
1.26696675663084e-01 1.00000000000000e+05 
1.27013354720545e-01 1.00000000000000e+05 
1.27329545327572e-01 1.00000000000000e+05 
1.27646171852627e-01 1.00000000000000e+05 
1.27962291857540e-01 1.00000000000000e+05 
1.28278829936802e-01 1.00000000000000e+05 
1.28594876310420e-01 1.00000000000000e+05 
1.28911295505746e-01 1.00000000000000e+05 
1.29227234444990e-01 1.00000000000000e+05 
1.29543522670661e-01 1.00000000000000e+05 
1.29859326398265e-01 1.00000000000000e+05 
1.30175458743951e-01 1.00000000000000e+05 
1.30491104274970e-01 1.00000000000000e+05 
1.30807065106483e-01 1.00000000000000e+05 
1.31122545340612e-01 1.00000000000000e+05 
1.31438324377124e-01 1.00000000000000e+05 
1.31753613169998e-01 1.00000000000000e+05 
1.32069184761405e-01 1.00000000000000e+05 
1.32384217221660e-01 1.00000000000000e+05 
1.32699464676332e-01 1.00000000000000e+05 
1.33014211450721e-01 1.00000000000000e+05 
1.33329058470899e-01 1.00000000000000e+05 
1.33643422335071e-01 1.00000000000000e+05 
1.33957854668260e-01 1.00000000000000e+05 
1.34271450320335e-01 1.00000000000000e+05 
1.34585464996124e-01 1.00000000000000e+05 
1.34899050222008e-01 1.00000000000000e+05 
1.35212709169976e-01 1.00000000000000e+05 
1.35525960103877e-01 1.00000000000000e+05 
1.35839265456489e-01 1.00000000000000e+05 
1.36152148009709e-01 1.00000000000000e+05 
1.36465078962759e-01 1.00000000000000e+05 
1.36777606365815e-01 1.00000000000000e+05 
1.37090206926666e-01 1.00000000000000e+05 
1.37402414655004e-01 1.00000000000000e+05 
1.37714684427091e-01 1.00000000000000e+05 
1.38026580566349e-01 1.00000000000000e+05 
1.38338534794447e-01 1.00000000000000e+05 
1.38650156591457e-01 1.00000000000000e+05 
1.38961839469418e-01 1.00000000000000e+05 
1.39273224971599e-01 1.00000000000000e+05 
1.39584671971721e-01 1.00000000000000e+05 
1.39895845618058e-01 1.00000000000000e+05 
1.40207077904505e-01 1.00000000000000e+05 
1.40518048761160e-01 1.00000000000000e+05 
1.40829096115759e-01 1.00000000000000e+05 
1.41139930343795e-01 1.00000000000000e+05 
1.41450920004881e-01 1.00000000000000e+05 
1.41761767542626e-01 1.00000000000000e+05 
1.42072872785184e-01 1.00000000000000e+05 
1.42383514730315e-01 1.00000000000000e+05 
1.42694408780050e-01 1.00000000000000e+05 
1.43004887336561e-01 1.00000000000000e+05 
1.43315603917179e-01 1.00000000000000e+05 
1.43625932005119e-01 1.00000000000000e+05 
1.43936511703474e-01 1.00000000000000e+05 
1.44246692487983e-01 1.00000000000000e+05 
1.44557136233256e-01 1.00000000000000e+05 
1.44867202533619e-01 1.00000000000000e+05 
1.45177506047305e-01 1.00000000000000e+05 
1.45487421321560e-01 1.00000000000000e+05 
1.45797562519059e-01 1.00000000000000e+05 
1.46107307264984e-01 1.00000000000000e+05 
1.46417280168040e-01 1.00000000000000e+05 
1.46726992249302e-01 1.00000000000000e+05 
1.47036801418560e-01 1.00000000000000e+05 
1.47346344724012e-01 1.00000000000000e+05 
1.47655989305867e-01 1.00000000000000e+05 
1.47965364714658e-01 1.00000000000000e+05 
1.48274835420434e-01 1.00000000000000e+05 
1.48584034223369e-01 1.00000000000000e+05 
1.48893322531269e-01 1.00000000000000e+05 
1.49202341707365e-01 1.00000000000000e+05 
1.49511450457287e-01 1.00000000000000e+05 
1.49820296705459e-01 1.00000000000000e+05 
1.50129241041238e-01 1.00000000000000e+05 
1.50437930464767e-01 1.00000000000000e+05 
1.50746733428417e-01 1.00000000000000e+05 
1.51055286033776e-01 1.00000000000000e+05 
1.51363963382799e-01 1.00000000000000e+05 
1.51672385797623e-01 1.00000000000000e+05 
1.51980936453149e-01 1.00000000000000e+05 
1.52289224446655e-01 1.00000000000000e+05 
1.52597646600387e-01 1.00000000000000e+05 
1.52905801654505e-01 1.00000000000000e+05 
1.53214097166198e-01 1.00000000000000e+05 
1.53522127861752e-01 1.00000000000000e+05 
1.53830308729516e-01 1.00000000000000e+05 
1.54138226966527e-01 1.00000000000000e+05 
1.54446304144006e-01 1.00000000000000e+05 
1.54754120895208e-01 1.00000000000000e+05 
1.55062103411997e-01 1.00000000000000e+05 
1.55369821409499e-01 1.00000000000000e+05 
1.55677710594525e-01 1.00000000000000e+05 
1.55985335608697e-01 1.00000000000000e+05 
1.56293141571275e-01 1.00000000000000e+05 
1.56600688069422e-01 1.00000000000000e+05 
1.56908427214487e-01 1.00000000000000e+05 
1.57215893760259e-01 1.00000000000000e+05 
1.57523576416231e-01 1.00000000000000e+05 
1.57830985872328e-01 1.00000000000001e+05 
1.58138635927893e-01 1.00000000000001e+05 
1.58446030955172e-01 1.00000000000002e+05 
1.58753700770929e-01 1.00000000000004e+05 
1.59061127535666e-01 1.00000000000008e+05 
1.59368850229808e-01 1.00000000000015e+05 
1.59676298419437e-01 1.00000000000024e+05 
1.59984044952494e-01 1.00000000000035e+05 
1.60291499889466e-01 1.00000000000041e+05 
1.60599259409461e-01 1.00000000000050e+05 
1.60906725973869e-01 1.00000000000092e+05 
1.61214514467337e-01 1.00000000000132e+05 
1.61522016427038e-01 1.00000000000175e+05 
1.61829865505040e-01 1.00000000000224e+05 
1.62137427290127e-01 1.00000000018427e+05 
1.62445350274871e-01 1.00000000090447e+05 
1.62752981299846e-01 1.00000000182924e+05 
1.63060929761731e-01 1.00000000445573e+05 
1.63368613217763e-01 1.00000000756932e+05 
1.63676590801182e-01 1.00000001170591e+05 
1.63984385351555e-01 1.00000001371078e+05 
1.64292440795341e-01 1.00000001684288e+05 
1.64600301547572e-01 1.00000002210540e+05 
1.64908417228545e-01 1.00000002898649e+05 
1.65216328612356e-01 1.00000018480243e+05 
1.65524528589035e-01 1.00000051994342e+05 
1.65832481547568e-01 1.00000148671733e+05 
1.66140741469940e-01 1.00000379760777e+05 
1.66448726973355e-01 1.00000692258935e+05 
1.66757011851141e-01 1.00001094048878e+05 
1.67064997883553e-01 1.00001329233064e+05 
1.67373266089545e-01 1.00001939273864e+05 
1.67681210494757e-01 1.00002520700167e+05 
1.67989413321921e-01 1.00004147576097e+05 
1.68297267096417e-01 1.00068928549829e+05 
1.68605355765396e-01 1.00394626924625e+05 
1.68913073860803e-01 1.01132725023193e+05 
1.69221007878713e-01 1.02493916871501e+05 
1.69528547310618e-01 1.04640863269718e+05 
1.69836267941680e-01 1.07548700140832e+05 
1.70143594848027e-01 1.11195828169141e+05 
1.70451094568133e-01 1.15425503331647e+05 
1.70758192769231e-01 1.19814307174591e+05 
1.71065459449833e-01 1.23956538826779e+05 
1.71372316860882e-01 1.27619858865841e+05 
1.71679343786579e-01 1.29893179112713e+05 
1.71985960637949e-01 1.30946084892840e+05 
1.72292752793748e-01 1.30947977711391e+05 
1.72599141627520e-01 1.30845497511190e+05 
1.72905713207481e-01 1.30572098735119e+05 
1.73211890696627e-01 1.30266782309299e+05 
1.73518258754176e-01 1.29934392853756e+05 
1.73824245629904e-01 1.29686630323506e+05 
1.74130430122232e-01 1.29632706911866e+05 
1.74436249306558e-01 1.29844015555327e+05 
1.74742272977570e-01 1.30237221245460e+05 
1.75047950410862e-01 1.30776911322738e+05 
1.75353839968943e-01 1.31446587325758e+05 
1.75659402701171e-01 1.32165951445511e+05 
1.75965185481533e-01 1.32876619882178e+05 
1.76270661492028e-01 1.33520992476959e+05 
1.76576367117974e-01 1.34008408657572e+05 
1.76881790618804e-01 1.34294937055569e+05 
1.77187452852266e-01 1.34423839505082e+05 
1.77492857360718e-01 1.34313086953465e+05 
1.77798505010168e-01 1.34010029055483e+05 
1.78103916183662e-01 1.33684623872652e+05 
1.78409576618120e-01 1.33312795241116e+05 
1.78715034467689e-01 1.32864941762689e+05 
1.79020704373247e-01 1.32417850586549e+05 
1.79326191100262e-01 1.31946530249538e+05 
1.79631858432334e-01 1.31471526912647e+05 
1.79937360008877e-01 1.30997644328772e+05 
1.80243035634715e-01 1.30539963698530e+05 
1.80548565582630e-01 1.30091152682011e+05 
1.80854265739285e-01 1.29655453947616e+05 
1.81159835033015e-01 1.29225570487106e+05 
1.81465591751514e-01 1.28804405215801e+05 
1.81771212355956e-01 1.28381873984611e+05 
1.82077012443635e-01 1.27964705222988e+05 
1.82382684396233e-01 1.27538126591374e+05 
1.82688538168759e-01 1.27112464139695e+05 
1.82994271748083e-01 1.26674378700641e+05 
1.83300189051259e-01 1.26236715877209e+05 
1.83605990416542e-01 1.25787451593255e+05 
1.83911976873699e-01 1.25339584751877e+05 
1.84217848398591e-01 1.24882952264218e+05 
1.84523903723179e-01 1.24429319442336e+05 
1.84829843973632e-01 1.23969488788887e+05 
1.85135963635079e-01 1.23513713405077e+05 
1.85441964320979e-01 1.23054001307240e+05 
1.85748137575424e-01 1.22599099718525e+05 
1.86054186212750e-01 1.22142337706877e+05 
1.86360403111303e-01 1.21690048800937e+05 
1.86666492867565e-01 1.21238316053545e+05 
1.86972753137104e-01 1.20788294602277e+05 
1.87278886923653e-01 1.20346220371485e+05 
1.87585190788047e-01 1.19909489841823e+05 
1.87891367887826e-01 1.19481880755575e+05 
1.88198341823828e-01 1.19057970640849e+05 
1.88505249380472e-01 1.18642716031843e+05 
1.88812321625669e-01 1.18233858617537e+05 
1.89119305061612e-01 1.17833745583385e+05 
1.89426454990674e-01 1.17439645876144e+05 
1.89733511788918e-01 1.17057652590189e+05 
1.90040740447008e-01 1.16684778521870e+05 
1.90347876977522e-01 1.16323712864187e+05 
1.90655188194059e-01 1.15959294635996e+05 
1.90962408099148e-01 1.15628140291822e+05 
1.91269805668479e-01 1.15290352329959e+05 
1.91577114604656e-01 1.14979372187634e+05 
1.91884606725451e-01 1.14663887063518e+05 
1.92192009085932e-01 1.14358971147379e+05 
1.92499594470621e-01 1.14065549222249e+05 
1.92807075905733e-01 1.13767332309488e+05 
1.93114725377971e-01 1.13495691360031e+05 
1.93422250468486e-01 1.13216096404356e+05 
1.93729935498350e-01 1.12962923037816e+05 
1.94037475379011e-01 1.12706669420545e+05 
1.94345451054948e-01 1.12475083998293e+05 
1.94653326423519e-01 1.12240135498844e+05 
1.94962677027633e-01 1.12026338419416e+05 
1.95272301385591e-01 1.11804534270329e+05 
1.95581940330743e-01 1.11605515756305e+05 
1.95891600184343e-01 1.11390254978053e+05 
1.96201273684770e-01 1.11194680220246e+05 
1.96510977555573e-01 1.10983232118052e+05 
1.96820698575016e-01 1.10786338701680e+05 
1.97130459479208e-01 1.10575489713333e+05 
1.97440239630641e-01 1.10378277882046e+05 
1.97750064414347e-01 1.10163363786003e+05 
1.98059909946742e-01 1.09961247553618e+05 
1.98369801100700e-01 1.09738315116047e+05 
1.98679713081390e-01 1.09526370551387e+05 
1.98989668394293e-01 1.09293533337631e+05 
1.99299642716445e-01 1.09073376293931e+05 
1.99609656943883e-01 1.08830486208016e+05 
1.99919690397295e-01 1.08602176871370e+05 
2.00229680465461e-01 1.08365762717797e+05 
