# Liste des scalaires : TEMPS pmat 
0.00000000000000e+00 1.00000000000000e+05 
7.22956891292051e-05 1.00000000000000e+05 
1.39473830159776e-04 1.00000000000000e+05 
2.09658797050065e-04 1.00000000000000e+05 
2.76117114236672e-04 1.00000000000000e+05 
3.20638761908052e-04 1.00000000000000e+05 
3.55139419127597e-04 1.00000000000000e+05 
3.84466703006875e-04 1.00000000000000e+05 
4.10882456555278e-04 1.00000000000000e+05 
4.35440253196256e-04 1.00000000000000e+05 
4.62453829501331e-04 1.00000000000000e+05 
4.92168763436914e-04 1.00000000000000e+05 
5.24855190766056e-04 1.00000000000000e+05 
5.60810260828111e-04 1.00000000000000e+05 
6.00360837896372e-04 1.00000000000000e+05 
6.43866472671460e-04 1.00000000000000e+05 
6.91722670924056e-04 1.00000000000000e+05 
7.44364489001911e-04 1.00000000000000e+05 
8.02270488887553e-04 1.00000000000000e+05 
8.65967088761758e-04 1.00000000000000e+05 
9.36033348623384e-04 1.00000000000000e+05 
1.01310623447117e-03 1.00000000000000e+05 
1.09788640890374e-03 1.00000000000000e+05 
1.19114460077956e-03 1.00000000000000e+05 
1.28874595967984e-03 1.00000000000000e+05 
1.39427742078074e-03 1.00000000000000e+05 
1.50221628787605e-03 1.00000000000000e+05 
1.61553425737460e-03 1.00000000000000e+05 
1.73457348070803e-03 1.00000000000000e+05 
1.85733677968588e-03 1.00000000000000e+05 
1.98616223838841e-03 1.00000000000000e+05 
2.11872938704591e-03 1.00000000000000e+05 
2.25541689819618e-03 1.00000000000000e+05 
2.39772133018621e-03 1.00000000000000e+05 
2.54485627309030e-03 1.00000000000000e+05 
2.69657390129126e-03 1.00000000000000e+05 
2.85238267869084e-03 1.00000000000000e+05 
3.01245336051931e-03 1.00000000000000e+05 
3.17812497445983e-03 1.00000000000000e+05 
3.34903914085795e-03 1.00000000000000e+05 
3.52550659026148e-03 1.00000000000000e+05 
3.70726992321207e-03 1.00000000000000e+05 
3.89587589613404e-03 1.00000000000000e+05 
4.08975108536983e-03 1.00000000000000e+05 
4.28959471140008e-03 1.00000000000000e+05 
4.49516060408196e-03 1.00000000000000e+05 
4.70839016598520e-03 1.00000000000000e+05 
4.92856382960750e-03 1.00000000000000e+05 
5.15483884145499e-03 1.00000000000000e+05 
5.38810296190237e-03 1.00000000000000e+05 
5.62716630832210e-03 1.00000000000000e+05 
5.87020911791759e-03 1.00000000000000e+05 
6.12048301668371e-03 1.00000000000000e+05 
6.37286594505928e-03 1.00000000000000e+05 
6.63255281659823e-03 1.00000000000000e+05 
6.89402258475163e-03 1.00000000000000e+05 
7.16407888326587e-03 1.00000000000000e+05 
7.43688359573725e-03 1.00000000000000e+05 
7.71399396444036e-03 1.00000000000000e+05 
7.99382024822883e-03 1.00000000000000e+05 
8.27676476722296e-03 1.00000000000000e+05 
8.55486963386019e-03 1.00000000000000e+05 
8.82693129547201e-03 1.00000000000000e+05 
9.09434750872587e-03 1.00000000000000e+05 
9.35796728729720e-03 1.00000000000000e+05 
9.61825112525923e-03 1.00000000000000e+05 
9.87453747960297e-03 1.00000000000000e+05 
1.01275300069063e-02 1.00000000000000e+05 
1.03780178222370e-02 1.00000000000000e+05 
1.06259874053974e-02 1.00000000000000e+05 
1.08548891345191e-02 1.00000000000000e+05 
1.10599867789409e-02 1.00000000000000e+05 
1.12527348144296e-02 1.00000000000000e+05 
1.14375962437673e-02 1.00000000000000e+05 
1.16159957822364e-02 1.00000000000000e+05 
1.17893316208750e-02 1.00000000000000e+05 
1.19584876521485e-02 1.00000000000000e+05 
1.21238489696759e-02 1.00000000000000e+05 
1.22865157304645e-02 1.00000000000000e+05 
1.24466888546458e-02 1.00000000000000e+05 
1.26054297092999e-02 1.00000000000000e+05 
1.27630236395742e-02 1.00000000000000e+05 
1.29204957092313e-02 1.00000000000000e+05 
1.30780254671663e-02 1.00000000000000e+05 
1.32361335876732e-02 1.00000000000000e+05 
1.33950334243555e-02 1.00000000000000e+05 
1.35551339919861e-02 1.00000000000000e+05 
1.37172368395234e-02 1.00000000000000e+05 
1.38813730175298e-02 1.00000000000000e+05 
1.40483177620429e-02 1.00000000000000e+05 
1.42179869462900e-02 1.00000000000000e+05 
1.43909813431296e-02 1.00000000000000e+05 
1.45670956338582e-02 1.00000000000000e+05 
1.47467695917607e-02 1.00000000000000e+05 
1.49296529999402e-02 1.00000000000000e+05 
1.51160477221922e-02 1.00000000000000e+05 
1.53054658971805e-02 1.00000000000000e+05 
1.54981082862619e-02 1.00000000000000e+05 
1.56933785395122e-02 1.00000000000000e+05 
1.58914185032669e-02 1.00000000000000e+05 
1.60915649979596e-02 1.00000000000000e+05 
1.62939437890356e-02 1.00000000000000e+05 
1.64978609231266e-02 1.00000000000000e+05 
1.67034593070989e-02 1.00000000000000e+05 
1.69100420101752e-02 1.00000000000000e+05 
1.71178025886779e-02 1.00000000000000e+05 
1.73260739522210e-02 1.00000000000000e+05 
1.75351204832537e-02 1.00000000000000e+05 
1.77443316340864e-02 1.00000000000000e+05 
1.79539694655729e-02 1.00000000000000e+05 
1.81636508530151e-02 1.00000000000000e+05 
1.83735765474500e-02 1.00000000000000e+05 
1.85834747766562e-02 1.00000000000000e+05 
1.87935892256609e-02 1.00000000000000e+05 
1.90035887775268e-02 1.00000000000000e+05 
1.92137939062660e-02 1.00000000000000e+05 
1.94238774586774e-02 1.00000000000000e+05 
1.96341801739778e-02 1.00000000000000e+05 
1.98443921460919e-02 1.00000000000000e+05 
2.00548711244321e-02 1.00000000000000e+05 
2.02652936481043e-02 1.00000000000000e+05 
2.04760388095184e-02 1.00000000000000e+05 
2.06867558579156e-02 1.00000000000000e+05 
2.08978224565339e-02 1.00000000000000e+05 
2.11088899696959e-02 1.00000000000000e+05 
2.13203115178274e-02 1.00000000000000e+05 
2.15317504702340e-02 1.00000000000000e+05 
2.17435317645200e-02 1.00000000000000e+05 
2.19553317901818e-02 1.00000000000000e+05 
2.21674467737488e-02 1.00000000000000e+05 
2.23795623888533e-02 1.00000000000000e+05 
2.25919443026671e-02 1.00000000000000e+05 
2.28042824979097e-02 1.00000000000000e+05 
2.30168174413311e-02 1.00000000000000e+05 
2.32292481205090e-02 1.00000000000000e+05 
2.34418079734722e-02 1.00000000000000e+05 
2.36542208028757e-02 1.00000000000000e+05 
2.38667265437058e-02 1.00000000000000e+05 
2.40790765005187e-02 1.00000000000000e+05 
2.42915141402528e-02 1.00000000000000e+05 
2.45038161413272e-02 1.00000000000000e+05 
2.47162295837206e-02 1.00000000000000e+05 
2.49285605889797e-02 1.00000000000000e+05 
2.51410581454628e-02 1.00000000000000e+05 
2.53535558612512e-02 1.00000000000000e+05 
2.55662908239208e-02 1.00000000000000e+05 
2.57791133225835e-02 1.00000000000000e+05 
2.59922404631478e-02 1.00000000000000e+05 
2.62055361969423e-02 1.00000000000000e+05 
2.64191881523255e-02 1.00000000000000e+05 
2.66330830843459e-02 1.00000000000000e+05 
2.68472263886117e-02 1.00000000000000e+05 
2.70614973086607e-02 1.00000000000000e+05 
2.72756237941704e-02 1.00000000000000e+05 
2.74897859224416e-02 1.00000000000000e+05 
2.77036951333700e-02 1.00000000000000e+05 
2.79175492886139e-02 1.00000000000000e+05 
2.81310891388070e-02 1.00000000000000e+05 
2.83445705047491e-02 1.00000000000000e+05 
2.85577985957613e-02 1.00000000000000e+05 
2.87710432352578e-02 1.00000000000000e+05 
2.89841516962351e-02 1.00000000000000e+05 
2.91973938191278e-02 1.00000000000000e+05 
2.94106605963755e-02 1.00000000000000e+05 
2.96242063347896e-02 1.00000000000000e+05 
2.98379565706465e-02 1.00000000000000e+05 
3.00521371753395e-02 1.00000000000000e+05 
3.02666968167359e-02 1.00000000000000e+05 
3.04818299260570e-02 1.00000000000000e+05 
3.06974911271620e-02 1.00000000000000e+05 
3.09138411972839e-02 1.00000000000000e+05 
3.11308295801772e-02 1.00000000000000e+05 
3.13485855498385e-02 1.00000000000000e+05 
3.15670572861827e-02 1.00000000000000e+05 
3.17861421537805e-02 1.00000000000000e+05 
3.20054261739659e-02 1.00000000000000e+05 
3.22249811451439e-02 1.00000000000000e+05 
3.24447429614946e-02 1.00000000000000e+05 
3.26647567052950e-02 1.00000000000000e+05 
3.28849620484174e-02 1.00000000000000e+05 
3.31053851229817e-02 1.00000000000000e+05 
3.33259750722007e-02 1.00000000000000e+05 
3.35467434046876e-02 1.00000000000000e+05 
3.37676524203184e-02 1.00000000000000e+05 
3.39887065430419e-02 1.00000000000000e+05 
3.42098861482139e-02 1.00000000000000e+05 
3.44311993307914e-02 1.00000000000000e+05 
3.46526446235456e-02 1.00000000000000e+05 
3.48742369360877e-02 1.00000000000000e+05 
3.50959955095394e-02 1.00000000000000e+05 
3.53179411224423e-02 1.00000000000000e+05 
3.55401123956655e-02 1.00000000000000e+05 
3.57625381518589e-02 1.00000000000000e+05 
3.59852677373534e-02 1.00000000000000e+05 
3.62083347373833e-02 1.00000000000000e+05 
3.64317939672781e-02 1.00000000000000e+05 
3.66556822831172e-02 1.00000000000000e+05 
3.68800619393284e-02 1.00000000000000e+05 
3.71049717341119e-02 1.00000000000000e+05 
3.73304716042995e-02 1.00000000000000e+05 
3.75565905850461e-02 1.00000000000000e+05 
3.77833731754006e-02 1.00000000000000e+05 
3.80108375353571e-02 1.00000000000000e+05 
3.82386900644441e-02 1.00000000000000e+05 
3.84668710889262e-02 1.00000000000000e+05 
3.86954446374332e-02 1.00000000000000e+05 
3.89243780717335e-02 1.00000000000000e+05 
3.91537363402676e-02 1.00000000000000e+05 
3.93834730260998e-02 1.00000000000000e+05 
3.96136614485366e-02 1.00000000000000e+05 
3.98442482987288e-02 1.00000000000000e+05 
4.00753184940805e-02 1.00000000000000e+05 
4.03068086894370e-02 1.00000000000000e+05 
4.05388061638363e-02 1.00000000000000e+05 
4.07712326720905e-02 1.00000000000000e+05 
4.10041742296335e-02 1.00000000000000e+05 
4.12375424028898e-02 1.00000000000000e+05 
4.14714209935743e-02 1.00000000000000e+05 
4.17057175763315e-02 1.00000000000000e+05 
4.19405162445367e-02 1.00000000000000e+05 
4.21757221613034e-02 1.00000000000000e+05 
4.24114214744151e-02 1.00000000000000e+05 
4.26475158340198e-02 1.00000000000000e+05 
4.28840958133360e-02 1.00000000000000e+05 
4.31210592982530e-02 1.00000000000000e+05 
4.33584997842878e-02 1.00000000000000e+05 
4.35963072908470e-02 1.00000000000000e+05 
4.38345749925453e-02 1.00000000000000e+05 
4.40731878598383e-02 1.00000000000000e+05 
4.43122396077099e-02 1.00000000000000e+05 
4.45516140200309e-02 1.00000000000000e+05 
4.47914051010024e-02 1.00000000000000e+05 
4.50314981122324e-02 1.00000000000000e+05 
4.52719998105319e-02 1.00000000000000e+05 
4.55127832588941e-02 1.00000000000000e+05 
4.57539567151090e-02 1.00000000000000e+05 
4.59953777719382e-02 1.00000000000000e+05 
4.62371547717910e-02 1.00000000000000e+05 
4.64791405400859e-02 1.00000000000000e+05 
4.67214545825920e-02 1.00000000000000e+05 
4.69639544314121e-02 1.00000000000000e+05 
4.72067761057874e-02 1.00000000000000e+05 
4.74497761280578e-02 1.00000000000000e+05 
4.76931048059575e-02 1.00000000000000e+05 
4.79366209239651e-02 1.00000000000000e+05 
4.81804726232711e-02 1.00000000000000e+05 
4.84245107204731e-02 1.00000000000000e+05 
4.86688810465666e-02 1.00000000000000e+05 
4.89134289591549e-02 1.00000000000000e+05 
4.91583006884577e-02 1.00000000000000e+05 
4.94033427392994e-02 1.00000000000000e+05 
4.96487007732009e-02 1.00000000000000e+05 
4.98942206556388e-02 1.00000000000000e+05 
5.01400464888192e-02 1.00000000000000e+05 
5.03860233826385e-02 1.00000000000000e+05 
5.06323041981347e-02 1.00000000000000e+05 
5.08787421188719e-02 1.00000000000000e+05 
5.11254890355432e-02 1.00000000000000e+05 
5.13723933609581e-02 1.00000000000000e+05 
5.16195929188349e-02 1.00000000000000e+05 
5.18669370302595e-02 1.00000000000000e+05 
5.21145609928786e-02 1.00000000000000e+05 
5.23623246085071e-02 1.00000000000000e+05 
5.26103671599765e-02 1.00000000000000e+05 
5.28585580910850e-02 1.00000000000000e+05 
5.31070381558707e-02 1.00000000000000e+05 
5.33556809343329e-02 1.00000000000000e+05 
5.36046240307940e-02 1.00000000000000e+05 
5.38537412662020e-02 1.00000000000000e+05 
5.41031647982140e-02 1.00000000000000e+05 
5.43527719286136e-02 1.00000000000000e+05 
5.46026873270532e-02 1.00000000000000e+05 
5.48527968052160e-02 1.00000000000000e+05 
5.51032125484238e-02 1.00000000000000e+05 
5.53538189488884e-02 1.00000000000000e+05 
5.56047157996341e-02 1.00000000000000e+05 
5.58557877851204e-02 1.00000000000000e+05 
5.61071313111130e-02 1.00000000000000e+05 
5.63586231577551e-02 1.00000000000000e+05 
5.66103708261254e-02 1.00000000000000e+05 
5.68622478563490e-02 1.00000000000000e+05 
5.71143731025251e-02 1.00000000000000e+05 
5.73666302663345e-02 1.00000000000000e+05 
5.76191297212156e-02 1.00000000000000e+05 
5.78717651320273e-02 1.00000000000000e+05 
5.81246362285777e-02 1.00000000000000e+05 
5.83776464641697e-02 1.00000000000000e+05 
5.86308873052012e-02 1.00000000000000e+05 
5.88842674479342e-02 1.00000000000000e+05 
5.91378741587085e-02 1.00000000000000e+05 
5.93916186513205e-02 1.00000000000000e+05 
5.96455856909714e-02 1.00000000000000e+05 
5.98996910667822e-02 1.00000000000000e+05 
6.01540136375791e-02 1.00000000000000e+05 
6.04084724611457e-02 1.00000000000000e+05 
6.06631412285115e-02 1.00000000000000e+05 
6.09179458443056e-02 1.00000000000000e+05 
6.11729581790354e-02 1.00000000000000e+05 
6.14281141966067e-02 1.00000000000000e+05 
6.16834829015216e-02 1.00000000000000e+05 
6.19390056278373e-02 1.00000000000000e+05 
6.21947467528227e-02 1.00000000000000e+05 
6.24506520384526e-02 1.00000000000000e+05 
6.27067826488759e-02 1.00000000000000e+05 
6.29630901996211e-02 1.00000000000000e+05 
6.32196319040896e-02 1.00000000000000e+05 
6.34763421631624e-02 1.00000000000000e+05 
6.37332375321266e-02 1.00000000000000e+05 
6.39901927860916e-02 1.00000000000000e+05 
6.42473305404416e-02 1.00000000000000e+05 
6.45045340072947e-02 1.00000000000000e+05 
6.47619240463748e-02 1.00000000000000e+05 
6.50193898557178e-02 1.00000000000000e+05 
6.52770496892562e-02 1.00000000000000e+05 
6.55347955014389e-02 1.00000000000000e+05 
6.57927428247969e-02 1.00000000000000e+05 
6.60507846418395e-02 1.00000000000000e+05 
6.63090343929485e-02 1.00000000000000e+05 
6.65673856824506e-02 1.00000000000000e+05 
6.68259504487085e-02 1.00000000000000e+05 
6.70846237012361e-02 1.00000000000000e+05 
6.73435160487055e-02 1.00000000000000e+05 
6.76025236306264e-02 1.00000000000000e+05 
6.78617509183474e-02 1.00000000000000e+05 
6.81210996084699e-02 1.00000000000000e+05 
6.83806643202934e-02 1.00000000000000e+05 
6.86403543046111e-02 1.00000000000000e+05 
6.89002647430972e-02 1.00000000000000e+05 
6.91603171323004e-02 1.00000000000000e+05 
6.94206021733914e-02 1.00000000000000e+05 
6.96809735926539e-02 1.00000000000000e+05 
6.99414181720119e-02 1.00000000000000e+05 
7.02018032295042e-02 1.00000000000000e+05 
7.04622700637288e-02 1.00000000000000e+05 
7.07226812447776e-02 1.00000000000000e+05 
7.09831833067281e-02 1.00000000000000e+05 
7.12436332772606e-02 1.00000000000000e+05 
7.15041804671489e-02 1.00000000000000e+05 
7.17646748904022e-02 1.00000000000000e+05 
7.20252658654064e-02 1.00000000000000e+05 
7.22857989045530e-02 1.00000000000000e+05 
7.25464283289192e-02 1.00000000000000e+05 
7.28070068163907e-02 1.00000000000000e+05 
7.30676874451045e-02 1.00000000000000e+05 
7.33283292891530e-02 1.00000000000000e+05 
7.35890825518328e-02 1.00000000000000e+05 
7.38498138314299e-02 1.00000000000000e+05 
7.41106593652088e-02 1.00000000000000e+05 
7.43714880665349e-02 1.00000000000000e+05 
7.46324175707415e-02 1.00000000000000e+05 
7.48933299637176e-02 1.00000000000000e+05 
7.51543319511274e-02 1.00000000000000e+05 
7.54153195670528e-02 1.00000000000000e+05 
7.56763925644731e-02 1.00000000000000e+05 
7.59374587330730e-02 1.00000000000000e+05 
7.61986142293774e-02 1.00000000000000e+05 
7.64597726013337e-02 1.00000000000000e+05 
7.67210250271970e-02 1.00000000000000e+05 
7.69822853195470e-02 1.00000000000000e+05 
7.72436402567666e-02 1.00000000000000e+05 
7.75050049016534e-02 1.00000000000000e+05 
7.77664645340553e-02 1.00000000000000e+05 
7.80279345202054e-02 1.00000000000000e+05 
7.82894963596310e-02 1.00000000000000e+05 
7.85510709394851e-02 1.00000000000000e+05 
7.88127389401938e-02 1.00000000000000e+05 
7.90744260431780e-02 1.00000000000000e+05 
7.93362112599565e-02 1.00000000000000e+05 
7.95980237701227e-02 1.00000000000000e+05 
7.98599405980652e-02 1.00000000000000e+05 
8.01218925143958e-02 1.00000000000000e+05 
8.03839575737535e-02 1.00000000000000e+05 
8.06460683036553e-02 1.00000000000000e+05 
8.09083022217293e-02 1.00000000000000e+05 
8.11705849029205e-02 1.00000000000000e+05 
8.14329815751149e-02 1.00000000000000e+05 
8.16954134342351e-02 1.00000000000000e+05 
8.19579445202782e-02 1.00000000000000e+05 
8.22205007385409e-02 1.00000000000000e+05 
8.24831543590310e-02 1.00000000000000e+05 
8.27458387632688e-02 1.00000000000000e+05 
8.30086371693744e-02 1.00000000000000e+05 
8.32714821915447e-02 1.00000000000000e+05 
8.35344588418851e-02 1.00000000000000e+05 
8.37974909067775e-02 1.00000000000000e+05 
8.40606630532649e-02 1.00000000000000e+05 
8.43238926289201e-02 1.00000000000000e+05 
8.45872653563544e-02 1.00000000000000e+05 
8.48506958064575e-02 1.00000000000000e+05 
8.51142714398698e-02 1.00000000000000e+05 
8.53779074685645e-02 1.00000000000000e+05 
8.56416947815644e-02 1.00000000000000e+05 
8.59055472019867e-02 1.00000000000000e+05 
8.61695548068928e-02 1.00000000000000e+05 
8.64336261675608e-02 1.00000000000000e+05 
8.66978505191995e-02 1.00000000000000e+05 
8.69621372954524e-02 1.00000000000000e+05 
8.72265766164536e-02 1.00000000000000e+05 
8.74910827077598e-02 1.00000000000000e+05 
8.77557442351585e-02 1.00000000000000e+05 
8.80204815724532e-02 1.00000000000000e+05 
8.82853796853395e-02 1.00000000000000e+05 
8.85503615437638e-02 1.00000000000000e+05 
8.88155084095089e-02 1.00000000000000e+05 
8.90807500742029e-02 1.00000000000000e+05 
8.93461655380697e-02 1.00000000000000e+05 
8.96116889410253e-02 1.00000000000000e+05 
8.98773938761437e-02 1.00000000000000e+05 
9.01432170554591e-02 1.00000000000000e+05 
9.04092265733820e-02 1.00000000000000e+05 
9.06753621932672e-02 1.00000000000000e+05 
9.09416881218612e-02 1.00000000000000e+05 
9.12081497790296e-02 1.00000000000000e+05 
9.14748080205174e-02 1.00000000000000e+05 
9.17416142597622e-02 1.00000000000000e+05 
9.20086243725322e-02 1.00000000000000e+05 
9.22757934344602e-02 1.00000000000000e+05 
9.25431719621412e-02 1.00000000000000e+05 
9.28107189812209e-02 1.00000000000000e+05 
9.30784819385710e-02 1.00000000000000e+05 
9.33464251373971e-02 1.00000000000000e+05 
9.36145912316454e-02 1.00000000000000e+05 
9.38829507553391e-02 1.00000000000000e+05 
9.41515410143112e-02 1.00000000000000e+05 
9.44203385870949e-02 1.00000000000000e+05 
9.46893723611233e-02 1.00000000000000e+05 
9.49586209166169e-02 1.00000000000000e+05 
9.52281073673979e-02 1.00000000000000e+05 
9.54978112586569e-02 1.00000000000000e+05 
9.57677525641984e-02 1.00000000000000e+05 
9.60379122530558e-02 1.00000000000000e+05 
9.63082936908091e-02 1.00000000000000e+05 
9.65788434990557e-02 1.00000000000000e+05 
9.68495201493303e-02 1.00000000000000e+05 
9.71203107555497e-02 1.00000000000000e+05 
9.73911289888967e-02 1.00000000000000e+05 
9.76620093494821e-02 1.00000000000000e+05 
9.79327862862194e-02 1.00000000000000e+05 
9.82035648154875e-02 1.00000000000000e+05 
9.84737025450705e-02 1.00000000000000e+05 
9.87420455085318e-02 1.00000000000000e+05 
9.90080231112611e-02 1.00000000000000e+05 
9.92719439383901e-02 1.00000000000000e+05 
9.95337086904218e-02 1.00000000000000e+05 
9.97938348414056e-02 1.00000000000000e+05 
1.00052365341345e-01 1.00000000000000e+05 
1.00309844496830e-01 1.00000000000000e+05 
1.00566359616533e-01 1.00000000000000e+05 
1.00822374470483e-01 1.00000000000000e+05 
1.01077944347604e-01 1.00000000000000e+05 
1.01333412937806e-01 1.00000000000000e+05 
1.01588756288939e-01 1.00000000000000e+05 
1.01844199958234e-01 1.00000000000000e+05 
1.02099674176994e-01 1.00000000000000e+05 
1.02355152363566e-01 1.00000000000000e+05 
1.02610292809681e-01 1.00000000000000e+05 
1.02865281932575e-01 1.00000000000000e+05 
1.03120002449443e-01 1.00000000000000e+05 
1.03374637876681e-01 1.00000000000000e+05 
1.03629079805508e-01 1.00000000000000e+05 
1.03883510889643e-01 1.00000000000000e+05 
1.04137820450132e-01 1.00000000000000e+05 
1.04392192137464e-01 1.00000000000000e+05 
1.04646515646307e-01 1.00000000000000e+05 
1.04900985087112e-01 1.00000000000000e+05 
1.05155493504566e-01 1.00000000000000e+05 
1.05410242054482e-01 1.00000000000000e+05 
1.05665117128261e-01 1.00000000000000e+05 
1.05920316331921e-01 1.00000000000000e+05 
1.06175714665647e-01 1.00000000000000e+05 
1.06431506062229e-01 1.00000000000000e+05 
1.06687558881891e-01 1.00000000000000e+05 
1.06944066018962e-01 1.00000000000000e+05 
1.07200887887150e-01 1.00000000000000e+05 
1.07458010911981e-01 1.00000000000000e+05 
1.07715192876556e-01 1.00000000000000e+05 
1.07972525314856e-01 1.00000000000000e+05 
1.08229952105630e-01 1.00000000000000e+05 
1.08487560056855e-01 1.00000000000000e+05 
1.08745289729086e-01 1.00000000000000e+05 
1.09003230110176e-01 1.00000000000000e+05 
1.09261324643355e-01 1.00000000000000e+05 
1.09519667721393e-01 1.00000000000000e+05 
1.09778203005938e-01 9.99999999999999e+04 
1.10037024259066e-01 9.99999999999999e+04 
1.10296066851616e-01 9.99999999999999e+04 
1.10555421156643e-01 9.99999999999998e+04 
1.10815025127581e-01 9.99999999999998e+04 
1.11074965913141e-01 9.99999999999998e+04 
1.11335189237389e-01 9.99999999999998e+04 
1.11595772287750e-01 9.99999999999996e+04 
1.11856664731134e-01 9.99999999999994e+04 
1.12117929809665e-01 9.99999999999986e+04 
1.12379516278675e-01 9.99999999999980e+04 
1.12641472116137e-01 9.99999999999960e+04 
1.12903741679682e-01 9.99999999999950e+04 
1.13166366044212e-01 9.99999999999994e+04 
1.13429287289177e-01 1.00000000000582e+05 
1.13692551334351e-01 1.00000000001289e+05 
1.13956105488678e-01 1.00000000002292e+05 
1.14220006360275e-01 1.00000000003427e+05 
1.14484199257645e-01 1.00000000004936e+05 
1.14748749143059e-01 1.00000000006640e+05 
1.15013592060420e-01 1.00000000008743e+05 
1.15278801746236e-01 1.00000000011088e+05 
1.15544312236612e-01 1.00000000013835e+05 
1.15810207430108e-01 1.00000000016861e+05 
1.16076347316005e-01 1.00000000023616e+05 
1.16342649534063e-01 1.00000000030893e+05 
1.16609129210018e-01 1.00000000044333e+05 
1.16875813726855e-01 1.00000000057477e+05 
1.17142711165977e-01 1.00000000069823e+05 
1.17409854928297e-01 1.00000000082148e+05 
1.17677242313448e-01 1.00000000093679e+05 
1.17944908223385e-01 1.00000000105089e+05 
1.18212839218242e-01 1.00000000115728e+05 
1.18481071566754e-01 1.00000000126138e+05 
1.18749586811141e-01 1.00000000117729e+05 
1.19018421841478e-01 1.00000000111828e+05 
1.19287551136825e-01 1.00000000105881e+05 
1.19557005500408e-01 1.00000000102387e+05 
1.19826745509365e-01 1.00000000099736e+05 
1.20096807756725e-01 1.00000000100465e+05 
1.20367150254012e-01 1.00000000102699e+05 
1.20637820673905e-01 1.00000000107603e+05 
1.20908779144935e-01 1.00000000113800e+05 
1.21180080604239e-01 1.00000000122076e+05 
1.21451681647018e-01 1.00000000131120e+05 
1.21723640602691e-01 1.00000000139588e+05 
1.21995909793844e-01 1.00000000153816e+05 
1.22268550050691e-01 1.00000000161993e+05 
1.22541506466810e-01 1.00000000169453e+05 
1.22814840409209e-01 1.00000000173531e+05 
1.23088492532883e-01 1.00000000176029e+05 
1.23362527083948e-01 1.00000000175218e+05 
1.23636883106738e-01 1.00000000174305e+05 
1.23911628942240e-01 1.00000000171583e+05 
1.24186703575478e-01 1.00000000169380e+05 
1.24462177168260e-01 1.00000000165372e+05 
1.24737997443426e-01 1.00000000162466e+05 
1.25014237583343e-01 1.00000000158810e+05 
1.25290849433719e-01 1.00000000156189e+05 
1.25567891818289e-01 1.00000000154023e+05 
1.25845293635036e-01 1.00000000152663e+05 
1.26123088587056e-01 1.00000000151952e+05 
1.26401193888869e-01 1.00000000151465e+05 
1.26679642170512e-01 1.00000000153257e+05 
1.26958366397427e-01 1.00000000154326e+05 
1.27237416140506e-01 1.00000000156098e+05 
1.27516753328856e-01 1.00000000157611e+05 
1.27796440485385e-01 1.00014885135724e+05 
1.28076463026039e-01 1.00070260534228e+05 
1.28356879670069e-01 1.00213672308563e+05 
1.28637676881493e-01 1.00499470834200e+05 
1.28918896405266e-01 1.00934843764207e+05 
1.29200514005265e-01 1.01563108247238e+05 
1.29482481879830e-01 1.02402809200471e+05 
1.29764402473093e-01 1.03466530710211e+05 
1.30046326541144e-01 1.04749145754457e+05 
1.30328205055967e-01 1.06218619140368e+05 
1.30610092418404e-01 1.07835393351641e+05 
1.30891942805671e-01 1.09522437420720e+05 
1.31173812296258e-01 1.11155967031213e+05 
1.31455655937638e-01 1.12633870080573e+05 
1.31737533774174e-01 1.13968086016039e+05 
1.32019405403198e-01 1.14886300085601e+05 
1.32301344612721e-01 1.15463287258982e+05 
1.32583312604387e-01 1.15764238504559e+05 
1.32865384097420e-01 1.15873910101563e+05 
1.33147505122720e-01 1.15803985096734e+05 
1.33429716763923e-01 1.15579448538309e+05 
1.33711945785578e-01 1.15314132275598e+05 
1.33994195596636e-01 1.15016086006876e+05 
1.34276406345111e-01 1.14681629374043e+05 
1.34558568863470e-01 1.14326437481024e+05 
1.34840671998693e-01 1.13983230803080e+05 
1.35122715609909e-01 1.13657878845530e+05 
1.35404728078614e-01 1.13350333501230e+05 
1.35686719250937e-01 1.13067210339221e+05 
1.35968737575184e-01 1.12805998202805e+05 
1.36250784336333e-01 1.12564656351918e+05 
1.36532909400002e-01 1.12342308124695e+05 
1.36815091574047e-01 1.12132894791863e+05 
1.37097374703386e-01 1.11931858915193e+05 
1.37379717396955e-01 1.11737225272860e+05 
1.37662158256333e-01 1.11546615151097e+05 
1.37944656756813e-01 1.11358233720294e+05 
1.38227254700645e-01 1.11170696724899e+05 
1.38509913830932e-01 1.10983953831488e+05 
1.38792683431269e-01 1.10797488990515e+05 
1.39075531591065e-01 1.10612256532764e+05 
1.39358513563355e-01 1.10428114404027e+05 
1.39641596073327e-01 1.10246220745418e+05 
1.39924838332250e-01 1.10066871947747e+05 
1.40208200919868e-01 1.09890921099987e+05 
1.40491744856024e-01 1.09718637709664e+05 
1.40775373426593e-01 1.09550585588066e+05 
1.41059136121332e-01 1.09386962070572e+05 
1.41342988396080e-01 1.09228037769352e+05 
1.41626986438296e-01 1.09073778669717e+05 
1.41911080786487e-01 1.08924131467604e+05 
1.42195329688042e-01 1.08778807042056e+05 
1.42479682293366e-01 1.08637501810631e+05 
1.42764195919519e-01 1.08499764874696e+05 
1.43048822092680e-01 1.08365201264542e+05 
1.43333614543425e-01 1.08233339012610e+05 
1.43618529199714e-01 1.08103825045157e+05 
1.43903615877515e-01 1.07976279129754e+05 
1.44188835403378e-01 1.07850461713186e+05 
1.44474232375262e-01 1.07726136582858e+05 
1.44759772275974e-01 1.07603200056255e+05 
1.45045494491467e-01 1.07481557195447e+05 
1.45331368519498e-01 1.07361218344812e+05 
1.45617430163257e-01 1.07242181638656e+05 
1.45903653010221e-01 1.07124508373936e+05 
1.46190062508711e-01 1.07008220314988e+05 
1.46476633764407e-01 1.06893361436758e+05 
1.46763298596832e-01 1.06779954649709e+05 
1.47049996108456e-01 1.06668009228312e+05 
1.47336735798749e-01 1.06557473727599e+05 
1.47623513118382e-01 1.06448303857650e+05 
1.47910337805478e-01 1.06340445391982e+05 
1.48197205181534e-01 1.06233858995849e+05 
1.48484118889578e-01 1.06128522377775e+05 
1.48771076754986e-01 1.06024422628264e+05 
1.49058073225208e-01 1.05921571782901e+05 
1.49345113965772e-01 1.05819975727180e+05 
1.49632194651303e-01 1.05719649621142e+05 
1.49919334143515e-01 1.05620588109242e+05 
1.50206528319556e-01 1.05522778348697e+05 
1.50493804850773e-01 1.05426179266063e+05 
1.50781152104580e-01 1.05330737130992e+05 
1.51068601065324e-01 1.05236369979770e+05 
1.51356130283967e-01 1.05142987772646e+05 
1.51643774108945e-01 1.05050478691131e+05 
1.51931506807420e-01 1.04958737963106e+05 
1.52219367452823e-01 1.04867652539177e+05 
1.52507324426017e-01 1.04777144379769e+05 
1.52795419389871e-01 1.04687142780543e+05 
1.53083610440256e-01 1.04597631103612e+05 
1.53371936172963e-01 1.04508611284258e+05 
1.53660347463366e-01 1.04420151323022e+05 
1.53948880592121e-01 1.04332366187811e+05 
1.54237488105122e-01 1.04245421162709e+05 
1.54526204377743e-01 1.04159547993806e+05 
1.54814986398640e-01 1.04075028941763e+05 
1.55103866829152e-01 1.03992213774395e+05 
1.55392807894920e-01 1.03911590702118e+05 
1.55681838542128e-01 1.03833505113313e+05 
1.55970923994229e-01 1.03758548620716e+05 
1.56260090521799e-01 1.03687428548823e+05 
1.56549307729419e-01 1.03621045267115e+05 
1.56838588137997e-01 1.03559645070640e+05 
1.57127911045127e-01 1.03504006651748e+05 
1.57417276910903e-01 1.03456503730837e+05 
1.57706690718800e-01 1.03417188749299e+05 
1.57996154139304e-01 1.03388551320506e+05 
1.58285673886451e-01 1.03367446509930e+05 
1.58575250089692e-01 1.03356868604846e+05 
1.58864892962677e-01 1.03351655490086e+05 
1.59154603146173e-01 1.03355963151942e+05 
1.59444394557341e-01 1.03369323567068e+05 
1.59734266017700e-01 1.03405919636133e+05 
1.60024234247415e-01 1.03472113550864e+05 
1.60314295748041e-01 1.03565133753075e+05 
1.60604471148776e-01 1.03687906067555e+05 
1.60894755499404e-01 1.03846811873917e+05 
1.61185171390205e-01 1.04044869788283e+05 
1.61475709604070e-01 1.04285293163946e+05 
1.61766398239336e-01 1.04576184365880e+05 
1.62057213108481e-01 1.04914993946814e+05 
1.62348184037015e-01 1.05301716071266e+05 
1.62639281728281e-01 1.05732886446087e+05 
1.62930550784414e-01 1.06199766186718e+05 
1.63221963319285e-01 1.06693042719420e+05 
1.63513574919905e-01 1.07195116799989e+05 
1.63805351150509e-01 1.07683942546364e+05 
1.64097343969272e-01 1.08148694649881e+05 
1.64389507485391e-01 1.08571556121445e+05 
1.64681897058557e-01 1.08917289771711e+05 
1.64974457642705e-01 1.09183313760808e+05 
1.65267251663173e-01 1.09375366042578e+05 
1.65560213218788e-01 1.09494715842402e+05 
1.65853411602356e-01 1.09567281766168e+05 
1.66146779438804e-01 1.09564796765971e+05 
1.66440349268746e-01 1.09457552208924e+05 
1.66734096010964e-01 1.09328346642508e+05 
1.67028012361293e-01 1.09174939815407e+05 
1.67322110699649e-01 1.08985115983053e+05 
1.67616384980646e-01 1.08766387633448e+05 
1.67910845576158e-01 1.08531730812154e+05 
1.68205487253656e-01 1.08287225826037e+05 
1.68500316109007e-01 1.08037725956808e+05 
1.68795326626719e-01 1.07785830399583e+05 
1.69090524777596e-01 1.07537746698823e+05 
1.69385909211232e-01 1.07297369397707e+05 
1.69681486378962e-01 1.07065246513555e+05 
1.69977253283019e-01 1.06842207377613e+05 
1.70273215644359e-01 1.06628394331236e+05 
1.70569366918459e-01 1.06425825705422e+05 
1.70865713908783e-01 1.06233881922422e+05 
1.71162248068200e-01 1.06050787609031e+05 
1.71458978971727e-01 1.05876007482666e+05 
1.71755898289996e-01 1.05708715388716e+05 
1.72053018858942e-01 1.05548404349517e+05 
1.72350329880115e-01 1.05393909834538e+05 
1.72647839712826e-01 1.05245259079510e+05 
1.72945531044251e-01 1.05102115896081e+05 
1.73243407154495e-01 1.04964047019843e+05 
1.73541465034914e-01 1.04831002927755e+05 
1.73839706384111e-01 1.04703352276056e+05 
1.74138039307659e-01 1.04580287204881e+05 
1.74436475080847e-01 1.04463470585025e+05 
1.74735014572105e-01 1.04353610945641e+05 
1.75033653988851e-01 1.04247030594107e+05 
1.75332401324920e-01 1.04150629790808e+05 
1.75631241770174e-01 1.04062434487004e+05 
1.75930187880503e-01 1.03980586975700e+05 
1.76229218071795e-01 1.03907858486732e+05 
1.76528346168303e-01 1.03837303465005e+05 
1.76827557512872e-01 1.03768773157335e+05 
1.77126862924236e-01 1.03706383815960e+05 
1.77426249499522e-01 1.03654451154378e+05 
1.77725726318409e-01 1.03616299172929e+05 
1.78025283469779e-01 1.03596017217757e+05 
1.78324931214480e-01 1.03593114785850e+05 
1.78624661410651e-01 1.03608710471114e+05 
1.78924485654761e-01 1.03641728526374e+05 
1.79224393505228e-01 1.03692699496914e+05 
1.79524397951311e-01 1.03761606484340e+05 
1.79824485435072e-01 1.03848225659444e+05 
1.80124672471460e-01 1.03952108267512e+05 
1.80424943202015e-01 1.04072000948525e+05 
1.80725319669015e-01 1.04206212797782e+05 
1.81025782886646e-01 1.04352808764597e+05 
1.81326360383315e-01 1.04509300405906e+05 
1.81627028158599e-01 1.04673088009694e+05 
1.81927819135478e-01 1.04841346422235e+05 
1.82228703505206e-01 1.05010992663114e+05 
1.82529718714818e-01 1.05178970099482e+05 
1.82830830854495e-01 1.05342217178429e+05 
1.83132082465125e-01 1.05497640109291e+05 
1.83433435394913e-01 1.05642496343795e+05 
1.83734934169410e-01 1.05773756051660e+05 
1.84036539211847e-01 1.05889880929986e+05 
1.84338291721817e-01 1.05990059729604e+05 
1.84640153249806e-01 1.06071058561522e+05 
1.84942162200624e-01 1.06134298089864e+05 
1.85244279463889e-01 1.06177790126447e+05 
1.85546544076826e-01 1.06203036041270e+05 
1.85848914440006e-01 1.06217554912705e+05 
1.86151430414783e-01 1.06215393163199e+05 
1.86454047627846e-01 1.06203792877318e+05 
1.86756806902982e-01 1.06181857605084e+05 
1.87059660870128e-01 1.06151650131600e+05 
1.87362648568326e-01 1.06121732075423e+05 
1.87665680518935e-01 1.06092222751794e+05 
1.87968812714229e-01 1.06063891122865e+05 
1.88271980079607e-01 1.06036514337460e+05 
1.88575237232297e-01 1.06009658698983e+05 
1.88878522476810e-01 1.05984002815855e+05 
1.89181890978570e-01 1.05959029150777e+05 
1.89485282956056e-01 1.05933692796716e+05 
1.89788758558904e-01 1.05907804960823e+05 
1.90092253926912e-01 1.05880621502853e+05 
1.90395837203113e-01 1.05851827462664e+05 
1.90699434293630e-01 1.05822239522642e+05 
1.91003120687954e-01 1.05791633908046e+05 
1.91306813310629e-01 1.05760228150762e+05 
1.91610564248585e-01 1.05728138120869e+05 
1.91914309467652e-01 1.05695532644463e+05 
1.92218095472241e-01 1.05662476945935e+05 
1.92521874106771e-01 1.05629058048038e+05 
1.92825689405989e-01 1.05595268349099e+05 
1.93129495443934e-01 1.05561113569796e+05 
1.93433335170923e-01 1.05526624957474e+05 
1.93737163986991e-01 1.05491747410993e+05 
1.94041025034184e-01 1.05456573535560e+05 
1.94344876141224e-01 1.05420991181149e+05 
1.94648759218600e-01 1.05385027092278e+05 
1.94952631274784e-01 1.05348540442634e+05 
1.95256534541533e-01 1.05311551647784e+05 
1.95560425212209e-01 1.05273985880767e+05 
1.95864345961134e-01 1.05235855909901e+05 
1.96168251423118e-01 1.05197039918717e+05 
1.96472184352785e-01 1.05157563679350e+05 
1.96776098415789e-01 1.05117342222531e+05 
1.97080026800421e-01 1.05076411055230e+05 
1.97383870806083e-01 1.05034727150169e+05 
1.97687724543056e-01 1.04992315099858e+05 
1.97991477492119e-01 1.04949131226068e+05 
1.98295247292068e-01 1.04905188969565e+05 
1.98598899720036e-01 1.04860461202937e+05 
1.98902564112316e-01 1.04814980093414e+05 
1.99206094488389e-01 1.04768734170337e+05 
1.99509602707443e-01 1.04721785788616e+05 
1.99812992269982e-01 1.04674231252667e+05 
2.00116288566513e-01 1.04626140641063e+05 
