# Liste des scalaires : TEMPS pmat 
0.00000000000000e+00 1.00000000000000e+05 
7.22956891292051e-05 1.00000000000000e+05 
1.39473830159791e-04 1.00000000000000e+05 
2.09658797050095e-04 1.00000000000000e+05 
2.76117114236748e-04 1.00000000000000e+05 
3.20638761908144e-04 1.00000000000000e+05 
3.55139419127694e-04 1.00000000000000e+05 
3.84466703006975e-04 1.00000000000000e+05 
4.10882456555378e-04 1.00000000000000e+05 
4.35440253196357e-04 1.00000000000000e+05 
4.62453829501434e-04 1.00000000000000e+05 
4.92168763437018e-04 1.00000000000000e+05 
5.24855190766161e-04 1.00000000000000e+05 
5.60810260828219e-04 1.00000000000000e+05 
6.00360837896482e-04 1.00000000000000e+05 
6.43866472671571e-04 1.00000000000000e+05 
6.91722670924169e-04 1.00000000000000e+05 
7.44364489002027e-04 1.00000000000000e+05 
8.02270488887671e-04 1.00000000000000e+05 
8.65967088761879e-04 1.00000000000000e+05 
9.36033348623508e-04 1.00000000000000e+05 
1.01310623447130e-03 1.00000000000000e+05 
1.09788640890387e-03 1.00000000000000e+05 
1.19114460077970e-03 1.00000000000000e+05 
1.28874595968001e-03 1.00000000000000e+05 
1.39427742078095e-03 1.00000000000000e+05 
1.50221628787632e-03 1.00000000000000e+05 
1.61553425737491e-03 1.00000000000000e+05 
1.73457348070843e-03 1.00000000000000e+05 
1.85733677968635e-03 1.00000000000000e+05 
1.98616223838895e-03 1.00000000000000e+05 
2.11872938704652e-03 1.00000000000000e+05 
2.25541689819688e-03 1.00000000000000e+05 
2.39772133018701e-03 1.00000000000000e+05 
2.54485627292253e-03 1.00000000000000e+05 
2.69657390111782e-03 1.00000000000000e+05 
2.85237925128666e-03 1.00000000000000e+05 
3.01244979401939e-03 1.00000000000000e+05 
3.17812126639596e-03 1.00000000000000e+05 
3.34662591451442e-03 1.00000000000000e+05 
3.52100556355764e-03 1.00000000000000e+05 
3.70113771298871e-03 1.00000000000000e+05 
3.88858125871223e-03 1.00000000000000e+05 
4.08196471014246e-03 1.00000000000000e+05 
4.27888386764521e-03 1.00000000000000e+05 
4.47879884248699e-03 1.00000000000000e+05 
4.68135921890469e-03 1.00000000000000e+05 
4.88830614906219e-03 1.00000000000000e+05 
5.09775693845413e-03 1.00000000000000e+05 
5.30342389701015e-03 1.00000000000000e+05 
5.51179412217483e-03 1.00000000000000e+05 
5.71854958720014e-03 1.00000000000000e+05 
5.92924128290246e-03 1.00000000000000e+05 
6.13495063592637e-03 1.00000000000000e+05 
6.34416999151538e-03 1.00000000000000e+05 
6.55083007136007e-03 1.00000000000000e+05 
6.75628784502803e-03 1.00000000000000e+05 
6.96113435620925e-03 1.00000000000000e+05 
7.16358869906926e-03 1.00000000000000e+05 
7.36742978919905e-03 1.00000000000000e+05 
7.56867562469957e-03 1.00000000000000e+05 
7.77231523241466e-03 1.00000000000000e+05 
7.97329304383198e-03 1.00000000000000e+05 
8.17699683836424e-03 1.00000000000000e+05 
8.37816770333122e-03 1.00000000000000e+05 
8.58201874067309e-03 1.00000000000000e+05 
8.78385834533475e-03 1.00000000000000e+05 
8.98874904635252e-03 1.00000000000000e+05 
9.19174361205440e-03 1.00000000000000e+05 
9.39773765329427e-03 1.00000000000000e+05 
9.60228051014901e-03 1.00000000000000e+05 
9.80927804355231e-03 1.00000000000000e+05 
9.99941839624324e-03 1.00000000000000e+05 
1.01750362842017e-02 1.00000000000000e+05 
1.03390198289555e-02 1.00000000000000e+05 
1.04943534500757e-02 1.00000000000000e+05 
1.06456856427122e-02 1.00000000000000e+05 
1.07944262626020e-02 1.00000000000000e+05 
1.09421757104407e-02 1.00000000000000e+05 
1.10881455848805e-02 1.00000000000000e+05 
1.12325418189727e-02 1.00000000000000e+05 
1.13745670694632e-02 1.00000000000000e+05 
1.15159631649776e-02 1.00000000000000e+05 
1.16558046851214e-02 1.00000000000000e+05 
1.17955253872782e-02 1.00000000000000e+05 
1.19342732354665e-02 1.00000000000000e+05 
1.20733395030292e-02 1.00000000000000e+05 
1.22120468198453e-02 1.00000000000000e+05 
1.23515344753221e-02 1.00000000000000e+05 
1.24913289182501e-02 1.00000000000000e+05 
1.26323892870401e-02 1.00000000000000e+05 
1.27744118647537e-02 1.00000000000000e+05 
1.29181567409253e-02 1.00000000000000e+05 
1.30634554523481e-02 1.00000000000000e+05 
1.32109193312074e-02 1.00000000000000e+05 
1.33604744696345e-02 1.00000000000000e+05 
1.35126586262477e-02 1.00000000000000e+05 
1.36666149304907e-02 1.00000000000000e+05 
1.38227798864761e-02 1.00000000000000e+05 
1.39809622804350e-02 1.00000000000000e+05 
1.41417229845493e-02 1.00000000000000e+05 
1.43048064737029e-02 1.00000000000000e+05 
1.44701315317776e-02 1.00000000000000e+05 
1.46374815402553e-02 1.00000000000000e+05 
1.48072360418004e-02 1.00000000000000e+05 
1.49791271994730e-02 1.00000000000000e+05 
1.51535027722851e-02 1.00000000000000e+05 
1.53300347475936e-02 1.00000000000000e+05 
1.55090475966871e-02 1.00000000000000e+05 
1.56901560575377e-02 1.00000000000000e+05 
1.58736678832702e-02 1.00000000000000e+05 
1.60591528452654e-02 1.00000000000000e+05 
1.62469013838017e-02 1.00000000000000e+05 
1.64364729495278e-02 1.00000000000000e+05 
1.66281478066338e-02 1.00000000000000e+05 
1.68215027995245e-02 1.00000000000000e+05 
1.70167174486643e-02 1.00000000000000e+05 
1.72132575058753e-02 1.00000000000000e+05 
1.74109474251413e-02 1.00000000000000e+05 
1.76098514360698e-02 1.00000000000000e+05 
1.78098420846396e-02 1.00000000000000e+05 
1.80109955552348e-02 1.00000000000000e+05 
1.82132334240148e-02 1.00000000000000e+05 
1.84160167647627e-02 1.00000000000000e+05 
1.86193875745869e-02 1.00000000000000e+05 
1.88233260600576e-02 1.00000000000000e+05 
1.90272750885627e-02 1.00000000000000e+05 
1.92315719026809e-02 1.00000000000000e+05 
1.94360427574481e-02 1.00000000000000e+05 
1.96410126085776e-02 1.00000000000000e+05 
1.98463255383914e-02 1.00000000000000e+05 
2.00522828680509e-02 1.00000000000000e+05 
2.02587439843528e-02 1.00000000000000e+05 
2.04659889650534e-02 1.00000000000000e+05 
2.06738966465053e-02 1.00000000000000e+05 
2.08827333936190e-02 1.00000000000000e+05 
2.10923976886322e-02 1.00000000000000e+05 
2.13031477848137e-02 1.00000000000000e+05 
2.15149027584859e-02 1.00000000000000e+05 
2.17279181724528e-02 1.00000000000000e+05 
2.19421292690707e-02 1.00000000000000e+05 
2.21577896101628e-02 1.00000000000000e+05 
2.23748460614074e-02 1.00000000000000e+05 
2.25935547981900e-02 1.00000000000000e+05 
2.28138646120586e-02 1.00000000000000e+05 
2.30360119085232e-02 1.00000000000000e+05 
2.32592555260752e-02 1.00000000000000e+05 
2.34839526842141e-02 1.00000000000000e+05 
2.37099019174073e-02 1.00000000000000e+05 
2.39374444572193e-02 1.00000000000000e+05 
2.41663584594407e-02 1.00000000000000e+05 
2.43969721662152e-02 1.00000000000000e+05 
2.46290568745130e-02 1.00000000000000e+05 
2.48629404776149e-02 1.00000000000000e+05 
2.50983865069602e-02 1.00000000000000e+05 
2.53357179455855e-02 1.00000000000000e+05 
2.55746768856760e-02 1.00000000000000e+05 
2.58155766984417e-02 1.00000000000000e+05 
2.60581297010808e-02 1.00000000000000e+05 
2.63026355373009e-02 1.00000000000000e+05 
2.65487796631641e-02 1.00000000000000e+05 
2.67968424674966e-02 1.00000000000000e+05 
2.70464805640170e-02 1.00000000000000e+05 
2.72979503341896e-02 1.00000000000000e+05 
2.75508803003294e-02 1.00000000000000e+05 
2.78055060639524e-02 1.00000000000000e+05 
2.80612703840696e-02 1.00000000000000e+05 
2.83182494216920e-02 1.00000000000000e+05 
2.85760448325360e-02 1.00000000000000e+05 
2.88349183101685e-02 1.00000000000000e+05 
2.90944527261797e-02 1.00000000000000e+05 
2.93549107949812e-02 1.00000000000000e+05 
2.96158571373364e-02 1.00000000000000e+05 
2.98775607400506e-02 1.00000000000000e+05 
3.01395815003410e-02 1.00000000000000e+05 
3.04022011091865e-02 1.00000000000000e+05 
3.06649904697694e-02 1.00000000000000e+05 
3.09282480284661e-02 1.00000000000000e+05 
3.11915623298391e-02 1.00000000000000e+05 
3.14552543893434e-02 1.00000000000000e+05 
3.17189364472753e-02 1.00000000000000e+05 
3.19829525076604e-02 1.00000000000000e+05 
3.22469389974013e-02 1.00000000000000e+05 
3.25112533116678e-02 1.00000000000000e+05 
3.27755432059294e-02 1.00000000000000e+05 
3.30401647263021e-02 1.00000000000000e+05 
3.33047762446907e-02 1.00000000000000e+05 
3.35697266841038e-02 1.00000000000000e+05 
3.38346790804668e-02 1.00000000000000e+05 
3.40999734340404e-02 1.00000000000000e+05 
3.43652797584729e-02 1.00000000000000e+05 
3.46309333236594e-02 1.00000000000000e+05 
3.48966180632335e-02 1.00000000000000e+05 
3.51626673665734e-02 1.00000000000000e+05 
3.54287792262424e-02 1.00000000000000e+05 
3.56952880721521e-02 1.00000000000000e+05 
3.59618972213254e-02 1.00000000000000e+05 
3.62289378517098e-02 1.00000000000000e+05 
3.64961134052047e-02 1.00000000000000e+05 
3.67637493444852e-02 1.00000000000000e+05 
3.70315464420163e-02 1.00000000000000e+05 
3.72998228252482e-02 1.00000000000000e+05 
3.75682725652170e-02 1.00000000000000e+05 
3.78372077304926e-02 1.00000000000000e+05 
3.81063231581790e-02 1.00000000000000e+05 
3.83759315148554e-02 1.00000000000000e+05 
3.86457342489710e-02 1.00000000000000e+05 
3.89160447987703e-02 1.00000000000000e+05 
3.91865690652610e-02 1.00000000000000e+05 
3.94576127349610e-02 1.00000000000000e+05 
3.97288782235024e-02 1.00000000000000e+05 
4.00006617573156e-02 1.00000000000000e+05 
4.02726718656324e-02 1.00000000000000e+05 
4.05451918587599e-02 1.00000000000000e+05 
4.08176816657520e-02 1.00000000000000e+05 
4.10904616910271e-02 1.00000000000000e+05 
4.13631569881801e-02 1.00000000000000e+05 
4.16361328184697e-02 1.00000000000000e+05 
4.19090126157394e-02 1.00000000000000e+05 
4.21821620195976e-02 1.00000000000000e+05 
4.24552080748242e-02 1.00000000000000e+05 
4.27285151228506e-02 1.00000000000000e+05 
4.30017146824867e-02 1.00000000000000e+05 
4.32751710172061e-02 1.00000000000000e+05 
4.35485223610752e-02 1.00000000000000e+05 
4.38221331115441e-02 1.00000000000000e+05 
4.40956485106987e-02 1.00000000000000e+05 
4.43694301152028e-02 1.00000000000000e+05 
4.46431285907293e-02 1.00000000000000e+05 
4.49171006874409e-02 1.00000000000000e+05 
4.51910029419751e-02 1.00000000000000e+05 
4.54651933284869e-02 1.00000000000000e+05 
4.57393404438518e-02 1.00000000000000e+05 
4.60138047433847e-02 1.00000000000000e+05 
4.62882648752185e-02 1.00000000000000e+05 
4.65630780991206e-02 1.00000000000000e+05 
4.68379262470491e-02 1.00000000000000e+05 
4.71131575189576e-02 1.00000000000000e+05 
4.73884613617002e-02 1.00000000000000e+05 
4.76641801046237e-02 1.00000000000000e+05 
4.79400129034214e-02 1.00000000000000e+05 
4.82162882544537e-02 1.00000000000000e+05 
4.84927108711449e-02 1.00000000000000e+05 
4.87695962395585e-02 1.00000000000000e+05 
4.90466590552140e-02 1.00000000000000e+05 
4.93242069104688e-02 1.00000000000000e+05 
4.96019671940479e-02 1.00000000000000e+05 
4.98802433530506e-02 1.00000000000000e+05 
5.01587702471214e-02 1.00000000000000e+05 
5.04378433584093e-02 1.00000000000000e+05 
5.07172001938434e-02 1.00000000000000e+05 
5.09971228415838e-02 1.00000000000000e+05 
5.12773477780214e-02 1.00000000000000e+05 
5.15581407320564e-02 1.00000000000000e+05 
5.18392431185296e-02 1.00000000000000e+05 
5.21209095520495e-02 1.00000000000000e+05 
5.24028903742940e-02 1.00000000000000e+05 
5.26853185220721e-02 1.00000000000000e+05 
5.29679051671975e-02 1.00000000000000e+05 
5.32509549432949e-02 1.00000000000000e+05 
5.35341688157057e-02 1.00000000000000e+05 
5.38178507880333e-02 1.00000000000000e+05 
5.41017019257239e-02 1.00000000000000e+05 
5.43860175887984e-02 1.00000000000000e+05 
5.46705229995162e-02 1.00000000000000e+05 
5.49554990889127e-02 1.00000000000000e+05 
5.52406751179925e-02 1.00000000000000e+05 
5.55263082085193e-02 1.00000000000000e+05 
5.58121283681172e-02 1.00000000000000e+05 
5.60983905057685e-02 1.00000000000000e+05 
5.63848365594282e-02 1.00000000000000e+05 
5.66717206799093e-02 1.00000000000000e+05 
5.69587927903204e-02 1.00000000000000e+05 
5.72462995453948e-02 1.00000000000000e+05 
5.75339939619968e-02 1.00000000000000e+05 
5.78220969959436e-02 1.00000000000000e+05 
5.81101157741812e-02 1.00000000000000e+05 
5.83984822324387e-02 1.00000000000000e+05 
5.86867729733152e-02 1.00000000000000e+05 
5.89754176434673e-02 1.00000000000000e+05 
5.92639925629141e-02 1.00000000000000e+05 
5.95529276540699e-02 1.00000000000000e+05 
5.98418024509728e-02 1.00000000000000e+05 
6.01310500224247e-02 1.00000000000000e+05 
6.04202411988149e-02 1.00000000000000e+05 
6.07098141186960e-02 1.00000000000000e+05 
6.09993391352106e-02 1.00000000000000e+05 
6.12892604009913e-02 1.00000000000000e+05 
6.15791573315134e-02 1.00000000000000e+05 
6.18694783425280e-02 1.00000000000000e+05 
6.21598054257056e-02 1.00000000000000e+05 
6.24505868020829e-02 1.00000000000000e+05 
6.27414061367026e-02 1.00000000000000e+05 
6.30327099821620e-02 1.00000000000000e+05 
6.33240795688553e-02 1.00000000000000e+05 
6.36155424483787e-02 1.00000000000000e+05 
6.39070272010560e-02 1.00000000000000e+05 
6.41984211272101e-02 1.00000000000000e+05 
6.44898652732687e-02 1.00000000000000e+05 
6.47812450125637e-02 1.00000000000000e+05 
6.50726944373364e-02 1.00000000000000e+05 
6.53640996289456e-02 1.00000000000000e+05 
6.56555920436642e-02 1.00000000000000e+05 
6.59470609245500e-02 1.00000000000000e+05 
6.62386372975088e-02 1.00000000000000e+05 
6.65302132484824e-02 1.00000000000000e+05 
6.68219195643764e-02 1.00000000000000e+05 
6.71136473973520e-02 1.00000000000000e+05 
6.74055285267509e-02 1.00000000000000e+05 
6.76974543909037e-02 1.00000000000000e+05 
6.79895588456888e-02 1.00000000000000e+05 
6.82817338651435e-02 1.00000000000000e+05 
6.85741115126689e-02 1.00000000000000e+05 
6.88665827700868e-02 1.00000000000000e+05 
6.91592780627696e-02 1.00000000000000e+05 
6.94520878715245e-02 1.00000000000000e+05 
6.97451423858890e-02 1.00000000000000e+05 
7.00383311790347e-02 1.00000000000000e+05 
7.03317853718596e-02 1.00000000000000e+05 
7.06253912412021e-02 1.00000000000000e+05 
7.09192808888911e-02 1.00000000000000e+05 
7.12133340125031e-02 1.00000000000000e+05 
7.15076856966277e-02 1.00000000000000e+05 
7.18022118394209e-02 1.00000000000000e+05 
7.20970497912839e-02 1.00000000000000e+05 
7.23920783259688e-02 1.00000000000000e+05 
7.26874287053631e-02 1.00000000000000e+05 
7.29829789065952e-02 1.00000000000000e+05 
7.32788567166751e-02 1.00000000000000e+05 
7.35749565857561e-02 1.00000000000000e+05 
7.38714075490146e-02 1.00000000000000e+05 
7.41681105183257e-02 1.00000000000000e+05 
7.44651800391119e-02 1.00000000000000e+05 
7.47625110650097e-02 1.00000000000000e+05 
7.50602024000842e-02 1.00000000000000e+05 
7.53581503116796e-02 1.00000000000000e+05 
7.56563614837781e-02 1.00000000000000e+05 
7.59548364449142e-02 1.00000000000000e+05 
7.62535308205373e-02 1.00000000000000e+05 
7.65524868948426e-02 1.00000000000000e+05 
7.68516605425995e-02 1.00000000000000e+05 
7.71511095942221e-02 1.00000000000000e+05 
7.74507848744441e-02 1.00000000000000e+05 
7.77507459861852e-02 1.00000000000000e+05 
7.80509300573836e-02 1.00000000000000e+05 
7.83513945507859e-02 1.00000000000000e+05 
7.86520666668420e-02 1.00000000000000e+05 
7.89530081212180e-02 1.00000000000000e+05 
7.92541361458560e-02 1.00000000000000e+05 
7.95553633777929e-02 1.00000000000000e+05 
7.98566605275265e-02 1.00000000000000e+05 
8.01579551549498e-02 1.00000000000000e+05 
8.04592949472278e-02 1.00000000000000e+05 
8.07606208812365e-02 1.00000000000000e+05 
8.10619778035659e-02 1.00000000000000e+05 
8.13633310311777e-02 1.00000000000000e+05 
8.16647065742196e-02 1.00000000000000e+05 
8.19660546758576e-02 1.00000000000000e+05 
8.22674065710375e-02 1.00000000000000e+05 
8.25687229435586e-02 1.00000000000000e+05 
8.28700380132706e-02 1.00000000000000e+05 
8.31713211922513e-02 1.00000000000000e+05 
8.34726101553523e-02 1.00000000000000e+05 
8.37738842932055e-02 1.00000000000000e+05 
8.40751623785356e-02 1.00000000000000e+05 
8.43764220404609e-02 1.00000000000000e+05 
8.46776685655267e-02 1.00000000000000e+05 
8.49789018986568e-02 1.00000000000000e+05 
8.52801213083783e-02 1.00000000000000e+05 
8.55813442558493e-02 1.00000000000000e+05 
8.58825603977259e-02 1.00000000000000e+05 
8.61837988256608e-02 1.00000000000000e+05 
8.64850331122944e-02 1.00000000000000e+05 
8.67863072433027e-02 1.00000000000000e+05 
8.70875782964192e-02 1.00000000000000e+05 
8.73889094861646e-02 1.00000000000000e+05 
8.76902449296983e-02 1.00000000000000e+05 
8.79915488664409e-02 1.00000000000000e+05 
8.82925657502152e-02 1.00000000000000e+05 
8.85933984104801e-02 1.00000000000000e+05 
8.88939362032686e-02 1.00000000000000e+05 
8.91942803302759e-02 1.00000000000000e+05 
8.94943221303168e-02 1.00000000000000e+05 
8.97941508240427e-02 1.00000000000000e+05 
9.00936289984020e-02 1.00000000000000e+05 
9.03928974273425e-02 1.00000000000000e+05 
9.06917510890081e-02 1.00000000000000e+05 
9.09903806992513e-02 1.00000000000000e+05 
9.12884234268089e-02 1.00000000000000e+05 
9.15859114452026e-02 1.00000000000000e+05 
9.18824909752023e-02 1.00000000000000e+05 
9.21783469424902e-02 1.00000000000000e+05 
9.24731450511944e-02 1.00000000000000e+05 
9.27670531689667e-02 1.00000000000000e+05 
9.30597935158694e-02 1.00000000000000e+05 
9.33515879147766e-02 1.00000000000000e+05 
9.36422165451933e-02 1.00000000000000e+05 
9.39319414743608e-02 1.00000000000000e+05 
9.42203588086324e-02 1.00000000000000e+05 
9.45077883661242e-02 1.00000000000000e+05 
9.47938161197058e-02 1.00000000000000e+05 
9.50790853182748e-02 1.00000000000000e+05 
9.53632069065220e-02 1.00000000000000e+05 
9.56465227523356e-02 1.00000000000000e+05 
9.59287015624628e-02 1.00000000000000e+05 
9.62102252834737e-02 1.00000000000000e+05 
9.64908507614041e-02 1.00000000000000e+05 
9.67709671334726e-02 1.00000000000000e+05 
9.70503977966500e-02 1.00000000000000e+05 
9.73294179992093e-02 1.00000000000000e+05 
9.76077885848441e-02 1.00000000000000e+05 
9.78856880528084e-02 1.00000000000000e+05 
9.81630004196237e-02 1.00000000000000e+05 
9.84399669541920e-02 1.00000000000000e+05 
9.87164661599039e-02 1.00000000000000e+05 
9.89926999384460e-02 1.00000000000000e+05 
9.92685715919406e-02 1.00000000000000e+05 
9.95442470478508e-02 1.00000000000000e+05 
9.98195341002056e-02 1.00000000000000e+05 
1.00094549159613e-01 1.00000000000000e+05 
1.00369412131786e-01 1.00000000000000e+05 
1.00644129931583e-01 1.00000000000000e+05 
1.00918673292659e-01 1.00000000000000e+05 
1.01193146760945e-01 1.00000000000000e+05 
1.01467395106524e-01 1.00000000000000e+05 
1.01741576012167e-01 1.00000000000000e+05 
1.02015566626972e-01 1.00000000000000e+05 
1.02289527460585e-01 1.00000000000000e+05 
1.02563362914041e-01 1.00000000000000e+05 
1.02837233501203e-01 1.00000000000000e+05 
1.03111038991887e-01 1.00000000000000e+05 
1.03384919331643e-01 1.00000000000000e+05 
1.03658785916222e-01 1.00000000000000e+05 
1.03932765298690e-01 1.00000000000000e+05 
1.04206765695754e-01 1.00000000000000e+05 
1.04480913566885e-01 1.00000000000000e+05 
1.04755109123322e-01 1.00000000000000e+05 
1.05029494096947e-01 1.00000000000000e+05 
1.05303953369249e-01 1.00000000000000e+05 
1.05578643347523e-01 1.00000000000000e+05 
1.05853435855915e-01 1.00000000000000e+05 
1.06128493946591e-01 1.00000000000000e+05 
1.06403686696043e-01 1.00000000000000e+05 
1.06679143997663e-01 1.00000000000000e+05 
1.06954625110858e-01 1.00000000000000e+05 
1.07230401800936e-01 1.00000000000000e+05 
1.07506248628860e-01 1.00000000000000e+05 
1.07782464186511e-01 1.00000000000000e+05 
1.08058707513318e-01 1.00000000000000e+05 
1.08335300103194e-01 1.00000000000000e+05 
1.08611946474886e-01 1.00000000000000e+05 
1.08888884432779e-01 1.00000000000000e+05 
1.09165854159284e-01 1.00000000000000e+05 
1.09443118636773e-01 1.00000000000000e+05 
1.09720388877031e-01 1.00000000000000e+05 
1.09997927745205e-01 1.00000000000000e+05 
1.10275454580770e-01 1.00000000000000e+05 
1.10553199172608e-01 1.00000000000000e+05 
1.10830901479836e-01 1.00000000000000e+05 
1.11108765432935e-01 1.00000000000000e+05 
1.11386544132345e-01 1.00000000000000e+05 
1.11664428350032e-01 1.00000000000000e+05 
1.11942196784447e-01 1.00000000000000e+05 
1.12220035777859e-01 1.00000000000000e+05 
1.12497745574324e-01 1.00000000000000e+05 
1.12775530600434e-01 1.00000000000000e+05 
1.12919598507909e-01 1.00000000000000e+05 
1.13063716135742e-01 1.00000000000000e+05 
1.13207898522884e-01 1.00000000000000e+05 
1.13352169215139e-01 1.00000000000000e+05 
1.13496528632373e-01 1.00000000000000e+05 
1.13640999443598e-01 1.00000000000000e+05 
1.13785582740425e-01 1.00000000000000e+05 
1.13930301980656e-01 1.00000000000000e+05 
1.14075158470447e-01 1.00000000000000e+05 
1.14220176699022e-01 1.00000000000000e+05 
1.14365358035680e-01 1.00000000000000e+05 
1.14510728660524e-01 1.00000000000000e+05 
1.14656290158973e-01 1.00000000000000e+05 
1.14802071305298e-01 1.00000000000000e+05 
1.14948074280103e-01 1.00000000000000e+05 
1.15094331568368e-01 1.00000000000000e+05 
1.15240846575880e-01 1.00000000000000e+05 
1.15387656913335e-01 1.00000000000000e+05 
1.15534768189544e-01 1.00000000000000e+05 
1.15682225019273e-01 1.00000000000000e+05 
1.15830036721379e-01 1.00000000000000e+05 
1.15978257510987e-01 1.00000000000000e+05 
1.16126902782314e-01 1.00000000000000e+05 
1.16276040076285e-01 1.00000000000000e+05 
1.16425694667991e-01 1.00000000000000e+05 
1.16575952966146e-01 1.00000000000000e+05 
1.16726856437130e-01 1.00000000000000e+05 
1.16878518879290e-01 1.00000000000001e+05 
1.17025918346909e-01 1.00000000000001e+05 
1.17173491879347e-01 1.00000000000002e+05 
1.17321155435576e-01 1.00000000000003e+05 
1.17469036942896e-01 1.00000000000004e+05 
1.17616638704259e-01 1.00000000000006e+05 
1.17764464051084e-01 1.00000000000008e+05 
1.17912393482871e-01 1.00000000000011e+05 
1.18060634691014e-01 1.00000000000016e+05 
1.18208898107668e-01 1.00000000000022e+05 
1.18357483157493e-01 1.00000000000027e+05 
1.18506018277024e-01 1.00000000000033e+05 
1.18654954770522e-01 1.00000000000039e+05 
1.18804122864094e-01 1.00000000000046e+05 
1.18953410468762e-01 1.00000000000052e+05 
1.19102864784214e-01 1.00000000000059e+05 
1.19252274379858e-01 1.00000000000066e+05 
1.19401720863023e-01 1.00000000000073e+05 
1.19551134920356e-01 1.00000000000080e+05 
1.19700489456973e-01 1.00000000000087e+05 
1.19849873664580e-01 1.00000000000093e+05 
1.19999185574360e-01 1.00000000000100e+05 
1.20163428675118e-01 1.00000000000108e+05 
1.20344096085951e-01 1.00000000000116e+05 
1.20532096070547e-01 1.00000000000123e+05 
1.20681548654360e-01 1.00000000000128e+05 
1.20831041778927e-01 1.00000000000134e+05 
1.20979073006098e-01 1.00000000000138e+05 
1.21127024904469e-01 1.00000000000143e+05 
1.21274919639985e-01 1.00000000000147e+05 
1.21422749081193e-01 1.00000000000152e+05 
1.21570536268624e-01 1.00000000000156e+05 
1.21718268566458e-01 1.00000000000160e+05 
1.21865968335734e-01 1.00000000000164e+05 
1.22013620045053e-01 1.00000000000168e+05 
1.22161244944866e-01 1.00000000000171e+05 
1.22308826148166e-01 1.00000000000175e+05 
1.22456383774017e-01 1.00000000000179e+05 
1.22603900967434e-01 1.00000000000182e+05 
1.22751396306767e-01 1.00000000000186e+05 
1.22898854463313e-01 1.00000000000189e+05 
1.23046292591317e-01 1.00000000000193e+05 
1.23193697640038e-01 1.00000000000196e+05 
1.23341085483904e-01 1.00000000000200e+05 
1.23488445926744e-01 1.00000000000205e+05 
1.23635793405125e-01 1.00000000000210e+05 
1.23783119840164e-01 1.00000000000217e+05 
1.23930438998611e-01 1.00000000000223e+05 
1.24077743225689e-01 1.00000000000230e+05 
1.24225044271455e-01 1.00000000000236e+05 
1.24381454324328e-01 1.00000000000244e+05 
1.24539101107949e-01 1.00000000000251e+05 
1.24698364537640e-01 1.00000000000259e+05 
1.24859354655534e-01 1.00000000000267e+05 
1.25022575042347e-01 1.00000000000275e+05 
1.25188085620792e-01 1.00000000000284e+05 
1.25355754066524e-01 1.00000000000293e+05 
1.25525628015007e-01 1.00000000000303e+05 
1.25697873650996e-01 1.00000000000313e+05 
1.25845103139830e-01 1.00000000000322e+05 
1.26007055577547e-01 1.00000000000332e+05 
1.26165908522358e-01 1.00000000000342e+05 
1.26324850796972e-01 1.00000000000352e+05 
1.26483835494405e-01 1.00000000000363e+05 
1.26642965407812e-01 1.00000000000374e+05 
1.26802246203880e-01 1.00000000000385e+05 
1.26961790596734e-01 1.00000000000396e+05 
1.27121602828831e-01 1.00000000000407e+05 
1.27281826033959e-01 1.00000000000419e+05 
1.27442455020698e-01 1.00000000000431e+05 
1.27603765365364e-01 1.00000000000444e+05 
1.27765670437302e-01 1.00000000000457e+05 
1.27928486222300e-01 1.00000000000470e+05 
1.28092072587422e-01 1.00000000000483e+05 
1.28256815928092e-01 1.00000000000496e+05 
1.28422534491687e-01 1.00000000000510e+05 
1.28589738317967e-01 1.00000000000522e+05 
1.28758219390690e-01 1.00000000000534e+05 
1.28928653175712e-01 1.00000000000545e+05 
1.29100897652737e-01 1.00000000000555e+05 
1.29275878333619e-01 1.00000000000565e+05 
1.29453246349973e-01 1.00000000000569e+05 
1.29633347569592e-01 1.00000000000572e+05 
1.29815420790600e-01 1.00000000000575e+05 
1.30000393577513e-01 1.00000000000579e+05 
1.30187593402626e-01 1.00000000000585e+05 
1.30378224485644e-01 1.00000000000592e+05 
1.30571456447932e-01 1.00000000000605e+05 
1.30768728315868e-01 1.00000000000618e+05 
1.30922318318642e-01 1.00010779056177e+05 
1.31075877333862e-01 1.00081277739111e+05 
1.31229540962827e-01 1.00241680665521e+05 
1.31383266195856e-01 1.00526227328949e+05 
1.31537204435140e-01 1.00958716594521e+05 
1.31691324024208e-01 1.01561767405168e+05 
1.31845781232604e-01 1.02318809412008e+05 
1.32000547326421e-01 1.03229678543806e+05 
1.32155758169769e-01 1.04292066024380e+05 
1.32311382763926e-01 1.05487527856813e+05 
1.32467492959399e-01 1.06800440170914e+05 
1.32624100909631e-01 1.08204830353378e+05 
1.32781210136787e-01 1.09682279914538e+05 
1.32938922748017e-01 1.11207551251631e+05 
1.33097204084127e-01 1.12725967913027e+05 
1.33256244968570e-01 1.14198374858303e+05 
1.33416215756476e-01 1.15550299075403e+05 
1.33577204696332e-01 1.16914465483323e+05 
1.33739247676978e-01 1.18104016440772e+05 
1.33902520918070e-01 1.18976700588266e+05 
1.34067095827298e-01 1.19611917687834e+05 
1.34233295973684e-01 1.20037749203801e+05 
1.34400999080056e-01 1.20195867750092e+05 
1.34570933943560e-01 1.20165061478910e+05 
1.34742826738448e-01 1.20148409828390e+05 
1.34917332913960e-01 1.20115600131703e+05 
1.35093492866771e-01 1.20067622822325e+05 
1.35272379979320e-01 1.19953949407980e+05 
1.35453498967330e-01 1.19805018847052e+05 
1.35638897657318e-01 1.19601343288016e+05 
1.35827467901113e-01 1.19358883642605e+05 
1.36020834390708e-01 1.19102802729713e+05 
1.36217468328522e-01 1.18817059515093e+05 
1.36370433605327e-01 1.18584482154110e+05 
1.36538695409811e-01 1.18324667378295e+05 
1.36690422812160e-01 1.18089588280239e+05 
1.36842284145475e-01 1.17858509515379e+05 
1.36994068564787e-01 1.17633383755058e+05 
1.37145869852324e-01 1.17415844172735e+05 
1.37297634329605e-01 1.17207382794667e+05 
1.37449355558612e-01 1.17008944137955e+05 
1.37601135625268e-01 1.16820549646308e+05 
1.37752909520907e-01 1.16642835594008e+05 
1.37904877333699e-01 1.16475737389600e+05 
1.38056911714873e-01 1.16319410702152e+05 
1.38209257944457e-01 1.16172836830970e+05 
1.38361732653899e-01 1.16036619612045e+05 
1.38514637378818e-01 1.15909064070356e+05 
1.38667760241638e-01 1.15790447803774e+05 
1.38821484639496e-01 1.15680093484820e+05 
1.38976026024551e-01 1.15576346635306e+05 
1.39132226489859e-01 1.15478508932198e+05 
1.39290043892473e-01 1.15385066876711e+05 
1.39450136689455e-01 1.15295428835414e+05 
1.39612305769588e-01 1.15208412174692e+05 
1.39778243009640e-01 1.15123179010026e+05 
1.39947597112870e-01 1.15038324921280e+05 
1.40098369136403e-01 1.14963465563930e+05 
1.40264218362288e-01 1.14882063507471e+05 
1.40415726830597e-01 1.14807652062137e+05 
1.40577822189638e-01 1.14728002066637e+05 
1.40730222158402e-01 1.14652404100893e+05 
1.40889888686380e-01 1.14572312923579e+05 
1.41043487747318e-01 1.14494104644184e+05 
1.41203188832743e-01 1.14411301774888e+05 
1.41358493962207e-01 1.14329106050545e+05 
1.41522034497996e-01 1.14240793062242e+05 
1.41679477183975e-01 1.14154028938535e+05 
1.41846012004497e-01 1.14060383850603e+05 
1.42006458808361e-01 1.13968304116206e+05 
1.42175280451003e-01 1.13869507987427e+05 
1.42325179500025e-01 1.13780182754127e+05 
1.42474911803358e-01 1.13689524470700e+05 
1.42624646071072e-01 1.13597500168092e+05 
1.42774300892886e-01 1.13504239457038e+05 
1.42924065999858e-01 1.13409691863328e+05 
1.43074137659590e-01 1.13313805713581e+05 
1.43225257557154e-01 1.13216166700085e+05 
1.43377521065248e-01 1.13116764888295e+05 
1.43531436423314e-01 1.13015319197256e+05 
1.43686882305392e-01 1.12911954621699e+05 
1.43845272438936e-01 1.12805762670979e+05 
1.44006214652481e-01 1.12697022791154e+05 
1.44169094937194e-01 1.12586188456003e+05 
1.44331650427306e-01 1.12474837609922e+05 
1.44482030251246e-01 1.12371222869068e+05 
1.44638447647413e-01 1.12262885374576e+05 
1.44790290594427e-01 1.12157202166721e+05 
1.44947359218918e-01 1.12047389640221e+05 
1.45100890981370e-01 1.11939600394082e+05 
1.45259061947564e-01 1.11828163082914e+05 
1.45414778737300e-01 1.11718148679508e+05 
1.45571404986749e-01 1.11607240879857e+05 
1.45727050190087e-01 1.11496828638032e+05 
1.45882179969846e-01 1.11386664890789e+05 
1.46036391313951e-01 1.11277166689831e+05 
1.46190100122371e-01 1.11168273745713e+05 
1.46342962296035e-01 1.11060301731048e+05 
1.46495346060673e-01 1.10953029479200e+05 
1.46646964449431e-01 1.10846861632319e+05 
1.46798142836699e-01 1.10741864869708e+05 
1.46947669622946e-01 1.10639230234897e+05 
1.47097415026756e-01 1.10537919155361e+05 
1.47246975751824e-01 1.10437929482251e+05 
1.47396226404361e-01 1.10339644574642e+05 
1.47545037347469e-01 1.10244080705165e+05 
1.47693644171817e-01 1.10151767862911e+05 
1.47848235467642e-01 1.10059603932452e+05 
1.48004840249184e-01 1.09970646889978e+05 
1.48164258794011e-01 1.09884814480329e+05 
1.48326119191161e-01 1.09795130286301e+05 
1.48491274653539e-01 1.09712992516320e+05 
1.48659459972260e-01 1.09638054533911e+05 
1.48810123418342e-01 1.09577288492028e+05 
1.48967307542125e-01 1.09519358017117e+05 
1.49120134567966e-01 1.09468083180936e+05 
1.49277496075714e-01 1.09422736156539e+05 
1.49432641375294e-01 1.09387210374624e+05 
1.49592695445276e-01 1.09350155185908e+05 
1.49750407502100e-01 1.09313414250786e+05 
1.49916906808868e-01 1.09274323372750e+05 
1.50077385739339e-01 1.09238744332952e+05 
1.50248639215567e-01 1.09208773807675e+05 
1.50413042842795e-01 1.09187659584780e+05 
1.50583495725340e-01 1.09177406936023e+05 
1.50731998138012e-01 1.09179585027593e+05 
1.50880690555789e-01 1.09192490593124e+05 
1.51029572117462e-01 1.09217746487553e+05 
1.51178774255448e-01 1.09255443292831e+05 
1.51328257074379e-01 1.09302353669855e+05 
1.51478117145983e-01 1.09358749064212e+05 
1.51628315174167e-01 1.09424981081248e+05 
1.51778930193373e-01 1.09502977558598e+05 
1.51929945877095e-01 1.09591349590443e+05 
1.52081613147888e-01 1.09696686147877e+05 
1.52235028460908e-01 1.09831216577361e+05 
1.52390056222544e-01 1.09992619573199e+05 
1.52547286554794e-01 1.10190922160097e+05 
1.52706472419949e-01 1.10432725775410e+05 
1.52868189057659e-01 1.10723839794968e+05 
1.53032230156475e-01 1.11092636140844e+05 
1.53182934407516e-01 1.11505202439386e+05 
1.53340065255224e-01 1.12016523986395e+05 
1.53493767272778e-01 1.12609016084511e+05 
1.53654283310124e-01 1.13332136116811e+05 
1.53810499827650e-01 1.14147999604212e+05 
1.53974520485612e-01 1.15122309370467e+05 
1.54133375478216e-01 1.16187545243030e+05 
1.54301445366206e-01 1.17440748775284e+05 
1.54463416212746e-01 1.18756022314449e+05 
1.54632201114682e-01 1.20224663167091e+05 
1.54780769191044e-01 1.21568494997270e+05 
1.54929292615255e-01 1.22945009304651e+05 
1.55077832046328e-01 1.24339217846965e+05 
1.55226576372410e-01 1.25713677904006e+05 
1.55375493545901e-01 1.27040847647141e+05 
1.55524756583129e-01 1.28262524940872e+05 
1.55674270043849e-01 1.29383870503340e+05 
1.55824158664236e-01 1.30576640458890e+05 
1.55974316248186e-01 1.31472419323995e+05 
1.56124814387115e-01 1.32133638836903e+05 
1.56275571148571e-01 1.32518554357508e+05 
1.56426651921311e-01 1.32774543181046e+05 
1.56578005917356e-01 1.32900692423638e+05 
1.56729698220652e-01 1.32815518634933e+05 
1.56881706947610e-01 1.32722918897972e+05 
1.57034088962081e-01 1.32615845065025e+05 
1.57186850904976e-01 1.32451788919651e+05 
1.57340035611559e-01 1.32250242049134e+05 
1.57493681826704e-01 1.31992798825158e+05 
1.57647817686923e-01 1.31669698527805e+05 
1.57802518057743e-01 1.31295138345751e+05 
1.57957987723488e-01 1.30870701597170e+05 
1.58114855224707e-01 1.30411032463970e+05 
1.58273108523572e-01 1.29916175994797e+05 
1.58433086451947e-01 1.29387739060711e+05 
1.58594701544883e-01 1.28833768708562e+05 
1.58757651765355e-01 1.28259179865581e+05 
1.58922615214651e-01 1.27669128810414e+05 
1.59074618791005e-01 1.27121469696938e+05 
1.59234333293487e-01 1.26546091337729e+05 
1.59390066509698e-01 1.25987855235560e+05 
1.59553360696145e-01 1.25409253686964e+05 
1.59711718209396e-01 1.24856201964274e+05 
1.59876685270128e-01 1.24290525592939e+05 
1.60038050259029e-01 1.23748211238520e+05 
1.60202717630439e-01 1.23207208088860e+05 
1.60364919357449e-01 1.22686800883475e+05 
1.60529188381998e-01 1.22173044375567e+05 
1.60691013753683e-01 1.21679920654152e+05 
1.60855093902851e-01 1.21193264607189e+05 
1.61004205663815e-01 1.20762243434519e+05 
1.61153562792846e-01 1.20341101269903e+05 
1.61303067868462e-01 1.19929643075388e+05 
1.61452803632999e-01 1.19527413361732e+05 
1.61602661247347e-01 1.19134216429326e+05 
1.61752723450078e-01 1.18749574838600e+05 
1.61902886954602e-01 1.18373288165042e+05 
1.62053242068861e-01 1.18004875774775e+05 
1.62203705108710e-01 1.17644101557309e+05 
1.62354345384318e-01 1.17290568578364e+05 
1.62505103333457e-01 1.16944006298002e+05 
1.62656050154368e-01 1.16604058883671e+05 
1.62807144974038e-01 1.16270457299066e+05 
1.62958460274716e-01 1.15942904235452e+05 
1.63109968152294e-01 1.15621160943828e+05 
1.63261734695583e-01 1.15305008017877e+05 
1.63413743569597e-01 1.14994237725943e+05 
1.63566050722314e-01 1.14688708073377e+05 
1.63718652549263e-01 1.14388233157913e+05 
1.63871594529605e-01 1.14092736307157e+05 
1.64024890723668e-01 1.13802038111157e+05 
1.64178578107498e-01 1.13516112206158e+05 
1.64332690017324e-01 1.13234780456328e+05 
1.64487253948687e-01 1.12958059751685e+05 
1.64642326672542e-01 1.12685764284273e+05 
1.64797926610460e-01 1.12417945980262e+05 
1.64954335990942e-01 1.12154071838331e+05 
1.65111731620580e-01 1.11893968380220e+05 
1.65270449364910e-01 1.11637092435593e+05 
1.65430481617177e-01 1.11383619539552e+05 
1.65592050854580e-01 1.11133239333399e+05 
1.65755128463097e-01 1.10886170873017e+05 
1.65908030058484e-01 1.10659580728302e+05 
1.66067481089314e-01 1.10428499699504e+05 
1.66222641229487e-01 1.10208653148087e+05 
1.66381678280481e-01 1.09988439137823e+05 
1.66538964035790e-01 1.09775650279002e+05 
1.66700693998195e-01 1.09562017821591e+05 
1.66860494934758e-01 1.09355970288450e+05 
1.67028443782631e-01 1.09144787102443e+05 
1.67190503181874e-01 1.08946111085688e+05 
1.67359109349490e-01 1.08744697435537e+05 
1.67523890164003e-01 1.08552942924600e+05 
1.67692315924680e-01 1.08362115986805e+05 
1.67858598882474e-01 1.08178717297211e+05 
1.68027078152965e-01 1.07997931830953e+05 
1.68193635200364e-01 1.07824066848505e+05 
1.68362507291014e-01 1.07652685708465e+05 
1.68512479851632e-01 1.07504522870645e+05 
1.68662688941860e-01 1.07359906510408e+05 
1.68813061145051e-01 1.07218829669881e+05 
1.68963649489949e-01 1.07081231705119e+05 
1.69114373790859e-01 1.06947108663151e+05 
1.69265283822623e-01 1.06816397662024e+05 
1.69416303800327e-01 1.06689074104873e+05 
1.69567485925175e-01 1.06565061578419e+05 
1.69718770480734e-01 1.06444313980666e+05 
1.69870186627535e-01 1.06326770933671e+05 
1.70021696670460e-01 1.06212363136813e+05 
1.70173331141539e-01 1.06101037478694e+05 
1.70325068416912e-01 1.05992678679455e+05 
1.70476943059088e-01 1.05887186931586e+05 
1.70628943074240e-01 1.05784447406494e+05 
1.70781101040468e-01 1.05684373301672e+05 
1.70933411424939e-01 1.05586846178057e+05 
1.71085902182481e-01 1.05491773637107e+05 
1.71238573905381e-01 1.05398989513404e+05 
1.71391449089144e-01 1.05308345949424e+05 
1.71544534931642e-01 1.05219706107109e+05 
1.71697849770519e-01 1.05133011466116e+05 
1.71851408842979e-01 1.05048137350277e+05 
1.72005225194645e-01 1.04964971557694e+05 
1.72159323124499e-01 1.04883361236567e+05 
1.72313709873499e-01 1.04803166764262e+05 
1.72468420170660e-01 1.04724197347107e+05 
1.72623455666692e-01 1.04646063984176e+05 
1.72778863720468e-01 1.04569120018357e+05 
1.72934640845567e-01 1.04492274779882e+05 
1.73090850080081e-01 1.04416820549932e+05 
1.73247483085664e-01 1.04341796469705e+05 
1.73404622484178e-01 1.04267010836705e+05 
1.73562255422802e-01 1.04192382722611e+05 
1.73720489328180e-01 1.04117701506484e+05 
1.73879306872817e-01 1.04042903681442e+05 
1.74038846972187e-01 1.03967797638574e+05 
1.74199088824291e-01 1.03892317108190e+05 
1.74360211824898e-01 1.03816264440381e+05 
1.74522193764305e-01 1.03739569136010e+05 
1.74685266613073e-01 1.03662008716643e+05 
1.74849413009861e-01 1.03583506184667e+05 
1.75014933116042e-01 1.03503825460967e+05 
1.75171761941985e-01 1.03427793072065e+05 
1.75327051466749e-01 1.03351911613590e+05 
1.75484385844154e-01 1.03274394484466e+05 
1.75640015298710e-01 1.03197016504071e+05 
1.75797802165604e-01 1.03117841190158e+05 
1.75954141678255e-01 1.03038614912595e+05 
1.76112902959396e-01 1.02957375438235e+05 
1.76270138134291e-01 1.02876094946884e+05 
1.76429925542860e-01 1.02792680951433e+05 
1.76588012851740e-01 1.02709323879672e+05 
1.76748843462619e-01 1.02623713740783e+05 
1.76907819772887e-01 1.02538287706347e+05 
1.77071951046815e-01 1.02449312110211e+05 
1.77231650325620e-01 1.02361994574791e+05 
1.77397027833386e-01 1.02270872211059e+05 
1.77557638083690e-01 1.02181728868319e+05 
1.77724503508133e-01 1.02088524396741e+05 
1.77886199540168e-01 1.01997683300915e+05 
1.78054911061459e-01 1.01902448085676e+05 
1.78217976413852e-01 1.01810024780570e+05 
1.78388972607828e-01 1.01712821094134e+05 
1.78553727238067e-01 1.01618962688661e+05 
1.78727590228856e-01 1.01519819190849e+05 
1.78894457327445e-01 1.01424653084123e+05 
1.79071927186207e-01 1.01323563614009e+05 
1.79241467538567e-01 1.01227216158007e+05 
1.79416538256825e-01 1.01128096782450e+05 
1.79590457880847e-01 1.01030102834601e+05 
1.79768499109090e-01 1.00930422550462e+05 
1.79945017949625e-01 1.00832393036678e+05 
1.80125712591693e-01 1.00733087065880e+05 
1.80304473176275e-01 1.00635944259210e+05 
1.80487395890616e-01 1.00537842015142e+05 
1.80639945499131e-01 1.00457209745178e+05 
1.80792582766535e-01 1.00377757660152e+05 
1.80945296857839e-01 1.00299664984112e+05 
1.81098059769997e-01 1.00222827969609e+05 
1.81250870766897e-01 1.00147541222036e+05 
1.81403712318646e-01 1.00073981511953e+05 
1.81556590891393e-01 1.00002505169418e+05 
1.81709491204795e-01 9.99331618878083e+04 
1.81862425537858e-01 9.98661427265339e+04 
1.82015380091850e-01 9.97997002148799e+04 
1.82168371848225e-01 9.97367424017769e+04 
1.82321387886901e-01 9.96771402338547e+04 
1.82474448731023e-01 9.96205766700064e+04 
1.82627541723773e-01 9.95669554880061e+04 
1.82780689925952e-01 9.95159943499717e+04 
1.82933880429448e-01 9.94677612527737e+04 
1.83087138136694e-01 9.94243150820393e+04 
1.83240449558724e-01 9.93818429470558e+04 
1.83393840968841e-01 9.93409213110365e+04 
1.83547298176189e-01 9.93015177547811e+04 
1.83700848524976e-01 9.92629164769873e+04 
1.83854477231581e-01 9.92275058488461e+04 
1.84008212577162e-01 9.91963525164409e+04 
1.84162039463150e-01 9.91699784868742e+04 
1.84315987172406e-01 9.91486302525667e+04 
1.84470040667807e-01 9.91332797249070e+04 
1.84624230520006e-01 9.91244308809425e+04 
1.84778543729706e-01 9.91229514181584e+04 
1.84933012665788e-01 9.91289032441686e+04 
1.85087625095467e-01 9.91429473737601e+04 
1.85242416479378e-01 9.91628149750688e+04 
1.85397374541642e-01 9.91907593163312e+04 
1.85552538935050e-01 9.92249405924907e+04 
1.85707897374002e-01 9.92677158390382e+04 
1.85863495075443e-01 9.93173153363773e+04 
1.86019319755023e-01 9.93757619616731e+04 
1.86175423773214e-01 9.94415834240512e+04 
1.86331794162527e-01 9.95162078574149e+04 
1.86488492551608e-01 9.95992508426092e+04 
1.86645632321370e-01 9.96908927885853e+04 
1.86803293929487e-01 9.97913178633878e+04 
1.86961514417177e-01 9.99011108642300e+04 
1.87120299079880e-01 1.00019838030937e+05 
1.87279656824045e-01 1.00148422697197e+05 
1.87439619797306e-01 1.00285975727643e+05 
1.87600203261639e-01 1.00433573635571e+05 
1.87761480554864e-01 1.00590160451156e+05 
1.87923478135052e-01 1.00756630915674e+05 
1.88086315815131e-01 1.00931882312074e+05 
1.88250127281940e-01 1.01116473534746e+05 
1.88414954361238e-01 1.01309965932891e+05 
1.88579455181650e-01 1.01510070523547e+05 
1.88737497058640e-01 1.01708066469751e+05 
1.88897798767954e-01 1.01914014772137e+05 
1.89056514980260e-01 1.02121709860371e+05 
1.89217360121736e-01 1.02335636671563e+05 
1.89376707816957e-01 1.02549400739119e+05 
1.89538466439360e-01 1.02767919089365e+05 
1.89698826098557e-01 1.02984294705393e+05 
1.89861786908313e-01 1.03203595246310e+05 
1.90023160589473e-01 1.03418232717483e+05 
1.90187242414321e-01 1.03633727888780e+05 
1.90349534421581e-01 1.03842167034339e+05 
1.90516833902330e-01 1.04052164759498e+05 
1.90679800116014e-01 1.04250346775271e+05 
1.90848225378767e-01 1.04447299034720e+05 
1.91011997093553e-01 1.04630867838030e+05 
1.91181762575798e-01 1.04811148098592e+05 
1.91346507061758e-01 1.04976776636265e+05 
1.91517946002065e-01 1.05138223171139e+05 
1.91683927335293e-01 1.05282377685816e+05 
1.91857511714825e-01 1.05419593011825e+05 
1.92025090666954e-01 1.05541018852831e+05 
1.92201434617177e-01 1.05654005642754e+05 
1.92371069513958e-01 1.05748214740722e+05 
1.92550941733352e-01 1.05832804825380e+05 
1.92723203667931e-01 1.05897824103185e+05 
1.92900764570281e-01 1.05957986644360e+05 
1.93077076389174e-01 1.06000858366768e+05 
1.93258572732698e-01 1.06023679705256e+05 
1.93438737196224e-01 1.06028551995497e+05 
1.93623358676345e-01 1.06019151995140e+05 
1.93776330013139e-01 1.06001375222084e+05 
1.93929501265564e-01 1.05974848444870e+05 
1.94082851459110e-01 1.05935053415425e+05 
1.94236348178125e-01 1.05896120151071e+05 
1.94389973486400e-01 1.05857308851170e+05 
1.94543700536550e-01 1.05818238875030e+05 
1.94697520175624e-01 1.05779308079006e+05 
1.94851408884705e-01 1.05739978648124e+05 
1.95005366941641e-01 1.05699029439246e+05 
1.95159373965444e-01 1.05656777468705e+05 
1.95313438453360e-01 1.05612571684733e+05 
1.95467542177124e-01 1.05566180054113e+05 
1.95621700065993e-01 1.05517361641752e+05 
1.95775894899181e-01 1.05465851367918e+05 
1.95930146389543e-01 1.05411345352315e+05 
1.96084437348983e-01 1.05354510453980e+05 
1.96238791068660e-01 1.05295424196793e+05 
1.96393189739654e-01 1.05234000544312e+05 
1.96547659466015e-01 1.05170240346947e+05 
1.96702181452411e-01 1.05104163411052e+05 
1.96856784187149e-01 1.05035775979594e+05 
1.97011447363348e-01 1.04965128626326e+05 
1.97166201865494e-01 1.04892256369408e+05 
1.97321024759154e-01 1.04817226536419e+05 
1.97475949651576e-01 1.04740017724708e+05 
1.97630951293547e-01 1.04660670678310e+05 
1.97786067073515e-01 1.04579143782689e+05 
1.97941270704885e-01 1.04495479386732e+05 
1.98096603002004e-01 1.04409633998468e+05 
1.98252034561955e-01 1.04321656790153e+05 
1.98407609738242e-01 1.04231510437226e+05 
1.98563296031794e-01 1.04139262187911e+05 
1.98719141760596e-01 1.04044893353259e+05 
1.98875110380336e-01 1.03948485052855e+05 
1.99031255006128e-01 1.03850030865117e+05 
1.99187535707886e-01 1.03749623006092e+05 
1.99344011658257e-01 1.03647263623085e+05 
1.99500638151984e-01 1.03543059534280e+05 
1.99657484492603e-01 1.03437019636093e+05 
1.99814495573189e-01 1.03329263431512e+05 
1.99971749578584e-01 1.03219807058758e+05 
2.00129190645985e-01 1.03108779276489e+05 
