# Liste des scalaires : TEMPS pmat 
0.00000000000000e+00 1.00000000000000e+05 
7.22956891292051e-05 1.00000000000000e+05 
1.39473830159783e-04 1.00000000000000e+05 
2.09658797050080e-04 1.00000000000000e+05 
2.76117114236715e-04 1.00000000000000e+05 
3.20638761908106e-04 1.00000000000000e+05 
3.55139419127655e-04 1.00000000000000e+05 
3.84466703006935e-04 1.00000000000000e+05 
4.10882456555338e-04 1.00000000000000e+05 
4.35440253196317e-04 1.00000000000000e+05 
4.62453829501394e-04 1.00000000000000e+05 
4.92168763436978e-04 1.00000000000000e+05 
5.24855190766121e-04 1.00000000000000e+05 
5.60810260828178e-04 1.00000000000000e+05 
6.00360837896440e-04 1.00000000000000e+05 
6.43866472671530e-04 1.00000000000000e+05 
6.91722670924127e-04 1.00000000000000e+05 
7.44364489001985e-04 1.00000000000000e+05 
8.02270488887629e-04 1.00000000000000e+05 
8.65967088761836e-04 1.00000000000000e+05 
9.36033348623465e-04 1.00000000000000e+05 
1.01310623447126e-03 1.00000000000000e+05 
1.09788640890383e-03 1.00000000000000e+05 
1.19114460077965e-03 1.00000000000000e+05 
1.28874595967995e-03 1.00000000000000e+05 
1.39427742078088e-03 1.00000000000000e+05 
1.50221628787623e-03 1.00000000000000e+05 
1.61553425737480e-03 1.00000000000000e+05 
1.73457348070829e-03 1.00000000000000e+05 
1.85733677968619e-03 1.00000000000000e+05 
1.98616223838877e-03 1.00000000000000e+05 
2.11872938704632e-03 1.00000000000000e+05 
2.25541689819666e-03 1.00000000000000e+05 
2.39772133018676e-03 1.00000000000000e+05 
2.54485627309092e-03 1.00000000000000e+05 
2.69657390129197e-03 1.00000000000000e+05 
2.85238267869166e-03 1.00000000000000e+05 
3.01245336052025e-03 1.00000000000000e+05 
3.17812497446082e-03 1.00000000000000e+05 
3.34903914085907e-03 1.00000000000000e+05 
3.52550659026266e-03 1.00000000000000e+05 
3.70726992321328e-03 1.00000000000000e+05 
3.89587589613532e-03 1.00000000000000e+05 
4.08975108537119e-03 1.00000000000000e+05 
4.28959471140153e-03 1.00000000000000e+05 
4.49516060408351e-03 1.00000000000000e+05 
4.70839016598686e-03 1.00000000000000e+05 
4.92856382960928e-03 1.00000000000000e+05 
5.15483652820925e-03 1.00000000000000e+05 
5.38810057278202e-03 1.00000000000000e+05 
5.62716390197488e-03 1.00000000000000e+05 
5.87019004119891e-03 1.00000000000000e+05 
6.12046401395544e-03 1.00000000000000e+05 
6.37284608399825e-03 1.00000000000000e+05 
6.63253048547799e-03 1.00000000000000e+05 
6.89399760354023e-03 1.00000000000000e+05 
7.16404155206159e-03 1.00000000000000e+05 
7.43684343805054e-03 1.00000000000000e+05 
7.71393773438271e-03 1.00000000000000e+05 
7.99372586323508e-03 1.00000000000000e+05 
8.27667248655518e-03 1.00000000000000e+05 
8.55477934901243e-03 1.00000000000000e+05 
8.82684294315047e-03 1.00000000000000e+05 
9.09426329167064e-03 1.00000000000000e+05 
9.35789653028205e-03 1.00000000000000e+05 
9.61819746686412e-03 1.00000000000000e+05 
9.87450455185659e-03 1.00000000000000e+05 
1.01275175783364e-02 1.00000000000000e+05 
1.03780088606195e-02 1.00000000000000e+05 
1.06247312330039e-02 1.00000000000000e+05 
1.08537438931624e-02 1.00000000000000e+05 
1.10589331207674e-02 1.00000000000000e+05 
1.12517213250071e-02 1.00000000000000e+05 
1.14366139350340e-02 1.00000000000000e+05 
1.16150338482845e-02 1.00000000000000e+05 
1.17883888667632e-02 1.00000000000000e+05 
1.19575588182480e-02 1.00000000000000e+05 
1.21229346303791e-02 1.00000000000000e+05 
1.22855997420435e-02 1.00000000000000e+05 
1.24457501750382e-02 1.00000000000000e+05 
1.26044113219407e-02 1.00000000000000e+05 
1.27618504786060e-02 1.00000000000000e+05 
1.29190342830852e-02 1.00000000000000e+05 
1.30761456797140e-02 1.00000000000000e+05 
1.32332999668792e-02 1.00000000000000e+05 
1.33910403754326e-02 1.00000000000000e+05 
1.35494797880177e-02 1.00000000000000e+05 
1.37094057714285e-02 1.00000000000000e+05 
1.38706263770436e-02 1.00000000000000e+05 
1.40335833450303e-02 1.00000000000000e+05 
1.41983692951902e-02 1.00000000000000e+05 
1.43647237994613e-02 1.00000000000000e+05 
1.45329722123934e-02 1.00000000000000e+05 
1.47027937003243e-02 1.00000000000000e+05 
1.48744632216926e-02 1.00000000000000e+05 
1.50475690282030e-02 1.00000000000000e+05 
1.52222031112588e-02 1.00000000000000e+05 
1.53979438683919e-02 1.00000000000000e+05 
1.55749944640061e-02 1.00000000000000e+05 
1.57529190359863e-02 1.00000000000000e+05 
1.59319733247414e-02 1.00000000000000e+05 
1.61117439125285e-02 1.00000000000000e+05 
1.62925610352302e-02 1.00000000000000e+05 
1.64740379618568e-02 1.00000000000000e+05 
1.66565649274956e-02 1.00000000000000e+05 
1.68397648026862e-02 1.00000000000000e+05 
1.70240724949343e-02 1.00000000000000e+05 
1.72091228654513e-02 1.00000000000000e+05 
1.73953988811175e-02 1.00000000000000e+05 
1.75825683261381e-02 1.00000000000000e+05 
1.77711446604185e-02 1.00000000000000e+05 
1.79608253009650e-02 1.00000000000000e+05 
1.81521545933160e-02 1.00000000000000e+05 
1.83436284234792e-02 1.00000000000000e+05 
1.85355328532343e-02 1.00000000000000e+05 
1.87274389408072e-02 1.00000000000000e+05 
1.89200955575655e-02 1.00000000000000e+05 
1.91130959791879e-02 1.00000000000000e+05 
1.93071810083320e-02 1.00000000000000e+05 
1.95019592064291e-02 1.00000000000000e+05 
1.96981393034555e-02 1.00000000000000e+05 
1.98953353680438e-02 1.00000000000000e+05 
2.00939875248647e-02 1.00000000000000e+05 
2.02937580195122e-02 1.00000000000000e+05 
2.04951656345364e-02 1.00000000000000e+05 
2.06979410898255e-02 1.00000000000000e+05 
2.09025666964836e-02 1.00000000000000e+05 
2.11087704093128e-02 1.00000000000000e+05 
2.13169936471128e-02 1.00000000000000e+05 
2.15269606303090e-02 1.00000000000000e+05 
2.17379658823826e-02 1.00000000000000e+05 
2.19495556348189e-02 1.00000000000000e+05 
2.21622284911030e-02 1.00000000000000e+05 
2.23756565786514e-02 1.00000000000000e+05 
2.25901400995303e-02 1.00000000000000e+05 
2.28053330732877e-02 1.00000000000000e+05 
2.30216765352335e-02 1.00000000000000e+05 
2.32388811440971e-02 1.00000000000000e+05 
2.34573926496441e-02 1.00000000000000e+05 
2.36769023209140e-02 1.00000000000000e+05 
2.38978536287390e-02 1.00000000000000e+05 
2.41199269680532e-02 1.00000000000000e+05 
2.43435620816456e-02 1.00000000000000e+05 
2.45684378961252e-02 1.00000000000000e+05 
2.47949790689094e-02 1.00000000000000e+05 
2.50228755384930e-02 1.00000000000000e+05 
2.52525495223284e-02 1.00000000000000e+05 
2.54837001814728e-02 1.00000000000000e+05 
2.57167371982916e-02 1.00000000000000e+05 
2.59513533565673e-02 1.00000000000000e+05 
2.61877059907230e-02 1.00000000000000e+05 
2.64247024471764e-02 1.00000000000000e+05 
2.66627728942339e-02 1.00000000000000e+05 
2.69016342048552e-02 1.00000000000000e+05 
2.71417456139455e-02 1.00000000000000e+05 
2.73828021359590e-02 1.00000000000000e+05 
2.76252637695098e-02 1.00000000000000e+05 
2.78688113518207e-02 1.00000000000000e+05 
2.81138977947156e-02 1.00000000000000e+05 
2.83601913959710e-02 1.00000000000000e+05 
2.86081152145184e-02 1.00000000000000e+05 
2.88573366113306e-02 1.00000000000000e+05 
2.91082628859848e-02 1.00000000000000e+05 
2.93605583495206e-02 1.00000000000000e+05 
2.96146012720004e-02 1.00000000000000e+05 
2.98700335803718e-02 1.00000000000000e+05 
3.01272079251410e-02 1.00000000000000e+05 
3.03857565484616e-02 1.00000000000000e+05 
3.06460127574854e-02 1.00000000000000e+05 
3.09076197016623e-02 1.00000000000000e+05 
3.11708955401637e-02 1.00000000000000e+05 
3.14354323001726e-02 1.00000000000000e+05 
3.17012852477922e-02 1.00000000000000e+05 
3.19681028000305e-02 1.00000000000000e+05 
3.22361459574091e-02 1.00000000000000e+05 
3.25050735910173e-02 1.00000000000000e+05 
3.27751424365503e-02 1.00000000000000e+05 
3.30460227503727e-02 1.00000000000000e+05 
3.33179707048049e-02 1.00000000000000e+05 
3.35906696380689e-02 1.00000000000000e+05 
3.38643683477346e-02 1.00000000000000e+05 
3.41385615020358e-02 1.00000000000000e+05 
3.44133690605380e-02 1.00000000000000e+05 
3.46885353464769e-02 1.00000000000000e+05 
3.49643107929372e-02 1.00000000000000e+05 
3.52404313538848e-02 1.00000000000000e+05 
3.55171568091169e-02 1.00000000000000e+05 
3.57942226101922e-02 1.00000000000000e+05 
3.60718965568012e-02 1.00000000000000e+05 
3.63499182791733e-02 1.00000000000000e+05 
3.66285083869485e-02 1.00000000000000e+05 
3.69071712465120e-02 1.00000000000000e+05 
3.71861983194981e-02 1.00000000000000e+05 
3.74652925779228e-02 1.00000000000000e+05 
3.77447330632649e-02 1.00000000000000e+05 
3.80242308002545e-02 1.00000000000000e+05 
3.83040539809230e-02 1.00000000000000e+05 
3.85839233504828e-02 1.00000000000000e+05 
3.88640991043440e-02 1.00000000000000e+05 
3.91443096414453e-02 1.00000000000000e+05 
3.94248097319786e-02 1.00000000000000e+05 
3.97053324809538e-02 1.00000000000000e+05 
3.99861372075399e-02 1.00000000000000e+05 
4.02669619196633e-02 1.00000000000000e+05 
4.05480664336191e-02 1.00000000000000e+05 
4.08291916742345e-02 1.00000000000000e+05 
4.11105864688048e-02 1.00000000000000e+05 
4.13920039253930e-02 1.00000000000000e+05 
4.16736928691646e-02 1.00000000000000e+05 
4.19554192515897e-02 1.00000000000000e+05 
4.22374343151486e-02 1.00000000000000e+05 
4.25195087817998e-02 1.00000000000000e+05 
4.28018999097548e-02 1.00011212382847e+05 
4.30843708004187e-02 1.01081245254899e+05 
4.33671809681880e-02 1.03872718494564e+05 
4.36500912688648e-02 1.09081750750529e+05 
4.39333749337169e-02 1.16473422548612e+05 
4.42167665187820e-02 1.25491252277746e+05 
4.45005408816759e-02 1.34587686693046e+05 
4.47844196342486e-02 1.43555916222832e+05 
4.50686967347023e-02 1.50494102808711e+05 
4.53531135776442e-02 1.54682705664274e+05 
4.56379664127614e-02 1.56397477730786e+05 
4.59229999729594e-02 1.55960622246768e+05 
4.62084912051561e-02 1.55366519662086e+05 
4.64941887736441e-02 1.54504650661220e+05 
4.67803512335996e-02 1.53329330845480e+05 
4.70666302248228e-02 1.51852158136038e+05 
4.73499799372413e-02 1.50231476104589e+05 
4.76228457213357e-02 1.48618740287098e+05 
4.78926570041763e-02 1.47017447423230e+05 
4.81562027929736e-02 1.45495269841085e+05 
4.84161280594262e-02 1.44069108570062e+05 
4.86723609491940e-02 1.42742805887973e+05 
4.89327372648702e-02 1.41484273834512e+05 
4.91894452431884e-02 1.40323554352971e+05 
4.94428526115316e-02 1.39249229686994e+05 
4.96926074611475e-02 1.38252369749040e+05 
4.99398459279502e-02 1.37316454707823e+05 
5.01860279845716e-02 1.36427346319411e+05 
5.04306496423078e-02 1.35578365843895e+05 
5.06746175116884e-02 1.34759566464836e+05 
5.09190050239744e-02 1.33963079248579e+05 
5.11639983689402e-02 1.33184598292418e+05 
5.14099776623174e-02 1.32421872566811e+05 
5.16567510054599e-02 1.31673721174000e+05 
5.19043806635760e-02 1.30940541674514e+05 
5.21526167407415e-02 1.30222156958917e+05 
5.24013580579395e-02 1.29519846267413e+05 
5.26505485897275e-02 1.28832851548788e+05 
5.29002464943224e-02 1.28161663452265e+05 
5.31503544892589e-02 1.27505129278675e+05 
5.34006575389880e-02 1.26863791895233e+05 
5.36513265613052e-02 1.26235192398531e+05 
5.39024490140857e-02 1.25618564855938e+05 
5.41541452543275e-02 1.25011330039593e+05 
5.44064488506178e-02 1.24412745403369e+05 
5.46594517990292e-02 1.23820428576152e+05 
5.49130623158645e-02 1.23234236571478e+05 
5.51674341280178e-02 1.22652107691188e+05 
5.54220537933856e-02 1.22075417110861e+05 
5.56771475124154e-02 1.21502562446466e+05 
5.59326090071155e-02 1.20934608379316e+05 
5.61886493908018e-02 1.20370609404764e+05 
5.64451702175074e-02 1.19812120284837e+05 
5.67023516584007e-02 1.19258694494231e+05 
5.69600981585917e-02 1.18712146864970e+05 
5.72185885036189e-02 1.18172209228011e+05 
5.74777247717692e-02 1.17640705625145e+05 
5.77376529282715e-02 1.17117374023066e+05 
5.79982127057443e-02 1.16603950221057e+05 
5.82593323099388e-02 1.16100357311265e+05 
5.85209652962164e-02 1.15607748859538e+05 
5.87831988062155e-02 1.15125448111840e+05 
5.90459971493377e-02 1.14654266318026e+05 
5.93094330415133e-02 1.14193341642471e+05 
5.95734767932170e-02 1.13743252979315e+05 
5.98382046750615e-02 1.13303051880903e+05 
6.01032243131087e-02 1.12873812170866e+05 
6.03689815338619e-02 1.12454017251975e+05 
6.06351233387198e-02 1.12044667378385e+05 
6.09020543640348e-02 1.11644465062123e+05 
6.11694756002077e-02 1.11254341209469e+05 
6.14377006724542e-02 1.10873251236583e+05 
6.17064769907000e-02 1.10502001785922e+05 
6.19760072823662e-02 1.10139692384267e+05 
6.22460736423520e-02 1.09786880968337e+05 
6.25168096640054e-02 1.09442563179597e+05 
6.27880524577861e-02 1.09106889740954e+05 
6.30598885990516e-02 1.08778586471962e+05 
6.33322298311464e-02 1.08457297409355e+05 
6.36051063318004e-02 1.08141429076985e+05 
6.38783360746510e-02 1.07830395968797e+05 
6.41521835739083e-02 1.07522142609846e+05 
6.44260076324569e-02 1.07216416556877e+05 
6.47005223449651e-02 1.06910720173677e+05 
6.49748084699427e-02 1.06605955550067e+05 
6.52497642532974e-02 1.06299847665677e+05 
6.55244287483804e-02 1.05994009000866e+05 
6.57997659453987e-02 1.05687029420699e+05 
6.60747652913334e-02 1.05383076412799e+05 
6.63504461659380e-02 1.05077918098355e+05 
6.66257589097950e-02 1.04787283677110e+05 
6.69018174738886e-02 1.04506810581767e+05 
6.71775309473481e-02 1.04237870004143e+05 
6.74541287881490e-02 1.03981423816131e+05 
6.77304394538077e-02 1.03726546675879e+05 
6.80073087188846e-02 1.03484852925652e+05 
6.82843173740676e-02 1.03473453779151e+05 
6.85614690291192e-02 1.03789545437808e+05 
6.88386629095009e-02 1.04542115912706e+05 
6.91162656226575e-02 1.05736667143656e+05 
6.92737723580360e-02 1.06566988509306e+05 
6.94470297669523e-02 1.07595176375051e+05 
6.96050729093723e-02 1.08622055559683e+05 
6.97789203660343e-02 1.09818758554477e+05 
6.99378308145118e-02 1.10967304578603e+05 
7.01126323078371e-02 1.12259392596269e+05 
7.02726948873426e-02 1.13413239975890e+05 
7.04487637247986e-02 1.14603665439733e+05 
7.06102319308737e-02 1.15630374066960e+05 
7.07878469575564e-02 1.16671942826084e+05 
7.09509547690455e-02 1.17640842967034e+05 
7.11282788647548e-02 1.18416236491153e+05 
7.12932436855904e-02 1.18924928375401e+05 
7.14702061101268e-02 1.19261539816565e+05 
7.16372485133489e-02 1.19422279197500e+05 
7.18180790627573e-02 1.19420646546450e+05 
7.19873154580016e-02 1.19169305447318e+05 
7.21693784664750e-02 1.18906016530469e+05 
7.23411306969598e-02 1.18654003493051e+05 
7.25253471846089e-02 1.18378955305605e+05 
7.26999834982507e-02 1.18102988645433e+05 
7.28872122249480e-02 1.17789216153698e+05 
7.30651867976357e-02 1.17468871553002e+05 
7.32563762871406e-02 1.17099024435584e+05 
7.34382683913107e-02 1.16727078059480e+05 
7.36345343090995e-02 1.16309425422510e+05 
7.38210947774867e-02 1.15899863898672e+05 
7.40156006329594e-02 1.15461470938453e+05 
7.42178228702136e-02 1.14994731523684e+05 
7.44166267671961e-02 1.14525958579547e+05 
7.46142485717247e-02 1.14053577088083e+05 
7.48199204273434e-02 1.13556977314692e+05 
7.50212878673553e-02 1.13068053183167e+05 
7.52306253381587e-02 1.12558110545287e+05 
7.54354571073024e-02 1.12058871759262e+05 
7.56483457813604e-02 1.11539619171126e+05 
7.58566728681257e-02 1.11032746274441e+05 
7.60731877437968e-02 1.10508154791491e+05 
7.62851250566773e-02 1.09996410772272e+05 
7.65053783268579e-02 1.09467513690125e+05 
7.67210317070338e-02 1.08955852242715e+05 
7.69451152895644e-02 1.08431099291632e+05 
7.71197279026427e-02 1.08026606808764e+05 
7.72939307142927e-02 1.07630283003234e+05 
7.74683224666652e-02 1.07243805891223e+05 
7.76429006039163e-02 1.06867151762971e+05 
7.78176926598984e-02 1.06503626124526e+05 
7.79927039618672e-02 1.06132839946760e+05 
7.81679517406337e-02 1.05788974615283e+05 
7.83434476092326e-02 1.05466785180438e+05 
7.85192021645974e-02 1.05164636162491e+05 
7.86952303877851e-02 1.04877489175017e+05 
7.88715374418161e-02 1.04605438311055e+05 
7.90481418067189e-02 1.04365078917524e+05 
7.92250428301238e-02 1.04120973948241e+05 
7.94022636581236e-02 1.03876504006248e+05 
7.95797970584297e-02 1.03630139441241e+05 
7.97576720746168e-02 1.03395692745284e+05 
7.99358743637174e-02 1.03172059288103e+05 
8.01144463713383e-02 1.02962722982663e+05 
8.02929773700559e-02 1.02774945407136e+05 
8.04716724672536e-02 1.02608693787129e+05 
8.06504277915147e-02 1.02465690179625e+05 
8.08294368819894e-02 1.02337949611173e+05 
8.10084096071892e-02 1.02224989403139e+05 
8.11875758360447e-02 1.02125494856533e+05 
8.13665103843729e-02 1.02036400029501e+05 
8.15457546078762e-02 1.01955341997203e+05 
8.17248608998373e-02 1.01879830143363e+05 
8.19043111901659e-02 1.01806504365671e+05 
8.20834069414162e-02 1.01732689278709e+05 
8.22626860999191e-02 1.01655183901558e+05 
8.24416546545273e-02 1.01570898230496e+05 
8.26206982318657e-02 1.01478326506598e+05 
8.27995918391691e-02 1.01376066085418e+05 
8.29784727919448e-02 1.01259888571641e+05 
8.31573018994987e-02 1.01127701899565e+05 
8.33362013409648e-02 1.00980198622407e+05 
8.35149346537801e-02 1.00816190625380e+05 
8.36938100730155e-02 1.00645722398524e+05 
8.38724184505841e-02 1.00459437118777e+05 
8.40511660812707e-02 1.00251895097280e+05 
8.42296224824465e-02 1.00028503808144e+05 
8.44082423440207e-02 9.97928226752652e+04 
8.45865276795149e-02 9.95511167774533e+04 
8.47650145112347e-02 9.93033659764488e+04 
8.49434400183796e-02 9.90404072770307e+04 
8.51219113021832e-02 9.87817472723295e+04 
8.53003908775219e-02 9.85323515017935e+04 
8.54789166130336e-02 9.82982211088552e+04 
8.56575178852103e-02 9.80666995161155e+04 
8.58361317072621e-02 9.78417992304107e+04 
8.60148621424705e-02 9.76175840173870e+04 
8.61935749404449e-02 9.73943952465879e+04 
8.63724079065289e-02 9.71808540412255e+04 
8.65512220321972e-02 9.69884512663617e+04 
8.67301561280423e-02 9.68215683478868e+04 
8.69090645321592e-02 9.66876072195437e+04 
8.70880887774470e-02 9.65902500875956e+04 
8.72670750110063e-02 9.65335821183860e+04 
8.74461699259646e-02 9.65202195691540e+04 
8.76252104321192e-02 9.65471042240934e+04 
8.78043507999720e-02 9.66082789270887e+04 
8.79834171365624e-02 9.67037341202018e+04 
8.81625737026348e-02 9.68343530256488e+04 
8.83416334414264e-02 9.69965322540465e+04 
8.85207732837685e-02 9.71897611609567e+04 
8.86997898157933e-02 9.74099281076391e+04 
8.88788757718679e-02 9.76536773272605e+04 
8.90578072970478e-02 9.79176397875533e+04 
8.92367967033824e-02 9.81988463745880e+04 
8.94155945892897e-02 9.84922768022533e+04 
8.95944373820970e-02 9.87937470920101e+04 
8.97730437629239e-02 9.90989440260264e+04 
8.99516798067647e-02 9.94037446685523e+04 
9.01300250897879e-02 9.97016701931902e+04 
9.03083821245794e-02 9.99887052174326e+04 
9.04863857492607e-02 1.00259186915511e+05 
9.06643865399365e-02 1.00513675859440e+05 
9.08419753431931e-02 1.00745868629624e+05 
9.10195587853876e-02 1.00950751615283e+05 
9.11967029945159e-02 1.01120529586569e+05 
9.13738721023495e-02 1.01253977003283e+05 
9.15505471852110e-02 1.01364316157006e+05 
9.17253750625440e-02 1.01454527132795e+05 
9.18997975670179e-02 1.01492801733014e+05 
9.20726992310561e-02 1.01488977298081e+05 
9.22451117473048e-02 1.01447843496231e+05 
9.24164518145684e-02 1.01376836588513e+05 
9.25877354787421e-02 1.01282420014967e+05 
9.27586054799383e-02 1.01135539788343e+05 
9.29299056191513e-02 1.00991069392935e+05 
9.31015382451086e-02 1.00846927147096e+05 
9.32741328635293e-02 1.00704038865884e+05 
9.34475716861441e-02 1.00561256945264e+05 
9.36097937199345e-02 1.00428909017689e+05 
9.37741989606009e-02 1.00295720679664e+05 
9.39380369932366e-02 1.00161649991247e+05 
9.41040088815596e-02 1.00025344828706e+05 
9.42692400297605e-02 9.98898431785627e+04 
9.44365674749908e-02 9.97537559871845e+04 
9.46030138897087e-02 9.96193946422369e+04 
9.47715855990633e-02 9.94849040875096e+04 
9.49391597207853e-02 9.93530010354844e+04 
9.51089423752909e-02 9.92212466407548e+04 
9.52776104332266e-02 9.90922813887795e+04 
9.54485970601633e-02 9.89639196834181e+04 
9.56183410533681e-02 9.88388108018204e+04 
9.57905473464008e-02 9.87137512846875e+04 
9.59613780987339e-02 9.85916106130337e+04 
9.61348655569382e-02 9.84695051137897e+04 
9.63068410816050e-02 9.83500598714894e+04 
9.64817362949459e-02 9.82298058863741e+04 
9.66549748041744e-02 9.81118572425691e+04 
9.68314875062440e-02 9.79930439545202e+04 
9.70061852752947e-02 9.78765921244434e+04 
9.71846401344402e-02 9.77587866475971e+04 
9.73610781821501e-02 9.76431921987280e+04 
9.75419262695216e-02 9.75228545521221e+04 
9.77205170565834e-02 9.74059540178044e+04 
9.79077096583350e-02 9.72848848674696e+04 
9.80884766750674e-02 9.71688611743469e+04 
9.82793956193299e-02 9.70468787063540e+04 
9.84633820779038e-02 9.69293477528638e+04 
9.86530611040769e-02 9.68082337963461e+04 
9.88424366243736e-02 9.66895920869437e+04 
9.90355583332440e-02 9.65671847499225e+04 
9.92293254537828e-02 9.64427459737731e+04 
9.94269725916755e-02 9.63145430542223e+04 
9.96247483992061e-02 9.61850546261729e+04 
9.98264826763458e-02 9.60530617304830e+04 
1.00027735045702e-01 9.59217836747072e+04 
1.00233231372385e-01 9.57886158508821e+04 
1.00437945969243e-01 9.56575592894068e+04 
1.00647249006906e-01 9.55257063114281e+04 
1.00855551824948e-01 9.53971274490984e+04 
1.01066218435951e-01 9.52693879882507e+04 
1.01276277249536e-01 9.51443820412176e+04 
1.01486775579670e-01 9.50218535456307e+04 
1.01696541723659e-01 9.49026099289692e+04 
1.01906739669241e-01 9.47862917013186e+04 
1.02116110908002e-01 9.46736140339331e+04 
1.02325906684169e-01 9.45641061953049e+04 
1.02534785960006e-01 9.44584785217362e+04 
1.02744109926571e-01 9.43563665180181e+04 
1.02952313798001e-01 9.42587258336198e+04 
1.03160983882125e-01 9.41643329058359e+04 
1.03368308357214e-01 9.40747315291225e+04 
1.03576114875646e-01 9.39894123294181e+04 
1.03782399408893e-01 9.39088790506022e+04 
1.03989196056966e-01 9.38331485597899e+04 
1.04194300321586e-01 9.37615854871929e+04 
1.04400016595319e-01 9.36918879949220e+04 
1.04603897368529e-01 9.36276374469495e+04 
1.04808439251088e-01 9.35673149117935e+04 
1.04995694412369e-01 9.35154945410542e+04 
1.05183047508663e-01 9.34667178353451e+04 
1.05370214246174e-01 9.34211307999303e+04 
1.05557481340311e-01 9.33798126765487e+04 
1.05747334581265e-01 9.33395362103703e+04 
1.05935728588688e-01 9.33013588616273e+04 
1.06127587380869e-01 9.32641439737993e+04 
1.06317955621692e-01 9.32294542140626e+04 
1.06512788464531e-01 9.31964505633576e+04 
1.06705974458309e-01 9.31663923025597e+04 
1.06900079370079e-01 9.31389676796590e+04 
1.07094457712251e-01 9.31143264451603e+04 
1.07288163416044e-01 9.30925669432853e+04 
1.07482506145444e-01 9.30732337400988e+04 
1.07676398052453e-01 9.30555788752280e+04 
1.07871010769891e-01 9.30391875603057e+04 
1.08066102199847e-01 9.30236498906426e+04 
1.08261582018898e-01 9.30084863917378e+04 
1.08456243611159e-01 9.29932496870468e+04 
1.08651017329418e-01 9.29773539379086e+04 
1.08844967236797e-01 9.29604630735114e+04 
1.09039057973757e-01 9.29421742419281e+04 
1.09232293446534e-01 9.29224297217917e+04 
1.09426029060794e-01 9.29011005840128e+04 
1.09619042973014e-01 9.28782394748134e+04 
1.09812405240810e-01 9.28537799102106e+04 
1.10004907587216e-01 9.28281646594363e+04 
1.10198042527918e-01 9.28022104325016e+04 
1.10390430200095e-01 9.27754835568213e+04 
1.10583551897168e-01 9.27487908237596e+04 
1.10775962952420e-01 9.27219865841087e+04 
1.10969258116849e-01 9.26958216475181e+04 
1.11161823971300e-01 9.26708494834667e+04 
1.11355114673306e-01 9.26472422209092e+04 
1.11547442534683e-01 9.26264338723941e+04 
1.11740855795899e-01 9.26079735830640e+04 
1.11933356070903e-01 9.26035312101407e+04 
1.12126802731285e-01 9.26173145766953e+04 
1.12319153974285e-01 9.26537483147945e+04 
1.12512832848586e-01 9.27195787876112e+04 
1.12705548589069e-01 9.28184756579548e+04 
1.12899391198521e-01 9.29558995271501e+04 
1.13092180064361e-01 9.31284769396330e+04 
1.13285923550319e-01 9.33406276477203e+04 
1.13478694794238e-01 9.35930333688406e+04 
1.13671198686163e-01 9.38880077988220e+04 
1.13864441835980e-01 9.42284704107531e+04 
1.14058592771394e-01 9.46177092034871e+04 
1.14252081522746e-01 9.50502628147011e+04 
1.14446313649106e-01 9.55271141002576e+04 
1.14639978659907e-01 9.60460271496572e+04 
1.14834308822832e-01 9.66049529832611e+04 
1.15028128338030e-01 9.72007590437616e+04 
1.15222593694828e-01 9.78325646140351e+04 
1.15416379351717e-01 9.84891122648083e+04 
1.15610624978365e-01 9.91682075570223e+04 
1.15804189901112e-01 9.98607203217063e+04 
1.15998226031534e-01 1.00562539277969e+05 
1.16191861372151e-01 1.01263389502707e+05 
1.16386107567512e-01 1.01960608215193e+05 
1.16579688979847e-01 1.02641129819030e+05 
1.16773740833373e-01 1.03305203247554e+05 
1.16967224893910e-01 1.03936793589197e+05 
1.17161237091096e-01 1.04534448679223e+05 
1.17354635691844e-01 1.05077908151696e+05 
1.17548419592409e-01 1.05572005228857e+05 
1.17741704679924e-01 1.05994835915133e+05 
1.17935447417300e-01 1.06403584168478e+05 
1.18128653981654e-01 1.06711896423692e+05 
1.18322137212854e-01 1.06930030394347e+05 
1.18515050202284e-01 1.07066290640388e+05 
1.18708493868974e-01 1.07146374251215e+05 
1.18901435137923e-01 1.07139991095484e+05 
1.19094615707786e-01 1.07120848481326e+05 
1.19287168383580e-01 1.07084447824975e+05 
1.19480298561332e-01 1.07033726092756e+05 
1.19672869878156e-01 1.06962572013523e+05 
1.19866099729080e-01 1.06872393161221e+05 
1.20058891356122e-01 1.06770720081529e+05 
1.20252182881899e-01 1.06661239231827e+05 
1.20444829245059e-01 1.06546539439438e+05 
1.20637432338521e-01 1.06427930214761e+05 
1.20830200172592e-01 1.06302184845229e+05 
1.21023367467123e-01 1.06170163800937e+05 
1.21215279045563e-01 1.06032090303506e+05 
1.21407420327454e-01 1.05887275491915e+05 
1.21598775858751e-01 1.05736388939050e+05 
1.21790919708640e-01 1.05579024510527e+05 
1.21982896397529e-01 1.05418420134201e+05 
1.22175912040081e-01 1.05254186310858e+05 
1.22368507978976e-01 1.05088011397822e+05 
1.22561539830365e-01 1.04919693882379e+05 
1.22753927865545e-01 1.04750544641387e+05 
1.22946963743156e-01 1.04579789192319e+05 
1.23139606069778e-01 1.04408845345596e+05 
1.23332710332880e-01 1.04237132897759e+05 
1.23525206079753e-01 1.04065769840787e+05 
1.23718386040145e-01 1.03894172216533e+05 
1.23911210149098e-01 1.03723615280992e+05 
1.24104493209147e-01 1.03553920896780e+05 
1.24297289716447e-01 1.03385901576574e+05 
1.24490465437525e-01 1.03219096731705e+05 
1.24683061048342e-01 1.03055208573711e+05 
1.24876356766081e-01 1.02893613749566e+05 
1.25069383908030e-01 1.02736018381654e+05 
1.25262987380830e-01 1.02581448331582e+05 
1.25456165037085e-01 1.02427799493411e+05 
1.25649816492210e-01 1.02278504660175e+05 
1.25842951335573e-01 1.02136555925801e+05 
1.26036512162544e-01 1.02000490653757e+05 
1.26229500520223e-01 1.01869759372484e+05 
1.26422835544568e-01 1.01744237766873e+05 
1.26615567883239e-01 1.01623136893224e+05 
1.26808991883876e-01 1.01510889025660e+05 
1.26985772550806e-01 1.01408363386146e+05 
1.27179803251268e-01 1.01295350958609e+05 
1.27353815701178e-01 1.01194504444273e+05 
1.27528595713209e-01 1.01096719399202e+05 
1.27703664621732e-01 1.01002825251301e+05 
1.27878768615597e-01 1.00912894001052e+05 
1.28051707640541e-01 1.00829499428261e+05 
1.28225514387492e-01 1.00751829806746e+05 
1.28399195490749e-01 1.00680894487553e+05 
1.28572943990621e-01 1.00616857975678e+05 
1.28746977631105e-01 1.00558520606075e+05 
1.28920863302555e-01 1.00504456294805e+05 
1.29095014832244e-01 1.00454261326368e+05 
1.29269492965563e-01 1.00407660818298e+05 
1.29444273519647e-01 1.00363761342749e+05 
1.29619030962722e-01 1.00322308939090e+05 
1.29794026714464e-01 1.00282429325734e+05 
1.29969310679533e-01 1.00243591631520e+05 
1.30144829032950e-01 1.00205089578953e+05 
1.30320280098408e-01 1.00166631579486e+05 
1.30495917339530e-01 1.00127558646108e+05 
1.30689118304765e-01 1.00083613797852e+05 
1.30883616023595e-01 1.00037881909894e+05 
1.31079373023862e-01 9.99899912225899e+04 
1.31274903788134e-01 9.99399613270516e+04 
1.31470763972387e-01 9.98876214589739e+04 
1.31666029881945e-01 9.98332794165699e+04 
1.31861526061555e-01 9.97771900357879e+04 
1.32056544689873e-01 9.97189859483584e+04 
1.32251972333998e-01 9.96590724743445e+04 
1.32447029933211e-01 9.96002072336578e+04 
1.32642609573739e-01 9.95384080641414e+04 
1.32837912690859e-01 9.94728969797464e+04 
1.33033552746281e-01 9.94080639280452e+04 
1.33228650352637e-01 9.93418536363887e+04 
1.33424210497333e-01 9.92779852481364e+04 
1.33619371361789e-01 9.92197573502119e+04 
1.33814925049805e-01 9.91610097803617e+04 
1.34010136734006e-01 9.91022086255179e+04 
1.34205882443158e-01 9.90431904299923e+04 
1.34401306193958e-01 9.89836421115999e+04 
1.34597016550445e-01 9.89254081046353e+04 
1.34792178958469e-01 9.88700404681977e+04 
1.34987758705934e-01 9.88184380700501e+04 
1.35182959697294e-01 9.87718137552913e+04 
1.35378586339924e-01 9.87309172194999e+04 
1.35573859704317e-01 9.86970021395525e+04 
1.35769646893905e-01 9.86709173924597e+04 
1.35965147718155e-01 9.86515849021750e+04 
1.36160921540142e-01 9.86390734085074e+04 
1.36356209394797e-01 9.86335461332470e+04 
1.36551916770944e-01 9.86350008488161e+04 
1.36747319268998e-01 9.86432861982290e+04 
1.36943163863569e-01 9.86582414585760e+04 
1.37138740311131e-01 9.86794617272005e+04 
1.37334858918218e-01 9.87066564943844e+04 
1.37530784871203e-01 9.87392830596317e+04 
1.37727022163087e-01 9.87768483498601e+04 
1.37922891783006e-01 9.88190056608103e+04 
1.38119142985726e-01 9.88647841374839e+04 
1.38315128975869e-01 9.89138566955663e+04 
1.38511370662702e-01 9.89650012447388e+04 
1.38707218861244e-01 9.90177280565267e+04 
1.38903510682350e-01 9.90708728998515e+04 
1.39099613436243e-01 9.91238496912277e+04 
1.39296238320197e-01 9.91756896273066e+04 
1.39492748879758e-01 9.92257631622017e+04 
1.39689593838079e-01 9.92742237781573e+04 
1.39886173765262e-01 9.93204312584563e+04 
1.40083205493939e-01 9.93645383344038e+04 
1.40280103543111e-01 9.94063961859848e+04 
1.40477319534411e-01 9.94466352551024e+04 
1.40674289625452e-01 9.94856034228099e+04 
1.40871716270780e-01 9.95243473410551e+04 
1.41069062061923e-01 9.95637810401886e+04 
1.41266574199067e-01 9.96053150726424e+04 
1.41464005269703e-01 9.96504171344270e+04 
1.41661722542564e-01 9.97008558909831e+04 
1.41859392707518e-01 9.97584634384590e+04 
1.42057481856165e-01 9.98251422349349e+04 
1.42255458935649e-01 9.99028667454806e+04 
1.42453827470965e-01 9.99938638110510e+04 
1.42651993190177e-01 1.00099361187795e+05 
1.42850456045627e-01 1.00220955429585e+05 
1.43048659649282e-01 1.00359572867871e+05 
1.43245785884736e-01 1.00514322812841e+05 
1.43443930686024e-01 1.00688335014734e+05 
1.43641008576955e-01 1.00876636775640e+05 
1.43839047214825e-01 1.01083286749410e+05 
1.44036696589199e-01 1.01305031613079e+05 
1.44234930445306e-01 1.01539913461437e+05 
1.44433210033094e-01 1.01784466936679e+05 
1.44631287914954e-01 1.02037586258879e+05 
1.44829541203268e-01 1.02284053863581e+05 
1.45027675689313e-01 1.02529217925561e+05 
1.45226047739542e-01 1.02767222680548e+05 
1.45424374064953e-01 1.02992918410393e+05 
1.45622981410350e-01 1.03208177958492e+05 
1.45821561089282e-01 1.03401774871104e+05 
1.46020320662634e-01 1.03566624713396e+05 
1.46218844605582e-01 1.03715210799596e+05 
1.46417777370642e-01 1.03807295837834e+05 
1.46616673251706e-01 1.03853019876845e+05 
1.46815932070040e-01 1.03865283192734e+05 
1.47015089642279e-01 1.03851906883487e+05 
1.47214521929051e-01 1.03792879169591e+05 
1.47413795910797e-01 1.03741476319161e+05 
1.47613306336784e-01 1.03693344643583e+05 
1.47812633406779e-01 1.03646840529196e+05 
1.48012179345483e-01 1.03598021644211e+05 
1.48211529328634e-01 1.03546902876186e+05 
1.48411088039191e-01 1.03489116204640e+05 
1.48610441855568e-01 1.03420116863052e+05 
1.48809996849472e-01 1.03343680731137e+05 
1.49009338211216e-01 1.03262392016148e+05 
1.49208873602269e-01 1.03176106422349e+05 
1.49408185272272e-01 1.03086235178473e+05 
1.49607683123338e-01 1.02992209256482e+05 
1.49806945358852e-01 1.02894990665681e+05 
1.50006384590784e-01 1.02794814020432e+05 
1.50205574250927e-01 1.02692067311878e+05 
1.50404930190223e-01 1.02585926400669e+05 
1.50604020397352e-01 1.02476887172022e+05 
1.50803264462420e-01 1.02363905570260e+05 
1.51002224345184e-01 1.02246910215127e+05 
1.51201323849822e-01 1.02124898345107e+05 
1.51400118203780e-01 1.01999344459917e+05 
1.51599036165272e-01 1.01869125314189e+05 
1.51797619949186e-01 1.01733148205551e+05 
1.51996499687022e-01 1.01590254503043e+05 
1.52195189935523e-01 1.01440397896051e+05 
1.52394130515090e-01 1.01287270401930e+05 
1.52592799359638e-01 1.01131863212780e+05 
1.52791621732003e-01 1.00965131061756e+05 
1.52990090965790e-01 1.00789432991748e+05 
1.53188659270009e-01 1.00607073624435e+05 
1.53386790200071e-01 1.00419760456025e+05 
1.53585207852237e-01 1.00222551784728e+05 
1.53783335498514e-01 1.00022150955051e+05 
1.53981619562040e-01 9.98244846724067e+04 
1.54179459908677e-01 9.96308002142399e+04 
1.54377586689935e-01 9.94372318830479e+04 
1.54575365541751e-01 9.92436118919165e+04 
1.54773278761573e-01 9.90488216051145e+04 
1.54970662583555e-01 9.88510548854387e+04 
1.55168292379517e-01 9.86491302998542e+04 
1.55365458850136e-01 9.84426420583809e+04 
1.55562885803116e-01 9.82327134812966e+04 
1.55759842148458e-01 9.80206290559228e+04 
1.55956942852037e-01 9.78058108974092e+04 
1.56153401876876e-01 9.75892628353986e+04 
1.56350100384523e-01 9.73703719996431e+04 
1.56546244519872e-01 9.71503700395290e+04 
1.56742733444276e-01 9.69291265779493e+04 
1.56917902081742e-01 9.67308102218386e+04 
1.57092912209499e-01 9.65317764180082e+04 
1.57268378841320e-01 9.63318892935406e+04 
1.57444121407337e-01 9.61313925037283e+04 
1.57620538228034e-01 9.59303085887892e+04 
1.57796756504788e-01 9.57296549972726e+04 
1.57973855652107e-01 9.55286390694859e+04 
1.58152228751374e-01 9.53268151378108e+04 
1.58331969403031e-01 9.51245305619210e+04 
1.58512741002955e-01 9.49221300536738e+04 
1.58694935147478e-01 9.47195160353149e+04 
1.58878325379577e-01 9.45170743581064e+04 
1.59063142807017e-01 9.43149244472891e+04 
1.59248727298380e-01 9.41136876099099e+04 
1.59435068848389e-01 9.39141317453430e+04 
1.59622157648181e-01 9.37163826505699e+04 
1.59810214138802e-01 9.35202550714736e+04 
1.59999123042418e-01 9.33253373840919e+04 
1.60189199358213e-01 9.31323171895511e+04 
1.60380279203355e-01 9.29430274897909e+04 
1.60572985184155e-01 9.27563968628806e+04 
1.60766768209892e-01 9.25730205935344e+04 
1.60962463662768e-01 9.23920541457800e+04 
1.61159248257486e-01 9.22146689627833e+04 
1.61357915148450e-01 9.20408624244173e+04 
1.61557720345606e-01 9.18691514828304e+04 
1.61759536041150e-01 9.16987793599143e+04 
1.61962628021575e-01 9.15304854506598e+04 
1.62167982210852e-01 9.13644379628253e+04 
1.62365741229558e-01 9.12089016511237e+04 
1.62565042924288e-01 9.10568173978491e+04 
1.62763372114899e-01 9.09106724389222e+04 
1.62962368039837e-01 9.07695955899976e+04 
1.63161459707115e-01 9.06344074052321e+04 
1.63360401852803e-01 9.05053181693222e+04 
1.63559558616024e-01 9.03815107924468e+04 
1.63758648696313e-01 9.02633490576724e+04 
1.63958016143983e-01 9.01506756279802e+04 
1.64157392133385e-01 9.00437719100224e+04 
1.64357097007352e-01 8.99425172471003e+04 
1.64556953677557e-01 8.98470535912725e+04 
1.64757189275848e-01 8.97573293715637e+04 
1.64957565238734e-01 8.96734833107905e+04 
1.65158349777431e-01 8.95954518593738e+04 
1.65359250967787e-01 8.95234746200081e+04 
1.65560609063500e-01 8.94573822010651e+04 
1.65762070423032e-01 8.93973164848230e+04 
1.65964053230391e-01 8.93431840297519e+04 
1.66166139096848e-01 8.92951431938831e+04 
1.66368827243414e-01 8.92530956053274e+04 
1.66571624123192e-01 8.92171979849068e+04 
1.66775124085905e-01 8.91873790504598e+04 
1.66978745490198e-01 8.91637988743023e+04 
1.67183198508455e-01 8.91464449576603e+04 
1.67387801272095e-01 8.91354809236278e+04 
1.67593402982416e-01 8.91309855718020e+04 
1.67799210417559e-01 8.91331252562172e+04 
1.68006233226167e-01 8.91421017846108e+04 
1.68213378556777e-01 8.91580656519113e+04 
1.68421904045526e-01 8.91813692449092e+04 
1.68631427925168e-01 8.92123039989101e+04 
1.68842579104242e-01 8.92513386415658e+04 
1.69056086631279e-01 8.92990928623106e+04 
1.69271326999092e-01 8.93559027089625e+04 
1.69489358030142e-01 8.94226333305685e+04 
1.69709552005539e-01 8.94996609188933e+04 
1.69933089579693e-01 8.95880999809659e+04 
1.70158812309633e-01 8.96881056650310e+04 
1.70387631128989e-01 8.98007646079324e+04 
1.70617694651205e-01 8.99255981609481e+04 
1.70849207117722e-01 9.00630516835472e+04 
1.71082298351829e-01 9.02134640782621e+04 
1.71316669238694e-01 9.03767666195786e+04 
1.71552695872698e-01 9.05532752818678e+04 
1.71789612687282e-01 9.07422652313275e+04 
1.72028099029666e-01 9.09440232116709e+04 
1.72267429965359e-01 9.11574834956261e+04 
1.72508460400690e-01 9.13827677383028e+04 
1.72750431957698e-01 9.16184004448930e+04 
1.72994240341694e-01 9.18641664850603e+04 
1.73239105504540e-01 9.21180522708009e+04 
1.73485935282871e-01 9.23798499264080e+04 
1.73733925771319e-01 9.26471646918742e+04 
1.73983994740400e-01 9.29197842933371e+04 
1.74235291468157e-01 9.31951624233424e+04 
1.74488779477760e-01 9.34724070384983e+04 
1.74743541119690e-01 9.37492772748594e+04 
1.75000584250462e-01 9.40249830813545e+04 
1.75258926383052e-01 9.42979134934569e+04 
1.75519612792807e-01 9.45653647914940e+04 
1.75781602344082e-01 9.48256290484803e+04 
1.76045965568086e-01 9.50790686536995e+04 
1.76311607346794e-01 9.53232935806078e+04 
1.76579616751306e-01 9.55582604893193e+04 
1.76848858107359e-01 9.57824588760381e+04 
1.77120424478591e-01 9.59960174752681e+04 
1.77392912446854e-01 9.61977922418520e+04 
1.77665923634500e-01 9.63873060182661e+04 
1.77939246511727e-01 9.65646299575427e+04 
1.78213038071573e-01 9.67302682290374e+04 
1.78487156843746e-01 9.68851096478665e+04 
1.78689213115983e-01 9.69920108552134e+04 
1.78892564005486e-01 9.70932028457689e+04 
1.79094579252228e-01 9.71868852684017e+04 
1.79297917381782e-01 9.72744780964327e+04 
1.79499897034899e-01 9.73605113620740e+04 
1.79703214672421e-01 9.74358368375802e+04 
1.79905168164713e-01 9.75022806907864e+04 
1.80108466059159e-01 9.75626626395269e+04 
1.80310398440038e-01 9.76168359731864e+04 
1.80513678063287e-01 9.76609537860935e+04 
1.80715594170868e-01 9.77037661416174e+04 
1.80918856715089e-01 9.77462912458368e+04 
1.81120761828680e-01 9.77879055977200e+04 
1.81301309553078e-01 9.78241403934314e+04 
1.81499912049917e-01 9.78631294757834e+04 
1.81680422765081e-01 9.78970361269133e+04 
1.81878984551762e-01 9.79322813282322e+04 
1.82059473191977e-01 9.79624798929021e+04 
1.82258010696212e-01 9.79941207636891e+04 
1.82438475024388e-01 9.80213455226339e+04 
1.82618900215866e-01 9.80471055784084e+04 
1.82817367926493e-01 9.80737651434394e+04 
1.83019311534602e-01 9.80990345980759e+04 
1.83222505974180e-01 9.81227324552248e+04 
1.83424480495455e-01 9.81444395134197e+04 
1.83604743182545e-01 9.81624836730623e+04 
1.83784952585391e-01 9.81791688248258e+04 
1.83965162936622e-01 9.81947887122478e+04 
1.84145313030083e-01 9.82092911229789e+04 
1.84325461075546e-01 9.82229699324629e+04 
1.84505543991182e-01 9.82359232398761e+04 
1.84685625353468e-01 9.82483638141316e+04 
1.84865638218288e-01 9.82604284609878e+04 
1.85045651435036e-01 9.82723233367778e+04 
1.85225593842375e-01 9.82841912362649e+04 
1.85405539827395e-01 9.82962800710549e+04 
1.85585413623113e-01 9.83087896115519e+04 
1.85765295325404e-01 9.83220390468074e+04 
1.85945104233083e-01 9.83360676150311e+04 
1.86124926400869e-01 9.83510175906667e+04 
1.86304675788560e-01 9.83671070189628e+04 
1.86484444779048e-01 9.83846411455751e+04 
1.86664141450365e-01 9.84037793932801e+04 
1.86843865050848e-01 9.84246754961182e+04 
1.87023517055593e-01 9.84474346008821e+04 
1.87203204370811e-01 9.84722433918865e+04 
1.87382820896592e-01 9.84991458420073e+04 
1.87562482411867e-01 9.85283148886205e+04 
1.87742073809675e-01 9.85597819475378e+04 
1.87921721857451e-01 9.85937028671509e+04 
1.88101300553420e-01 9.86302033724714e+04 
1.88280949585767e-01 9.86688412355733e+04 
1.88460621870517e-01 9.87103093889832e+04 
1.88640287707089e-01 9.87546118776295e+04 
1.88819984980316e-01 9.88020174900509e+04 
1.88999685176761e-01 9.88524830887504e+04 
1.89179425916106e-01 9.89036611486885e+04 
1.89359180321487e-01 9.89593176886848e+04 
1.89538985592361e-01 9.90180825103287e+04 
1.89718816916157e-01 9.90798983336266e+04 
1.89898710901946e-01 9.91442997801152e+04 
1.90078645235962e-01 9.92124271850413e+04 
1.90258655783649e-01 9.92818214493655e+04 
1.90438723221201e-01 9.93518570886025e+04 
1.90618882560106e-01 9.94235996162891e+04 
1.90799118068011e-01 9.94976008700780e+04 
1.90979463865331e-01 9.95740723290430e+04 
1.91159908565991e-01 9.96537113844242e+04 
1.91340485437411e-01 9.97368388335318e+04 
1.91521188430309e-01 9.98230714331974e+04 
1.91702050076608e-01 9.99122238975979e+04 
1.91883070983373e-01 1.00004470967415e+05 
1.92064283155192e-01 1.00099998887050e+05 
1.92245695635620e-01 1.00198490717595e+05 
1.92427340232791e-01 1.00299709038873e+05 
1.92609236871603e-01 1.00403444980590e+05 
1.92791417706750e-01 1.00509399854214e+05 
1.92973916966684e-01 1.00617912022644e+05 
1.93156768026725e-01 1.00728225984222e+05 
1.93339998734760e-01 1.00843839523801e+05 
1.93523700409054e-01 1.00959972679266e+05 
1.93707837592459e-01 1.01076181259398e+05 
1.93892570950035e-01 1.01193185043929e+05 
1.94077843964271e-01 1.01310771808141e+05 
1.94261287765713e-01 1.01427994922850e+05 
1.94446196673203e-01 1.01546089743587e+05 
1.94632130723699e-01 1.01664342814208e+05 
1.94819306728630e-01 1.01779809618223e+05 
1.95008290385219e-01 1.01900063714882e+05 
1.95198841010646e-01 1.02025571783655e+05 
1.95391599570871e-01 1.02155996904089e+05 
1.95586270060205e-01 1.02287438545007e+05 
1.95783756987792e-01 1.02418860653244e+05 
1.95983453138050e-01 1.02548819946836e+05 
1.96186276902103e-01 1.02674493991953e+05 
1.96391206872409e-01 1.02792881771694e+05 
1.96598335059125e-01 1.02901893686107e+05 
1.96807177420741e-01 1.03005186691771e+05 
1.97017579949321e-01 1.03101810713709e+05 
1.97229209516525e-01 1.03191895202563e+05 
1.97442147419370e-01 1.03275325658770e+05 
1.97656050187230e-01 1.03352610715426e+05 
1.97871242646318e-01 1.03424593926217e+05 
1.98087319203585e-01 1.03489484179847e+05 
1.98304693094528e-01 1.03547917212686e+05 
1.98522939111212e-01 1.03600970414446e+05 
1.98742522099895e-01 1.03647011428398e+05 
1.98963002191749e-01 1.03685107865867e+05 
1.99184854814224e-01 1.03714880051978e+05 
1.99407635644616e-01 1.03743630183220e+05 
1.99608242321824e-01 1.03758066455818e+05 
1.99810170324374e-01 1.03763172881311e+05 
2.00010835978032e-01 1.03760974017173e+05 
2.00212753071325e-01 1.03752816076809e+05 
