# Liste des scalaires : TEMPS pmat 
0.00000000000000e+00 1.00000000000000e+05 
7.22956891292051e-05 1.00000000000000e+05 
1.39473830159790e-04 1.00000000000000e+05 
2.09658797050094e-04 1.00000000000000e+05 
2.76117114236726e-04 1.00000000000000e+05 
3.20638761908114e-04 1.00000000000000e+05 
3.55139419127661e-04 1.00000000000000e+05 
3.84466703006940e-04 1.00000000000000e+05 
4.10882456555343e-04 1.00000000000000e+05 
4.35440253196321e-04 1.00000000000000e+05 
4.62453829501397e-04 1.00000000000000e+05 
4.92168763436980e-04 1.00000000000000e+05 
5.24855190766122e-04 1.00000000000000e+05 
5.60810260828179e-04 1.00000000000000e+05 
6.00360837896440e-04 1.00000000000000e+05 
6.43866472671528e-04 1.00000000000000e+05 
6.91722670924125e-04 1.00000000000000e+05 
7.44364489001982e-04 1.00000000000000e+05 
8.02270488887624e-04 1.00000000000000e+05 
8.65967088761830e-04 1.00000000000000e+05 
9.36033348623457e-04 1.00000000000000e+05 
1.01310623447125e-03 1.00000000000000e+05 
1.09788640890382e-03 1.00000000000000e+05 
1.19114460077964e-03 1.00000000000000e+05 
1.28874595967994e-03 1.00000000000000e+05 
1.39427742078087e-03 1.00000000000000e+05 
1.50221628787621e-03 1.00000000000000e+05 
1.61553425737479e-03 1.00000000000000e+05 
1.73457348070829e-03 1.00000000000000e+05 
1.85733677968619e-03 1.00000000000000e+05 
1.98616223838876e-03 1.00000000000000e+05 
2.11872938704631e-03 1.00000000000000e+05 
2.25541689819664e-03 1.00000000000000e+05 
2.39772133018674e-03 1.00000000000000e+05 
2.54485627309090e-03 1.00000000000000e+05 
2.69657390129195e-03 1.00000000000000e+05 
2.85238267869163e-03 1.00000000000000e+05 
3.01245336052021e-03 1.00000000000000e+05 
3.17812497446078e-03 1.00000000000000e+05 
3.34903914085903e-03 1.00000000000000e+05 
3.52550659026263e-03 1.00000000000000e+05 
3.70726992321327e-03 1.00000000000000e+05 
3.89587589613531e-03 1.00000000000000e+05 
4.08975108537118e-03 1.00000000000000e+05 
4.28959471140153e-03 1.00000000000000e+05 
4.49516060408350e-03 1.00000000000000e+05 
4.70839016598685e-03 1.00000000000000e+05 
4.92856382960927e-03 1.00000000000000e+05 
5.15483884145688e-03 1.00000000000000e+05 
5.38810296190435e-03 1.00000000000000e+05 
5.62716630832416e-03 1.00000000000000e+05 
5.87020911791983e-03 1.00000000000000e+05 
6.12048301668611e-03 1.00000000000000e+05 
6.37286594506187e-03 1.00000000000000e+05 
6.63255281660115e-03 1.00000000000000e+05 
6.89402258475487e-03 1.00000000000000e+05 
7.16377799460997e-03 1.00000000000000e+05 
7.43656924295572e-03 1.00000000000000e+05 
7.71367353814294e-03 1.00000000000000e+05 
7.99345733382874e-03 1.00000000000000e+05 
8.27640924256905e-03 1.00000000000000e+05 
8.55452121853194e-03 1.00000000000000e+05 
8.82658997992546e-03 1.00000000000000e+05 
9.09401508283688e-03 1.00000000000000e+05 
9.35765167080016e-03 1.00000000000000e+05 
9.61795598169484e-03 1.00000000000000e+05 
9.87426651720741e-03 1.00000000000000e+05 
1.01272825334212e-02 1.00000000000000e+05 
1.03777758598167e-02 1.00000000000000e+05 
1.06257470721904e-02 1.00000000000000e+05 
1.08546704437637e-02 1.00000000000000e+05 
1.10597866679391e-02 1.00000000000000e+05 
1.12525460431874e-02 1.00000000000000e+05 
1.14374164504106e-02 1.00000000000000e+05 
1.16158252163959e-02 1.00000000000000e+05 
1.17891683267639e-02 1.00000000000000e+05 
1.19583297698459e-02 1.00000000000000e+05 
1.21236959779168e-02 1.00000000000000e+05 
1.22863668635201e-02 1.00000000000000e+05 
1.24465435220927e-02 1.00000000000000e+05 
1.26052867044633e-02 1.00000000000000e+05 
1.27628821413738e-02 1.00000000000000e+05 
1.29203541601435e-02 1.00000000000000e+05 
1.30778838815256e-02 1.00000000000000e+05 
1.32360011274671e-02 1.00000000000000e+05 
1.33949021031676e-02 1.00000000000000e+05 
1.35550111165780e-02 1.00000000000000e+05 
1.37171221034527e-02 1.00000000000000e+05 
1.38812661796313e-02 1.00000000000000e+05 
1.40482190433524e-02 1.00000000000000e+05 
1.42179098467110e-02 1.00000000000000e+05 
1.43909439768589e-02 1.00000000000000e+05 
1.45671207390714e-02 1.00000000000000e+05 
1.47468850033996e-02 1.00000000000000e+05 
1.49298908096118e-02 1.00000000000000e+05 
1.51164442959077e-02 1.00000000000000e+05 
1.53060598287345e-02 1.00000000000000e+05 
1.54989408174450e-02 1.00000000000000e+05 
1.56944900607342e-02 1.00000000000000e+05 
1.58928490451593e-02 1.00000000000000e+05 
1.60933504844486e-02 1.00000000000000e+05 
1.62961177860629e-02 1.00000000000000e+05 
1.65004540869201e-02 1.00000000000000e+05 
1.67064798448710e-02 1.00000000000000e+05 
1.69135391028826e-02 1.00000000000000e+05 
1.71216599735431e-02 1.00000000000000e+05 
1.73304469203719e-02 1.00000000000000e+05 
1.75398341792072e-02 1.00000000000000e+05 
1.77496084149688e-02 1.00000000000000e+05 
1.79596075246392e-02 1.00000000000000e+05 
1.81698710524999e-02 1.00000000000000e+05 
1.83799870409073e-02 1.00000000000000e+05 
1.85890223648512e-02 1.00000000000000e+05 
1.87962331124864e-02 1.00000000000000e+05 
1.89999447667278e-02 1.00000000000000e+05 
1.91996964988543e-02 1.00000000000000e+05 
1.93948545345708e-02 1.00000000000000e+05 
1.95861435341264e-02 1.00000000000000e+05 
1.97742332606909e-02 1.00000000000000e+05 
1.99596628112606e-02 1.00000000000000e+05 
2.01430508253754e-02 1.00000000000000e+05 
2.03234187696056e-02 1.00000000000000e+05 
2.05018041374385e-02 1.00000000000000e+05 
2.06784432077854e-02 1.00000000000000e+05 
2.08545379721931e-02 1.00000000000000e+05 
2.10301715260336e-02 1.00000000000000e+05 
2.12063148388275e-02 1.00000000000000e+05 
2.13829453732095e-02 1.00000000000000e+05 
2.15608451034228e-02 1.00000000000000e+05 
2.17399531882114e-02 1.00000000000000e+05 
2.19209353037055e-02 1.00000000000000e+05 
2.21037196912497e-02 1.00000000000000e+05 
2.22871367836181e-02 1.00000000000000e+05 
2.24708805166695e-02 1.00000000000000e+05 
2.26555409574753e-02 1.00000000000000e+05 
2.28409616931476e-02 1.00000000000000e+05 
2.30276615147963e-02 1.00000000000000e+05 
2.32154749642286e-02 1.00000000000000e+05 
2.34048820242248e-02 1.00000000000000e+05 
2.35957432438132e-02 1.00000000000000e+05 
2.37885333870312e-02 1.00000000000000e+05 
2.39831374019439e-02 1.00000000000000e+05 
2.41800030772610e-02 1.00000000000000e+05 
2.43790189066573e-02 1.00000000000000e+05 
2.45805851626011e-02 1.00000000000000e+05 
2.47834623749120e-02 1.00000000000000e+05 
2.49873405353948e-02 1.00000000000000e+05 
2.51921333832591e-02 1.00000000000000e+05 
2.53982855963189e-02 1.00000000000000e+05 
2.56057149055710e-02 1.00000000000000e+05 
2.58148532895541e-02 1.00000000000000e+05 
2.60256217669669e-02 1.00000000000000e+05 
2.62384093929418e-02 1.00000000000000e+05 
2.64531284761881e-02 1.00000000000000e+05 
2.66701235310483e-02 1.00000000000000e+05 
2.68892843158177e-02 1.00000000000000e+05 
2.71109122490678e-02 1.00000000000000e+05 
2.73348753344953e-02 1.00000000000000e+05 
2.75614531483844e-02 1.00000000000000e+05 
2.77902460407163e-02 1.00000000000000e+05 
2.80204630057603e-02 1.00000000000000e+05 
2.82520236560837e-02 1.00000000000000e+05 
2.84852599106145e-02 1.00000000000000e+05 
2.87200698843492e-02 1.00000000000000e+05 
2.89567047369863e-02 1.00000000000000e+05 
2.91950043292391e-02 1.00000000000000e+05 
2.94350216393926e-02 1.00000000000000e+05 
2.96764565094823e-02 1.00000000000000e+05 
2.99189294951209e-02 1.00000000000000e+05 
3.01607487671507e-02 1.00000000000000e+05 
3.04016589949775e-02 1.00000000000000e+05 
3.06415409228811e-02 1.00000000000000e+05 
3.08810690625152e-02 1.00000000000000e+05 
3.11188858277315e-02 1.00000000000000e+05 
3.13545443238569e-02 1.00000000000000e+05 
3.15889521214193e-02 1.00000000000000e+05 
3.18229425946909e-02 1.00000000000000e+05 
3.20560695275771e-02 1.00000000000000e+05 
3.22889858330702e-02 1.00000000000000e+05 
3.25221659135033e-02 1.00000000000000e+05 
3.27556868989773e-02 1.00000000000000e+05 
3.29896951519336e-02 1.00000000000000e+05 
3.32239216449045e-02 1.00000000000000e+05 
3.34583588221802e-02 1.00000000000000e+05 
3.36929423908002e-02 1.00000000000000e+05 
3.39279631079640e-02 1.00000000000000e+05 
3.41633392881350e-02 1.00000000000000e+05 
3.43993590825571e-02 1.00000000000000e+05 
3.46359911370373e-02 1.00000000000000e+05 
3.48733390028907e-02 1.00000000000000e+05 
3.51108904161719e-02 1.00000000000000e+05 
3.53490984023113e-02 1.00000000000000e+05 
3.55878157921117e-02 1.00000000000000e+05 
3.58274599775026e-02 1.00000000000000e+05 
3.60678717173232e-02 1.00000000000000e+05 
3.63093992882375e-02 1.00000000000000e+05 
3.65518743127844e-02 1.00000000000000e+05 
3.67955865598742e-02 1.00000000000000e+05 
3.70403619757508e-02 1.00000000000000e+05 
3.72864583921492e-02 1.00000000000000e+05 
3.75337027039639e-02 1.00000000000000e+05 
3.77819789366586e-02 1.00000000000000e+05 
3.80309173251221e-02 1.00000000000000e+05 
3.82808432255460e-02 1.00000000000000e+05 
3.85314507391582e-02 1.00000000000000e+05 
3.87830259918887e-02 1.00000000000000e+05 
3.90352837779091e-02 1.00000000000000e+05 
3.92884918456558e-02 1.00000000000000e+05 
3.95423909883258e-02 1.00000000000000e+05 
3.97972679749405e-02 1.00000000000000e+05 
4.00529017817478e-02 1.00000000000000e+05 
4.03095996109540e-02 1.00000000000000e+05 
4.05671624299381e-02 1.00000000000000e+05 
4.08258739649527e-02 1.00000000000000e+05 
4.10855521693295e-02 1.00000000000000e+05 
4.13464480952353e-02 1.00000000000000e+05 
4.16081556708612e-02 1.00000000000000e+05 
4.18707406090120e-02 1.00000000000000e+05 
4.21339761933217e-02 1.00000000000000e+05 
4.23980321068914e-02 1.00000000000000e+05 
4.26626889430596e-02 1.00000000000000e+05 
4.29282890717141e-02 1.00000000000000e+05 
4.31946386920847e-02 1.00000000000000e+05 
4.34620641553548e-02 1.00000000000000e+05 
4.37303808011715e-02 1.00000000000000e+05 
4.39998849643801e-02 1.00000000000000e+05 
4.42704042487032e-02 1.00000000000000e+05 
4.45422168796032e-02 1.00000000000000e+05 
4.48151757206952e-02 1.00000000000000e+05 
4.50895554572821e-02 1.00000000000000e+05 
4.53652045630581e-02 1.00000000000000e+05 
4.56423782189041e-02 1.00000000000000e+05 
4.59204591073538e-02 1.00000000000000e+05 
4.61989761532137e-02 1.00000000000000e+05 
4.64778352836943e-02 1.00000000000000e+05 
4.67573266777999e-02 1.00000000000000e+05 
4.70373320913977e-02 1.00000000000000e+05 
4.73181531394400e-02 1.00000000000000e+05 
4.75996084242949e-02 1.00000000000000e+05 
4.78819817126084e-02 1.00000000000000e+05 
4.81650155444971e-02 1.00000000000000e+05 
4.84488196939598e-02 1.00000000000000e+05 
4.87333975089490e-02 1.00000000000000e+05 
4.90188284837438e-02 1.00000000000000e+05 
4.93051134018702e-02 1.00000000000000e+05 
4.95923119201610e-02 1.00000000000000e+05 
4.98804048034953e-02 1.00000000000000e+05 
5.01694587408640e-02 1.00000000000000e+05 
5.04592376019326e-02 1.00000000000000e+05 
5.07499466369225e-02 1.00000000000000e+05 
5.10413661840591e-02 1.00000000000000e+05 
5.13338141618807e-02 1.00000000000000e+05 
5.16270432529246e-02 1.00000000000000e+05 
5.19213181495986e-02 1.00000000000000e+05 
5.22163608941848e-02 1.00000000000000e+05 
5.25123991124424e-02 1.00000000000000e+05 
5.28091227831612e-02 1.00000000000000e+05 
5.31065515979305e-02 1.00000000000000e+05 
5.34044197769530e-02 1.00000000000000e+05 
5.37028929178241e-02 1.00000000000000e+05 
5.40016946832731e-02 1.00000000000000e+05 
5.43010513317770e-02 1.00000000000000e+05 
5.46007016671123e-02 1.00000000000000e+05 
5.49009109994056e-02 1.00000000000000e+05 
5.52013669561288e-02 1.00000000000000e+05 
5.55022816202549e-02 1.00000000000000e+05 
5.58032913522390e-02 1.00000000000000e+05 
5.61046493519692e-02 1.00000000000000e+05 
5.64061029263524e-02 1.00000000000000e+05 
5.67079099068164e-02 1.00000000000000e+05 
5.70097782667934e-02 1.00000000000000e+05 
5.73119530539282e-02 1.00000000000000e+05 
5.76141529664302e-02 1.00000000000000e+05 
5.79166762487758e-02 1.00000000000000e+05 
5.82192670545065e-02 1.00000000000000e+05 
5.85222436009541e-02 1.00000000000000e+05 
5.88253527120241e-02 1.00000000000000e+05 
5.91288941111162e-02 1.00000000000000e+05 
5.94326091461266e-02 1.00000000000000e+05 
5.97367033705254e-02 1.00000000000001e+05 
6.00409040379395e-02 1.00801506417992e+05 
6.03453865405124e-02 1.04026361351156e+05 
6.06499167190141e-02 1.10968192230237e+05 
6.09546630030459e-02 1.21910708859388e+05 
6.12593656386286e-02 1.35181835629784e+05 
6.15642547716978e-02 1.49003765594452e+05 
6.18691130617189e-02 1.61512695578367e+05 
6.21740903301331e-02 1.69015417841692e+05 
6.24784064167589e-02 1.72090020372198e+05 
6.27819601338381e-02 1.71897901244395e+05 
6.30847559377988e-02 1.71520357125487e+05 
6.33867151770126e-02 1.70626770868093e+05 
6.36878491706333e-02 1.69109770880464e+05 
6.39881262505042e-02 1.67102195433681e+05 
6.42875947759471e-02 1.64940678994565e+05 
6.45862950121618e-02 1.62733240764099e+05 
6.48843681036853e-02 1.60530374331017e+05 
6.51818878338953e-02 1.58459911731202e+05 
6.54790156837613e-02 1.56540534859638e+05 
6.57758106482807e-02 1.54784201035681e+05 
6.60724272043706e-02 1.53152445807276e+05 
6.63689500943596e-02 1.51623286538049e+05 
6.66655113472872e-02 1.50167790393508e+05 
6.69621798209984e-02 1.48761706150125e+05 
6.72587473480290e-02 1.47387003376046e+05 
6.75555961696789e-02 1.46026829523559e+05 
6.78524677430223e-02 1.44675780916521e+05 
6.81498039992644e-02 1.43328669060764e+05 
6.84473058834094e-02 1.41989764320808e+05 
6.87453328089588e-02 1.40659930742964e+05 
6.90436516533494e-02 1.39346693960066e+05 
6.93424610196540e-02 1.38053130667735e+05 
6.96416018012734e-02 1.36786685330821e+05 
6.99412473055597e-02 1.35549523008912e+05 
7.02412514524253e-02 1.34347165861628e+05 
7.05417694152443e-02 1.33179773047302e+05 
7.08426549786464e-02 1.32050399081778e+05 
7.11440502210947e-02 1.30957430663642e+05 
7.14457894354972e-02 1.29902136418465e+05 
7.17480060806877e-02 1.28881595062858e+05 
7.20505080845748e-02 1.27895861018278e+05 
7.23534134116009e-02 1.26941405467513e+05 
7.26564912694257e-02 1.26017860779211e+05 
7.29598609616935e-02 1.25121706152531e+05 
7.32632560342131e-02 1.24252600691143e+05 
7.35668054265841e-02 1.23407343173936e+05 
7.38702170124231e-02 1.22585806606583e+05 
7.41736383187167e-02 1.21785185261341e+05 
7.44767688188982e-02 1.21005578108369e+05 
7.47797747778063e-02 1.20244547706414e+05 
7.50823595256755e-02 1.19502368910740e+05 
7.53847146497319e-02 1.18776910899273e+05 
7.56865645437872e-02 1.18068553510528e+05 
7.59881316919945e-02 1.17375451190654e+05 
7.62891651870122e-02 1.16698042943330e+05 
7.65898951562813e-02 1.16034808496323e+05 
7.68900944671736e-02 1.15386234843634e+05 
7.71899939190134e-02 1.14751080829161e+05 
7.74893960628161e-02 1.14129612467758e+05 
7.77885302352052e-02 1.13520806282689e+05 
7.80872176827923e-02 1.12925272130968e+05 
7.83856755140884e-02 1.12341896415844e+05 
7.86837299601871e-02 1.11771799974619e+05 
7.89815812426393e-02 1.11214724604022e+05 
7.92790582102467e-02 1.10670892471668e+05 
7.95763425312239e-02 1.10142073906269e+05 
7.98732646382212e-02 1.09624565635987e+05 
8.01699988335976e-02 1.09128327861069e+05 
8.04663761266896e-02 1.08651695350521e+05 
8.07625585437752e-02 1.08193462943965e+05 
8.10583888955737e-02 1.07757440304460e+05 
8.13540231646374e-02 1.07333689153999e+05 
8.16492960385378e-02 1.06929093525760e+05 
8.19440054372293e-02 1.06585952696505e+05 
8.22382352761041e-02 1.06326541561282e+05 
8.25319233824743e-02 1.06172031347194e+05 
8.28251517487553e-02 1.06124227806417e+05 
8.31178777191221e-02 1.06165175510868e+05 
8.34101771675379e-02 1.06289075035732e+05 
8.37020191050479e-02 1.06484543655163e+05 
8.39934789663615e-02 1.06736440520306e+05 
8.42845432014084e-02 1.07028510437777e+05 
8.45753035933014e-02 1.07343740532530e+05 
8.48656921544787e-02 1.07665554564976e+05 
8.51558405075199e-02 1.07977992870370e+05 
8.54455317138254e-02 1.08266150144944e+05 
8.57351332130848e-02 1.08517383833258e+05 
8.60244178644244e-02 1.08721853672716e+05 
8.63134217002698e-02 1.08872443552067e+05 
8.66021274450874e-02 1.08965713920448e+05 
8.68905452531402e-02 1.09000441601775e+05 
8.71786280597418e-02 1.08979270006891e+05 
8.74664317303441e-02 1.08905146779429e+05 
8.77539719617505e-02 1.08783746146738e+05 
8.80413208546672e-02 1.08621018863707e+05 
8.83284817417045e-02 1.08423989352690e+05 
8.86154401228947e-02 1.08199036489920e+05 
8.89022981969907e-02 1.07953079766703e+05 
8.91889369766657e-02 1.07691728282735e+05 
8.94755329564780e-02 1.07420771203882e+05 
8.97618808078874e-02 1.07144690439751e+05 
9.00482231274006e-02 1.06863028047352e+05 
9.03343138874010e-02 1.06579096889315e+05 
9.06204140618267e-02 1.06293371913986e+05 
9.09062821840695e-02 1.06008992498733e+05 
9.11921329181692e-02 1.05727575460485e+05 
9.14777607450188e-02 1.05450885321787e+05 
9.17633576827253e-02 1.05177981473457e+05 
9.20486766804957e-02 1.04908343512260e+05 
9.23340284915989e-02 1.04641517846229e+05 
9.26190572905738e-02 1.04376712626509e+05 
9.29041170509672e-02 1.04113246519600e+05 
9.31889309747904e-02 1.03850529857409e+05 
9.34736301961954e-02 1.03587912663544e+05 
9.37582374368855e-02 1.03324322731043e+05 
9.40426363605672e-02 1.03059267773315e+05 
9.43269797617913e-02 1.02791500491044e+05 
9.46111472921454e-02 1.02520558841995e+05 
9.48952938183948e-02 1.02244971829608e+05 
9.51792906326785e-02 1.01964040005849e+05 
9.54632920281895e-02 1.01676595388547e+05 
9.57471527118444e-02 1.01382173433107e+05 
9.60310260870490e-02 1.01079933947468e+05 
9.63147561040013e-02 1.00769652281706e+05 
9.65984967115362e-02 1.00450761318178e+05 
9.68820818064361e-02 1.00123124836298e+05 
9.71656709075303e-02 9.97863195329543e+04 
9.74490865533784e-02 9.94404680744214e+04 
9.77324961071104e-02 9.90854366321514e+04 
9.80157121714467e-02 9.87217092339360e+04 
9.82988920435821e-02 9.83495409540140e+04 
9.85818442066435e-02 9.79697389602322e+04 
9.88647005818078e-02 9.75829642656769e+04 
9.91472716117421e-02 9.71903796896775e+04 
9.94296607154897e-02 9.67929067972888e+04 
9.97116822910968e-02 9.63923221457810e+04 
9.99934223090966e-02 9.59897264598392e+04 
1.00274648306898e-01 9.55871688520312e+04 
1.00555397088084e-01 9.51870355848026e+04 
1.00835437635216e-01 9.47907918780444e+04 
1.01115039323162e-01 9.44010354066171e+04 
1.01393992149140e-01 9.40205141348209e+04 
1.01672488987079e-01 9.36499084584809e+04 
1.01950417457574e-01 9.32964091014134e+04 
1.02227753111839e-01 9.29592567524329e+04 
1.02504538311526e-01 9.26352152931177e+04 
1.02780566204167e-01 9.23435618062846e+04 
1.03055698323246e-01 9.20745494629229e+04 
1.03329363801511e-01 9.18278532846581e+04 
1.03600269975649e-01 9.16100054268053e+04 
1.03868764934916e-01 9.13954049840894e+04 
1.04134815462421e-01 9.11872168172161e+04 
1.04398987308796e-01 9.09892362955164e+04 
1.04661178126257e-01 9.08777110699125e+04 
1.04921659511622e-01 9.08886671309267e+04 
1.05180559644109e-01 9.10552114770825e+04 
1.05438147674869e-01 9.14131890117978e+04 
1.05694629255440e-01 9.19455092764102e+04 
1.05950207219991e-01 9.26380800953676e+04 
1.06205101394889e-01 9.34804951162440e+04 
1.06459392375222e-01 9.44574361215857e+04 
1.06712968423208e-01 9.55402762994408e+04 
1.06965937321093e-01 9.66845512422511e+04 
1.07218301090241e-01 9.78564679892271e+04 
1.07470281444444e-01 9.90165492273147e+04 
1.07721855003952e-01 1.00085983454850e+05 
1.07973203670608e-01 1.01005378219428e+05 
1.08224236161122e-01 1.01894531394512e+05 
1.08475154041556e-01 1.02468902112123e+05 
1.08725807142605e-01 1.02791765153337e+05 
1.08976490570287e-01 1.02902296027368e+05 
1.09227063122170e-01 1.02762426910987e+05 
1.09477753426318e-01 1.02540586023100e+05 
1.09728402961085e-01 1.02337895021121e+05 
1.09979199404574e-01 1.02171685913885e+05 
1.10230092677148e-01 1.02117895084143e+05 
1.10481285837051e-01 1.02046064898368e+05 
1.10732713908682e-01 1.01981996161501e+05 
1.10984580059059e-01 1.02116187849214e+05 
1.11236794522096e-01 1.02580799004231e+05 
1.11489561867904e-01 1.03524153601968e+05 
1.11742777619734e-01 1.04923370662917e+05 
1.11996456683786e-01 1.06693611598291e+05 
1.12250672188717e-01 1.08743395326069e+05 
1.12505411207883e-01 1.11016526139088e+05 
1.12760761682065e-01 1.13219344375178e+05 
1.13016694126003e-01 1.15276447542592e+05 
1.13273296390648e-01 1.16995443106575e+05 
1.13530513773429e-01 1.18206210435363e+05 
1.13788423181567e-01 1.18908342348334e+05 
1.14046935660797e-01 1.19444497319394e+05 
1.14306116494222e-01 1.19902991874015e+05 
1.14565850325375e-01 1.20152212086162e+05 
1.14826198006248e-01 1.20195902395939e+05 
1.15087029940977e-01 1.20122986880469e+05 
1.15348426597691e-01 1.19915387578466e+05 
1.15610259479682e-01 1.19606257465014e+05 
1.15872226144223e-01 1.19210389621971e+05 
1.16134581012812e-01 1.18797644207782e+05 
1.16397056653726e-01 1.18357279471669e+05 
1.16659921060695e-01 1.17901152678144e+05 
1.16922911885866e-01 1.17384618668496e+05 
1.17186293609013e-01 1.16864959074789e+05 
1.17449824648869e-01 1.16338674469255e+05 
1.17713725921549e-01 1.15799968987346e+05 
1.17977860896679e-01 1.15250736297043e+05 
1.18243047680303e-01 1.14678966086946e+05 
1.18508579072206e-01 1.14091967066935e+05 
1.18774397760669e-01 1.13493256007319e+05 
1.19040565192951e-01 1.12883386516833e+05 
1.19307021198804e-01 1.12265822456674e+05 
1.19573875301391e-01 1.11642874749589e+05 
1.19840994698064e-01 1.11019797411342e+05 
1.20108497252522e-01 1.10400027899726e+05 
1.20376301392264e-01 1.09787136456660e+05 
1.20644520409743e-01 1.09184823151980e+05 
1.20913093928752e-01 1.08595299479575e+05 
1.21182151552749e-01 1.08021513801409e+05 
1.21451595060124e-01 1.07464176758587e+05 
1.21721561266488e-01 1.06924958793688e+05 
1.21991950661124e-01 1.06404221398008e+05 
1.22262896326219e-01 1.05902212308171e+05 
1.22534315696551e-01 1.05418283237973e+05 
1.22806082365527e-01 1.04952502904960e+05 
1.23078534433739e-01 1.04502798360728e+05 
1.23351743187217e-01 1.04068719965078e+05 
1.23625504034257e-01 1.03648727182936e+05 
1.23899941307210e-01 1.03241380307230e+05 
1.24174640268439e-01 1.02846330165693e+05 
1.24449682185876e-01 1.02462611964252e+05 
1.24724927508272e-01 1.02089242120293e+05 
1.25000465200015e-01 1.01725573824551e+05 
1.25276205739346e-01 1.01370464556238e+05 
1.25552194221122e-01 1.01023348410662e+05 
1.25828348780241e-01 1.00683521281505e+05 
1.26104665408726e-01 1.00350865312010e+05 
1.26381153901334e-01 1.00024830371059e+05 
1.26657692307612e-01 9.97054825013506e+04 
1.26934522672180e-01 9.93921619216089e+04 
1.27211468705288e-01 9.90851177712162e+04 
1.27488495016196e-01 9.87841143422298e+04 
1.27765572933409e-01 9.84893782600176e+04 
1.28042695905703e-01 9.82008752432751e+04 
1.28319836161445e-01 9.79185876930264e+04 
1.28597003394440e-01 9.76424968694152e+04 
1.28874149810423e-01 9.73733858467464e+04 
1.29151831692887e-01 9.71096845622432e+04 
1.29429429132120e-01 9.68533408061163e+04 
1.29706918595123e-01 9.66044955457938e+04 
1.29984292238755e-01 9.63614346106576e+04 
1.30261537993413e-01 9.61266925777501e+04 
1.30538634925143e-01 9.58999482370484e+04 
1.30815563070671e-01 9.56810715322081e+04 
1.31092347327124e-01 9.54665984312377e+04 
1.31368980290547e-01 9.52588093451733e+04 
1.31645495380660e-01 9.50580281783634e+04 
1.31921919361745e-01 9.48662704769950e+04 
1.32198285676868e-01 9.46833840825215e+04 
1.32474594879481e-01 9.45083192430807e+04 
1.32750851483761e-01 9.43405526637227e+04 
1.33027095221062e-01 9.41796700119050e+04 
1.33303322965029e-01 9.40260763774459e+04 
1.33579575855539e-01 9.38784999925116e+04 
1.33855841621821e-01 9.37368081878764e+04 
1.34132149282676e-01 9.36001820170958e+04 
1.34408476036016e-01 9.34681110865333e+04 
1.34684843289493e-01 9.33402078872285e+04 
1.34961221613859e-01 9.32159218997506e+04 
1.35237642944513e-01 9.30947190859015e+04 
1.35514083637097e-01 9.29761768373630e+04 
1.35790601423201e-01 9.28596053822433e+04 
1.36067169817750e-01 9.27448045808176e+04 
1.36343843010483e-01 9.26312730313093e+04 
1.36620596227485e-01 9.25189260614631e+04 
1.36897454057609e-01 9.24076797703669e+04 
1.37174375120957e-01 9.22974460419375e+04 
1.37451412464892e-01 9.21883812532672e+04 
1.37728508359706e-01 9.20812030625299e+04 
1.38005710002797e-01 9.19758139368463e+04 
1.38283006330261e-01 9.18731522700862e+04 
1.38560406257668e-01 9.17740978998716e+04 
1.38837938250113e-01 9.16781221585702e+04 
1.39115621737335e-01 9.15880542209082e+04 
1.39393409983910e-01 9.15055037608469e+04 
1.39671295527138e-01 9.14244980976756e+04 
1.39949254623197e-01 9.13571701622392e+04 
1.40227356714635e-01 9.13004455936033e+04 
1.40505546968454e-01 9.12510257169286e+04 
1.40783887931641e-01 9.12131190399433e+04 
1.41062321655646e-01 9.11743137601629e+04 
1.41340894395894e-01 9.11364151761918e+04 
1.41619555410772e-01 9.11035865390620e+04 
1.41898337523360e-01 9.10803845230487e+04 
1.42177196207670e-01 9.10698798094822e+04 
1.42456140672874e-01 9.10729508672675e+04 
1.42735149621632e-01 9.10876689426137e+04 
1.43014225620167e-01 9.11140537583990e+04 
1.43293383706437e-01 9.11514428944498e+04 
1.43572616746799e-01 9.11988524020359e+04 
1.43851970961183e-01 9.12553951989614e+04 
1.44131435073396e-01 9.13199555526517e+04 
1.44411087356742e-01 9.13908756912129e+04 
1.44690922755098e-01 9.14668660527361e+04 
1.44971040602927e-01 9.15470553465379e+04 
1.45251445207431e-01 9.16292365395915e+04 
1.45532233211392e-01 9.17142701933325e+04 
1.45813415496444e-01 9.18024778867925e+04 
1.46095071080038e-01 9.18871485080277e+04 
1.46377218176594e-01 9.19818447675691e+04 
1.46659913940101e-01 9.20846585986691e+04 
1.46943177240687e-01 9.21922181074311e+04 
1.47227046878698e-01 9.23053201486482e+04 
1.47511543726849e-01 9.24285795133122e+04 
1.47796681958351e-01 9.25559386923495e+04 
1.48082487063998e-01 9.26870105669740e+04 
1.48368296960637e-01 9.28336114891584e+04 
1.48654282894386e-01 9.29967071350224e+04 
1.48940035996338e-01 9.31828936691997e+04 
1.49226110785094e-01 9.33923683124390e+04 
1.49512084687767e-01 9.36304450118152e+04 
1.49798505704269e-01 9.38992236341814e+04 
1.50084934328347e-01 9.41987890955079e+04 
1.50371915285167e-01 9.45350468495753e+04 
1.50658979829186e-01 9.49006207379338e+04 
1.50946666288422e-01 9.53018727140567e+04 
1.51234478647021e-01 9.57314536860638e+04 
1.51522945208207e-01 9.61789997931057e+04 
1.51811495380798e-01 9.66347331433388e+04 
1.52100779160989e-01 9.71031740770657e+04 
1.52390101754046e-01 9.75739898942045e+04 
1.52680048631163e-01 9.80365012470947e+04 
1.52970186877081e-01 9.84836720735094e+04 
1.53260809244728e-01 9.89038442681897e+04 
1.53551753363770e-01 9.92879383352780e+04 
1.53843107467156e-01 9.96256253029737e+04 
1.54134817182983e-01 9.99224513918227e+04 
1.54426938898450e-01 1.00154549266428e+05 
1.54719433509988e-01 1.00274838428603e+05 
1.55012348301318e-01 1.00329545286819e+05 
1.55305428518082e-01 1.00336986697529e+05 
1.55598945286873e-01 1.00294615401325e+05 
1.55892382035901e-01 1.00221297659885e+05 
1.56186119694044e-01 1.00119774440817e+05 
1.56479704622798e-01 9.99822849418546e+04 
1.56773402974545e-01 9.98094955805216e+04 
1.57066840878235e-01 9.96092106112594e+04 
1.57360188286559e-01 9.93829971725175e+04 
1.57653139325440e-01 9.91346785243068e+04 
1.57945806488463e-01 9.88677679598501e+04 
1.58237964920629e-01 9.85874506145377e+04 
1.58529688688548e-01 9.82953230390608e+04 
1.58820766990381e-01 9.79943533821729e+04 
1.59111329421428e-01 9.76858518089547e+04 
1.59401100369967e-01 9.73727089985765e+04 
1.59690318432648e-01 9.70557400703082e+04 
1.59978817482683e-01 9.67368123473318e+04 
1.60266857037780e-01 9.64166754211486e+04 
1.60554435649323e-01 9.60967374374025e+04 
1.60841638012492e-01 9.57776937390513e+04 
1.61128370938579e-01 9.54607207010560e+04 
1.61414445077476e-01 9.51466562861257e+04 
1.61699691907470e-01 9.48364095255324e+04 
1.61984012518040e-01 9.45305048075669e+04 
1.62267699786568e-01 9.42291058056938e+04 
1.62550789611695e-01 9.39324421292999e+04 
1.62833532549677e-01 9.36406194483355e+04 
1.63115994692530e-01 9.33537363519119e+04 
1.63398354536776e-01 9.30719048214962e+04 
1.63680434444131e-01 9.27953840596751e+04 
1.63962395277370e-01 9.25241897201553e+04 
1.64243890919934e-01 9.22587133487565e+04 
1.64524635022550e-01 9.19992687292066e+04 
1.64804603645809e-01 9.17459109806486e+04 
1.65083885379407e-01 9.14985575142266e+04 
1.65362589301230e-01 9.12571197306305e+04 
1.65640684292437e-01 9.10216277472059e+04 
1.65918405625290e-01 9.07918696166930e+04 
1.66195660507052e-01 9.05679758662700e+04 
1.66472703880131e-01 9.03496829282369e+04 
1.66749412645121e-01 9.01371530054730e+04 
1.67025841083805e-01 8.99303315393785e+04 
1.67301965635300e-01 8.97292983970860e+04 
1.67577894889958e-01 8.95339639739221e+04 
1.67853530959657e-01 8.93444464199631e+04 
1.68129103435668e-01 8.91605717887249e+04 
1.68404478034742e-01 8.89824619944222e+04 
1.68679786693037e-01 8.88099962175787e+04 
1.68954870402901e-01 8.86432720456588e+04 
1.69229896897183e-01 8.84821192003670e+04 
1.69504773193081e-01 8.83265521727951e+04 
1.69779680038008e-01 8.81763696592269e+04 
1.70054486156304e-01 8.80315687190161e+04 
1.70329319292035e-01 8.78919502256174e+04 
1.70604088056945e-01 8.77574527369585e+04 
1.70878849720263e-01 8.76278851709958e+04 
1.71153543107500e-01 8.75031348908376e+04 
1.71428210073226e-01 8.73829968216793e+04 
1.71702803404646e-01 8.72673337159055e+04 
1.71977319148132e-01 8.71559391424469e+04 
1.72251719273728e-01 8.70486428840728e+04 
1.72525966918868e-01 8.69452264778217e+04 
1.72800017321376e-01 8.68454891871761e+04 
1.73073821695813e-01 8.67491999219821e+04 
1.73347354126238e-01 8.66561329529450e+04 
1.73620781411095e-01 8.65659879171065e+04 
1.73894004408037e-01 8.64785457092125e+04 
1.74166942529325e-01 8.63935872577516e+04 
1.74439525065522e-01 8.63108704952699e+04 
1.74711730628485e-01 8.62301999122132e+04 
1.74983662100158e-01 8.61512884967309e+04 
1.75255263137449e-01 8.60739331335693e+04 
1.75526678417693e-01 8.59979256790610e+04 
1.75797858349452e-01 8.59231585925789e+04 
1.76068945516706e-01 8.58494613940866e+04 
1.76339899081292e-01 8.57767266626897e+04 
1.76610797985362e-01 8.57048914004313e+04 
1.76881668074020e-01 8.56339935833678e+04 
1.77152572484186e-01 8.55637056613631e+04 
1.77423608689428e-01 8.54945271958771e+04 
1.77694688561683e-01 8.54267532214053e+04 
1.77965910135459e-01 8.53601552618110e+04 
1.78237195582997e-01 8.52934441379758e+04 
1.78508707703445e-01 8.52293733881328e+04 
1.78780333743773e-01 8.51671676726181e+04 
1.79052245668530e-01 8.51063127908190e+04 
1.79324336197806e-01 8.50465736653372e+04 
1.79596736052659e-01 8.49892555161346e+04 
1.79869397169664e-01 8.49320819499748e+04 
1.80142389697310e-01 8.48745440098304e+04 
1.80415685751973e-01 8.48175809325333e+04 
1.80689327818637e-01 8.47621180890110e+04 
1.80963238202321e-01 8.47087461355200e+04 
1.81237516148507e-01 8.46579299020508e+04 
1.81512043638682e-01 8.46099057398512e+04 
1.81786954388595e-01 8.45654069999594e+04 
1.82062116610034e-01 8.45239756560201e+04 
1.82337647335238e-01 8.44850401208748e+04 
1.82613449902264e-01 8.44485304959545e+04 
1.82889826002520e-01 8.44145082799880e+04 
1.83166494318085e-01 8.43829576226494e+04 
1.83443569906928e-01 8.43539120300963e+04 
1.83720944489300e-01 8.43273295322956e+04 
1.83998751022568e-01 8.43033135473873e+04 
1.84276856273838e-01 8.42819474958074e+04 
1.84555405951663e-01 8.42633680941352e+04 
1.84834241074920e-01 8.42476713130464e+04 
1.85113504455879e-01 8.42350108012009e+04 
1.85393073559684e-01 8.42254074149263e+04 
1.85673103944348e-01 8.42194686792700e+04 
1.85953779959689e-01 8.42171697655896e+04 
1.86234925294462e-01 8.42187343627012e+04 
1.86516481642026e-01 8.42244234596694e+04 
1.86798516564417e-01 8.42344306954305e+04 
1.87080969821442e-01 8.42489169415358e+04 
1.87363912470733e-01 8.42681185731167e+04 
1.87647295312446e-01 8.42922135432101e+04 
1.87931188731266e-01 8.43214504944021e+04 
1.88215530597130e-01 8.43559829871026e+04 
1.88500379867449e-01 8.43960327034105e+04 
1.88785703652982e-01 8.44417427728592e+04 
1.89071526228660e-01 8.44932991702645e+04 
1.89357837376767e-01 8.45508449712360e+04 
1.89644673511813e-01 8.46145630978208e+04 
1.89932018964863e-01 8.46846021729971e+04 
1.90219908898701e-01 8.47611515548969e+04 
1.90508316318232e-01 8.48443506104989e+04 
1.90797289707902e-01 8.49343688087730e+04 
1.91086798713904e-01 8.50312780004538e+04 
1.91376919467361e-01 8.51351525499641e+04 
1.91667606660001e-01 8.52458712067704e+04 
1.91958957827430e-01 8.53633394051876e+04 
1.92250900813701e-01 8.54872379281703e+04 
1.92543411097878e-01 8.56171575291486e+04 
1.92836571516273e-01 8.57525053384768e+04 
1.93130305335554e-01 8.58925594805206e+04 
1.93424715502448e-01 8.60363983855204e+04 
1.93719817757827e-01 8.61829384870747e+04 
1.94015647480810e-01 8.63310326679366e+04 
1.94312088293638e-01 8.64792132982341e+04 
1.94609189721076e-01 8.66260426175382e+04 
1.94906990721839e-01 8.67704390974994e+04 
1.95205464038825e-01 8.69106721907213e+04 
1.95504712875260e-01 8.70457914708110e+04 
1.95804645862645e-01 8.71750949486055e+04 
1.96105406779548e-01 8.72975666827341e+04 
1.96406878200185e-01 8.74120026846320e+04 
1.96709259765037e-01 8.75196510290129e+04 
1.97012385690514e-01 8.76191196814336e+04 
1.97316479977982e-01 8.77082316330508e+04 
1.97621293208761e-01 8.77947043598128e+04 
1.97926686796925e-01 8.78735945400660e+04 
1.98233067210898e-01 8.79527260443231e+04 
1.98540207837251e-01 8.80266795212492e+04 
1.98848250674986e-01 8.80829022748214e+04 
1.99157237875616e-01 8.81381306112314e+04 
1.99467113313517e-01 8.82775472715329e+04 
1.99777928973295e-01 8.85707464969821e+04 
2.00089619885717e-01 8.90698434174474e+04 
2.00402290653397e-01 8.98035011814013e+04 
