# Liste des scalaires : TEMPS pmat 
0.00000000000000e+00 1.00000000000000e+05 
7.22956891292051e-05 1.00000000000000e+05 
1.39473830159785e-04 1.00000000000000e+05 
2.09658797050082e-04 1.00000000000000e+05 
2.76117114236725e-04 1.00000000000000e+05 
3.20638761908116e-04 1.00000000000000e+05 
3.55139419127663e-04 1.00000000000000e+05 
3.84466703006943e-04 1.00000000000000e+05 
4.10882456555346e-04 1.00000000000000e+05 
4.35440253196323e-04 1.00000000000000e+05 
4.62453829501399e-04 1.00000000000000e+05 
4.92168763436982e-04 1.00000000000000e+05 
5.24855190766123e-04 1.00000000000000e+05 
5.60810260828178e-04 1.00000000000000e+05 
6.00360837896439e-04 1.00000000000000e+05 
6.43866472671526e-04 1.00000000000000e+05 
6.91722670924122e-04 1.00000000000000e+05 
7.44364489001977e-04 1.00000000000000e+05 
8.02270488887618e-04 1.00000000000000e+05 
8.65967088761823e-04 1.00000000000000e+05 
9.36033348623448e-04 1.00000000000000e+05 
1.01310623447124e-03 1.00000000000000e+05 
1.09788640890380e-03 1.00000000000000e+05 
1.19114460077963e-03 1.00000000000000e+05 
1.28874595967992e-03 1.00000000000000e+05 
1.39427742078086e-03 1.00000000000000e+05 
1.50221628787621e-03 1.00000000000000e+05 
1.61553425737478e-03 1.00000000000000e+05 
1.73457348070829e-03 1.00000000000000e+05 
1.85733677968620e-03 1.00000000000000e+05 
1.98616223838878e-03 1.00000000000000e+05 
2.11872938704634e-03 1.00000000000000e+05 
2.25541689819668e-03 1.00000000000000e+05 
2.39772133018680e-03 1.00000000000000e+05 
2.54485627309097e-03 1.00000000000000e+05 
2.69657390129204e-03 1.00000000000000e+05 
2.85238267869173e-03 1.00000000000000e+05 
3.01245336052034e-03 1.00000000000000e+05 
3.17812497446091e-03 1.00000000000000e+05 
3.34903914085918e-03 1.00000000000000e+05 
3.52550659026281e-03 1.00000000000000e+05 
3.70726992321347e-03 1.00000000000000e+05 
3.89587589613553e-03 1.00000000000000e+05 
4.08975108537142e-03 1.00000000000000e+05 
4.28959471140178e-03 1.00000000000000e+05 
4.49516060408378e-03 1.00000000000000e+05 
4.70839016598715e-03 1.00000000000000e+05 
4.92856382960960e-03 1.00000000000000e+05 
5.15483884145724e-03 1.00000000000000e+05 
5.38810296190474e-03 1.00000000000000e+05 
5.62716630832455e-03 1.00000000000000e+05 
5.87020911792027e-03 1.00000000000000e+05 
6.12048301668658e-03 1.00000000000000e+05 
6.37286594506238e-03 1.00000000000000e+05 
6.63255281660170e-03 1.00000000000000e+05 
6.89402258475546e-03 1.00000000000000e+05 
7.16407888326962e-03 1.00000000000000e+05 
7.43688359574158e-03 1.00000000000000e+05 
7.71399396444489e-03 1.00000000000000e+05 
7.99382024823350e-03 1.00000000000000e+05 
8.27676476722750e-03 1.00000000000000e+05 
8.55486963386459e-03 1.00000000000000e+05 
8.82693129547628e-03 1.00000000000000e+05 
9.09434992258108e-03 1.00000000000000e+05 
9.35798204986459e-03 1.00000000000000e+05 
9.61828190541887e-03 1.00000000000000e+05 
9.87458790234719e-03 1.00000000000000e+05 
1.01275999953474e-02 1.00000000000000e+05 
1.03780906819505e-02 1.00000000000000e+05 
1.06260594935723e-02 1.00000000000000e+05 
1.08549555553740e-02 1.00000000000000e+05 
1.10600486680676e-02 1.00000000000000e+05 
1.12527948523264e-02 1.00000000000000e+05 
1.14376554258319e-02 1.00000000000000e+05 
1.16160612507519e-02 1.00000000000000e+05 
1.17894063979958e-02 1.00000000000000e+05 
1.19585737899816e-02 1.00000000000000e+05 
1.21239481481242e-02 1.00000000000000e+05 
1.22866263127838e-02 1.00000000000000e+05 
1.24468089537589e-02 1.00000000000000e+05 
1.26055542543774e-02 1.00000000000000e+05 
1.27631470205865e-02 1.00000000000000e+05 
1.29206084730710e-02 1.00000000000000e+05 
1.30781236634911e-02 1.00000000000000e+05 
1.32361994251648e-02 1.00000000000000e+05 
1.33950719536474e-02 1.00000000000000e+05 
1.35550962746358e-02 1.00000000000000e+05 
1.37170965435593e-02 1.00000000000000e+05 
1.38810982417682e-02 1.00000000000000e+05 
1.40478745420497e-02 1.00000000000000e+05 
1.42173487034669e-02 1.00000000000000e+05 
1.43901228978187e-02 1.00000000000000e+05 
1.45659907642197e-02 1.00000000000000e+05 
1.47453964003593e-02 1.00000000000000e+05 
1.49279912270210e-02 1.00000000000000e+05 
1.51140852418480e-02 1.00000000000000e+05 
1.53031952558704e-02 1.00000000000000e+05 
1.54955102084179e-02 1.00000000000000e+05 
1.56904870377635e-02 1.00000000000000e+05 
1.58880143471457e-02 1.00000000000000e+05 
1.60879204032967e-02 1.00000000000000e+05 
1.62896864213758e-02 1.00000000000000e+05 
1.64933789786493e-02 1.00000000000000e+05 
1.66983399131095e-02 1.00000000000000e+05 
1.69047266649354e-02 1.00000000000000e+05 
1.71118877103436e-02 1.00000000000000e+05 
1.73200486655034e-02 1.00000000000000e+05 
1.75285944990515e-02 1.00000000000000e+05 
1.77378353670700e-02 1.00000000000000e+05 
1.79472030919146e-02 1.00000000000000e+05 
1.81570726938169e-02 1.00000000000000e+05 
1.83669122074352e-02 1.00000000000000e+05 
1.85771377073134e-02 1.00000000000000e+05 
1.87872560328043e-02 1.00000000000000e+05 
1.89976953686176e-02 1.00000000000000e+05 
1.92079924872749e-02 1.00000000000000e+05 
1.94185787197955e-02 1.00000000000000e+05 
1.96290165370969e-02 1.00000000000000e+05 
1.98397351971322e-02 1.00000000000000e+05 
2.00503181252509e-02 1.00000000000000e+05 
2.02611838535925e-02 1.00000000000000e+05 
2.04719309988400e-02 1.00000000000000e+05 
2.06829586772090e-02 1.00000000000000e+05 
2.08938818320339e-02 1.00000000000000e+05 
2.11050799883301e-02 1.00000000000000e+05 
2.13161923039671e-02 1.00000000000000e+05 
2.15275768932002e-02 1.00000000000000e+05 
2.17388918274578e-02 1.00000000000000e+05 
2.19504658698526e-02 1.00000000000000e+05 
2.21619641384213e-02 1.00000000000000e+05 
2.23736819634078e-02 1.00000000000000e+05 
2.25852879259019e-02 1.00000000000000e+05 
2.27970517477899e-02 1.00000000000000e+05 
2.30086546817084e-02 1.00000000000000e+05 
2.32203571375581e-02 1.00000000000000e+05 
2.34318668008417e-02 1.00000000000000e+05 
2.36434490465945e-02 1.00000000000000e+05 
2.38548443636153e-02 1.00000000000000e+05 
2.40663244172418e-02 1.00000000000000e+05 
2.42776495507397e-02 1.00000000000000e+05 
2.44890879783068e-02 1.00000000000000e+05 
2.47004177399667e-02 1.00000000000000e+05 
2.49119015687053e-02 1.00000000000000e+05 
2.51233371380161e-02 1.00000000000000e+05 
2.53349821328218e-02 1.00000000000000e+05 
2.55466513062895e-02 1.00000000000000e+05 
2.57585984538945e-02 1.00000000000000e+05 
2.59706526322539e-02 1.00000000000000e+05 
2.61830638967462e-02 1.00000000000000e+05 
2.63956718151696e-02 1.00000000000000e+05 
2.66087181405548e-02 1.00000000000000e+05 
2.68220495522738e-02 1.00000000000000e+05 
2.70358931215549e-02 1.00000000000000e+05 
2.72501008199195e-02 1.00000000000000e+05 
2.74648807306373e-02 1.00000000000000e+05 
2.76800904749702e-02 1.00000000000000e+05 
2.78959174330090e-02 1.00000000000000e+05 
2.81122261130371e-02 1.00000000000000e+05 
2.83291772231061e-02 1.00000000000000e+05 
2.85466468159386e-02 1.00000000000000e+05 
2.87647521861329e-02 1.00000000000000e+05 
2.89833770434227e-02 1.00000000000000e+05 
2.92005302335070e-02 1.00000000000000e+05 
2.94067259641757e-02 1.00000000000000e+05 
2.96012587511821e-02 1.00000000000000e+05 
2.97869436772552e-02 1.00000000000000e+05 
2.99676029597773e-02 1.00000000000000e+05 
3.01456167644904e-02 1.00000000000000e+05 
3.03231350066947e-02 1.00000000000000e+05 
3.04998842765077e-02 1.00000000000000e+05 
3.06751851384581e-02 1.00000000000000e+05 
3.08495480563314e-02 1.00000000000000e+05 
3.10244161966560e-02 1.00000000000000e+05 
3.11998828913786e-02 1.00000000000000e+05 
3.13769544123052e-02 1.00000000000000e+05 
3.15555361602877e-02 1.00000000000000e+05 
3.17363310799976e-02 1.00000000000000e+05 
3.19191341512376e-02 1.00000000000000e+05 
3.21044021573885e-02 1.00000000000000e+05 
3.22908179387027e-02 1.00000000000000e+05 
3.24776543847690e-02 1.00000000000000e+05 
3.26649812390068e-02 1.00000000000000e+05 
3.28532808867248e-02 1.00000000000000e+05 
3.30425877005931e-02 1.00000000000000e+05 
3.32333328147117e-02 1.00000000000000e+05 
3.34254596055155e-02 1.00000000000000e+05 
3.36193227474007e-02 1.00000000000000e+05 
3.38148961192912e-02 1.00000000000000e+05 
3.40124959692538e-02 1.00000000000000e+05 
3.42118098903528e-02 1.00000000000000e+05 
3.44113606796566e-02 1.00000000000000e+05 
3.46112715595382e-02 1.00000000000000e+05 
3.48119028773161e-02 1.00000000000000e+05 
3.50132891841431e-02 1.00000000000000e+05 
3.52157864470875e-02 1.00000000000000e+05 
3.54194661606468e-02 1.00000000000000e+05 
3.56246317031449e-02 1.00000000000000e+05 
3.58312879263172e-02 1.00000000000000e+05 
3.60396263456796e-02 1.00000000000000e+05 
3.62494801573097e-02 1.00000000000000e+05 
3.64598035152510e-02 1.00000000000000e+05 
3.66707039493621e-02 1.00000000000000e+05 
3.68825124442331e-02 1.00000000000000e+05 
3.70952746376217e-02 1.00000000000000e+05 
3.73092458509407e-02 1.00000000000000e+05 
3.75243964101305e-02 1.00000000000000e+05 
3.77408793520682e-02 1.00000000000000e+05 
3.79585975915591e-02 1.00000000000000e+05 
3.81777305444229e-02 1.00000000000000e+05 
3.83981815154522e-02 1.00000000000000e+05 
3.86199022738643e-02 1.00000000000000e+05 
3.88422837011257e-02 1.00000000000000e+05 
3.90654986553418e-02 1.00000000000000e+05 
3.92894803655214e-02 1.00000000000000e+05 
3.95143474446096e-02 1.00000000000000e+05 
3.97399802783104e-02 1.00000000000000e+05 
3.99665757530202e-02 1.00000000000000e+05 
4.01940483308771e-02 1.00000000000000e+05 
4.04225095971567e-02 1.00000000000000e+05 
4.06518474204524e-02 1.00000000000000e+05 
4.08821089048035e-02 1.00000000000000e+05 
4.11132172078823e-02 1.00000000000000e+05 
4.13450162608977e-02 1.00000000000000e+05 
4.15774399601969e-02 1.00000000000000e+05 
4.18103183045804e-02 1.00000000000000e+05 
4.20436262229714e-02 1.00000000000000e+05 
4.22774998206199e-02 1.00000000000000e+05 
4.25118749799105e-02 1.00000000000000e+05 
4.27469246315123e-02 1.00000000000000e+05 
4.29825619200159e-02 1.00000000000000e+05 
4.32189820181737e-02 1.00000000000000e+05 
4.34560958383884e-02 1.00000000000000e+05 
4.36939588150574e-02 1.00000000000000e+05 
4.39325954056336e-02 1.00000000000000e+05 
4.41720623802656e-02 1.00000000000000e+05 
4.44122810584912e-02 1.00000000000000e+05 
4.46533353430550e-02 1.00000000000000e+05 
4.48951073194275e-02 1.00000000000000e+05 
4.51377526302459e-02 1.00000000000000e+05 
4.53810955987052e-02 1.00000000000000e+05 
4.56253726055200e-02 1.00000000000000e+05 
4.58703084699756e-02 1.00000000000000e+05 
4.61162796537238e-02 1.00000000000000e+05 
4.63626688419060e-02 1.00000000000000e+05 
4.66102591131558e-02 1.00000000000000e+05 
4.68583578295274e-02 1.00000000000000e+05 
4.71078228196825e-02 1.00000000000000e+05 
4.73578144788646e-02 1.00000000000000e+05 
4.76092329294201e-02 1.00000000000000e+05 
4.78611889823388e-02 1.00000000000000e+05 
4.81145878881628e-02 1.00000000000000e+05 
4.83685195874989e-02 1.00000000000000e+05 
4.86236626335627e-02 1.00000000000000e+05 
4.88793820160260e-02 1.00000000000000e+05 
4.91362657609881e-02 1.00000000000000e+05 
4.93936427058251e-02 1.00000000000000e+05 
4.96522447230362e-02 1.00000000000000e+05 
4.99112375273748e-02 1.00000000000000e+05 
5.01715273771735e-02 1.00000000000000e+05 
5.04322105469689e-02 1.00000000000000e+05 
5.06943581396218e-02 1.00000000000000e+05 
5.09569553358635e-02 1.00000000000000e+05 
5.12210114581121e-02 1.00000000000000e+05 
5.14855167396534e-02 1.00000000000000e+05 
5.17514418969296e-02 1.00000000000000e+05 
5.20177913757028e-02 1.00000000000000e+05 
5.22855189028382e-02 1.00000000000000e+05 
5.25536525353714e-02 1.00000000000000e+05 
5.28229289304728e-02 1.00000000000000e+05 
5.30927661063730e-02 1.00000000000000e+05 
5.33634985051761e-02 1.00000000000000e+05 
5.36347726086159e-02 1.00000000000000e+05 
5.39069856802955e-02 1.00000000000000e+05 
5.41796978390840e-02 1.00000000000000e+05 
5.44533841636105e-02 1.00000000000000e+05 
5.47274882661846e-02 1.00000000000000e+05 
5.50025484402479e-02 1.00000000000000e+05 
5.52780712858941e-02 1.00000000000000e+05 
5.55544804208756e-02 1.00000000000000e+05 
5.58314058397417e-02 1.00000000000000e+05 
5.61093091015518e-02 1.00000000000000e+05 
5.63877549711965e-02 1.00000000000000e+05 
5.66672436752466e-02 1.00000000000000e+05 
5.69473061340951e-02 1.00000000000000e+05 
5.72284311658897e-02 1.00000000000000e+05 
5.75101688441661e-02 1.00000000000000e+05 
5.77929507306384e-02 1.00000000000000e+05 
5.80764150329849e-02 1.00000000000000e+05 
5.83607066852111e-02 1.00000000000000e+05 
5.86457548496061e-02 1.00000000000000e+05 
5.89316109315322e-02 1.00000000000000e+05 
5.92182204198257e-02 1.00000000000000e+05 
5.95056477286070e-02 1.00000000000000e+05 
5.97938067883148e-02 1.00000000000000e+05 
6.00827904863092e-02 1.00000000000000e+05 
6.03724931684651e-02 1.00000000000000e+05 
6.06630359265567e-02 1.00000000000000e+05 
6.09542968176486e-02 1.00000000000000e+05 
6.12464032791519e-02 1.00000000000000e+05 
6.15392202362423e-02 1.00000000000000e+05 
6.18328842226449e-02 1.00000000000000e+05 
6.21272480270494e-02 1.00000000000000e+05 
6.24219794828427e-02 1.00000000000000e+05 
6.27169405685979e-02 1.00000000000000e+05 
6.30121078405680e-02 1.00000000000000e+05 
6.33073176922960e-02 1.00000000000000e+05 
6.36026065972859e-02 1.00000000000000e+05 
6.38980300761122e-02 1.00000000000000e+05 
6.41938095943025e-02 1.00000000000000e+05 
6.44898990853450e-02 1.00000000000000e+05 
6.47861964805930e-02 1.00000000000000e+05 
6.50827656869843e-02 1.00000000000000e+05 
6.53796093938533e-02 1.00000000000000e+05 
6.56767698308574e-02 1.00000000000000e+05 
6.59742455363342e-02 1.00000000000000e+05 
6.62720523746938e-02 1.00000000000000e+05 
6.65701931352737e-02 1.00000000000000e+05 
6.68686839114746e-02 1.00000000000000e+05 
6.71675103309975e-02 1.00000000000000e+05 
6.74667005624070e-02 1.00000000000000e+05 
6.77662096566850e-02 1.00000000000000e+05 
6.80661013301630e-02 1.00000000000000e+05 
6.83663043154694e-02 1.00000000000000e+05 
6.86669121650972e-02 1.00000000000000e+05 
6.89678411097053e-02 1.00000000000000e+05 
6.92692062866038e-02 1.00000000000000e+05 
6.95709152070337e-02 1.00000000000000e+05 
6.98730758571960e-02 1.00000000000000e+05 
7.01755626259951e-02 1.00000000000000e+05 
7.04784719375935e-02 1.00000000000000e+05 
7.07816783784215e-02 1.00000000000000e+05 
7.10852582154811e-02 1.00000000000000e+05 
7.13891226926336e-02 1.00000000000000e+05 
7.16933100491916e-02 1.00000000000000e+05 
7.19977742066507e-02 1.00000000000000e+05 
7.23025109164315e-02 1.00000000000000e+05 
7.26075171837505e-02 1.00000000000000e+05 
7.29127988780449e-02 1.00000000000000e+05 
7.32183524307760e-02 1.00000000000000e+05 
7.35241775485643e-02 1.00000000000000e+05 
7.38302508377899e-02 1.00000000000000e+05 
7.41365971005746e-02 1.00000000000000e+05 
7.44431419762766e-02 1.00000000000000e+05 
7.47499548284204e-02 1.00000000000000e+05 
7.50568825797111e-02 1.00000000000000e+05 
7.53640625348079e-02 1.00000000000000e+05 
7.56712343380512e-02 1.00000000000000e+05 
7.59785719052421e-02 1.00000000000000e+05 
7.62858122765965e-02 1.00000000000000e+05 
7.65931362900256e-02 1.00000000000000e+05 
7.69003253952484e-02 1.00000000000000e+05 
7.72075353841651e-02 1.00000000000000e+05 
7.75144806001764e-02 1.00000000000000e+05 
7.78212986921014e-02 1.00000000000000e+05 
7.81269552485675e-02 1.00000000000000e+05 
7.84302443623348e-02 1.00000000000000e+05 
7.87330763935458e-02 1.00000000000000e+05 
7.90375436712360e-02 1.00000000000000e+05 
7.93411417801607e-02 1.00000000000000e+05 
7.96438199523297e-02 1.00000000000000e+05 
7.99455358620190e-02 1.00000000000000e+05 
8.02449873252892e-02 1.00000000000000e+05 
8.05422791303440e-02 1.00000000000000e+05 
8.08376578831289e-02 1.00000000000000e+05 
8.11315489140085e-02 1.00000000000000e+05 
8.14242487027306e-02 1.00000000000000e+05 
8.17162067251542e-02 1.00000000000000e+05 
8.20076520180383e-02 1.00000000000000e+05 
8.22989281581078e-02 1.00000000000000e+05 
8.25901740626875e-02 1.00000000000000e+05 
8.28815653463499e-02 1.00000000000000e+05 
8.31731843472349e-02 1.00000000000000e+05 
8.34650939088267e-02 1.00000000000000e+05 
8.37573684677807e-02 1.00000000000000e+05 
8.40499874314029e-02 1.00000000000000e+05 
8.43430279608822e-02 1.00000000000000e+05 
8.46364194399521e-02 1.00000000000000e+05 
8.49301736200007e-02 1.00000000000000e+05 
8.52243124138148e-02 1.00000000000000e+05 
8.55187905116001e-02 1.00000000000000e+05 
8.58135950621879e-02 1.00000000000000e+05 
8.61087537423891e-02 1.00000000000000e+05 
8.64041424730908e-02 1.00000000000000e+05 
8.66998802915328e-02 1.00000000000000e+05 
8.69957974910627e-02 1.00000000000000e+05 
8.72920522904049e-02 1.00000000000000e+05 
8.75884678942360e-02 1.00000000000000e+05 
8.78852196145834e-02 1.00000000000000e+05 
8.81821195849297e-02 1.00000000000000e+05 
8.84793653695231e-02 1.00000000000000e+05 
8.87767488848890e-02 1.00000000000000e+05 
8.90744906903354e-02 1.00000000000000e+05 
8.93723602045317e-02 1.00000000000000e+05 
8.96705984953083e-02 1.00000000000000e+05 
8.99689461866423e-02 1.00000000000000e+05 
9.02676878991363e-02 1.00000000000000e+05 
9.05665783088171e-02 1.00000000000000e+05 
9.08660912764878e-02 1.00000000000000e+05 
9.11658278435122e-02 1.00000000000000e+05 
9.14658928792198e-02 1.00000000000000e+05 
9.17661528072133e-02 1.00000000000000e+05 
9.20666990725411e-02 1.00000000000000e+05 
9.23674882879501e-02 1.00000000000000e+05 
9.26686128159644e-02 1.00000000000000e+05 
9.29699945359422e-02 1.00000000000000e+05 
9.32717238635912e-02 1.00000000000000e+05 
9.35737021363635e-02 1.00000000000000e+05 
9.38760362604102e-02 1.00000000000000e+05 
9.41786127922675e-02 1.00000000000000e+05 
9.44815545820173e-02 1.00000000000000e+05 
9.47847396961929e-02 1.00000000000000e+05 
9.50883007220439e-02 1.00000000000000e+05 
9.53921135397228e-02 1.00000000000000e+05 
9.56963126057074e-02 1.00000000000000e+05 
9.60007655921192e-02 1.00000000000000e+05 
9.63056029965663e-02 1.00000000000000e+05 
9.66107068068369e-02 1.00000000000000e+05 
9.69161920101571e-02 1.00000000000000e+05 
9.72219549871184e-02 1.00000000000000e+05 
9.75280943467817e-02 1.00000000000000e+05 
9.78345111083892e-02 1.00000000000000e+05 
9.81412990738482e-02 1.00000000000000e+05 
9.84483690717129e-02 1.00000000000000e+05 
9.87558065076338e-02 1.00000000000000e+05 
9.90635215526513e-02 1.00000000000000e+05 
9.93716105745949e-02 1.00000000000000e+05 
9.96799419385318e-02 1.00000000000000e+05 
9.99886653096003e-02 1.00000000000000e+05 
1.00297541907539e-01 1.00000000000000e+05 
1.00606754191532e-01 1.00000000000000e+05 
1.00916066683008e-01 1.00000000000000e+05 
1.01225637906541e-01 1.00000000000000e+05 
1.01535247617197e-01 1.00000000000000e+05 
1.01845022629885e-01 1.00000000000000e+05 
1.02154771522888e-01 1.00000000000000e+05 
1.02464598877120e-01 1.00000000000000e+05 
1.02774332752074e-01 1.00000000000000e+05 
1.03084039505064e-01 1.00000000000000e+05 
1.03393557115857e-01 1.00000000000000e+05 
1.03702912356484e-01 1.00000000000000e+05 
1.04011970635087e-01 1.00000000000000e+05 
1.04320712950891e-01 1.00000000000000e+05 
1.04629017268569e-01 1.00000000000000e+05 
1.04936797412980e-01 1.00000000000000e+05 
1.05243948018706e-01 1.00000000000000e+05 
1.05550296373632e-01 1.00000000000000e+05 
1.05855773211711e-01 1.00000000000000e+05 
1.06160125459212e-01 1.00000000000000e+05 
1.06463383132913e-01 1.00000000000000e+05 
1.06765248549298e-01 1.00000000000000e+05 
1.07065885308579e-01 1.00000000000000e+05 
1.07365008537111e-01 1.00000000000000e+05 
1.07662911378686e-01 1.00000000000000e+05 
1.07959335696372e-01 1.00000000000000e+05 
1.08254670096945e-01 1.00000000000000e+05 
1.08548707244158e-01 1.00000000000000e+05 
1.08841858227763e-01 1.00000000000000e+05 
1.09133979448057e-01 1.00000000000000e+05 
1.09425362578440e-01 1.00000000000000e+05 
1.09715966670002e-01 1.00000000000000e+05 
1.10005952961468e-01 1.00000000000000e+05 
1.10295454548549e-01 1.00000000000000e+05 
1.10584495302722e-01 1.00000000000000e+05 
1.10873090502989e-01 1.00000000000000e+05 
1.11161324048894e-01 1.00000000000000e+05 
1.11450578379352e-01 1.00000000000000e+05 
1.11739568512604e-01 1.00000000000000e+05 
1.12028137054744e-01 1.00000000000000e+05 
1.12316511409795e-01 1.00000000000000e+05 
1.12604530336933e-01 1.00000000000000e+05 
1.12892411504632e-01 1.00000000000000e+05 
1.13179999114542e-01 1.00000000000000e+05 
1.13467514337013e-01 1.00000000000000e+05 
1.13754795430591e-01 1.00000000000000e+05 
1.14042065870050e-01 1.00000000000000e+05 
1.14329163174487e-01 1.00000000000000e+05 
1.14616295300150e-01 1.00000000000000e+05 
1.14903304241968e-01 1.00000000000000e+05 
1.15190377426888e-01 1.00000000000000e+05 
1.15477365193099e-01 1.00000000000000e+05 
1.15764435576851e-01 1.00000000000000e+05 
1.16051451001709e-01 1.00000000000000e+05 
1.16338556731377e-01 1.00000000000000e+05 
1.16625629784371e-01 1.00000000000000e+05 
1.16912799058868e-01 1.00000000000000e+05 
1.17199949529278e-01 1.00000000000000e+05 
1.17487192718728e-01 1.00000000000000e+05 
1.17774425831947e-01 1.00000000000000e+05 
1.18061742528967e-01 1.00000000000000e+05 
1.18349055662581e-01 1.00000000000000e+05 
1.18636447360109e-01 1.00000000000000e+05 
1.18923819083756e-01 1.00000000000000e+05 
1.19211255326749e-01 1.00000000000000e+05 
1.19499003328807e-01 1.00000000000000e+05 
1.19786984481742e-01 1.00000000000000e+05 
1.20074790608497e-01 1.00000000000000e+05 
1.20362800387130e-01 1.00000000000000e+05 
1.20650634752491e-01 1.00000000000000e+05 
1.20938631094311e-01 1.00000000000000e+05 
1.21226436511734e-01 1.00000000000000e+05 
1.21514376145087e-01 1.00000000000000e+05 
1.21802112458621e-01 1.00000000000000e+05 
1.22089960783049e-01 1.00000000000000e+05 
1.22377583301558e-01 1.00000000000000e+05 
1.22665299111802e-01 1.00000000000000e+05 
1.22952782925379e-01 1.00000000000000e+05 
1.23240353373963e-01 1.00000000000000e+05 
1.23527702639255e-01 1.00000000000000e+05 
1.23815124345625e-01 1.00000000000000e+05 
1.24102337398337e-01 1.00000000000000e+05 
1.24389612525240e-01 1.00000000000000e+05 
1.24676695482084e-01 1.00000000000000e+05 
1.24963837288730e-01 1.00000000000000e+05 
1.25250807823680e-01 1.00000000000000e+05 
1.25537837895960e-01 1.00000000000000e+05 
1.25824718667707e-01 1.00000000000000e+05 
1.26111662779609e-01 1.00000000000000e+05 
1.26398479537075e-01 1.00000000000000e+05 
1.26685359563045e-01 1.00000000000000e+05 
1.26972130389671e-01 1.00000000000000e+05 
1.27258963638287e-01 1.00000000000000e+05 
1.27545624242306e-01 1.00000000000000e+05 
1.27832505797883e-01 1.00000000000000e+05 
1.28119109338790e-01 1.00000000000000e+05 
1.28405930773568e-01 1.00000000000000e+05 
1.28692505642927e-01 1.00000000000000e+05 
1.28979298546934e-01 1.00000000000000e+05 
1.29265883619125e-01 1.00000000000000e+05 
1.29552656624089e-01 1.00000000000000e+05 
1.29839226519128e-01 1.00000000000000e+05 
1.30125968413491e-01 1.00000000000000e+05 
1.30412511349796e-01 1.00000000000000e+05 
1.30699230012839e-01 1.00000000000000e+05 
1.30985761679813e-01 1.00000000000000e+05 
1.31272479056518e-01 1.00000000000000e+05 
1.31559041418019e-01 1.00000000000000e+05 
1.31845754298449e-01 1.00000000000000e+05 
1.32132258100583e-01 1.00000000000000e+05 
1.32418899043026e-01 1.00000000000000e+05 
1.32705354847920e-01 1.00000000000000e+05 
1.32991962619316e-01 1.00000000000000e+05 
1.33278397793432e-01 1.00000000000000e+05 
1.33564984289922e-01 1.00000000000000e+05 
1.33851404449966e-01 1.00000000000000e+05 
1.34137983021765e-01 1.00000000000000e+05 
1.34424407840085e-01 1.00000000000000e+05 
1.34710996586978e-01 1.00000000000000e+05 
1.34997439402180e-01 1.00000000000000e+05 
1.35284041499936e-01 1.00000000000000e+05 
1.35570500759494e-01 1.00000000000000e+05 
1.35857114349245e-01 1.00000000000000e+05 
1.36143593191195e-01 1.00000000000000e+05 
1.36430216727009e-01 1.00000000000000e+05 
1.36716703346039e-01 1.00000000000000e+05 
1.37003329267720e-01 1.00000000000000e+05 
1.37289836188875e-01 1.00000000000000e+05 
1.37576447526982e-01 1.00000000000000e+05 
1.37862907215502e-01 1.00000000000000e+05 
1.38149459053259e-01 1.00000000000000e+05 
1.38435841922840e-01 1.00000000000000e+05 
1.38722328166439e-01 1.00000000000000e+05 
1.39008642309641e-01 1.00000000000000e+05 
1.39295058055491e-01 1.00000000000000e+05 
1.39581312124968e-01 1.00000000000000e+05 
1.39867658509882e-01 1.00000000000000e+05 
1.40153850903136e-01 1.00000000000000e+05 
1.40440112225066e-01 1.00000000000000e+05 
1.40726204500234e-01 1.00000000000000e+05 
1.41012348838706e-01 1.00000000000000e+05 
1.41298314513575e-01 1.00000000000000e+05 
1.41584324617789e-01 1.00000000000000e+05 
1.41870149553842e-01 1.00000000000000e+05 
1.42156012450671e-01 1.00000000000000e+05 
1.42441678955479e-01 1.00000000000000e+05 
1.42727365942578e-01 1.00000000000000e+05 
1.43012840437366e-01 1.00000000000000e+05 
1.43298325683941e-01 1.00000000000000e+05 
1.43583592169466e-01 1.00000000000000e+05 
1.43868855999465e-01 1.00000000000000e+05 
1.44153891772345e-01 1.00000000000000e+05 
1.44438906374670e-01 1.00000000000000e+05 
1.44723675921029e-01 1.00000000000000e+05 
1.45008382022762e-01 1.00000000000000e+05 
1.45292779123414e-01 1.00000000000000e+05 
1.45577117746492e-01 1.00000000000000e+05 
1.45861159223291e-01 1.00000000000000e+05 
1.46145144342527e-01 1.00000000000000e+05 
1.46428864551224e-01 1.00000000000000e+05 
1.46712520747332e-01 1.00000000000000e+05 
1.46995924851027e-01 1.00000000000000e+05 
1.47279236870014e-01 1.00000000000000e+05 
1.47562293215591e-01 1.00000000000000e+05 
1.47845247412230e-01 1.00000000000000e+05 
1.48127949648865e-01 1.00000000000000e+05 
1.48410544064004e-01 1.00000000000000e+05 
1.48692896668766e-01 1.00000000000000e+05 
1.48975157338578e-01 1.00000000000000e+05 
1.49257193483217e-01 1.00000000000000e+05 
1.49539163345591e-01 1.00000000000000e+05 
1.49820927122949e-01 1.00000000000000e+05 
1.50102650685695e-01 1.00000000000000e+05 
1.50384152033778e-01 1.00000000000000e+05 
1.50665579489777e-01 1.00000000000000e+05 
1.50946726164890e-01 1.00000000000000e+05 
1.51227812671933e-01 1.00000000000000e+05 
1.51508637549127e-01 1.00000000000000e+05 
1.51789419679320e-01 1.00000000000000e+05 
1.52069984555854e-01 1.00000000000000e+05 
1.52350526262261e-01 1.00000000000000e+05 
1.52630907252705e-01 1.00000000000000e+05 
1.52911254552664e-01 1.00000000000000e+05 
1.53191462366421e-01 1.00000000000000e+05 
1.53471629234673e-01 1.00000000000000e+05 
1.53751675514310e-01 1.00000000000000e+05 
1.54031682055073e-01 1.00000000000000e+05 
1.54311577517519e-01 1.00000000000000e+05 
1.54591436549703e-01 1.00000000000000e+05 
1.54871189128163e-01 1.00000000000000e+05 
1.55150905764768e-01 1.00000000000000e+05 
1.55430508131084e-01 1.00000000000000e+05 
1.55710055430014e-01 1.00000000000000e+05 
1.55989409787269e-01 1.00000000000000e+05 
1.56268683026161e-01 1.00000000000000e+05 
1.56547725290285e-01 1.00000000000000e+05 
1.56826645766813e-01 1.00000000000000e+05 
1.57105295933687e-01 1.00000000000000e+05 
1.57383767536726e-01 1.00000000000000e+05 
1.57661950705233e-01 1.00000000000000e+05 
1.57939895313493e-01 1.00000000000000e+05 
1.58217543532160e-01 1.00000000000000e+05 
1.58494868096882e-01 1.00000000000000e+05 
1.58771858995665e-01 1.00000000000000e+05 
1.59048455023818e-01 1.00000000000000e+05 
1.59324695048720e-01 1.00000000000000e+05 
1.59600507336800e-01 1.00000000000000e+05 
1.59875968019353e-01 1.00000000000000e+05 
1.60151004236127e-01 1.00000000000000e+05 
1.60425702170852e-01 1.00000000000000e+05 
1.60700014819039e-01 1.00000000000000e+05 
1.60974019987996e-01 1.00000000000000e+05 
1.61247684742586e-01 1.00000000000000e+05 
1.61521070291426e-01 1.00000000000000e+05 
1.61794191581016e-01 1.00000000000000e+05 
1.62067177415235e-01 1.00000000000000e+05 
1.62339917284573e-01 1.00000000000000e+05 
1.62612455371006e-01 1.00000000000000e+05 
1.62884799597914e-01 1.00000000000000e+05 
1.63156990161730e-01 1.00000000000000e+05 
1.63428998850383e-01 1.00000000000000e+05 
1.63700868139266e-01 1.00000000000000e+05 
1.63972521910945e-01 1.00000000000000e+05 
1.64243937591904e-01 1.00000000000000e+05 
1.64515096161197e-01 1.00000000000000e+05 
1.64786005325295e-01 1.00000000000000e+05 
1.65056619405849e-01 1.00000000000000e+05 
1.65326965731725e-01 1.00000000000000e+05 
1.65596957805261e-01 1.00000000000000e+05 
1.65866646648148e-01 1.00000000000000e+05 
1.66135897190871e-01 1.00000000000000e+05 
1.66404766275413e-01 1.00000000000000e+05 
1.66673069262253e-01 1.00000000000000e+05 
1.66940869616907e-01 1.00000000000000e+05 
1.67207985973084e-01 1.00000000000000e+05 
1.67474473064486e-01 1.00000000000000e+05 
1.67740235224321e-01 1.00000000000000e+05 
1.68005306496677e-01 1.00000000000000e+05 
1.68269658021110e-01 1.00000000000000e+05 
1.68533240610952e-01 1.00000000000000e+05 
1.68796165119455e-01 1.00000000000000e+05 
1.69058902246441e-01 1.00000000000000e+05 
1.69320798818949e-01 1.00000000000000e+05 
1.69582042839555e-01 1.00000000000000e+05 
1.69842472164464e-01 1.00000000000000e+05 
1.70102322445252e-01 1.00000000000000e+05 
1.70361426876835e-01 1.00000000000000e+05 
1.70620082812573e-01 1.00000000000000e+05 
1.70878175577233e-01 1.00000000000000e+05 
1.71135985538405e-01 1.00000000000000e+05 
1.71393466090784e-01 1.00000000000000e+05 
1.71651593454998e-01 1.00000000000000e+05 
1.71909362532204e-01 1.00000000000000e+05 
1.72166888888485e-01 1.00000000000000e+05 
1.72424148469845e-01 1.00000000000000e+05 
1.72681187334838e-01 1.00000000000000e+05 
1.72937945600359e-01 1.00000000000000e+05 
1.73194483054949e-01 1.00000000000000e+05 
1.73450737902921e-01 1.00000000000000e+05 
1.73706803405588e-01 1.00000000000000e+05 
1.73962619304672e-01 1.00000000000000e+05 
1.74218293291719e-01 1.00000000000000e+05 
1.74473812195342e-01 1.00000000000000e+05 
1.74729992633699e-01 1.00000000000000e+05 
1.74985968471933e-01 1.00000000000000e+05 
1.75241900557927e-01 1.00000000000000e+05 
1.75497652658973e-01 1.00000000000000e+05 
1.75753421116856e-01 1.00000000000000e+05 
1.76009091492665e-01 1.00000000000000e+05 
1.76264814455126e-01 1.00000000000000e+05 
1.76520506040186e-01 1.00000000000000e+05 
1.76776195880313e-01 1.00000000000000e+05 
1.77031908915451e-01 1.00000000000000e+05 
1.77289286351409e-01 1.00000000000000e+05 
1.77546613177440e-01 1.00000000000000e+05 
1.77803956563044e-01 1.00000000000000e+05 
1.78061251457819e-01 1.00000000000000e+05 
1.78318546237333e-01 1.00000000000000e+05 
1.78575814338028e-01 1.00000000000000e+05 
1.78833024314963e-01 1.00000000000000e+05 
1.79090232349195e-01 1.00000000000000e+05 
1.79347373944805e-01 1.00000000000000e+05 
1.79604520732495e-01 1.00000000000000e+05 
1.79863928974464e-01 1.00000000000000e+05 
1.80123293135912e-01 1.00000000000000e+05 
1.80382688662300e-01 1.00000000000000e+05 
1.80642070483442e-01 1.00000000000000e+05 
1.80901405166471e-01 1.00000000000000e+05 
1.81160787863771e-01 1.00000000000000e+05 
1.81420143760275e-01 1.00000000000000e+05 
1.81679559906538e-01 9.99999999999999e+04 
1.81938939310022e-01 9.99999999999999e+04 
1.82198377738623e-01 9.99999999999999e+04 
1.82460249867724e-01 9.99999999999999e+04 
1.82722166892530e-01 9.99999999999999e+04 
1.82984128914729e-01 9.99999999999999e+04 
1.83246162904345e-01 9.99999999999999e+04 
1.83508171542657e-01 9.99999999999998e+04 
1.83770276490946e-01 9.99999999999998e+04 
1.84032380846087e-01 9.99999999999998e+04 
1.84294589206389e-01 9.99999999999998e+04 
1.84556805495076e-01 9.99999999999997e+04 
1.84821729452878e-01 9.99999999999997e+04 
1.85086749980287e-01 1.00000000000266e+05 
1.85351871378492e-01 1.00000000001478e+05 
1.85617066985475e-01 1.00000000003760e+05 
1.85882352354697e-01 1.00000000007396e+05 
1.86147720942159e-01 1.00000000024544e+05 
1.86413188005811e-01 1.00000000047420e+05 
1.86678743577559e-01 1.00000000075615e+05 
1.86948427480800e-01 1.00000000110658e+05 
1.87218189007228e-01 1.00000000152507e+05 
1.87488104704101e-01 1.00000000202026e+05 
1.87757913491110e-01 1.00000000259135e+05 
1.88026822755756e-01 1.00000000324535e+05 
1.88295863594001e-01 1.00000000398079e+05 
1.88565403919786e-01 1.00000000479400e+05 
1.88835393944650e-01 1.00000000578906e+05 
1.89106168269704e-01 1.00000000687550e+05 
1.89377108845451e-01 1.00000000792313e+05 
1.89648370631689e-01 1.00000000902150e+05 
1.89919807417726e-01 1.00000001006539e+05 
1.90191569202724e-01 1.00000001118163e+05 
1.90463431173856e-01 1.00000001235770e+05 
1.90740221937654e-01 1.00000001360633e+05 
1.91017246859271e-01 1.00000001489704e+05 
1.91294663027060e-01 1.00000001621770e+05 
1.91572247483899e-01 1.00000001755852e+05 
1.91850122383815e-01 1.00000001891380e+05 
1.92128134745758e-01 1.00000002027791e+05 
1.92406342422972e-01 1.00000002164160e+05 
1.92684678013425e-01 1.00000002299507e+05 
1.92963183170943e-01 1.00000002433505e+05 
1.93241954441918e-01 1.00000002602880e+05 
1.93521047874155e-01 1.00000002761983e+05 
1.93800558781829e-01 1.00000002911487e+05 
1.94080590000366e-01 1.00000003051486e+05 
1.94361048918712e-01 1.00000003182201e+05 
1.94642063797375e-01 1.00000003304682e+05 
1.94923398048234e-01 1.00000003418515e+05 
1.95205200540843e-01 1.00000003525477e+05 
1.95487210388316e-01 1.00000003624782e+05 
1.95769558160328e-01 1.00000003718527e+05 
1.96052065657146e-01 1.00000003805960e+05 
1.96334830253606e-01 1.00000003889364e+05 
1.96617743946208e-01 1.00000003925146e+05 
1.96900874484288e-01 1.00000003963185e+05 
1.97184163963882e-01 1.00000004001918e+05 
1.97467651449174e-01 1.00000004042351e+05 
1.97751312298751e-01 1.00000004083818e+05 
1.98035171968985e-01 1.00000004126610e+05 
1.98319219245515e-01 1.00000004170901e+05 
1.98603474168190e-01 1.00000004215958e+05 
1.98887922114687e-01 1.00000004262690e+05 
1.99172571189680e-01 1.00000004311825e+05 
1.99457435454597e-01 1.00000004360549e+05 
1.99742500725208e-01 1.00000004407903e+05 
2.00027795257332e-01 1.00000004602670e+05 
2.00313309245740e-01 1.00000004785083e+05 
