# Liste des scalaires : TEMPS pmat 
0.00000000000000e+00 1.00000000000000e+05 
7.22956891292051e-05 1.00000000000000e+05 
1.39473830159785e-04 1.00000000000000e+05 
2.09658797050082e-04 1.00000000000000e+05 
2.76117114236725e-04 1.00000000000000e+05 
3.20638761908116e-04 1.00000000000000e+05 
3.55139419127663e-04 1.00000000000000e+05 
3.84466703006943e-04 1.00000000000000e+05 
4.10882456555346e-04 1.00000000000000e+05 
4.35440253196323e-04 1.00000000000000e+05 
4.62453829501399e-04 1.00000000000000e+05 
4.92168763436982e-04 1.00000000000000e+05 
5.24855190766123e-04 1.00000000000000e+05 
5.60810260828178e-04 1.00000000000000e+05 
6.00360837896439e-04 1.00000000000000e+05 
6.43866472671526e-04 1.00000000000000e+05 
6.91722670924122e-04 1.00000000000000e+05 
7.44364489001977e-04 1.00000000000000e+05 
8.02270488887618e-04 1.00000000000000e+05 
8.65967088761823e-04 1.00000000000000e+05 
9.36033348623448e-04 1.00000000000000e+05 
1.01310623447124e-03 1.00000000000000e+05 
1.09788640890380e-03 1.00000000000000e+05 
1.19114460077963e-03 1.00000000000000e+05 
1.28874595967992e-03 1.00000000000000e+05 
1.39427742078086e-03 1.00000000000000e+05 
1.50221628787621e-03 1.00000000000000e+05 
1.61553425737478e-03 1.00000000000000e+05 
1.73457348070829e-03 1.00000000000000e+05 
1.85733677968620e-03 1.00000000000000e+05 
1.98616223838878e-03 1.00000000000000e+05 
2.11872938704634e-03 1.00000000000000e+05 
2.25541689819668e-03 1.00000000000000e+05 
2.39772133018680e-03 1.00000000000000e+05 
2.54485627309097e-03 1.00000000000000e+05 
2.69657390129204e-03 1.00000000000000e+05 
2.85238267869173e-03 1.00000000000000e+05 
3.01245336052034e-03 1.00000000000000e+05 
3.17812497446091e-03 1.00000000000000e+05 
3.34903914085918e-03 1.00000000000000e+05 
3.52550659026281e-03 1.00000000000000e+05 
3.70726992321347e-03 1.00000000000000e+05 
3.89587589613553e-03 1.00000000000000e+05 
4.08975108537142e-03 1.00000000000000e+05 
4.28959471140178e-03 1.00000000000000e+05 
4.49516060408378e-03 1.00000000000000e+05 
4.70839016598715e-03 1.00000000000000e+05 
4.92856382960960e-03 1.00000000000000e+05 
5.15483884145724e-03 1.00000000000000e+05 
5.38810296190474e-03 1.00000000000000e+05 
5.62716630832455e-03 1.00000000000000e+05 
5.87020911792027e-03 1.00000000000000e+05 
6.12048301668658e-03 1.00000000000000e+05 
6.37286594506238e-03 1.00000000000000e+05 
6.63255281660170e-03 1.00000000000000e+05 
6.89402258475546e-03 1.00000000000000e+05 
7.16407888326962e-03 1.00000000000000e+05 
7.43688359574158e-03 1.00000000000000e+05 
7.71399396444489e-03 1.00000000000000e+05 
7.99382024823350e-03 1.00000000000000e+05 
8.27676476722750e-03 1.00000000000000e+05 
8.55486963386459e-03 1.00000000000000e+05 
8.82693129547628e-03 1.00000000000000e+05 
9.09434992258108e-03 1.00000000000000e+05 
9.35798204986459e-03 1.00000000000000e+05 
9.61828190541887e-03 1.00000000000000e+05 
9.87458790234719e-03 1.00000000000000e+05 
1.01275999953474e-02 1.00000000000000e+05 
1.03780906819505e-02 1.00000000000000e+05 
1.06260594935723e-02 1.00000000000000e+05 
1.08549555553740e-02 1.00000000000000e+05 
1.10600486680676e-02 1.00000000000000e+05 
1.12527948523264e-02 1.00000000000000e+05 
1.14376554258319e-02 1.00000000000000e+05 
1.16160612507519e-02 1.00000000000000e+05 
1.17894063979958e-02 1.00000000000000e+05 
1.19585737899816e-02 1.00000000000000e+05 
1.21239481481242e-02 1.00000000000000e+05 
1.22866263127838e-02 1.00000000000000e+05 
1.24468089537589e-02 1.00000000000000e+05 
1.26055542543774e-02 1.00000000000000e+05 
1.27631470205865e-02 1.00000000000000e+05 
1.29206084730710e-02 1.00000000000000e+05 
1.30781236634911e-02 1.00000000000000e+05 
1.32361994251648e-02 1.00000000000000e+05 
1.33950719536474e-02 1.00000000000000e+05 
1.35550962746358e-02 1.00000000000000e+05 
1.37170965435593e-02 1.00000000000000e+05 
1.38810982417682e-02 1.00000000000000e+05 
1.40478745420497e-02 1.00000000000000e+05 
1.42173487034669e-02 1.00000000000000e+05 
1.43901228978187e-02 1.00000000000000e+05 
1.45659907642197e-02 1.00000000000000e+05 
1.47453964003593e-02 1.00000000000000e+05 
1.49279912270210e-02 1.00000000000000e+05 
1.51140852418480e-02 1.00000000000000e+05 
1.53031952558704e-02 1.00000000000000e+05 
1.54955102084179e-02 1.00000000000000e+05 
1.56904870377635e-02 1.00000000000000e+05 
1.58880143471457e-02 1.00000000000000e+05 
1.60879204032967e-02 1.00000000000000e+05 
1.62896864213758e-02 1.00000000000000e+05 
1.64933789786493e-02 1.00000000000000e+05 
1.66983399131095e-02 1.00000000000000e+05 
1.69047266649354e-02 1.00000000000000e+05 
1.71118877103436e-02 1.00000000000000e+05 
1.73200486655034e-02 1.00000000000000e+05 
1.75285944990515e-02 1.00000000000000e+05 
1.77378353670700e-02 1.00000000000000e+05 
1.79472030919146e-02 1.00000000000000e+05 
1.81570726938169e-02 1.00000000000000e+05 
1.83669122074352e-02 1.00000000000000e+05 
1.85771377073134e-02 1.00000000000000e+05 
1.87872560328043e-02 1.00000000000000e+05 
1.89976953686176e-02 1.00000000000000e+05 
1.92079924872749e-02 1.00000000000000e+05 
1.94185787197955e-02 1.00000000000000e+05 
1.96290165370969e-02 1.00000000000000e+05 
1.98397351971322e-02 1.00000000000000e+05 
2.00503181252509e-02 1.00000000000000e+05 
2.02611838535925e-02 1.00000000000000e+05 
2.04719309988400e-02 1.00000000000000e+05 
2.06829586772090e-02 1.00000000000000e+05 
2.08938818320339e-02 1.00000000000000e+05 
2.11050799883301e-02 1.00000000000000e+05 
2.13161923039671e-02 1.00000000000000e+05 
2.15275768932002e-02 1.00000000000000e+05 
2.17388918274578e-02 1.00000000000000e+05 
2.19504658698526e-02 1.00000000000000e+05 
2.21619641384213e-02 1.00000000000000e+05 
2.23736819634078e-02 1.00000000000000e+05 
2.25852879259019e-02 1.00000000000000e+05 
2.27970517477899e-02 1.00000000000000e+05 
2.30086546817084e-02 1.00000000000000e+05 
2.32203571375581e-02 1.00000000000000e+05 
2.34318668008417e-02 1.00000000000000e+05 
2.36434490465945e-02 1.00000000000000e+05 
2.38548443636153e-02 1.00000000000000e+05 
2.40663244172418e-02 1.00000000000000e+05 
2.42776495507397e-02 1.00000000000000e+05 
2.44890879783068e-02 1.00000000000000e+05 
2.47004177399667e-02 1.00000000000000e+05 
2.49119015687053e-02 1.00000000000000e+05 
2.51233371380161e-02 1.00000000000000e+05 
2.53349821328218e-02 1.00000000000000e+05 
2.55466513062895e-02 1.00000000000000e+05 
2.57585984538945e-02 1.00000000000000e+05 
2.59706526322539e-02 1.00000000000000e+05 
2.61830638967462e-02 1.00000000000000e+05 
2.63956718151696e-02 1.00000000000000e+05 
2.66087181405548e-02 1.00000000000000e+05 
2.68220495522738e-02 1.00000000000000e+05 
2.70358931215549e-02 1.00000000000000e+05 
2.72501008199195e-02 1.00000000000000e+05 
2.74648807306373e-02 1.00000000000000e+05 
2.76800904749702e-02 1.00000000000000e+05 
2.78959174330090e-02 1.00000000000000e+05 
2.81122261130371e-02 1.00000000000000e+05 
2.83291772231061e-02 1.00000000000000e+05 
2.85466468159386e-02 1.00000000000000e+05 
2.87647521861329e-02 1.00000000000000e+05 
2.89833770434227e-02 1.00000000000000e+05 
2.92005302335070e-02 1.00000000000000e+05 
2.94067259641757e-02 1.00000000000000e+05 
2.96012587511821e-02 1.00000000000000e+05 
2.97869436772552e-02 1.00000000000000e+05 
2.99676029597773e-02 1.00000000000000e+05 
3.01456167644904e-02 1.00000000000000e+05 
3.03231350066947e-02 1.00000000000000e+05 
3.04998842765077e-02 1.00000000000000e+05 
3.06751851384581e-02 1.00000000000000e+05 
3.08495480563314e-02 1.00000000000000e+05 
3.10244161966560e-02 1.00000000000000e+05 
3.11998828913786e-02 1.00000000000000e+05 
3.13769544123052e-02 1.00000000000000e+05 
3.15555361602877e-02 1.00000000000000e+05 
3.17363310799976e-02 1.00000000000000e+05 
3.19191341512376e-02 1.00000000000000e+05 
3.21044021573885e-02 1.00000000000000e+05 
3.22908179387027e-02 1.00000000000000e+05 
3.24776543847690e-02 1.00000000000000e+05 
3.26649812390068e-02 1.00000000000000e+05 
3.28532808867248e-02 1.00000000000000e+05 
3.30425877005931e-02 1.00000000000000e+05 
3.32333328147117e-02 1.00000000000000e+05 
3.34254596055155e-02 1.00000000000000e+05 
3.36193227474007e-02 1.00000000000000e+05 
3.38148961192912e-02 1.00000000000000e+05 
3.40124959692538e-02 1.00000000000000e+05 
3.42118098903528e-02 1.00000000000000e+05 
3.44113606796566e-02 1.00000000000000e+05 
3.46112715595382e-02 1.00000000000000e+05 
3.48119028773161e-02 1.00000000000000e+05 
3.50132891841431e-02 1.00000000000000e+05 
3.52157864470875e-02 1.00000000000000e+05 
3.54194661606468e-02 1.00000000000000e+05 
3.56246317031449e-02 1.00000000000000e+05 
3.58312879263172e-02 1.00000000000000e+05 
3.60396263456796e-02 1.00000000000000e+05 
3.62494801573097e-02 1.00000000000000e+05 
3.64598035152510e-02 1.00000000000000e+05 
3.66707039493621e-02 1.00000000000000e+05 
3.68825124442331e-02 1.00000000000000e+05 
3.70952746376217e-02 1.00000000000000e+05 
3.73092458509407e-02 1.00000000000000e+05 
3.75243964101305e-02 1.00000000000000e+05 
3.77408793520682e-02 1.00000000000000e+05 
3.79585975915591e-02 1.00000000000000e+05 
3.81777305444229e-02 1.00000000000000e+05 
3.83981815154522e-02 1.00000000000000e+05 
3.86199022738643e-02 1.00000000000000e+05 
3.88422837011257e-02 1.00000000000000e+05 
3.90654986553418e-02 1.00000000000000e+05 
3.92894803655214e-02 1.00000000000000e+05 
3.95143474446096e-02 1.00000000000000e+05 
3.97399802783104e-02 1.00000000000000e+05 
3.99665757530202e-02 1.00000000000000e+05 
4.01940483308771e-02 1.00000000000000e+05 
4.04225095971567e-02 1.00000000000000e+05 
4.06518474204524e-02 1.00000000000000e+05 
4.08821089048035e-02 1.00000000000000e+05 
4.11132172078823e-02 1.00000000000000e+05 
4.13450162608977e-02 1.00000000000000e+05 
4.15774399601969e-02 1.00000000000000e+05 
4.18103183045804e-02 1.00000000000000e+05 
4.20436262229714e-02 1.00000000000000e+05 
4.22774998206199e-02 1.00000000000000e+05 
4.25118749799105e-02 1.00000000000000e+05 
4.27469246315123e-02 1.00000000000000e+05 
4.29825619200159e-02 1.00000000000000e+05 
4.32189820181737e-02 1.00000000000000e+05 
4.34560958383884e-02 1.00000000000000e+05 
4.36939588150574e-02 1.00000000000000e+05 
4.39325954056336e-02 1.00000000000000e+05 
4.41720623802656e-02 1.00000000000000e+05 
4.44122810584912e-02 1.00000000000000e+05 
4.46533353430550e-02 1.00000000000000e+05 
4.48951073194275e-02 1.00000000000000e+05 
4.51377526302459e-02 1.00000000000000e+05 
4.53810955987052e-02 1.00000000000000e+05 
4.56253726055200e-02 1.00000000000000e+05 
4.58703084699756e-02 1.00000000000000e+05 
4.61162796537238e-02 1.00000000000000e+05 
4.63626688419060e-02 1.00000000000000e+05 
4.66102591131558e-02 1.00000000000000e+05 
4.68583578295274e-02 1.00000000000000e+05 
4.71078228196825e-02 1.00000000000000e+05 
4.73578144788646e-02 1.00000000000000e+05 
4.76092329294201e-02 1.00000000000000e+05 
4.78611889823388e-02 1.00000000000000e+05 
4.81145878881628e-02 1.00000000000000e+05 
4.83685195874989e-02 1.00000000000000e+05 
4.86236626335627e-02 1.00000000000000e+05 
4.88793820160260e-02 1.00000000000000e+05 
4.91362657609881e-02 1.00000000000000e+05 
4.93936427058251e-02 1.00000000000000e+05 
4.96522447230362e-02 1.00000000000000e+05 
4.99112375273748e-02 1.00000000000000e+05 
5.01715273771735e-02 1.00000000000000e+05 
5.04322105469689e-02 1.00000000000000e+05 
5.06943581396218e-02 1.00000000000000e+05 
5.09569553358635e-02 1.00000000000000e+05 
5.12210114581121e-02 1.00000000000000e+05 
5.14855167396534e-02 1.00000000000000e+05 
5.17514418969296e-02 1.00000000000000e+05 
5.20177913757028e-02 1.00000000000000e+05 
5.22855189028382e-02 1.00000000000000e+05 
5.25536525353714e-02 1.00000000000000e+05 
5.28229289304728e-02 1.00000000000000e+05 
5.30927661063730e-02 1.00000000000000e+05 
5.33634985051761e-02 1.00000000000000e+05 
5.36347726086159e-02 1.00000000000000e+05 
5.39069856802955e-02 1.00000000000000e+05 
5.41796978390840e-02 1.00000000000000e+05 
5.44533841636105e-02 1.00000000000000e+05 
5.47274882661846e-02 1.00000000000000e+05 
5.50025484402479e-02 1.00000000000000e+05 
5.52780712858941e-02 1.00000000000000e+05 
5.55544804208756e-02 1.00000000000000e+05 
5.58314058397417e-02 1.00000000000000e+05 
5.61093091015518e-02 1.00000000000000e+05 
5.63877549711965e-02 1.00000000000000e+05 
5.66672436752466e-02 1.00000000000000e+05 
5.69473061340951e-02 1.00000000000000e+05 
5.72284311658897e-02 1.00000000000000e+05 
5.75101688441661e-02 1.00000000000000e+05 
5.77929507306384e-02 1.00000000000000e+05 
5.80764150329849e-02 1.00000000000000e+05 
5.83607066852111e-02 1.00000000000000e+05 
5.86457548496061e-02 1.00000000000000e+05 
5.89316109315322e-02 1.00000000000000e+05 
5.92182204198257e-02 1.00000000000000e+05 
5.95056477286070e-02 1.00000000000001e+05 
5.97938067883148e-02 1.00000000000001e+05 
6.00827904863092e-02 1.00000000000001e+05 
6.03724931684651e-02 1.00000000000001e+05 
6.06630359265567e-02 1.00000000000001e+05 
6.09542968176486e-02 1.00000000000001e+05 
6.12464032791519e-02 1.00000000000001e+05 
6.15392202362423e-02 1.00000000000001e+05 
6.18328842226449e-02 1.00000000000002e+05 
6.21272480270494e-02 1.00000000000002e+05 
6.24219794828427e-02 1.00000000000002e+05 
6.27169405685979e-02 1.00000000000002e+05 
6.30121078405680e-02 1.00000000000003e+05 
6.33073176922960e-02 1.00000000000003e+05 
6.36026065972859e-02 1.00000000000003e+05 
6.38980300761122e-02 1.00000000000003e+05 
6.41938095943025e-02 1.00000000000003e+05 
6.44898990853450e-02 1.00000000000003e+05 
6.47861964805930e-02 1.00000000000003e+05 
6.50827656869843e-02 1.00000000000003e+05 
6.53796093938533e-02 1.00000000000003e+05 
6.56767698308574e-02 1.00000000000003e+05 
6.59742455363342e-02 1.00000000000004e+05 
6.62720523746938e-02 1.00000000000004e+05 
6.65701931352737e-02 1.00000000000005e+05 
6.68686839114746e-02 1.00000000000006e+05 
6.71675103309975e-02 1.00000000000007e+05 
6.74667005624070e-02 1.00000000000008e+05 
6.77662096566850e-02 1.00000000000008e+05 
6.80661013301630e-02 1.00000000000009e+05 
6.83663043154694e-02 1.00000000000010e+05 
6.86669121650972e-02 1.00000000000011e+05 
6.89678411097053e-02 1.00000000000012e+05 
6.92692062866038e-02 1.00000000000012e+05 
6.95709152070337e-02 1.00000000000013e+05 
6.98730758571960e-02 1.00000000000014e+05 
7.01755626259951e-02 1.00000000000015e+05 
7.04784719375935e-02 1.00000000000017e+05 
7.07816783784215e-02 1.00000000000018e+05 
7.10852582154811e-02 1.00000000000020e+05 
7.13891226926336e-02 1.00000000000021e+05 
7.16933100491916e-02 1.00000000000023e+05 
7.19977742066507e-02 1.00000000000024e+05 
7.23025109164315e-02 1.00000000000026e+05 
7.26075171837505e-02 1.00000000000028e+05 
7.29127988780449e-02 1.00000000000030e+05 
7.32183524307760e-02 1.00000000000032e+05 
7.35241775485643e-02 1.00121837562078e+05 
7.38302508377899e-02 1.00679756336782e+05 
7.41365971005746e-02 1.01871041239673e+05 
7.44431419762766e-02 1.03863823082636e+05 
7.47499548284204e-02 1.06536110146582e+05 
7.50568825797111e-02 1.09757295365939e+05 
7.53640625348079e-02 1.13338955712109e+05 
7.56712343380512e-02 1.17052904147671e+05 
7.59785719052421e-02 1.20473803793268e+05 
7.62858122765965e-02 1.23752044337060e+05 
7.65931362900256e-02 1.26067090894054e+05 
7.69003253952484e-02 1.27487006048749e+05 
7.72075353841651e-02 1.28127759758365e+05 
7.75144806001764e-02 1.28076338828570e+05 
7.78212986921014e-02 1.27982959760460e+05 
7.81269552485675e-02 1.27826536622525e+05 
7.84302443623348e-02 1.27586167053484e+05 
7.87330763935458e-02 1.27212119213174e+05 
7.90375436712360e-02 1.26732948676848e+05 
7.93411417801607e-02 1.26200648090455e+05 
7.96438199523297e-02 1.25630258820049e+05 
7.99455358620190e-02 1.25054072759020e+05 
8.02449873252892e-02 1.24492386231787e+05 
8.05422791303440e-02 1.23964869747806e+05 
8.08376578831289e-02 1.23479523893884e+05 
8.11315489140085e-02 1.23040804692129e+05 
8.14242487027306e-02 1.22651018214080e+05 
8.17162067251542e-02 1.22307624043722e+05 
8.20076520180383e-02 1.22003193907150e+05 
8.22989281581078e-02 1.21733431392517e+05 
8.25901740626875e-02 1.21487619140143e+05 
8.28815653463499e-02 1.21259910527513e+05 
8.31731843472349e-02 1.21041049271860e+05 
8.34650939088267e-02 1.20823974322914e+05 
8.37573684677807e-02 1.20601298743542e+05 
8.40499874314029e-02 1.20371396579613e+05 
8.43430279608822e-02 1.20125475667067e+05 
8.46364194399521e-02 1.19864695320483e+05 
8.49301736200007e-02 1.19588525821559e+05 
8.52243124138148e-02 1.19308555469491e+05 
8.55187905116001e-02 1.19022338290018e+05 
8.58135950621879e-02 1.18726794448313e+05 
8.61087537423891e-02 1.18418517421049e+05 
8.64041424730908e-02 1.18098699959472e+05 
8.66998802915328e-02 1.17772038203605e+05 
8.69957974910627e-02 1.17440239857802e+05 
8.72920522904049e-02 1.17105202398124e+05 
8.75884678942360e-02 1.16769198519730e+05 
8.78852196145834e-02 1.16433260084680e+05 
8.81821195849297e-02 1.16099381428800e+05 
8.84793653695231e-02 1.15767933906544e+05 
8.87767488848890e-02 1.15440302465484e+05 
8.90744906903354e-02 1.15116467489953e+05 
8.93723602045317e-02 1.14797122785922e+05 
8.96705984953083e-02 1.14482106396844e+05 
8.99689461866423e-02 1.14171660189121e+05 
9.02676878991363e-02 1.13865506153447e+05 
9.05665783088171e-02 1.13563593652300e+05 
9.08660912764878e-02 1.13265438636328e+05 
9.11658278435122e-02 1.12971045036145e+05 
9.14658928792198e-02 1.12680288253171e+05 
9.17661528072133e-02 1.12392921935722e+05 
9.20666990725411e-02 1.12108849495257e+05 
9.23674882879501e-02 1.11827802711162e+05 
9.26686128159644e-02 1.11549714971188e+05 
9.29699945359422e-02 1.11274465036196e+05 
9.32717238635912e-02 1.11002026624690e+05 
9.35737021363635e-02 1.10732534583227e+05 
9.38760362604102e-02 1.10466001137915e+05 
9.41786127922675e-02 1.10202767366113e+05 
9.44815545820173e-02 1.09942875352587e+05 
9.47847396961929e-02 1.09686730756204e+05 
9.50883007220439e-02 1.09434363599921e+05 
9.53921135397228e-02 1.09186152232232e+05 
9.56963126057074e-02 1.08942063048542e+05 
9.60007655921192e-02 1.08702383088472e+05 
9.63056029965663e-02 1.08466969159070e+05 
9.66107068068369e-02 1.08235970630874e+05 
9.69161920101571e-02 1.08009135822325e+05 
9.72219549871184e-02 1.07786491482692e+05 
9.75280943467817e-02 1.07567702475857e+05 
9.78345111083892e-02 1.07352740330876e+05 
9.81412990738482e-02 1.07141225230781e+05 
9.84483690717129e-02 1.06933096324951e+05 
9.87558065076338e-02 1.06727988904552e+05 
9.90635215526513e-02 1.06525876568475e+05 
9.93716105745949e-02 1.06326380501158e+05 
9.96799419385318e-02 1.06129578486915e+05 
9.99886653096003e-02 1.05935130219048e+05 
1.00297541907539e-01 1.05743205104574e+05 
1.00606754191532e-01 1.05553543136455e+05 
1.00916066683008e-01 1.05366325405042e+05 
1.01225637906541e-01 1.05181368855842e+05 
1.01535247617197e-01 1.04998816810285e+05 
1.01845022629885e-01 1.04818513305466e+05 
1.02154771522888e-01 1.04640515176296e+05 
1.02464598877120e-01 1.04464583503130e+05 
1.02774332752074e-01 1.04290677895426e+05 
1.03084039505064e-01 1.04118521916580e+05 
1.03393557115857e-01 1.03947960828963e+05 
1.03702912356484e-01 1.03778716355456e+05 
1.04011970635087e-01 1.03610513195533e+05 
1.04320712950891e-01 1.03443143040574e+05 
1.04629017268569e-01 1.03276200579057e+05 
1.04936797412980e-01 1.03109578212920e+05 
1.05243948018706e-01 1.02942936852915e+05 
1.05550296373632e-01 1.02776200286014e+05 
1.05855773211711e-01 1.02609166482362e+05 
1.06160125459212e-01 1.02441990062283e+05 
1.06463383132913e-01 1.02274673121225e+05 
1.06765248549298e-01 1.02107691952376e+05 
1.07065885308579e-01 1.01941044214547e+05 
1.07365008537111e-01 1.01775610489806e+05 
1.07662911378686e-01 1.01612569172016e+05 
1.07959335696372e-01 1.01452635038609e+05 
1.08254670096945e-01 1.01298126221749e+05 
1.08548707244158e-01 1.01148958040657e+05 
1.08841858227763e-01 1.01010460728205e+05 
1.09133979448057e-01 1.00886151709269e+05 
1.09425362578440e-01 1.00766212164940e+05 
1.09715966670002e-01 1.00669213287137e+05 
1.10005952961468e-01 1.00590761611759e+05 
1.10295454548549e-01 1.00525830494945e+05 
1.10584495302722e-01 1.00482561735779e+05 
1.10873090502989e-01 1.00440769898648e+05 
1.11161324048894e-01 1.00399281845437e+05 
1.11450578379352e-01 1.00371668367459e+05 
1.11739568512604e-01 1.00364263208642e+05 
1.12028137054744e-01 1.00385557881461e+05 
1.12316511409795e-01 1.00442833005839e+05 
1.12604530336933e-01 1.00529752902903e+05 
1.12892411504632e-01 1.00642946722904e+05 
1.13179999114542e-01 1.00780422391673e+05 
1.13467514337013e-01 1.00938575457313e+05 
1.13754795430591e-01 1.01113115127832e+05 
1.14042065870050e-01 1.01299451083383e+05 
1.14329163174487e-01 1.01491268783391e+05 
1.14616295300150e-01 1.01684237497266e+05 
1.14903304241968e-01 1.01872262787306e+05 
1.15190377426888e-01 1.02048903919027e+05 
1.15477365193099e-01 1.02211172400380e+05 
1.15764435576851e-01 1.02355132318949e+05 
1.16051451001709e-01 1.02472178239940e+05 
1.16338556731377e-01 1.02565740179414e+05 
1.16625629784371e-01 1.02636822323393e+05 
1.16912799058868e-01 1.02669064680489e+05 
1.17199949529278e-01 1.02674408711000e+05 
1.17487192718728e-01 1.02658233026463e+05 
1.17774425831947e-01 1.02617282188509e+05 
1.18061742528967e-01 1.02577656452493e+05 
1.18349055662581e-01 1.02535013846350e+05 
1.18636447360109e-01 1.02483827366884e+05 
1.18923819083756e-01 1.02420641472190e+05 
1.19211255326749e-01 1.02342415509439e+05 
1.19499003328807e-01 1.02250115468329e+05 
1.19786984481742e-01 1.02146740768456e+05 
1.20074790608497e-01 1.02033782470661e+05 
1.20362800387130e-01 1.01912739554044e+05 
1.20650634752491e-01 1.01785688419415e+05 
1.20938631094311e-01 1.01654805376840e+05 
1.21226436511734e-01 1.01522062120996e+05 
1.21514376145087e-01 1.01388899918857e+05 
1.21802112458621e-01 1.01256872572992e+05 
1.22089960783049e-01 1.01126871776604e+05 
1.22377583301558e-01 1.00999999104376e+05 
1.22665299111802e-01 1.00876699244060e+05 
1.22952782925379e-01 1.00757554024324e+05 
1.23240353373963e-01 1.00642509923724e+05 
1.23527702639255e-01 1.00531772033393e+05 
1.23815124345625e-01 1.00424995407230e+05 
1.24102337398337e-01 1.00322118851870e+05 
1.24389612525240e-01 1.00222672636572e+05 
1.24676695482084e-01 1.00126432762681e+05 
1.24963837288730e-01 1.00032914370214e+05 
1.25250807823680e-01 9.99419739123733e+04 
1.25537837895960e-01 9.98531748000577e+04 
1.25824718667707e-01 9.97665112757659e+04 
1.26111662779609e-01 9.96816738575039e+04 
1.26398479537075e-01 9.95986925005582e+04 
1.26685359563045e-01 9.95174421974090e+04 
1.26972130389671e-01 9.94380405075790e+04 
1.27258963638287e-01 9.93603225570410e+04 
1.27545624242306e-01 9.92844404698828e+04 
1.27832505797883e-01 9.92104800714036e+04 
1.28119109338790e-01 9.91380078360006e+04 
1.28405930773568e-01 9.90689293979688e+04 
1.28692505642927e-01 9.90038631445923e+04 
1.28979298546934e-01 9.89402678479632e+04 
1.29265883619125e-01 9.88821165478871e+04 
1.29552656624089e-01 9.88300402910462e+04 
1.29839226519128e-01 9.87823982159429e+04 
1.30125968413491e-01 9.87376358771504e+04 
1.30412511349796e-01 9.87005961144180e+04 
1.30699230012839e-01 9.86618208191974e+04 
1.30985761679813e-01 9.86224192483183e+04 
1.31272479056518e-01 9.85869892348888e+04 
1.31559041418019e-01 9.85536123965887e+04 
1.31845754298449e-01 9.85339125473903e+04 
1.32132258100583e-01 9.85255776998056e+04 
1.32418899043026e-01 9.85292279332397e+04 
1.32705354847920e-01 9.85470386385201e+04 
1.32991962619316e-01 9.85725087461255e+04 
1.33278397793432e-01 9.86254546976194e+04 
1.33564984289922e-01 9.87232987669252e+04 
1.33851404449966e-01 9.88845853349313e+04 
1.34137983021765e-01 9.91232598351521e+04 
1.34424407840085e-01 9.94234757588237e+04 
1.34710996586978e-01 9.97814829732279e+04 
1.34997439402180e-01 1.00202117128401e+05 
1.35284041499936e-01 1.00676517777741e+05 
1.35570500759494e-01 1.01190438567333e+05 
1.35857114349245e-01 1.01734033371653e+05 
1.36143593191195e-01 1.02294202171943e+05 
1.36430216727009e-01 1.02855814192628e+05 
1.36716703346039e-01 1.03402674739806e+05 
1.37003329267720e-01 1.03915655621359e+05 
1.37289836188875e-01 1.04385693531480e+05 
1.37576447526982e-01 1.04784050146136e+05 
1.37862907215502e-01 1.05088414770938e+05 
1.38149459053259e-01 1.05342003788265e+05 
1.38435841922840e-01 1.05475844031792e+05 
1.38722328166439e-01 1.05509593618749e+05 
1.39008642309641e-01 1.05476573898624e+05 
1.39295058055491e-01 1.05433863979003e+05 
1.39581312124968e-01 1.05369329223869e+05 
1.39867658509882e-01 1.05287901603624e+05 
1.40153850903136e-01 1.05192169516944e+05 
1.40440112225066e-01 1.05090963164237e+05 
1.40726204500234e-01 1.04986109398322e+05 
1.41012348838706e-01 1.04875467825475e+05 
1.41298314513575e-01 1.04762561936552e+05 
1.41584324617789e-01 1.04649598522460e+05 
1.41870149553842e-01 1.04537881649358e+05 
1.42156012450671e-01 1.04429206357998e+05 
1.42441678955479e-01 1.04324550673326e+05 
1.42727365942578e-01 1.04222350539027e+05 
1.43012840437366e-01 1.04122891968762e+05 
1.43298325683941e-01 1.04026305561564e+05 
1.43583592169466e-01 1.03932182009555e+05 
1.43868855999465e-01 1.03842083903085e+05 
1.44153891772345e-01 1.03754847172665e+05 
1.44438906374670e-01 1.03668782454862e+05 
1.44723675921029e-01 1.03584554276987e+05 
1.45008382022762e-01 1.03501933219893e+05 
1.45292779123414e-01 1.03417640445613e+05 
1.45577117746492e-01 1.03336130780007e+05 
1.45861159223291e-01 1.03256119742000e+05 
1.46145144342527e-01 1.03177295699924e+05 
1.46428864551224e-01 1.03100369594985e+05 
1.46712520747332e-01 1.03026417003051e+05 
1.46995924851027e-01 1.02950420213692e+05 
1.47279236870014e-01 1.02874517290582e+05 
1.47562293215591e-01 1.02798508475552e+05 
1.47845247412230e-01 1.02726267473082e+05 
1.48127949648865e-01 1.02657677897190e+05 
1.48410544064004e-01 1.02594156575094e+05 
1.48692896668766e-01 1.02538228155158e+05 
1.48975157338578e-01 1.02490203072440e+05 
1.49257193483217e-01 1.02448420528134e+05 
1.49539163345591e-01 1.02412464048983e+05 
1.49820927122949e-01 1.02382324960460e+05 
1.50102650685695e-01 1.02357786773188e+05 
1.50384152033778e-01 1.02338034966201e+05 
1.50665579489777e-01 1.02322752673188e+05 
1.50946726164890e-01 1.02312414643718e+05 
1.51227812671933e-01 1.02306617102332e+05 
1.51508637549127e-01 1.02305907172272e+05 
1.51789419679320e-01 1.02306552397530e+05 
1.52069984555854e-01 1.02315506824792e+05 
1.52350526262261e-01 1.02328123726867e+05 
1.52630907252705e-01 1.02346912953302e+05 
1.52911254552664e-01 1.02362641215540e+05 
1.53191462366421e-01 1.02371260133385e+05 
1.53471629234673e-01 1.02374605419484e+05 
1.53751675514310e-01 1.02380995057475e+05 
1.54031682055073e-01 1.02392360537253e+05 
1.54311577517519e-01 1.02418680154359e+05 
1.54591436549703e-01 1.02454270061173e+05 
1.54871189128163e-01 1.02498515968087e+05 
1.55150905764768e-01 1.02555997609163e+05 
1.55430508131084e-01 1.02622787166400e+05 
1.55710055430014e-01 1.02701158791131e+05 
1.55989409787269e-01 1.02784471939576e+05 
1.56268683026161e-01 1.02879415595843e+05 
1.56547725290285e-01 1.02988751157706e+05 
1.56826645766813e-01 1.03102856745214e+05 
1.57105295933687e-01 1.03220452839319e+05 
1.57383767536726e-01 1.03334951343263e+05 
1.57661950705233e-01 1.03440766041999e+05 
1.57939895313493e-01 1.03534712696781e+05 
1.58217543532160e-01 1.03619419152885e+05 
1.58494868096882e-01 1.03694016809786e+05 
1.58771858995665e-01 1.03756455160628e+05 
1.59048455023818e-01 1.03806847052163e+05 
1.59324695048720e-01 1.03844357836011e+05 
1.59600507336800e-01 1.03869180337803e+05 
1.59875968019353e-01 1.03881002233141e+05 
1.60151004236127e-01 1.03879838233261e+05 
1.60425702170852e-01 1.03866616866586e+05 
1.60700014819039e-01 1.03842721625885e+05 
1.60974019987996e-01 1.03808710606257e+05 
1.61247684742586e-01 1.03764182744267e+05 
1.61521070291426e-01 1.03711872315619e+05 
1.61794191581016e-01 1.03652825331399e+05 
1.62067177415235e-01 1.03588259562378e+05 
1.62339917284573e-01 1.03519641825123e+05 
1.62612455371006e-01 1.03448487652792e+05 
1.62884799597914e-01 1.03376014887097e+05 
1.63156990161730e-01 1.03303504828777e+05 
1.63428998850383e-01 1.03232102778268e+05 
1.63700868139266e-01 1.03162768928619e+05 
1.63972521910945e-01 1.03096177037888e+05 
1.64243937591904e-01 1.03033077678174e+05 
1.64515096161197e-01 1.02973730874023e+05 
1.64786005325295e-01 1.02918568993721e+05 
1.65056619405849e-01 1.02867650934023e+05 
1.65326965731725e-01 1.02821200203727e+05 
1.65596957805261e-01 1.02779133888591e+05 
1.65866646648148e-01 1.02741697816024e+05 
1.66135897190871e-01 1.02708545166723e+05 
1.66404766275413e-01 1.02679417857077e+05 
1.66673069262253e-01 1.02654027311806e+05 
1.66940869616907e-01 1.02632075201816e+05 
1.67207985973084e-01 1.02613433671606e+05 
1.67474473064486e-01 1.02597891179483e+05 
1.67740235224321e-01 1.02585332765838e+05 
1.68005306496677e-01 1.02575207996051e+05 
1.68269658021110e-01 1.02566780221314e+05 
1.68533240610952e-01 1.02560893917089e+05 
1.68796165119455e-01 1.02556778847722e+05 
1.69058902246441e-01 1.02553048727514e+05 
1.69320798818949e-01 1.02551591764057e+05 
1.69582042839555e-01 1.02551328263773e+05 
1.69842472164464e-01 1.02552012396829e+05 
1.70102322445252e-01 1.02552540814654e+05 
1.70361426876835e-01 1.02553132191128e+05 
1.70620082812573e-01 1.02552256496661e+05 
1.70878175577233e-01 1.02549258136347e+05 
1.71135985538405e-01 1.02545391092450e+05 
1.71393466090784e-01 1.02540710637759e+05 
1.71651593454998e-01 1.02535339572411e+05 
1.71909362532204e-01 1.02529903345476e+05 
1.72166888888485e-01 1.02524384885913e+05 
1.72424148469845e-01 1.02518723009620e+05 
1.72681187334838e-01 1.02512131876106e+05 
1.72937945600359e-01 1.02504799534728e+05 
1.73194483054949e-01 1.02496324276165e+05 
1.73450737902921e-01 1.02486824817800e+05 
1.73706803405588e-01 1.02476003679705e+05 
1.73962619304672e-01 1.02463726963971e+05 
1.74218293291719e-01 1.02449886958445e+05 
1.74473812195342e-01 1.02434356312853e+05 
1.74729992633699e-01 1.02417171709081e+05 
1.74985968471933e-01 1.02398131758118e+05 
1.75241900557927e-01 1.02377071145053e+05 
1.75497652658973e-01 1.02354411871830e+05 
1.75753421116856e-01 1.02329808339818e+05 
1.76009091492665e-01 1.02302788193970e+05 
1.76264814455126e-01 1.02274828977119e+05 
1.76520506040186e-01 1.02243255673383e+05 
1.76776195880313e-01 1.02208168917130e+05 
1.77031908915451e-01 1.02171035527647e+05 
1.77289286351409e-01 1.02133383242377e+05 
1.77546613177440e-01 1.02093813142871e+05 
1.77803956563044e-01 1.02052560892342e+05 
1.78061251457819e-01 1.02009744060381e+05 
1.78318546237333e-01 1.01965914463457e+05 
1.78575814338028e-01 1.01920739777795e+05 
1.78833024314963e-01 1.01874893022967e+05 
1.79090232349195e-01 1.01828115559200e+05 
1.79347373944805e-01 1.01781102637316e+05 
1.79604520732495e-01 1.01733516642507e+05 
1.79863928974464e-01 1.01685234599502e+05 
1.80123293135912e-01 1.01636380645534e+05 
1.80382688662300e-01 1.01588783660092e+05 
1.80642070483442e-01 1.01541466035871e+05 
1.80901405166471e-01 1.01493447140325e+05 
1.81160787863771e-01 1.01448744004614e+05 
1.81420143760275e-01 1.01405403220959e+05 
1.81679559906538e-01 1.01364112372274e+05 
1.81938939310022e-01 1.01325119374501e+05 
1.82198377738623e-01 1.01287492757309e+05 
1.82460249867724e-01 1.01249144689024e+05 
1.82722166892530e-01 1.01211835110162e+05 
1.82984128914729e-01 1.01185586068481e+05 
1.83246162904345e-01 1.01173347727678e+05 
1.83508171542657e-01 1.01180602030112e+05 
1.83770276490946e-01 1.01212656708022e+05 
1.84032380846087e-01 1.01268235357034e+05 
1.84294589206389e-01 1.01344418146765e+05 
1.84556805495076e-01 1.01439592660858e+05 
1.84821729452878e-01 1.01554314978633e+05 
1.85086749980287e-01 1.01688567042491e+05 
1.85351871378492e-01 1.01838215899868e+05 
1.85617066985475e-01 1.01999933133950e+05 
1.85882352354697e-01 1.02173022853505e+05 
1.86147720942159e-01 1.02354553518624e+05 
1.86413188005811e-01 1.02542150932506e+05 
1.86678743577559e-01 1.02732624998095e+05 
1.86948427480800e-01 1.02925348195820e+05 
1.87218189007228e-01 1.03115021656360e+05 
1.87488104704101e-01 1.03297986058782e+05 
1.87757913491110e-01 1.03470243710290e+05 
1.88026822755756e-01 1.03630132960151e+05 
1.88295863594001e-01 1.03772569698054e+05 
1.88565403919786e-01 1.03895105829039e+05 
1.88835393944650e-01 1.04005418165348e+05 
1.89106168269704e-01 1.04082131320478e+05 
1.89377108845451e-01 1.04127798184958e+05 
1.89648370631689e-01 1.04147557462082e+05 
1.89919807417726e-01 1.04147808366005e+05 
1.90191569202724e-01 1.04143307787413e+05 
1.90463431173856e-01 1.04129712773538e+05 
1.90740221937654e-01 1.04111154766473e+05 
1.91017246859271e-01 1.04081240547336e+05 
1.91294663027060e-01 1.04041132873432e+05 
1.91572247483899e-01 1.03993455457031e+05 
1.91850122383815e-01 1.03938075703685e+05 
1.92128134745758e-01 1.03876665974521e+05 
1.92406342422972e-01 1.03809326503574e+05 
1.92684678013425e-01 1.03738867556896e+05 
1.92963183170943e-01 1.03664662133977e+05 
1.93241954441918e-01 1.03588021058765e+05 
1.93521047874155e-01 1.03508307368176e+05 
1.93800558781829e-01 1.03426738567642e+05 
1.94080590000366e-01 1.03345571761040e+05 
1.94361048918712e-01 1.03265524860085e+05 
1.94642063797375e-01 1.03188514015765e+05 
1.94923398048234e-01 1.03115326939410e+05 
1.95205200540843e-01 1.03047956385353e+05 
1.95487210388316e-01 1.02984070145531e+05 
1.95769558160328e-01 1.02930491218999e+05 
1.96052065657146e-01 1.02883416453502e+05 
1.96334830253606e-01 1.02841949736222e+05 
1.96617743946208e-01 1.02806349534659e+05 
1.96900874484288e-01 1.02773397246041e+05 
1.97184163963882e-01 1.02743777062900e+05 
1.97467651449174e-01 1.02718652834107e+05 
1.97751312298751e-01 1.02698369750087e+05 
1.98035171968985e-01 1.02681002646803e+05 
1.98319219245515e-01 1.02667582806300e+05 
1.98603474168190e-01 1.02657402811447e+05 
1.98887922114687e-01 1.02649225006603e+05 
1.99172571189680e-01 1.02641190529633e+05 
1.99457435454597e-01 1.02630904092915e+05 
1.99742500725208e-01 1.02619056735157e+05 
2.00027795257332e-01 1.02602476569233e+05 
2.00313309245740e-01 1.02581610260479e+05 
