# Liste des scalaires : TEMPS pmat 
0.00000000000000e+00 1.00000000000000e+05 
7.22956891292051e-05 1.00000000000000e+05 
1.39473830159787e-04 1.00000000000000e+05 
2.09658797050088e-04 1.00000000000000e+05 
2.76117114236753e-04 1.00000000000000e+05 
3.20638761908154e-04 1.00000000000000e+05 
3.55139419127706e-04 1.00000000000000e+05 
3.84466703006988e-04 1.00000000000000e+05 
4.10882456555392e-04 1.00000000000000e+05 
4.35440253196371e-04 1.00000000000000e+05 
4.62453829501447e-04 1.00000000000000e+05 
4.92168763437031e-04 1.00000000000000e+05 
5.24855190766173e-04 1.00000000000000e+05 
5.60810260828229e-04 1.00000000000000e+05 
6.00360837896491e-04 1.00000000000000e+05 
6.43866472671579e-04 1.00000000000000e+05 
6.91722670924176e-04 1.00000000000000e+05 
7.44364489002033e-04 1.00000000000000e+05 
8.02270488887675e-04 1.00000000000000e+05 
8.65967088761882e-04 1.00000000000000e+05 
9.36033348623509e-04 1.00000000000000e+05 
1.01310623447130e-03 1.00000000000000e+05 
1.09788640890387e-03 1.00000000000000e+05 
1.19114460077969e-03 1.00000000000000e+05 
1.28874595968001e-03 1.00000000000000e+05 
1.39427742078096e-03 1.00000000000000e+05 
1.50221628787633e-03 1.00000000000000e+05 
1.61553425737492e-03 1.00000000000000e+05 
1.73457348070845e-03 1.00000000000000e+05 
1.85733677968637e-03 1.00000000000000e+05 
1.98616223838898e-03 1.00000000000000e+05 
2.11872938704656e-03 1.00000000000000e+05 
2.25541689819693e-03 1.00000000000000e+05 
2.39772133018707e-03 1.00000000000000e+05 
2.54485627309127e-03 1.00000000000000e+05 
2.69657390129237e-03 1.00000000000000e+05 
2.85238267869210e-03 1.00000000000000e+05 
3.01245336052075e-03 1.00000000000000e+05 
3.17812497446135e-03 1.00000000000000e+05 
3.34903914085966e-03 1.00000000000000e+05 
3.52550659026333e-03 1.00000000000000e+05 
3.70726992321402e-03 1.00000000000000e+05 
3.89587589613611e-03 1.00000000000000e+05 
4.08975108537204e-03 1.00000000000000e+05 
4.28959471140244e-03 1.00000000000000e+05 
4.49516060408449e-03 1.00000000000000e+05 
4.70839016598791e-03 1.00000000000000e+05 
4.92856382961040e-03 1.00000000000000e+05 
5.15483884145810e-03 1.00000000000000e+05 
5.38810296190565e-03 1.00000000000000e+05 
5.62716630832551e-03 1.00000000000000e+05 
5.87020911792127e-03 1.00000000000000e+05 
6.12048301668764e-03 1.00000000000000e+05 
6.37286594506349e-03 1.00000000000000e+05 
6.63255281660290e-03 1.00000000000000e+05 
6.89402258475675e-03 1.00000000000000e+05 
7.16407888327090e-03 1.00000000000000e+05 
7.43688359574299e-03 1.00000000000000e+05 
7.71399396444636e-03 1.00000000000000e+05 
7.99382024823502e-03 1.00000000000000e+05 
8.27676476722895e-03 1.00000000000000e+05 
8.55486963386598e-03 1.00000000000000e+05 
8.82693129547761e-03 1.00000000000000e+05 
9.09434992258235e-03 1.00000000000000e+05 
9.35798204986584e-03 1.00000000000000e+05 
9.61828190542010e-03 1.00000000000000e+05 
9.87458790234886e-03 1.00000000000000e+05 
1.01275999953490e-02 1.00000000000000e+05 
1.03780906819999e-02 1.00000000000000e+05 
1.06260594936939e-02 1.00000000000000e+05 
1.08549555607552e-02 1.00000000000000e+05 
1.10600486358754e-02 1.00000000000000e+05 
1.12527947243052e-02 1.00000000000000e+05 
1.14376549781153e-02 1.00000000000000e+05 
1.16160555244821e-02 1.00000000000000e+05 
1.17893912906173e-02 1.00000000000000e+05 
1.19585465367505e-02 1.00000000000000e+05 
1.21239074181631e-02 1.00000000000000e+05 
1.22865738919227e-02 1.00000000000000e+05 
1.24467469641922e-02 1.00000000000000e+05 
1.26054874618548e-02 1.00000000000000e+05 
1.27630810565263e-02 1.00000000000000e+05 
1.29205520410639e-02 1.00000000000000e+05 
1.30780807912933e-02 1.00000000000000e+05 
1.32361973892151e-02 1.00000000000000e+05 
1.33950989823824e-02 1.00000000000000e+05 
1.35552086731788e-02 1.00000000000000e+05 
1.37173208320154e-02 1.00000000000000e+05 
1.38814664957970e-02 1.00000000000000e+05 
1.40484212352063e-02 1.00000000000000e+05 
1.42181141062894e-02 1.00000000000000e+05 
1.43911503961766e-02 1.00000000000000e+05 
1.45673293078480e-02 1.00000000000000e+05 
1.47470958216380e-02 1.00000000000000e+05 
1.49301042785966e-02 1.00000000000000e+05 
1.51166614380626e-02 1.00000000000000e+05 
1.53062831293839e-02 1.00000000000000e+05 
1.54991735340619e-02 1.00000000000000e+05 
1.56947380646788e-02 1.00000000000000e+05 
1.58931191086482e-02 1.00000000000000e+05 
1.60936519304128e-02 1.00000000000000e+05 
1.62964592918260e-02 1.00000000000000e+05 
1.65008429752007e-02 1.00000000000000e+05 
1.67069397389035e-02 1.00000000000000e+05 
1.69140454026197e-02 1.00000000000000e+05 
1.71222476239305e-02 1.00000000000000e+05 
1.73310659723088e-02 1.00000000000000e+05 
1.75404805140985e-02 1.00000000000000e+05 
1.77502336634603e-02 1.00000000000000e+05 
1.79602468971512e-02 1.00000000000000e+05 
1.81704402485048e-02 1.00000000000000e+05 
1.83807094672246e-02 1.00000000000000e+05 
1.85910846778459e-02 1.00000000000000e+05 
1.88014518404187e-02 1.00000000000000e+05 
1.90118955488091e-02 1.00000000000000e+05 
1.92223163406305e-02 1.00000000000000e+05 
1.94328292768526e-02 1.00000000000000e+05 
1.96433365225387e-02 1.00000000000000e+05 
1.98539715464995e-02 1.00000000000000e+05 
2.00646505077621e-02 1.00000000000000e+05 
2.02755110135932e-02 1.00000000000000e+05 
2.04864650919058e-02 1.00000000000000e+05 
2.06976612486343e-02 1.00000000000000e+05 
2.09089798974295e-02 1.00000000000000e+05 
2.11205954413885e-02 1.00000000000000e+05 
2.13323429891764e-02 1.00000000000000e+05 
2.15444306447103e-02 1.00000000000000e+05 
2.17566445949611e-02 1.00000000000000e+05 
2.19692315219656e-02 1.00000000000000e+05 
2.21819233162553e-02 1.00000000000000e+05 
2.23949880430488e-02 1.00000000000000e+05 
2.26081298828760e-02 1.00000000000000e+05 
2.28216017330103e-02 1.00000000000000e+05 
2.30351212360654e-02 1.00000000000000e+05 
2.32489150216591e-02 1.00000000000000e+05 
2.34627194860891e-02 1.00000000000000e+05 
2.36767502858066e-02 1.00000000000000e+05 
2.38907678675510e-02 1.00000000000000e+05 
2.41049861646025e-02 1.00000000000000e+05 
2.43191908596129e-02 1.00000000000000e+05 
2.45335954860498e-02 1.00000000000000e+05 
2.47480091451393e-02 1.00000000000000e+05 
2.49626483629311e-02 1.00000000000000e+05 
2.51773520845178e-02 1.00000000000000e+05 
2.53923423560839e-02 1.00000000000000e+05 
2.56074669924641e-02 1.00000000000000e+05 
2.58229536416475e-02 1.00000000000000e+05 
2.60386664828622e-02 1.01774026462022e+05 
2.62548329190406e-02 1.09707072984078e+05 
2.64713225011390e-02 1.27103330532543e+05 
2.66883628860293e-02 1.53201033755025e+05 
2.69058309999216e-02 1.83165394100118e+05 
2.71238482792536e-02 2.13716800944805e+05 
2.73420393360302e-02 2.33537212030317e+05 
2.75594768960542e-02 2.41334877608740e+05 
2.77752140447468e-02 2.39729000054043e+05 
2.79883920722764e-02 2.38595712382650e+05 
2.81984900482908e-02 2.35200720600206e+05 
2.84054989705004e-02 2.30898255503213e+05 
2.86100855891592e-02 2.25972934244787e+05 
2.88117007014976e-02 2.21068850635444e+05 
2.90100108993880e-02 2.16593073617510e+05 
2.92054852521106e-02 2.12648419298718e+05 
2.93991586864107e-02 2.09228331617981e+05 
2.95911232428346e-02 2.06208644276376e+05 
2.97826087057351e-02 2.03533069035391e+05 
2.99738005536597e-02 2.01133209327176e+05 
3.01657249455709e-02 1.98917197572127e+05 
3.03584363412618e-02 1.96789772150236e+05 
3.05527392726939e-02 1.94698267103212e+05 
3.07485682374011e-02 1.92572616232939e+05 
3.09465129832220e-02 1.90381159075323e+05 
3.11465105440528e-02 1.88106548433754e+05 
3.13490676841353e-02 1.85748580600391e+05 
3.15541154738341e-02 1.83325462298685e+05 
3.17620261405007e-02 1.80846023471204e+05 
3.19703818396679e-02 1.78367400495847e+05 
3.21794294742121e-02 1.75897551854741e+05 
3.23892449294388e-02 1.73474042130870e+05 
3.26001409076951e-02 1.71088930849431e+05 
3.28121259730575e-02 1.68772679794073e+05 
3.30254600971866e-02 1.66515110987350e+05 
3.32401467170712e-02 1.64334748133599e+05 
3.34564716920158e-02 1.62215716050885e+05 
3.36744644600441e-02 1.60168231402422e+05 
3.38943783126536e-02 1.58187121379320e+05 
3.41162128488200e-02 1.56256800259665e+05 
3.43401679996017e-02 1.54388679031129e+05 
3.45662120330387e-02 1.52563062502146e+05 
3.47928194558643e-02 1.50802531010830e+05 
3.50199841476858e-02 1.49094338272787e+05 
3.52480423212874e-02 1.47434983231686e+05 
3.54770085073073e-02 1.45826710676954e+05 
3.57072053110522e-02 1.44259504320628e+05 
3.59386302524959e-02 1.42733507647206e+05 
3.61714186280600e-02 1.41244936243077e+05 
3.64051723846473e-02 1.39794351799827e+05 
3.66392008169467e-02 1.38385535158423e+05 
3.68703234218833e-02 1.37031406007479e+05 
3.70964393857374e-02 1.35742814313042e+05 
3.73189691774099e-02 1.34505931107725e+05 
3.75388448793164e-02 1.33315182707423e+05 
3.77555016301726e-02 1.32169875536143e+05 
3.79709792060039e-02 1.31058174805393e+05 
3.81843388899218e-02 1.29983275612365e+05 
3.83972164472643e-02 1.28934746625294e+05 
3.86103266023068e-02 1.27909982272408e+05 
3.88238183913385e-02 1.26905165065182e+05 
3.90370784042045e-02 1.25925333920208e+05 
3.92502698457759e-02 1.24965883314542e+05 
3.94636934015080e-02 1.24028668073809e+05 
3.96773236013750e-02 1.23109009594845e+05 
3.98913794219715e-02 1.22210891066397e+05 
4.01056833583863e-02 1.21329402784050e+05 
4.03198888225254e-02 1.20471438811140e+05 
4.05339018640072e-02 1.19631264778142e+05 
4.07480637063382e-02 1.18813325018235e+05 
4.09623842332161e-02 1.18011562909112e+05 
4.11772248380128e-02 1.17230162719217e+05 
4.13922146737900e-02 1.16464598816532e+05 
4.16073991068564e-02 1.15719383041494e+05 
4.18227480437546e-02 1.14989665684036e+05 
4.20386474709188e-02 1.14281312063455e+05 
4.22550417227018e-02 1.13584705624425e+05 
4.24722595019137e-02 1.12904896544647e+05 
4.26902579166672e-02 1.12238540956395e+05 
4.29093262070124e-02 1.11583286487637e+05 
4.31287360094534e-02 1.10941510591503e+05 
4.33488386890917e-02 1.10312730959706e+05 
4.35693821314806e-02 1.09697725431931e+05 
4.37906972270339e-02 1.09097326538491e+05 
4.40126847999679e-02 1.08509019333455e+05 
4.42356360299108e-02 1.07934505845878e+05 
4.44594418349047e-02 1.07370555203961e+05 
4.46843789065117e-02 1.06821560153224e+05 
4.49103573478186e-02 1.06282934337064e+05 
4.51376289928638e-02 1.05758097556769e+05 
4.53660326383983e-02 1.05241557335258e+05 
4.55953838471627e-02 1.04737353683067e+05 
4.58255207163884e-02 1.04241367172302e+05 
4.60567491211477e-02 1.03755886133424e+05 
4.62888931750625e-02 1.03277253570093e+05 
4.65222065307322e-02 1.02806944378697e+05 
4.67565277092348e-02 1.02341892316568e+05 
4.69920794906435e-02 1.01882637344763e+05 
4.72287169773175e-02 1.01426787655903e+05 
4.74666243643065e-02 1.00974071228137e+05 
4.77056579415652e-02 1.00522931390537e+05 
4.79459720761312e-02 1.00072363227161e+05 
4.81874371257735e-02 9.96215990998814e+04 
4.84298686330941e-02 9.91697481850990e+04 
4.86730084450307e-02 9.87170227709187e+04 
4.89170746778413e-02 9.82612768106049e+04 
4.91619361915581e-02 9.78039735839187e+04 
4.94078118138446e-02 9.73417703779693e+04 
4.96545726009611e-02 9.68768287975277e+04 
4.99024146032062e-02 9.64066404702257e+04 
5.01512107685878e-02 9.59335414429721e+04 
5.04011317749880e-02 9.54562039429281e+04 
5.06520470302790e-02 9.49791948191015e+04 
5.09041195989331e-02 9.45022246219120e+04 
5.11572360816232e-02 9.40320076128372e+04 
5.14113237007685e-02 9.35636780302523e+04 
5.16662015386002e-02 9.31275595836645e+04 
5.19221203597611e-02 9.27376222789989e+04 
5.21789539505731e-02 9.23510668360591e+04 
5.24369415959719e-02 9.20763654828743e+04 
5.26959490350524e-02 9.18887726300314e+04 
5.29562293621984e-02 9.17939818586157e+04 
5.32176278404685e-02 9.18144521539980e+04 
5.34804155493611e-02 9.18246096430934e+04 
5.37444016792364e-02 9.19910365941648e+04 
5.40098555808966e-02 9.25436169437313e+04 
5.42765812508392e-02 9.36743463853836e+04 
5.45448368154236e-02 9.55718706624655e+04 
5.48144214268249e-02 9.80654256942456e+04 
5.50855755831447e-02 1.01059575305142e+05 
5.53580860817601e-02 1.04420827420004e+05 
5.56321826063342e-02 1.07768326375931e+05 
5.59076459397142e-02 1.11008172062809e+05 
5.61846846346027e-02 1.13735433668286e+05 
5.64630823181392e-02 1.15506100529390e+05 
5.67429878313708e-02 1.16368128795361e+05 
5.70240767620626e-02 1.16413943900519e+05 
5.73065154534584e-02 1.16389377954871e+05 
5.75901022141770e-02 1.16141281969202e+05 
5.78749693765013e-02 1.15655381070973e+05 
5.81609296531212e-02 1.14943092771156e+05 
5.84480909722029e-02 1.14070620331617e+05 
5.87363048783228e-02 1.13130150414184e+05 
5.90256889379827e-02 1.12169265825914e+05 
5.93160922550166e-02 1.11234055622225e+05 
5.96076457470062e-02 1.10372535143331e+05 
5.99001802584360e-02 1.09623032798348e+05 
6.01938382588429e-02 1.08993068732371e+05 
6.04884406532530e-02 1.08501667892117e+05 
6.07841278937497e-02 1.08107974703436e+05 
6.10807355356491e-02 1.07803584006894e+05 
6.13784015470643e-02 1.07573521055789e+05 
6.16769808796976e-02 1.07389483712043e+05 
6.19766129305549e-02 1.07231011492853e+05 
6.22771561801525e-02 1.07088756747945e+05 
6.25787418743206e-02 1.06926024387003e+05 
6.28812285834793e-02 1.06722514646721e+05 
6.31847326814665e-02 1.06499138973019e+05 
6.34888727794691e-02 1.06242926893000e+05 
6.37936829825204e-02 1.05934278856208e+05 
6.40988874060073e-02 1.05575982341961e+05 
6.44045399449349e-02 1.05175502560204e+05 
6.47108521265494e-02 1.04739904989736e+05 
6.50179031604468e-02 1.04275562672048e+05 
6.53256360471972e-02 1.03788995897089e+05 
6.56338073463614e-02 1.03288092689886e+05 
6.59422897104619e-02 1.02778680448447e+05 
6.62512728900659e-02 1.02264645912695e+05 
6.65605281105110e-02 1.01747395047419e+05 
6.68703006507470e-02 1.01229456210337e+05 
6.71804743739365e-02 1.00710552722984e+05 
6.74913789445103e-02 1.00192122412087e+05 
6.78028346450898e-02 9.96737599488810e+04 
6.81152851317589e-02 9.91565278140696e+04 
6.84284904817798e-02 9.86399169374128e+04 
6.87428373331719e-02 9.81250013583995e+04 
6.90580055816604e-02 9.76111658739633e+04 
6.93741657848481e-02 9.71000955564087e+04 
6.96911678081542e-02 9.65907819067068e+04 
7.00092242211086e-02 9.60848917325761e+04 
7.03276669526457e-02 9.55823326074842e+04 
7.06460461459590e-02 9.50857405887250e+04 
7.09642209156496e-02 9.45942930087486e+04 
7.12821320332818e-02 9.41100911891850e+04 
7.15999608438394e-02 9.36320278896064e+04 
7.19176370965702e-02 9.31621732011269e+04 
7.22352942486121e-02 9.26993475102175e+04 
7.25528418356384e-02 9.22461082416333e+04 
7.28703690785228e-02 9.18019636102603e+04 
7.31873607440902e-02 9.13685536543430e+04 
7.35038944692033e-02 9.09461685604845e+04 
7.38190465282195e-02 9.05367089879021e+04 
7.41335588867399e-02 9.01394975040562e+04 
7.44467048941861e-02 8.97562964950978e+04 
7.47598592724331e-02 8.93859834631173e+04 
7.50722371140649e-02 8.90303522117784e+04 
7.53842771411393e-02 8.86897046658477e+04 
7.56956257825745e-02 8.83649000445539e+04 
7.60067247490731e-02 8.80560570043308e+04 
7.63170821429993e-02 8.77643525401850e+04 
7.66272520231585e-02 8.74894904818661e+04 
7.69365142080694e-02 8.72322473443353e+04 
7.72455464987964e-02 8.69920076538495e+04 
7.75537109390771e-02 8.67689234141546e+04 
7.78616742562992e-02 8.65620841245680e+04 
7.81689067795973e-02 8.63710610049895e+04 
7.84758690315981e-02 8.61946821271862e+04 
7.87822121957800e-02 8.60328667786450e+04 
7.90882626915617e-02 8.58824126908904e+04 
7.93938199936148e-02 8.57432278555241e+04 
7.96990949136383e-02 8.56123863299231e+04 
8.00039830377898e-02 8.54890520998137e+04 
8.03086044788226e-02 8.53705030099960e+04 
8.06126339040218e-02 8.52554418649788e+04 
8.09162200972490e-02 8.51416397971749e+04 
8.12190883066288e-02 8.50278758458747e+04 
8.15218338958609e-02 8.49124445262220e+04 
8.18241776430389e-02 8.47940749832071e+04 
8.21265159597434e-02 8.46716579918350e+04 
8.24285403452451e-02 8.45444544825779e+04 
8.27305333392858e-02 8.44116574544899e+04 
8.30322545634984e-02 8.42729759181484e+04 
8.33338743425756e-02 8.41281692728674e+04 
8.36352799483776e-02 8.39774946530935e+04 
8.39365101027261e-02 8.38213229254468e+04 
8.42374988201442e-02 8.36606520312362e+04 
8.45382988300335e-02 8.34961545313527e+04 
8.48380814741095e-02 8.33295806117096e+04 
8.51370292251402e-02 8.31618367400552e+04 
8.54353883018849e-02 8.29940502405990e+04 
8.57330328014046e-02 8.28262682974259e+04 
8.60309991463627e-02 8.26590499741082e+04 
8.63287339625681e-02 8.24917143017491e+04 
8.66272109649827e-02 8.23279085683288e+04 
8.69259306958188e-02 8.21662800530867e+04 
8.72238512112017e-02 8.20090252494321e+04 
8.75228769281267e-02 8.18520441936266e+04 
8.78210995054219e-02 8.16966098861638e+04 
8.81190980461042e-02 8.15446119360653e+04 
8.84157729787732e-02 8.13956423733184e+04 
8.87122545128609e-02 8.12525606310762e+04 
8.90076726530117e-02 8.11082382818082e+04 
8.93020604833164e-02 8.09714954881146e+04 
8.95972899965594e-02 8.08352212851979e+04 
8.98921694910245e-02 8.06959970620429e+04 
9.01870677704846e-02 8.05602450361620e+04 
9.04815802280885e-02 8.04227640331761e+04 
9.07767020918535e-02 8.02872393567956e+04 
9.10720583535254e-02 8.01484081956843e+04 
9.13674516610696e-02 8.00107973653589e+04 
9.16632396086126e-02 7.98664901647520e+04 
9.19594337391999e-02 7.97257417799996e+04 
9.22565537224370e-02 7.95834944386047e+04 
9.25545346285560e-02 7.94365893265458e+04 
9.28531898371478e-02 7.92937271030881e+04 
9.31524065801519e-02 7.91457567961668e+04 
9.34517536437907e-02 7.89973322865585e+04 
9.37515580047836e-02 7.88445915725427e+04 
9.40516464323901e-02 7.86926990337798e+04 
9.43520369393542e-02 7.85380170011566e+04 
9.46525528199359e-02 7.83855941504293e+04 
9.49534779282206e-02 7.82331938703281e+04 
9.52546239501044e-02 7.80864378496142e+04 
9.55562233328724e-02 7.79413094691876e+04 
9.58581423646050e-02 7.78036920344237e+04 
9.61606021379293e-02 7.76759422997759e+04 
9.64634907262930e-02 7.75441610922016e+04 
9.67667560952338e-02 7.74351763091629e+04 
9.70706252036643e-02 7.73467326439752e+04 
9.73751584744171e-02 7.72730070265955e+04 
9.76801506242215e-02 7.72219613286348e+04 
9.79858354359011e-02 7.72018327750457e+04 
9.82919936116710e-02 7.71792813751626e+04 
9.85988562302920e-02 7.71690375209297e+04 
9.89062021800710e-02 7.72327427637999e+04 
9.92135939897383e-02 7.73857629226965e+04 
9.95212817660671e-02 7.76672130960812e+04 
9.98289804886660e-02 7.81051951672076e+04 
1.00137339261033e-01 7.86714493648982e+04 
1.00445579878407e-01 7.93417621174519e+04 
1.00754239523046e-01 8.01103258800936e+04 
1.01064621951281e-01 8.09504984260669e+04 
1.01375152984374e-01 8.18319347529800e+04 
1.01686003159888e-01 8.27347827722729e+04 
1.01996857526757e-01 8.36294570278077e+04 
1.02308034459694e-01 8.44904742287619e+04 
1.02619187433087e-01 8.52965667630331e+04 
1.02930658672908e-01 8.60317222880539e+04 
1.03242065039776e-01 8.66867417660659e+04 
1.03553780767154e-01 8.72598471867378e+04 
1.03865384455843e-01 8.77553295347592e+04 
1.04177152015253e-01 8.81841125488659e+04 
1.04488891986021e-01 8.85603157516717e+04 
1.04800551524765e-01 8.89012426432208e+04 
1.05112196394577e-01 8.92256146245752e+04 
1.05423790193049e-01 8.95515247509375e+04 
1.05736500582888e-01 8.98953236769576e+04 
1.06049694172654e-01 9.02688324168020e+04 
1.06362799995585e-01 9.06778166789407e+04 
1.06676318229732e-01 9.11253796847973e+04 
1.06989787298542e-01 9.16070442155459e+04 
1.07303681170418e-01 9.21155320280414e+04 
1.07617514353553e-01 9.26373777153989e+04 
1.07931192909158e-01 9.31582699069931e+04 
1.08245002734658e-01 9.36622239192529e+04 
1.08558246605759e-01 9.41335708986777e+04 
1.08871507547239e-01 9.45608662025308e+04 
1.09184199473163e-01 9.49257906891003e+04 
1.09496849418751e-01 9.52374634142124e+04 
1.09808948545801e-01 9.54499871754419e+04 
1.10120956388148e-01 9.56018100565491e+04 
1.10432434156864e-01 9.56866889649178e+04 
1.10743790397646e-01 9.57508084793435e+04 
1.11054643583953e-01 9.58012940359451e+04 
1.11365386633489e-01 9.58279392208279e+04 
1.11675671536291e-01 9.58389645527906e+04 
1.11985924412419e-01 9.58379977232826e+04 
1.12295761722292e-01 9.58293097087484e+04 
1.12606066304150e-01 9.58159205579417e+04 
1.12915914114808e-01 9.58023210740444e+04 
1.13225740608766e-01 9.57874236645062e+04 
1.13534961519862e-01 9.57741026144385e+04 
1.13844256887559e-01 9.57624727892707e+04 
1.14152832715689e-01 9.57543279074289e+04 
1.14461447170035e-01 9.57510230481638e+04 
1.14769343894054e-01 9.57473017981971e+04 
1.15077239669437e-01 9.57413473419611e+04 
1.15384434146853e-01 9.57322522872680e+04 
1.15691626689966e-01 9.57184138496630e+04 
1.15998173984756e-01 9.57028011426696e+04 
1.16304785028227e-01 9.56850002790670e+04 
1.16612442121709e-01 9.56628957624445e+04 
1.16920020600949e-01 9.56338207159740e+04 
1.17227420740397e-01 9.55938245611437e+04 
1.17534717703336e-01 9.55432340667914e+04 
1.17841812420499e-01 9.54823927371066e+04 
1.18148824337921e-01 9.54146559426488e+04 
1.18455676414446e-01 9.53394313679902e+04 
1.18762397113303e-01 9.52569837672709e+04 
1.19069033053972e-01 9.51687612838021e+04 
1.19375526042317e-01 9.50738790706894e+04 
1.19681797944445e-01 9.49734777779744e+04 
1.19988133040228e-01 9.48671233846181e+04 
1.20294048248803e-01 9.47550976029402e+04 
1.20600004195088e-01 9.46370106570542e+04 
1.20905586383658e-01 9.45135750758971e+04 
1.21211214923937e-01 9.43852002613439e+04 
1.21516504524024e-01 9.42508247088349e+04 
1.21821839913520e-01 9.41117018446649e+04 
1.22126928203817e-01 9.39672346780048e+04 
1.22432122284161e-01 9.38194501085774e+04 
1.22738646074913e-01 9.36661205388307e+04 
1.23044929859348e-01 9.35107354708983e+04 
1.23351527097526e-01 9.33520380569638e+04 
1.23657947456209e-01 9.31966765280759e+04 
1.23964758015135e-01 9.30350264030264e+04 
1.24271427074257e-01 9.28794223721515e+04 
1.24578544433475e-01 9.27215016244589e+04 
1.24885619192223e-01 9.25703771307891e+04 
1.25193231090331e-01 9.24244814530159e+04 
1.25500666246706e-01 9.22796206316436e+04 
1.25807599524261e-01 9.21429002490887e+04 
1.26113850382506e-01 9.20089931496675e+04 
1.26419516831809e-01 9.18827455658560e+04 
1.26724400183013e-01 9.17586125392602e+04 
1.27028609027971e-01 9.16406582564565e+04 
1.27331945254508e-01 9.15228920735200e+04 
1.27634543929836e-01 9.14061639195384e+04 
1.27936227484071e-01 9.12902564631532e+04 
1.28237178007958e-01 9.11744670048956e+04 
1.28537260083885e-01 9.10571798408943e+04 
1.28838680342135e-01 9.09378539106579e+04 
1.29139325138773e-01 9.08157567888306e+04 
1.29439353163910e-01 9.06910160168720e+04 
1.29738736433046e-01 9.05626760180857e+04 
1.30037617382884e-01 9.04313641585273e+04 
1.30335982335641e-01 9.02970472779000e+04 
1.30633964037172e-01 9.01611732852874e+04 
1.30931441960405e-01 9.00245129261406e+04 
1.31228662733065e-01 8.98889990774111e+04 
1.31525439341871e-01 8.97564143382305e+04 
1.31822060717159e-01 8.96287385128698e+04 
1.32118341501603e-01 8.95084159744492e+04 
1.32414540502131e-01 8.93966100312038e+04 
1.32710487113121e-01 8.92963505037338e+04 
1.33006403064905e-01 8.92075731440750e+04 
1.33302113257795e-01 8.91336209001098e+04 
1.33597845417703e-01 8.90738836461250e+04 
1.33893351864144e-01 8.90291729685254e+04 
1.34188925027800e-01 8.90012122879849e+04 
1.34484312857438e-01 8.89890341158387e+04 
1.34779800508944e-01 8.89934319609967e+04 
1.35075132708718e-01 8.90115205303462e+04 
1.35370601248973e-01 8.90467964408245e+04 
1.35665945698237e-01 8.90935967813302e+04 
1.35961375639711e-01 8.91589047413272e+04 
1.36256694059603e-01 8.92298831356405e+04 
1.36552092550961e-01 8.93120242456233e+04 
1.36847430542319e-01 8.94048309427717e+04 
1.37142909386071e-01 8.95009216810443e+04 
1.37438386064931e-01 8.96019531627640e+04 
1.37733945572700e-01 8.97010897213831e+04 
1.38029407083067e-01 8.98015622694871e+04 
1.38324795128054e-01 8.98990803494420e+04 
1.38620100514558e-01 8.99973872356628e+04 
1.38915312920484e-01 9.00903572662763e+04 
1.39210472495770e-01 9.01817961715089e+04 
1.39505561551185e-01 9.02685992138448e+04 
1.39800628818428e-01 9.03560916230287e+04 
1.40095648030533e-01 9.04438678848430e+04 
1.40390689862718e-01 9.05228086968647e+04 
1.40685719834518e-01 9.06007179588986e+04 
1.40980804295928e-01 9.06755234184479e+04 
1.41275895735954e-01 9.07533121947659e+04 
1.41571036104376e-01 9.08315027534574e+04 
1.41866123378258e-01 9.09132914982926e+04 
1.42161194904866e-01 9.09990350587056e+04 
1.42456243017084e-01 9.10894691021559e+04 
1.42751293807447e-01 9.11900590519350e+04 
1.43046352159831e-01 9.13004991595835e+04 
1.43341427362074e-01 9.14162002007851e+04 
1.43636547611725e-01 9.15373030430501e+04 
1.43931709651535e-01 9.16616655735543e+04 
1.44226950552833e-01 9.17899084738498e+04 
1.44522250392948e-01 9.19211024029425e+04 
1.44817676198020e-01 9.20537719988567e+04 
1.45113193021494e-01 9.21858491903007e+04 
1.45408878161635e-01 9.23165325115131e+04 
1.45704678866133e-01 9.24448880942586e+04 
1.46000686188475e-01 9.25693454898084e+04 
1.46296826755606e-01 9.26895704738330e+04 
1.46593209237943e-01 9.28040988345668e+04 
1.46889731192561e-01 9.29132469588733e+04 
1.47186528949574e-01 9.30176650973233e+04 
1.47483474120962e-01 9.31195890198767e+04 
1.47780719118665e-01 9.32205510881023e+04 
1.48078121758766e-01 9.33250216129813e+04 
1.48375843733658e-01 9.34351528967509e+04 
1.48673734375530e-01 9.35577973060394e+04 
1.48971956125779e-01 9.36992933298013e+04 
1.49270351974017e-01 9.38632259043084e+04 
1.49569085394464e-01 9.40583227190515e+04 
1.49867996453091e-01 9.42914177563297e+04 
1.50167247592430e-01 9.45646980619536e+04 
1.50466686085090e-01 9.48832889017125e+04 
1.50766422461790e-01 9.52474703172539e+04 
1.51066367917496e-01 9.56558274468635e+04 
1.51366543088971e-01 9.61140804311904e+04 
1.51666916040138e-01 9.66028189225186e+04 
1.51967509089552e-01 9.71161486202705e+04 
1.52268285217276e-01 9.76449604442208e+04 
1.52569259822755e-01 9.81734788472370e+04 
1.52870404906266e-01 9.86822497597131e+04 
1.53171727191019e-01 9.91575760876888e+04 
1.53473206384034e-01 9.95767633202059e+04 
1.53774854511655e-01 9.99276804812946e+04 
1.54076649386529e-01 1.00245162251548e+05 
1.54378608290682e-01 1.00452227301512e+05 
1.54680690775419e-01 1.00575670544035e+05 
1.54982930333076e-01 1.00652143532424e+05 
1.55285244795984e-01 1.00680923965845e+05 
1.55587697425105e-01 1.00707870728485e+05 
1.55890197732372e-01 1.00731459675956e+05 
1.56192773858660e-01 1.00744738289948e+05 
1.56495416661563e-01 1.00748442589251e+05 
1.56798079185897e-01 1.00738666935255e+05 
1.57100824883366e-01 1.00710238740276e+05 
1.57403546849914e-01 1.00669913288336e+05 
1.57706336705912e-01 1.00618638013529e+05 
1.58009093799862e-01 1.00559217871628e+05 
1.58311904417172e-01 1.00492675720116e+05 
1.58614677225027e-01 1.00422229960601e+05 
1.58917487753942e-01 1.00350486538357e+05 
1.59220256546661e-01 1.00279261215729e+05 
1.59523048835322e-01 1.00210788281395e+05 
1.59825789731462e-01 1.00146253475070e+05 
1.60128539266977e-01 1.00087703256171e+05 
1.60431228432048e-01 1.00036763466920e+05 
1.60733916331155e-01 9.99947782216671e+04 
1.61036537389784e-01 9.99613305705275e+04 
1.61339145740367e-01 9.99417979400175e+04 
1.61641682846334e-01 9.99328685132365e+04 
1.61944194828815e-01 9.99336008240449e+04 
1.62246634881373e-01 9.99468503237130e+04 
1.62549042547293e-01 9.99671931874883e+04 
1.62851379102164e-01 9.99925267589794e+04 
1.63153680988481e-01 1.00020146965059e+05 
1.63455913845687e-01 1.00043924982280e+05 
1.63758111475970e-01 1.00064439245714e+05 
1.64060241918666e-01 1.00083724858738e+05 
1.64362335021952e-01 1.00083262544141e+05 
1.64664361730278e-01 1.00072572206111e+05 
1.64966347592600e-01 1.00049379885439e+05 
1.65268267004069e-01 1.00007244132622e+05 
1.65570141928202e-01 9.99640916756119e+04 
1.65871950940434e-01 9.99066324523175e+04 
1.66173712988892e-01 9.98325734837323e+04 
1.66475412211182e-01 9.97400640761255e+04 
1.66777065032121e-01 9.96243954723785e+04 
1.67078663203790e-01 9.94871816373691e+04 
1.67380219432929e-01 9.93330980406898e+04 
1.67681733016959e-01 9.91640271623191e+04 
1.67983210537542e-01 9.89803364387953e+04 
1.68284656854132e-01 9.87865431597822e+04 
1.68586072243194e-01 9.85846323772749e+04 
1.68887466293094e-01 9.83759298478345e+04 
1.69188834717020e-01 9.81620189663207e+04 
1.69490191207420e-01 9.79437452962960e+04 
1.69791527886293e-01 9.77227807454441e+04 
1.70092863558812e-01 9.74983099180351e+04 
1.70394184866733e-01 9.72716612868510e+04 
1.70695516961985e-01 9.70437438583393e+04 
1.70996841015482e-01 9.68141356000259e+04 
1.71298152176677e-01 9.65834698864308e+04 
1.71599493724346e-01 9.63523739376191e+04 
1.71900784049498e-01 9.61212075071308e+04 
1.72202115226934e-01 9.58905314370811e+04 
1.72503391916571e-01 9.56605709753256e+04 
1.72804716727204e-01 9.54316690820583e+04 
1.73105986966252e-01 9.52037513030291e+04 
1.73407309797780e-01 9.49773032929589e+04 
1.73708585294655e-01 9.47514648796458e+04 
1.74009911908776e-01 9.45282645869293e+04 
1.74311184877874e-01 9.43070909460074e+04 
1.74612507166625e-01 9.40878879074565e+04 
1.74913777359733e-01 9.38725652944227e+04 
1.75215098008376e-01 9.36605078835667e+04 
1.75516366423426e-01 9.34519363760277e+04 
1.75817679889719e-01 9.32461918509036e+04 
1.76118929659053e-01 9.30447401533754e+04 
1.76420213781148e-01 9.28466839746580e+04 
1.76721424202758e-01 9.26530200421073e+04 
1.77022652354913e-01 9.24627372336955e+04 
1.77323806194992e-01 9.22767969673371e+04 
1.77624983032094e-01 9.20943727508465e+04 
1.77926082270158e-01 9.19162444271420e+04 
1.78227194148790e-01 9.17413398932921e+04 
1.78528236888391e-01 9.15713861711908e+04 
1.78829287865125e-01 9.14047621480817e+04 
1.79130260388196e-01 9.12431891279464e+04 
1.79431232950800e-01 9.10855512902598e+04 
1.79732119249914e-01 9.09322931398810e+04 
1.80033005789754e-01 9.07831499149777e+04 
1.80333807574194e-01 9.06387538904453e+04 
1.80634614392503e-01 9.04986151504492e+04 
1.80935336102711e-01 9.03635080494877e+04 
1.81236061689272e-01 9.02327504301335e+04 
1.81536680878976e-01 9.01071282849378e+04 
1.81837312640257e-01 8.99860215323267e+04 
1.82137840370799e-01 8.98701027750140e+04 
1.82438364530052e-01 8.97588281124675e+04 
1.82738776693932e-01 8.96529534907401e+04 
1.83039183815982e-01 8.95519411512915e+04 
1.83339473211879e-01 8.94567203594180e+04 
1.83639756250134e-01 8.93672978712170e+04 
1.83939907654862e-01 8.92840306818208e+04 
1.84240054354124e-01 8.92059227390946e+04 
1.84540051273754e-01 8.91366952611538e+04 
1.84840038655481e-01 8.90730300941387e+04 
1.85139873022537e-01 8.90166071160684e+04 
1.85439693138013e-01 8.89697543943097e+04 
1.85739361794427e-01 8.89296442508005e+04 
1.86039012719059e-01 8.88973913787636e+04 
1.86338512897685e-01 8.88740703796605e+04 
1.86637993425663e-01 8.88604932632055e+04 
1.86937324093848e-01 8.88532334044948e+04 
1.87236636636296e-01 8.88538802470182e+04 
1.87535802154798e-01 8.88650705275470e+04 
1.87834953215449e-01 8.88872857992295e+04 
1.88133959758856e-01 8.89236841454120e+04 
1.88432955251163e-01 8.89715403830094e+04 
1.88731808270442e-01 8.90331418606805e+04 
1.89030653608092e-01 8.91088171647814e+04 
1.89329358790918e-01 8.91992354965728e+04 
1.89628060050562e-01 8.93044181650512e+04 
1.89926623294161e-01 8.94227419032913e+04 
1.90225186275088e-01 8.95544144983372e+04 
1.90523613238443e-01 8.96975974521165e+04 
1.90822043806954e-01 8.98509671265778e+04 
1.91120340315678e-01 9.00134598366003e+04 
1.91418644190942e-01 9.01845882392265e+04 
1.91716815373341e-01 9.03627143124287e+04 
1.92014997184628e-01 9.05460439063385e+04 
1.92313046658140e-01 9.07306113087855e+04 
1.92611109322883e-01 9.09185366064874e+04 
1.92909039504019e-01 9.11065149109395e+04 
1.93206985132800e-01 9.12929232267926e+04 
1.93504798552579e-01 9.14728935700071e+04 
1.93802629965836e-01 9.16468997605718e+04 
1.94100330488015e-01 9.18161726709031e+04 
1.94398052699782e-01 9.19796185995171e+04 
1.94695643857618e-01 9.21376504204753e+04 
1.94993260880415e-01 9.22904047715972e+04 
1.95290746878264e-01 9.24383116169411e+04 
1.95588260668367e-01 9.25821429396230e+04 
1.95885642657460e-01 9.27207084010906e+04 
1.96183053502355e-01 9.28527186175385e+04 
1.96480332391458e-01 9.29813010070715e+04 
1.96777642432309e-01 9.31061101967266e+04 
1.97074823910095e-01 9.32302616097027e+04 
1.97372050843427e-01 9.33544059979401e+04 
1.97669130630528e-01 9.34756729727001e+04 
1.97966241498111e-01 9.35940395367594e+04 
1.98263191433566e-01 9.37098547937171e+04 
1.98560169526172e-01 9.38238156865909e+04 
1.98856983427038e-01 9.39357863547669e+04 
1.99153830176951e-01 9.40460063488571e+04 
1.99450511873317e-01 9.41544859125568e+04 
1.99747229175849e-01 9.42614324160055e+04 
2.00043778724784e-01 9.43668702719027e+04 
2.00340362712065e-01 9.44710834333838e+04 
