# Liste des scalaires : TEMPS pmat 
0.00000000000000e+00 1.00000000000000e+05 
7.22956891292051e-05 1.00000000000000e+05 
1.39473830159787e-04 1.00000000000000e+05 
2.09658797050088e-04 1.00000000000000e+05 
2.76117114236753e-04 1.00000000000000e+05 
3.20638761908154e-04 1.00000000000000e+05 
3.55139419127706e-04 1.00000000000000e+05 
3.84466703006988e-04 1.00000000000000e+05 
4.10882456555392e-04 1.00000000000000e+05 
4.35440253196371e-04 1.00000000000000e+05 
4.62453829501447e-04 1.00000000000000e+05 
4.92168763437031e-04 1.00000000000000e+05 
5.24855190766173e-04 1.00000000000000e+05 
5.60810260828229e-04 1.00000000000000e+05 
6.00360837896491e-04 1.00000000000000e+05 
6.43866472671579e-04 1.00000000000000e+05 
6.91722670924176e-04 1.00000000000000e+05 
7.44364489002033e-04 1.00000000000000e+05 
8.02270488887675e-04 1.00000000000000e+05 
8.65967088761882e-04 1.00000000000000e+05 
9.36033348623509e-04 1.00000000000000e+05 
1.01310623447130e-03 1.00000000000000e+05 
1.09788640890387e-03 1.00000000000000e+05 
1.19114460077969e-03 1.00000000000000e+05 
1.28874595968001e-03 1.00000000000000e+05 
1.39427742078096e-03 1.00000000000000e+05 
1.50221628787633e-03 1.00000000000000e+05 
1.61553425737492e-03 1.00000000000000e+05 
1.73457348070845e-03 1.00000000000000e+05 
1.85733677968637e-03 1.00000000000000e+05 
1.98616223838898e-03 1.00000000000000e+05 
2.11872938704656e-03 1.00000000000000e+05 
2.25541689819693e-03 1.00000000000000e+05 
2.39772133018707e-03 1.00000000000000e+05 
2.54485627309127e-03 1.00000000000000e+05 
2.69657390129237e-03 1.00000000000000e+05 
2.85238267869210e-03 1.00000000000000e+05 
3.01245336052075e-03 1.00000000000000e+05 
3.17812497446135e-03 1.00000000000000e+05 
3.34903914085966e-03 1.00000000000000e+05 
3.52550659026333e-03 1.00000000000000e+05 
3.70726992321402e-03 1.00000000000000e+05 
3.89587589613611e-03 1.00000000000000e+05 
4.08975108537204e-03 1.00000000000000e+05 
4.28959471140244e-03 1.00000000000000e+05 
4.49516060408449e-03 1.00000000000000e+05 
4.70839016598791e-03 1.00000000000000e+05 
4.92856382961040e-03 1.00000000000000e+05 
5.15483884145810e-03 1.00000000000000e+05 
5.38810296190565e-03 1.00000000000000e+05 
5.62716630832551e-03 1.00000000000000e+05 
5.87020911792127e-03 1.00000000000000e+05 
6.12048301668764e-03 1.00000000000000e+05 
6.37286594506349e-03 1.00000000000000e+05 
6.63255281660290e-03 1.00000000000000e+05 
6.89402258475675e-03 1.00000000000000e+05 
7.16407888327090e-03 1.00000000000000e+05 
7.43688359574299e-03 1.00000000000000e+05 
7.71399396444636e-03 1.00000000000000e+05 
7.99382024823502e-03 1.00000000000000e+05 
8.27676476722895e-03 1.00000000000000e+05 
8.55486963386598e-03 1.00000000000000e+05 
8.82693129547761e-03 1.00000000000000e+05 
9.09434992258235e-03 1.00000000000000e+05 
9.35798204986584e-03 1.00000000000000e+05 
9.61828190542010e-03 1.00000000000000e+05 
9.87458790234886e-03 1.00000000000000e+05 
1.01275999953490e-02 1.00000000000000e+05 
1.03780906819999e-02 1.00000000000000e+05 
1.06260594936939e-02 1.00000000000000e+05 
1.08549555607552e-02 1.00000000000000e+05 
1.10600486358754e-02 1.00000000000000e+05 
1.12527947243052e-02 1.00000000000000e+05 
1.14376549781153e-02 1.00000000000000e+05 
1.16160555244821e-02 1.00000000000000e+05 
1.17893912906173e-02 1.00000000000000e+05 
1.19585465367505e-02 1.00000000000000e+05 
1.21239074181631e-02 1.00000000000000e+05 
1.22865738919227e-02 1.00000000000000e+05 
1.24467469641922e-02 1.00000000000000e+05 
1.26054874618548e-02 1.00000000000000e+05 
1.27630810565263e-02 1.00000000000000e+05 
1.29205520410639e-02 1.00000000000000e+05 
1.30780807912933e-02 1.00000000000000e+05 
1.32361973892151e-02 1.00000000000000e+05 
1.33950989823824e-02 1.00000000000000e+05 
1.35552086731788e-02 1.00000000000000e+05 
1.37173208320154e-02 1.00000000000000e+05 
1.38814664957970e-02 1.00000000000000e+05 
1.40484212352063e-02 1.00000000000000e+05 
1.42181141062894e-02 1.00000000000000e+05 
1.43911503961766e-02 1.00000000000000e+05 
1.45673293078480e-02 1.00000000000000e+05 
1.47470958216380e-02 1.00000000000000e+05 
1.49301042785966e-02 1.00000000000000e+05 
1.51166614380626e-02 1.00000000000000e+05 
1.53062831293839e-02 1.00000000000000e+05 
1.54991735340619e-02 1.00000000000000e+05 
1.56947380646788e-02 1.00000000000000e+05 
1.58931191086482e-02 1.00000000000000e+05 
1.60936519304128e-02 1.00000000000000e+05 
1.62964592918260e-02 1.00000000000000e+05 
1.65008429752007e-02 1.00000000000000e+05 
1.67069397389035e-02 1.00000000000000e+05 
1.69140454026197e-02 1.00000000000000e+05 
1.71222476239305e-02 1.00000000000000e+05 
1.73310659723088e-02 1.00000000000000e+05 
1.75404805140985e-02 1.00000000000000e+05 
1.77502336634603e-02 1.00000000000000e+05 
1.79602468971512e-02 1.00000000000000e+05 
1.81704402485048e-02 1.00000000000000e+05 
1.83807094672246e-02 1.00000000000000e+05 
1.85910846778459e-02 1.00000000000000e+05 
1.88014518404187e-02 1.00000000000000e+05 
1.90118955488091e-02 1.00000000000000e+05 
1.92223163406305e-02 1.00000000000000e+05 
1.94328292768526e-02 1.00000000000000e+05 
1.96433365225387e-02 1.00000000000000e+05 
1.98539715464995e-02 1.00000000000000e+05 
2.00646505077621e-02 1.00000000000000e+05 
2.02755110135932e-02 1.00000000000000e+05 
2.04864650919058e-02 1.00000000000000e+05 
2.06976612486343e-02 1.00000000000000e+05 
2.09089798974295e-02 1.00000000000000e+05 
2.11205954413885e-02 1.00000000000000e+05 
2.13323429891764e-02 1.00000000000000e+05 
2.15444306447103e-02 1.00000000000000e+05 
2.17566445949611e-02 1.00000000000000e+05 
2.19692315219656e-02 1.00000000000000e+05 
2.21819233162553e-02 1.00000000000000e+05 
2.23949880430488e-02 1.00000000000000e+05 
2.26081298828760e-02 1.00000000000000e+05 
2.28216017330103e-02 1.00000000000000e+05 
2.30351212360654e-02 1.00000000000000e+05 
2.32489150216591e-02 1.00000000000000e+05 
2.34627194860891e-02 1.00000000000000e+05 
2.36767502858066e-02 1.00000000000000e+05 
2.38907678675510e-02 1.00000000000000e+05 
2.41049861646025e-02 1.00000000000000e+05 
2.43191908596129e-02 1.00000000000000e+05 
2.45335954860498e-02 1.00000000000000e+05 
2.47480091451393e-02 1.00000000000000e+05 
2.49626483629311e-02 1.00000000000000e+05 
2.51773520845178e-02 1.00000000000000e+05 
2.53923423560839e-02 1.00000000000000e+05 
2.56074669924641e-02 1.00000000000000e+05 
2.58229536416475e-02 1.00000000000000e+05 
2.60386664828622e-02 1.00000000000000e+05 
2.62548329190406e-02 1.00000000000000e+05 
2.64713225011390e-02 1.00000000000000e+05 
2.66883628860293e-02 1.00000000000000e+05 
2.69058309999216e-02 1.00000000000000e+05 
2.71238482792536e-02 1.00000000000000e+05 
2.73420393360302e-02 1.00000000000000e+05 
2.75594768960542e-02 1.00000000000000e+05 
2.77752140447468e-02 1.00000000000000e+05 
2.79883920722764e-02 1.00000000000000e+05 
2.81984900482908e-02 1.00000000000000e+05 
2.84054989705004e-02 1.00000000000000e+05 
2.86100855891592e-02 1.00000000000000e+05 
2.88117007014976e-02 1.00000000000000e+05 
2.90100108993880e-02 1.00000000000000e+05 
2.92054852521106e-02 1.00000000000000e+05 
2.93991586864107e-02 1.00000000000000e+05 
2.95911232428346e-02 1.00000000000000e+05 
2.97826087057351e-02 1.00000000000000e+05 
2.99738005536597e-02 1.00000000000000e+05 
3.01657249455709e-02 1.00000000000000e+05 
3.03584363412618e-02 1.00000000000000e+05 
3.05527392726939e-02 1.00000000000000e+05 
3.07485682374011e-02 1.00000000000000e+05 
3.09465129832220e-02 1.00000000000000e+05 
3.11465105440528e-02 1.00000000000000e+05 
3.13490676841353e-02 1.00000000000000e+05 
3.15541154738341e-02 1.00000000000000e+05 
3.17620261405007e-02 1.00000000000000e+05 
3.19703818396679e-02 1.00000000000000e+05 
3.21794294742121e-02 1.00000000000000e+05 
3.23892449294388e-02 1.00000000000000e+05 
3.26001409076951e-02 1.00000000000000e+05 
3.28121259730575e-02 1.00000000000000e+05 
3.30254600971866e-02 1.00000000000000e+05 
3.32401467170712e-02 1.00000000000000e+05 
3.34564716920158e-02 1.00000000000000e+05 
3.36744644600441e-02 1.00000000000000e+05 
3.38943783126536e-02 1.00000000000000e+05 
3.41162128488200e-02 1.00000000000000e+05 
3.43401679996017e-02 1.00000000000000e+05 
3.45662120330387e-02 1.00000000000000e+05 
3.47928194558643e-02 1.00000000000000e+05 
3.50199841476858e-02 1.00000000000000e+05 
3.52480423212874e-02 1.00000000000000e+05 
3.54770085073073e-02 1.00000000000000e+05 
3.57072053110522e-02 1.00000000000000e+05 
3.59386302524959e-02 1.00000000000000e+05 
3.61714186280600e-02 1.00000000000000e+05 
3.64051723846473e-02 1.00000000000000e+05 
3.66392008169467e-02 1.00000000000000e+05 
3.68703234218833e-02 1.00000000000000e+05 
3.70964393857374e-02 1.00000000000000e+05 
3.73189691774099e-02 1.00000000000000e+05 
3.75388448793164e-02 1.00000000000000e+05 
3.77555016301726e-02 1.00000000000000e+05 
3.79709792060039e-02 1.00000000000000e+05 
3.81843388899218e-02 1.00000000000000e+05 
3.83972164472643e-02 1.00000000000000e+05 
3.86103266023068e-02 1.00000000000000e+05 
3.88238183913385e-02 1.00000000000000e+05 
3.90370784042045e-02 1.00000000000000e+05 
3.92502698457759e-02 1.00000000000000e+05 
3.94636934015080e-02 1.00000000000000e+05 
3.96773236013750e-02 1.00000000000000e+05 
3.98913794219715e-02 1.00000000000000e+05 
4.01056833583863e-02 1.00000000000000e+05 
4.03198888225254e-02 1.00000000000000e+05 
4.05339018640072e-02 1.00000000000000e+05 
4.07480637063382e-02 1.00000000000000e+05 
4.09623842332161e-02 1.00000000000000e+05 
4.11772248380128e-02 1.00000000000000e+05 
4.13922146737900e-02 1.00000000000000e+05 
4.16073991068564e-02 1.00000000000000e+05 
4.18227480437546e-02 1.00000000000000e+05 
4.20386474709188e-02 1.00000000000000e+05 
4.22550417227018e-02 1.00000000000000e+05 
4.24722595019137e-02 1.00000000000000e+05 
4.26902579166672e-02 1.00000000000000e+05 
4.29093262070124e-02 1.00000000000000e+05 
4.31287360094534e-02 1.00000000000000e+05 
4.33488386890917e-02 1.00000000000000e+05 
4.35693821314806e-02 1.00000000000000e+05 
4.37906972270339e-02 1.00000000000000e+05 
4.40126847999679e-02 1.00000000000000e+05 
4.42356360299108e-02 1.00000000000000e+05 
4.44594418349047e-02 1.00000000000000e+05 
4.46843789065117e-02 1.00000000000000e+05 
4.49103573478186e-02 1.00000000000000e+05 
4.51376289928638e-02 1.00000000000000e+05 
4.53660326383983e-02 1.00000000000000e+05 
4.55953838471627e-02 1.00000000000000e+05 
4.58255207163884e-02 1.00000000000000e+05 
4.60567491211477e-02 1.00000000000000e+05 
4.62888931750625e-02 1.00000000000000e+05 
4.65222065307322e-02 1.00000000000000e+05 
4.67565277092348e-02 1.00000000000000e+05 
4.69920794906435e-02 1.00000000000000e+05 
4.72287169773175e-02 1.00000000000000e+05 
4.74666243643065e-02 1.00000000000000e+05 
4.77056579415652e-02 1.00000000000000e+05 
4.79459720761312e-02 1.00000000000000e+05 
4.81874371257735e-02 1.00000000000000e+05 
4.84298686330941e-02 1.00000000000000e+05 
4.86730084450307e-02 1.00000000000000e+05 
4.89170746778413e-02 1.00000000000000e+05 
4.91619361915581e-02 1.00000000000000e+05 
4.94078118138446e-02 1.00000000000000e+05 
4.96545726009611e-02 1.00000000000000e+05 
4.99024146032062e-02 1.00000000000000e+05 
5.01512107685878e-02 1.00000000000000e+05 
5.04011317749880e-02 1.00000000000000e+05 
5.06520470302790e-02 1.00000000000000e+05 
5.09041195989331e-02 1.00000000000000e+05 
5.11572360816232e-02 1.00000000000000e+05 
5.14113237007685e-02 1.00000000000000e+05 
5.16662015386002e-02 1.00000000000000e+05 
5.19221203597611e-02 1.00000000000000e+05 
5.21789539505731e-02 1.00000000000000e+05 
5.24369415959719e-02 1.00000000000000e+05 
5.26959490350524e-02 1.00000000000000e+05 
5.29562293621984e-02 1.00000000000000e+05 
5.32176278404685e-02 1.00000000000000e+05 
5.34804155493611e-02 1.00000000000000e+05 
5.37444016792364e-02 1.00000000000000e+05 
5.40098555808966e-02 1.00000000000000e+05 
5.42765812508392e-02 1.00000000000000e+05 
5.45448368154236e-02 1.00000000000000e+05 
5.48144214268249e-02 1.00000000000000e+05 
5.50855755831447e-02 1.00000000000000e+05 
5.53580860817601e-02 1.00000000000000e+05 
5.56321826063342e-02 1.00000000000000e+05 
5.59076459397142e-02 1.00000000000000e+05 
5.61846846346027e-02 1.00000000000000e+05 
5.64630823181392e-02 1.00000000000000e+05 
5.67429878313708e-02 1.00000000000000e+05 
5.70240767620626e-02 1.00000000000000e+05 
5.73065154534584e-02 1.00000000000000e+05 
5.75901022141770e-02 1.00000000000000e+05 
5.78749693765013e-02 1.00000000000000e+05 
5.81609296531212e-02 1.00000000000000e+05 
5.84480909722029e-02 1.00000000000000e+05 
5.87363048783228e-02 1.00000000000000e+05 
5.90256889379827e-02 1.00000000000000e+05 
5.93160922550166e-02 1.00000000000000e+05 
5.96076457470062e-02 1.00000000000000e+05 
5.99001802584360e-02 1.00000000000000e+05 
6.01938382588429e-02 1.00000000000000e+05 
6.04884406532530e-02 1.00000000000000e+05 
6.07841278937497e-02 1.00000000000000e+05 
6.10807355356491e-02 1.00000000000000e+05 
6.13784015470643e-02 1.00000000000000e+05 
6.16769808796976e-02 1.00000000000000e+05 
6.19766129305549e-02 1.00000000000000e+05 
6.22771561801525e-02 1.00000000000000e+05 
6.25787418743206e-02 1.00000000000000e+05 
6.28812285834793e-02 1.00000000000000e+05 
6.31847326814665e-02 1.00000000000000e+05 
6.34888727794691e-02 1.00000000000000e+05 
6.37936829825204e-02 1.00000000000000e+05 
6.40988874060073e-02 1.00000000000000e+05 
6.44045399449349e-02 1.00000000000000e+05 
6.47108521265494e-02 1.00000000000000e+05 
6.50179031604468e-02 1.00000000000000e+05 
6.53256360471972e-02 1.00000000000000e+05 
6.56338073463614e-02 1.00000000000000e+05 
6.59422897104619e-02 1.00000000000000e+05 
6.62512728900659e-02 1.00000000000000e+05 
6.65605281105110e-02 1.00000000000000e+05 
6.68703006507470e-02 1.00000000000000e+05 
6.71804743739365e-02 1.00000000000000e+05 
6.74913789445103e-02 1.00000000000000e+05 
6.78028346450898e-02 1.00000000000000e+05 
6.81152851317589e-02 1.00000000000000e+05 
6.84284904817798e-02 1.00000000000000e+05 
6.87428373331719e-02 1.00000000000000e+05 
6.90580055816604e-02 1.00000000000000e+05 
6.93741657848481e-02 1.00000000000000e+05 
6.96911678081542e-02 1.00000000000000e+05 
7.00092242211086e-02 1.00000000000000e+05 
7.03276669526457e-02 1.00000000000000e+05 
7.06460461459590e-02 1.00000000000000e+05 
7.09642209156496e-02 1.00000000000000e+05 
7.12821320332818e-02 1.00000000000000e+05 
7.15999608438394e-02 1.00000000000000e+05 
7.19176370965702e-02 1.00000000000000e+05 
7.22352942486121e-02 1.00000000000000e+05 
7.25528418356384e-02 1.00000000000000e+05 
7.28703690785228e-02 1.00000000000000e+05 
7.31873607440902e-02 1.00000000000000e+05 
7.35038944692033e-02 1.00000000000000e+05 
7.38190465282195e-02 1.00000000000000e+05 
7.41335588867399e-02 1.00000000000000e+05 
7.44467048941861e-02 1.00000000000000e+05 
7.47598592724331e-02 1.00000000000000e+05 
7.50722371140649e-02 1.00000000000000e+05 
7.53842771411393e-02 1.00000000000000e+05 
7.56956257825745e-02 1.00000000000000e+05 
7.60067247490731e-02 1.00000000000000e+05 
7.63170821429993e-02 1.00000000000000e+05 
7.66272520231585e-02 1.00000000000000e+05 
7.69365142080694e-02 1.00000000000000e+05 
7.72455464987964e-02 1.00000000000000e+05 
7.75537109390771e-02 1.00000000000000e+05 
7.78616742562992e-02 1.00000000000000e+05 
7.81689067795973e-02 1.00000000000000e+05 
7.84758690315981e-02 1.00000000000000e+05 
7.87822121957800e-02 1.00000000000000e+05 
7.90882626915617e-02 1.00000000000000e+05 
7.93938199936148e-02 1.00000000000000e+05 
7.96990949136383e-02 1.00000000000000e+05 
8.00039830377898e-02 1.00000000000000e+05 
8.03086044788226e-02 1.00000000000000e+05 
8.06126339040218e-02 1.00000000000000e+05 
8.09162200972490e-02 1.00000000000000e+05 
8.12190883066288e-02 1.00000000000000e+05 
8.15218338958609e-02 1.00000000000000e+05 
8.18241776430389e-02 1.00000000000000e+05 
8.21265159597434e-02 1.00000000000000e+05 
8.24285403452451e-02 1.00000000000000e+05 
8.27305333392858e-02 1.00000000000000e+05 
8.30322545634984e-02 1.00000000000000e+05 
8.33338743425756e-02 1.00000000000000e+05 
8.36352799483776e-02 1.00000000000000e+05 
8.39365101027261e-02 1.00000000000000e+05 
8.42374988201442e-02 1.00000000000000e+05 
8.45382988300335e-02 1.00000000000000e+05 
8.48380814741095e-02 1.00000000000000e+05 
8.51370292251402e-02 1.00000000000000e+05 
8.54353883018849e-02 1.00000000000000e+05 
8.57330328014046e-02 1.00000000000000e+05 
8.60309991463627e-02 1.00000000000000e+05 
8.63287339625681e-02 1.00000000000000e+05 
8.66272109649827e-02 1.00000000000000e+05 
8.69259306958188e-02 1.00000000000000e+05 
8.72238512112017e-02 1.00000000000000e+05 
8.75228769281267e-02 1.00000000000000e+05 
8.78210995054219e-02 1.00000000000000e+05 
8.81190980461042e-02 1.00000000000000e+05 
8.84157729787732e-02 1.00000000000000e+05 
8.87122545128609e-02 1.00000000000000e+05 
8.90076726530117e-02 1.00000000000000e+05 
8.93020604833164e-02 1.00000000000000e+05 
8.95972899965594e-02 1.00000000000000e+05 
8.98921694910245e-02 1.00000000000000e+05 
9.01870677704846e-02 1.00000000000000e+05 
9.04815802280885e-02 1.00000000000000e+05 
9.07767020918535e-02 1.00000000000000e+05 
9.10720583535254e-02 1.00000000000000e+05 
9.13674516610696e-02 1.00000000000000e+05 
9.16632396086126e-02 1.00000000000000e+05 
9.19594337391999e-02 1.00000000000000e+05 
9.22565537224370e-02 1.00000000000000e+05 
9.25545346285560e-02 1.00000000000000e+05 
9.28531898371478e-02 1.00000000000000e+05 
9.31524065801519e-02 1.00000000000000e+05 
9.34517536437907e-02 1.00000000000000e+05 
9.37515580047836e-02 1.00000000000000e+05 
9.40516464323901e-02 1.00000000000000e+05 
9.43520369393542e-02 1.00000000000000e+05 
9.46525528199359e-02 1.00000000000000e+05 
9.49534779282206e-02 1.00000000000000e+05 
9.52546239501044e-02 1.00000000000000e+05 
9.55562233328724e-02 1.00000000000000e+05 
9.58581423646050e-02 1.00000000000000e+05 
9.61606021379293e-02 1.00000000000000e+05 
9.64634907262930e-02 1.00000000000000e+05 
9.67667560952338e-02 1.00000000000000e+05 
9.70706252036643e-02 1.00000000000000e+05 
9.73751584744171e-02 1.00000000000000e+05 
9.76801506242215e-02 1.00000000000000e+05 
9.79858354359011e-02 1.00000000000000e+05 
9.82919936116710e-02 1.00000000000000e+05 
9.85988562302920e-02 1.00000000000000e+05 
9.89062021800710e-02 1.00000000000000e+05 
9.92135939897383e-02 1.00000000000000e+05 
9.95212817660671e-02 1.00000000000000e+05 
9.98289804886660e-02 1.00000000000000e+05 
1.00137339261033e-01 1.00000000000000e+05 
1.00445579878407e-01 1.00000000000000e+05 
1.00754239523046e-01 1.00000000000000e+05 
1.01064621951281e-01 1.00000000000000e+05 
1.01375152984374e-01 1.00000000000000e+05 
1.01686003159888e-01 1.00000000000000e+05 
1.01996857526757e-01 1.00000000000000e+05 
1.02308034459694e-01 1.00000000000000e+05 
1.02619187433087e-01 1.00000000000000e+05 
1.02930658672908e-01 1.00000000000000e+05 
1.03242065039776e-01 1.00000000000000e+05 
1.03553780767154e-01 1.00000000000000e+05 
1.03865384455843e-01 1.00000000000000e+05 
1.04177152015253e-01 1.00000000000000e+05 
1.04488891986021e-01 1.00000000000000e+05 
1.04800551524765e-01 1.00000000000000e+05 
1.05112196394577e-01 1.00000000000000e+05 
1.05423790193049e-01 1.00000000000000e+05 
1.05736500582888e-01 1.00000000000000e+05 
1.06049694172654e-01 1.00000000000000e+05 
1.06362799995585e-01 1.00000000000000e+05 
1.06676318229732e-01 1.00000000000000e+05 
1.06989787298542e-01 1.00000000000000e+05 
1.07303681170418e-01 1.00000000000000e+05 
1.07617514353553e-01 1.00000000000000e+05 
1.07931192909158e-01 1.00000000000000e+05 
1.08245002734658e-01 1.00000000000000e+05 
1.08558246605759e-01 1.00000000000000e+05 
1.08871507547239e-01 1.00000000000000e+05 
1.09184199473163e-01 1.00000000000000e+05 
1.09496849418751e-01 1.00000000000000e+05 
1.09808948545801e-01 1.00000000000000e+05 
1.10120956388148e-01 1.00000000000000e+05 
1.10432434156864e-01 1.00000000000000e+05 
1.10743790397646e-01 1.00000000000000e+05 
1.11054643583953e-01 1.00000000000000e+05 
1.11365386633489e-01 1.00000000000000e+05 
1.11675671536291e-01 1.00000000000000e+05 
1.11985924412419e-01 1.00000000000000e+05 
1.12295761722292e-01 1.00000000000000e+05 
1.12606066304150e-01 1.00000000000000e+05 
1.12915914114808e-01 1.00000000000000e+05 
1.13225740608766e-01 1.00000000000000e+05 
1.13534961519862e-01 1.00000000000000e+05 
1.13844256887559e-01 1.00000000000000e+05 
1.14152832715689e-01 1.00000000000000e+05 
1.14461447170035e-01 1.00000000000000e+05 
1.14769343894054e-01 1.00000000000000e+05 
1.15077239669437e-01 1.00000000000000e+05 
1.15384434146853e-01 1.00000000000000e+05 
1.15691626689966e-01 1.00000000000000e+05 
1.15998173984756e-01 1.00000000000000e+05 
1.16304785028227e-01 1.00000000000000e+05 
1.16612442121709e-01 1.00000000000000e+05 
1.16920020600949e-01 1.00000000000000e+05 
1.17227420740397e-01 1.00000000000000e+05 
1.17534717703336e-01 1.00000000000000e+05 
1.17841812420499e-01 1.00000000000000e+05 
1.18148824337921e-01 1.00000000000000e+05 
1.18455676414446e-01 1.00000000000000e+05 
1.18762397113303e-01 1.00000000000000e+05 
1.19069033053972e-01 1.00000000000000e+05 
1.19375526042317e-01 1.00000000000000e+05 
1.19681797944445e-01 1.00000000000000e+05 
1.19988133040228e-01 1.00000000000000e+05 
1.20294048248803e-01 1.00000000000000e+05 
1.20600004195088e-01 1.00000000000000e+05 
1.20905586383658e-01 1.00000000000000e+05 
1.21211214923937e-01 1.00000000000000e+05 
1.21516504524024e-01 1.00000000000000e+05 
1.21821839913520e-01 1.00000000000000e+05 
1.22126928203817e-01 1.00000000000000e+05 
1.22432122284161e-01 1.00000000000000e+05 
1.22738646074913e-01 1.00000000000000e+05 
1.23044929859348e-01 1.00000000000000e+05 
1.23351527097526e-01 1.00000000000000e+05 
1.23657947456209e-01 1.00000000000000e+05 
1.23964758015135e-01 1.00000000000000e+05 
1.24271427074257e-01 1.00000000000000e+05 
1.24578544433475e-01 1.00000000000000e+05 
1.24885619192223e-01 1.00000000000000e+05 
1.25193231090331e-01 1.00000000000000e+05 
1.25500666246706e-01 1.00000000000000e+05 
1.25807599524261e-01 1.00000000000000e+05 
1.26113850382506e-01 1.00000000000000e+05 
1.26419516831809e-01 1.00000000000000e+05 
1.26724400183013e-01 1.00000000000000e+05 
1.27028609027971e-01 1.00000000000000e+05 
1.27331945254508e-01 1.00000000000000e+05 
1.27634543929836e-01 1.00000000000000e+05 
1.27936227484071e-01 1.00000000000000e+05 
1.28237178007958e-01 1.00000000000000e+05 
1.28537260083885e-01 1.00000000000000e+05 
1.28838680342135e-01 1.00000000000000e+05 
1.29139325138773e-01 1.00000000000000e+05 
1.29439353163910e-01 1.00000000000000e+05 
1.29738736433046e-01 1.00000000000001e+05 
1.30037617382884e-01 1.00000000000013e+05 
1.30335982335641e-01 1.00000000000040e+05 
1.30633964037172e-01 1.00000000000081e+05 
1.30931441960405e-01 1.00000000000135e+05 
1.31228662733065e-01 1.00000000000200e+05 
1.31525439341871e-01 1.00000000000284e+05 
1.31822060717159e-01 1.00000000000389e+05 
1.32118341501603e-01 1.00000000000673e+05 
1.32414540502131e-01 1.00000000001004e+05 
1.32710487113121e-01 1.00000000001376e+05 
1.33006403064905e-01 1.00000000001799e+05 
1.33302113257795e-01 1.00000000002259e+05 
1.33597845417703e-01 1.00000000002759e+05 
1.33893351864144e-01 1.00000000003285e+05 
1.34188925027800e-01 1.00000000003858e+05 
1.34484312857438e-01 1.00000000004442e+05 
1.34779800508944e-01 1.00000000005032e+05 
1.35075132708718e-01 1.00000000005709e+05 
1.35370601248973e-01 1.00000000006414e+05 
1.35665945698237e-01 1.00000000007195e+05 
1.35961375639711e-01 1.00000000007995e+05 
1.36256694059603e-01 1.00000000008894e+05 
1.36552092550961e-01 1.00000000009886e+05 
1.36847430542319e-01 1.00000000011054e+05 
1.37142909386071e-01 1.00000000012379e+05 
1.37438386064931e-01 1.00000000017511e+05 
1.37733945572700e-01 1.00000000022726e+05 
1.38029407083067e-01 1.00000000040190e+05 
1.38324795128054e-01 1.00000000056612e+05 
1.38620100514558e-01 1.00000000071719e+05 
1.38915312920484e-01 1.00000000085562e+05 
1.39210472495770e-01 1.00000000086900e+05 
1.39505561551185e-01 1.00000000089634e+05 
1.39800628818428e-01 1.00000000092088e+05 
1.40095648030533e-01 1.00000000093759e+05 
1.40390689862718e-01 1.00000000094581e+05 
1.40685719834518e-01 1.00000000095180e+05 
1.40980804295928e-01 1.00000000096305e+05 
1.41275895735954e-01 1.00000000098015e+05 
1.41571036104376e-01 1.00000000100759e+05 
1.41866123378258e-01 1.00000000108102e+05 
1.42161194904866e-01 1.00000000125364e+05 
1.42456243017084e-01 1.00000000161150e+05 
1.42751293807447e-01 1.00000000214195e+05 
1.43046352159831e-01 1.00000000312147e+05 
1.43341427362074e-01 1.00000000436190e+05 
1.43636547611725e-01 1.00000000573543e+05 
1.43931709651535e-01 1.00000000724692e+05 
1.44226950552833e-01 1.00000000878796e+05 
1.44522250392948e-01 1.00000001029072e+05 
1.44817676198020e-01 1.00000001167083e+05 
1.45113193021494e-01 1.00000001281876e+05 
1.45408878161635e-01 1.00000001360328e+05 
1.45704678866133e-01 1.00000001410367e+05 
1.46000686188475e-01 1.00000001426284e+05 
1.46296826755606e-01 1.00000001423072e+05 
1.46593209237943e-01 1.00000001413612e+05 
1.46889731192561e-01 1.00000001401766e+05 
1.47186528949574e-01 1.00000001399947e+05 
1.47483474120962e-01 1.00000001400870e+05 
1.47780719118665e-01 1.00036548163247e+05 
1.48078121758766e-01 1.00346803540942e+05 
1.48375843733658e-01 1.01065227039026e+05 
1.48673734375530e-01 1.02345535063369e+05 
1.48971956125779e-01 1.04208794302644e+05 
1.49270351974017e-01 1.06579920462567e+05 
1.49569085394464e-01 1.09381371340561e+05 
1.49867996453091e-01 1.12451586703854e+05 
1.50167247592430e-01 1.15692225174695e+05 
1.50466686085090e-01 1.18754507523447e+05 
1.50766422461790e-01 1.21567169700996e+05 
1.51066367917496e-01 1.23968793194217e+05 
1.51366543088971e-01 1.25525295395537e+05 
1.51666916040138e-01 1.26435977385565e+05 
1.51967509089552e-01 1.26527269377663e+05 
1.52268285217276e-01 1.26511856016086e+05 
1.52569259822755e-01 1.26436055595805e+05 
1.52870404906266e-01 1.26258087141287e+05 
1.53171727191019e-01 1.25965806449395e+05 
1.53473206384034e-01 1.25573988999436e+05 
1.53774854511655e-01 1.25097216442763e+05 
1.54076649386529e-01 1.24551845771837e+05 
1.54378608290682e-01 1.23948563089619e+05 
1.54680690775419e-01 1.23309555851564e+05 
1.54982930333076e-01 1.22646233852843e+05 
1.55285244795984e-01 1.21970891241667e+05 
1.55587697425105e-01 1.21290562269933e+05 
1.55890197732372e-01 1.20612328787082e+05 
1.56192773858660e-01 1.19940992920855e+05 
1.56495416661563e-01 1.19279439909686e+05 
1.56798079185897e-01 1.18631083434199e+05 
1.57100824883366e-01 1.17996762143964e+05 
1.57403546849914e-01 1.17378335553958e+05 
1.57706336705912e-01 1.16775337218784e+05 
1.58009093799862e-01 1.16189280497108e+05 
1.58311904417172e-01 1.15619023884108e+05 
1.58614677225027e-01 1.15066036946770e+05 
1.58917487753942e-01 1.14529630858402e+05 
1.59220256546661e-01 1.14009515574203e+05 
1.59523048835322e-01 1.13506387110531e+05 
1.59825789731462e-01 1.13019660829829e+05 
1.60128539266977e-01 1.12549146192524e+05 
1.60431228432048e-01 1.12094793098946e+05 
1.60733916331155e-01 1.11656266740294e+05 
1.61036537389784e-01 1.11233520346659e+05 
1.61339145740367e-01 1.10825549305716e+05 
1.61641682846334e-01 1.10431788056788e+05 
1.61944194828815e-01 1.10050976214421e+05 
1.62246634881373e-01 1.09682286131609e+05 
1.62549042547293e-01 1.09324628955493e+05 
1.62851379102164e-01 1.08976978692401e+05 
1.63153680988481e-01 1.08638117030662e+05 
1.63455913845687e-01 1.08307178326229e+05 
1.63758111475970e-01 1.07983339758703e+05 
1.64060241918666e-01 1.07666772072603e+05 
1.64362335021952e-01 1.07357078987703e+05 
1.64664361730278e-01 1.07054510291960e+05 
1.64966347592600e-01 1.06756915867773e+05 
1.65268267004069e-01 1.06477534339061e+05 
1.65570141928202e-01 1.06216167425258e+05 
1.65871950940434e-01 1.05977962689648e+05 
1.66173712988892e-01 1.05756647463144e+05 
1.66475412211182e-01 1.05562422513188e+05 
1.66777065032121e-01 1.05457611357091e+05 
1.67078663203790e-01 1.05434939046921e+05 
1.67380219432929e-01 1.05477227600924e+05 
1.67681733016959e-01 1.05550937121117e+05 
1.67983210537542e-01 1.05699058057472e+05 
1.68284656854132e-01 1.05933688018272e+05 
1.68586072243194e-01 1.06258548611147e+05 
1.68887466293094e-01 1.06667408668020e+05 
1.69188834717020e-01 1.07149523793366e+05 
1.69490191207420e-01 1.07690726440644e+05 
1.69791527886293e-01 1.08264717663895e+05 
1.70092863558812e-01 1.08847090000523e+05 
1.70394184866733e-01 1.09413667358480e+05 
1.70695516961985e-01 1.09930107942188e+05 
1.70996841015482e-01 1.10367395508173e+05 
1.71298152176677e-01 1.10737183276695e+05 
1.71599493724346e-01 1.10987216321812e+05 
1.71900784049498e-01 1.11101743926567e+05 
1.72202115226934e-01 1.11198795339012e+05 
1.72503391916571e-01 1.11209572087414e+05 
1.72804716727204e-01 1.11119762558084e+05 
1.73105986966252e-01 1.10988543828944e+05 
1.73407309797780e-01 1.10822043100258e+05 
1.73708585294655e-01 1.10618787148447e+05 
1.74009911908776e-01 1.10386162381750e+05 
1.74311184877874e-01 1.10139419102189e+05 
1.74612507166625e-01 1.09889963467335e+05 
1.74913777359733e-01 1.09644979486644e+05 
1.75215098008376e-01 1.09405248153794e+05 
1.75516366423426e-01 1.09180546100443e+05 
1.75817679889719e-01 1.08977300607251e+05 
1.76118929659053e-01 1.08790701972018e+05 
1.76420213781148e-01 1.08629116228013e+05 
1.76721424202758e-01 1.08486137886565e+05 
1.77022652354913e-01 1.08360610142529e+05 
1.77323806194992e-01 1.08243281877028e+05 
1.77624983032094e-01 1.08137281577033e+05 
1.77926082270158e-01 1.08045182285373e+05 
1.78227194148790e-01 1.07968307391649e+05 
1.78528236888391e-01 1.07902902240713e+05 
1.78829287865125e-01 1.07847096316101e+05 
1.79130260388196e-01 1.07798097446215e+05 
1.79431232950800e-01 1.07753436287987e+05 
1.79732119249914e-01 1.07712867780416e+05 
1.80033005789754e-01 1.07673654165647e+05 
1.80333807574194e-01 1.07634838432731e+05 
1.80634614392503e-01 1.07596375215524e+05 
1.80935336102711e-01 1.07557884042276e+05 
1.81236061689272e-01 1.07519777060605e+05 
1.81536680878976e-01 1.07482004932001e+05 
1.81837312640257e-01 1.07445976952174e+05 
1.82137840370799e-01 1.07413403306822e+05 
1.82438364530052e-01 1.07383261038130e+05 
1.82738776693932e-01 1.07360571518951e+05 
1.83039183815982e-01 1.07344584475672e+05 
1.83339473211879e-01 1.07332404955689e+05 
1.83639756250134e-01 1.07332059399696e+05 
1.83939907654862e-01 1.07336734897810e+05 
1.84240054354124e-01 1.07356439339118e+05 
1.84540051273754e-01 1.07363311783388e+05 
1.84840038655481e-01 1.07363030434950e+05 
1.85139873022537e-01 1.07374406135599e+05 
1.85439693138013e-01 1.07413619272572e+05 
1.85739361794427e-01 1.07488996781111e+05 
1.86039012719059e-01 1.07610169019724e+05 
1.86338512897685e-01 1.07772769259720e+05 
1.86637993425663e-01 1.07970837972567e+05 
1.86937324093848e-01 1.08203176630188e+05 
1.87236636636296e-01 1.08463149079633e+05 
1.87535802154798e-01 1.08744917886558e+05 
1.87834953215449e-01 1.09042910011989e+05 
1.88133959758856e-01 1.09353262313787e+05 
1.88432955251163e-01 1.09669491588135e+05 
1.88731808270442e-01 1.09983115741862e+05 
1.89030653608092e-01 1.10289187354823e+05 
1.89329358790918e-01 1.10576784290832e+05 
1.89628060050562e-01 1.10839518692683e+05 
1.89926623294161e-01 1.11068009779774e+05 
1.90225186275088e-01 1.11251982718329e+05 
1.90523613238443e-01 1.11404291780858e+05 
1.90822043806954e-01 1.11487431868382e+05 
1.91120340315678e-01 1.11511909709886e+05 
1.91418644190942e-01 1.11486615838565e+05 
1.91716815373341e-01 1.11408170253025e+05 
1.92014997184628e-01 1.11323626283576e+05 
1.92313046658140e-01 1.11222310642931e+05 
1.92611109322883e-01 1.11110827209850e+05 
1.92909039504019e-01 1.10981746353432e+05 
1.93206985132800e-01 1.10844111549558e+05 
1.93504798552579e-01 1.10704683984279e+05 
1.93802629965836e-01 1.10576546521951e+05 
1.94100330488015e-01 1.10477198033160e+05 
1.94398052699782e-01 1.10382594778019e+05 
1.94695643857618e-01 1.10308132262679e+05 
1.94993260880415e-01 1.10285511218362e+05 
1.95290746878264e-01 1.10322752248492e+05 
1.95588260668367e-01 1.10413996783415e+05 
1.95885642657460e-01 1.10552816281599e+05 
1.96183053502355e-01 1.10724468277550e+05 
1.96480332391458e-01 1.10917913748234e+05 
1.96777642432309e-01 1.11115344872979e+05 
1.97074823910095e-01 1.11298046994044e+05 
1.97372050843427e-01 1.11447705188655e+05 
1.97669130630528e-01 1.11524638453284e+05 
1.97966241498111e-01 1.11552673018812e+05 
1.98263191433566e-01 1.11494638127197e+05 
1.98560169526172e-01 1.11349303243818e+05 
1.98856983427038e-01 1.11145448288287e+05 
1.99153830176951e-01 1.10942196962266e+05 
1.99450511873317e-01 1.10702859217021e+05 
1.99747229175849e-01 1.10420368636527e+05 
2.00043778724784e-01 1.10086547120483e+05 
2.00340362712065e-01 1.09717555133658e+05 
