# Liste des scalaires : TEMPS pmat 
0.00000000000000e+00 1.00000000000000e+05 
7.22956891292051e-05 1.00000000000000e+05 
1.39473830159789e-04 1.00000000000000e+05 
2.09658797050092e-04 1.00000000000000e+05 
2.76117114236745e-04 1.00000000000000e+05 
3.20638761908140e-04 1.00000000000000e+05 
3.55139419127690e-04 1.00000000000000e+05 
3.84466703006970e-04 1.00000000000000e+05 
4.10882456555373e-04 1.00000000000000e+05 
4.35440253196351e-04 1.00000000000000e+05 
4.62453829501427e-04 1.00000000000000e+05 
4.92168763437010e-04 1.00000000000000e+05 
5.24855190766151e-04 1.00000000000000e+05 
5.60810260828207e-04 1.00000000000000e+05 
6.00360837896468e-04 1.00000000000000e+05 
6.43866472671555e-04 1.00000000000000e+05 
6.91722670924151e-04 1.00000000000000e+05 
7.44364489002007e-04 1.00000000000000e+05 
8.02270488887648e-04 1.00000000000000e+05 
8.65967088761853e-04 1.00000000000000e+05 
9.36033348623479e-04 1.00000000000000e+05 
1.01310623447127e-03 1.00000000000000e+05 
1.09788640890383e-03 1.00000000000000e+05 
1.19114460077966e-03 1.00000000000000e+05 
1.28874595967997e-03 1.00000000000000e+05 
1.39427742078091e-03 1.00000000000000e+05 
1.50221628787627e-03 1.00000000000000e+05 
1.61553425737486e-03 1.00000000000000e+05 
1.73457348070838e-03 1.00000000000000e+05 
1.85733677968630e-03 1.00000000000000e+05 
1.98616223838889e-03 1.00000000000000e+05 
2.11872938704646e-03 1.00000000000000e+05 
2.25541689819682e-03 1.00000000000000e+05 
2.39772133018695e-03 1.00000000000000e+05 
2.54485627309114e-03 1.00000000000000e+05 
2.69657390129222e-03 1.00000000000000e+05 
2.85238267869194e-03 1.00000000000000e+05 
3.01245336052057e-03 1.00000000000000e+05 
3.17812497446116e-03 1.00000000000000e+05 
3.34903914085946e-03 1.00000000000000e+05 
3.52550659026310e-03 1.00000000000000e+05 
3.70726992321378e-03 1.00000000000000e+05 
3.89587589613585e-03 1.00000000000000e+05 
4.08975108537176e-03 1.00000000000000e+05 
4.28959471140215e-03 1.00000000000000e+05 
4.49516060408417e-03 1.00000000000000e+05 
4.70839016598757e-03 1.00000000000000e+05 
4.92856382961004e-03 1.00000000000000e+05 
5.15483884145772e-03 1.00000000000000e+05 
5.38810296190524e-03 1.00000000000000e+05 
5.62716630832508e-03 1.00000000000000e+05 
5.87020911792083e-03 1.00000000000000e+05 
6.12048301668717e-03 1.00000000000000e+05 
6.37286594506300e-03 1.00000000000000e+05 
6.63255281660238e-03 1.00000000000000e+05 
6.89402258475620e-03 1.00000000000000e+05 
7.16407888327034e-03 1.00000000000000e+05 
7.43688359574240e-03 1.00000000000000e+05 
7.71399396444574e-03 1.00000000000000e+05 
7.99382024823437e-03 1.00000000000000e+05 
8.27676476722834e-03 1.00000000000000e+05 
8.55486963386540e-03 1.00000000000000e+05 
8.82693129547708e-03 1.00000000000000e+05 
9.09434992258185e-03 1.00000000000000e+05 
9.35798204986533e-03 1.00000000000000e+05 
9.61828190541959e-03 1.00000000000000e+05 
9.87458790234834e-03 1.00000000000000e+05 
1.01275999953485e-02 1.00000000000000e+05 
1.03780906819994e-02 1.00000000000000e+05 
1.06260594936500e-02 1.00000000000000e+05 
1.08549555607154e-02 1.00000000000000e+05 
1.10600486358391e-02 1.00000000000000e+05 
1.12527947242706e-02 1.00000000000000e+05 
1.14376549780818e-02 1.00000000000000e+05 
1.16160555244470e-02 1.00000000000000e+05 
1.17893912905766e-02 1.00000000000000e+05 
1.19585465367017e-02 1.00000000000000e+05 
1.21239074181143e-02 1.00000000000000e+05 
1.22865738918720e-02 1.00000000000000e+05 
1.24467469641389e-02 1.00000000000000e+05 
1.26054874618059e-02 1.00000000000000e+05 
1.27630810564852e-02 1.00000000000000e+05 
1.29205520410582e-02 1.00000000000000e+05 
1.30780807915120e-02 1.00000000000000e+05 
1.32361973890172e-02 1.00000000000000e+05 
1.33950989819465e-02 1.00000000000000e+05 
1.35552086722471e-02 1.00000000000000e+05 
1.37173208302122e-02 1.00000000000000e+05 
1.38814664916193e-02 1.00000000000000e+05 
1.40484212267069e-02 1.00000000000000e+05 
1.42181140919447e-02 1.00000000000000e+05 
1.43911503762121e-02 1.00000000000000e+05 
1.45673292877500e-02 1.00000000000000e+05 
1.47470958034389e-02 1.00000000000000e+05 
1.49301042612734e-02 1.00000000000000e+05 
1.51166614164830e-02 1.00000000000000e+05 
1.53062831005217e-02 1.00000000000000e+05 
1.54991734829088e-02 1.00000000000000e+05 
1.56947379861186e-02 1.00000000000000e+05 
1.58931189848670e-02 1.00000000000000e+05 
1.60936517583237e-02 1.00000000000000e+05 
1.62964590613044e-02 1.00000000000000e+05 
1.65008422970357e-02 1.00000000000000e+05 
1.67069380350674e-02 1.00000000000000e+05 
1.69140419479382e-02 1.00000000000000e+05 
1.71222421009428e-02 1.00000000000000e+05 
1.73310570241593e-02 1.00000000000000e+05 
1.75404688511530e-02 1.00000000000000e+05 
1.77502173695797e-02 1.00000000000000e+05 
1.79602281628537e-02 1.00000000000000e+05 
1.81704184506666e-02 1.00000000000000e+05 
1.83806870696262e-02 1.00000000000000e+05 
1.85910620830465e-02 1.00000000000000e+05 
1.88014335458161e-02 1.00000000000000e+05 
1.90118799846637e-02 1.00000000000000e+05 
1.92223130817908e-02 1.00000000000000e+05 
1.94328205465912e-02 1.00000000000000e+05 
1.96433449966901e-02 1.00000000000000e+05 
1.98539694532560e-02 1.00000000000000e+05 
2.00646654372325e-02 1.00000000000000e+05 
2.02755097377509e-02 1.00000000000000e+05 
2.04864742174954e-02 1.00000000000000e+05 
2.06976503896947e-02 1.00000000000000e+05 
2.09089650920091e-02 1.00000000000000e+05 
2.11205598985727e-02 1.00000000000000e+05 
2.13322788005708e-02 1.00000000000000e+05 
2.15443480318396e-02 1.00000000000000e+05 
2.17564979607146e-02 1.00000000000000e+05 
2.19690045941614e-02 1.00000000000000e+05 
2.21815870981102e-02 1.00000000000000e+05 
2.23944622184533e-02 1.00000000000000e+05 
2.26074126151324e-02 1.00000000000000e+05 
2.28205539186104e-02 1.00000000000000e+05 
2.30337474388789e-02 1.00000000000000e+05 
2.32470290687082e-02 1.00000000000000e+05 
2.34604059226184e-02 1.00000000000000e+05 
2.36737209461128e-02 1.00000000000000e+05 
2.38871552504073e-02 1.00000000000000e+05 
2.41004629620390e-02 1.00000000000000e+05 
2.43138990956622e-02 1.00000000000000e+05 
2.45272472538716e-02 1.00000000000000e+05 
2.47407723358004e-02 1.00000000000000e+05 
2.49542838951919e-02 1.00000000000000e+05 
2.51680513774136e-02 1.00000000000000e+05 
2.53819023529977e-02 1.00000000000000e+05 
2.55960985362842e-02 1.00000000000000e+05 
2.58104781617848e-02 1.00000000000000e+05 
2.60252911331344e-02 1.00000000000000e+05 
2.62403872140862e-02 1.00000000000000e+05 
2.64560045241992e-02 1.00000000000000e+05 
2.66720060148441e-02 1.00000000000000e+05 
2.68886146392691e-02 1.00000000000000e+05 
2.71057034765682e-02 1.00000000000000e+05 
2.73234761290865e-02 1.00000000000000e+05 
2.75418127761390e-02 1.00000000000000e+05 
2.77608952069032e-02 1.00000000000000e+05 
2.79806086153000e-02 1.00000000000000e+05 
2.82011115391485e-02 1.00000000000000e+05 
2.84222931514748e-02 1.00000000000000e+05 
2.86442881101291e-02 1.00000000000000e+05 
2.88669892206306e-02 1.00000000000000e+05 
2.90905072000508e-02 1.00000000000000e+05 
2.93147386437290e-02 1.00000000000000e+05 
2.95397704121490e-02 1.00000000000000e+05 
2.97655030014289e-02 1.00000000000000e+05 
2.99919991179588e-02 1.00000000000000e+05 
3.02191635620825e-02 1.00000000000000e+05 
3.04470352644530e-02 1.00000000000000e+05 
3.06755283072752e-02 1.00000000000000e+05 
3.09046655655204e-02 1.00000000000000e+05 
3.11343681284293e-02 1.00000000000000e+05 
3.13646306603136e-02 1.00000000000000e+05 
3.15953720307714e-02 1.00000000000000e+05 
3.18265593715005e-02 1.00000000000000e+05 
3.20581200385279e-02 1.00000000000000e+05 
3.22900047344191e-02 1.00000000000000e+05 
3.25221583547904e-02 1.00000000000000e+05 
3.27545233633986e-02 1.00000000000000e+05 
3.29870641571904e-02 1.00000000000000e+05 
3.32197203895435e-02 1.00000000000000e+05 
3.34524690074601e-02 1.00000000000000e+05 
3.36852474000524e-02 1.00000000000000e+05 
3.39180275283317e-02 1.00000000000000e+05 
3.41507692751016e-02 1.00000000000000e+05 
3.43834155568408e-02 1.00000000000000e+05 
3.46159786028808e-02 1.00000000000000e+05 
3.48483834323931e-02 1.00000000000000e+05 
3.50806464938070e-02 1.00000000000000e+05 
3.53127324412509e-02 1.00000000000000e+05 
3.55446139734106e-02 1.00000000000000e+05 
3.57763039406250e-02 1.00000000000000e+05 
3.60077624527322e-02 1.00000000000000e+05 
3.62390045113822e-02 1.00000000000000e+05 
3.64700487561646e-02 1.00000000000000e+05 
3.67008896025488e-02 1.00000000000000e+05 
3.69315950647183e-02 1.00000000000000e+05 
3.71621405812912e-02 1.00000000000000e+05 
3.73926010163777e-02 1.00000000000000e+05 
3.76229615134209e-02 1.00000000000000e+05 
3.78532612991876e-02 1.00000000000000e+05 
3.80834888573196e-02 1.00000000000000e+05 
3.83136736825246e-02 1.00000000000000e+05 
3.85438361150003e-02 1.00000000000000e+05 
3.87739689192309e-02 1.00000000000000e+05 
3.90041339409583e-02 1.00000000000000e+05 
3.92342692852159e-02 1.00000000000000e+05 
3.94644668353766e-02 1.00000000000000e+05 
3.96946478575804e-02 1.00000000000000e+05 
3.99248931071421e-02 1.00000000000000e+05 
4.01548881752645e-02 1.00000000000000e+05 
4.03845920261559e-02 1.00000000000000e+05 
4.06135917570287e-02 1.00000000000000e+05 
4.08417765180424e-02 1.00000000000000e+05 
4.10686095443299e-02 1.00000000000000e+05 
4.12940055390402e-02 1.00000000000000e+05 
4.15174950454743e-02 1.00000000000000e+05 
4.17392305806678e-02 1.00000000000000e+05 
4.19589856446703e-02 1.00000000000000e+05 
4.21772290518779e-02 1.00000000000000e+05 
4.23937971792179e-02 1.00000000000000e+05 
4.26083034794626e-02 1.00000000000000e+05 
4.28207936089893e-02 1.00000000000000e+05 
4.30318017444965e-02 1.00000000000000e+05 
4.32413681128065e-02 1.00000000000000e+05 
4.34501197128030e-02 1.00000000000000e+05 
4.36580372402190e-02 1.00000000000000e+05 
4.38657426412385e-02 1.00000000000000e+05 
4.40731313244372e-02 1.00000000000000e+05 
4.42807769322508e-02 1.00000000000000e+05 
4.44885357671042e-02 1.00000000000000e+05 
4.46969420317884e-02 1.00000000000000e+05 
4.49058346490151e-02 1.00000000000000e+05 
4.51156935437829e-02 1.00000000000000e+05 
4.53263442866768e-02 1.00000000000000e+05 
4.55381719787696e-02 1.00000000000000e+05 
4.57507119649782e-02 1.00000000000000e+05 
4.59643074241193e-02 1.00000000000000e+05 
4.61788208067278e-02 1.00000000000000e+05 
4.63940907370563e-02 1.00000000000000e+05 
4.66095118112062e-02 1.00000000000000e+05 
4.68253562402721e-02 1.00000000000000e+05 
4.70413177604312e-02 1.00000000000000e+05 
4.72575601015976e-02 1.00000000000000e+05 
4.74740383921408e-02 1.00000000000000e+05 
4.76909723581983e-02 1.00000000000000e+05 
4.79083214758104e-02 1.00000000000000e+05 
4.81262805251087e-02 1.00000000000000e+05 
4.83448226277180e-02 1.00000000000000e+05 
4.85641352692957e-02 1.00000000000000e+05 
4.87841990512244e-02 1.00000000000000e+05 
4.90051817339957e-02 1.00000000000000e+05 
4.92270492496029e-02 1.00000000000000e+05 
4.94499430951498e-02 1.00000000000000e+05 
4.96738198322790e-02 1.00000000000000e+05 
4.98988017743484e-02 1.00000000000000e+05 
5.01248388766745e-02 1.00000000000000e+05 
5.03520418938644e-02 1.00000000000000e+05 
5.05803517274609e-02 1.00000000000000e+05 
5.08098716588542e-02 1.00000000000000e+05 
5.10405362683540e-02 1.00000000000000e+05 
5.12724435540607e-02 1.00000000000000e+05 
5.15047422483798e-02 1.00000000000000e+05 
5.17373466239308e-02 1.00000000000000e+05 
5.19703108454376e-02 1.00000000000000e+05 
5.22036706876910e-02 1.00000000000000e+05 
5.24374813590286e-02 1.00000000000000e+05 
5.26717703357316e-02 1.00000000000000e+05 
5.29065923734997e-02 1.00000000000000e+05 
5.31419801847081e-02 1.00000000000000e+05 
5.33779897834679e-02 1.00000000000000e+05 
5.36146586350745e-02 1.00000000000000e+05 
5.38520305021359e-02 1.00000000000000e+05 
5.40901409557329e-02 1.00000000000000e+05 
5.43290292358529e-02 1.00000000000000e+05 
5.45687295980230e-02 1.00000000000000e+05 
5.48092782982709e-02 1.00000000000000e+05 
5.50507033126434e-02 1.00000000000000e+05 
5.52930437868232e-02 1.00000000000000e+05 
5.55363211648464e-02 1.00000000000000e+05 
5.57805816941596e-02 1.00000000000000e+05 
5.60258388986711e-02 1.00000000000000e+05 
5.62721399301375e-02 1.00000000000000e+05 
5.65194871043618e-02 1.00000000000000e+05 
5.67679191001285e-02 1.00000000000000e+05 
5.70174234214544e-02 1.00000000000000e+05 
5.72680237156688e-02 1.00000000000000e+05 
5.75196965804547e-02 1.00000000000000e+05 
5.77724562709053e-02 1.00000000000000e+05 
5.80262787906134e-02 1.00000000000000e+05 
5.82811752598829e-02 1.00000000000000e+05 
5.85371261563140e-02 1.00000000000000e+05 
5.87939184527423e-02 1.00000000000000e+05 
5.90509981480276e-02 1.00000000000000e+05 
5.93084608611755e-02 1.00000000000000e+05 
5.95663204813547e-02 1.00000000000000e+05 
5.98246671964730e-02 1.00000000000000e+05 
6.00835094160981e-02 1.00000000000000e+05 
6.03426178135046e-02 1.00000000000000e+05 
6.06020696157313e-02 1.00000000000000e+05 
6.08618278304468e-02 1.00000000000000e+05 
6.11219937410646e-02 1.00000000000000e+05 
6.13825213261834e-02 1.00000000000000e+05 
6.16435101253274e-02 1.00000000000000e+05 
6.19049177649596e-02 1.00000000000000e+05 
6.21668257597515e-02 1.00000000000000e+05 
6.24291871640917e-02 1.00000000000000e+05 
6.26920571662689e-02 1.00000000000000e+05 
6.29553844313791e-02 1.00000000000000e+05 
6.32191977168491e-02 1.00000000000000e+05 
6.34834472428816e-02 1.00000000000000e+05 
6.37481517293341e-02 1.00000000000000e+05 
6.40132726505084e-02 1.00000000000000e+05 
6.42788474468934e-02 1.00000000000000e+05 
6.45448540063480e-02 1.00000000000000e+05 
6.48113272817813e-02 1.00000000000000e+05 
6.50782387402967e-02 1.00000000000000e+05 
6.53456130905404e-02 1.00000000000000e+05 
6.56134111283780e-02 1.00000000000000e+05 
6.58816346403057e-02 1.00000000000000e+05 
6.61502296296066e-02 1.00000000000000e+05 
6.64191813476689e-02 1.00000000000000e+05 
6.66884360165245e-02 1.00000000000000e+05 
6.69579789998641e-02 1.00000000000000e+05 
6.72277659377688e-02 1.00000000000000e+05 
6.74977870510999e-02 1.00000000000000e+05 
6.77680088123167e-02 1.00000000000000e+05 
6.80384266879952e-02 1.00000000000000e+05 
6.83090190450901e-02 1.00000000000000e+05 
6.85797892458594e-02 1.00000000000000e+05 
6.88507275811482e-02 1.00000000000000e+05 
6.91218536634522e-02 1.00000000000000e+05 
6.93931692381562e-02 1.00000000000000e+05 
6.96647098947529e-02 1.00000000000000e+05 
6.99364797246226e-02 1.00000000000000e+05 
7.02085095686873e-02 1.00000000000000e+05 
7.04807884967959e-02 1.00000000000000e+05 
7.07533229096643e-02 1.00000000000000e+05 
7.10260596677071e-02 1.00000000000000e+05 
7.12989262094383e-02 1.00000000000000e+05 
7.15717418492573e-02 1.00000000000000e+05 
7.18442322970144e-02 1.00000000000000e+05 
7.21159560777016e-02 1.00000000000000e+05 
7.23863589895073e-02 1.00000000000000e+05 
7.26547777519643e-02 1.00000000000000e+05 
7.29206729103428e-02 1.00000000000000e+05 
7.31836302805113e-02 1.00000000000000e+05 
7.34436542606116e-02 1.00000000000000e+05 
7.37009217633023e-02 1.00000000000000e+05 
7.39559463295424e-02 1.00000000000000e+05 
7.42092589395007e-02 1.00000000000000e+05 
7.44614449169073e-02 1.00000000000000e+05 
7.47130184236594e-02 1.00000000000000e+05 
7.49643759924765e-02 1.00000000000000e+05 
7.52158956179368e-02 1.00000000000000e+05 
7.54677465530830e-02 1.00000000000000e+05 
7.57195903855642e-02 1.00000000000000e+05 
7.59713318389844e-02 1.00000000000000e+05 
7.62231687091376e-02 1.00000000000000e+05 
7.64751130651547e-02 1.00000000000000e+05 
7.67273129419317e-02 1.00000000000000e+05 
7.69797248701716e-02 1.00000000000000e+05 
7.72324823812888e-02 1.00000000000000e+05 
7.74855212800111e-02 1.00000000000000e+05 
7.77389724904540e-02 1.00000000000000e+05 
7.79927719980204e-02 1.00000000000000e+05 
7.82470383503706e-02 1.00000000000000e+05 
7.85017254951377e-02 1.00000000000000e+05 
7.87569717019025e-02 1.00000000000000e+05 
7.90127743575594e-02 1.00000000000000e+05 
7.92692558853304e-02 1.00000000000000e+05 
7.95264204649611e-02 1.00000000000000e+05 
7.97843621502973e-02 1.00000000000000e+05 
8.00427431316639e-02 1.00000000000000e+05 
8.03014940952681e-02 1.00000000000000e+05 
8.05606463804003e-02 1.00000000000000e+05 
8.08202642336571e-02 1.00000000000000e+05 
8.10803688833219e-02 1.00000000000000e+05 
8.13410133987465e-02 1.00000000000000e+05 
8.16022038133648e-02 1.00000000000000e+05 
8.18639856910585e-02 1.00000000000000e+05 
8.21263621547911e-02 1.00000000000000e+05 
8.23893754261733e-02 1.00000000000000e+05 
8.26530282586051e-02 1.00000000000000e+05 
8.29173632889217e-02 1.00000000000000e+05 
8.31823617132674e-02 1.00000000000000e+05 
8.34480676558389e-02 1.00000000000000e+05 
8.37144605010735e-02 1.00000000000000e+05 
8.39815988244440e-02 1.00000000000000e+05 
8.42494629450736e-02 1.00000000000000e+05 
8.45181027229951e-02 1.00000000000000e+05 
8.47875013941196e-02 1.00000000000000e+05 
8.50577056643598e-02 1.00000000000000e+05 
8.53286905904278e-02 1.00000000000000e+05 
8.56004968375643e-02 1.00000000000000e+05 
8.58729630505013e-02 1.00000000000000e+05 
8.61459701198603e-02 1.00000000000000e+05 
8.64195291148831e-02 1.00000000000000e+05 
8.66936377068471e-02 1.00000000000000e+05 
8.69683185801535e-02 1.00000000000000e+05 
8.72435625311946e-02 1.00000000000000e+05 
8.75193939003068e-02 1.00000000000000e+05 
8.77957962890468e-02 1.00000000000000e+05 
8.80727844026209e-02 1.00000000000000e+05 
8.83503376854686e-02 1.00000000000000e+05 
8.86284702876831e-02 1.00000000000000e+05 
8.89071688423899e-02 1.00000000000000e+05 
8.91864655103777e-02 1.00000000000000e+05 
8.94663525310288e-02 1.00000000000000e+05 
8.97468781563705e-02 1.00000000000000e+05 
9.00280303345341e-02 1.00000000000000e+05 
9.03098556395952e-02 1.00000000000000e+05 
9.05923463562901e-02 1.00000000000000e+05 
9.08755374515461e-02 1.00000000000000e+05 
9.11594379134276e-02 1.00000000000000e+05 
9.14440672847183e-02 1.00000000000000e+05 
9.17294319647724e-02 1.00000000000000e+05 
9.20155406345348e-02 1.00000000000000e+05 
9.23023981184275e-02 1.00000000000000e+05 
9.25900157951095e-02 1.00000000000000e+05 
9.28783998470442e-02 1.00000000000000e+05 
9.31675613897378e-02 1.00000000000000e+05 
9.34571184279744e-02 1.00000000000000e+05 
9.37469126661531e-02 1.00000000000000e+05 
9.40369161725861e-02 1.00000000000000e+05 
9.43272099613483e-02 1.00000000000000e+05 
9.46177673133270e-02 1.00000000000000e+05 
9.49086698925395e-02 1.00000000000000e+05 
9.51998833221605e-02 1.00000000000000e+05 
9.54914748937628e-02 1.00000000000000e+05 
9.57833934372003e-02 1.00000000000000e+05 
9.60757004683325e-02 1.00000000000000e+05 
9.63683442064774e-02 1.00000000000000e+05 
9.66613853113885e-02 1.00000000000000e+05 
9.69547626030539e-02 1.00000000000000e+05 
9.72485358682004e-02 1.00000000000000e+05 
9.75426222576242e-02 1.00000000000000e+05 
9.78370889452621e-02 1.00000000000000e+05 
9.81318416423258e-02 1.00000000000000e+05 
9.84269523376292e-02 1.00000000000000e+05 
9.87223191458281e-02 1.00000000000000e+05 
9.90180180765185e-02 1.00000000000000e+05 
9.93139486349588e-02 1.00000000000000e+05 
9.96101914769044e-02 1.00000000000000e+05 
9.99066461635470e-02 1.00000000000000e+05 
1.00203393702734e-01 1.00000000000000e+05 
1.00500332334093e-01 1.00000000000000e+05 
1.00797544973306e-01 1.00000000000000e+05 
1.01094927020262e-01 1.00000000000000e+05 
1.01392569893520e-01 1.00000000000000e+05 
1.01690364858477e-01 1.00000000000000e+05 
1.01988413811370e-01 1.00000000000000e+05 
1.02286596942843e-01 1.00000000000000e+05 
1.02585017978472e-01 1.00000000000000e+05 
1.02883549838093e-01 1.00000000000000e+05 
1.03182307390264e-01 1.00000000000000e+05 
1.03481161575189e-01 1.00000000000000e+05 
1.03780242666598e-01 1.00000000000000e+05 
1.04079422610555e-01 1.00000000000000e+05 
1.04378835879181e-01 1.00000000000000e+05 
1.04678344480004e-01 1.00000000000000e+05 
1.04978084340757e-01 1.00000000000000e+05 
1.05277914350164e-01 1.00000000000000e+05 
1.05577977393618e-01 1.00000000000000e+05 
1.05878135287822e-01 1.00000000000000e+05 
1.06178536560487e-01 1.00000000000000e+05 
1.06479044130085e-01 1.00000000000000e+05 
1.06779804058078e-01 1.00000000000000e+05 
1.07080619403680e-01 1.00000000000000e+05 
1.07381407761549e-01 1.00000000000000e+05 
1.07682247989423e-01 1.00000000000000e+05 
1.07983059992685e-01 1.00000000000000e+05 
1.08283922031875e-01 1.00000000000000e+05 
1.08584751475037e-01 1.00000000000000e+05 
1.08885626111202e-01 1.00000000000000e+05 
1.09186470522632e-01 1.00000000000000e+05 
1.09487355569299e-01 1.00000000000000e+05 
1.09788201325075e-01 1.00000000000000e+05 
1.10089078499253e-01 1.00000000000000e+05 
1.10389914115266e-01 1.00000000000000e+05 
1.10690763556344e-01 1.00000000000000e+05 
1.10991565685437e-01 1.00000000000000e+05 
1.11292379234011e-01 1.00000000000000e+05 
1.11593149501761e-01 1.00000000000000e+05 
1.11893943255782e-01 1.00000000000000e+05 
1.12194703241469e-01 1.00000000000000e+05 
1.12495483685473e-01 1.00000000000000e+05 
1.12796192722186e-01 1.00000000000000e+05 
1.13096900406768e-01 1.00000000000000e+05 
1.13397545179520e-01 1.00000000000000e+05 
1.13698197035088e-01 1.00000000000000e+05 
1.13998789570647e-01 1.00000000000000e+05 
1.14299401506534e-01 1.00000000000000e+05 
1.14599965571347e-01 1.00000000000000e+05 
1.14900567323328e-01 1.00000000000000e+05 
1.15201139121452e-01 1.00000000000000e+05 
1.15501767937476e-01 1.00000000000000e+05 
1.15802383132641e-01 1.00000000000000e+05 
1.16103063695481e-01 1.00000000000000e+05 
1.16403732621395e-01 1.00000000000000e+05 
1.16703215596716e-01 1.00000000000000e+05 
1.17001890337454e-01 1.00000000000000e+05 
1.17299608724219e-01 1.00000000000000e+05 
1.17596829549452e-01 1.00000000000000e+05 
1.17893539206967e-01 1.00000000000000e+05 
1.18189780740378e-01 1.00000000000000e+05 
1.18485051015299e-01 1.00000000000000e+05 
1.18779986824726e-01 1.00000000000000e+05 
1.19074230895697e-01 1.00000000000000e+05 
1.19368530386979e-01 1.00000000000000e+05 
1.19662313266835e-01 1.00000000000000e+05 
1.19956252530741e-01 1.00000000000000e+05 
1.20249771909478e-01 1.00000000000000e+05 
1.20543486120598e-01 1.00000000000000e+05 
1.20836860696779e-01 1.00000000000000e+05 
1.21130422770151e-01 1.00000000000000e+05 
1.21423699516805e-01 1.00000000000000e+05 
1.21717355491110e-01 1.00000000000000e+05 
1.22010865050205e-01 1.00000000000000e+05 
1.22305003155990e-01 1.00000000000000e+05 
1.22599475589616e-01 1.00000000000000e+05 
1.22895957246302e-01 1.00000000000000e+05 
1.23191618352327e-01 1.00000000000000e+05 
1.23486249575614e-01 1.00000000000000e+05 
1.23780029797385e-01 1.00000000000000e+05 
1.24072812711284e-01 1.00000000000000e+05 
1.24364813922550e-01 1.00000000000000e+05 
1.24655957136036e-01 1.00000000000000e+05 
1.24946468813239e-01 1.00000000000000e+05 
1.25236311440000e-01 1.00000000000000e+05 
1.25525595190845e-01 1.00000000000000e+05 
1.25814294985856e-01 1.00000000000000e+05 
1.26102546715947e-01 1.00000000000000e+05 
1.26390409756714e-01 1.00000000000000e+05 
1.26677996106791e-01 1.00000000000000e+05 
1.26965375544494e-01 1.00000000000000e+05 
1.27252649304916e-01 1.00000000000000e+05 
1.27539883558771e-01 1.00000000000000e+05 
1.27827154866347e-01 1.00000000000000e+05 
1.28114518239017e-01 1.00000000000000e+05 
1.28402030158071e-01 1.00000000000000e+05 
1.28689739446195e-01 1.00000000000000e+05 
1.28977706154531e-01 1.00000000000000e+05 
1.29265895358870e-01 1.00000000000000e+05 
1.29554328632001e-01 1.00000000000000e+05 
1.29842991503339e-01 1.00000000000000e+05 
1.30132031643357e-01 1.00000000000000e+05 
1.30421428449862e-01 1.00000000000000e+05 
1.30711320134384e-01 1.00000000000000e+05 
1.31001658636858e-01 1.00000000000000e+05 
1.31292562593193e-01 1.00000000000000e+05 
1.31583529899190e-01 1.00000000000000e+05 
1.31874435032434e-01 1.00000000000000e+05 
1.32165138141480e-01 1.00000000000000e+05 
1.32455897582774e-01 1.00000000000000e+05 
1.32746567667978e-01 1.00000000000000e+05 
1.33037401282300e-01 1.00000000000000e+05 
1.33328245273410e-01 1.00000000000000e+05 
1.33619352007663e-01 1.00000000000000e+05 
1.33910558213916e-01 1.00000000000000e+05 
1.34202117167076e-01 1.00000000000000e+05 
1.34493848555107e-01 1.00000000000000e+05 
1.34786010079252e-01 1.00000000000000e+05 
1.35078404999368e-01 1.00000000000000e+05 
1.35371293259043e-01 1.00000000000000e+05 
1.35664467617669e-01 1.00000000000000e+05 
1.35958194206294e-01 1.00000000000000e+05 
1.36252255884143e-01 1.00000000000000e+05 
1.36546915799229e-01 1.00000000000000e+05 
1.36841938604762e-01 1.00000000000000e+05 
1.37137580806846e-01 1.00000000000000e+05 
1.37433229058250e-01 1.00000000000000e+05 
1.37728906319751e-01 1.00000000000000e+05 
1.38024554092693e-01 1.00000000000000e+05 
1.38320283297377e-01 1.00000000000000e+05 
1.38616064210726e-01 1.00000000000000e+05 
1.38911995073739e-01 1.00000000000000e+05 
1.39208049982228e-01 1.00000000000000e+05 
1.39504317219157e-01 1.00000000000000e+05 
1.39800756691342e-01 1.00000000000000e+05 
1.40097466263745e-01 1.00000000000000e+05 
1.40394386144216e-01 1.00000000000000e+05 
1.40691632385871e-01 1.00000000000000e+05 
1.40989101396656e-01 1.00000000000000e+05 
1.41286935927502e-01 1.00000000000000e+05 
1.41585083910481e-01 1.00000000000000e+05 
1.41883563209115e-01 1.00000000000000e+05 
1.42182408746650e-01 1.00000000000000e+05 
1.42481576054075e-01 1.00000000000000e+05 
1.42781153823653e-01 1.00000000000000e+05 
1.43081098657865e-01 1.00000000000000e+05 
1.43381494537605e-01 1.00000000000000e+05 
1.43682252860780e-01 1.00000000000000e+05 
1.43983468365601e-01 1.00000000000000e+05 
1.44284985718590e-01 1.00000000000000e+05 
1.44586976348574e-01 1.00000000000000e+05 
1.44889180918234e-01 1.00000000000000e+05 
1.45191887360828e-01 1.00000000000000e+05 
1.45494699937300e-01 1.00000000000000e+05 
1.45797931135274e-01 1.00000000000000e+05 
1.46101261622664e-01 1.00000000000000e+05 
1.46404906557887e-01 1.00000000000000e+05 
1.46708626570111e-01 1.00000000000000e+05 
1.47012608075018e-01 1.00000000000000e+05 
1.47316647005132e-01 1.00000000000000e+05 
1.47620905064943e-01 1.00000000000000e+05 
1.47925198695415e-01 1.00000000000000e+05 
1.48229696051738e-01 1.00000000000000e+05 
1.48534190614033e-01 1.00000000000000e+05 
1.48838864894158e-01 1.00000000000000e+05 
1.49143518131241e-01 1.00000000000000e+05 
1.49448135527435e-01 1.00000000000000e+05 
1.49752745943197e-01 1.00000000000000e+05 
1.50057338701450e-01 1.00000000000000e+05 
1.50361937001860e-01 1.00000000000000e+05 
1.50666531545508e-01 1.00000000000000e+05 
1.50971141561472e-01 1.00000000000000e+05 
1.51275758536687e-01 1.00000000000000e+05 
1.51580399733934e-01 1.00000000000000e+05 
1.51885056911472e-01 1.00000000000000e+05 
1.52189750269897e-01 1.00000000000000e+05 
1.52494473815402e-01 1.00000000000000e+05 
1.52799228985858e-01 1.00000000000000e+05 
1.53104011349017e-01 1.00000000000000e+05 
1.53408755557811e-01 1.00000000000000e+05 
1.53713525861322e-01 1.00000000000000e+05 
1.54018268162334e-01 1.00000000000000e+05 
1.54323030704234e-01 1.00000000000000e+05 
1.54627753946356e-01 1.00000000000000e+05 
1.54932519423395e-01 1.00000000000000e+05 
1.55237183690055e-01 1.00000000000000e+05 
1.55541912564769e-01 1.00000000000000e+05 
1.55846476894681e-01 1.00000000000000e+05 
1.56151082563985e-01 1.00000000000000e+05 
1.56455518816119e-01 1.00000000000000e+05 
1.56759973461989e-01 1.00000000000000e+05 
1.57064245535488e-01 1.00000000000000e+05 
1.57368516720505e-01 1.00000000000000e+05 
1.57672590355956e-01 1.00000000000000e+05 
1.57976651955094e-01 1.00000000000000e+05 
1.58280510025351e-01 1.00000000000000e+05 
1.58584361615255e-01 1.00000000000000e+05 
1.58888012309669e-01 1.00000000000000e+05 
1.59191681657395e-01 1.00000000000000e+05 
1.59495147947940e-01 1.00000000000000e+05 
1.59798626090504e-01 1.00000000000000e+05 
1.60101870497935e-01 1.00000000000000e+05 
1.60405054311804e-01 1.00000000000000e+05 
1.60708032834468e-01 1.00000000000000e+05 
1.61010985131775e-01 1.00000000000000e+05 
1.61313787756000e-01 1.00000000000000e+05 
1.61616600502669e-01 1.00000000000000e+05 
1.61919174804742e-01 1.00000000000000e+05 
1.62221759791460e-01 1.00000000000000e+05 
1.62524221624138e-01 1.00000000000000e+05 
1.62826685596199e-01 1.00000000000000e+05 
1.63129114568458e-01 1.00000000000000e+05 
1.63431562940337e-01 1.00000000000000e+05 
1.63734028542009e-01 1.00000000000000e+05 
1.64036523039200e-01 1.00000000000000e+05 
1.64339065703707e-01 1.00000000000000e+05 
1.64641637792038e-01 1.00000000000000e+05 
1.64944275237579e-01 1.00000000000000e+05 
1.65246933059300e-01 1.00000000000000e+05 
1.65549662034089e-01 1.00000000000000e+05 
1.65852393916428e-01 1.00000000000000e+05 
1.66155196807050e-01 1.00000000000000e+05 
1.66457981641533e-01 1.00000000000000e+05 
1.66760836375205e-01 1.00000000000000e+05 
1.67063651175792e-01 1.00000000000000e+05 
1.67366535677175e-01 1.00000000000000e+05 
1.67669358969622e-01 1.00000000000000e+05 
1.67972252395723e-01 1.00000000000000e+05 
1.68275064612020e-01 1.00000000000000e+05 
1.68577949248746e-01 1.00000000000000e+05 
1.68880736177754e-01 1.00000000000000e+05 
1.69183603119530e-01 1.00000000000000e+05 
1.69486362579433e-01 1.00000000000000e+05 
1.69789216813855e-01 1.00000000000000e+05 
1.70091962512912e-01 1.00000000000000e+05 
1.70394660716450e-01 1.00000000000000e+05 
1.70697171989892e-01 1.00000000000000e+05 
1.70999549815940e-01 1.00000000000000e+05 
1.71301731055480e-01 1.00000000000000e+05 
1.71603780203326e-01 1.00000000000000e+05 
1.71905627951060e-01 1.00000000000000e+05 
1.72207349106072e-01 1.00000000000000e+05 
1.72508869341129e-01 1.00000000000000e+05 
1.72810273009981e-01 1.00000000000000e+05 
1.73111480686970e-01 1.00000000000000e+05 
1.73412375010065e-01 1.00000000000000e+05 
1.73712907766901e-01 1.00000000000000e+05 
1.74012905793748e-01 1.00000000000000e+05 
1.74312550748173e-01 1.00000000000000e+05 
1.74611635838400e-01 1.00000000000000e+05 
1.74910365461251e-01 1.00000000000000e+05 
1.75208513690005e-01 1.00000000000000e+05 
1.75506310121019e-01 1.00000000000000e+05 
1.75803519192323e-01 1.00000000000000e+05 
1.76100393992862e-01 1.00000000000000e+05 
1.76396688048952e-01 1.00000000000000e+05 
1.76692676530260e-01 1.00000000000000e+05 
1.76988100739465e-01 1.00000000000000e+05 
1.77283253713766e-01 1.00000000000000e+05 
1.77577868217510e-01 1.00000000000000e+05 
1.77872251001223e-01 1.00000000000000e+05 
1.78166129421955e-01 1.00000000000000e+05 
1.78459822147991e-01 1.00000000000000e+05 
1.78753051066935e-01 1.00000000000000e+05 
1.79046147333111e-01 1.00000000000000e+05 
1.79338822914647e-01 1.00000000000000e+05 
1.79631420894859e-01 1.00000000000000e+05 
1.79923644564684e-01 1.00000000000000e+05 
1.80215848354574e-01 1.00000000000000e+05 
1.80507723325015e-01 1.00000000000000e+05 
1.80799634769038e-01 1.00000000000000e+05 
1.81091257226777e-01 1.00000000000000e+05 
1.81382966482907e-01 1.00000000000000e+05 
1.81674426576926e-01 1.00000000000000e+05 
1.81965998729035e-01 1.00000000000000e+05 
1.82257358094569e-01 1.00000000000000e+05 
1.82548826871013e-01 1.00000000000000e+05 
1.82840062509717e-01 1.00000000000000e+05 
1.83131382205453e-01 1.00000000000000e+05 
1.83422433843877e-01 1.00000000000000e+05 
1.83713620252357e-01 1.00000000000000e+05 
1.84004568364650e-01 1.00000000000000e+05 
1.84295695298458e-01 1.00000000000000e+05 
1.84586580135310e-01 1.00000000000000e+05 
1.84877673990628e-01 1.00000000000000e+05 
1.85168525904173e-01 1.00000000000000e+05 
1.85459612952939e-01 1.00000000000000e+05 
1.85750461866412e-01 1.00000000000000e+05 
1.86041591130625e-01 1.00000000000000e+05 
1.86332505324682e-01 1.00000000000000e+05 
1.86623719195385e-01 1.00000000000000e+05 
1.86914726160489e-01 1.00000000000000e+05 
1.87205993273969e-01 1.00000000000000e+05 
1.87497069267616e-01 1.00000000000000e+05 
1.87788371353223e-01 1.00000000000000e+05 
1.88079510890005e-01 1.00000000000000e+05 
1.88370848618731e-01 1.00000000000000e+05 
1.88662070082369e-01 1.00000000000000e+05 
1.88953461372383e-01 1.00000000000000e+05 
1.89244794258675e-01 1.00000000000000e+05 
1.89536216588965e-01 1.00000000000000e+05 
1.89827577028218e-01 1.00000000000000e+05 
1.90119043447823e-01 1.00000000000000e+05 
1.90410458002346e-01 1.00000000000000e+05 
1.90701978390213e-01 1.00000000000000e+05 
1.90993479362112e-01 1.00000000000000e+05 
1.91285064251193e-01 1.00000000000000e+05 
1.91576765762987e-01 1.00000000000000e+05 
1.91868445746865e-01 1.00000000000000e+05 
1.92160244067043e-01 1.00000000000000e+05 
1.92452059693203e-01 1.00000000000000e+05 
1.92743916517053e-01 1.00000000000000e+05 
1.93035870003387e-01 1.00000000000000e+05 
1.93327675187051e-01 1.00000000000000e+05 
1.93619670982028e-01 1.00000000000001e+05 
1.93911395312228e-01 1.00000000000002e+05 
1.94203249460167e-01 1.00000000000004e+05 
1.94494862910747e-01 1.00000000000008e+05 
1.94786549345323e-01 1.00000000000018e+05 
1.95078020376258e-01 1.00000000000045e+05 
1.95369504647507e-01 1.00000000000093e+05 
1.95660788670984e-01 1.00000000000164e+05 
1.95952037902355e-01 1.00000000000258e+05 
1.96243092469444e-01 1.00000000000305e+05 
1.96534082654085e-01 1.00000000000372e+05 
1.96824908288893e-01 1.00000000000516e+05 
1.97115673851287e-01 1.00000000000639e+05 
1.97406302902907e-01 1.00000000000781e+05 
1.97696883065499e-01 1.00000000001835e+05 
1.97987349294027e-01 1.00000000029243e+05 
1.98277774287659e-01 1.00000000102678e+05 
1.98568100332867e-01 1.00000000192874e+05 
1.98858393504416e-01 1.00000000417659e+05 
1.99148595451335e-01 1.00000000670964e+05 
1.99438767997332e-01 1.00000001008398e+05 
1.99728856988209e-01 1.00000001338659e+05 
2.00018927963799e-01 1.00000001787796e+05 
2.00309720524595e-01 1.00000001921820e+05 
