# Liste des scalaires : TEMPS pmat 
0.00000000000000e+00 1.00000000000000e+05 
7.22956891292051e-05 1.00000000000000e+05 
1.39473830159791e-04 1.00000000000000e+05 
2.09658797050095e-04 1.00000000000000e+05 
2.76117114236748e-04 1.00000000000000e+05 
3.20638761908144e-04 1.00000000000000e+05 
3.55139419127694e-04 1.00000000000000e+05 
3.84466703006975e-04 1.00000000000000e+05 
4.10882456555378e-04 1.00000000000000e+05 
4.35440253196357e-04 1.00000000000000e+05 
4.62453829501434e-04 1.00000000000000e+05 
4.92168763437018e-04 1.00000000000000e+05 
5.24855190766161e-04 1.00000000000000e+05 
5.60810260828219e-04 1.00000000000000e+05 
6.00360837896482e-04 1.00000000000000e+05 
6.43866472671571e-04 1.00000000000000e+05 
6.91722670924169e-04 1.00000000000000e+05 
7.44364489002027e-04 1.00000000000000e+05 
8.02270488887671e-04 1.00000000000000e+05 
8.65967088761879e-04 1.00000000000000e+05 
9.36033348623508e-04 1.00000000000000e+05 
1.01310623447130e-03 1.00000000000000e+05 
1.09788640890387e-03 1.00000000000000e+05 
1.19114460077970e-03 1.00000000000000e+05 
1.28874595968001e-03 1.00000000000000e+05 
1.39427742078095e-03 1.00000000000000e+05 
1.50221628787632e-03 1.00000000000000e+05 
1.61553425737491e-03 1.00000000000000e+05 
1.73457348070843e-03 1.00000000000000e+05 
1.85733677968635e-03 1.00000000000000e+05 
1.98616223838895e-03 1.00000000000000e+05 
2.11872938704652e-03 1.00000000000000e+05 
2.25541689819688e-03 1.00000000000000e+05 
2.39772133018701e-03 1.00000000000000e+05 
2.54485627309120e-03 1.00000000000000e+05 
2.69657390129228e-03 1.00000000000000e+05 
2.85238267869200e-03 1.00000000000000e+05 
3.01245336052064e-03 1.00000000000000e+05 
3.17812497446123e-03 1.00000000000000e+05 
3.34903914085954e-03 1.00000000000000e+05 
3.52550659026317e-03 1.00000000000000e+05 
3.70726992321384e-03 1.00000000000000e+05 
3.89587589613591e-03 1.00000000000000e+05 
4.08975108537182e-03 1.00000000000000e+05 
4.28959471140221e-03 1.00000000000000e+05 
4.49516060408424e-03 1.00000000000000e+05 
4.70839016598763e-03 1.00000000000000e+05 
4.92856382961011e-03 1.00000000000000e+05 
5.15483884145778e-03 1.00000000000000e+05 
5.38810296190530e-03 1.00000000000000e+05 
5.62716630832515e-03 1.00000000000000e+05 
5.87020911792090e-03 1.00000000000000e+05 
6.12048301668724e-03 1.00000000000000e+05 
6.37286594506308e-03 1.00000000000000e+05 
6.63255281660247e-03 1.00000000000000e+05 
6.89402258475631e-03 1.00000000000000e+05 
7.16407888327043e-03 1.00000000000000e+05 
7.43688359574251e-03 1.00000000000000e+05 
7.71399396444584e-03 1.00000000000000e+05 
7.99382024823447e-03 1.00000000000000e+05 
8.27676476722842e-03 1.00000000000000e+05 
8.55486963386547e-03 1.00000000000000e+05 
8.82693129547713e-03 1.00000000000000e+05 
9.09434992258188e-03 1.00000000000000e+05 
9.35798204986536e-03 1.00000000000000e+05 
9.61828190541960e-03 1.00000000000000e+05 
9.87458790234833e-03 1.00000000000000e+05 
1.01275999953484e-02 1.00000000000000e+05 
1.03780906819994e-02 1.00000000000000e+05 
1.06260594936500e-02 1.00000000000000e+05 
1.08549555607155e-02 1.00000000000000e+05 
1.10600486358392e-02 1.00000000000000e+05 
1.12527947242706e-02 1.00000000000000e+05 
1.14376549780820e-02 1.00000000000000e+05 
1.16160555244474e-02 1.00000000000000e+05 
1.17893912905773e-02 1.00000000000000e+05 
1.19585465367027e-02 1.00000000000000e+05 
1.21239074181151e-02 1.00000000000000e+05 
1.22865738918728e-02 1.00000000000000e+05 
1.24467469641396e-02 1.00000000000000e+05 
1.26054874618064e-02 1.00000000000000e+05 
1.27630810564856e-02 1.00000000000000e+05 
1.29205520410585e-02 1.00000000000000e+05 
1.30780807915129e-02 1.00000000000000e+05 
1.32361973890185e-02 1.00000000000000e+05 
1.33950989819484e-02 1.00000000000000e+05 
1.35552086722496e-02 1.00000000000000e+05 
1.37173208302146e-02 1.00000000000000e+05 
1.38814664916215e-02 1.00000000000000e+05 
1.40484212267088e-02 1.00000000000000e+05 
1.42181140919465e-02 1.00000000000000e+05 
1.43911503762137e-02 1.00000000000000e+05 
1.45673292877513e-02 1.00000000000000e+05 
1.47470958034410e-02 1.00000000000000e+05 
1.49301042612764e-02 1.00000000000000e+05 
1.51166614164869e-02 1.00000000000000e+05 
1.53062831005265e-02 1.00000000000000e+05 
1.54991734829146e-02 1.00000000000000e+05 
1.56947379861254e-02 1.00000000000000e+05 
1.58931189848749e-02 1.00000000000000e+05 
1.60936517583327e-02 1.00000000000000e+05 
1.62964590613132e-02 1.00000000000000e+05 
1.65008422970442e-02 1.00000000000000e+05 
1.67069380350756e-02 1.00000000000000e+05 
1.69140419479461e-02 1.00000000000000e+05 
1.71222421009519e-02 1.00000000000000e+05 
1.73310570241681e-02 1.00000000000000e+05 
1.75404688511630e-02 1.00000000000000e+05 
1.77502173695894e-02 1.00000000000000e+05 
1.79602281628630e-02 1.00000000000000e+05 
1.81704184506755e-02 1.00000000000000e+05 
1.83806870696347e-02 1.00000000000000e+05 
1.85910620830563e-02 1.00000000000000e+05 
1.88014335458255e-02 1.00000000000000e+05 
1.90118799846743e-02 1.00000000000000e+05 
1.92223130818010e-02 1.00000000000000e+05 
1.94328205466027e-02 1.00000000000000e+05 
1.96433449967029e-02 1.00000000000000e+05 
1.98539694532701e-02 1.00000000000000e+05 
2.00646654372480e-02 1.00000000000000e+05 
2.02755097377677e-02 1.00000000000000e+05 
2.04864742175137e-02 1.00000000000000e+05 
2.06976503897143e-02 1.00000000000000e+05 
2.09089650920302e-02 1.00000000000000e+05 
2.11205598985952e-02 1.00000000000000e+05 
2.13322788005949e-02 1.00000000000000e+05 
2.15443480318651e-02 1.00000000000000e+05 
2.17564979607415e-02 1.00000000000000e+05 
2.19690045941879e-02 1.00000000000000e+05 
2.21815870981382e-02 1.00000000000000e+05 
2.23944622184809e-02 1.00000000000000e+05 
2.26074126151615e-02 1.00000000000000e+05 
2.28205539186389e-02 1.00000000000000e+05 
2.30337474389090e-02 1.00000000000000e+05 
2.32470290687378e-02 1.00000000000000e+05 
2.34604059226496e-02 1.00000000000000e+05 
2.36737209461435e-02 1.00000000000000e+05 
2.38871552504375e-02 1.00000000000000e+05 
2.41004629620687e-02 1.00000000000000e+05 
2.43138990956915e-02 1.00000000000000e+05 
2.45272472539005e-02 1.00000000000000e+05 
2.47407723358288e-02 1.00000000000000e+05 
2.49542838952198e-02 1.00000000000000e+05 
2.51680513774411e-02 1.00000000000000e+05 
2.53819023530250e-02 1.00000000000000e+05 
2.55960985363117e-02 1.00000000000000e+05 
2.58104781618133e-02 1.00000000000000e+05 
2.60252911331654e-02 1.00000000000000e+05 
2.62403872141218e-02 1.00000000000000e+05 
2.64560045242423e-02 1.00000000000000e+05 
2.66720060148987e-02 1.00000000000000e+05 
2.68886146393388e-02 1.00000000000000e+05 
2.71057034766585e-02 1.00000000000000e+05 
2.73234761291979e-02 1.00000000000000e+05 
2.75418127762732e-02 1.00000000000000e+05 
2.77608952070500e-02 1.00000000000000e+05 
2.79806086154513e-02 1.00000000000000e+05 
2.82011115392765e-02 1.00000000000000e+05 
2.84222931515478e-02 1.00000000000000e+05 
2.86442881100776e-02 1.00000000000000e+05 
2.88669892203547e-02 1.00000000000000e+05 
2.90905071994108e-02 1.00000000000000e+05 
2.93147386425462e-02 1.00000000000000e+05 
2.95397704102915e-02 1.00000000000000e+05 
2.97655029987532e-02 1.00000000000000e+05 
2.99919991147193e-02 1.00000000000000e+05 
3.02191635585920e-02 1.00000000000000e+05 
3.04470352617554e-02 1.00000000000000e+05 
3.06755283062585e-02 1.00000000000000e+05 
3.09046655681207e-02 1.00000000000000e+05 
3.11343681362701e-02 1.00000000000000e+05 
3.13646306759106e-02 1.00000000000000e+05 
3.15953720562598e-02 1.00000000000000e+05 
3.18265594089382e-02 1.00000000000000e+05 
3.20581200904678e-02 1.00000000000000e+05 
3.22900048014347e-02 1.00000000000000e+05 
3.25221584394639e-02 1.00000000000000e+05 
3.27545234618672e-02 1.00000000000000e+05 
3.29870642696125e-02 1.00000000000000e+05 
3.32197205070712e-02 1.00000000000000e+05 
3.34524691222692e-02 1.00000000000000e+05 
3.36852474877349e-02 1.00000000000000e+05 
3.39180276278809e-02 1.00000000000000e+05 
3.41507692847666e-02 1.00000000000000e+05 
3.43834156235333e-02 1.00000000000000e+05 
3.46159787575025e-02 1.00000000000000e+05 
3.48483837094241e-02 1.00000000000000e+05 
3.50806463632332e-02 1.00000000000000e+05 
3.53127325021783e-02 1.00000000000000e+05 
3.55446134341393e-02 1.00000000000000e+05 
3.57763031443687e-02 1.00000000000000e+05 
3.60077616068185e-02 1.00000000000000e+05 
3.62390045183120e-02 1.00000000000000e+05 
3.64700505035288e-02 1.00000000000000e+05 
3.67008937218384e-02 1.00000000000000e+05 
3.69316041756937e-02 1.00000000000000e+05 
3.71621535613202e-02 1.00000000000000e+05 
3.73926224511153e-02 1.00000000000000e+05 
3.76229876790989e-02 1.00000000000000e+05 
3.78532916474845e-02 1.00000000000000e+05 
3.80835303572000e-02 1.00000000000000e+05 
3.83137208061563e-02 1.00000000000000e+05 
3.85438948243409e-02 1.00000000000000e+05 
3.87740328430256e-02 1.00000000000000e+05 
3.90042038282850e-02 1.00000000000000e+05 
3.92343416146620e-02 1.00000000000000e+05 
3.94645378928278e-02 1.00000000000000e+05 
3.96947295458833e-02 1.00000000000000e+05 
3.99250031989072e-02 1.00000000000000e+05 
4.01552877096249e-02 1.00000000000000e+05 
4.03856556880773e-02 1.00000000000000e+05 
4.06160253981732e-02 1.00000000000000e+05 
4.08464617039164e-02 1.00000000000000e+05 
4.10768809151092e-02 1.00000000000000e+05 
4.13073485706094e-02 1.00000000000000e+05 
4.15377844180357e-02 1.00000000000000e+05 
4.17682561346772e-02 1.00000000000000e+05 
4.19986871533300e-02 1.00000000000000e+05 
4.22291457540287e-02 1.00000000000000e+05 
4.24595579504736e-02 1.00000000000000e+05 
4.26899922695157e-02 1.00000000000000e+05 
4.29203770031587e-02 1.00000000000000e+05 
4.31507822599434e-02 1.00000000000000e+05 
4.33811374334872e-02 1.00000000000000e+05 
4.36115148015271e-02 1.00000000000000e+05 
4.38418432404572e-02 1.00000000000000e+05 
4.40721987076305e-02 1.00000000000000e+05 
4.43025069288251e-02 1.00000000000000e+05 
4.45328453666690e-02 1.00000000000000e+05 
4.47631382130577e-02 1.00000000000000e+05 
4.49934594571931e-02 1.00000000000000e+05 
4.52237341554512e-02 1.00000000000000e+05 
4.54540333012413e-02 1.00000000000000e+05 
4.56842851054181e-02 1.00000000000000e+05 
4.59145568354010e-02 1.00000000000000e+05 
4.61447806147979e-02 1.00000000000000e+05 
4.63750191690145e-02 1.00000000000000e+05 
4.66052059039891e-02 1.00000000000000e+05 
4.68354009442730e-02 1.00000000000000e+05 
4.70655362179845e-02 1.00000000000000e+05 
4.72956718173185e-02 1.00000000000000e+05 
4.75257381828686e-02 1.00000000000000e+05 
4.77557963390885e-02 1.00000000000000e+05 
4.79857774375034e-02 1.00000000000000e+05 
4.82157431868842e-02 1.00000000000000e+05 
4.84456267388557e-02 1.00000000000000e+05 
4.86754904797312e-02 1.00000000000000e+05 
4.89052687163928e-02 1.00000000000000e+05 
4.91350253186602e-02 1.00000000000000e+05 
4.93646944282939e-02 1.00000000000000e+05 
4.95943423844513e-02 1.00000000000000e+05 
4.98239023653492e-02 1.00000000000000e+05 
5.00534442313297e-02 1.00000000000000e+05 
5.02829017726591e-02 1.00000000000000e+05 
5.05123329034799e-02 1.00000000000000e+05 
5.07416586334328e-02 1.00000000000000e+05 
5.09709663334312e-02 1.00000000000000e+05 
5.12001787485057e-02 1.00000000000000e+05 
5.14293769666820e-02 1.00000000000000e+05 
5.16585027409082e-02 1.00000000000000e+05 
5.18875882227764e-02 1.00000000000000e+05 
5.21166501143462e-02 1.00000000000000e+05 
5.23456565022501e-02 1.00000000000000e+05 
5.25746514801551e-02 1.00000000000000e+05 
5.28035992545824e-02 1.00000000000000e+05 
5.30325436746377e-02 1.00000000000000e+05 
5.32614490850367e-02 1.00000000000000e+05 
5.34903600874170e-02 1.00000000000000e+05 
5.37192420125929e-02 1.00000000000000e+05 
5.39481388857704e-02 1.00000000000000e+05 
5.41770190086302e-02 1.00000000000000e+05 
5.44059257194372e-02 1.00000000000000e+05 
5.46348275802559e-02 1.00000000000000e+05 
5.48637650221902e-02 1.00000000000000e+05 
5.50927066761806e-02 1.00000000000000e+05 
5.53216889544798e-02 1.00000000000000e+05 
5.55506810101305e-02 1.00000000000000e+05 
5.57797160296355e-02 1.00000000000000e+05 
5.60087638276029e-02 1.00000000000000e+05 
5.62378555501640e-02 1.00000000000000e+05 
5.64669616482238e-02 1.00000000000000e+05 
5.66961118109044e-02 1.00000000000000e+05 
5.69252771835600e-02 1.00000000000000e+05 
5.71544861434477e-02 1.00000000000000e+05 
5.73837105345382e-02 1.00000000000000e+05 
5.76129775601862e-02 1.00000000000000e+05 
5.78422596827381e-02 1.00000000000000e+05 
5.80715832869166e-02 1.00000000000000e+05 
5.83009214665793e-02 1.00000000000000e+05 
5.85302966390030e-02 1.00000000000000e+05 
5.87596756917628e-02 1.00000000000000e+05 
5.89890780882043e-02 1.00000000000000e+05 
5.92184838621107e-02 1.00000000000000e+05 
5.94479117744723e-02 1.00000000000000e+05 
5.96773446057089e-02 1.00000000000000e+05 
5.99067954205440e-02 1.00000000000000e+05 
6.01362459997196e-02 1.00000000000000e+05 
6.03657025211029e-02 1.00000000000000e+05 
6.05951491996555e-02 1.00000000000000e+05 
6.08245906033804e-02 1.00000000000000e+05 
6.10540174850890e-02 1.00000000000000e+05 
6.12834363064160e-02 1.00000000000000e+05 
6.15128429909085e-02 1.00000000000000e+05 
6.17422448431141e-02 1.00000000000000e+05 
6.19716400620334e-02 1.00000000000000e+05 
6.22010353450591e-02 1.00000000000000e+05 
6.24304288101935e-02 1.00000000000000e+05 
6.26598259703741e-02 1.00000000000000e+05 
6.28892241056989e-02 1.00000000000000e+05 
6.31186277809608e-02 1.00000000000000e+05 
6.33480337105020e-02 1.00000000000000e+05 
6.35774459486119e-02 1.00000000000000e+05 
6.38068609740970e-02 1.00000000000000e+05 
6.40362827469613e-02 1.00000000000000e+05 
6.42657075895762e-02 1.00000000000000e+05 
6.44951396426736e-02 1.00000000000000e+05 
6.47245749132844e-02 1.00000000000000e+05 
6.49540179219770e-02 1.00000000000000e+05 
6.51834642699017e-02 1.00000000000000e+05 
6.54129187833605e-02 1.00000000000000e+05 
6.56423768449280e-02 1.00000000000000e+05 
6.58718434354439e-02 1.00000000000000e+05 
6.61013139231422e-02 1.00000000000000e+05 
6.63307932738484e-02 1.00000000000000e+05 
6.65602768233946e-02 1.00000000000000e+05 
6.67897696424697e-02 1.00000000000000e+05 
6.70192665909630e-02 1.00000000000000e+05 
6.72487746688432e-02 1.00000000000000e+05 
6.74782862284948e-02 1.00000000000000e+05 
6.77078102470796e-02 1.00000000000000e+05 
6.79373387088271e-02 1.00000000000000e+05 
6.81668809556323e-02 1.00000000000000e+05 
6.83964293383729e-02 1.00000000000000e+05 
6.86259922950824e-02 1.00000000000000e+05 
6.88555629892717e-02 1.00000000000000e+05 
6.90851488821952e-02 1.00000000000000e+05 
6.93147441928348e-02 1.00000000000000e+05 
6.95443551503473e-02 1.00000000000000e+05 
6.97739770597657e-02 1.00000000000000e+05 
7.00036152500348e-02 1.00000000000000e+05 
7.02332659771221e-02 1.00000000000000e+05 
7.04629338839175e-02 1.00000000000000e+05 
7.06926151275999e-02 1.00000000000000e+05 
7.09223136114646e-02 1.00000000000000e+05 
7.11520241459623e-02 1.00000000000000e+05 
7.13817503360071e-02 1.00000000000000e+05 
7.16114840836536e-02 1.00000000000000e+05 
7.18412264571779e-02 1.00000000000000e+05 
7.20709675241032e-02 1.00000000000000e+05 
7.23006864107893e-02 1.00000000000000e+05 
7.25303974284429e-02 1.00000000000000e+05 
7.27600412718047e-02 1.00000000000000e+05 
7.29896422936572e-02 1.00000000000000e+05 
7.32191161088439e-02 1.00000000000000e+05 
7.34484578646395e-02 1.00000000000000e+05 
7.36776109477961e-02 1.00000000000000e+05 
7.39064555173263e-02 1.00000000000000e+05 
7.41349672767920e-02 1.00000000000000e+05 
7.43629934971888e-02 1.00000000000000e+05 
7.45905209294381e-02 1.00000000000000e+05 
7.48173844927039e-02 1.00000000000000e+05 
7.50436130192156e-02 1.00000000000000e+05 
7.52690603319457e-02 1.00000000000000e+05 
7.54938354328355e-02 1.00000000000000e+05 
7.57178387756941e-02 1.00000000000000e+05 
7.59412805040552e-02 1.00000000000000e+05 
7.61639412374097e-02 1.00000000000000e+05 
7.63858754246271e-02 1.00000000000000e+05 
7.66067252687699e-02 1.00000000000000e+05 
7.68264694848295e-02 1.00000000000000e+05 
7.70451392945250e-02 1.00000000000000e+05 
7.72630515130093e-02 1.00000000000000e+05 
7.74801651958432e-02 1.00000000000000e+05 
7.76967356864214e-02 1.00000000000000e+05 
7.79128178180612e-02 1.00000000000000e+05 
7.81287651781409e-02 1.00000000000000e+05 
7.83445838057658e-02 1.00000000000000e+05 
7.85605944572987e-02 1.00000000000000e+05 
7.87767575372533e-02 1.00000000000000e+05 
7.89933565438685e-02 1.00000000000000e+05 
7.92103207839132e-02 1.00000000000000e+05 
7.94278974419504e-02 1.00000000000000e+05 
7.96459971623958e-02 1.00000000000000e+05 
7.98648343126226e-02 1.00000000000000e+05 
8.00843085495613e-02 1.00000000000000e+05 
8.03046079257381e-02 1.00000000000000e+05 
8.05256321314809e-02 1.00000000000000e+05 
8.07475434924881e-02 1.00000000000000e+05 
8.09702531571869e-02 1.00000000000000e+05 
8.11938953367704e-02 1.00000000000000e+05 
8.14184010532211e-02 1.00000000000000e+05 
8.16438762440812e-02 1.00000000000000e+05 
8.18702713538196e-02 1.00000000000000e+05 
8.20976678160438e-02 1.00000000000000e+05 
8.23260351324219e-02 1.00000000000000e+05 
8.25554511683235e-02 1.00000000000000e+05 
8.27858984752242e-02 1.00000000000000e+05 
8.30174362867045e-02 1.00000000000000e+05 
8.32500465230044e-02 1.00000000000000e+05 
8.34833866359974e-02 1.00000000000000e+05 
8.37169443977002e-02 1.00000000000000e+05 
8.39507967250313e-02 1.00000000000000e+05 
8.41849366612519e-02 1.00000000000000e+05 
8.44194333763482e-02 1.00000000000000e+05 
8.46542758343097e-02 1.00000000000000e+05 
8.48895255489780e-02 1.00000000000000e+05 
8.51251570575070e-02 1.00000000000000e+05 
8.53612209202882e-02 1.00000000000000e+05 
8.55976651996876e-02 1.00000000000000e+05 
8.58345312573003e-02 1.00000000000000e+05 
8.60717361205601e-02 1.00000000000000e+05 
8.63093185416376e-02 1.00000000000000e+05 
8.65471679238832e-02 1.00000000000000e+05 
8.67853235273381e-02 1.00000000000000e+05 
8.70236540966381e-02 1.00000000000000e+05 
8.72622019680110e-02 1.00000000000000e+05 
8.75008280670735e-02 1.00000000000000e+05 
8.77395846043168e-02 1.00000000000000e+05 
8.79783582466517e-02 1.00000000000000e+05 
8.82172117753785e-02 1.00000000000000e+05 
8.84560844231757e-02 1.00000000000000e+05 
8.86950557220916e-02 1.00000000000000e+05 
8.89341253865840e-02 1.00000000000000e+05 
8.91733943944894e-02 1.00000000000000e+05 
8.94128491859545e-02 1.00000000000000e+05 
8.96519155316420e-02 1.00000000000000e+05 
8.98908549936441e-02 1.00000000000000e+05 
9.01297210576083e-02 1.00000000000000e+05 
9.03687856607762e-02 1.00000000000000e+05 
9.06080515303920e-02 1.00000000000000e+05 
9.08477712315720e-02 1.00000000000000e+05 
9.10878931880039e-02 1.00000000000000e+05 
9.13286459566898e-02 1.00000000000000e+05 
9.15699349385086e-02 1.00000000000000e+05 
9.18115946231977e-02 1.00000000000000e+05 
9.20533833951373e-02 1.00000000000000e+05 
9.22954336952152e-02 1.00000000000000e+05 
9.25377152057902e-02 1.00000000000000e+05 
9.27803555697535e-02 1.00000000000000e+05 
9.30229817368125e-02 1.00000000000000e+05 
9.32656344153453e-02 1.00000000000000e+05 
9.35082986216325e-02 1.00000000000000e+05 
9.37510997549308e-02 1.00000000000000e+05 
9.39940127150003e-02 1.00000000000000e+05 
9.42371602787023e-02 1.00000000000000e+05 
9.44805141169726e-02 1.00000000000000e+05 
9.47241958138093e-02 1.00000000000000e+05 
9.49681773982207e-02 1.00000000000000e+05 
9.52125733138076e-02 1.00000000000000e+05 
9.54573466516656e-02 1.00000000000000e+05 
9.57026142132354e-02 1.00000000000000e+05 
9.59483497043093e-02 1.00000000000000e+05 
9.61946808114971e-02 1.00000000000000e+05 
9.64415792157727e-02 1.00000000000000e+05 
9.66891588567711e-02 1.00000000000000e+05 
9.69373755277319e-02 1.00000000000000e+05 
9.71863279239887e-02 1.00000000000000e+05 
9.74359577816815e-02 1.00000000000000e+05 
9.76863586486465e-02 1.00000000000000e+05 
9.79373745708838e-02 1.00000000000000e+05 
9.81887859340143e-02 1.00000000000000e+05 
9.84405754540763e-02 1.00000000000000e+05 
9.86928047327869e-02 1.00000000000000e+05 
9.89454519104759e-02 1.00000000000000e+05 
9.91985868703281e-02 1.00000000000000e+05 
9.94521792490577e-02 1.00000000000000e+05 
9.97063030215758e-02 1.00000000000000e+05 
9.99609206240389e-02 1.00000000000000e+05 
1.00216102951510e-01 1.00000000000000e+05 
1.00471807208380e-01 1.00000000000000e+05 
1.00728100060593e-01 1.00000000000000e+05 
1.00984940473383e-01 1.00000000000000e+05 
1.01242390915176e-01 1.00000000000000e+05 
1.01500408770249e-01 1.00000000000000e+05 
1.01759046583758e-01 1.00000000000000e+05 
1.02018251058245e-01 1.00000000000000e+05 
1.02278065481249e-01 1.00000000000000e+05 
1.02538429628720e-01 1.00000000000000e+05 
1.02799386692093e-01 1.00000000000000e+05 
1.03060881184781e-01 1.00000000000000e+05 
1.03322960208587e-01 1.00000000000000e+05 
1.03585569184099e-01 1.00000000000000e+05 
1.03848754093786e-01 1.00000000000000e+05 
1.04112463998775e-01 1.00000000000000e+05 
1.04376750935881e-01 1.00000000000000e+05 
1.04641573000798e-01 1.00000000000000e+05 
1.04906983022811e-01 1.00000000000000e+05 
1.05172932525581e-01 1.00000000000000e+05 
1.05439461994322e-01 1.00000000000000e+05 
1.05706504991468e-01 1.00000000000000e+05 
1.05974095496800e-01 1.00000000000000e+05 
1.06242163369503e-01 1.00000000000000e+05 
1.06510750602098e-01 1.00000000000000e+05 
1.06779798400466e-01 1.00000000000000e+05 
1.07049356856465e-01 1.00000000000000e+05 
1.07319355744024e-01 1.00000000000000e+05 
1.07589582413541e-01 1.00000000000000e+05 
1.07860062563181e-01 1.00000000000000e+05 
1.08130799559473e-01 1.00000000000000e+05 
1.08401814810183e-01 1.00000000000000e+05 
1.08673112806111e-01 1.00000000000000e+05 
1.08944705932695e-01 1.00000000000000e+05 
1.09216594264658e-01 1.00000000000000e+05 
1.09488786030850e-01 1.00000000000000e+05 
1.09761279717493e-01 1.00000000000000e+05 
1.10034087265474e-01 1.00000000000000e+05 
1.10307207579135e-01 1.00000000000000e+05 
1.10580654870469e-01 1.00000000000000e+05 
1.10854427373903e-01 1.00000000000000e+05 
1.11128535753325e-01 1.00000000000000e+05 
1.11402979214945e-01 1.00000000000000e+05 
1.11677762576444e-01 1.00000000000000e+05 
1.11952885544781e-01 1.00000000000000e+05 
1.12228340614323e-01 1.00000000000000e+05 
1.12504128224073e-01 1.00000000000000e+05 
1.12780229851704e-01 1.00000000000000e+05 
1.13056660810254e-01 1.00000000000000e+05 
1.13333396957510e-01 1.00000000000000e+05 
1.13610464199167e-01 1.00000000000000e+05 
1.13887821502606e-01 1.00000000000000e+05 
1.14165490542206e-01 1.00000000000000e+05 
1.14443421818201e-01 1.00000000000000e+05 
1.14721627618586e-01 1.00000000000000e+05 
1.15000068448199e-01 1.00000000000000e+05 
1.15278740948743e-01 1.00000000000000e+05 
1.15557622781118e-01 1.00000000000000e+05 
1.15836698185588e-01 1.00000000000000e+05 
1.16115959968043e-01 1.00000000000000e+05 
1.16395389282261e-01 1.00000000000000e+05 
1.16674987595497e-01 1.00000000000000e+05 
1.16954742334745e-01 1.00000000000000e+05 
1.17234659259512e-01 1.00000000000000e+05 
1.17514733363986e-01 1.00000000000000e+05 
1.17794963146274e-01 1.00000000000000e+05 
1.18075347460465e-01 1.00000000000000e+05 
1.18355875017353e-01 1.00000000000000e+05 
1.18636549108667e-01 1.00000000000000e+05 
1.18917353658753e-01 1.00000000000000e+05 
1.19198293286680e-01 1.00000000000000e+05 
1.19479352799598e-01 1.00000000000000e+05 
1.19760535127838e-01 1.00000000000000e+05 
1.20041832367210e-01 1.00000000000000e+05 
1.20323245604902e-01 1.00000000000000e+05 
1.20604777804573e-01 1.00000000000000e+05 
1.20886427335188e-01 1.00000000000000e+05 
1.21168208168427e-01 1.00000000000000e+05 
1.21450116072414e-01 1.00000000000000e+05 
1.21732171646098e-01 1.00000000000000e+05 
1.22014367321080e-01 1.00000000000000e+05 
1.22296728986493e-01 1.00000000000000e+05 
1.22579246656595e-01 1.00000000000000e+05 
1.22861949940727e-01 1.00000000000000e+05 
1.23144823685790e-01 1.00000000000000e+05 
1.23427905159268e-01 1.00000000000000e+05 
1.23711173311202e-01 1.00000000000000e+05 
1.23994675713591e-01 1.00000000000000e+05 
1.24278392106424e-01 1.00000000000000e+05 
1.24562373871276e-01 1.00000000000000e+05 
1.24846599769634e-01 1.00000000000000e+05 
1.25131111950957e-01 1.00000000000000e+05 
1.25415879286513e-01 1.00000000000000e+05 
1.25700939073246e-01 1.00000000000000e+05 
1.25986258572707e-01 1.00000000000000e+05 
1.26271872395920e-01 1.00000000000000e+05 
1.26557744647891e-01 1.00000000000000e+05 
1.26843753341350e-01 1.00000000000000e+05 
1.27129915365345e-01 1.00000000000000e+05 
1.27416164492938e-01 1.00000000000000e+05 
1.27702561583211e-01 1.00000000000000e+05 
1.27989039578160e-01 1.00000000000000e+05 
1.28275662652895e-01 1.00000000000000e+05 
1.28562360420190e-01 1.00000000000000e+05 
1.28849202564890e-01 1.00000000000000e+05 
1.29136114717192e-01 1.00000000000000e+05 
1.29423175504142e-01 1.00000000000000e+05 
1.29710313112076e-01 1.00000000000000e+05 
1.29997611322374e-01 1.00000000000000e+05 
1.30284996581854e-01 1.00000000000000e+05 
1.30572556360615e-01 1.00000000000000e+05 
1.30860058052202e-01 1.00000000000000e+05 
1.31147565890726e-01 1.00000000000000e+05 
1.31434987109495e-01 1.00000000000000e+05 
1.31722438642649e-01 1.00000000000000e+05 
1.32009823152581e-01 1.00000000000000e+05 
1.32297260174804e-01 1.00000000000000e+05 
1.32584647646129e-01 1.00000000000000e+05 
1.32872107579699e-01 1.00000000000000e+05 
1.33159533431431e-01 1.00000000000000e+05 
1.33447046210367e-01 1.00000000000000e+05 
1.33734532130361e-01 1.00000000000000e+05 
1.34022110845127e-01 1.00000000000000e+05 
1.34309664868581e-01 1.00000000000000e+05 
1.34597316036236e-01 1.00000000000000e+05 
1.34884945071503e-01 1.00000000000000e+05 
1.35172675404958e-01 1.00000000000000e+05 
1.35460384464891e-01 1.00000000000000e+05 
1.35748196136291e-01 1.00000000000000e+05 
1.36035984509227e-01 1.00000000000000e+05 
1.36323874377249e-01 1.00000000000000e+05 
1.36611737254842e-01 1.00000000000000e+05 
1.36899698692010e-01 1.00000000000000e+05 
1.37187627815514e-01 1.00000000000000e+05 
1.37475651366110e-01 1.00000000000000e+05 
1.37763636567829e-01 1.00000000000000e+05 
1.38051712101363e-01 1.00000000000000e+05 
1.38339743208679e-01 1.00000000000000e+05 
1.38627859103310e-01 1.00000000000000e+05 
1.38915924178535e-01 1.00000000000000e+05 
1.39204069181936e-01 1.00000000000000e+05 
1.39492158254045e-01 1.00000000000000e+05 
1.39780321615096e-01 1.00000000000000e+05 
1.40068422387601e-01 1.00000000000000e+05 
1.40356590693243e-01 1.00000000000000e+05 
1.40644692845825e-01 1.00000000000000e+05 
1.40932857285182e-01 1.00000000000000e+05 
1.41220953945689e-01 1.00000000000000e+05 
1.41509109965144e-01 1.00000000000000e+05 
1.41797199804489e-01 1.00000000000000e+05 
1.42085348109684e-01 1.00000000000000e+05 
1.42373430896013e-01 1.00000000000000e+05 
1.42661569613040e-01 1.00000000000000e+05 
1.42949641299081e-01 1.00000000000000e+05 
1.43237766080905e-01 1.00000000000000e+05 
1.43525823505729e-01 1.00000000000000e+05 
1.43813932260139e-01 1.00000000000000e+05 
1.44101976973482e-01 1.00000000000000e+05 
1.44390074748422e-01 1.00000000000000e+05 
1.44678114911139e-01 1.00000000000000e+05 
1.44966202059767e-01 1.00000000000000e+05 
1.45254225756047e-01 1.00000000000000e+05 
1.45542282368346e-01 1.00000000000000e+05 
1.45830266023154e-01 1.00000000000000e+05 
1.46118268126465e-01 1.00000000000000e+05 
1.46406187857958e-01 1.00000000000000e+05 
1.46694114052182e-01 1.00000000000000e+05 
1.46981950396957e-01 1.00000000000000e+05 
1.47269786155523e-01 1.00000000000000e+05 
1.47557529879130e-01 1.00000000000000e+05 
1.47845272354761e-01 1.00000000000000e+05 
1.48132929489321e-01 1.00000000000000e+05 
1.48420594169461e-01 1.00000000000000e+05 
1.48708189159397e-01 1.00000000000000e+05 
1.48995809050895e-01 1.00000000000000e+05 
1.49283382591253e-01 1.00000000000000e+05 
1.49571002811644e-01 1.00000000000000e+05 
1.49858601373948e-01 1.00000000000000e+05 
1.50146268196934e-01 1.00000000000000e+05 
1.50433936612889e-01 1.00000000000000e+05 
1.50721691786949e-01 1.00000000000000e+05 
1.51009469704770e-01 1.00000000000000e+05 
1.51297349527494e-01 1.00000000000000e+05 
1.51585270161528e-01 1.00000000000000e+05 
1.51873303225043e-01 1.00000000000000e+05 
1.52161391057053e-01 1.00000000000000e+05 
1.52449597222897e-01 1.00000000000000e+05 
1.52737868302759e-01 1.00000000000000e+05 
1.53026259940012e-01 1.00000000000000e+05 
1.53314723276025e-01 1.00000000000000e+05 
1.53603310578412e-01 1.00000000000000e+05 
1.53891975268572e-01 1.00000000000000e+05 
1.54180768588749e-01 1.00000000000000e+05 
1.54469646718196e-01 1.00000000000000e+05 
1.54758661167949e-01 1.00000000000000e+05 
1.55047774641898e-01 1.00000000000000e+05 
1.55337040587065e-01 1.00000000000000e+05 
1.55626424103253e-01 1.00000000000000e+05 
1.55915979546939e-01 1.00000000000000e+05 
1.56205667872183e-01 1.00000000000000e+05 
1.56495489918729e-01 1.00000000000000e+05 
1.56785189724090e-01 1.00000000000000e+05 
1.57074802381996e-01 1.00000000000000e+05 
1.57364317089462e-01 1.00000000000000e+05 
1.57653784210105e-01 1.00000000000000e+05 
1.57943180049240e-01 9.99999999999999e+04 
1.58232568889123e-01 9.99999999999999e+04 
1.58521915011306e-01 9.99999999999999e+04 
1.58811297424535e-01 9.99999999999999e+04 
1.59100675279846e-01 9.99999999999999e+04 
1.59390139203126e-01 9.99999999999999e+04 
1.59679642672389e-01 9.99999999999998e+04 
1.59969278425773e-01 9.99999999999998e+04 
1.60258994031339e-01 9.99999999999998e+04 
1.60548633763736e-01 9.99999999999997e+04 
1.60838202545748e-01 9.99999999999997e+04 
1.61127722478444e-01 9.99999999999997e+04 
1.61417230279788e-01 1.00000000000304e+05 
1.61706752473970e-01 1.00000000001464e+05 
1.61996321819069e-01 1.00000000003666e+05 
1.62285965525986e-01 1.00000000007378e+05 
1.62575705820951e-01 1.00000000025077e+05 
1.62865566381812e-01 1.00000000048113e+05 
1.63155560079202e-01 1.00000000076080e+05 
1.63445707307126e-01 1.00000000110399e+05 
1.63736015704204e-01 1.00000000151045e+05 
1.64026501192195e-01 1.00000000198836e+05 
1.64317168960736e-01 1.00000000253779e+05 
1.64608029133477e-01 1.00000000316514e+05 
1.64899088320032e-01 1.00000000386227e+05 
1.65190352374774e-01 1.00000000462534e+05 
1.65481827583480e-01 1.00000000556531e+05 
1.65773260864520e-01 1.00000000645776e+05 
1.66064731355395e-01 1.00000000740154e+05 
1.66356164276028e-01 1.00000000840227e+05 
1.66647641779804e-01 1.00000000935174e+05 
1.66939086272281e-01 1.00000001033813e+05 
1.67230580914454e-01 1.00000001135252e+05 
1.67522046929096e-01 1.00000001238287e+05 
1.67813567133941e-01 1.00000001342280e+05 
1.68105060658777e-01 1.00000001445705e+05 
1.68396610252472e-01 1.00000001549612e+05 
1.68688133793409e-01 1.00000001651597e+05 
1.68979717194967e-01 1.00000001752476e+05 
1.69271279570538e-01 1.00000001850763e+05 
1.69562909999380e-01 1.00000001969504e+05 
1.69854529058778e-01 1.00000002078599e+05 
1.70146227600489e-01 1.00000002178523e+05 
1.70437926980129e-01 1.00000002269247e+05 
1.70729720022053e-01 1.00000002351863e+05 
1.71021526399405e-01 1.00000002426083e+05 
1.71313436000699e-01 1.00000002496186e+05 
1.71605363738871e-01 1.00000002557253e+05 
1.71897396322544e-01 1.00000002609708e+05 
1.72189446247051e-01 1.00000002654468e+05 
1.72481599980703e-01 1.00000002691300e+05 
1.72773770216528e-01 1.00000002722449e+05 
1.73066043334085e-01 1.00000002725824e+05 
1.73358331751388e-01 1.00000002725841e+05 
1.73650721130628e-01 1.00000002725296e+05 
1.73943123140855e-01 1.00000002725992e+05 
1.74235622797911e-01 1.00000002727787e+05 
1.74528131189657e-01 1.00000002730603e+05 
1.74820733093702e-01 1.00000002733261e+05 
1.75113339710130e-01 1.00000002736648e+05 
1.75406036247594e-01 1.00000002752454e+05 
1.75698734651020e-01 1.00000002772928e+05 
1.75991520719280e-01 1.00000002782319e+05 
1.76284307542425e-01 1.00000002788950e+05 
1.76577181556623e-01 1.00000002793431e+05 
1.76870057027052e-01 1.00000002798359e+05 
1.77163021050598e-01 1.00000002798435e+05 
1.77455988566600e-01 1.00000002800622e+05 
1.77749046788535e-01 1.00000002803061e+05 
1.78042110766553e-01 1.00000002808555e+05 
1.78335267497375e-01 1.00000002819547e+05 
1.78628432003948e-01 1.00000002834280e+05 
1.78921691110751e-01 1.00000002984294e+05 
1.79214959825463e-01 1.00000003636541e+05 
1.79508324495956e-01 1.00000004975496e+05 
1.79801698721053e-01 1.00000007215630e+05 
1.80095166360679e-01 1.00000010322265e+05 
1.80388639912152e-01 1.00000014161167e+05 
1.80682204454855e-01 1.00000018621818e+05 
1.80975775386556e-01 1.00000023550611e+05 
1.81269436536246e-01 1.00000028696540e+05 
1.81563104835495e-01 1.00000033671331e+05 
1.81856863460280e-01 1.00000038269778e+05 
1.82150631079953e-01 1.00000042218892e+05 
1.82444490247971e-01 1.00000045185670e+05 
1.82738358351476e-01 1.00000047282683e+05 
1.83032315693127e-01 1.00000047680810e+05 
1.83326279168807e-01 1.00000047802666e+05 
1.83620328557975e-01 1.00000047751033e+05 
1.83914381240541e-01 1.00000048316582e+05 
1.84208515916924e-01 1.00000048474304e+05 
1.84502652814688e-01 1.00000050303049e+05 
1.84796870231234e-01 1.00095317648793e+05 
1.85091091024635e-01 1.00761264057289e+05 
1.85385391876360e-01 1.02292798123322e+05 
1.85679699085133e-01 1.04931522088528e+05 
1.85974087423156e-01 1.08539536341139e+05 
1.86268487020509e-01 1.12987253217393e+05 
1.86562970229172e-01 1.17986858775537e+05 
1.86857471117286e-01 1.23001982196176e+05 
1.87152058746502e-01 1.27680021541781e+05 
1.87446671121791e-01 1.31721306795548e+05 
1.87741377619697e-01 1.34278888640115e+05 
1.88036121303115e-01 1.35604639690982e+05 
1.88330967511971e-01 1.35678069100998e+05 
1.88625857070391e-01 1.35675818080493e+05 
1.88920859204021e-01 1.35502486547632e+05 
1.89215915115993e-01 1.35234088406123e+05 
1.89511090076306e-01 1.34896741357164e+05 
1.89806322371586e-01 1.34497507898282e+05 
1.90101679905195e-01 1.34075926111805e+05 
1.90397101456351e-01 1.33633628820844e+05 
1.90692655020672e-01 1.33174592141695e+05 
1.90988276290876e-01 1.32712236232751e+05 
1.91283943281175e-01 1.32247737139795e+05 
1.91579620509164e-01 1.31786133058094e+05 
1.91875292357085e-01 1.31328312123659e+05 
1.92170982586059e-01 1.30867263234866e+05 
1.92466674544813e-01 1.30408642471320e+05 
1.92762393202838e-01 1.29942790509036e+05 
1.93058123029273e-01 1.29467298076289e+05 
1.93353883042504e-01 1.28982232271703e+05 
1.93649656382495e-01 1.28485809479538e+05 
1.93945455593946e-01 1.27979137906512e+05 
1.94241265135001e-01 1.27463031346272e+05 
1.94537096394789e-01 1.26940282905254e+05 
1.94832938034666e-01 1.26413259158672e+05 
1.95128801292331e-01 1.25884155721671e+05 
1.95424679244813e-01 1.25355672557968e+05 
1.95720582079740e-01 1.24829933440622e+05 
1.96016501232360e-01 1.24309863845080e+05 
1.96312437551742e-01 1.23797303239300e+05 
1.96608379946870e-01 1.23294475033454e+05 
1.96904328908700e-01 1.22802811048186e+05 
1.97200288653353e-01 1.22323767294826e+05 
1.97496256520640e-01 1.21858393131947e+05 
1.97792242345059e-01 1.21407557427181e+05 
1.98088234100645e-01 1.20971951174580e+05 
1.98384246762592e-01 1.20552002824655e+05 
1.98680261037219e-01 1.20148094142122e+05 
1.98976297298752e-01 1.19760263228304e+05 
1.99272330237888e-01 1.19388557334057e+05 
1.99568385074288e-01 1.19032645074102e+05 
1.99864431105496e-01 1.18692291917516e+05 
2.00160499098817e-01 1.18366961011082e+05 
