# Liste des scalaires : TEMPS pmat 
0.00000000000000e+00 1.00000000000000e+05 
7.22956891292051e-05 1.00000000000000e+05 
1.33327928464205e-04 1.00000000000000e+05 
1.92625133702215e-04 1.00000000000000e+05 
2.52103925510085e-04 1.00000000000000e+05 
3.14270549844074e-04 1.00000000000000e+05 
3.75989130463389e-04 1.00000000000000e+05 
4.41827479158591e-04 1.00000000000000e+05 
5.11447671385090e-04 1.00000000000000e+05 
5.84865001749508e-04 1.00000000000000e+05 
6.58107074739403e-04 1.00000000000000e+05 
7.37765810165302e-04 1.00000000000000e+05 
8.23206273620910e-04 1.00000000000000e+05 
9.14280015298555e-04 1.00000000000000e+05 
1.00848323054154e-03 1.00000000000000e+05 
1.11068396665165e-03 1.00000000000000e+05 
1.21885177924345e-03 1.00000000000000e+05 
1.32804782088339e-03 1.00000000000000e+05 
1.39750338684326e-03 1.00000000000000e+05 
1.46840587379027e-03 1.00000000000000e+05 
1.54090903762517e-03 1.00000000000000e+05 
1.62066251784356e-03 1.00000000000000e+05 
1.70839134608379e-03 1.00000000000000e+05 
1.80489305714805e-03 1.00000000000000e+05 
1.87973578731817e-03 1.00000000000000e+05 
1.95622583213173e-03 1.00000000000000e+05 
2.04036488142665e-03 1.00000000000000e+05 
2.13291783565106e-03 1.00000000000000e+05 
2.23472608529791e-03 1.00000000000000e+05 
2.34671515990944e-03 1.00000000000000e+05 
2.46935156249154e-03 1.00000000000000e+05 
2.59356228653845e-03 1.00000000000000e+05 
2.71821498321980e-03 1.00000000000000e+05 
2.84436835087655e-03 1.00000000000000e+05 
2.94773349681240e-03 1.00000000000000e+05 
3.05295153203185e-03 1.00000000000000e+05 
3.16012880159718e-03 1.00000000000000e+05 
3.26937843597515e-03 1.00000000000000e+05 
3.38087911658655e-03 1.00000000000000e+05 
3.49459390723435e-03 1.00000000000000e+05 
3.61070304578497e-03 1.00000000000000e+05 
3.72913598130048e-03 1.00000000000000e+05 
3.84996129585359e-03 1.00000000000000e+05 
3.98286914186202e-03 1.00000000000000e+05 
4.12045962950347e-03 1.00000000000000e+05 
4.25937390936141e-03 1.00000000000000e+05 
4.37931011778230e-03 1.00000000000000e+05 
4.50135996249068e-03 1.00000000000000e+05 
4.62572002464379e-03 1.00000000000000e+05 
4.75238172777147e-03 1.00000000000000e+05 
4.88140356033507e-03 1.00000000000000e+05 
5.02332757615503e-03 1.00000000000000e+05 
5.17134811828239e-03 1.00000000000000e+05 
5.32130613259742e-03 1.00000000000000e+05 
5.47207132534422e-03 1.00000000000000e+05 
5.62395258036938e-03 1.00000000000000e+05 
5.75748463631373e-03 1.00000000000000e+05 
5.89314203590180e-03 1.00000000000000e+05 
6.03096763410771e-03 1.00000000000000e+05 
6.18257579213421e-03 1.00000000000000e+05 
6.34813391717515e-03 1.00000000000000e+05 
6.51680729075339e-03 1.00000000000000e+05 
6.69077699728947e-03 1.00000000000000e+05 
6.86778278674590e-03 1.00000000000000e+05 
7.05022092231395e-03 1.00000000000000e+05 
7.23532286033917e-03 1.00000000000000e+05 
7.42582253800158e-03 1.00000000000000e+05 
7.61857808716502e-03 1.00000000000000e+05 
7.77138683382294e-03 1.00000000000000e+05 
7.92621375638864e-03 1.00000000000000e+05 
8.07987393067727e-03 1.00000000000000e+05 
8.23175443759857e-03 1.00000000000000e+05 
8.38247400225066e-03 1.00000000000000e+05 
8.53145911799008e-03 1.00000000000000e+05 
8.67966468942876e-03 1.00000000000000e+05 
8.81877650548622e-03 1.00000000000000e+05 
8.95563113873996e-03 1.00000000000000e+05 
9.09093675762528e-03 1.00000000000000e+05 
9.22462378941930e-03 1.00000000000000e+05 
9.35710841777570e-03 1.00000000000000e+05 
9.48822152586152e-03 1.00000000000000e+05 
9.61828557387965e-03 1.00000000000000e+05 
9.74699657148575e-03 1.00000000000000e+05 
9.87475049044481e-03 1.00000000000000e+05 
1.00152798012998e-02 1.00000000000000e+05 
1.01569178476300e-02 1.00000000000000e+05 
1.02988240523599e-02 1.00000000000000e+05 
1.04400587765013e-02 1.00000000000000e+05 
1.05814851858827e-02 1.00000000000000e+05 
1.07223099912468e-02 1.00000000000000e+05 
1.08632447580129e-02 1.00000000000000e+05 
1.10035341044975e-02 1.00000000000000e+05 
1.11430598766950e-02 1.00000000000000e+05 
1.12658219343269e-02 1.00000000000000e+05 
1.13884988128865e-02 1.00000000000000e+05 
1.15112473978043e-02 1.00000000000000e+05 
1.16339849865467e-02 1.00000000000000e+05 
1.17568347181560e-02 1.00000000000000e+05 
1.18797097663261e-02 1.00000000000000e+05 
1.20027144081752e-02 1.00000000000000e+05 
1.21257658859018e-02 1.00000000000000e+05 
1.22489671564388e-02 1.00000000000000e+05 
1.23722483556125e-02 1.00000000000000e+05 
1.24957186750852e-02 1.00000000000000e+05 
1.26193057708885e-02 1.00000000000000e+05 
1.27445484232716e-02 1.00000000000000e+05 
1.28685006957261e-02 1.00000000000000e+05 
1.29940264527390e-02 1.00000000000000e+05 
1.31282764390548e-02 1.00000000000000e+05 
1.32625274901185e-02 1.00000000000000e+05 
1.33968365445877e-02 1.00000000000000e+05 
1.35310033490467e-02 1.00000000000000e+05 
1.36655212226287e-02 1.00000000000000e+05 
1.38003437635176e-02 1.00000000000000e+05 
1.39358552411990e-02 1.00000000000000e+05 
1.40724026288322e-02 1.00000000000000e+05 
1.42103619154656e-02 1.00000000000000e+05 
1.43498606102457e-02 1.00000000000000e+05 
1.44912732413154e-02 1.00000000000000e+05 
1.46346799125705e-02 1.00000000000000e+05 
1.47804642855869e-02 1.00000000000000e+05 
1.49286297295577e-02 1.00000000000000e+05 
1.50795818293766e-02 1.00000000000000e+05 
1.52331563287040e-02 1.00000000000000e+05 
1.53901551598003e-02 1.00000000000000e+05 
1.55499814702416e-02 1.00000000000000e+05 
1.57132134923876e-02 1.00000000000000e+05 
1.58790110345867e-02 1.00000000000000e+05 
1.60474841387834e-02 1.00000000000000e+05 
1.62182606030730e-02 1.00000000000000e+05 
1.63882027393779e-02 1.00000000000000e+05 
1.65580014119889e-02 1.00000000000000e+05 
1.67282041353100e-02 1.00000000000000e+05 
1.68977974374730e-02 1.00000000000000e+05 
1.70361952851025e-02 1.00000000000000e+05 
1.71750207852700e-02 1.00000000000000e+05 
1.73143930811227e-02 1.00000000000000e+05 
1.74541983432628e-02 1.00000000000000e+05 
1.75946191628032e-02 1.00000000000000e+05 
1.77356108448467e-02 1.00000000000000e+05 
1.78772615505075e-02 1.00000000000000e+05 
1.80188878513026e-02 1.00000000000000e+05 
1.81604877077931e-02 1.00000000000000e+05 
1.83022249421258e-02 1.00000000000000e+05 
1.84442038684546e-02 1.00000000000000e+05 
1.85866870382505e-02 1.00000000000000e+05 
1.87299963110530e-02 1.00000000000000e+05 
1.88745346739124e-02 1.00000000000000e+05 
1.90208504918403e-02 1.00000000000000e+05 
1.91694883985796e-02 1.00000000000000e+05 
1.93211356566441e-02 1.00000000000000e+05 
1.94758909404056e-02 1.00000000000000e+05 
1.96344708755401e-02 1.00000000000000e+05 
1.97968152911780e-02 1.00000000000000e+05 
1.99642121301392e-02 1.00000000000000e+05 
2.01361119444723e-02 1.00000000000000e+05 
2.02676455706834e-02 1.00000000000000e+05 
2.03994694023309e-02 1.00000000000000e+05 
2.05315775144839e-02 1.00000000000000e+05 
2.06641442118189e-02 1.00000000000000e+05 
2.07972523138937e-02 1.00000000000000e+05 
2.09310061359047e-02 1.00000000000000e+05 
2.10656381689333e-02 1.00000000000000e+05 
2.12036792178967e-02 1.00000000000000e+05 
2.13437032142006e-02 1.00000000000000e+05 
2.14866486891640e-02 1.00000000000000e+05 
2.16343891754303e-02 1.00000000000000e+05 
2.17869903536634e-02 1.00000000000000e+05 
2.19463151130353e-02 1.00000000000000e+05 
2.21120692104193e-02 1.00000000000000e+05 
2.22417877721324e-02 1.00000000000000e+05 
2.23723168948927e-02 1.00000000000000e+05 
2.25036037225665e-02 1.00000000000000e+05 
2.26359881925598e-02 1.00000000000000e+05 
2.27695565885488e-02 1.00000000000000e+05 
2.29043525263906e-02 1.00000000000000e+05 
2.30422409529128e-02 1.00000000000000e+05 
2.31831980441179e-02 1.00000000000000e+05 
2.33283295577996e-02 1.00000000000000e+05 
2.34785334328894e-02 1.00000000000000e+05 
2.36367629462257e-02 1.00000000000000e+05 
2.38036041485474e-02 1.00000000000000e+05 
2.39813033482355e-02 1.00000000000000e+05 
2.41673252464191e-02 1.00000000000000e+05 
2.43009689297848e-02 1.00000000000000e+05 
2.44361205488734e-02 1.00000000000000e+05 
2.45731224025138e-02 1.00000000000000e+05 
2.47126403904261e-02 1.00000000000000e+05 
2.48570498348815e-02 1.00000000000000e+05 
2.50043222099408e-02 1.00000000000000e+05 
2.51565605510198e-02 1.00000000000000e+05 
2.53147321789248e-02 1.00000000000000e+05 
2.54815936877234e-02 1.00000000000000e+05 
2.56572546980811e-02 1.00000000000000e+05 
2.57905581182311e-02 1.00000000000000e+05 
2.59251589193936e-02 1.00000000000000e+05 
2.60598447832407e-02 1.00000000000000e+05 
2.61959513053789e-02 1.00000000000000e+05 
2.63359258538071e-02 1.00000000000000e+05 
2.64652523635101e-02 1.00000000000000e+05 
2.65945995422313e-02 1.00000000000000e+05 
2.67241824761178e-02 1.00000000000000e+05 
2.68541769452721e-02 1.00000000000000e+05 
2.69849177293892e-02 1.00000000000000e+05 
2.71164752687723e-02 1.00000000000000e+05 
2.72483969737995e-02 1.00000000000000e+05 
2.73813128726917e-02 1.00000000000000e+05 
2.75153386171476e-02 1.00000000000000e+05 
2.76504209278109e-02 1.00000000000000e+05 
2.77867000386067e-02 1.00000000000000e+05 
2.79265852071229e-02 1.00000000000000e+05 
2.80705831946447e-02 1.00000000000000e+05 
2.82208795981624e-02 1.00000000000000e+05 
2.83741262365838e-02 1.00000000000000e+05 
2.85328877172782e-02 1.00000000000000e+05 
2.86642710614068e-02 1.00000000000000e+05 
2.87965016025326e-02 1.00000000000000e+05 
2.89289860522934e-02 1.00000000000000e+05 
2.90623493597448e-02 1.00000000000000e+05 
2.91967173629576e-02 1.00000000000000e+05 
2.93320897957681e-02 1.00000000000000e+05 
2.94684826679455e-02 1.00000000000000e+05 
2.96057946820194e-02 1.00000000000000e+05 
2.97441315894266e-02 1.00000000000000e+05 
2.98854809549271e-02 1.00000000000000e+05 
3.00301880749044e-02 1.00000000000000e+05 
3.01798426526190e-02 1.00000000000000e+05 
3.03314674903908e-02 1.00000000000000e+05 
3.04873214512872e-02 1.00000000000000e+05 
3.06478627517449e-02 1.00000000000000e+05 
3.08152089313941e-02 1.00000000000000e+05 
3.09893674304455e-02 1.00000000000000e+05 
3.11714003818750e-02 1.00000000000000e+05 
3.13088797132380e-02 1.00000000000000e+05 
3.14472215802991e-02 1.00000000000000e+05 
3.15852592123790e-02 1.00000000000000e+05 
3.17241250715194e-02 1.00000000000000e+05 
3.18638173263203e-02 1.00000000000000e+05 
3.20042001442022e-02 1.00000000000000e+05 
3.21454062770465e-02 1.00000000000000e+05 
3.22877875135107e-02 1.00000000000000e+05 
3.24318765304614e-02 1.00000000000000e+05 
3.25789615950052e-02 1.00000000000000e+05 
3.27292351836231e-02 1.00000000000000e+05 
3.28837453525022e-02 1.00000000000000e+05 
3.30392387339013e-02 1.00000000000000e+05 
3.31981159277579e-02 1.00000000000000e+05 
3.33615091202729e-02 1.00000000000000e+05 
3.35300837980013e-02 1.00000000000000e+05 
3.37037003930952e-02 1.00000000000000e+05 
3.38838745081641e-02 1.00000000000000e+05 
3.40246197185323e-02 1.00000000000000e+05 
3.41660096386645e-02 1.00000000000000e+05 
3.43080742645625e-02 1.00000000000000e+05 
3.44506513870862e-02 1.00000000000000e+05 
3.45921295006238e-02 1.00000000000000e+05 
3.47342442202264e-02 1.00000000000000e+05 
3.48770114562587e-02 1.00000000000000e+05 
3.50203102483621e-02 1.00000000000000e+05 
3.51642617550401e-02 1.00000000000000e+05 
3.53086974554154e-02 1.00000000000000e+05 
3.54538000994123e-02 1.00000000000000e+05 
3.56006807650596e-02 1.00000000000000e+05 
3.57494845049464e-02 1.00000000000000e+05 
3.59009074876857e-02 1.00000000000000e+05 
3.60550362940565e-02 1.00000000000000e+05 
3.62125393014020e-02 1.00000000000000e+05 
3.63701961309289e-02 1.00000000000000e+05 
3.65305483818943e-02 1.00000000000000e+05 
3.66946294359348e-02 1.00000000000000e+05 
3.68630737470662e-02 1.00000000000000e+05 
3.70356961472107e-02 1.00000000000000e+05 
3.72138715211685e-02 1.00000000000000e+05 
3.73578175307275e-02 1.00000000000000e+05 
3.75022399225682e-02 1.00000000000000e+05 
3.76472072701257e-02 1.00000000000000e+05 
3.77925361807539e-02 1.00000000000000e+05 
3.79359397617650e-02 1.00000000000000e+05 
3.80798079247828e-02 1.00000000000000e+05 
3.82241610713576e-02 1.00000000000000e+05 
3.83689404132664e-02 1.00000000000000e+05 
3.85141576108080e-02 1.00000000000000e+05 
3.86597185965919e-02 1.00000000000000e+05 
3.88056838533023e-02 1.00000000000000e+05 
3.89518818835105e-02 1.00000000000000e+05 
3.90985199682463e-02 1.00000000000000e+05 
3.92454715086257e-02 1.00000000000000e+05 
3.93928996395357e-02 1.00000000000000e+05 
3.95410181470559e-02 1.00000000000000e+05 
3.96901036690478e-02 1.00000000000000e+05 
3.98407416826075e-02 1.00000000000000e+05 
3.99929578322758e-02 1.00000000000000e+05 
4.01470876057883e-02 1.00000000000000e+05 
4.03031178157810e-02 1.00000000000000e+05 
4.04613658541364e-02 1.00000000000000e+05 
4.06063539734067e-02 1.00000000000000e+05 
4.07517459203722e-02 1.00000000000000e+05 
4.08975509328115e-02 1.00000000000000e+05 
4.10436707816292e-02 1.00000000000000e+05 
4.11902179569243e-02 1.00000000000000e+05 
4.13370258003080e-02 1.00000000000000e+05 
4.14843402809664e-02 1.00000000000000e+05 
4.16324644989797e-02 1.00000000000000e+05 
4.17817660316105e-02 1.00000000000000e+05 
4.19330708596511e-02 1.00000000000000e+05 
4.20864414916357e-02 1.00000000000000e+05 
4.22424376911707e-02 1.00000000000000e+05 
4.24011096093253e-02 1.00000000000000e+05 
4.25630652202705e-02 1.00000000000000e+05 
4.27244028567308e-02 1.00000000000000e+05 
4.28883228391368e-02 1.00000000000000e+05 
4.30558415673335e-02 1.00000000000000e+05 
4.32275171212168e-02 1.00000000000000e+05 
4.34029287323342e-02 1.00000000000000e+05 
4.35833452062226e-02 1.00043819065980e+05 
4.37676211271213e-02 1.00779415646338e+05 
4.39569441498763e-02 1.02774339558861e+05 
4.41055474497332e-02 1.05598349741693e+05 
4.42542406709613e-02 1.09633255735981e+05 
4.44030659578964e-02 1.15214567543446e+05 
4.45519614751976e-02 1.22195211563935e+05 
4.46985556632948e-02 1.30061301311062e+05 
4.48454560555096e-02 1.38539386788760e+05 
4.49926719674762e-02 1.47225869096254e+05 
4.51401094079173e-02 1.56543779155438e+05 
4.52878490947074e-02 1.66253951935319e+05 
4.54357168083890e-02 1.74244265722367e+05 
4.55839149363434e-02 1.80582634915344e+05 
4.57323112457867e-02 1.85394501421240e+05 
4.58810644166093e-02 1.88889186330510e+05 
4.60300582124992e-02 1.90499640882762e+05 
4.61794152664973e-02 1.90217793066935e+05 
4.63287878837189e-02 1.89896580541774e+05 
4.64781818692220e-02 1.89662733720601e+05 
4.66302179055152e-02 1.89236783817907e+05 
4.67835947058324e-02 1.88691026469153e+05 
4.69386797256893e-02 1.88088267928542e+05 
4.70954543509341e-02 1.87506110477739e+05 
4.72543162873419e-02 1.87166454499223e+05 
4.74121324978863e-02 1.87128523811803e+05 
4.75717739720033e-02 1.87406382936853e+05 
4.77344616239053e-02 1.87935010303469e+05 
4.79005209396930e-02 1.88723537502344e+05 
4.80694759492336e-02 1.89965126924201e+05 
4.82422086134876e-02 1.91741117294042e+05 
4.84177815457080e-02 1.93941163524249e+05 
4.85972056974817e-02 1.96510666148393e+05 
4.87795308917122e-02 1.99278812888341e+05 
4.89660062640750e-02 2.02117433051036e+05 
4.91557022101755e-02 2.04715059575659e+05 
4.93497959002381e-02 2.07192370638569e+05 
4.95472825429241e-02 2.08988850710430e+05 
4.97263355945701e-02 2.09851296558456e+05 
4.98736239113850e-02 2.10275679523711e+05 
5.00209649943446e-02 2.10515841930047e+05 
5.01685352077157e-02 2.10388440828832e+05 
5.03162016624396e-02 2.10006731394759e+05 
5.04640987931715e-02 2.09121638270407e+05 
5.06120984917025e-02 2.07988368693687e+05 
5.07603072041614e-02 2.06736138065508e+05 
5.09086018796251e-02 2.05388779363854e+05 
5.10570751051563e-02 2.03930732746365e+05 
5.12056129806569e-02 2.02393970772204e+05 
5.13543002260388e-02 2.00805717992192e+05 
5.15030342795938e-02 1.99177387753199e+05 
5.16518969899032e-02 1.97547076120808e+05 
5.18007960650069e-02 1.95934157491703e+05 
5.19498124663574e-02 1.94340197419032e+05 
5.20991127092541e-02 1.92774133011935e+05 
5.22488572699224e-02 1.91228815001972e+05 
5.23994059192949e-02 1.89707427887440e+05 
5.25491375964928e-02 1.88227112020118e+05 
5.26994874701665e-02 1.86773799450098e+05 
5.28512237987973e-02 1.85337577917197e+05 
5.30046268181641e-02 1.83915626610961e+05 
5.31580821032502e-02 1.82517972439269e+05 
5.33115791687029e-02 1.81144752207937e+05 
5.34651219238142e-02 1.79792200450444e+05 
5.36186773488541e-02 1.78461003337869e+05 
5.37722626410643e-02 1.77148137253890e+05 
5.39258195323312e-02 1.75854146679006e+05 
5.40793804960391e-02 1.74576647268600e+05 
5.42328601237168e-02 1.73317125191945e+05 
5.43863096025457e-02 1.72073956958645e+05 
5.45396158047026e-02 1.70848907417097e+05 
5.46928520829999e-02 1.69640818687749e+05 
5.48458782908629e-02 1.68451260295386e+05 
5.49987925509209e-02 1.67278768279136e+05 
5.51514293151504e-02 1.66125162269102e+05 
5.53039126089140e-02 1.64989058056761e+05 
5.54560524227672e-02 1.63872128985823e+05 
5.56079994600596e-02 1.62772697311288e+05 
5.57595579821132e-02 1.61692159054221e+05 
5.59108952063246e-02 1.60628655069117e+05 
5.60618124822198e-02 1.59583348271553e+05 
5.62124787717106e-02 1.58554330339666e+05 
5.63627005000790e-02 1.57542565665697e+05 
5.65126553558086e-02 1.56546110924212e+05 
5.66621402549441e-02 1.55565915142002e+05 
5.68113398143185e-02 1.54600049751713e+05 
5.69600449239331e-02 1.53649485937564e+05 
5.71084413497128e-02 1.52712381637209e+05 
5.72563181398209e-02 1.51789647538772e+05 
5.74038587245644e-02 1.50879737596668e+05 
5.75508548553639e-02 1.49983557173413e+05 
5.76974854865756e-02 1.49099718081985e+05 
5.78435496586378e-02 1.48229125455102e+05 
5.79892203664193e-02 1.47370536812081e+05 
5.81343077551578e-02 1.46524833228239e+05 
5.82789772445144e-02 1.45690898384201e+05 
5.84230541127761e-02 1.44869556054348e+05 
5.85666959985894e-02 1.44059789807357e+05 
5.87097486148477e-02 1.43262327537015e+05 
5.88523607475683e-02 1.42476236534011e+05 
5.89944023543966e-02 1.41702118751688e+05 
5.91360122904196e-02 1.40939117211950e+05 
5.92770866912444e-02 1.40187690062620e+05 
5.94177512716419e-02 1.39447061568293e+05 
5.95579299753544e-02 1.38717534101325e+05 
5.96977311794215e-02 1.37998428234162e+05 
5.98371082185044e-02 1.37289883144827e+05 
5.99761478066142e-02 1.36591331033190e+05 
6.01148339542565e-02 1.35902746317295e+05 
6.02532277125229e-02 1.35223688452188e+05 
6.03913454776646e-02 1.34553963514898e+05 
6.05292189573555e-02 1.33893272131140e+05 
6.06669001833309e-02 1.33241243758850e+05 
6.08043991199272e-02 1.32597683320281e+05 
6.09417965145059e-02 1.31962084180524e+05 
6.10791351080953e-02 1.31334108654252e+05 
6.12244498835066e-02 1.30677528446536e+05 
6.13764479705658e-02 1.29999240328166e+05 
6.15289379409535e-02 1.29327301143235e+05 
6.16819102057537e-02 1.28661644625671e+05 
6.18353113048997e-02 1.28002378558674e+05 
6.19890571934269e-02 1.27349733660286e+05 
6.21432474881640e-02 1.26703132627713e+05 
6.22978428887822e-02 1.26062617721493e+05 
6.24529437692709e-02 1.25427606048047e+05 
6.26085356744237e-02 1.24798044479937e+05 
6.27577304614099e-02 1.24201184212117e+05 
6.29098026344465e-02 1.23599463672548e+05 
6.30588528868249e-02 1.23016080197026e+05 
6.32091656565150e-02 1.22433897314703e+05 
6.33551061206633e-02 1.21874442784599e+05 
6.35049051579761e-02 1.21305868182432e+05 
6.36529450822861e-02 1.20749488100092e+05 
6.38024133105120e-02 1.20193076568001e+05 
6.39495448562022e-02 1.19650497629773e+05 
6.40982678061676e-02 1.19106972873764e+05 
6.42443273223289e-02 1.18577922514405e+05 
6.43951978149317e-02 1.18036142338601e+05 
6.45575366601782e-02 1.17458258090452e+05 
6.47257704250113e-02 1.16864970688505e+05 
6.48943183907978e-02 1.16275491461689e+05 
6.50631792174525e-02 1.15689867100227e+05 
6.52322645313029e-02 1.15108013204543e+05 
6.54016482298920e-02 1.14528812013546e+05 
6.55712707002789e-02 1.13955177482805e+05 
6.57411956750749e-02 1.13383125376936e+05 
6.59113720739757e-02 1.12812700091100e+05 
6.60818512072123e-02 1.12245431444769e+05 
6.62525836614186e-02 1.11681347478282e+05 
6.64236081226950e-02 1.11120830940188e+05 
6.65948690572958e-02 1.10564668272384e+05 
6.67663897288627e-02 1.10011812381270e+05 
6.69381008512544e-02 1.09462654732226e+05 
6.71100058330937e-02 1.08914735770557e+05 
6.72820204319924e-02 1.08367722085692e+05 
6.74541249423557e-02 1.07823258231910e+05 
6.76262180990578e-02 1.07281949731010e+05 
6.77982567554729e-02 1.06743921987750e+05 
6.79701198491539e-02 1.06209452903684e+05 
6.81417501542059e-02 1.05679137154777e+05 
6.83130079045609e-02 1.05153237380796e+05 
6.84838371384862e-02 1.04632594558525e+05 
6.86540828050051e-02 1.04117502707430e+05 
6.87949374537240e-02 1.03694692222540e+05 
6.89355544775703e-02 1.03275642548318e+05 
6.90759482300766e-02 1.02860824593770e+05 
6.92161195380621e-02 1.02449867010437e+05 
6.93560886649217e-02 1.02042943909072e+05 
6.94958563273245e-02 1.01640300182365e+05 
6.96354502426342e-02 1.01242157004388e+05 
6.97748708692425e-02 1.00848607887742e+05 
6.99141528932711e-02 1.00459806698811e+05 
7.00532957196157e-02 1.00075858074476e+05 
7.01923392623688e-02 9.96968705835008e+04 
7.03312811033234e-02 9.93229771717547e+04 
7.04701637110328e-02 9.89542027029112e+04 
7.06089827001979e-02 9.85906924544510e+04 
7.07477809609984e-02 9.82323979810131e+04 
7.08865529963952e-02 9.78794729918896e+04 
7.10253406630923e-02 9.75318140462889e+04 
7.11641384720701e-02 9.71895628011940e+04 
7.13029857652161e-02 9.68525609427005e+04 
7.14418780978448e-02 9.65209159185627e+04 
7.15946596637364e-02 9.61623550276353e+04 
7.17515813144999e-02 9.58008378827063e+04 
7.19084760679930e-02 9.54461103215116e+04 
7.20652472861966e-02 9.50982274202812e+04 
7.22221565343293e-02 9.47564342158693e+04 
7.23792066793071e-02 9.44205215804728e+04 
7.25366126168439e-02 9.40898318184672e+04 
7.26944644297181e-02 9.37639322260409e+04 
7.28529157786740e-02 9.34422929160307e+04 
7.30121262758965e-02 9.31242922490369e+04 
7.31716451866097e-02 9.28105452210112e+04 
7.33313328644742e-02 9.25009744547524e+04 
7.34914729770776e-02 9.21946868442091e+04 
7.36521166241788e-02 9.18912265654342e+04 
7.38134760726830e-02 9.15898911526992e+04 
7.39757488257776e-02 9.12898714692245e+04 
7.41390357111419e-02 9.09906810888482e+04 
7.43037022922994e-02 9.06912273123013e+04 
7.44696899676944e-02 9.03913246720209e+04 
7.46079662789494e-02 9.01426564373124e+04 
7.47487527186428e-02 8.98903720607861e+04 
7.48871331733067e-02 8.96430546196991e+04 
7.50280197269231e-02 8.93917655415431e+04 
7.51664953130178e-02 8.91450958303666e+04 
7.53074884881630e-02 8.88941433247094e+04 
7.54452720338229e-02 8.86489621701571e+04 
7.55830000814814e-02 8.84038551439665e+04 
7.57200578668159e-02 8.81598235324090e+04 
7.58570742979004e-02 8.79157037604771e+04 
7.59943902131960e-02 8.76708290543448e+04 
7.61321341639659e-02 8.74249578383003e+04 
7.62702948776401e-02 8.71780865716140e+04 
7.64089721166389e-02 8.69300539233253e+04 
7.65479596921105e-02 8.66812461854806e+04 
7.66874423006262e-02 8.64313798415463e+04 
7.68276140437966e-02 8.61801632178644e+04 
7.69686376590104e-02 8.59273821801561e+04 
7.71111947220103e-02 8.56719119323083e+04 
7.72552734943827e-02 8.54138873987539e+04 
7.74015853586390e-02 8.51521768355756e+04 
7.75501445098242e-02 8.48869147045344e+04 
7.77019140041809e-02 8.46165873611890e+04 
7.78563526996124e-02 8.43423926647787e+04 
7.80140025846373e-02 8.40636466040485e+04 
7.81742230314987e-02 8.37817794984978e+04 
7.83379333386289e-02 8.34955211674942e+04 
7.85043632990871e-02 8.32065872594893e+04 
7.86748025911094e-02 8.29131981085284e+04 
7.88481022791338e-02 8.26178232011665e+04 
7.89867596581765e-02 8.23838481892123e+04 
7.91255407040482e-02 8.21519412129818e+04 
7.92642229094783e-02 8.19226517520412e+04 
7.94030367144299e-02 8.16957991676131e+04 
7.95417779119752e-02 8.14719432909653e+04 
7.96806818073926e-02 8.12508798598547e+04 
7.98195643394950e-02 8.10330683229510e+04 
7.99586321618328e-02 8.08183199444779e+04 
8.00977327572544e-02 8.06070907504951e+04 
8.02370290673744e-02 8.03993905560372e+04 
8.03768386987688e-02 8.01951518305195e+04 
8.05169569863442e-02 7.99948873687717e+04 
8.06587956160749e-02 7.97967708848932e+04 
8.08024597581161e-02 7.96009884546560e+04 
8.09426112462950e-02 7.94150770837546e+04 
8.10853530608234e-02 7.92312715495924e+04 
8.12310029228412e-02 7.90492619923409e+04 
8.13799756061709e-02 7.88703035490513e+04 
8.15327299457347e-02 7.86932015434229e+04 
8.16897536547759e-02 7.85195432312362e+04 
8.18509241223676e-02 7.83513250231270e+04 
8.20123363397338e-02 7.81941743983604e+04 
8.21736938288829e-02 7.80487066762151e+04 
8.23347923300107e-02 7.79157733410218e+04 
8.24952828197849e-02 7.77849774930403e+04 
8.26395284074712e-02 7.76851729308229e+04 
8.27837469573096e-02 7.75996008651062e+04 
8.29280977484065e-02 7.75265338310013e+04 
8.30724225996176e-02 7.74653254163103e+04 
8.32168805199342e-02 7.74101630725006e+04 
8.33613260620317e-02 7.73666855002893e+04 
8.35059004079119e-02 7.73402791784875e+04 
8.36504794650641e-02 7.73244617345505e+04 
8.37951784932051e-02 7.73116511409371e+04 
8.39399067814935e-02 7.73026120308468e+04 
8.40847434372026e-02 7.72986485860781e+04 
8.42306557687681e-02 7.73004859077133e+04 
8.43772992792270e-02 7.73092983265610e+04 
8.45182349323584e-02 7.73268529901734e+04 
8.46676693444974e-02 7.73536698134852e+04 
8.48110489510435e-02 7.73862559761624e+04 
8.49637403178389e-02 7.74290774835682e+04 
8.51186776214704e-02 7.74818367734333e+04 
8.52723385208163e-02 7.75421176986790e+04 
8.54288694933959e-02 7.76105341461232e+04 
8.55854185465768e-02 7.76876587789405e+04 
8.57417879916858e-02 7.77731703391711e+04 
8.58984702891454e-02 7.78678251532164e+04 
8.60552144342332e-02 7.79698202298961e+04 
8.62121844588203e-02 7.80789589426558e+04 
8.63691299505782e-02 7.81949330133033e+04 
8.65263748757955e-02 7.83174117386979e+04 
8.66835259496190e-02 7.84457417085786e+04 
8.68409128380679e-02 7.85804171726062e+04 
8.69980198693259e-02 7.87202713516013e+04 
8.71551939846534e-02 7.88649069094565e+04 
8.73118650177949e-02 7.90141407627690e+04 
8.74686118057922e-02 7.91671613492061e+04 
8.76245774964153e-02 7.93216887540334e+04 
8.77804330893298e-02 7.94772030210916e+04 
8.79241488148374e-02 7.96208971820980e+04 
8.80768732636496e-02 7.97746202987902e+04 
8.82309717331822e-02 7.99285586035735e+04 
8.83852193106973e-02 8.00800355899199e+04 
8.85388186602640e-02 8.02277768324190e+04 
8.86931011509226e-02 8.03697940139107e+04 
8.88215336616161e-02 8.04827542806256e+04 
8.89522423100488e-02 8.06027425719114e+04 
8.90805838349274e-02 8.07109851618373e+04 
8.92110976615244e-02 8.08124660227668e+04 
8.93392441373308e-02 8.09037676135967e+04 
8.94695233288743e-02 8.09921012764474e+04 
8.95974312006467e-02 8.10724898951005e+04 
8.97274361538783e-02 8.11489904459650e+04 
8.98550729470492e-02 8.12188729623658e+04 
8.99847751102205e-02 8.12768109378438e+04 
9.01121173762847e-02 8.13339306962650e+04 
9.02414961956487e-02 8.13916594359503e+04 
9.03685275086179e-02 8.14476824373599e+04 
9.04975692141119e-02 8.15023234649626e+04 
9.06242795601718e-02 8.15549695922066e+04 
9.07529770587223e-02 8.16069232668255e+04 
9.08793629546396e-02 8.16566290265612e+04 
9.10077155657347e-02 8.17043937465728e+04 
9.11337792903372e-02 8.17477815383573e+04 
9.12618178817102e-02 8.17885176763144e+04 
9.13876114432576e-02 8.18250631759376e+04 
9.15143047388952e-02 8.18596957141844e+04 
9.16398290930226e-02 8.18918623902850e+04 
9.17672960573514e-02 8.19222921568709e+04 
9.18938295051465e-02 8.19506015082908e+04 
9.20225969541482e-02 8.19775149107959e+04 
9.21488433958078e-02 8.20023800202212e+04 
9.22773098977331e-02 8.20263529485503e+04 
9.24032635819000e-02 8.20488222261699e+04 
9.25313731898305e-02 8.20709085410505e+04 
9.26570415003466e-02 8.20920901280670e+04 
9.27848237798882e-02 8.21134230943536e+04 
9.29102275276056e-02 8.21343149013804e+04 
9.30377210739679e-02 8.21557270775447e+04 
9.31675121143457e-02 8.21779620747547e+04 
9.32998721553385e-02 8.22014058106614e+04 
9.34350973248456e-02 8.22264400733622e+04 
9.35734989815199e-02 8.22535503577902e+04 
9.37154093434706e-02 8.22832458932318e+04 
9.38611190963597e-02 8.23154990669332e+04 
9.40108973967006e-02 8.23513855968547e+04 
9.41648550899507e-02 8.23913965147898e+04 
9.43230009203190e-02 8.24369521082781e+04 
9.44797802674850e-02 8.24866002813134e+04 
9.46368561914160e-02 8.25363673208311e+04 
9.47949882830577e-02 8.25941781708174e+04 
9.49535954817837e-02 8.26595525388413e+04 
9.51132590758675e-02 8.27322587016076e+04 
9.52745387500111e-02 8.28114818773742e+04 
9.54384592034208e-02 8.28969966781001e+04 
9.56074357584789e-02 8.29942500699112e+04 
9.57740977130764e-02 8.30940592020801e+04 
9.59467779660344e-02 8.31983363272552e+04 
9.61140485881757e-02 8.33013870238785e+04 
9.62857627440831e-02 8.34099205095237e+04 
9.64448457586419e-02 8.35137547297786e+04 
9.66044136434234e-02 8.36199852418115e+04 
9.67651811860257e-02 8.37302429442186e+04 
9.69265209226305e-02 8.38445557732240e+04 
9.70890309411551e-02 8.39624516400738e+04 
9.72550556115959e-02 8.40848576861452e+04 
9.74247767022567e-02 8.42114913708227e+04 
9.76002602653751e-02 8.43439264874402e+04 
9.77759330442154e-02 8.44773248820621e+04 
9.79519405557384e-02 8.46103467676160e+04 
9.80884019514069e-02 8.47124868421787e+04 
9.82275480416103e-02 8.48155700533902e+04 
9.83696757740895e-02 8.49218014772915e+04 
9.85260162798166e-02 8.50353197966311e+04 
9.86903716845639e-02 8.51508265161790e+04 
9.88553083290061e-02 8.52632288592633e+04 
9.90211483871003e-02 8.53731100799488e+04 
9.91873324377533e-02 8.54791001641155e+04 
9.93543319083535e-02 8.55801957655541e+04 
9.95218558415006e-02 8.56801787903039e+04 
9.96890225775087e-02 8.57780018865915e+04 
9.98555517157051e-02 8.58722156943634e+04 
1.00022042187626e-01 8.59614149530601e+04 
1.00188169773260e-01 8.60459680026799e+04 
1.00354981485828e-01 8.61243421168557e+04 
1.00521799198659e-01 8.61959363721707e+04 
1.00689660674784e-01 8.62606537792959e+04 
1.00857661724785e-01 8.63184794203507e+04 
1.01026882872155e-01 8.63707031359034e+04 
1.01196308133561e-01 8.64167494762254e+04 
1.01367051875026e-01 8.64571769629160e+04 
1.01538038636537e-01 8.64914596472332e+04 
1.01710435830838e-01 8.65201746728775e+04 
1.01883124670346e-01 8.65434458122849e+04 
1.02057341330710e-01 8.65617477895958e+04 
1.02231963878647e-01 8.65753579868879e+04 
1.02408317732307e-01 8.65844990017363e+04 
1.02585317300442e-01 8.65894159754706e+04 
1.02760622692342e-01 8.65902362986238e+04 
1.02940673653399e-01 8.65871871032321e+04 
1.03116402865412e-01 8.65808233186806e+04 
1.03300988605353e-01 8.65706041553661e+04 
1.03477390293072e-01 8.65575265773714e+04 
1.03659941691421e-01 8.65412392227444e+04 
1.03837185940329e-01 8.65229400776764e+04 
1.04019805054848e-01 8.65016656670130e+04 
1.04197801834474e-01 8.64788769047839e+04 
1.04322534670890e-01 8.64617872557163e+04 
1.04449605750610e-01 8.64434980584196e+04 
1.04574677522116e-01 8.64247162050853e+04 
1.04700837771514e-01 8.64050494302017e+04 
1.04826013292288e-01 8.63849124642034e+04 
1.04952193230680e-01 8.63640306977381e+04 
1.05077388226341e-01 8.63428151783370e+04 
1.05203535972312e-01 8.63209912221884e+04 
1.05328726816286e-01 8.62989696449220e+04 
1.05454839511567e-01 8.62764688392971e+04 
1.05580032413074e-01 8.62538928751465e+04 
1.05706131225613e-01 8.62309677643563e+04 
1.05831346713958e-01 8.62080939300911e+04 
1.05957465144492e-01 8.61849936583686e+04 
1.06096195418079e-01 8.61596007690835e+04 
1.06248798719024e-01 8.61317631048795e+04 
1.06416662350065e-01 8.61014014134714e+04 
1.06601312344209e-01 8.60684464712241e+04 
1.06792508013826e-01 8.60350347150296e+04 
1.06972503476750e-01 8.60043770576187e+04 
1.07098203003351e-01 8.59835352911086e+04 
1.07236472482611e-01 8.59611961294754e+04 
1.07362323287825e-01 8.59414719707607e+04 
1.07500759173559e-01 8.59204810972293e+04 
1.07626739139470e-01 8.59020920874637e+04 
1.07765317101972e-01 8.58826783518862e+04 
1.07891421164427e-01 8.58658207985530e+04 
1.08030135633127e-01 8.58482057034429e+04 
1.08156365562555e-01 8.58330864406874e+04 
1.08295218484926e-01 8.58174731504299e+04 
1.08421577093577e-01 8.58042457180644e+04 
1.08560571563092e-01 8.57907855179886e+04 
1.08687060993466e-01 8.57795789173363e+04 
1.08826199366877e-01 8.57684113518338e+04 
1.08952821459602e-01 8.57593554971113e+04 
1.09092105761599e-01 8.57506768451662e+04 
1.09218862767022e-01 8.57439433727757e+04 
1.09358295472986e-01 8.57377948001918e+04 
1.09485190417475e-01 8.57333732608669e+04 
1.09624774856412e-01 8.57298143391050e+04 
1.09751811649184e-01 8.57278132488524e+04 
1.09891552121232e-01 8.57269932551588e+04 
1.10018735295521e-01 8.57275602767226e+04 
1.10158636787238e-01 8.57296369528792e+04 
1.10285971088049e-01 8.57327482526271e+04 
1.10426038818941e-01 8.57374053771512e+04 
1.10553529130260e-01 8.57428759369585e+04 
1.10693768472710e-01 8.57503343014063e+04 
1.10821419696548e-01 8.57585300340923e+04 
1.10961836042769e-01 8.57690834231546e+04 
1.11089652580397e-01 8.57801264984962e+04 
1.11230250771787e-01 8.57937845480285e+04 
1.11358236272764e-01 8.58075819240908e+04 
1.11499020323839e-01 8.58227866386407e+04 
1.11627177577267e-01 8.58377537368684e+04 
1.11768150556038e-01 8.58555434557211e+04 
1.11896481687492e-01 8.58738426376348e+04 
1.12037645932092e-01 8.58950607721719e+04 
1.12166152762186e-01 8.59157199186987e+04 
1.12307510275290e-01 8.59394396859273e+04 
1.12436194678963e-01 8.59618219219953e+04 
1.12577719962137e-01 8.59871601096598e+04 
1.12706584149506e-01 8.60106973962660e+04 
1.12847928449980e-01 8.60387142854043e+04 
1.13003407180501e-01 8.60694687297711e+04 
1.13174433784075e-01 8.61027979843516e+04 
1.13357340355736e-01 8.61375370919113e+04 
1.13537509700249e-01 8.61707651933058e+04 
1.13674147565529e-01 8.61952731415782e+04 
1.13813153793478e-01 8.62195314808035e+04 
1.13949941279582e-01 8.62428692417054e+04 
1.14087902638944e-01 8.62656807924786e+04 
1.14224826036853e-01 8.62879958735660e+04 
1.14362921224193e-01 8.63101915317092e+04 
1.14499975934358e-01 8.63318862472335e+04 
1.14638225906641e-01 8.63534857546644e+04 
1.14775450920740e-01 8.63745548459498e+04 
1.14913870024770e-01 8.63953694906348e+04 
1.15051253336577e-01 8.64157431458427e+04 
1.15189826413859e-01 8.64360344751865e+04 
1.15327355279456e-01 8.64559043784295e+04 
1.15466069768246e-01 8.64757456025849e+04 
1.15612345256161e-01 8.64964277701591e+04 
1.15763998817998e-01 8.65177154410487e+04 
1.15923437072725e-01 8.65399111159385e+04 
1.16089824773358e-01 8.65630083800171e+04 
1.16265590163767e-01 8.65873398091328e+04 
1.16449246284589e-01 8.66128342702639e+04 
1.16639375450741e-01 8.66393097590060e+04 
1.16826683309369e-01 8.66655143597666e+04 
1.17016888084187e-01 8.66924989607641e+04 
1.17205084996303e-01 8.67196077712688e+04 
1.17395356664248e-01 8.67477669626771e+04 
1.17583995582056e-01 8.67764310441761e+04 
1.17722995641836e-01 8.67983057154138e+04 
1.17875895707595e-01 8.68230513631091e+04 
1.18015036585927e-01 8.68464174542155e+04 
1.18168091552092e-01 8.68729823625175e+04 
1.18307370147458e-01 8.68981733232422e+04 
1.18460576602361e-01 8.69270043234107e+04 
1.18629103702754e-01 8.69603219166383e+04 
1.18814483513187e-01 8.69989852863623e+04 
1.19005129140883e-01 8.70402890726578e+04 
1.19200695465504e-01 8.70857829402185e+04 
1.19399526421733e-01 8.71353492888318e+04 
1.19596904098882e-01 8.71877903559348e+04 
1.19797478681624e-01 8.72443588124019e+04 
1.19996800991169e-01 8.73037196621049e+04 
1.20199175806882e-01 8.73672023799752e+04 
1.20400488068274e-01 8.74342344663145e+04 
1.20604688047957e-01 8.75043085908310e+04 
1.20808103108208e-01 8.75762085310155e+04 
1.20948801960049e-01 8.76273996855265e+04 
1.21103570697075e-01 8.76850366810244e+04 
1.21273816307802e-01 8.77501955555099e+04 
1.21461086479603e-01 8.78241634373141e+04 
1.21667083668584e-01 8.79082619672501e+04 
1.21806642744010e-01 8.79668568408810e+04 
1.21951626113769e-01 8.80289127109983e+04 
1.22090032036465e-01 8.80892391158821e+04 
1.22225560480821e-01 8.81493159459046e+04 
1.22363735805712e-01 8.82115574931359e+04 
1.22499615024651e-01 8.82736829440566e+04 
1.22637880621649e-01 8.83377722524258e+04 
1.22774134978229e-01 8.84017332121487e+04 
1.22912606372120e-01 8.84674997010107e+04 
1.23049260758399e-01 8.85331078208529e+04 
1.23187352882397e-01 8.86000640002427e+04 
1.23324434553534e-01 8.86670991927777e+04 
1.23463580694010e-01 8.87356413175427e+04 
1.23601123943825e-01 8.88038062968379e+04 
1.23740713698267e-01 8.88733069452894e+04 
1.23878748701412e-01 8.89422342396832e+04 
1.24018830596097e-01 8.90122413253318e+04 
1.24157387553013e-01 8.90814007236633e+04 
1.24298002570816e-01 8.91513420170311e+04 
1.24437112455605e-01 8.92201658767188e+04 
1.24584420691265e-01 8.92924308443545e+04 
1.24724100326333e-01 8.93600938835501e+04 
1.24863680712601e-01 8.94266150202557e+04 
1.25001547143810e-01 8.94910673511274e+04 
1.25153200218139e-01 8.95603357899051e+04 
1.25292300453373e-01 8.96221190169099e+04 
1.25434275816285e-01 8.96829999821799e+04 
1.25573521721959e-01 8.97401913896569e+04 
1.25715790843971e-01 8.97961916164775e+04 
1.25855309655316e-01 8.98488049372987e+04 
1.25997990804822e-01 8.99004160702280e+04 
1.26137869038808e-01 8.99486360121540e+04 
1.26280988807273e-01 8.99944410247097e+04 
1.26421254502208e-01 9.00346184823492e+04 
1.26564813748307e-01 9.00742924565092e+04 
1.26705475338828e-01 9.01127930868345e+04 
1.26849472140045e-01 9.01517907103708e+04 
1.26990532626854e-01 9.01898012626053e+04 
1.27134970415968e-01 9.02286083846084e+04 
1.27276433334024e-01 9.02680007697726e+04 
1.27421322529247e-01 9.03114141923909e+04 
1.27563195714358e-01 9.03557157230660e+04 
1.27708555597962e-01 9.04016217518522e+04 
1.27850853849912e-01 9.04470123795251e+04 
1.27996713880511e-01 9.04948936976214e+04 
1.28139458248712e-01 9.05962411066249e+04 
1.28285857413810e-01 9.07824735385565e+04 
1.28429075270700e-01 9.10691213184907e+04 
1.28576063059697e-01 9.14929251069323e+04 
1.28719789296969e-01 9.20649488674999e+04 
1.28867411580590e-01 9.28393208463228e+04 
1.29011637136834e-01 9.38005071112544e+04 
1.29158445068139e-01 9.49763199429395e+04 
1.29303971936794e-01 9.63295045708844e+04 
1.29453455935973e-01 9.79107424303761e+04 
1.29609360652347e-01 9.97511351067982e+04 
1.29772200688162e-01 1.01852579103496e+05 
1.29942902243545e-01 1.04226655903740e+05 
1.30121238025790e-01 1.06904450551057e+05 
1.30308274190429e-01 1.09788668379181e+05 
1.30503174276170e-01 1.12750540072852e+05 
1.30706237822982e-01 1.15670854683139e+05 
1.30915860418555e-01 1.18697928108272e+05 
1.31131193882591e-01 1.21490960709855e+05 
1.31349383854496e-01 1.23596659776716e+05 
1.31568279201209e-01 1.25114710857096e+05 
1.31787081905187e-01 1.26129919643900e+05 
1.32006031068980e-01 1.26445311676844e+05 
1.32224539063727e-01 1.26454807956944e+05 
1.32443109083725e-01 1.26468000338066e+05 
1.32661191547705e-01 1.26450320557339e+05 
1.32879484259998e-01 1.26395873754354e+05 
1.33097403945769e-01 1.26284964486267e+05 
1.33315779942905e-01 1.26116823591779e+05 
1.33533954561750e-01 1.25886566479051e+05 
1.33752883720539e-01 1.25631180141268e+05 
1.33971797190826e-01 1.25358846285192e+05 
1.34191458426979e-01 1.25074277896160e+05 
1.34410671203090e-01 1.24802006828970e+05 
1.34629659577917e-01 1.24605414092967e+05 
1.34848237501967e-01 1.24504597979431e+05 
1.35066690983832e-01 1.24521422918766e+05 
1.35284821371874e-01 1.24703570234274e+05 
1.35502919983346e-01 1.25087188865120e+05 
1.35720774279015e-01 1.25702102269278e+05 
1.35938650347217e-01 1.26530319381583e+05 
1.36156338787932e-01 1.27572670507223e+05 
1.36374108026691e-01 1.28775989578633e+05 
1.36591769624621e-01 1.30123799753717e+05 
1.36809608463024e-01 1.31679180289415e+05 
1.37027462511621e-01 1.33346616500159e+05 
1.37245643306663e-01 1.35102408740206e+05 
1.37464011238778e-01 1.36958243467032e+05 
1.37682631729248e-01 1.38843785273063e+05 
1.37901072221763e-01 1.40698722557766e+05 
1.38119682584400e-01 1.42490450851494e+05 
1.38338164682212e-01 1.44203907449546e+05 
1.38556875879066e-01 1.45988450710789e+05 
1.38775512519455e-01 1.47523689043412e+05 
1.38994423903308e-01 1.48779324885517e+05 
1.39213323629680e-01 1.49805840833376e+05 
1.39432470127889e-01 1.50621132863773e+05 
1.39651765367570e-01 1.51237311745083e+05 
1.39868419203507e-01 1.51525802891138e+05 
1.40088272365576e-01 1.51704020225286e+05 
1.40302078867100e-01 1.51864547117327e+05 
1.40519154067161e-01 1.52018399585819e+05 
1.40729804052764e-01 1.52134072549733e+05 
1.40942617552145e-01 1.52203990465440e+05 
1.41149897953387e-01 1.52215567640704e+05 
1.41358378389342e-01 1.52170233242460e+05 
1.41562671238311e-01 1.52083811297310e+05 
1.41783188322187e-01 1.51888440782506e+05 
1.42003946918564e-01 1.51610764064411e+05 
1.42224748339482e-01 1.51279468355495e+05 
1.42445872154757e-01 1.50890832259700e+05 
1.42667117216321e-01 1.50469437689004e+05 
1.42888760189292e-01 1.50041550935660e+05 
1.43110597566165e-01 1.49596234131030e+05 
1.43332910923989e-01 1.49135196526026e+05 
1.43522079800018e-01 1.48744204822410e+05 
1.43715155079867e-01 1.48333374714118e+05 
1.43912227024248e-01 1.47918913427689e+05 
1.44113678761823e-01 1.47484917033125e+05 
1.44319916221157e-01 1.47023419751865e+05 
1.44531430477240e-01 1.46548760266867e+05 
1.44748663721332e-01 1.46063128255531e+05 
1.44940802841220e-01 1.45642849285342e+05 
1.45131285218051e-01 1.45240465830566e+05 
1.45325400135836e-01 1.44846286173314e+05 
1.45516257157537e-01 1.44473436828517e+05 
1.45709002502501e-01 1.44112065268368e+05 
1.45900253411538e-01 1.43770081750868e+05 
1.46097143205866e-01 1.43435229244074e+05 
1.46288744471746e-01 1.43129853039939e+05 
1.46485232014674e-01 1.42833873737814e+05 
1.46677248607112e-01 1.42561689510660e+05 
1.46873810939710e-01 1.42299313441543e+05 
1.47066268540557e-01 1.42058125758155e+05 
1.47263071670098e-01 1.41825934132554e+05 
1.47466571281982e-01 1.41600454013684e+05 
1.47676317766880e-01 1.41381244053038e+05 
1.47891879861691e-01 1.41168187502505e+05 
1.48115572875210e-01 1.40957189858239e+05 
1.48339203364972e-01 1.40753975192219e+05 
1.48559714629836e-01 1.40557332735880e+05 
1.48783506883554e-01 1.40358645931874e+05 
1.49000961075740e-01 1.40162696094081e+05 
1.49222439025601e-01 1.39957270653987e+05 
1.49437672820344e-01 1.39748466671194e+05 
1.49656583342928e-01 1.39524368117431e+05 
1.49869786544496e-01 1.39291665130687e+05 
1.50086332931439e-01 1.39039013014630e+05 
1.50297475008247e-01 1.38774256758865e+05 
1.50512174684212e-01 1.38485795939378e+05 
1.50722105050340e-01 1.38182941713450e+05 
1.50935785918497e-01 1.37854067898252e+05 
1.51145176662569e-01 1.37510787473135e+05 
1.51358405343195e-01 1.37142125165868e+05 
1.51567511297050e-01 1.36758522889255e+05 
1.51780476282297e-01 1.36357584214126e+05 
1.51989409914289e-01 1.35933276069234e+05 
1.52202214822144e-01 1.35472831620673e+05 
1.52411047657978e-01 1.35001460945171e+05 
1.52606265407450e-01 1.34538562812732e+05 
1.52805540908203e-01 1.34059433607829e+05 
1.53008946655087e-01 1.33565123459504e+05 
1.53207079257386e-01 1.33075617509328e+05 
1.53403843817751e-01 1.32580063702991e+05 
1.53604353148433e-01 1.32065276020522e+05 
1.53801567119909e-01 1.31551860828594e+05 
1.54002508527175e-01 1.31022184784173e+05 
1.54200100717207e-01 1.30496360680793e+05 
1.54401427244455e-01 1.29955935617928e+05 
1.54599360076591e-01 1.29421703229882e+05 
1.54801036130711e-01 1.28875090074595e+05 
1.54999281139079e-01 1.28336644179334e+05 
1.55201278378213e-01 1.27787436284769e+05 
1.55399813806772e-01 1.27248026451240e+05 
1.55602108948345e-01 1.26699344447938e+05 
1.55800918118603e-01 1.26161860932631e+05 
1.56003492229015e-01 1.25616490430159e+05 
1.56202561866110e-01 1.25083455506068e+05 
1.56405399127422e-01 1.24543647522762e+05 
1.56604717158671e-01 1.24016949603039e+05 
1.56807802416626e-01 1.23484410741169e+05 
1.57007356707311e-01 1.22965576741675e+05 
1.57210675096387e-01 1.22441662860723e+05 
1.57410453583180e-01 1.21931844425761e+05 
1.57613990189904e-01 1.21417545207019e+05 
1.57813979739013e-01 1.20917495648898e+05 
1.58017718278778e-01 1.20413466044279e+05 
1.58217904151938e-01 1.19923718463026e+05 
1.58421826813435e-01 1.19430387666098e+05 
1.58629752126899e-01 1.18933272313772e+05 
1.58841722029821e-01 1.18432517636676e+05 
1.59058183294528e-01 1.17927510950527e+05 
1.59270286464022e-01 1.17438745700343e+05 
1.59486931212353e-01 1.16945746567471e+05 
1.59699214998948e-01 1.16468604485106e+05 
1.59916050296773e-01 1.15987267118876e+05 
1.60128485307876e-01 1.15521421611537e+05 
1.60345442039712e-01 1.15051437046420e+05 
1.60557964804099e-01 1.14596518871512e+05 
1.60774963657783e-01 1.14137497457218e+05 
1.60987522195301e-01 1.13693035255514e+05 
1.61204506532865e-01 1.13244474976486e+05 
1.61417070299978e-01 1.12809904228407e+05 
1.61634007881528e-01 1.12371209302062e+05 
1.61846560320168e-01 1.11945903450763e+05 
1.62063418453550e-01 1.11516453008035e+05 
1.62275912254596e-01 1.11099832029843e+05 
1.62492660718849e-01 1.10678996714002e+05 
1.62705076728326e-01 1.10270434472896e+05 
1.62921694136052e-01 1.09857592908284e+05 
1.63134018157074e-01 1.09456491857540e+05 
1.63350485217473e-01 1.09051068947155e+05 
1.63562705825073e-01 1.08656885812048e+05 
1.63778985952601e-01 1.08258406630184e+05 
1.63991053668662e-01 1.07870740495295e+05 
1.64210572633194e-01 1.07472548065522e+05 
1.64422120276083e-01 1.07091687093432e+05 
1.64638079608434e-01 1.06705724680580e+05 
1.64850092407520e-01 1.06329520452667e+05 
1.65069019929137e-01 1.05943808748110e+05 
1.65280584499442e-01 1.05573666641507e+05 
1.65496525178226e-01 1.05198469560624e+05 
1.65708505351550e-01 1.04832657962473e+05 
1.65927881245134e-01 1.04456681205648e+05 
1.66139403304589e-01 1.04096633656629e+05 
1.66358655861325e-01 1.03725993292930e+05 
1.66570288903465e-01 1.03370699518814e+05 
1.66789785736860e-01 1.03004796388578e+05 
1.67001665479011e-01 1.02654108363941e+05 
1.67221475911612e-01 1.02292969502852e+05 
1.67433635572123e-01 1.01947024600161e+05 
1.67650326264939e-01 1.01596439997302e+05 
1.67863120827140e-01 1.01254927673117e+05 
1.68083407507168e-01 1.00904394621033e+05 
1.68295878494001e-01 1.00569282066996e+05 
1.68516196601698e-01 1.00225017422789e+05 
1.68728928416081e-01 9.98958274237066e+04 
1.68946212074802e-01 9.95629923185021e+04 
1.69159698779731e-01 9.92394285440400e+04 
1.69380290462270e-01 9.89088208068674e+04 
1.69593611541650e-01 9.85928172088798e+04 
1.69811470810877e-01 9.82739584380938e+04 
1.70025586546382e-01 9.79644763985442e+04 
1.70243941073432e-01 9.76529223329347e+04 
1.70458351250224e-01 9.73510436513698e+04 
1.70676940942103e-01 9.70474467060312e+04 
1.70891610148896e-01 9.67534219248129e+04 
1.71110472565261e-01 9.64578663020462e+04 
1.71325460795928e-01 9.61716731042774e+04 
1.71478022110134e-01 9.59710656478543e+04 
1.71645839555760e-01 9.57527429087873e+04 
1.71830438745949e-01 9.55153823278151e+04 
1.72033497855157e-01 9.52576229454025e+04 
1.72253523206353e-01 9.49821745063775e+04 
1.72470027905854e-01 9.47149527838355e+04 
1.72690716574032e-01 9.44463327282218e+04 
1.72907708729372e-01 9.41858330303728e+04 
1.73128466624579e-01 9.39243219254906e+04 
1.73345894580597e-01 9.36701128252565e+04 
1.73566756265514e-01 9.34151244020326e+04 
1.73784601958072e-01 9.31667381685405e+04 
1.74005602740841e-01 9.29177228852683e+04 
1.74146220431482e-01 9.27608115352639e+04 
1.74290767010805e-01 9.26006792407140e+04 
1.74432357867380e-01 9.24449539767544e+04 
1.74577421287898e-01 9.22865056641901e+04 
1.74719493653158e-01 9.21323842048057e+04 
1.74864972079538e-01 9.19756037368670e+04 
1.75005902398687e-01 9.18247066208059e+04 
1.75150609288872e-01 9.16707301004931e+04 
1.75291718702643e-01 9.15215025217843e+04 
1.75437779359309e-01 9.13679646337144e+04 
1.75579082990542e-01 9.12203009800751e+04 
1.75725438814082e-01 9.10682426030910e+04 
1.75866974153476e-01 9.09220237901989e+04 
1.76013647295362e-01 9.07713493481583e+04 
1.76155464651129e-01 9.06264645653615e+04 
1.76302492568279e-01 9.04770845370729e+04 
1.76444651786913e-01 9.03334395443302e+04 
1.76592084166384e-01 9.01852856448475e+04 
1.76736225751300e-01 9.00412484848481e+04 
1.76884238521232e-01 8.98941760428054e+04 
1.77028864178577e-01 8.97513025382433e+04 
1.77177588064218e-01 8.96052398167525e+04 
1.77331941437603e-01 8.94545948863528e+04 
1.77492350848186e-01 8.92990608142004e+04 
1.77659999457966e-01 8.91376595280040e+04 
1.77834879551226e-01 8.89705548958430e+04 
1.78017850176595e-01 8.87971551542873e+04 
1.78208187771097e-01 8.86183439797389e+04 
1.78405818917014e-01 8.84344512154439e+04 
1.78609131539388e-01 8.82471777053791e+04 
1.78817235525847e-01 8.80575838284465e+04 
1.79028502142640e-01 8.78673148067676e+04 
1.79242177790867e-01 8.76772277743486e+04 
1.79457376461723e-01 8.74882005997452e+04 
1.79673666403223e-01 8.73007361764010e+04 
1.79890813260488e-01 8.71151189023879e+04 
1.80108585120195e-01 8.69316171983546e+04 
1.80326940806856e-01 8.67502871778334e+04 
1.80545792569959e-01 8.65712836067842e+04 
1.80765102726880e-01 8.63946833913383e+04 
1.80983304034924e-01 8.62217831515716e+04 
1.81203182021664e-01 8.60502295457087e+04 
1.81420353284912e-01 8.58836004020272e+04 
1.81640374671668e-01 8.57176574643386e+04 
1.81856391127543e-01 8.55574954188571e+04 
1.82076568861667e-01 8.53971049367921e+04 
1.82291352400395e-01 8.52425848424221e+04 
1.82511576538834e-01 8.50873226707526e+04 
1.82725077848912e-01 8.49395116603752e+04 
1.82943598751647e-01 8.47907094535813e+04 
1.83155798312698e-01 8.46484379307833e+04 
1.83372611208794e-01 8.45056802206314e+04 
1.83583515086098e-01 8.43679162617195e+04 
1.83798653367349e-01 8.42282407773111e+04 
1.84008305765724e-01 8.40932724925171e+04 
1.84221857038193e-01 8.39571999602727e+04 
1.84430346837447e-01 8.38259268296621e+04 
1.84642456030573e-01 8.36943059629007e+04 
1.84849911838825e-01 8.35673106163834e+04 
1.85060759961236e-01 8.34397521158887e+04 
1.85267323498028e-01 8.33162009290351e+04 
1.85477104077120e-01 8.31920846355557e+04 
1.85682949903263e-01 8.30715304877017e+04 
1.85891879773882e-01 8.29503198405557e+04 
1.86097189782948e-01 8.28322493337561e+04 
1.86305491943450e-01 8.27134000969457e+04 
1.86510425540337e-01 8.25973100459438e+04 
1.86718297753777e-01 8.24802873289514e+04 
1.86923008441311e-01 8.23656796794008e+04 
1.87130633706567e-01 8.22499755167673e+04 
1.87335256159268e-01 8.21363943329425e+04 
1.87542793030742e-01 8.20215584721019e+04 
1.87747455996763e-01 8.19086007056140e+04 
1.87955055379437e-01 8.17942406595556e+04 
1.88159879331956e-01 8.16815685457887e+04 
1.88367682793674e-01 8.15673664199988e+04 
1.88572781540301e-01 8.14547197751768e+04 
1.88780920382883e-01 8.13404445570119e+04 
1.88986396661290e-01 8.12276489316678e+04 
1.89194992419006e-01 8.11131569219169e+04 
1.89400934608331e-01 8.10001279694941e+04 
1.89610096961639e-01 8.08853549792228e+04 
1.89816593258432e-01 8.07720766505609e+04 
1.90026431137264e-01 8.06570318941347e+04 
1.90233569985050e-01 8.05435590328862e+04 
1.90444193593372e-01 8.04283185105252e+04 
1.90652067743165e-01 8.03147655398325e+04 
1.90863593365473e-01 8.01994518951813e+04 
1.91072294217432e-01 8.00859824615479e+04 
1.91284837125049e-01 7.99707630609871e+04 
1.91494454052990e-01 7.98575389569088e+04 
1.91708132196915e-01 7.97426273703442e+04 
1.91918759916633e-01 7.96299052196091e+04 
1.92133701272957e-01 7.95155880796935e+04 
1.92345442337291e-01 7.94036267602134e+04 
1.92561787372483e-01 7.92901564746392e+04 
1.92774754412120e-01 7.91793804070045e+04 
1.92992659290167e-01 7.90670395277110e+04 
1.93206979911666e-01 7.89577111201228e+04 
1.93426622178480e-01 7.88467871997789e+04 
1.93642441142810e-01 7.87392479163406e+04 
1.93864019855031e-01 7.86301672273662e+04 
1.94081494470746e-01 7.85246197526198e+04 
1.94305226537438e-01 7.84177178567293e+04 
1.94524524697837e-01 7.83146896983949e+04 
1.94749433352989e-01 7.82110600369856e+04 
1.94970727449380e-01 7.81110873834387e+04 
1.95195843022675e-01 7.80115447173592e+04 
1.95419313051752e-01 7.79148652928867e+04 
1.95644666302161e-01 7.78195758289955e+04 
1.95870244410007e-01 7.77264312434493e+04 
1.96095860428086e-01 7.76352130032874e+04 
1.96321419429360e-01 7.75460302376186e+04 
1.96546888585186e-01 7.74588397738824e+04 
1.96772289698018e-01 7.73735812576412e+04 
1.96997606230857e-01 7.72898983006892e+04 
1.97222870778751e-01 7.72076478597089e+04 
1.97448059226177e-01 7.71251997187702e+04 
1.97673217416183e-01 7.70443747322749e+04 
1.97898311175653e-01 7.69647284816880e+04 
1.98123396765051e-01 7.68854073164062e+04 
1.98348430698452e-01 7.68063467484270e+04 
1.98573488039562e-01 7.67274056148888e+04 
1.98798515362327e-01 7.66488963410825e+04 
1.99023570640880e-01 7.65686501737557e+04 
1.99248445165546e-01 7.64866916466053e+04 
1.99472907600556e-01 7.64040867696964e+04 
1.99697198842971e-01 7.63215550859633e+04 
1.99920962428020e-01 7.62397457538668e+04 
2.00144607007976e-01 7.61592526529746e+04 
