# Liste des scalaires : TEMPS pmat 
0.00000000000000e+00 1.00000000000000e+05 
7.22956891292051e-05 1.00000000000000e+05 
1.39473830159790e-04 1.00000000000000e+05 
2.09658797050094e-04 1.00000000000000e+05 
2.76117114236726e-04 1.00000000000000e+05 
3.20638761908114e-04 1.00000000000000e+05 
3.55139419127661e-04 1.00000000000000e+05 
3.84466703006940e-04 1.00000000000000e+05 
4.10882456555343e-04 1.00000000000000e+05 
4.35440253196321e-04 1.00000000000000e+05 
4.62453829501397e-04 1.00000000000000e+05 
4.92168763436980e-04 1.00000000000000e+05 
5.24855190766122e-04 1.00000000000000e+05 
5.60810260828179e-04 1.00000000000000e+05 
6.00360837896440e-04 1.00000000000000e+05 
6.43866472671528e-04 1.00000000000000e+05 
6.91722670924125e-04 1.00000000000000e+05 
7.44364489001982e-04 1.00000000000000e+05 
8.02270488887624e-04 1.00000000000000e+05 
8.65967088761830e-04 1.00000000000000e+05 
9.36033348623457e-04 1.00000000000000e+05 
1.01310623447125e-03 1.00000000000000e+05 
1.09788640890382e-03 1.00000000000000e+05 
1.19114460077964e-03 1.00000000000000e+05 
1.28874595967994e-03 1.00000000000000e+05 
1.39427742078087e-03 1.00000000000000e+05 
1.50221628787621e-03 1.00000000000000e+05 
1.61553425737479e-03 1.00000000000000e+05 
1.73457348070829e-03 1.00000000000000e+05 
1.85733677968619e-03 1.00000000000000e+05 
1.98616223838876e-03 1.00000000000000e+05 
2.11872938704631e-03 1.00000000000000e+05 
2.25541689819664e-03 1.00000000000000e+05 
2.39772133018674e-03 1.00000000000000e+05 
2.54485627309090e-03 1.00000000000000e+05 
2.69657390129195e-03 1.00000000000000e+05 
2.85238267869163e-03 1.00000000000000e+05 
3.01245336052021e-03 1.00000000000000e+05 
3.17812497446078e-03 1.00000000000000e+05 
3.34903914085903e-03 1.00000000000000e+05 
3.52550659026263e-03 1.00000000000000e+05 
3.70726992321327e-03 1.00000000000000e+05 
3.89587589613531e-03 1.00000000000000e+05 
4.08975108537118e-03 1.00000000000000e+05 
4.28959471140153e-03 1.00000000000000e+05 
4.49516060408350e-03 1.00000000000000e+05 
4.70839016598685e-03 1.00000000000000e+05 
4.92856382960927e-03 1.00000000000000e+05 
5.15483884145688e-03 1.00000000000000e+05 
5.38810296190435e-03 1.00000000000000e+05 
5.62716630832416e-03 1.00000000000000e+05 
5.87020911791983e-03 1.00000000000000e+05 
6.12048301668611e-03 1.00000000000000e+05 
6.37286594506187e-03 1.00000000000000e+05 
6.63255281660115e-03 1.00000000000000e+05 
6.89402258475487e-03 1.00000000000000e+05 
7.16407888326900e-03 1.00000000000000e+05 
7.43688359574091e-03 1.00000000000000e+05 
7.71399396444417e-03 1.00000000000000e+05 
7.99382024823275e-03 1.00000000000000e+05 
8.27676476722675e-03 1.00000000000000e+05 
8.55486963386385e-03 1.00000000000000e+05 
8.82693129547557e-03 1.00000000000000e+05 
9.09434992258037e-03 1.00000000000000e+05 
9.35798204986387e-03 1.00000000000000e+05 
9.61828190541813e-03 1.00000000000000e+05 
9.87458790234688e-03 1.00000000000000e+05 
1.01275999953470e-02 1.00000000000000e+05 
1.03780906819980e-02 1.00000000000000e+05 
1.06260594936920e-02 1.00000000000000e+05 
1.08549555607535e-02 1.00000000000000e+05 
1.10600486358740e-02 1.00000000000000e+05 
1.12527947243038e-02 1.00000000000000e+05 
1.14376549781141e-02 1.00000000000000e+05 
1.16160555244812e-02 1.00000000000000e+05 
1.17893912906168e-02 1.00000000000000e+05 
1.19585465367504e-02 1.00000000000000e+05 
1.21239074181634e-02 1.00000000000000e+05 
1.22865738919234e-02 1.00000000000000e+05 
1.24467469641934e-02 1.00000000000000e+05 
1.26054874618564e-02 1.00000000000000e+05 
1.27630810565285e-02 1.00000000000000e+05 
1.29205520410665e-02 1.00000000000000e+05 
1.30780807912967e-02 1.00000000000000e+05 
1.32361973892191e-02 1.00000000000000e+05 
1.33950989823873e-02 1.00000000000000e+05 
1.35552086731845e-02 1.00000000000000e+05 
1.37173208320219e-02 1.00000000000000e+05 
1.38814664958044e-02 1.00000000000000e+05 
1.40484212352147e-02 1.00000000000000e+05 
1.42181141062988e-02 1.00000000000000e+05 
1.43911503961872e-02 1.00000000000000e+05 
1.45673293078598e-02 1.00000000000000e+05 
1.47470958216511e-02 1.00000000000000e+05 
1.49301042786111e-02 1.00000000000000e+05 
1.51166614380786e-02 1.00000000000000e+05 
1.53062831294014e-02 1.00000000000000e+05 
1.54991735340810e-02 1.00000000000000e+05 
1.56947380646994e-02 1.00000000000000e+05 
1.58931191086703e-02 1.00000000000000e+05 
1.60936519304362e-02 1.00000000000000e+05 
1.62964592918504e-02 1.00000000000000e+05 
1.65008429752279e-02 1.00000000000000e+05 
1.67069397389365e-02 1.00000000000000e+05 
1.69140454026619e-02 1.00000000000000e+05 
1.71222476239755e-02 1.00000000000000e+05 
1.73310659723572e-02 1.00000000000000e+05 
1.75404805141226e-02 1.00000000000000e+05 
1.77502336634590e-02 1.00000000000000e+05 
1.79602468970402e-02 1.00000000000000e+05 
1.81704402483536e-02 1.00000000000000e+05 
1.83807094667329e-02 1.00000000000000e+05 
1.85910846775181e-02 1.00000000000000e+05 
1.88014518398668e-02 1.00000000000000e+05 
1.90118955483170e-02 1.00000000000000e+05 
1.92223163412202e-02 1.00000000000000e+05 
1.94328292785256e-02 1.00000000000000e+05 
1.96433365320740e-02 1.00000000000000e+05 
1.98539715682717e-02 1.00000000000000e+05 
2.00646505534619e-02 1.00000000000000e+05 
2.02755110974722e-02 1.00000000000000e+05 
2.04864652244479e-02 1.00000000000000e+05 
2.06976614620128e-02 1.00000000000000e+05 
2.09089801804323e-02 1.00000000000000e+05 
2.11205958419661e-02 1.00000000000000e+05 
2.13323434650365e-02 1.00000000000000e+05 
2.15444311991218e-02 1.00000000000000e+05 
2.17566451166054e-02 1.00000000000000e+05 
2.19692319799407e-02 1.00000000000000e+05 
2.21819234605174e-02 1.00000000000000e+05 
2.23949876222534e-02 1.00000000000000e+05 
2.26081286781985e-02 1.00000000000000e+05 
2.28215993970846e-02 1.00000000000000e+05 
2.30351177987949e-02 1.00000000000000e+05 
2.32489107044902e-02 1.00000000000000e+05 
2.34627146041240e-02 1.00000000000000e+05 
2.36767455398661e-02 1.00000000000000e+05 
2.38907642149785e-02 1.00000000000000e+05 
2.41049858281995e-02 1.00000000000000e+05 
2.43191974576909e-02 1.00000000000000e+05 
2.45336134444948e-02 1.00000000000000e+05 
2.47480431771309e-02 1.00000000000000e+05 
2.49627056199075e-02 1.00000000000000e+05 
2.51774340974845e-02 1.00000000000000e+05 
2.53924524358897e-02 1.00000000000000e+05 
2.56076084089656e-02 1.00000000000000e+05 
2.58231231969003e-02 1.00000000000000e+05 
2.60388498391942e-02 1.00000000000000e+05 
2.62550055968811e-02 1.00000000000000e+05 
2.64714528857619e-02 1.00000000000000e+05 
2.66884024856838e-02 1.00000000000000e+05 
2.69057325228642e-02 1.00000000000000e+05 
2.71236500950341e-02 1.00000000000000e+05 
2.73420405455071e-02 1.00000000000000e+05 
2.75610960991169e-02 1.00000000000000e+05 
2.77807255660493e-02 1.00000000000000e+05 
2.80011221230145e-02 1.00000000000000e+05 
2.82222055879087e-02 1.00000000000000e+05 
2.84439404330487e-02 1.00000000000000e+05 
2.86648763764154e-02 1.00000000000000e+05 
2.88809403278724e-02 1.00000000000000e+05 
2.90880652273576e-02 1.00000000000000e+05 
2.92852506313875e-02 1.00000000000000e+05 
2.94751967556950e-02 1.00000000000000e+05 
2.96610847315595e-02 1.00000000000000e+05 
2.98413792305638e-02 1.00000000000000e+05 
3.00171282264139e-02 1.00000000000000e+05 
3.01911291388128e-02 1.00000000000000e+05 
3.03643242841121e-02 1.00000000000000e+05 
3.05383337469893e-02 1.00000000000000e+05 
3.07133903554321e-02 1.00000000000000e+05 
3.08905590018414e-02 1.00000000000000e+05 
3.10699239771252e-02 1.00000000000000e+05 
3.12522190929917e-02 1.00000000000000e+05 
3.14361282843351e-02 1.00000000000000e+05 
3.16206670633941e-02 1.00000000000000e+05 
3.18061134124130e-02 1.00000000000000e+05 
3.19929512226794e-02 1.00000000000000e+05 
3.21812801678005e-02 1.00000000000000e+05 
3.23714455288160e-02 1.00000000000000e+05 
3.25634980233413e-02 1.00000000000000e+05 
3.27576953305822e-02 1.00000000000000e+05 
3.29540146088270e-02 1.00000000000000e+05 
3.31525761898703e-02 1.00000000000000e+05 
3.33518879206118e-02 1.00000000000000e+05 
3.35517998230112e-02 1.00000000000000e+05 
3.37522823262443e-02 1.00000000000000e+05 
3.39536926209198e-02 1.00000000000000e+05 
3.41560274579616e-02 1.00000000000000e+05 
3.43596162529571e-02 1.00000000000000e+05 
3.45643998607317e-02 1.00000000000000e+05 
3.47706114363826e-02 1.00000000000000e+05 
3.49781632690304e-02 1.00000000000000e+05 
3.51863501186897e-02 1.00000000000000e+05 
3.53950201632132e-02 1.00000000000000e+05 
3.56045651006989e-02 1.00000000000000e+05 
3.58149752523339e-02 1.00000000000000e+05 
3.60265447189793e-02 1.00000000000000e+05 
3.62391838200040e-02 1.00000000000000e+05 
3.64531586547852e-02 1.00000000000000e+05 
3.66683832148177e-02 1.00000000000000e+05 
3.68850386483257e-02 1.00000000000000e+05 
3.71027582404708e-02 1.00000000000000e+05 
3.73214070996768e-02 1.00000000000000e+05 
3.75408696833427e-02 1.00000000000000e+05 
3.77613816767354e-02 1.00000000000000e+05 
3.79827792400083e-02 1.00000000000000e+05 
3.82053031888728e-02 1.00000000000000e+05 
3.84288277139630e-02 1.00000000000000e+05 
3.86534946927091e-02 1.00000000000000e+05 
3.88791952146702e-02 1.00000000000000e+05 
3.91059886337195e-02 1.00000000000000e+05 
3.93336939337483e-02 1.00000000000000e+05 
3.95623643948824e-02 1.00000000000000e+05 
3.97919145358127e-02 1.00000000000000e+05 
4.00224363398029e-02 1.00000000000000e+05 
4.02536715187014e-02 1.00000000000000e+05 
4.04856525189129e-02 1.00000000000000e+05 
4.07182509917793e-02 1.00000000000000e+05 
4.09515208562473e-02 1.00000000000000e+05 
4.11853423600072e-02 1.00000000000000e+05 
4.14197757763808e-02 1.00000000000000e+05 
4.16548386867082e-02 1.00000000000000e+05 
4.18906374031314e-02 1.00000000000000e+05 
4.21270832481644e-02 1.00000000000000e+05 
4.23642645813743e-02 1.00000000000000e+05 
4.26021222827022e-02 1.00000000000000e+05 
4.28407752723486e-02 1.00000000000000e+05 
4.30801001262880e-02 1.00000000000000e+05 
4.33201899524433e-02 1.00000000000000e+05 
4.35608320641938e-02 1.00000000000000e+05 
4.38022896184051e-02 1.00000000000000e+05 
4.40444180897222e-02 1.00000000000000e+05 
4.42874391090169e-02 1.00000000000000e+05 
4.45311808031862e-02 1.00000000000000e+05 
4.47758474002264e-02 1.00000000000000e+05 
4.50212111996749e-02 1.00000000000000e+05 
4.52675110296729e-02 1.00000000000000e+05 
4.55144456344924e-02 1.00000000000000e+05 
4.57623720600839e-02 1.00000000000000e+05 
4.60108723977544e-02 1.00000000000000e+05 
4.62604518442349e-02 1.00000000000000e+05 
4.65104474791524e-02 1.00000000000000e+05 
4.67616404311870e-02 1.00000000000000e+05 
4.70132352637918e-02 1.00000000000000e+05 
4.72661582019679e-02 1.00000000000000e+05 
4.75196631857913e-02 1.00000000000000e+05 
4.77746261057224e-02 1.00000000000000e+05 
4.80302079480527e-02 1.00000000000000e+05 
4.82872780725382e-02 1.00000000000000e+05 
4.85449465880371e-02 1.00000000000000e+05 
4.88041229457195e-02 1.00000000000000e+05 
4.90639489688329e-02 1.00000000000000e+05 
4.93249060827277e-02 1.00000000000000e+05 
4.95864404536847e-02 1.00000000000000e+05 
4.98492141756656e-02 1.00000000000000e+05 
5.01124615638803e-02 1.00000000000000e+05 
5.03770113983663e-02 1.00000000000000e+05 
5.06420469476835e-02 1.00000000000000e+05 
5.09084813196275e-02 1.00000000000000e+05 
5.11754914955534e-02 1.00000000000000e+05 
5.14439772437028e-02 1.00000000000000e+05 
5.17130769143385e-02 1.00000000000000e+05 
5.19836825407237e-02 1.00000000000000e+05 
5.22549480578842e-02 1.00000000000000e+05 
5.25275928879205e-02 1.00000000000000e+05 
5.28011198784554e-02 1.00000000000000e+05 
5.30756728286802e-02 1.00000000000000e+05 
5.33511265058959e-02 1.00000000000000e+05 
5.36276609476460e-02 1.00000000000000e+05 
5.39050818101485e-02 1.00000000000000e+05 
5.41836061547770e-02 1.00000000000000e+05 
5.44629793478478e-02 1.00000000000000e+05 
5.47434679696851e-02 1.00000000000000e+05 
5.50247609183693e-02 1.00000000000000e+05 
5.53071987849134e-02 1.00000000000000e+05 
5.55868280651790e-02 1.00000000000000e+05 
5.58607673031686e-02 1.00000000000000e+05 
5.61331181844248e-02 1.00000000000000e+05 
5.64022367745226e-02 1.00000000000000e+05 
5.66682590469724e-02 1.00000000000000e+05 
5.69277245101847e-02 1.00000000000000e+05 
5.71874440757450e-02 1.00000000000000e+05 
5.74442730444581e-02 1.00000000000000e+05 
5.77063506546646e-02 1.00000000000000e+05 
5.79658792544695e-02 1.00000000000000e+05 
5.82226059740465e-02 1.00000000000000e+05 
5.84775293032776e-02 1.00000000000000e+05 
5.87285576295915e-02 1.00000000000000e+05 
5.89757454258735e-02 1.00000000013957e+05 
5.92192267068250e-02 1.00000000035999e+05 
5.94617704400171e-02 1.00000000493808e+05 
5.97035758426838e-02 1.00000001809458e+05 
5.99434925356829e-02 1.00000001815373e+05 
6.01820464561445e-02 1.00000001803363e+05 
6.04202198329208e-02 1.00000001718840e+05 
6.06580767932845e-02 1.00000001596416e+05 
6.08950678605403e-02 1.00000001427654e+05 
6.11307598042044e-02 1.00000001257419e+05 
6.13655513322439e-02 1.00000001059043e+05 
6.15993307961685e-02 1.00000000893351e+05 
6.18330931104040e-02 1.00000000710243e+05 
6.20665601214890e-02 1.00000000576732e+05 
6.23004955815909e-02 1.00000000427907e+05 
6.25346867965057e-02 1.00000000335180e+05 
6.27696013762345e-02 1.00000000213475e+05 
6.30051454032913e-02 1.00000000161404e+05 
6.32414415963912e-02 1.00000000089227e+05 
6.34784914877982e-02 1.00000000044329e+05 
6.37162008164687e-02 9.99999999893289e+04 
6.39546043451344e-02 9.99999999591780e+04 
6.41935997122918e-02 9.99999999196900e+04 
6.44332893910174e-02 9.99999999115766e+04 
6.46734941150898e-02 9.99999998777447e+04 
6.49143546734972e-02 9.99999998673379e+04 
6.51553788945309e-02 9.99999998752193e+04 
6.54008493114201e-02 9.99999999035958e+04 
6.56466092210712e-02 1.00000814212632e+05 
6.58926579110947e-02 1.00003239543629e+05 
6.61388791913429e-02 1.00008175579882e+05 
6.63854350526723e-02 1.00016367007391e+05 
6.66323277271076e-02 1.00029981912041e+05 
6.68797357576211e-02 1.00050393217429e+05 
6.71276938075707e-02 1.00078808633535e+05 
6.73763356837653e-02 1.00117237267584e+05 
6.76256749769026e-02 1.00168716161967e+05 
6.78758080425619e-02 1.00236890670897e+05 
6.81267101316305e-02 1.00325692020635e+05 
6.83781729338839e-02 1.00440055090563e+05 
6.86301364870990e-02 1.00585657477264e+05 
6.88826330412569e-02 1.00769463261606e+05 
6.91356360886947e-02 1.00998888600687e+05 
6.93891714198343e-02 1.01282442988976e+05 
6.96432372007176e-02 1.01628523460669e+05 
6.98978111334058e-02 1.02046241922148e+05 
7.01529328326640e-02 1.02542950657763e+05 
7.04085383174118e-02 1.03125745788235e+05 
7.06647090600672e-02 1.03798144729482e+05 
7.09213251917759e-02 1.04561277032915e+05 
7.11785303457632e-02 1.05411526718720e+05 
7.14361322436968e-02 1.06339662365888e+05 
7.16942156317592e-02 1.07331688756788e+05 
7.19526096443772e-02 1.08366579841928e+05 
7.22114563486662e-02 1.09419040304128e+05 
7.24706274718353e-02 1.10463048541576e+05 
7.27302461032645e-02 1.11464813946077e+05 
7.29901788981465e-02 1.12393066808668e+05 
7.32505358868274e-02 1.13219601090608e+05 
7.35111673280662e-02 1.13938151503090e+05 
7.37721909323949e-02 1.14483606381252e+05 
7.40334347698136e-02 1.14872310148275e+05 
7.42950615565255e-02 1.15129397368823e+05 
7.45568488003445e-02 1.15253417746416e+05 
7.48190091093830e-02 1.15343944398168e+05 
7.50812966074569e-02 1.15394427086393e+05 
7.53439274600014e-02 1.15404612132674e+05 
7.56066567122805e-02 1.15375799529412e+05 
7.58696804746260e-02 1.15318749444693e+05 
7.61327718487460e-02 1.15243357383316e+05 
7.63960869174189e-02 1.15152543651324e+05 
7.66604228858614e-02 1.15049316746200e+05 
7.69250511756446e-02 1.14941865371275e+05 
7.71896473827351e-02 1.14833819540954e+05 
7.74544974361010e-02 1.14727203437278e+05 
7.77191851071605e-02 1.14623883009195e+05 
7.79840043050455e-02 1.14524692832766e+05 
7.82485979443717e-02 1.14429083588064e+05 
7.85133188695692e-02 1.14336175657618e+05 
7.87777750249479e-02 1.14244437841680e+05 
7.90424173310092e-02 1.14152899731671e+05 
7.93068538569279e-02 1.14060626086600e+05 
7.95715835909006e-02 1.13966790219048e+05 
7.98361984980896e-02 1.13870369971615e+05 
8.01012229719102e-02 1.13770600248116e+05 
8.03659784619239e-02 1.13667545978734e+05 
8.06310134922814e-02 1.13560829854468e+05 
8.08959151686640e-02 1.13451158381327e+05 
8.11611878555289e-02 1.13338342881037e+05 
8.14264440080220e-02 1.13223235111727e+05 
8.16921711938018e-02 1.13105993805926e+05 
8.19579949701634e-02 1.12987369323695e+05 
8.22243849672911e-02 1.12867497079350e+05 
8.24909764769184e-02 1.12746929543415e+05 
8.27581090438184e-02 1.12625239271059e+05 
8.30253794064005e-02 1.12503032625320e+05 
8.32932493125610e-02 1.12380553883516e+05 
8.35613674544492e-02 1.12256927891227e+05 
8.38301049109279e-02 1.12132261022031e+05 
8.40991637582561e-02 1.12006739542548e+05 
8.43688728172911e-02 1.11880853366977e+05 
8.46389528922303e-02 1.11755302139382e+05 
8.49097040303634e-02 1.11629340471922e+05 
8.51808458713845e-02 1.11502458660578e+05 
8.54526660219587e-02 1.11373998169004e+05 
8.57248779510824e-02 1.11244771955963e+05 
8.59977653244663e-02 1.11114841633220e+05 
8.62709894879891e-02 1.10984575229666e+05 
8.65449085714375e-02 1.10854027433441e+05 
8.68191313684292e-02 1.10723545066572e+05 
8.70940502815898e-02 1.10593110905772e+05 
8.73692562918548e-02 1.10463019341188e+05 
8.76450335177374e-02 1.10333196492397e+05 
8.79211131713391e-02 1.10203783389748e+05 
8.81977545193829e-02 1.10074625084552e+05 
8.84746845794990e-02 1.09945812056617e+05 
8.87522041571450e-02 1.09817126742359e+05 
8.90299974858314e-02 1.09688687239673e+05 
8.93084039290568e-02 1.09560270274520e+05 
8.95870923028832e-02 1.09432052355759e+05 
8.98664152630352e-02 1.09303858246158e+05 
9.01460312208400e-02 1.09175926107653e+05 
9.04263019697373e-02 1.09048125118648e+05 
9.07068776989522e-02 1.08920758343088e+05 
9.09881084973732e-02 1.08793731496340e+05 
9.12696315215600e-02 1.08667348729965e+05 
9.15518210376149e-02 1.08541507095082e+05 
9.18343221909120e-02 1.08416488066940e+05 
9.21175116676180e-02 1.08292174896365e+05 
9.24010874033683e-02 1.08168799426696e+05 
9.26853772578977e-02 1.08046243408693e+05 
9.29701786458704e-02 1.07924648645630e+05 
9.32558089607810e-02 1.07803874028140e+05 
9.35420317425285e-02 1.07684014619557e+05 
9.38292532919952e-02 1.07564793920852e+05 
9.41171083261002e-02 1.07446251353239e+05 
9.44061226347086e-02 1.07327939007290e+05 
9.46965183572778e-02 1.07209500943389e+05 
9.49880355451923e-02 1.07090675815877e+05 
9.52804055463546e-02 1.06971159752238e+05 
9.55739370627021e-02 1.06850324320639e+05 
9.58677106865643e-02 1.06728018598176e+05 
9.61617678090425e-02 1.06603706054676e+05 
9.64554225877828e-02 1.06477190612506e+05 
9.67494311088384e-02 1.06347646243155e+05 
9.70430414964899e-02 1.06215081253162e+05 
9.73373083173453e-02 1.06078767500524e+05 
9.76313360488737e-02 1.05939119435312e+05 
9.79256317250108e-02 1.05796163690456e+05 
9.82197955553747e-02 1.05650787781470e+05 
9.85144773755720e-02 1.05503539286942e+05 
9.88094311045476e-02 1.05357773609340e+05 
9.91051359557563e-02 1.05214521115245e+05 
9.94009817649923e-02 1.05078511561218e+05 
9.96975995763600e-02 1.04953538389047e+05 
9.99938366651720e-02 1.04844581545066e+05 
1.00290139970315e-01 1.04760327436876e+05 
1.00585975883703e-01 1.04706748824927e+05 
1.00881624937043e-01 1.04692262771479e+05 
1.01176718161087e-01 1.04723468623939e+05 
1.01471159457427e-01 1.04807447619293e+05 
1.01763677604578e-01 1.04949260276107e+05 
1.02054946959191e-01 1.05154076455254e+05 
1.02343833966993e-01 1.05423947758744e+05 
1.02631341728822e-01 1.05760610082322e+05 
1.02916501288027e-01 1.06161579745236e+05 
1.03200636793935e-01 1.06623201822173e+05 
1.03482046788327e-01 1.07135554180833e+05 
1.03762840053755e-01 1.07693545017228e+05 
1.04042393811216e-01 1.08285445741160e+05 
1.04322316229345e-01 1.08901590199955e+05 
1.04602188607240e-01 1.09528509376028e+05 
1.04882408118353e-01 1.10148827813064e+05 
1.05161958487001e-01 1.10746976688592e+05 
1.05441082428161e-01 1.11310776881854e+05 
1.05719939897124e-01 1.11826947268131e+05 
1.05998519803522e-01 1.12283951345270e+05 
1.06276847139544e-01 1.12678909573473e+05 
1.06555373892066e-01 1.12998804417748e+05 
1.06833682528956e-01 1.13236397664232e+05 
1.07111281855900e-01 1.13424561318891e+05 
1.07387725275543e-01 1.13523660517221e+05 
1.07663508040812e-01 1.13541516048376e+05 
1.07938452117921e-01 1.13498682102120e+05 
1.08212531993194e-01 1.13389362824082e+05 
1.08486028680440e-01 1.13262434091856e+05 
1.08759047043046e-01 1.13138774342231e+05 
1.09031472555256e-01 1.13020806144260e+05 
1.09303369838034e-01 1.12909277534704e+05 
1.09574589728926e-01 1.12804704090177e+05 
1.09845296848969e-01 1.12706082003352e+05 
1.10115785106010e-01 1.12615033325970e+05 
1.10386097008920e-01 1.12533961913156e+05 
1.10656318858936e-01 1.12458409998565e+05 
1.10926705251962e-01 1.12390772410920e+05 
1.11196767456949e-01 1.12330962514930e+05 
1.11467254180677e-01 1.12278959148623e+05 
1.11737673774702e-01 1.12233799275081e+05 
1.12008808690874e-01 1.12195159529321e+05 
1.12279978135081e-01 1.12160389495496e+05 
1.12551995315658e-01 1.12130111895885e+05 
1.12824132585257e-01 1.12101825593162e+05 
1.13097206994967e-01 1.12075377935072e+05 
1.13370466055904e-01 1.12049953714961e+05 
1.13644655315734e-01 1.12023758217694e+05 
1.13918987873904e-01 1.11995721091958e+05 
1.14194313412939e-01 1.11964371510286e+05 
1.14469845190270e-01 1.11929582354254e+05 
1.14746161542287e-01 1.11890285538036e+05 
1.15022865384726e-01 1.11846981321821e+05 
1.15300226778140e-01 1.11799677720654e+05 
1.15577906696715e-01 1.11749465660648e+05 
1.15856332881829e-01 1.11697882576823e+05 
1.16135009730300e-01 1.11645977892296e+05 
1.16414587772290e-01 1.11594793104837e+05 
1.16694297237433e-01 1.11558382052171e+05 
1.16974996157828e-01 1.11533746149428e+05 
1.17255747752377e-01 1.11515853567883e+05 
1.17537569940611e-01 1.11518169203784e+05 
1.17819376197769e-01 1.11552176400420e+05 
1.18102317420159e-01 1.11621493493043e+05 
1.18385175709383e-01 1.11728124550344e+05 
1.18669164248778e-01 1.11876296971948e+05 
1.18952931087997e-01 1.12069185259530e+05 
1.19236643486254e-01 1.12306396947486e+05 
1.19520063098231e-01 1.12586907511150e+05 
1.19803412442406e-01 1.12907353225632e+05 
1.20086461778652e-01 1.13261660675554e+05 
1.20369446624684e-01 1.13642349236526e+05 
1.20652246948229e-01 1.14039533138604e+05 
1.20935039326407e-01 1.14442016835528e+05 
1.21217626767396e-01 1.14840880995448e+05 
1.21500419038252e-01 1.15223917479322e+05 
1.21783032066387e-01 1.15584368835163e+05 
1.22065997825015e-01 1.15912251885340e+05 
1.22348890842626e-01 1.16214457634444e+05 
1.22632288977363e-01 1.16449885945247e+05 
1.22915663768272e-01 1.16645446037858e+05 
1.23199473045555e-01 1.16810552671770e+05 
1.23483276425416e-01 1.16935518052924e+05 
1.23767552723018e-01 1.17044683008933e+05 
1.24051856812256e-01 1.17136228657313e+05 
1.24336594946174e-01 1.17202805145711e+05 
1.24621360632408e-01 1.17247570528700e+05 
1.24906532715078e-01 1.17280846236554e+05 
1.25191743659838e-01 1.17303753087765e+05 
1.25477038633119e-01 1.17318542882402e+05 
1.25762565977399e-01 1.17328007622969e+05 
1.26048096618172e-01 1.17335613664993e+05 
1.26333827342709e-01 1.17342994078367e+05 
1.26619691921204e-01 1.17349707449179e+05 
1.26905375613166e-01 1.17354977768544e+05 
1.27191097433246e-01 1.17358065053618e+05 
1.27476526225072e-01 1.17358347026857e+05 
1.27761971023684e-01 1.17354324217043e+05 
1.28047174335368e-01 1.17345383757197e+05 
1.28332426519498e-01 1.17330662123862e+05 
1.28617479522113e-01 1.17309855823930e+05 
1.28902611867616e-01 1.17282804880163e+05 
1.29187615134033e-01 1.17250128693956e+05 
1.29472733241179e-01 1.17212720311715e+05 
1.29757776248449e-01 1.17171683238066e+05 
1.30042951168294e-01 1.17127054614494e+05 
1.30328124074937e-01 1.17080168415910e+05 
1.30613492522932e-01 1.17033684080102e+05 
1.30898808668132e-01 1.16983366071285e+05 
1.31184021287977e-01 1.16931276291929e+05 
1.31468783095785e-01 1.16878310667086e+05 
1.31752460700124e-01 1.16822854732071e+05 
1.32035349665272e-01 1.16768122512695e+05 
1.32317039417006e-01 1.16712151592378e+05 
1.32597973238174e-01 1.16654692524849e+05 
1.32878002287840e-01 1.16590455845225e+05 
1.33157581040740e-01 1.16519232576387e+05 
1.33436205266829e-01 1.16437226191604e+05 
1.33714250754578e-01 1.16344355862396e+05 
1.33991517682448e-01 1.16239658095991e+05 
1.34268103589778e-01 1.16122180976506e+05 
1.34544087708401e-01 1.15988954774862e+05 
1.34819651014928e-01 1.15845502881375e+05 
1.35094808747243e-01 1.15685122082657e+05 
1.35369242519891e-01 1.15508785592741e+05 
1.35642563751339e-01 1.15322142931774e+05 
1.35914586554692e-01 1.15125169531218e+05 
1.36185741241191e-01 1.14929303076660e+05 
1.36455610884754e-01 1.14728859950222e+05 
1.36725239370743e-01 1.14520162032408e+05 
1.36994178170139e-01 1.14301207172108e+05 
1.37261822427848e-01 1.14071214487270e+05 
1.37528383497701e-01 1.13833341591116e+05 
1.37794008601573e-01 1.13589398035769e+05 
1.38058823467883e-01 1.13340955052914e+05 
1.38322770558068e-01 1.13089962591605e+05 
1.38585980246734e-01 1.12837788614815e+05 
1.38848530799404e-01 1.12586581684889e+05 
1.39110529410790e-01 1.12337280824460e+05 
1.39372044791035e-01 1.12092073965550e+05 
1.39632806649725e-01 1.11851398028963e+05 
1.39892998315374e-01 1.11618945108008e+05 
1.40152524799744e-01 1.11394552931247e+05 
1.40411720622772e-01 1.11179889095633e+05 
1.40670304938308e-01 1.10980244855804e+05 
1.40928471398015e-01 1.10792785451209e+05 
1.41186166604450e-01 1.10615410020918e+05 
1.41443641421537e-01 1.10451406662785e+05 
1.41700847981591e-01 1.10289976200014e+05 
1.41957782041108e-01 1.10131324670965e+05 
1.42214546302161e-01 1.09987278737879e+05 
1.42471094494258e-01 1.09860587655962e+05 
1.42727556966526e-01 1.09759484034225e+05 
1.42983856872882e-01 1.09688797285153e+05 
1.43240031305147e-01 1.09651912928793e+05 
1.43496009703547e-01 1.09641830376533e+05 
1.43751929192722e-01 1.09658172931778e+05 
1.44007777668743e-01 1.09699222925592e+05 
1.44263521809521e-01 1.09762369946958e+05 
1.44519107313854e-01 1.09844061905495e+05 
1.44774614348157e-01 1.09940577509297e+05 
1.45030107119525e-01 1.10048162318559e+05 
1.45285558983445e-01 1.10162597112913e+05 
1.45541060045270e-01 1.10279952804219e+05 
1.45796435821871e-01 1.10396020117116e+05 
1.46051802938164e-01 1.10507265278691e+05 
1.46307052560331e-01 1.10610170770551e+05 
1.46562354231565e-01 1.10702161652206e+05 
1.46817606887835e-01 1.10780694104095e+05 
1.47072953687734e-01 1.10844360905204e+05 
1.47328345888185e-01 1.10891776162579e+05 
1.47583749865312e-01 1.10922748366441e+05 
1.47839153786178e-01 1.10937038017206e+05 
1.48094593053795e-01 1.10935643127142e+05 
1.48350104444205e-01 1.10919308229757e+05 
1.48605695619122e-01 1.10889975785555e+05 
1.48861416716584e-01 1.10849156399510e+05 
1.49117268177912e-01 1.10799472497603e+05 
1.49372891259994e-01 1.10743034746992e+05 
1.49628471109768e-01 1.10682809861232e+05 
1.49883890190060e-01 1.10621000397801e+05 
1.50139337429476e-01 1.10560583314795e+05 
1.50394872282377e-01 1.10503547957840e+05 
1.50651441898607e-01 1.10452446831818e+05 
1.50908066738039e-01 1.10408966945886e+05 
1.51164887806381e-01 1.10375417325245e+05 
1.51421863217912e-01 1.10352302268755e+05 
1.51679077147308e-01 1.10340966644700e+05 
1.51936340056261e-01 1.10341397924170e+05 
1.52194041818392e-01 1.10353834131464e+05 
1.52452022636157e-01 1.10377567566420e+05 
1.52710351763577e-01 1.10411600879134e+05 
1.52968801418691e-01 1.10455159286782e+05 
1.53227568239164e-01 1.10507081603324e+05 
1.53486478654379e-01 1.10560173647450e+05 
1.53745718059418e-01 1.10619695241923e+05 
1.54005144514928e-01 1.10678080696144e+05 
1.54264931486937e-01 1.10729955436874e+05 
1.54524975089481e-01 1.10775260602346e+05 
1.54785406090504e-01 1.10805900189013e+05 
1.55046169326785e-01 1.10834219294616e+05 
1.55307330488150e-01 1.10840516847413e+05 
1.55568708744526e-01 1.10831677030727e+05 
1.55830418284667e-01 1.10807731896851e+05 
1.56092470070929e-01 1.10762570345686e+05 
1.56354951930624e-01 1.10705068330062e+05 
1.56617774602010e-01 1.10648734043446e+05 
1.56881048140021e-01 1.10590278036531e+05 
1.57144524666885e-01 1.10520010313853e+05 
1.57408424073204e-01 1.10435608984555e+05 
1.57672610526087e-01 1.10329974025652e+05 
1.57937226056615e-01 1.10197932382912e+05 
1.58202174577721e-01 1.10042022259999e+05 
1.58467733107751e-01 1.09867601318380e+05 
1.58733684742929e-01 1.09674797273119e+05 
1.59000132617246e-01 1.09467089356842e+05 
1.59266904530957e-01 1.09245467791402e+05 
1.59534070166497e-01 1.09013750826876e+05 
1.59801560324156e-01 1.08773309502989e+05 
1.60069437690540e-01 1.08527524369802e+05 
1.60337673931637e-01 1.08278001456153e+05 
1.60606319922083e-01 1.08028105245687e+05 
1.60875567526186e-01 1.07778153756919e+05 
1.61145244033043e-01 1.07531578229155e+05 
1.61415308479724e-01 1.07287528032285e+05 
1.61685760355130e-01 1.07048562835154e+05 
1.61956613746247e-01 1.06814388149199e+05 
1.62227893907215e-01 1.06584488223181e+05 
1.62499610294537e-01 1.06363082195103e+05 
1.62771759206943e-01 1.06149041012791e+05 
1.63044353113699e-01 1.05942179552512e+05 
1.63317378165175e-01 1.05742720700385e+05 
1.63590858621344e-01 1.05550302709763e+05 
1.63864720765751e-01 1.05365366186981e+05 
1.64139030237760e-01 1.05188941981003e+05 
1.64413739036639e-01 1.05019968377035e+05 
1.64688927610753e-01 1.04854111002183e+05 
1.64964720817737e-01 1.04695579587303e+05 
1.65240958207672e-01 1.04539191429991e+05 
1.65517566764261e-01 1.04389371117321e+05 
1.65794602200403e-01 1.04240801497298e+05 
1.66072022650114e-01 1.04097464435172e+05 
1.66351217668191e-01 1.03953105077484e+05 
1.66630752151461e-01 1.03809348472562e+05 
1.66910724565517e-01 1.03666642511087e+05 
1.67191015115640e-01 1.03520560943841e+05 
1.67471710986753e-01 1.03373068373185e+05 
1.67752716359190e-01 1.03225063517747e+05 
1.68034977314871e-01 1.03071845220323e+05 
1.68317697055469e-01 1.02914933240904e+05 
1.68600675494096e-01 1.02752775568327e+05 
1.68884070597335e-01 1.02589316690036e+05 
1.69167681797022e-01 1.02420437018730e+05 
1.69451681545489e-01 1.02247002684748e+05 
1.69735843672063e-01 1.02070244929185e+05 
1.70020354452607e-01 1.01890642721890e+05 
1.70304977336431e-01 1.01707904547254e+05 
1.70589897571208e-01 1.01521835985077e+05 
1.70874870977519e-01 1.01334217656300e+05 
1.71160102742920e-01 1.01143482954763e+05 
1.71445316858142e-01 1.00950033398240e+05 
1.71730737925722e-01 1.00757016384740e+05 
1.72016075870841e-01 1.00561721389106e+05 
1.72301571677275e-01 1.00366764428318e+05 
1.72586933748067e-01 1.00169179113131e+05 
1.72872404926625e-01 9.99729824461066e+04 
1.73157696095705e-01 9.97757801844379e+04 
1.73443031581606e-01 9.95787308245288e+04 
1.73728075938304e-01 9.93834304588391e+04 
1.74013067703207e-01 9.91882919007118e+04 
1.74297673029874e-01 9.89946209505269e+04 
1.74582217379539e-01 9.88014896839773e+04 
1.74866377613508e-01 9.86103019183595e+04 
1.75150481267855e-01 9.84195973759906e+04 
1.75434199906567e-01 9.82318254171929e+04 
1.75717872102920e-01 9.80434378445200e+04 
1.76001124489856e-01 9.78580880164774e+04 
1.76284360036447e-01 9.76723901245544e+04 
1.76567213766062e-01 9.74887440035612e+04 
1.76850040706127e-01 9.73062502587510e+04 
1.77132556739851e-01 9.71245859415334e+04 
1.77415078390744e-01 9.69451140455505e+04 
1.77697340915974e-01 9.67654270484895e+04 
1.77979686878943e-01 9.65880527947078e+04 
1.78261839519571e-01 9.64104680544360e+04 
1.78544167843452e-01 9.62348286644920e+04 
1.78826398355204e-01 9.60593402769346e+04 
1.79108901550944e-01 9.58840715403050e+04 
1.79391392704958e-01 9.57102463592335e+04 
1.79674232470402e-01 9.55360986862472e+04 
1.79957127782956e-01 9.53630540211276e+04 
1.80240422561850e-01 9.51901224127049e+04 
1.80523828651208e-01 9.50183467876568e+04 
1.80807575921188e-01 9.48473650828740e+04 
1.81091514027846e-01 9.46765808560031e+04 
1.81375600080875e-01 9.45060518693231e+04 
1.81659908303535e-01 9.43357404738582e+04 
1.81944383511601e-01 9.41656717909131e+04 
1.82229085541017e-01 9.39959351921867e+04 
1.82513947474508e-01 9.38264221015684e+04 
1.82799030264428e-01 9.36572060945018e+04 
1.83084267906948e-01 9.34882978295065e+04 
1.83369719181056e-01 9.33196905493011e+04 
1.83655307443014e-01 9.31514963872058e+04 
1.83941089419845e-01 9.29836762360431e+04 
1.84227000551324e-01 9.28163311865901e+04 
1.84513071422749e-01 9.26487460768883e+04 
1.84799240423633e-01 9.24827827042074e+04 
1.85085484030564e-01 9.23165984054327e+04 
1.85371744181201e-01 9.21517306612929e+04 
1.85657925346328e-01 9.19871033039667e+04 
1.85944001519624e-01 9.18231526835310e+04 
1.86229786040473e-01 9.16604028049258e+04 
1.86515376121611e-01 9.14981316670070e+04 
1.86800603043121e-01 9.13368886596884e+04 
1.87085631069775e-01 9.11761011867484e+04 
1.87370313032719e-01 9.10163599936852e+04 
1.87654830449058e-01 9.08572329857965e+04 
1.87939104269117e-01 9.06992831535658e+04 
1.88222474601707e-01 9.05425192854741e+04 
1.88503990690263e-01 9.03879210727601e+04 
1.88784650326156e-01 9.02346256915010e+04 
1.89063964964299e-01 9.00837051313332e+04 
1.89342938003003e-01 8.99334188923707e+04 
1.89621092698220e-01 8.97851024965990e+04 
1.89899288140816e-01 8.96375610066208e+04 
1.90177081549624e-01 8.94916674703327e+04 
1.90454733436187e-01 8.93469261115917e+04 
1.90732052634518e-01 8.92037312987289e+04 
1.91009219960196e-01 8.90619327820482e+04 
1.91286213816593e-01 8.89214687930907e+04 
1.91563207619103e-01 8.87824032909998e+04 
1.91840009960128e-01 8.86446813186413e+04 
1.92116897159568e-01 8.85084005497629e+04 
1.92393590369827e-01 8.83736056774698e+04 
1.92670477670816e-01 8.82400989151661e+04 
1.92946296014549e-01 8.81086615117651e+04 
1.93221554358897e-01 8.79786472802402e+04 
1.93495960531503e-01 8.78505065317184e+04 
1.93770052053777e-01 8.77236858721172e+04 
1.94043241330103e-01 8.75987028708121e+04 
1.94315664543248e-01 8.74752303507748e+04 
1.94587393485799e-01 8.73535227063197e+04 
1.94858626476473e-01 8.72332161875594e+04 
1.95129455296305e-01 8.71146104493307e+04 
1.95400097643790e-01 8.69972081122193e+04 
1.95670553785508e-01 8.68814541729663e+04 
1.95941055439169e-01 8.67667527841789e+04 
1.96211500570852e-01 8.66536338203851e+04 
1.96482175933294e-01 8.65414520967205e+04 
1.96752876662098e-01 8.64307890504481e+04 
1.97023988998205e-01 8.63209724435954e+04 
1.97295183563605e-01 8.62126314316342e+04 
1.97566937535618e-01 8.61050304534943e+04 
1.97838794895527e-01 8.59988591329716e+04 
1.98110058031168e-01 8.58938027694103e+04 
1.98380928447493e-01 8.57902450029421e+04 
1.98651417559445e-01 8.56876432312626e+04 
1.98921323276619e-01 8.55864528277307e+04 
1.99190893319401e-01 8.54861451599569e+04 
1.99459953054027e-01 8.53870857443097e+04 
1.99728765230777e-01 8.52889272760769e+04 
1.99997168106362e-01 8.51919161435266e+04 
2.00265448164739e-01 8.50957984981698e+04 
