# Liste des scalaires : TEMPS pmat 
0.00000000000000e+00 1.00000000000000e+05 
7.22956891292051e-05 1.00000000000000e+05 
1.39473830159791e-04 1.00000000000000e+05 
2.09658797050096e-04 1.00000000000000e+05 
2.76117114236733e-04 1.00000000000000e+05 
3.20638761908122e-04 1.00000000000000e+05 
3.55139419127669e-04 1.00000000000000e+05 
3.84466703006948e-04 1.00000000000000e+05 
4.10882456555350e-04 1.00000000000000e+05 
4.35440253196327e-04 1.00000000000000e+05 
4.62453829501401e-04 1.00000000000000e+05 
4.92168763436983e-04 1.00000000000000e+05 
5.24855190766123e-04 1.00000000000000e+05 
5.60810260828177e-04 1.00000000000000e+05 
6.00360837896436e-04 1.00000000000000e+05 
6.43866472671521e-04 1.00000000000000e+05 
6.91722670924115e-04 1.00000000000000e+05 
7.44364489001968e-04 1.00000000000000e+05 
8.02270488887607e-04 1.00000000000000e+05 
8.65967088761809e-04 1.00000000000000e+05 
9.36033348623432e-04 1.00000000000000e+05 
1.01310623447122e-03 1.00000000000000e+05 
1.09788640890378e-03 1.00000000000000e+05 
1.19114460077960e-03 1.00000000000000e+05 
1.28874595967990e-03 1.00000000000000e+05 
1.39427742078083e-03 1.00000000000000e+05 
1.50221628787619e-03 1.00000000000000e+05 
1.61553425737476e-03 1.00000000000000e+05 
1.73457348070828e-03 1.00000000000000e+05 
1.85733677968618e-03 1.00000000000000e+05 
1.98616223838876e-03 1.00000000000000e+05 
2.11872938704632e-03 1.00000000000000e+05 
2.25541689819667e-03 1.00000000000000e+05 
2.39772133018678e-03 1.00000000000000e+05 
2.54485627309096e-03 1.00000000000000e+05 
2.69657390129203e-03 1.00000000000000e+05 
2.85238267869173e-03 1.00000000000000e+05 
3.01245336052034e-03 1.00000000000000e+05 
3.17812497446091e-03 1.00000000000000e+05 
3.34903914085920e-03 1.00000000000000e+05 
3.52550659026282e-03 1.00000000000000e+05 
3.70726992321347e-03 1.00000000000000e+05 
3.89587589613552e-03 1.00000000000000e+05 
4.08975108537141e-03 1.00000000000000e+05 
4.28959471140177e-03 1.00000000000000e+05 
4.49516060408377e-03 1.00000000000000e+05 
4.70839016598714e-03 1.00000000000000e+05 
4.92856382960958e-03 1.00000000000000e+05 
5.15483884145723e-03 1.00000000000000e+05 
5.38810296190471e-03 1.00000000000000e+05 
5.62716630832453e-03 1.00000000000000e+05 
5.87020911792025e-03 1.00000000000000e+05 
6.12048301668657e-03 1.00000000000000e+05 
6.37286594506237e-03 1.00000000000000e+05 
6.63255281660172e-03 1.00000000000000e+05 
6.89402258475550e-03 1.00000000000000e+05 
7.16407888326962e-03 1.00000000000000e+05 
7.43688359574164e-03 1.00000000000000e+05 
7.71399396444494e-03 1.00000000000000e+05 
7.99382024823354e-03 1.00000000000000e+05 
8.27676476722750e-03 1.00000000000000e+05 
8.55486963386456e-03 1.00000000000000e+05 
8.82693129547624e-03 1.00000000000000e+05 
9.09434992258100e-03 1.00000000000000e+05 
9.35798204986447e-03 1.00000000000000e+05 
9.61828190541872e-03 1.00000000000000e+05 
9.87458790234745e-03 1.00000000000000e+05 
1.01275999953476e-02 1.00000000000000e+05 
1.03780906819985e-02 1.00000000000000e+05 
1.06260594936925e-02 1.00000000000000e+05 
1.08549555607541e-02 1.00000000000000e+05 
1.10600486358746e-02 1.00000000000000e+05 
1.12527947243046e-02 1.00000000000000e+05 
1.14376549781149e-02 1.00000000000000e+05 
1.16160555244820e-02 1.00000000000000e+05 
1.17893912906176e-02 1.00000000000000e+05 
1.19585465367512e-02 1.00000000000000e+05 
1.21239074181642e-02 1.00000000000000e+05 
1.22865738919243e-02 1.00000000000000e+05 
1.24467469641942e-02 1.00000000000000e+05 
1.26054874618573e-02 1.00000000000000e+05 
1.27630810565295e-02 1.00000000000000e+05 
1.29205520410676e-02 1.00000000000000e+05 
1.30780807912979e-02 1.00000000000000e+05 
1.32361973892205e-02 1.00000000000000e+05 
1.33950989823888e-02 1.00000000000000e+05 
1.35552086731861e-02 1.00000000000000e+05 
1.37173208320238e-02 1.00000000000000e+05 
1.38814664958066e-02 1.00000000000000e+05 
1.40484212352170e-02 1.00000000000000e+05 
1.42181141063015e-02 1.00000000000000e+05 
1.43911503961902e-02 1.00000000000000e+05 
1.45673293078631e-02 1.00000000000000e+05 
1.47470958216548e-02 1.00000000000000e+05 
1.49301042786151e-02 1.00000000000000e+05 
1.51166614380829e-02 1.00000000000000e+05 
1.53062831294061e-02 1.00000000000000e+05 
1.54991735340862e-02 1.00000000000000e+05 
1.56947380647051e-02 1.00000000000000e+05 
1.58931191086764e-02 1.00000000000000e+05 
1.60936519304428e-02 1.00000000000000e+05 
1.62964592918575e-02 1.00000000000000e+05 
1.65008429752356e-02 1.00000000000000e+05 
1.67069397389450e-02 1.00000000000000e+05 
1.69140454026714e-02 1.00000000000000e+05 
1.71222476239906e-02 1.00000000000000e+05 
1.73310659723769e-02 1.00000000000000e+05 
1.75404805141626e-02 1.00000000000000e+05 
1.77502336635337e-02 1.00000000000000e+05 
1.79602468971477e-02 1.00000000000000e+05 
1.81704402485282e-02 1.00000000000000e+05 
1.83807094669473e-02 1.00000000000000e+05 
1.85910846777782e-02 1.00000000000000e+05 
1.88014518401290e-02 1.00000000000000e+05 
1.90118955485195e-02 1.00000000000000e+05 
1.92223163412336e-02 1.00000000000000e+05 
1.94328292786381e-02 1.00000000000000e+05 
1.96433365314858e-02 1.00000000000000e+05 
1.98539715680114e-02 1.00000000000000e+05 
2.00646505517447e-02 1.00000000000000e+05 
2.02755110964858e-02 1.00000000000000e+05 
2.04864652220766e-02 1.00000000000000e+05 
2.06976614608839e-02 1.00000000000000e+05 
2.09089801807222e-02 1.00000000000000e+05 
2.11205958435169e-02 1.00000000000000e+05 
2.13323434791622e-02 1.00000000000000e+05 
2.15444312353791e-02 1.00000000000000e+05 
2.17566451950185e-02 1.00000000000000e+05 
2.19692321459156e-02 1.00000000000000e+05 
2.21819237228549e-02 1.00000000000000e+05 
2.23949880308073e-02 1.00000000000000e+05 
2.26081292705645e-02 1.00000000000000e+05 
2.28216002199861e-02 1.00000000000000e+05 
2.30351189086201e-02 1.00000000000000e+05 
2.32489121214571e-02 1.00000000000000e+05 
2.34627162797793e-02 1.00000000000000e+05 
2.36767473247833e-02 1.00000000000000e+05 
2.38907658215173e-02 1.00000000000000e+05 
2.41049867857539e-02 1.00000000000000e+05 
2.43191970723575e-02 1.00000000000000e+05 
2.45336107880913e-02 1.00000000000000e+05 
2.47480380058699e-02 1.00000000000000e+05 
2.49626970707580e-02 1.00000000000000e+05 
2.51774226223974e-02 1.00000000000000e+05 
2.53924383077199e-02 1.00000000000000e+05 
2.56075936661190e-02 1.00000000000000e+05 
2.58231110939894e-02 1.00000000000000e+05 
2.60388445454482e-02 1.00000000000000e+05 
2.62550142333473e-02 1.00000000000000e+05 
2.64714840395525e-02 1.00000000000000e+05 
2.66884647507812e-02 1.00000000000000e+05 
2.69058313012253e-02 1.00000000000000e+05 
2.71237828897960e-02 1.00000000000000e+05 
2.73422034522552e-02 1.00000000000000e+05 
2.75612777419439e-02 1.00000000000000e+05 
2.77808956302609e-02 1.00000000000000e+05 
2.80012253855473e-02 1.00000000000000e+05 
2.82221611699515e-02 1.00000000000000e+05 
2.84438527525010e-02 1.00000000000000e+05 
2.86661972378510e-02 1.00000000000000e+05 
2.88893238434379e-02 1.00000000000000e+05 
2.91131319237820e-02 1.00000000000000e+05 
2.93377286711997e-02 1.00000000000000e+05 
2.95630158060723e-02 1.00000000000000e+05 
2.97890773359445e-02 1.00000000000000e+05 
3.00158176074002e-02 1.00000000000000e+05 
3.02432964640924e-02 1.00000000000000e+05 
3.04714211157785e-02 1.00000000000000e+05 
3.07002266373953e-02 1.00000000000000e+05 
3.09296236944209e-02 1.00000000000000e+05 
3.11596224358614e-02 1.00000000000000e+05 
3.13901378404104e-02 1.00000000000000e+05 
3.16211560547515e-02 1.00000000000000e+05 
3.18525983527287e-02 1.00000000000000e+05 
3.20844298709886e-02 1.00000000000000e+05 
3.23165816250795e-02 1.00000000000000e+05 
3.25490067364393e-02 1.00000000000000e+05 
3.27816539752400e-02 1.00000000000000e+05 
3.30144712581549e-02 1.00000000000000e+05 
3.32474210392235e-02 1.00000000000000e+05 
3.34804528069871e-02 1.00000000000000e+05 
3.37135517025576e-02 1.00000000000000e+05 
3.39466348478117e-02 1.00000000000000e+05 
3.41797263459376e-02 1.00000000000000e+05 
3.44127121869820e-02 1.00000000000000e+05 
3.46456330234602e-02 1.00000000000000e+05 
3.48783757116697e-02 1.00000000000000e+05 
3.51109970588779e-02 1.00000000000000e+05 
3.53433939611199e-02 1.00000000000000e+05 
3.55756445025136e-02 1.00000000000000e+05 
3.58076561974407e-02 1.00000000000000e+05 
3.60395266599806e-02 1.00000000000000e+05 
3.62711717840070e-02 1.00000000000000e+05 
3.65027037575548e-02 1.00000000000000e+05 
3.67340490229434e-02 1.00000000000000e+05 
3.69653280013211e-02 1.00000000000000e+05 
3.71964723406701e-02 1.00000000000000e+05 
3.74275994221827e-02 1.00000000000000e+05 
3.76586386230406e-02 1.00000000000000e+05 
3.78896982396328e-02 1.00000000000000e+05 
3.81207087449767e-02 1.00000000000000e+05 
3.83517706277975e-02 1.00000000000000e+05 
3.85828120982339e-02 1.00000000000000e+05 
3.88139214910134e-02 1.00000000000000e+05 
3.90450311539278e-02 1.00000000000000e+05 
3.92762387101374e-02 1.00000000000000e+05 
3.95074706045507e-02 1.00000000000000e+05 
3.97388233515002e-02 1.00000000000000e+05 
3.99702157537464e-02 1.00000000000000e+05 
4.02017421705295e-02 1.00000000000000e+05 
4.04333127746213e-02 1.00000000000000e+05 
4.06650201291618e-02 1.00000000000000e+05 
4.08967657761941e-02 1.00000000000000e+05 
4.11286417670440e-02 1.00000000000000e+05 
4.13605418954085e-02 1.00000000000000e+05 
4.15925600450059e-02 1.00000000000000e+05 
4.18245852689694e-02 1.00000000000000e+05 
4.20567186953844e-02 1.00000000000000e+05 
4.22888475879916e-02 1.00000000000000e+05 
4.25210728268381e-02 1.00000000000000e+05 
4.27532736462447e-02 1.00000000000000e+05 
4.29855278955844e-02 1.00000000000000e+05 
4.32177412482076e-02 1.00000000000000e+05 
4.34499575840335e-02 1.00000000000000e+05 
4.36821125988115e-02 1.00000000000000e+05 
4.39142499874982e-02 1.00000000000000e+05 
4.41463198741567e-02 1.00000000000000e+05 
4.43783570407615e-02 1.00000000000000e+05 
4.46103290745884e-02 1.00000000000000e+05 
4.48422593437547e-02 1.00000000000000e+05 
4.50741295666124e-02 1.00000000000000e+05 
4.53059550621736e-02 1.00000000000000e+05 
4.55377253794799e-02 1.00000000000000e+05 
4.57694458255905e-02 1.00000000000000e+05 
4.60011132224697e-02 1.00000000000000e+05 
4.62327210261552e-02 1.00000000000000e+05 
4.64642758051194e-02 1.00000000000000e+05 
4.66957617824202e-02 1.00000000000000e+05 
4.69271933830573e-02 1.00000000000000e+05 
4.71585517546551e-02 1.00000000000000e+05 
4.73898530079320e-02 1.00000000000000e+05 
4.76210810456107e-02 1.00000000000000e+05 
4.78522476626519e-02 1.00000000000000e+05 
4.80833417198186e-02 1.00000000000000e+05 
4.83143691567882e-02 1.00000000000000e+05 
4.85453208158695e-02 1.00000000000000e+05 
4.87762020794513e-02 1.00000000000000e+05 
4.90070001999120e-02 1.00000000000000e+05 
4.92377278827451e-02 1.00000000000000e+05 
4.94683646278188e-02 1.00000000000000e+05 
4.96989344332264e-02 1.00000000000000e+05 
4.99294085069177e-02 1.00000000000000e+05 
5.01598205656255e-02 1.00000000000000e+05 
5.03901350492031e-02 1.00000000000000e+05 
5.06203927289112e-02 1.00000000000000e+05 
5.08505526510453e-02 1.00000000000000e+05 
5.10806627984738e-02 1.00000000000000e+05 
5.13106766321874e-02 1.00000000000000e+05 
5.15406510603635e-02 1.00000000000000e+05 
5.17705323578696e-02 1.00000000000000e+05 
5.20003875279916e-02 1.00000000000000e+05 
5.22301558918381e-02 1.00000000000000e+05 
5.24599125325338e-02 1.00000000000000e+05 
5.26895988053957e-02 1.00000000000000e+05 
5.29192900644108e-02 1.00000000000000e+05 
5.31489266199454e-02 1.00000000000000e+05 
5.33785804287774e-02 1.00000000000000e+05 
5.36081863865426e-02 1.00000000000000e+05 
5.38378167354356e-02 1.00000000000000e+05 
5.40674027097005e-02 1.00000000000000e+05 
5.42970198472130e-02 1.00000000000000e+05 
5.45266051301041e-02 1.00000000000000e+05 
5.47562262975289e-02 1.00000000000000e+05 
5.49858332894226e-02 1.00000000000000e+05 
5.52154821572829e-02 1.00000000000000e+05 
5.54451190088025e-02 1.00000000000000e+05 
5.56748033741309e-02 1.00004905305396e+05 
5.59044722701538e-02 1.00031691669100e+05 
5.61341877331687e-02 1.00104030944865e+05 
5.63638886851416e-02 1.00252066187965e+05 
5.65936479569868e-02 1.00488052997877e+05 
5.68233812008180e-02 1.00840916216134e+05 
5.70531866656824e-02 1.01313078972077e+05 
5.72829604837522e-02 1.01931504692491e+05 
5.75127619094818e-02 1.02723224392204e+05 
5.77425807656362e-02 1.03702020273852e+05 
5.79719244498904e-02 1.04882195623502e+05 
5.81991800981263e-02 1.06250115813310e+05 
5.84229080345685e-02 1.07787693177093e+05 
5.86411643258418e-02 1.09446081030947e+05 
5.88535145009320e-02 1.11182979421720e+05 
5.90601973764921e-02 1.12945594674254e+05 
5.92629026466608e-02 1.14687537192201e+05 
5.94628214415123e-02 1.16394909887083e+05 
5.96608461230033e-02 1.17973505434178e+05 
5.98557049064343e-02 1.19379221633477e+05 
6.00489328432123e-02 1.20693041801052e+05 
6.02408474149121e-02 1.21701604934998e+05 
6.04326365462364e-02 1.22479246581801e+05 
6.06242726838545e-02 1.23039340140738e+05 
6.08166863193335e-02 1.23290926512120e+05 
6.10096546485036e-02 1.23494253663831e+05 
6.12039068103506e-02 1.23635883733624e+05 
6.13991521641994e-02 1.23711192761667e+05 
6.15959709631300e-02 1.23734602954100e+05 
6.17940783136759e-02 1.23673122663454e+05 
6.19922420630234e-02 1.23545957010128e+05 
6.21901549219613e-02 1.23378063628030e+05 
6.23883440768184e-02 1.23177818933483e+05 
6.25865688883218e-02 1.22957398210601e+05 
6.27853375321441e-02 1.22713108203993e+05 
6.29844704396127e-02 1.22471367895437e+05 
6.31844513393641e-02 1.22225615921892e+05 
6.33851243811286e-02 1.21982683618858e+05 
6.35869203191069e-02 1.21746024412854e+05 
6.37896953126226e-02 1.21519597824793e+05 
6.39938300519596e-02 1.21302964688814e+05 
6.41991987543661e-02 1.21095468960934e+05 
6.44061430089671e-02 1.20895583774128e+05 
6.46133365935433e-02 1.20703382163860e+05 
6.48207198122765e-02 1.20516971822026e+05 
6.50282755614048e-02 1.20335130374050e+05 
6.52363835351455e-02 1.20154916929322e+05 
6.54450157596155e-02 1.19977575673913e+05 
6.56544883855055e-02 1.19796659797527e+05 
6.58647671353495e-02 1.19613373088498e+05 
6.60761473077861e-02 1.19427205914863e+05 
6.62885715663321e-02 1.19238240865301e+05 
6.65022956341113e-02 1.19045212777798e+05 
6.67172384865686e-02 1.18852633820707e+05 
6.69336360074108e-02 1.18657695384201e+05 
6.71513793408733e-02 1.18461110194625e+05 
6.73706894204615e-02 1.18261418282582e+05 
6.75912052098106e-02 1.18058938000709e+05 
6.78123848090820e-02 1.17855086971318e+05 
6.80342099419020e-02 1.17650155010882e+05 
6.82568851526309e-02 1.17444060962068e+05 
6.84803708730413e-02 1.17237375998368e+05 
6.87048358054645e-02 1.17029959813626e+05 
6.89302245516193e-02 1.16822212329314e+05 
6.91566702563133e-02 1.16613970148720e+05 
6.93841021228105e-02 1.16405532880317e+05 
6.96126273365456e-02 1.16196774841719e+05 
6.98421566578819e-02 1.15988012262624e+05 
7.00727738585517e-02 1.15779154458805e+05 
7.03043837645334e-02 1.15570494904568e+05 
7.05370373034703e-02 1.15362014045226e+05 
7.07706284018000e-02 1.15154021787426e+05 
7.10051846914501e-02 1.14946552409137e+05 
7.12405863531796e-02 1.14739963292991e+05 
7.14768073461119e-02 1.14534328931747e+05 
7.17136608768517e-02 1.14330031399480e+05 
7.19509972842327e-02 1.14127268188412e+05 
7.21881973033706e-02 1.13926741162768e+05 
7.24246904793990e-02 1.13728964811282e+05 
7.26601968474128e-02 1.13534230717384e+05 
7.28942855628425e-02 1.13342847554811e+05 
7.31249135462127e-02 1.13156394487646e+05 
7.33522533849088e-02 1.12974578602348e+05 
7.35771682661387e-02 1.12796543629396e+05 
7.38004486227904e-02 1.12621523500237e+05 
7.40223280839581e-02 1.12449178156366e+05 
7.42427622723737e-02 1.12279414799100e+05 
7.44623366663556e-02 1.12111640028766e+05 
7.46813069286626e-02 1.11945564565678e+05 
7.49001086506809e-02 1.11780754479438e+05 
7.51187690375078e-02 1.11617130193435e+05 
7.53376610649502e-02 1.11454352686077e+05 
7.55567293374008e-02 1.11292434159748e+05 
7.57759860238498e-02 1.11131345730645e+05 
7.59949727899636e-02 1.10971413473577e+05 
7.62140311489113e-02 1.10812394936293e+05 
7.64331120909624e-02 1.10654331628234e+05 
7.66525491494897e-02 1.10497011005353e+05 
7.68722940555639e-02 1.10340485601682e+05 
7.70926751978652e-02 1.10184564638509e+05 
7.73136530134453e-02 1.10029301569189e+05 
7.75355237497853e-02 1.09874543480613e+05 
7.77582371887877e-02 1.09720352562123e+05 
7.79817571617125e-02 1.09566804982907e+05 
7.82056984271294e-02 1.09414176799799e+05 
7.84303325966429e-02 1.09262309362526e+05 
7.86555931229078e-02 1.09111238133760e+05 
7.88817314274419e-02 1.08960792095831e+05 
7.91086763568823e-02 1.08810983334694e+05 
7.93366551181657e-02 1.08661626463750e+05 
7.95655947699511e-02 1.08512705732481e+05 
7.97956887711908e-02 1.08364035670012e+05 
8.00268583207638e-02 1.08215590415056e+05 
8.02592610269395e-02 1.08067197404736e+05 
8.04928100211755e-02 1.07918840937946e+05 
8.07275984873690e-02 1.07770403446460e+05 
8.09631910362815e-02 1.07622119838989e+05 
8.11997062681295e-02 1.07473896298762e+05 
8.14370635207281e-02 1.07325794221752e+05 
8.16753663739945e-02 1.07177787336969e+05 
8.19145179688781e-02 1.07030012238605e+05 
8.21544324132464e-02 1.06882619657624e+05 
8.23949772517313e-02 1.06735796116820e+05 
8.26362685448636e-02 1.06589589869887e+05 
8.28781973717044e-02 1.06444224455122e+05 
8.31208848579828e-02 1.06299716112709e+05 
8.33642345277074e-02 1.06156285149453e+05 
8.36083693023812e-02 1.06013895965685e+05 
8.38532071996204e-02 1.05872723797732e+05 
8.40988736929966e-02 1.05732669606287e+05 
8.43452952139453e-02 1.05593864420299e+05 
8.45923448367012e-02 1.05456286998094e+05 
8.48399116319741e-02 1.05320063297513e+05 
8.50881303427459e-02 1.05184969037991e+05 
8.53369392842297e-02 1.05051101030056e+05 
8.55864673470995e-02 1.04918215454269e+05 
8.58366494308269e-02 1.04786414123185e+05 
8.60876088788862e-02 1.04655468966408e+05 
8.63392771806679e-02 1.04525497687430e+05 
8.65917697224042e-02 1.04396306838731e+05 
8.68450285133995e-02 1.04268035672794e+05 
8.70991329237346e-02 1.04140545538531e+05 
8.73540439356972e-02 1.04013991465940e+05 
8.76097983682876e-02 1.03888298511015e+05 
8.78659836241745e-02 1.03763827635286e+05 
8.81225786134280e-02 1.03640553055579e+05 
8.83795840121795e-02 1.03518642533232e+05 
8.86369930362863e-02 1.03398071054327e+05 
8.88948126508910e-02 1.03279049413590e+05 
8.91530575002859e-02 1.03161552386555e+05 
8.94117334165364e-02 1.03045820116177e+05 
8.96709068350117e-02 1.02931771122490e+05 
8.99305730563679e-02 1.02819670286938e+05 
9.01908577798789e-02 1.02709382737679e+05 
9.04517455168754e-02 1.02601165608472e+05 
9.07134027086831e-02 1.02494896482464e+05 
9.09758152737842e-02 1.02390899386105e+05 
9.12391751048561e-02 1.02289048769947e+05 
9.15034681563559e-02 1.02189640918057e+05 
9.17688722109618e-02 1.02092579141829e+05 
9.20353443521761e-02 1.01998271953986e+05 
9.23030020176691e-02 1.01906607587070e+05 
9.25713540481629e-02 1.01818140588310e+05 
9.28403241307662e-02 1.01733066300596e+05 
9.31093264012528e-02 1.01651877561068e+05 
9.33792114225890e-02 1.01574554539319e+05 
9.36492490287284e-02 1.01502682974271e+05 
9.39201510626640e-02 1.01435675357502e+05 
9.41914629012159e-02 1.01376581097323e+05 
9.44634218616721e-02 1.01325967545713e+05 
9.47359665757077e-02 1.01283183403949e+05 
9.50090765627761e-02 1.01249789027144e+05 
9.52828364616579e-02 1.01240369242739e+05 
9.55571792526490e-02 1.01254000231788e+05 
9.58315948333037e-02 1.01267466391436e+05 
9.61060267777676e-02 1.01290122024155e+05 
9.63805810573444e-02 1.01343406666305e+05 
9.66552024078925e-02 1.01432778574873e+05 
9.69299906251483e-02 1.01555184960793e+05 
9.72048995233949e-02 1.01708269143923e+05 
9.74800224640445e-02 1.01894706501191e+05 
9.77553191983344e-02 1.02117152512146e+05 
9.80308782603831e-02 1.02369189384795e+05 
9.83066654574325e-02 1.02652428852512e+05 
9.85827606814679e-02 1.02955780353488e+05 
9.88591310131349e-02 1.03272261708057e+05 
9.91358423768222e-02 1.03599364407197e+05 
9.94128622470720e-02 1.03925332423089e+05 
9.96902446323481e-02 1.04244602468663e+05 
9.99679542275063e-02 1.04550436465608e+05 
1.00246040145502e-01 1.04829008252986e+05 
1.00524463179329e-01 1.05081385601949e+05 
1.00803273483082e-01 1.05285431817553e+05 
1.01082423624891e-01 1.05446857227401e+05 
1.01361964465511e-01 1.05561694597263e+05 
1.01641844550978e-01 1.05655608843782e+05 
1.01922114215762e-01 1.05720696194367e+05 
1.02202723101163e-01 1.05755052746110e+05 
1.02483717633253e-01 1.05765297918860e+05 
1.02765052501237e-01 1.05745641610117e+05 
1.03046692239519e-01 1.05714979797333e+05 
1.03328707315251e-01 1.05670849764690e+05 
1.03610982574009e-01 1.05620086165995e+05 
1.03893649516804e-01 1.05567141609760e+05 
1.04176596358158e-01 1.05516073643102e+05 
1.04459951155237e-01 1.05468989454513e+05 
1.04743584446958e-01 1.05427996295177e+05 
1.05027615351412e-01 1.05392031174623e+05 
1.05311914182005e-01 1.05361926964468e+05 
1.05596607343190e-01 1.05336899886944e+05 
1.05881576346965e-01 1.05316477488548e+05 
1.06166944154142e-01 1.05298952640011e+05 
1.06452591599060e-01 1.05284040319481e+05 
1.06738632251237e-01 1.05269470938223e+05 
1.07024950940590e-01 1.05254553441421e+05 
1.07311654836036e-01 1.05237425869677e+05 
1.07598638124422e-01 1.05219581492759e+05 
1.07885933058386e-01 1.05195981548543e+05 
1.08173439561666e-01 1.05163400807007e+05 
1.08461217906940e-01 1.05126451358416e+05 
1.08749196493143e-01 1.05081475667581e+05 
1.09037425973627e-01 1.05028625134587e+05 
1.09325834304222e-01 1.04972512034815e+05 
1.09614475331755e-01 1.04912226416958e+05 
1.09903283018883e-01 1.04843038100715e+05 
1.10192318482339e-01 1.04764672937075e+05 
1.10481520582664e-01 1.04675898684063e+05 
1.10770952800866e-01 1.04577949171887e+05 
1.11060562189909e-01 1.04473544264897e+05 
1.11350410048273e-01 1.04364599389869e+05 
1.11640452987223e-01 1.04252692111245e+05 
1.11930749535709e-01 1.04139341509081e+05 
1.12221265522363e-01 1.04025854516128e+05 
1.12512056816394e-01 1.03913854951883e+05 
1.12803096217678e-01 1.03804466399663e+05 
1.13094381332758e-01 1.03699495220660e+05 
1.13385829267394e-01 1.03600502153291e+05 
1.13677551698725e-01 1.03509984817197e+05 
1.13969489064451e-01 1.03429312721775e+05 
1.14261755303892e-01 1.03362180463557e+05 
1.14554301466658e-01 1.03309656651928e+05 
1.14847241792602e-01 1.03276761008245e+05 
1.15140512159700e-01 1.03264398322330e+05 
1.15434215587142e-01 1.03277393406496e+05 
1.15728276678326e-01 1.03316236448721e+05 
1.16022805059524e-01 1.03384694373709e+05 
1.16317722962284e-01 1.03482852483475e+05 
1.16613132617998e-01 1.03613006158295e+05 
1.16908940040429e-01 1.03774905062439e+05 
1.17205234342154e-01 1.03969180984113e+05 
1.17501928073358e-01 1.04192497536637e+05 
1.17799112716313e-01 1.04443881040313e+05 
1.18096710721752e-01 1.04717774334842e+05 
1.18394725689648e-01 1.05011153871529e+05 
1.18692413524781e-01 1.05315672411711e+05 
1.18989953968651e-01 1.05626961502130e+05 
1.19287231263941e-01 1.05937029834052e+05 
1.19583341178524e-01 1.06239980832403e+05 
1.19880024639289e-01 1.06529729914734e+05 
1.20174818661963e-01 1.06799925925612e+05 
1.20468402553199e-01 1.07045752241420e+05 
1.20759555014751e-01 1.07263802541010e+05 
1.21049160646147e-01 1.07451005856721e+05 
1.21336360662948e-01 1.07607535487947e+05 
1.21622104466226e-01 1.07731184414547e+05 
1.21906499663974e-01 1.07824385668834e+05 
1.22191342827080e-01 1.07889495123931e+05 
1.22475206592793e-01 1.07930662351562e+05 
1.22758930507286e-01 1.07949053682827e+05 
1.23042083909025e-01 1.07953955311348e+05 
1.23325279718304e-01 1.07940961294125e+05 
1.23610221237709e-01 1.07934678698317e+05 
1.23895108330284e-01 1.07926154502067e+05 
1.24179703330824e-01 1.07921450605000e+05 
1.24464463913363e-01 1.07910917993131e+05 
1.24749105242840e-01 1.07890746849832e+05 
1.25033844376798e-01 1.07876951421852e+05 
1.25318517622589e-01 1.07896587178095e+05 
1.25603324077831e-01 1.07961875979826e+05 
1.25887578456694e-01 1.08094591117070e+05 
1.26168490946152e-01 1.08290675203194e+05 
1.26444410166328e-01 1.08546370997357e+05 
1.26718050288445e-01 1.08860670852921e+05 
1.26991362058494e-01 1.09241184196032e+05 
1.27262634751480e-01 1.09684249645664e+05 
1.27532357715263e-01 1.10171469652729e+05 
1.27801672983627e-01 1.10703084267149e+05 
1.28070672422559e-01 1.11281116096272e+05 
1.28339086441870e-01 1.11894156899183e+05 
1.28607207176578e-01 1.12536509583182e+05 
1.28875259945268e-01 1.13194795752871e+05 
1.29143366218087e-01 1.13864292520319e+05 
1.29411921601742e-01 1.14528036157856e+05 
1.29680329998835e-01 1.15174308199065e+05 
1.29948985397097e-01 1.15796797434079e+05 
1.30218063166141e-01 1.16379927499173e+05 
1.30487844443105e-01 1.16919356061666e+05 
1.30757997496093e-01 1.17407663051809e+05 
1.31028266777121e-01 1.17837020518891e+05 
1.31298704962989e-01 1.18201112473163e+05 
1.31569370358915e-01 1.18494390943812e+05 
1.31840246294617e-01 1.18732832948687e+05 
1.32111350630902e-01 1.18860731231196e+05 
1.32382525008640e-01 1.18904383546535e+05 
1.32653841156030e-01 1.18891647599466e+05 
1.32925299670801e-01 1.18818858010682e+05 
1.33196954447628e-01 1.18746234047458e+05 
1.33468825263488e-01 1.18665554977620e+05 
1.33740934600610e-01 1.18572093684364e+05 
1.34013306867515e-01 1.18468267723149e+05 
1.34285877797026e-01 1.18353605762175e+05 
1.34558612339112e-01 1.18227866701911e+05 
1.34831580852189e-01 1.18091110015484e+05 
1.35104751792926e-01 1.17947662020939e+05 
1.35378164383861e-01 1.17796755614798e+05 
1.35651802841595e-01 1.17641133403830e+05 
1.35925634546353e-01 1.17479153662886e+05 
1.36199559049682e-01 1.17312818308301e+05 
1.36473575068134e-01 1.17140898068734e+05 
1.36747737874331e-01 1.16964841483010e+05 
1.37022088836321e-01 1.16783341807806e+05 
1.37296312678356e-01 1.16597461139501e+05 
1.37570544861985e-01 1.16405798449629e+05 
1.37844830311684e-01 1.16209170966723e+05 
1.38119364393319e-01 1.16006057723859e+05 
1.38394137883475e-01 1.15797074514121e+05 
1.38669230971736e-01 1.15581916533584e+05 
1.38944657573739e-01 1.15360316585667e+05 
1.39220445522349e-01 1.15132738523863e+05 
1.39496616869157e-01 1.14898820590404e+05 
1.39773154933737e-01 1.14661044739381e+05 
1.40050122742608e-01 1.14416910818942e+05 
1.40327478602148e-01 1.14168003379430e+05 
1.40605274950641e-01 1.13915817641309e+05 
1.40883213288795e-01 1.13659388739771e+05 
1.41161365854505e-01 1.13401722052174e+05 
1.41439597426554e-01 1.13142193522993e+05 
1.41718113297980e-01 1.12881101380293e+05 
1.41997112712938e-01 1.12622133470231e+05 
1.42276574155539e-01 1.12362002652621e+05 
1.42556582375197e-01 1.12101836992972e+05 
1.42837064786490e-01 1.11842633077671e+05 
1.43118087520356e-01 1.11584427500645e+05 
1.43399571965700e-01 1.11328359021952e+05 
1.43681605403461e-01 1.11073745103639e+05 
1.43964097924784e-01 1.10821577871525e+05 
1.44247150487083e-01 1.10570989379386e+05 
1.44530656503856e-01 1.10322942938688e+05 
1.44814700537208e-01 1.10076732584615e+05 
1.45099174056626e-01 1.09833283133516e+05 
1.45384131881953e-01 1.09591842683137e+05 
1.45669482769774e-01 1.09353539717638e+05 
1.45955198894073e-01 1.09117197260366e+05 
1.46241136554314e-01 1.08883932989363e+05 
1.46527311854517e-01 1.08653013646367e+05 
1.46813701133299e-01 1.08425447560876e+05 
1.47100299795361e-01 1.08200800619010e+05 
1.47387086569460e-01 1.07979170440145e+05 
1.47674061804982e-01 1.07760627593529e+05 
1.47961235518560e-01 1.07546265186524e+05 
1.48248621819633e-01 1.07335648355745e+05 
1.48536254248251e-01 1.07131603479253e+05 
1.48824127052477e-01 1.06928112095653e+05 
1.49112283076489e-01 1.06731602209343e+05 
1.49400696099567e-01 1.06536930126778e+05 
1.49689419377039e-01 1.06348881514436e+05 
1.49978441374221e-01 1.06171452103028e+05 
1.50267788183369e-01 1.05999792614047e+05 
1.50557456834120e-01 1.05835222871156e+05 
1.50847414995646e-01 1.05684781262906e+05 
1.51137647556353e-01 1.05552550518637e+05 
1.51428091519992e-01 1.05433778819125e+05 
1.51718392832604e-01 1.05326287948448e+05 
1.52008707098709e-01 1.05229298952846e+05 
1.52298804316732e-01 1.05148066645713e+05 
1.52588871033726e-01 1.05090208154232e+05 
1.52878722157080e-01 1.05051052109163e+05 
1.53168465163000e-01 1.05036059278309e+05 
1.53457031608673e-01 1.05045692140531e+05 
1.53744481224135e-01 1.05083558971542e+05 
1.54030326820040e-01 1.05140552970061e+05 
1.54314770410585e-01 1.05228082421147e+05 
1.54598019519673e-01 1.05333115456577e+05 
1.54879766902408e-01 1.05457654322265e+05 
1.55160044018120e-01 1.05592559628773e+05 
1.55439471565206e-01 1.05734185412276e+05 
1.55718213704202e-01 1.05878181350725e+05 
1.55996022165685e-01 1.06018042519381e+05 
1.56273225977486e-01 1.06147769405382e+05 
1.56550150419995e-01 1.06262087839192e+05 
1.56826971749899e-01 1.06356206931590e+05 
1.57103325918327e-01 1.06437302611764e+05 
1.57379652257680e-01 1.06484392431106e+05 
1.57655921043803e-01 1.06497581171355e+05 
1.57932507813889e-01 1.06477439232542e+05 
1.58209362956071e-01 1.06442637199531e+05 
1.58486571354882e-01 1.06398989808798e+05 
1.58764044224839e-01 1.06318783112037e+05 
1.59041818418292e-01 1.06207399813962e+05 
1.59319910464149e-01 1.06068302674892e+05 
1.59598283443348e-01 1.05899046245291e+05 
1.59877226690474e-01 1.05706863042381e+05 
1.60156616386070e-01 1.05496721126311e+05 
1.60436741818966e-01 1.05269729805717e+05 
1.60717402299332e-01 1.05030436393217e+05 
1.60998856161387e-01 1.04776441674612e+05 
1.61280861977540e-01 1.04519658620040e+05 
1.61563663330907e-01 1.04258570546769e+05 
1.61847004186992e-01 1.03997419980373e+05 
1.62131118587987e-01 1.03733980335709e+05 
1.62415765216135e-01 1.03471722964581e+05 
1.62701156643760e-01 1.03207904467374e+05 
1.62987066014277e-01 1.02944420933174e+05 
1.63273695012974e-01 1.02681083659418e+05 
1.63560825799679e-01 1.02416147058269e+05 
1.63848654286140e-01 1.02151833700247e+05 
1.64137003263437e-01 1.01886573531009e+05 
1.64426029997455e-01 1.01621217213543e+05 
1.64715566643453e-01 1.01356688484175e+05 
1.65005730848623e-01 1.01092092999907e+05 
1.65296119039402e-01 1.00828419535589e+05 
1.65586136042662e-01 1.00565701344414e+05 
1.65875754067284e-01 1.00304614107167e+05 
1.66165277752070e-01 1.00044393054670e+05 
1.66454621168888e-01 9.97859249052018e+04 
1.66744055030728e-01 9.95285114789172e+04 
1.67033409761380e-01 9.92730779360482e+04 
1.67323058837897e-01 9.90189311700025e+04 
1.67613580554894e-01 9.87662152818457e+04 
1.67904182841583e-01 9.85153532956673e+04 
1.68194922383865e-01 9.82667849538226e+04 
1.68485733249070e-01 9.80203314331766e+04 
1.68776596845034e-01 9.77764331010819e+04 
1.69067601168319e-01 9.75347440970017e+04 
1.69358755899933e-01 9.72957120660583e+04 
1.69650111036678e-01 9.70589702962062e+04 
1.69941583853742e-01 9.68249449768993e+04 
1.70234187621615e-01 9.65925874738898e+04 
1.70526811659406e-01 9.63629884223977e+04 
1.70819553808945e-01 9.61359069179067e+04 
1.71112308340862e-01 9.59114801570085e+04 
1.71405166731819e-01 9.56895389925976e+04 
1.71699337344168e-01 9.54692156579993e+04 
1.71993505233403e-01 9.52514591073385e+04 
1.72288001305337e-01 9.50361680446502e+04 
1.72584256412871e-01 9.48221366531042e+04 
1.72881139790368e-01 9.46106185229376e+04 
1.73178180656416e-01 9.44015897562246e+04 
1.73475832213600e-01 9.41954636193578e+04 
1.73773477826609e-01 9.39921231547135e+04 
1.74071064926102e-01 9.37925671937197e+04 
1.74370283618005e-01 9.35950492057568e+04 
1.74669541423906e-01 9.34016490560099e+04 
1.74968725762013e-01 9.32118064517581e+04 
1.75267952565744e-01 9.30263830881464e+04 
1.75567118228860e-01 9.28449414164255e+04 
1.75866322019233e-01 9.26681452254025e+04 
1.76165480516988e-01 9.24955775883628e+04 
1.76464672937663e-01 9.23278557062531e+04 
1.76763813171250e-01 9.21644528815536e+04 
1.77062965722661e-01 9.20059852613835e+04 
1.77362000063990e-01 9.18517639032942e+04 
1.77661048577207e-01 9.17022663909283e+04 
1.77959993368267e-01 9.15565964654438e+04 
1.78258999423207e-01 9.14150836892337e+04 
1.78557941066908e-01 9.12766706638646e+04 
1.78856963831275e-01 9.11415849644114e+04 
1.79155950018769e-01 9.10087524202584e+04 
1.79455026311623e-01 9.08782594230844e+04 
1.79754096461924e-01 9.07490715182430e+04 
1.80053259912382e-01 9.06213173016047e+04 
1.80352430062140e-01 9.04940516438094e+04 
1.80651704511406e-01 9.03674537803371e+04 
1.80950990257148e-01 9.02406255318731e+04 
1.81250389021795e-01 9.01139302149684e+04 
1.81549817365548e-01 8.99864554353956e+04 
1.81849344410857e-01 8.98587117154107e+04 
1.82148903506919e-01 8.97299325834387e+04 
1.82448548342617e-01 8.96008089536807e+04 
1.82749328697090e-01 8.94702147190805e+04 
1.83050211943998e-01 8.93395095116710e+04 
1.83351183809616e-01 8.92082012325457e+04 
1.83652233520480e-01 8.90772630311157e+04 
1.83953380670491e-01 8.89464185409253e+04 
1.84254597206065e-01 8.88164670701334e+04 
1.84555901373504e-01 8.86874455368470e+04 
1.84857264234765e-01 8.85598896476099e+04 
1.85158684561986e-01 8.84340220933419e+04 
1.85460079041053e-01 8.83093197293557e+04 
1.85761365242053e-01 8.81882184033601e+04 
1.86062501327822e-01 8.80701923862777e+04 
1.86363081916741e-01 8.79558236735741e+04 
1.86663069793671e-01 8.78447704494798e+04 
1.86962216381538e-01 8.77388678689241e+04 
1.87260451946292e-01 8.76347358516565e+04 
1.87557656082388e-01 8.75345121475418e+04 
1.87853864961750e-01 8.74388772472547e+04 
1.88148965151759e-01 8.73452445849540e+04 
1.88443096174065e-01 8.72557754000151e+04 
1.88736153858464e-01 8.71696350687286e+04 
1.89028336870381e-01 8.70875751444526e+04 
1.89319549704435e-01 8.70087683000527e+04 
1.89610036747189e-01 8.69341914385579e+04 
1.89899724738305e-01 8.68629452537499e+04 
1.90188876790060e-01 8.67960402879671e+04 
1.90477441043149e-01 8.67332911305598e+04 
1.90765466223031e-01 8.66742643696393e+04 
1.91052712153671e-01 8.66202003040424e+04 
1.91339033915353e-01 8.65702443216298e+04 
1.91624670759290e-01 8.65252757381837e+04 
1.91909579949371e-01 8.64842861017847e+04 
1.92194011266695e-01 8.64467408811791e+04 
1.92477940128162e-01 8.64128995318807e+04 
1.92761604911322e-01 8.63824613925132e+04 
1.93044992703786e-01 8.63554529131483e+04 
1.93328278771939e-01 8.63311483950069e+04 
1.93611306683534e-01 8.63097144778378e+04 
1.93894211076333e-01 8.62920563076726e+04 
1.94177077871977e-01 8.62770920223836e+04 
1.94460023336290e-01 8.62648894846760e+04 
1.94743110071305e-01 8.62547243672023e+04 
1.95026428609690e-01 8.62464448951770e+04 
1.95310027578414e-01 8.62411195218570e+04 
1.95593953918973e-01 8.62401012606530e+04 
1.95878243573010e-01 8.62418519670975e+04 
1.96162823386202e-01 8.62457202464267e+04 
1.96447740141408e-01 8.62523689761111e+04 
1.96733025113768e-01 8.62582762940648e+04 
1.97018708108251e-01 8.62645747645297e+04 
1.97304807154219e-01 8.62736017251250e+04 
1.97591337046580e-01 8.62860883495364e+04 
1.97878313360325e-01 8.63036022428415e+04 
1.98165746169874e-01 8.63247944520781e+04 
1.98453655574621e-01 8.63497890609762e+04 
1.98742053737514e-01 8.63783470247537e+04 
1.99030963597604e-01 8.64109318007539e+04 
1.99320393509329e-01 8.64469938409972e+04 
1.99610369637127e-01 8.64870748355839e+04 
1.99900893127179e-01 8.65308492000112e+04 
2.00192024569571e-01 8.65790019988610e+04 
