# Liste des scalaires : TEMPS pmat 
0.00000000000000e+00 1.00000000000000e+05 
7.22956891292051e-05 1.00000000000000e+05 
1.28690276233908e-04 1.00000000000000e+05 
1.86377997805876e-04 1.00000000000000e+05 
2.47658979721133e-04 1.00000000000000e+05 
3.10893151256775e-04 1.00000000000000e+05 
3.79497445391425e-04 1.00000000000000e+05 
4.49183914922424e-04 1.00000000000000e+05 
5.17427320587249e-04 1.00000000000000e+05 
5.87308110940330e-04 1.00000000000000e+05 
6.58925565449670e-04 1.00000000000000e+05 
7.32536456740782e-04 1.00000000000000e+05 
8.13508437161005e-04 1.00000000000000e+05 
9.02577615623251e-04 1.00000000000000e+05 
1.00055371193172e-03 1.00000000000000e+05 
1.10832741787104e-03 1.00000000000000e+05 
1.22241445838206e-03 1.00000000000000e+05 
1.31867377556010e-03 1.00000000000000e+05 
1.42022796337354e-03 1.00000000000000e+05 
1.52596412618222e-03 1.00000000000000e+05 
1.64026095698318e-03 1.00000000000000e+05 
1.74492383631819e-03 1.00000000000000e+05 
1.85273344538173e-03 1.00000000000000e+05 
1.96417082364216e-03 1.00000000000000e+05 
2.07922635830048e-03 1.00000000000000e+05 
2.19829409898869e-03 1.00000000000000e+05 
2.32132974769394e-03 1.00000000000000e+05 
2.44858341496043e-03 1.00000000000000e+05 
2.57991377988113e-03 1.00000000000000e+05 
2.71527890784202e-03 1.00000000000000e+05 
2.85448060838742e-03 1.00000000000000e+05 
2.99754196772469e-03 1.00000000000000e+05 
3.14421949750806e-03 1.00000000000000e+05 
3.29436695278113e-03 1.00000000000000e+05 
3.44768646770638e-03 1.00000000000000e+05 
3.60399501172481e-03 1.00000000000000e+05 
3.77593441014509e-03 1.00000000000000e+05 
3.95480553411027e-03 1.00000000000000e+05 
4.13730159303615e-03 1.00000000000000e+05 
4.32478969446995e-03 1.00000000000000e+05 
4.51546449570296e-03 1.00000000000000e+05 
4.71132248744556e-03 1.00000000000000e+05 
4.91057568787051e-03 1.00000000000000e+05 
5.11499547729032e-03 1.00000000000000e+05 
5.32333639439556e-03 1.00000000000000e+05 
5.53695883113294e-03 1.00000000000000e+05 
5.75510301969360e-03 1.00000000000000e+05 
5.97957040158261e-03 1.00000000000000e+05 
6.20758301423177e-03 1.00000000000000e+05 
6.43957271807856e-03 1.00000000000000e+05 
6.67419397969311e-03 1.00000000000000e+05 
6.91412053829416e-03 1.00000000000000e+05 
7.15852704659842e-03 1.00000000000000e+05 
7.40609791434980e-03 1.00000000000000e+05 
7.60251791997692e-03 1.00000000000000e+05 
7.80112591150619e-03 1.00000000000000e+05 
8.00297505781370e-03 1.00000000000000e+05 
8.20885333473569e-03 1.00000000000000e+05 
8.42076324094654e-03 1.00000000000000e+05 
8.63192720690632e-03 1.00000000000000e+05 
8.83318701321652e-03 1.00000000000000e+05 
9.02102407760955e-03 1.00000000000000e+05 
9.20271192513986e-03 1.00000000000000e+05 
9.37417696576530e-03 1.00000000000000e+05 
9.54231993693926e-03 1.00000000000000e+05 
9.70271562380469e-03 1.00000000000000e+05 
9.86101698897237e-03 1.00000000000000e+05 
1.00134600325450e-02 1.00000000000000e+05 
1.01642792940139e-02 1.00000000000000e+05 
1.03123248095008e-02 1.00000000000000e+05 
1.04589741954991e-02 1.00000000000000e+05 
1.06039445549240e-02 1.00000000000000e+05 
1.07482764356352e-02 1.00000000000000e+05 
1.08911839639983e-02 1.00000000000000e+05 
1.10338629215255e-02 1.00000000000000e+05 
1.11753034702585e-02 1.00000000000000e+05 
1.13167497749634e-02 1.00000000000000e+05 
1.14571679827980e-02 1.00000000000000e+05 
1.15871662143150e-02 1.00000000000000e+05 
1.17165702416251e-02 1.00000000000000e+05 
1.18456314711823e-02 1.00000000000000e+05 
1.19746255626970e-02 1.00000000000000e+05 
1.21036640716996e-02 1.00000000000000e+05 
1.22324964931578e-02 1.00000000000000e+05 
1.23603685347240e-02 1.00000000000000e+05 
1.24877776106222e-02 1.00000000000000e+05 
1.26147751952064e-02 1.00000000000000e+05 
1.27416782009587e-02 1.00000000000000e+05 
1.28684744619423e-02 1.00000000000000e+05 
1.29953550776274e-02 1.00000000000000e+05 
1.31222892983271e-02 1.00000000000000e+05 
1.32493841897663e-02 1.00000000000000e+05 
1.33765695298972e-02 1.00000000000000e+05 
1.35039855781867e-02 1.00000000000000e+05 
1.36315263628952e-02 1.00000000000000e+05 
1.37593339816462e-02 1.00000000000000e+05 
1.38872937863439e-02 1.00000000000000e+05 
1.40155367089297e-02 1.00000000000000e+05 
1.41439456141375e-02 1.00000000000000e+05 
1.42726374149158e-02 1.00000000000000e+05 
1.44015022690528e-02 1.00000000000000e+05 
1.45306406728474e-02 1.00000000000000e+05 
1.46599566581759e-02 1.00000000000000e+05 
1.47895333554293e-02 1.00000000000000e+05 
1.49192900704807e-02 1.00000000000000e+05 
1.50492953693662e-02 1.00000000000000e+05 
1.51794805416109e-02 1.00000000000000e+05 
1.53099024979475e-02 1.00000000000000e+05 
1.54461100351205e-02 1.00000000000000e+05 
1.55821733829711e-02 1.00000000000000e+05 
1.57184620412660e-02 1.00000000000000e+05 
1.58546221544701e-02 1.00000000000000e+05 
1.59909436122815e-02 1.00000000000000e+05 
1.61271964485355e-02 1.00000000000000e+05 
1.62635781933298e-02 1.00000000000000e+05 
1.63999326264206e-02 1.00000000000000e+05 
1.65363939746251e-02 1.00000000000000e+05 
1.66728691164341e-02 1.00000000000000e+05 
1.68097070397798e-02 1.00000000000000e+05 
1.69464196641767e-02 1.00000000000000e+05 
1.70838132414802e-02 1.00000000000000e+05 
1.72210107440100e-02 1.00000000000000e+05 
1.73588085531217e-02 1.00000000000000e+05 
1.74964312043561e-02 1.00000000000000e+05 
1.76345450592815e-02 1.00000000000000e+05 
1.77725168811961e-02 1.00000000000000e+05 
1.79109055887444e-02 1.00000000000000e+05 
1.80445446228461e-02 1.00000000000000e+05 
1.81831244346700e-02 1.00000000000000e+05 
1.83216201923396e-02 1.00000000000000e+05 
1.84605048919707e-02 1.00000000000000e+05 
1.85992988728257e-02 1.00000000000000e+05 
1.87384712858729e-02 1.00000000000000e+05 
1.88775163116367e-02 1.00000000000000e+05 
1.90169632449707e-02 1.00000000000000e+05 
1.91562762761375e-02 1.00000000000000e+05 
1.92960097917824e-02 1.00000000000000e+05 
1.94356090043373e-02 1.00000000000000e+05 
1.95756444851444e-02 1.00000000000000e+05 
1.97155373963269e-02 1.00000000000000e+05 
1.98558821566469e-02 1.00000000000000e+05 
1.99960738304819e-02 1.00000000000000e+05 
2.01367323201533e-02 1.00000000000000e+05 
2.02772652212724e-02 1.00000000000000e+05 
2.04182659145292e-02 1.00000000000000e+05 
2.05590854180223e-02 1.00000000000000e+05 
2.07003974709679e-02 1.00000000000000e+05 
2.08415410377774e-02 1.00000000000000e+05 
2.09831852241193e-02 1.00000000000000e+05 
2.11246010043926e-02 1.00000000000000e+05 
2.12665446306115e-02 1.00000000000000e+05 
2.14082750797672e-02 1.00000000000000e+05 
2.15501401371797e-02 1.00000000000000e+05 
2.16879772886420e-02 1.00000000000000e+05 
2.18257665909776e-02 1.00000000000000e+05 
2.19639201687130e-02 1.00000000000000e+05 
2.21020448505483e-02 1.00000000000000e+05 
2.22406285652147e-02 1.00000000000000e+05 
2.23792007761669e-02 1.00000000000000e+05 
2.25183255512828e-02 1.00000000000000e+05 
2.26576582779044e-02 1.00000000000000e+05 
2.27976504287817e-02 1.00000000000000e+05 
2.29377258212948e-02 1.00000000000000e+05 
2.30784927018185e-02 1.00000000000000e+05 
2.32197133109288e-02 1.00000000000000e+05 
2.33617288356277e-02 1.00000000000000e+05 
2.35044887567522e-02 1.00000000000000e+05 
2.36472459306398e-02 1.00000000000000e+05 
2.37912738442047e-02 1.00000000000000e+05 
2.39342256198437e-02 1.00000000000000e+05 
2.40784516349329e-02 1.00000000000000e+05 
2.42215871335800e-02 1.00000000000000e+05 
2.43659948168593e-02 1.00000000000000e+05 
2.45092907588500e-02 1.00000000000000e+05 
2.46538538172434e-02 1.00000000000000e+05 
2.47972903774906e-02 1.00000000000000e+05 
2.49419938718902e-02 1.00000000000000e+05 
2.50855595446397e-02 1.00000000000000e+05 
2.52303921549101e-02 1.00000000000000e+05 
2.53740684260075e-02 1.00000000000000e+05 
2.55190057506687e-02 1.00000000000000e+05 
2.56627829539683e-02 1.00000000000000e+05 
2.58078299883810e-02 1.00000000000000e+05 
2.59517042850564e-02 1.00000000000000e+05 
2.60968475713236e-02 1.00000000000000e+05 
2.62408090634174e-02 1.00000000000000e+05 
2.63860473317410e-02 1.00000000000000e+05 
2.65301073553085e-02 1.00000000000000e+05 
2.66754617970697e-02 1.00000000000000e+05 
2.68196272873496e-02 1.00000000000000e+05 
2.69650931077274e-02 1.00000000000000e+05 
2.71093686880066e-02 1.00000000000000e+05 
2.72549626443575e-02 1.00000000000000e+05 
2.73993527698200e-02 1.00000000000000e+05 
2.75450688216703e-02 1.00000000000000e+05 
2.76895696471490e-02 1.00000000000000e+05 
2.78354119983559e-02 1.00000000000000e+05 
2.79800377052751e-02 1.00000000000000e+05 
2.81260292923819e-02 1.00000000000000e+05 
2.82707942208991e-02 1.00000000000000e+05 
2.84169432282965e-02 1.00000000000000e+05 
2.85618420501573e-02 1.00000000000000e+05 
2.87081408540085e-02 1.00000000000000e+05 
2.88531800824350e-02 1.00000000000000e+05 
2.89913483046499e-02 1.00000000000000e+05 
2.91221380178322e-02 1.00000000000000e+05 
2.92529307007169e-02 1.00000000000000e+05 
2.93836941377300e-02 1.00000000000000e+05 
2.95144600194479e-02 1.00000000000000e+05 
2.96452002591595e-02 1.00000000000000e+05 
2.97759760361304e-02 1.00000000000000e+05 
2.99066237638568e-02 1.00000000000000e+05 
3.00370590964676e-02 1.00000000000000e+05 
3.01674062184900e-02 1.00000000000000e+05 
3.02975992603751e-02 1.00000000000000e+05 
3.04278036332497e-02 1.00000000000000e+05 
3.05579103542176e-02 1.00000000000000e+05 
3.06881215350174e-02 1.00000000000000e+05 
3.08182722006803e-02 1.00000000000000e+05 
3.09486126148400e-02 1.00000000000000e+05 
3.10789108883893e-02 1.00000000000000e+05 
3.12094835908504e-02 1.00000000000000e+05 
3.13400207047737e-02 1.00000000000000e+05 
3.14708989944040e-02 1.00000000000000e+05 
3.16018498233328e-02 1.00000000000000e+05 
3.17332612580192e-02 1.00000000000000e+05 
3.18646873867463e-02 1.00000000000000e+05 
3.19965975432363e-02 1.00000000000000e+05 
3.21284699911266e-02 1.00000000000000e+05 
3.22608061246119e-02 1.00000000000000e+05 
3.23934742432256e-02 1.00000000000000e+05 
3.25267540144388e-02 1.00000000000000e+05 
3.26604635369066e-02 1.00000000000000e+05 
3.27947821527714e-02 1.00000000000000e+05 
3.29294945618625e-02 1.00000000000000e+05 
3.30647886512580e-02 1.00000000000000e+05 
3.32004884273261e-02 1.00000000000000e+05 
3.33367601849891e-02 1.00000000000000e+05 
3.34734593474364e-02 1.00000000000000e+05 
3.36107239832925e-02 1.00000000000000e+05 
3.37484677819913e-02 1.00000000000000e+05 
3.38868083012012e-02 1.00000000000000e+05 
3.40257101666175e-02 1.00000000000000e+05 
3.41652829445996e-02 1.00000000000000e+05 
3.43055312998954e-02 1.00000000000000e+05 
3.44465694965848e-02 1.00000000000000e+05 
3.45884326557035e-02 1.00000000000000e+05 
3.47312534915477e-02 1.00000000000000e+05 
3.48750912941129e-02 1.00000000000000e+05 
3.50201113770702e-02 1.00000000000000e+05 
3.51663936554639e-02 1.00000000000000e+05 
3.53141476027703e-02 1.00000000000000e+05 
3.54632614494161e-02 1.00000000000000e+05 
3.56133210269722e-02 1.00000000000000e+05 
3.57640445643242e-02 1.00000000000000e+05 
3.59154729408493e-02 1.00000000000000e+05 
3.60673793786462e-02 1.00000000000000e+05 
3.62199266461091e-02 1.00000000000000e+05 
3.63728370121442e-02 1.00000000000000e+05 
3.65262783951664e-02 1.00000000000000e+05 
3.66800697566854e-02 1.00000000000000e+05 
3.68344077852482e-02 1.00000000000000e+05 
3.69890885677168e-02 1.00000000000000e+05 
3.71443390167987e-02 1.00000000000000e+05 
3.72999259435672e-02 1.00000000000000e+05 
3.74561063000664e-02 1.00000000000000e+05 
3.76126180760958e-02 1.00000000000000e+05 
3.77697431771994e-02 1.00000000000000e+05 
3.79271965143725e-02 1.00000000000000e+05 
3.80852765592239e-02 1.00000000000000e+05 
3.82436960159652e-02 1.00000000000000e+05 
3.84027585374287e-02 1.00000000000000e+05 
3.85621788957326e-02 1.00000000000000e+05 
3.87222643009230e-02 1.00000000000000e+05 
3.88827269543047e-02 1.00000000000000e+05 
3.90438818305928e-02 1.00000000000000e+05 
3.92054343084239e-02 1.00000000000000e+05 
3.93677112868682e-02 1.00000000000000e+05 
3.95304073441594e-02 1.00000000000000e+05 
3.96938633845045e-02 1.00000000000000e+05 
3.98577633454336e-02 1.00000000000000e+05 
4.00224611322211e-02 1.00000000000000e+05 
4.01876319226387e-02 1.00000000000000e+05 
4.03536404476610e-02 1.00000000000000e+05 
4.05201542574709e-02 1.00000000000000e+05 
4.06875474568809e-02 1.00000000000000e+05 
4.08554792959017e-02 1.00000000000000e+05 
4.10243333029133e-02 1.00000000000000e+05 
4.11937578408976e-02 1.00000000000000e+05 
4.13641476230178e-02 1.00000000000000e+05 
4.15351352496198e-02 1.00000000000000e+05 
4.17071305476744e-02 1.00000000000000e+05 
4.18797424874444e-02 1.00000000000000e+05 
4.20534031016241e-02 1.00000000000000e+05 
4.22276881580578e-02 1.00000000000000e+05 
4.24030611446597e-02 1.00000000000000e+05 
4.25790550695779e-02 1.00000000000000e+05 
4.27551692051459e-02 1.00000000000000e+05 
4.29328947729473e-02 1.00000000000000e+05 
4.31095054412729e-02 1.00000000000000e+05 
4.32889695623411e-02 1.00000000000000e+05 
4.34660871047268e-02 1.00000000000000e+05 
4.36462633320394e-02 1.00000000000000e+05 
4.38238994930162e-02 1.00000000000000e+05 
4.40046076162800e-02 1.00000000000000e+05 
4.41827590585740e-02 1.00000000000000e+05 
4.43640044609608e-02 1.00000000000000e+05 
4.45426551262858e-02 1.00000000000000e+05 
4.47244406654884e-02 1.00000000000000e+05 
4.49035914759346e-02 1.00000000000000e+05 
4.50859182917024e-02 1.00000000000000e+05 
4.52655666749799e-02 1.00000000000000e+05 
4.54484329384790e-02 1.00000000000000e+05 
4.56285726311317e-02 1.00000000000000e+05 
4.58119732259802e-02 1.00000000000000e+05 
4.59925951807637e-02 1.00000000000000e+05 
4.61765221510595e-02 1.00000000000000e+05 
4.63576155196627e-02 1.00000000000000e+05 
4.65420591474573e-02 1.00000000000000e+05 
4.67236128853277e-02 1.00000000000000e+05 
4.69085622005153e-02 1.00000000000000e+05 
4.70905650989788e-02 1.00000000000000e+05 
4.72760082181304e-02 1.00000000000000e+05 
4.74584487509783e-02 1.00000000000000e+05 
4.76443726734472e-02 1.00000000000000e+05 
4.78272387818827e-02 1.00000000000000e+05 
4.80136293410745e-02 1.00000000000000e+05 
4.81969083779014e-02 1.00000000000000e+05 
4.83837508125501e-02 1.00000000000000e+05 
4.85674298404385e-02 1.00000000000000e+05 
4.87547087836277e-02 1.00000000000000e+05 
4.89387738721074e-02 1.00000000000000e+05 
4.91264722950595e-02 1.00000000000000e+05 
4.93109066486009e-02 1.00000000000000e+05 
4.94990047476317e-02 1.00000000000000e+05 
4.96837866939565e-02 1.00000000000000e+05 
4.98722614988570e-02 1.00000000000000e+05 
5.00573650748927e-02 1.00000000000000e+05 
5.02015775122344e-02 1.00000000000000e+05 
5.03458868250891e-02 1.00000000000000e+05 
5.04904572381639e-02 1.00000000000000e+05 
5.06352020869021e-02 1.00000000000000e+05 
5.07802582492334e-02 1.00000000000000e+05 
5.09255363806076e-02 1.00000000000000e+05 
5.10711628126900e-02 1.00000000000000e+05 
5.12170506679471e-02 1.00000000000000e+05 
5.13633213027924e-02 1.00000000000000e+05 
5.15098943914144e-02 1.00000000000000e+05 
5.16568892242075e-02 1.00000000000000e+05 
5.18042358609459e-02 1.00000000000000e+05 
5.19520528124139e-02 1.00000000000000e+05 
5.21002847036977e-02 1.00000000000000e+05 
5.22489857154595e-02 1.00000000000000e+05 
5.24001442897039e-02 1.00000000000000e+05 
5.25499693414690e-02 1.00000000000000e+05 
5.27025778181784e-02 1.00000000000000e+05 
5.28537766125967e-02 1.00000000000000e+05 
5.30081715379185e-02 1.00000000000000e+05 
5.31610621817891e-02 1.00000000000000e+05 
5.33176744286931e-02 1.00000000000000e+05 
5.34721882616303e-02 1.00000000000000e+05 
5.36312355779168e-02 1.00000000000000e+05 
5.37879172307545e-02 1.00000000000000e+05 
5.39500392951419e-02 1.00000000000000e+05 
5.41094368800919e-02 1.00000000000000e+05 
5.42721483505495e-02 1.00000000000000e+05 
5.44350065858207e-02 1.00000000000000e+05 
5.46002835630806e-02 1.00000000000000e+05 
5.47651860380462e-02 1.00000000000000e+05 
5.49323408328768e-02 1.00000000000000e+05 
5.50988465895082e-02 1.00000000000000e+05 
5.52675812663318e-02 1.00000000000000e+05 
5.54359471340304e-02 1.00000000000000e+05 
5.56063820053653e-02 1.00000000000000e+05 
5.57763212414910e-02 1.00000000000000e+05 
5.59483837289751e-02 1.00000000000000e+05 
5.61198783795338e-02 1.00000000000000e+05 
5.62935836063830e-02 1.00000000000000e+05 
5.64666653020503e-02 1.00000000000000e+05 
5.66420632324768e-02 1.00000000000000e+05 
5.68167831665449e-02 1.00000000000000e+05 
5.69939320480462e-02 1.00000000000000e+05 
5.71703426512325e-02 1.00000000000000e+05 
5.73492970200513e-02 1.00000000000000e+05 
5.75274443018081e-02 1.00000000000000e+05 
5.77082504000013e-02 1.00000000000000e+05 
5.78881713159808e-02 1.00000000000000e+05 
5.80708660565341e-02 1.00000000000000e+05 
5.82525881342395e-02 1.00000000000000e+05 
5.84371990746310e-02 1.00000000000000e+05 
5.86207407424409e-02 1.00000000000000e+05 
5.88072867863229e-02 1.00000000000000e+05 
5.89926576587150e-02 1.00000000000000e+05 
5.91788746820159e-02 1.00000000000000e+05 
5.93655109985600e-02 1.00000000000000e+05 
5.95513132394917e-02 1.00000000000000e+05 
5.97375351520437e-02 1.00000000000000e+05 
5.99229267882652e-02 1.00000000000000e+05 
6.01087284559217e-02 1.00000000000000e+05 
6.02936988803826e-02 1.00000000000000e+05 
6.04790692411460e-02 1.00000000000000e+05 
6.06636058942161e-02 1.00000000000000e+05 
6.08485321839291e-02 1.00000000000000e+05 
6.10326219345168e-02 1.00000000000000e+05 
6.12170901480049e-02 1.00000000000000e+05 
6.14007207753336e-02 1.00000000000000e+05 
6.15847182622287e-02 1.00000000000000e+05 
6.17678794845743e-02 1.00000000000000e+05 
6.19513954621709e-02 1.00000000000000e+05 
6.21340777224343e-02 1.00000000000000e+05 
6.23171025721788e-02 1.00000000000000e+05 
6.24992970158389e-02 1.00000000000000e+05 
6.26818216125990e-02 1.00000000000000e+05 
6.28635193552328e-02 1.00000000000000e+05 
6.30455338690450e-02 1.00000000000000e+05 
6.32267247314052e-02 1.00000000000000e+05 
6.34082178626418e-02 1.00000000000000e+05 
6.35888912434775e-02 1.00000000000000e+05 
6.37698514964512e-02 1.00000000000000e+05 
6.39499965333524e-02 1.00000000000000e+05 
6.41304125023992e-02 1.00000000000000e+05 
6.43100178661546e-02 1.00000000000000e+05 
6.44898779184263e-02 1.00000000000000e+05 
6.46689321190410e-02 1.00000000000000e+05 
6.48482244485380e-02 1.00000000000000e+05 
6.50267162586840e-02 1.00000000000000e+05 
6.52054293263879e-02 1.00000000000000e+05 
6.53833482385418e-02 1.00000000000000e+05 
6.55614712821785e-02 1.00000000000000e+05 
6.57388075221410e-02 1.00000000000000e+05 
6.59163305887281e-02 1.00000000000000e+05 
6.60930745213660e-02 1.00000000000000e+05 
6.62699877938248e-02 1.00000000000000e+05 
6.64461294198912e-02 1.00000000000000e+05 
6.66224227695933e-02 1.00000000000000e+05 
6.67979514506974e-02 1.00000000000000e+05 
6.69736141684758e-02 1.00000000000000e+05 
6.71485186374496e-02 1.00000000000000e+05 
6.73235392915444e-02 1.00000000000000e+05 
6.74978075942361e-02 1.00000000000000e+05 
6.76721739633932e-02 1.00000000000000e+05 
6.78457933730343e-02 1.00000000000000e+05 
6.80194924031842e-02 1.00000000000000e+05 
6.81924495985482e-02 1.00000000000000e+05 
6.83654675242976e-02 1.00000000000000e+05 
6.85377485429623e-02 1.00000000000000e+05 
6.87100708114692e-02 1.00000000000000e+05 
6.88816611250140e-02 1.00000000000000e+05 
6.90532725099692e-02 1.00000000000000e+05 
6.92241570596480e-02 1.00000000000000e+05 
6.93950418891216e-02 1.00000000000000e+05 
6.95652079849166e-02 1.00000000000000e+05 
6.97353533945031e-02 1.00000000000000e+05 
6.99047949208469e-02 1.00000000000000e+05 
7.00741953763139e-02 1.00000000000000e+05 
7.02429143574597e-02 1.00000000000000e+05 
7.04115753172715e-02 1.00000000000000e+05 
7.05795800429504e-02 1.00000000000000e+05 
7.07475121315033e-02 1.00000000000000e+05 
7.09148125805826e-02 1.00000000000000e+05 
7.10820270475823e-02 1.00000000000000e+05 
7.12486334604027e-02 1.00000000000000e+05 
7.14151416492729e-02 1.00000000000000e+05 
7.15810642746642e-02 1.00000000000000e+05 
7.17468770430436e-02 1.00000000000000e+05 
7.19121268377467e-02 1.00000000000000e+05 
7.20772563583618e-02 1.00000000000000e+05 
7.22418505383342e-02 1.00000000000000e+05 
7.24067913973205e-02 1.00000000000000e+05 
7.25713210663004e-02 1.00000000000000e+05 
7.27362592141671e-02 1.00000000000000e+05 
7.29007979306858e-02 1.00000000000000e+05 
7.30657512948464e-02 1.00000000000000e+05 
7.32303137017684e-02 1.00000000000000e+05 
7.33952920423482e-02 1.00000000000000e+05 
7.35598892818358e-02 1.00000000000000e+05 
7.37249051009726e-02 1.00000000000000e+05 
7.38895499385505e-02 1.00000000000000e+05 
7.40546173859820e-02 1.00000000000000e+05 
7.42193241865106e-02 1.00000000000000e+05 
7.43844589133138e-02 1.00000000000000e+05 
7.45492436984934e-02 1.00000000000000e+05 
7.47144630981285e-02 1.00000000000000e+05 
7.48793435417257e-02 1.00000000000000e+05 
7.50446665626602e-02 1.00000000000000e+05 
7.52096620449450e-02 1.00000000000000e+05 
7.53751094095780e-02 1.00000000000000e+05 
7.55402413515722e-02 1.00000000000000e+05 
7.57058360304643e-02 1.00000000000000e+05 
7.58711281105057e-02 1.00000000000000e+05 
7.60368957323525e-02 1.00000000000000e+05 
7.62023739978694e-02 1.00000000000000e+05 
7.63683427165333e-02 1.00000000000000e+05 
7.65340352111316e-02 1.00000000000000e+05 
7.67002349053256e-02 1.00000000000000e+05 
7.68661713772874e-02 1.00000000000000e+05 
7.70326335436260e-02 1.00000000000000e+05 
7.71988400682806e-02 1.00000000000000e+05 
7.73650838017749e-02 1.00000000000000e+05 
7.75309777672357e-02 1.00000000000000e+05 
7.76973390804433e-02 1.00000000000000e+05 
7.78634776427368e-02 1.00000000000000e+05 
7.80301638339737e-02 1.00000000000000e+05 
7.81966379014929e-02 1.00000000000000e+05 
7.83631773645629e-02 1.00000000000000e+05 
7.85294061204793e-02 1.00000000000000e+05 
7.86961355897538e-02 1.00000000000000e+05 
7.88626753553969e-02 1.00000000000000e+05 
7.90292902872665e-02 1.00000000000000e+05 
7.91956209641719e-02 1.00000000000000e+05 
7.93624671199450e-02 1.00000000000000e+05 
7.95291488106384e-02 1.00000000000000e+05 
7.96959217737869e-02 1.00000000000000e+05 
7.98624345111386e-02 1.00000000000000e+05 
8.00294802878675e-02 1.00000000000000e+05 
8.01963856012392e-02 1.00000000000000e+05 
8.03633985777753e-02 1.00000000000000e+05 
8.05301736467642e-02 1.00000000000000e+05 
8.06975027203217e-02 1.00000000000000e+05 
8.08647138659402e-02 1.00000000000000e+05 
8.10320498561904e-02 1.00000000000000e+05 
8.11991681018085e-02 1.00000000000000e+05 
8.13668651957025e-02 1.00000000000000e+05 
8.15344648654703e-02 1.00000000000000e+05 
8.17022076528010e-02 1.00000000000000e+05 
8.18697453619539e-02 1.00000000000000e+05 
8.20373700141074e-02 1.00000000000000e+05 
8.22047966402388e-02 1.00000000000000e+05 
8.23723099042445e-02 1.00000000000000e+05 
8.25396372794829e-02 1.00000000000000e+05 
8.27075624269027e-02 1.00000000000000e+05 
8.28754192823266e-02 1.00000000000000e+05 
8.30434429834712e-02 1.00000000000000e+05 
8.32112845896357e-02 1.00000000000000e+05 
8.33792345826811e-02 1.00000000000000e+05 
8.35470065606905e-02 1.00000000000000e+05 
8.37148850222729e-02 1.00000000000000e+05 
8.38825943544323e-02 1.00000000000000e+05 
8.40509243237594e-02 1.00000000000000e+05 
8.42192007656776e-02 1.00000000000000e+05 
8.43876611474043e-02 1.00000000000000e+05 
8.45559504090400e-02 1.00000000000000e+05 
8.47243635977659e-02 1.00000000000000e+05 
8.48926082549405e-02 1.00000000000000e+05 
8.50609741386052e-02 1.00000000000000e+05 
8.52291746159757e-02 1.00000000000000e+05 
8.53974980518634e-02 1.00000000000000e+05 
8.55656562939343e-02 1.00000000000000e+05 
8.57339378962894e-02 1.00000000000000e+05 
8.59020536692185e-02 1.00000000000000e+05 
8.60702922827252e-02 1.00000000000000e+05 
8.62383673554062e-02 1.00000000000000e+05 
8.64070733523249e-02 1.00000000000000e+05 
8.65757281310779e-02 1.00000000000000e+05 
8.67445760268485e-02 1.00000000000000e+05 
8.69132517927925e-02 1.00000000000000e+05 
8.70820590024225e-02 1.00000000000000e+05 
8.72506945472643e-02 1.00000000000000e+05 
8.74194575773615e-02 1.00000000000000e+05 
8.75880491964813e-02 1.00000000000000e+05 
8.77567685594284e-02 1.00000000000000e+05 
8.79253141740740e-02 1.00000000000000e+05 
8.80939862546055e-02 1.00000000000000e+05 
8.82624820261375e-02 1.00000000000000e+05 
8.84311018323190e-02 1.00000000000000e+05 
8.85995462490055e-02 1.00000000000000e+05 
8.87686174745188e-02 1.00000000000000e+05 
8.89376365764728e-02 1.00000000000000e+05 
8.91068491374939e-02 1.00000000000000e+05 
8.92758923726313e-02 1.00000000000000e+05 
8.94450676007722e-02 1.00000000000000e+05 
8.96140839356210e-02 1.00000000000000e+05 
8.97832296466608e-02 1.00000000000000e+05 
8.99522336090462e-02 1.00000000000000e+05 
9.01213702617330e-02 1.00000000000000e+05 
9.02903911011602e-02 1.00000000000000e+05 
9.04595498443369e-02 1.00000000000000e+05 
9.06286358442704e-02 1.00000000000000e+05 
9.07978700572981e-02 1.00000000000000e+05 
9.09670973444386e-02 1.00000000000000e+05 
9.11364916194570e-02 1.00000000000000e+05 
9.13059731466964e-02 1.00000000000000e+05 
9.14756522170800e-02 1.00000000000000e+05 
9.16455509504995e-02 1.00000000000000e+05 
9.18156932565140e-02 1.00000000000000e+05 
9.19862383521391e-02 1.00000000000000e+05 
9.21570698307179e-02 1.00000000000000e+05 
9.23284660617559e-02 1.00000000000000e+05 
9.25000101714494e-02 1.00000000000000e+05 
9.26719438250702e-02 1.00000000000000e+05 
9.28438656426165e-02 1.00000000000000e+05 
9.30163875104827e-02 1.00000000000000e+05 
9.31893548139082e-02 1.00000000000000e+05 
9.33631035021979e-02 1.00000000000000e+05 
9.35374431338443e-02 1.00000000000000e+05 
9.37130085015100e-02 1.00000000000000e+05 
9.38635651321843e-02 1.00000000000000e+05 
9.40121660632709e-02 1.00000000000000e+05 
9.41614181596807e-02 1.00000000000000e+05 
9.43145603894517e-02 1.00000000000000e+05 
9.44676408620257e-02 1.00000000000000e+05 
9.46207596180868e-02 1.00000000000000e+05 
9.47733091969384e-02 1.00000000000000e+05 
9.49254076525200e-02 1.00000000000000e+05 
9.50704527440928e-02 1.00000000000000e+05 
9.52203415365374e-02 1.00000000000000e+05 
9.53648746110123e-02 1.00000000000000e+05 
9.55135020240492e-02 1.00000000000000e+05 
9.56577883966983e-02 1.00000000000000e+05 
9.58057209525183e-02 1.00000000000000e+05 
9.59500914237084e-02 1.00000000000000e+05 
9.60965890894085e-02 1.00000000000000e+05 
9.62427049254485e-02 1.00000000000000e+05 
9.63878998900816e-02 1.00000000000000e+05 
9.65333652452033e-02 1.00000000000000e+05 
9.66782501133956e-02 1.00000000000000e+05 
9.68238811041482e-02 1.00000000000000e+05 
9.69693395524267e-02 1.00000000000000e+05 
9.71157873491806e-02 1.00000000000000e+05 
9.72630785368734e-02 1.00000000000000e+05 
9.74116421941384e-02 1.00000000000000e+05 
9.75615484695232e-02 1.00000000000000e+05 
9.77130294559843e-02 1.00000000000000e+05 
9.78661107446823e-02 1.00000000000000e+05 
9.80210134692579e-02 1.00000000000000e+05 
9.81778562618607e-02 1.00000000000000e+05 
9.83368856341982e-02 1.00000000000000e+05 
9.84984073930867e-02 1.00000000000000e+05 
9.86620341476167e-02 1.00000000000000e+05 
9.88273586672245e-02 1.00000000000000e+05 
9.89944126457944e-02 1.00000000000000e+05 
9.91628890035557e-02 1.00000000000000e+05 
9.93330376879340e-02 1.00000000000000e+05 
9.95045871990625e-02 1.00000000000000e+05 
9.96778282270442e-02 1.00000000000000e+05 
9.98524796862979e-02 1.00000000000000e+05 
1.00028821791037e-01 1.00000000000000e+05 
1.00206661330028e-01 1.00000000000000e+05 
1.00385807034541e-01 1.00000000000000e+05 
1.00566586273499e-01 1.00000000000000e+05 
1.00748610603171e-01 1.00000000000000e+05 
1.00932343977450e-01 1.00000000000000e+05 
1.01116831065902e-01 1.00000000000000e+05 
1.01301873233990e-01 1.00000000000000e+05 
1.01487520122992e-01 1.00000000000000e+05 
1.01673355933158e-01 1.00000000000000e+05 
1.01859743916101e-01 1.00000000000000e+05 
1.02046113394669e-01 1.00000000000000e+05 
1.02233061238188e-01 1.00000000000000e+05 
1.02419822922904e-01 1.00000000000000e+05 
1.02607200022958e-01 1.00000000000000e+05 
1.02794240909620e-01 1.00000000000000e+05 
1.02981925458154e-01 1.00000000000000e+05 
1.03169128045185e-01 1.00000000000000e+05 
1.03356991059900e-01 1.00000000000000e+05 
1.03544241374392e-01 1.00000000000000e+05 
1.03732160970647e-01 1.00000000000000e+05 
1.03919352291726e-01 1.00000000000000e+05 
1.04107215137066e-01 1.00000000000000e+05 
1.04294245105471e-01 1.00000000000000e+05 
1.04481934353864e-01 1.00000000000000e+05 
1.04668702340651e-01 1.00000000000000e+05 
1.04856108840915e-01 1.00000000000000e+05 
1.05042515461086e-01 1.00000000000000e+05 
1.05229532738665e-01 1.00000000000000e+05 
1.05415479611399e-01 1.00000000000000e+05 
1.05602002707521e-01 1.00000000000000e+05 
1.05787392048336e-01 1.00000000000000e+05 
1.05973316693225e-01 1.00000000000000e+05 
1.06158050122882e-01 1.00000000000000e+05 
1.06343271042192e-01 1.00000000000000e+05 
1.06527249078024e-01 1.00000000000000e+05 
1.06711659597097e-01 1.00000000000000e+05 
1.06894781809527e-01 1.00000000000000e+05 
1.07078275212062e-01 1.00000000000000e+05 
1.07260441490861e-01 1.00000000000000e+05 
1.07442910696325e-01 1.00000000000000e+05 
1.07624018567597e-01 1.00000000000000e+05 
1.07805354959824e-01 1.00000000000000e+05 
1.07985301767501e-01 1.00000000000000e+05 
1.08165396813612e-01 1.00000000000000e+05 
1.08344080760171e-01 1.00000000000000e+05 
1.08522828412282e-01 1.00000000000000e+05 
1.08700147811732e-01 1.00000000000000e+05 
1.08877442852100e-01 1.00000000000000e+05 
1.09053297150416e-01 1.00000000000000e+05 
1.09229036575158e-01 1.00000000000000e+05 
1.09403326818068e-01 1.00000000000000e+05 
1.09577410244375e-01 1.00000000000000e+05 
1.09750049488381e-01 1.00000000000000e+05 
1.09922389885794e-01 1.00000000000000e+05 
1.10093341645833e-01 1.00000000000000e+05 
1.10263927652850e-01 1.00000000000000e+05 
1.10433212408333e-01 1.00000000000000e+05 
1.10602858620816e-01 1.00000000000000e+05 
1.10771790411610e-01 1.00000000000000e+05 
1.10941230264051e-01 1.00000000000000e+05 
1.11109891598049e-01 1.00000000000000e+05 
1.11279312190506e-01 1.00000000000000e+05 
1.11448101934938e-01 1.00000000000000e+05 
1.11617723713768e-01 1.00000000000000e+05 
1.11786731872245e-01 1.00000000000000e+05 
1.11956590280943e-01 1.00000000000000e+05 
1.12125833850836e-01 1.00000000000000e+05 
1.12295936508058e-01 1.00000000000000e+05 
1.12465422071441e-01 1.00000000000000e+05 
1.12635464333107e-01 1.00000000000000e+05 
1.12804696383986e-01 1.00000000000000e+05 
1.12974655307565e-01 1.00000000000000e+05 
1.13143957476614e-01 1.00000000000000e+05 
1.13314054428007e-01 1.00000000000000e+05 
1.13483515371521e-01 1.00000000000000e+05 
1.13653788358631e-01 1.00000000000000e+05 
1.13823423256154e-01 1.00000000000000e+05 
1.13993875789687e-01 1.00000000000000e+05 
1.14163684982867e-01 1.00000000000000e+05 
1.14334314928923e-01 1.00000000000000e+05 
1.14504295636151e-01 1.00000000000000e+05 
1.14675098994931e-01 1.00000000000000e+05 
1.14845246823075e-01 1.00000000000000e+05 
1.15016217970710e-01 1.00000000000000e+05 
1.15186527014954e-01 1.00000000000000e+05 
1.15357658751563e-01 1.00000000000000e+05 
1.15528121219970e-01 1.00000000000000e+05 
1.15699404316437e-01 1.00000000000000e+05 
1.15870011026323e-01 1.00000000000000e+05 
1.16041435024609e-01 1.00000000000000e+05 
1.16212176001070e-01 1.00000000000000e+05 
1.16383729836885e-01 1.00000000000000e+05 
1.16554594258316e-01 1.00000000000000e+05 
1.16726265785402e-01 1.00000000000000e+05 
1.16897241873406e-01 1.00000000000000e+05 
1.17069017928616e-01 1.00000000000000e+05 
1.17240092921001e-01 1.00000000000000e+05 
1.17411959565764e-01 1.00000000000000e+05 
1.17583119664120e-01 1.00000000000000e+05 
1.17755061714026e-01 1.00000000000000e+05 
1.17926291973700e-01 1.00000000000000e+05 
1.18098292991211e-01 1.00000000000000e+05 
1.18269577252206e-01 1.00000000000000e+05 
1.18441619469024e-01 1.00000000000000e+05 
1.18612940196935e-01 1.00000000000000e+05 
1.18785004281062e-01 1.00000000000000e+05 
1.18956342468208e-01 1.00000000000000e+05 
1.19128407359590e-01 1.00000000000000e+05 
1.19299742558203e-01 1.00000000000000e+05 
1.19471743774818e-01 1.00000000000000e+05 
1.19643435582537e-01 1.00000000000000e+05 
1.19816059485779e-01 1.00000000000000e+05 
1.19987998956704e-01 1.00000000000000e+05 
1.20160713311637e-01 1.00000000000000e+05 
1.20332690771359e-01 1.00000000000000e+05 
1.20505397519731e-01 1.00000000000000e+05 
1.20677360858698e-01 1.00000000000000e+05 
1.20849985595990e-01 1.00000000000000e+05 
1.21022286063638e-01 1.00000000000000e+05 
1.21195512121424e-01 1.00000000000000e+05 
1.21368044110342e-01 1.00000000000000e+05 
1.21541341747392e-01 1.00000000000000e+05 
1.21713893717991e-01 1.00000000000000e+05 
1.21887119922729e-01 1.00000000000000e+05 
1.22060014596171e-01 1.00000000000000e+05 
1.22233844234807e-01 1.00000000000000e+05 
1.22406972785031e-01 1.00000000000000e+05 
1.22580872601299e-01 1.00000000000000e+05 
1.22754022869394e-01 1.00000000000000e+05 
1.22927851388276e-01 1.00000000000000e+05 
1.23101346657091e-01 1.00000000000000e+05 
1.23275782252104e-01 1.00000000000000e+05 
1.23449518423847e-01 1.00000000000000e+05 
1.23623987558883e-01 1.00000000000000e+05 
1.23798138407718e-01 1.00000000000000e+05 
1.23973272778213e-01 1.00000000000000e+05 
1.24147708958898e-01 1.00000000000000e+05 
1.24322961655824e-01 1.00000000000000e+05 
1.24497467253023e-01 1.00000000000000e+05 
1.24672741975545e-01 1.00000000000000e+05 
1.24847265681166e-01 1.00000000000000e+05 
1.25022396588775e-01 1.00000000000000e+05 
1.25197361614162e-01 1.00000000000000e+05 
1.25373277889417e-01 1.00000000000000e+05 
1.25548692385083e-01 1.00000000000000e+05 
1.25724953496404e-01 1.00000000000000e+05 
1.25900660164831e-01 1.00000000000000e+05 
1.26077302093376e-01 1.00000000000000e+05 
1.26253210508023e-01 1.00000000000000e+05 
1.26429885666814e-01 1.00000000000000e+05 
1.26605956105810e-01 1.00000000000000e+05 
1.26782811265800e-01 1.00000000000000e+05 
1.26959094215776e-01 1.00000000000000e+05 
1.27136277577848e-01 1.00000000000000e+05 
1.27312725537003e-01 1.00000000000000e+05 
1.27489869804660e-01 1.00000000000000e+05 
1.27666828502015e-01 1.00000000000000e+05 
1.27844819349899e-01 1.00000000000000e+05 
1.28022295600134e-01 1.00000000000000e+05 
1.28200767601091e-01 1.00000000000000e+05 
1.28378402408404e-01 1.00000000000000e+05 
1.28556949937521e-01 1.00000000000000e+05 
1.28734896923577e-01 1.00000000000000e+05 
1.28913770368445e-01 1.00000000000000e+05 
1.29091908434895e-01 1.00000000000000e+05 
1.29270918536312e-01 1.00000000000000e+05 
1.29449125414782e-01 1.00000000000000e+05 
1.29628102694893e-01 1.00000000000000e+05 
1.29806491889973e-01 1.00000000000000e+05 
1.29985749726253e-01 1.00000000000000e+05 
1.30164291038684e-01 1.00000000000000e+05 
1.30343611625301e-01 1.00000000000000e+05 
1.30522330061447e-01 1.00000000000000e+05 
1.30702283620090e-01 1.00000000000000e+05 
1.30881598862888e-01 1.00000000000000e+05 
1.31061973142403e-01 1.00000000000000e+05 
1.31241539982077e-01 1.00000000000000e+05 
1.31422081004470e-01 1.00000000000000e+05 
1.31601795261298e-01 1.00000000000000e+05 
1.31782317792800e-01 1.00000000000000e+05 
1.31962261182046e-01 1.00000000000000e+05 
1.32143076259176e-01 1.00000000000000e+05 
1.32323178720605e-01 1.00000000000000e+05 
1.32504061831634e-01 1.00000000000000e+05 
1.32684640550887e-01 1.00000000000000e+05 
1.32866261242711e-01 1.00000000000000e+05 
1.33047090608825e-01 1.00000000000000e+05 
1.33228886052866e-01 1.00000000000000e+05 
1.33409923842276e-01 1.00000000000000e+05 
1.33591801624893e-01 1.00000000000000e+05 
1.33772952203978e-01 1.00000000000000e+05 
1.33954842616436e-01 1.00000000000000e+05 
1.34136121425515e-01 1.00000000000000e+05 
1.34318657013364e-01 1.00000000000000e+05 
1.34500705621512e-01 1.00000000000000e+05 
1.34683699862206e-01 1.00000000000000e+05 
1.34866014870408e-01 1.00000000000000e+05 
1.35049213227697e-01 1.00000000000000e+05 
1.35231690362751e-01 1.00000000000000e+05 
1.35415006522014e-01 1.00000000000000e+05 
1.35597600453303e-01 1.00000000000000e+05 
1.35780958340087e-01 1.00000000000000e+05 
1.35964046506467e-01 1.00000000000000e+05 
1.36148188560282e-01 1.00000000000000e+05 
1.36331674359281e-01 1.00000000000000e+05 
1.36516049172389e-01 1.00000000000000e+05 
1.36699718258058e-01 1.00000000000000e+05 
1.36884234642895e-01 1.00000000000000e+05 
1.37068040063748e-01 1.00000000000000e+05 
1.37252626587175e-01 1.00000000000000e+05 
1.37436957970664e-01 1.00000000000000e+05 
1.37622371290141e-01 1.00000000000000e+05 
1.37807132921501e-01 1.00000000000000e+05 
1.37992813398285e-01 1.00000000000000e+05 
1.38177791433088e-01 1.00000000000000e+05 
1.38363650177675e-01 1.00000000000000e+05 
1.38548801476528e-01 1.00000000000000e+05 
1.38734816720996e-01 1.00000000000000e+05 
1.38920126218206e-01 1.00000000000000e+05 
1.39106285957172e-01 1.00000000000000e+05 
1.39291743132199e-01 1.00000000000000e+05 
1.39478036658002e-01 1.00000000000000e+05 
1.39663631372432e-01 1.00000000000000e+05 
1.39850002779129e-01 1.00000000000000e+05 
1.40036135797061e-01 1.00000000000000e+05 
1.40223349104156e-01 1.00000000000000e+05 
1.40409928382181e-01 1.00000000000000e+05 
1.40597427047417e-01 1.00000000000000e+05 
1.40784241738112e-01 1.00000000000000e+05 
1.40971940881101e-01 1.00000000000000e+05 
1.41158951849606e-01 1.00000000000000e+05 
1.41346834567105e-01 1.00000000000000e+05 
1.41534031184519e-01 1.00000000000000e+05 
1.41722090318544e-01 1.00000000000000e+05 
1.41909466679593e-01 1.00000000000000e+05 
1.42097696540914e-01 1.00000000000000e+05 
1.42285247267806e-01 1.00000000000000e+05 
1.42473596949207e-01 1.00000000000000e+05 
1.42661737721263e-01 1.00000000000000e+05 
1.42850991488105e-01 1.00000000000000e+05 
1.43039630898135e-01 1.00000000000000e+05 
1.43229226454897e-01 1.00000000000000e+05 
1.43418155084273e-01 1.00000000000000e+05 
1.43608011424071e-01 1.00000000000000e+05 
1.43797194681559e-01 1.00000000000000e+05 
1.43987300475453e-01 1.00000000000000e+05 
1.44176733143452e-01 1.00000000000000e+05 
1.44367087351344e-01 1.00000000000000e+05 
1.44556769358789e-01 1.00000000000000e+05 
1.44747373048414e-01 1.00000000000000e+05 
1.44937305762946e-01 1.00000000000000e+05 
1.45128160757028e-01 1.00000000000000e+05 
1.45318346342167e-01 1.00000000000000e+05 
1.45509455086314e-01 1.00000000000000e+05 
1.45699896630435e-01 1.00000000000000e+05 
1.45891262595130e-01 1.00000000000000e+05 
1.46081964842852e-01 1.00000000000000e+05 
1.46273593471022e-01 1.00000000000000e+05 
1.46464563973555e-01 1.00000000000000e+05 
1.46656463961586e-01 1.00000000000000e+05 
1.46847715582578e-01 1.00000000000000e+05 
1.47039901758883e-01 1.00000000000000e+05 
1.47231454419549e-01 1.00000000000000e+05 
1.47423949561949e-01 1.00000000000000e+05 
1.47615832382125e-01 1.00000000000000e+05 
1.47808670328081e-01 1.00000000000000e+05 
1.48000925878481e-01 1.00000000000000e+05 
1.48194156345347e-01 1.00000000000000e+05 
1.48386845734758e-01 1.00000000000000e+05 
1.48580539972471e-01 1.00000000000000e+05 
1.48773749397048e-01 1.00000000000000e+05 
1.48967648929089e-01 1.00000000000000e+05 
1.49160904629940e-01 1.00000000000000e+05 
1.49355080946941e-01 1.00000000000000e+05 
1.49548894641099e-01 1.00000000000000e+05 
1.49743420053188e-01 1.00000000000000e+05 
1.49937486701677e-01 1.00000000000000e+05 
1.50132196398889e-01 1.00000000000000e+05 
1.50326539993509e-01 1.00000000000000e+05 
1.50521549898562e-01 1.00000000000000e+05 
1.50716134847564e-01 1.00000000000000e+05 
1.50911722468920e-01 1.00000000000000e+05 
1.51106605092958e-01 1.00000000000000e+05 
1.51302109052632e-01 1.00000000000000e+05 
1.51497351096606e-01 1.00000000000000e+05 
1.51693164166364e-01 1.00000000000000e+05 
1.51888504132931e-01 1.00000000000000e+05 
1.52084664067981e-01 1.00000000000001e+05 
1.52280558018496e-01 1.00000000000346e+05 
1.52476810825953e-01 1.00000000000613e+05 
1.52672827553476e-01 1.00000000002991e+05 
1.52869264827361e-01 1.00000000017879e+05 
1.53065628599305e-01 1.00000000040856e+05 
1.53262513411922e-01 1.00000000073983e+05 
1.53459501362381e-01 1.00000000117587e+05 
1.53657095651159e-01 1.00000000173723e+05 
1.53854975752521e-01 1.00000000242464e+05 
1.54053496049502e-01 1.00000000339627e+05 
1.54252328091351e-01 1.00000000469353e+05 
1.54451768419507e-01 1.00000000640112e+05 
1.54651450210605e-01 1.00000000851157e+05 
1.54851877836437e-01 1.00000001101206e+05 
1.55052753435888e-01 1.00000001394330e+05 
1.55252789261449e-01 1.00000001730381e+05 
1.55453398627173e-01 1.00000002109276e+05 
1.55653005718068e-01 1.00000002516693e+05 
1.55853164665111e-01 1.00000002966643e+05 
1.56052354054591e-01 1.00000003459626e+05 
1.56252069237438e-01 1.00000003993218e+05 
1.56450851177575e-01 1.00000004568335e+05 
1.56650133424017e-01 1.00000005207514e+05 
1.56848517627594e-01 1.00000005885036e+05 
1.57047378640733e-01 1.00000006981949e+05 
1.57245376486498e-01 1.00000008106494e+05 
1.57443831970250e-01 1.00000009243841e+05 
1.57641462231847e-01 1.00000010410502e+05 
1.57839530728735e-01 1.00000011581555e+05 
1.58036812406382e-01 1.00000012776770e+05 
1.58234502815577e-01 1.00000013979266e+05 
1.58431458526215e-01 1.00000015194066e+05 
1.58628781049782e-01 1.00000016413133e+05 
1.58825426670584e-01 1.00000017681794e+05 
1.59022407216523e-01 1.00000018952162e+05 
1.59218762794098e-01 1.00000020269984e+05 
1.59415429038834e-01 1.00000021579211e+05 
1.59611524941262e-01 1.00000022906687e+05 
1.59807909877398e-01 1.00000024226334e+05 
1.60003782675878e-01 1.00000025579670e+05 
1.60199922191866e-01 1.00000026961336e+05 
1.60395609164083e-01 1.00000028424668e+05 
1.60591538285799e-01 1.00000029990906e+05 
1.60787073327924e-01 1.00000031736662e+05 
1.60982823364519e-01 1.00000033195173e+05 
1.61178226659531e-01 1.00000034559592e+05 
1.61373822226244e-01 1.00000035860615e+05 
1.61569098356531e-01 1.00000037081145e+05 
1.61764554480943e-01 1.00000038244780e+05 
1.61959712259407e-01 1.00000039351961e+05 
1.62155034714766e-01 1.00000040419513e+05 
1.62350073507956e-01 1.00000041473515e+05 
1.62545258845839e-01 1.00000043427815e+05 
1.62740171007915e-01 1.00000045359255e+05 
1.62935213178997e-01 1.00000047710598e+05 
1.63129990662433e-01 1.00000050138421e+05 
1.63324904198267e-01 1.00000052409040e+05 
1.63519556348087e-01 1.00000055076474e+05 
1.63714355773294e-01 1.00000058215964e+05 
1.63908893492966e-01 1.00000062317155e+05 
1.64103587846462e-01 1.00000061101192e+05 
1.64298019052281e-01 1.00000060079267e+05 
1.64492614324388e-01 1.00000059829664e+05 
1.64686945222787e-01 1.00000059442726e+05 
1.64881446486874e-01 1.00000060612958e+05 
1.65075682649532e-01 1.00000062173439e+05 
1.65269980380984e-01 1.00000071504225e+05 
1.65464126823015e-01 1.00000088152956e+05 
1.65658220633709e-01 1.00000115025718e+05 
1.65852283540105e-01 1.00000153597331e+05 
1.66046187477366e-01 1.00000206621926e+05 
1.66240174643107e-01 1.00000272243627e+05 
1.66433902460586e-01 1.00000351346719e+05 
1.66627753290892e-01 1.00000442861743e+05 
1.66821319493659e-01 1.00000548545033e+05 
1.67015014574413e-01 1.00000667321675e+05 
1.67208435240470e-01 1.00000799954015e+05 
1.67401989424942e-01 1.00000944062021e+05 
1.67595281723261e-01 1.00001100756097e+05 
1.67788710474868e-01 1.00001266382113e+05 
1.67981892108688e-01 1.00001443111908e+05 
1.68175211778322e-01 1.00001627102869e+05 
1.68368300407676e-01 1.00001818048467e+05 
1.68561527798190e-01 1.00002013151964e+05 
1.68754540602253e-01 1.00002211529406e+05 
1.68947692457977e-01 1.00002410531371e+05 
1.69140645961945e-01 1.00002608812795e+05 
1.69333738829004e-01 1.00002803842541e+05 
1.69526648952233e-01 1.00002994008222e+05 
1.69719698979864e-01 1.00003177158779e+05 
1.69912581513047e-01 1.00003351997795e+05 
1.70105604273647e-01 1.00003516429874e+05 
1.70298469605624e-01 1.00003668905842e+05 
1.70491474854792e-01 1.00003808397732e+05 
1.70684329033162e-01 1.00003934058939e+05 
1.70877322000490e-01 1.00004042531262e+05 
1.71070171748690e-01 1.00004135292094e+05 
1.71263157436045e-01 1.00004213565919e+05 
1.71456008666103e-01 1.00004278871493e+05 
1.71648992727284e-01 1.00004330990228e+05 
1.71841849992983e-01 1.00004359608377e+05 
1.72034837460966e-01 1.00004382857189e+05 
1.72227704073953e-01 1.00004400662651e+05 
1.72420698651528e-01 1.00004416495366e+05 
1.72613576869942e-01 1.00004425864704e+05 
1.72806581299591e-01 1.00004431439253e+05 
1.72999472714565e-01 1.00004449706043e+05 
1.73192490433847e-01 1.00004465405180e+05 
1.73385398191072e-01 1.00004475647601e+05 
1.73578433244399e-01 1.00004487890127e+05 
1.73771361725624e-01 1.00004508094562e+05 
1.73964418090955e-01 1.00011204720510e+05 
1.74157371594538e-01 1.00034368696159e+05 
1.74350452715159e-01 1.00079447306475e+05 
1.74543435037619e-01 1.00151747249005e+05 
1.74736543781758e-01 1.00256385037828e+05 
1.74929558123362e-01 1.00398226819613e+05 
1.75122696884628e-01 1.00575113335638e+05 
1.75315745728231e-01 1.00782975486504e+05 
1.75508916614103e-01 1.01022185082785e+05 
1.75702001725834e-01 1.01291919194598e+05 
1.75895206730999e-01 1.01590982394302e+05 
1.76088329410306e-01 1.01917048155320e+05 
1.76281570528855e-01 1.02267628517308e+05 
1.76474732113083e-01 1.02639734480286e+05 
1.76668011530064e-01 1.03030393178124e+05 
1.76861213985116e-01 1.03435423602616e+05 
1.77054534452963e-01 1.03850262767624e+05 
1.77247780866293e-01 1.04270864524840e+05 
1.77441146187412e-01 1.04693276717951e+05 
1.77634441075983e-01 1.05111858716365e+05 
1.77827856395783e-01 1.05521088494277e+05 
1.78021205833210e-01 1.05915490253394e+05 
1.78214677756032e-01 1.06295778195559e+05 
1.78408089456597e-01 1.06653179343850e+05 
1.78601629932467e-01 1.06981289548697e+05 
1.78795116958935e-01 1.07274551567965e+05 
1.78988741091217e-01 1.07534615381249e+05 
1.79182319696241e-01 1.07785123035199e+05 
1.79376045017380e-01 1.07971979162489e+05 
1.79569734665494e-01 1.08115247428859e+05 
1.79763581054708e-01 1.08213715449761e+05 
1.79957403487694e-01 1.08273992895582e+05 
1.80151393148446e-01 1.08293863947377e+05 
1.80345371666987e-01 1.08269670204370e+05 
1.80539528799336e-01 1.08244164796483e+05 
1.80733688543250e-01 1.08214657043557e+05 
1.80928038964238e-01 1.08183776952607e+05 
1.81122406548261e-01 1.08150675498993e+05 
1.81316977278286e-01 1.08114489612067e+05 
1.81511580427441e-01 1.08074585928414e+05 
1.81706399598774e-01 1.08030428094093e+05 
1.81901266447262e-01 1.07983648043440e+05 
1.82096362649719e-01 1.07934431660349e+05 
1.82291520439390e-01 1.07883110438178e+05 
1.82486918929281e-01 1.07829790830893e+05 
1.82682392258209e-01 1.07774511872403e+05 
1.82878117682968e-01 1.07717417676843e+05 
1.83073932054797e-01 1.07658976326268e+05 
1.83270009079718e-01 1.07599255997316e+05 
1.83466189154840e-01 1.07538618593742e+05 
1.83662642344697e-01 1.07477133753805e+05 
1.83859214616070e-01 1.07415134210957e+05 
1.84056071330634e-01 1.07352627510336e+05 
1.84253063754949e-01 1.07289804171284e+05 
1.84450353091869e-01 1.07226651247485e+05 
1.84647793934394e-01 1.07163325696536e+05 
1.84845544696767e-01 1.07099825401829e+05 
1.85043461651805e-01 1.07036300097872e+05 
1.85241701288031e-01 1.06972766463573e+05 
1.85440120992215e-01 1.06909364245548e+05 
1.85638875749764e-01 1.06846106912551e+05 
1.85837823366825e-01 1.06783109822080e+05 
1.86037116163554e-01 1.06720373610206e+05 
1.86236611674870e-01 1.06658001930197e+05 
1.86436459782945e-01 1.06595988533997e+05 
1.86636523527501e-01 1.06534433366595e+05 
1.86836950495711e-01 1.06473325260258e+05 
1.87037603823534e-01 1.06412761891849e+05 
1.87238631939460e-01 1.06352720882856e+05 
1.87439895651371e-01 1.06293286929536e+05 
1.87641546229835e-01 1.06234420532310e+05 
1.87843440910987e-01 1.06176195075359e+05 
1.88045735270964e-01 1.06118555702293e+05 
1.88248282040585e-01 1.06061560247021e+05 
1.88451242315106e-01 1.06005135430305e+05 
1.88654463027811e-01 1.05949337667861e+05 
1.88858111788605e-01 1.05894094984015e+05 
1.89062028592501e-01 1.05839454501120e+05 
1.89266388574980e-01 1.05785342060711e+05 
1.89471023844724e-01 1.05731856607800e+05 
1.89676118005171e-01 1.05678916025493e+05 
1.89881494491906e-01 1.05626569966795e+05 
1.90087346233248e-01 1.05574767689017e+05 
1.90293487116702e-01 1.05523652443953e+05 
1.90500120298034e-01 1.05473359783389e+05 
1.90707049254899e-01 1.05423914634835e+05 
1.90914488589861e-01 1.05375384808138e+05 
1.91122230312872e-01 1.05328094733477e+05 
1.91330502162541e-01 1.05282239230981e+05 
1.91539082609837e-01 1.05237384658046e+05 
1.91748214140011e-01 1.05194414446464e+05 
1.91957660082456e-01 1.05154068293188e+05 
1.92167693546713e-01 1.05116765036818e+05 
1.92378033795450e-01 1.05082665971151e+05 
1.92588958771903e-01 1.05048470957206e+05 
1.92800198781678e-01 1.05019732132712e+05 
1.93012054243793e-01 1.04995352178998e+05 
1.93223993276685e-01 1.04974804101000e+05 
1.93435947129308e-01 1.04957562831547e+05 
1.93647923292209e-01 1.04947247920052e+05 
1.93859912396550e-01 1.04937104136776e+05 
1.94071924957766e-01 1.04926814133826e+05 
1.94283952172748e-01 1.04916576136130e+05 
1.94495138944971e-01 1.04910212875048e+05 
1.94706310288455e-01 1.04921991312733e+05 
1.94916096108979e-01 1.04958329255367e+05 
1.95125801698585e-01 1.05025069653541e+05 
1.95334125844546e-01 1.05127948978426e+05 
1.95542302694700e-01 1.05272193068749e+05 
1.95749103997549e-01 1.05450585080520e+05 
1.95955690837060e-01 1.05661789937610e+05 
1.96160910617864e-01 1.05903337998509e+05 
1.96365849723915e-01 1.06174548969909e+05 
1.96569433289761e-01 1.06471331553103e+05 
1.96772671888000e-01 1.06792037795395e+05 
1.96974572764584e-01 1.07131263905556e+05 
1.97176612915535e-01 1.07487389503396e+05 
1.97377770980896e-01 1.07853280700170e+05 
1.97579796725291e-01 1.08229038194361e+05 
1.97781264819038e-01 1.08607387243221e+05 
1.97983409196188e-01 1.08984864702447e+05 
1.98184794119886e-01 1.09353035855704e+05 
1.98387119676691e-01 1.09710957947512e+05 
1.98588851690951e-01 1.10054803009738e+05 
1.98791249506129e-01 1.10377790536115e+05 
1.98992853738627e-01 1.10670694269786e+05 
1.99195376481018e-01 1.10933361095782e+05 
1.99397284556925e-01 1.11183298726132e+05 
1.99599839534873e-01 1.11390739267213e+05 
1.99801586920178e-01 1.11543725540047e+05 
2.00004237949685e-01 1.11654148101774e+05 
2.00206262674391e-01 1.11729401942735e+05 
