# Liste des scalaires : TEMPS pmat 
0.00000000000000e+00 1.00000000000000e+05 
7.22956891292051e-05 1.00000000000000e+05 
1.39473830159787e-04 1.00000000000000e+05 
2.09658797050087e-04 1.00000000000000e+05 
2.76117114236755e-04 1.00000000000000e+05 
3.20638761908157e-04 1.00000000000000e+05 
3.55139419127709e-04 1.00000000000000e+05 
3.84466703006991e-04 1.00000000000000e+05 
4.10882456555396e-04 1.00000000000000e+05 
4.35440253196375e-04 1.00000000000000e+05 
4.62453829501451e-04 1.00000000000000e+05 
4.92168763437036e-04 1.00000000000000e+05 
5.24855190766179e-04 1.00000000000000e+05 
5.60810260828236e-04 1.00000000000000e+05 
6.00360837896499e-04 1.00000000000000e+05 
6.43866472671588e-04 1.00000000000000e+05 
6.91722670924186e-04 1.00000000000000e+05 
7.44364489002044e-04 1.00000000000000e+05 
8.02270488887688e-04 1.00000000000000e+05 
8.65967088761896e-04 1.00000000000000e+05 
9.36033348623525e-04 1.00000000000000e+05 
1.01310623447132e-03 1.00000000000000e+05 
1.09788640890389e-03 1.00000000000000e+05 
1.19114460077972e-03 1.00000000000000e+05 
1.28874595968003e-03 1.00000000000000e+05 
1.39427742078098e-03 1.00000000000000e+05 
1.50221628787636e-03 1.00000000000000e+05 
1.61553425737494e-03 1.00000000000000e+05 
1.73457348070848e-03 1.00000000000000e+05 
1.85733677968641e-03 1.00000000000000e+05 
1.98616223838902e-03 1.00000000000000e+05 
2.11872938704660e-03 1.00000000000000e+05 
2.25541689819697e-03 1.00000000000000e+05 
2.39772133018712e-03 1.00000000000000e+05 
2.54485627309132e-03 1.00000000000000e+05 
2.69657390129243e-03 1.00000000000000e+05 
2.85238267869216e-03 1.00000000000000e+05 
3.01245336052081e-03 1.00000000000000e+05 
3.17812497446141e-03 1.00000000000000e+05 
3.34903914085974e-03 1.00000000000000e+05 
3.52550659026341e-03 1.00000000000000e+05 
3.70726992321411e-03 1.00000000000000e+05 
3.89587589613621e-03 1.00000000000000e+05 
4.08975108537215e-03 1.00000000000000e+05 
4.28959471140256e-03 1.00000000000000e+05 
4.49516060408461e-03 1.00000000000000e+05 
4.70839016598804e-03 1.00000000000000e+05 
4.92856382961054e-03 1.00000000000000e+05 
5.15483884145825e-03 1.00000000000000e+05 
5.38810296190581e-03 1.00000000000000e+05 
5.62716630832567e-03 1.00000000000000e+05 
5.87020911792145e-03 1.00000000000000e+05 
6.12048301668783e-03 1.00000000000000e+05 
6.37286594506369e-03 1.00000000000000e+05 
6.63255281660311e-03 1.00000000000000e+05 
6.89402258475697e-03 1.00000000000000e+05 
7.16407888327116e-03 1.00000000000000e+05 
7.43688359574327e-03 1.00000000000000e+05 
7.71399377498867e-03 1.00000000000000e+05 
7.99382005093496e-03 1.00000000000000e+05 
8.27676457364177e-03 1.00000000000000e+05 
8.55486944381477e-03 1.00000000000000e+05 
8.82693110893934e-03 1.00000000000000e+05 
9.09434973928789e-03 1.00000000000000e+05 
9.35798186879101e-03 1.00000000000000e+05 
9.61828172660414e-03 1.00000000000000e+05 
9.87458772585001e-03 1.00000000000000e+05 
1.01275998208442e-02 1.00000000000000e+05 
1.03780905084264e-02 1.00000000000000e+05 
1.06260593204736e-02 1.00000000000000e+05 
1.08549553972685e-02 1.00000000000000e+05 
1.10600485225891e-02 1.00000000000000e+05 
1.12527947140519e-02 1.00000000000000e+05 
1.14376552930281e-02 1.00000000000000e+05 
1.16160611224082e-02 1.00000000000000e+05 
1.17894062736389e-02 1.00000000000000e+05 
1.19585736689749e-02 1.00000000000000e+05 
1.21239480300722e-02 1.00000000000000e+05 
1.22866261972414e-02 1.00000000000000e+05 
1.24468088405557e-02 1.00000000000000e+05 
1.26055541432226e-02 1.00000000000000e+05 
1.27631469114050e-02 1.00000000000000e+05 
1.29206083628925e-02 1.00000000000000e+05 
1.30781235494346e-02 1.00000000000000e+05 
1.32361993042333e-02 1.00000000000000e+05 
1.33950718259078e-02 1.00000000000000e+05 
1.35550961115939e-02 1.00000000000000e+05 
1.37170963219218e-02 1.00000000000000e+05 
1.38810978970231e-02 1.00000000000000e+05 
1.40478739827017e-02 1.00000000000000e+05 
1.42173476147814e-02 1.00000000000000e+05 
1.43901207232507e-02 1.00000000000000e+05 
1.45659855191079e-02 1.00000000000000e+05 
1.47453843972786e-02 1.00000000000000e+05 
1.49279600623750e-02 1.00000000000000e+05 
1.51140127912574e-02 1.00000000000000e+05 
1.53029461487132e-02 1.00000000000000e+05 
1.54948390554552e-02 1.00000000000000e+05 
1.56887170316802e-02 1.00000000000000e+05 
1.58843273769663e-02 1.00000000000000e+05 
1.60790246265473e-02 1.00000000000000e+05 
1.62708040448484e-02 1.00000000000000e+05 
1.64587607608964e-02 1.00000000000000e+05 
1.66421049934254e-02 1.00000000000000e+05 
1.68216595164156e-02 1.00000000000000e+05 
1.69981367665616e-02 1.00000000000000e+05 
1.71701896985926e-02 1.00000000000000e+05 
1.73391063918241e-02 1.00000000000000e+05 
1.75044840192601e-02 1.00000000000000e+05 
1.76673794478011e-02 1.00000000000000e+05 
1.78292265331489e-02 1.00000000000000e+05 
1.79906414244758e-02 1.00000000000000e+05 
1.81525836811117e-02 1.00000000000000e+05 
1.83153848800240e-02 1.00000000000000e+05 
1.84796893899676e-02 1.00000000000000e+05 
1.86457271381722e-02 1.00000000000000e+05 
1.88137219741303e-02 1.00000000000000e+05 
1.89827530621133e-02 1.00000000000000e+05 
1.91535367900126e-02 1.00000000000000e+05 
1.93255482683958e-02 1.00000000000000e+05 
1.94985125652016e-02 1.00000000000000e+05 
1.96725741593151e-02 1.00000000000000e+05 
1.98480252683187e-02 1.00000000000000e+05 
2.00249676192638e-02 1.00000000000000e+05 
2.02035969021970e-02 1.00000000000000e+05 
2.03839826799690e-02 1.00000000000000e+05 
2.05662414212370e-02 1.00000000000000e+05 
2.07504227521134e-02 1.00000000000000e+05 
2.09365941690352e-02 1.00000000000000e+05 
2.11248074674668e-02 1.00000000000000e+05 
2.13148127275925e-02 1.00000000000000e+05 
2.15061540764096e-02 1.00000000000000e+05 
2.16989976691842e-02 1.00000000000000e+05 
2.18925391977481e-02 1.00000000000000e+05 
2.20868635832903e-02 1.00000000000000e+05 
2.22820623218326e-02 1.00000000000000e+05 
2.24783490766144e-02 1.00000000000000e+05 
2.26758315329227e-02 1.00000000000000e+05 
2.28747206349825e-02 1.00000000000000e+05 
2.30751250000325e-02 1.00000000000000e+05 
2.32772308318614e-02 1.00000000000000e+05 
2.34811310881567e-02 1.00000000000000e+05 
2.36869788090969e-02 1.00000000000000e+05 
2.38942313842431e-02 1.00000000000000e+05 
2.41030392190287e-02 1.00000000000000e+05 
2.43134194689075e-02 1.00000000000000e+05 
2.45253303811760e-02 1.00000000000000e+05 
2.47386035705867e-02 1.00000000000000e+05 
2.49534497841874e-02 1.00000000000000e+05 
2.51699462231033e-02 1.00000000000000e+05 
2.53882896637029e-02 1.00000000000000e+05 
2.56085584454273e-02 1.00000000000000e+05 
2.58309196533356e-02 1.00000000000000e+05 
2.60554300697436e-02 1.00000000000000e+05 
2.62822308804638e-02 1.00000000000000e+05 
2.65108920990132e-02 1.00000000000000e+05 
2.67415574235628e-02 1.00000000000000e+05 
2.69741664650876e-02 1.00000000000000e+05 
2.72089379951856e-02 1.00000000000000e+05 
2.74458016134703e-02 1.00000000000000e+05 
2.76849637543504e-02 1.00000000000000e+05 
2.79263503852634e-02 1.00000000000000e+05 
2.81701476519400e-02 1.00000000000000e+05 
2.84162677717973e-02 1.00000000000000e+05 
2.86648722663305e-02 1.00000000000000e+05 
2.89158609742028e-02 1.00000000000000e+05 
2.91693635538216e-02 1.00000000000000e+05 
2.94252725374898e-02 1.00000000000000e+05 
2.96836994018240e-02 1.00000000000000e+05 
2.99445337216889e-02 1.00000000000000e+05 
3.02076326846911e-02 1.00000000000000e+05 
3.04727525558047e-02 1.00000000000000e+05 
3.07400315065904e-02 1.00000000000000e+05 
3.10092558905696e-02 1.00000000000000e+05 
3.12805204031504e-02 1.00000000000000e+05 
3.15535786707428e-02 1.00000000000000e+05 
3.18284873397085e-02 1.00000000000000e+05 
3.21049923947652e-02 1.00000000000000e+05 
3.23831361174316e-02 1.00000000000000e+05 
3.26626579381864e-02 1.00000000000000e+05 
3.29435836683672e-02 1.00000000000000e+05 
3.32256875437027e-02 1.00000000000000e+05 
3.35089537225198e-02 1.00000000000000e+05 
3.37932028585829e-02 1.00000000000000e+05 
3.40784241288918e-02 1.00000000000000e+05 
3.43644666086013e-02 1.00000000000000e+05 
3.46513303949223e-02 1.00000000000000e+05 
3.49388770348580e-02 1.00000000000000e+05 
3.52265399731152e-02 1.00000000000000e+05 
3.55141134151630e-02 1.00000000000000e+05 
3.58012974377150e-02 1.00000000000000e+05 
3.60884077702298e-02 1.00000000000000e+05 
3.63751653235608e-02 1.00000000000000e+05 
3.66618621392091e-02 1.00000000000000e+05 
3.69482620605179e-02 1.00000000000000e+05 
3.72346379792175e-02 1.00000000000000e+05 
3.75207859618021e-02 1.00000000000000e+05 
3.78069595431831e-02 1.00000000000000e+05 
3.80929513653117e-02 1.00000000000000e+05 
3.83789920217241e-02 1.00000000000000e+05 
3.86648611277786e-02 1.00000000000000e+05 
3.89507804646099e-02 1.00000000000000e+05 
3.92365367540077e-02 1.00000000000000e+05 
3.95223634700844e-02 1.00000000000000e+05 
3.98080728368567e-02 1.00000000000000e+05 
4.00938960507135e-02 1.00000000000000e+05 
4.03796626660158e-02 1.00000000000000e+05 
4.06655996625088e-02 1.00000000000000e+05 
4.09515365040150e-02 1.00000000000000e+05 
4.12377042442123e-02 1.00000000000000e+05 
4.15239150983940e-02 1.00000000000000e+05 
4.18104215550007e-02 1.00000000000000e+05 
4.20970368902978e-02 1.00000000000000e+05 
4.23840282163457e-02 1.01465438978504e+05 
4.26708003070916e-02 1.06698144012023e+05 
4.29576478673465e-02 1.16656451862905e+05 
4.32443266638825e-02 1.30678395696730e+05 
4.35311555837498e-02 1.46757926268235e+05 
4.38178742217874e-02 1.58405597308562e+05 
4.41048053799172e-02 1.63867820643708e+05 
4.43916767838779e-02 1.64669685105835e+05 
4.46788306409601e-02 1.64153827949996e+05 
4.49659845213192e-02 1.62976595703474e+05 
4.52534795800476e-02 1.60468045266087e+05 
4.55410040666050e-02 1.57510044062880e+05 
4.58289261932041e-02 1.54639356959630e+05 
4.61169444777101e-02 1.51916934626027e+05 
4.64054495396780e-02 1.49513965941453e+05 
4.66941341996759e-02 1.47521507128254e+05 
4.69833890606794e-02 1.45855254731920e+05 
4.72728863294226e-02 1.44481217948635e+05 
4.75630183216628e-02 1.43266691642301e+05 
4.78534474477672e-02 1.42190728940903e+05 
4.81445260764220e-02 1.41168681368026e+05 
4.84352726523279e-02 1.40125564142510e+05 
4.87271693978629e-02 1.39058228039238e+05 
4.90176677921422e-02 1.37948088992385e+05 
4.93095679891345e-02 1.36803043873023e+05 
4.95998724439478e-02 1.35634560620641e+05 
4.98916919741146e-02 1.34449908006082e+05 
5.01821202313279e-02 1.33275355742143e+05 
5.04737940266296e-02 1.32113501543741e+05 
5.07647826426220e-02 1.30976160975116e+05 
5.10565540931845e-02 1.29864922573756e+05 
5.13483243980883e-02 1.28781798825029e+05 
5.16402635087223e-02 1.27734255980268e+05 
5.19319581471506e-02 1.26719287763832e+05 
5.22236993232407e-02 1.25742107072947e+05 
5.25149153583249e-02 1.24798851671460e+05 
5.28060654595472e-02 1.23891219407341e+05 
5.30964726243011e-02 1.23014224928004e+05 
5.33868000994912e-02 1.22167591987793e+05 
5.36764097417305e-02 1.21347623078968e+05 
5.39661519846974e-02 1.20549570789486e+05 
5.42553978828988e-02 1.19770626355686e+05 
5.45450930583926e-02 1.19009318458035e+05 
5.48345927294399e-02 1.18264779740675e+05 
5.51248634926095e-02 1.17535556758993e+05 
5.54152309041583e-02 1.16819635781843e+05 
5.57066468265964e-02 1.16117703049904e+05 
5.59984185437520e-02 1.15430117004647e+05 
5.62914348336688e-02 1.14757601899735e+05 
5.65849673479994e-02 1.14099676321842e+05 
5.68797382572656e-02 1.13459212259545e+05 
5.71751857139748e-02 1.12837584611792e+05 
5.74717070566390e-02 1.12235740512827e+05 
5.77691468550468e-02 1.11650115047127e+05 
5.80675242097376e-02 1.11083812076642e+05 
5.83668377592475e-02 1.10534252479295e+05 
5.86671123372587e-02 1.10004268577438e+05 
5.89682308238541e-02 1.09494518035825e+05 
5.92696182071139e-02 1.09009395930578e+05 
5.95712466419326e-02 1.08547285900177e+05 
5.98728971718851e-02 1.08110996865569e+05 
6.01746963830752e-02 1.07698523023808e+05 
6.04764426684350e-02 1.07311063864654e+05 
6.07782724907567e-02 1.06948557684458e+05 
6.10799797134730e-02 1.06608529023523e+05 
6.13817136258377e-02 1.06291418367324e+05 
6.16832697600764e-02 1.05991699930955e+05 
6.19848272308156e-02 1.05709740842985e+05 
6.22861738111937e-02 1.05445641677650e+05 
6.25875084134272e-02 1.05196017096679e+05 
6.28885772553777e-02 1.04959828576816e+05 
6.31896293762655e-02 1.04734807649779e+05 
6.34903732787855e-02 1.04519648844453e+05 
6.37910695168168e-02 1.04312063906035e+05 
6.40910996851360e-02 1.04111200363412e+05 
6.43910438160564e-02 1.03914330907434e+05 
6.46903368899845e-02 1.03720710063901e+05 
6.49895412890650e-02 1.03527637543699e+05 
6.52881209576279e-02 1.03334713862241e+05 
6.55866697190445e-02 1.03139683731908e+05 
6.58847717418591e-02 1.02942215613917e+05 
6.61831101825650e-02 1.02740663919542e+05 
6.64810803209366e-02 1.02535115223878e+05 
6.67794639060657e-02 1.02325294847230e+05 
6.70775933355408e-02 1.02108579423139e+05 
6.73760688745375e-02 1.01885374241231e+05 
6.76742930546366e-02 1.01657140411025e+05 
6.79727338821213e-02 1.01422711609288e+05 
6.82709852911679e-02 1.01182898446843e+05 
6.85694236466866e-02 1.00938238607995e+05 
6.88676858040605e-02 1.00688946481572e+05 
6.91662020203176e-02 1.00433241674316e+05 
6.94645882498921e-02 1.00174617730441e+05 
6.97632701661656e-02 9.99115603513772e+04 
7.00618299825825e-02 9.96469172997721e+04 
7.03606458183021e-02 9.93798319355327e+04 
7.06592674258039e-02 9.91122668366833e+04 
7.09581214501140e-02 9.88438213099784e+04 
7.12567693737287e-02 9.85760083225780e+04 
7.15555689332671e-02 9.83088070708463e+04 
7.18542249584831e-02 9.80439403877546e+04 
7.21530865688385e-02 9.77802082430673e+04 
7.24516662662692e-02 9.75201247812288e+04 
7.27505119547196e-02 9.72627259713348e+04 
7.30491264133117e-02 9.70123049510680e+04 
7.33480314062373e-02 9.67715363128355e+04 
7.36467923713571e-02 9.65284382356045e+04 
7.39458963779326e-02 9.63301449682649e+04 
7.42448144019973e-02 9.61626384319224e+04 
7.45440544661387e-02 9.60176469226994e+04 
7.48432771169873e-02 9.59172498066219e+04 
7.51426123543213e-02 9.58270610539877e+04 
7.54419211757582e-02 9.57500892000503e+04 
7.57413650641207e-02 9.57896749809650e+04 
7.60407613491736e-02 9.60062604035780e+04 
7.63402228335352e-02 9.65093650546264e+04 
7.66395897620268e-02 9.73925445679483e+04 
7.69390083045184e-02 9.86955712605541e+04 
7.72383311480007e-02 1.00474683520746e+05 
7.75377124870168e-02 1.02891457819004e+05 
7.78370231580826e-02 1.06085988007423e+05 
7.81364278884854e-02 1.09882395439033e+05 
7.84358020681309e-02 1.14013760685784e+05 
7.87353263256940e-02 1.18062457464188e+05 
7.90348661051510e-02 1.21974871698508e+05 
7.93346242162469e-02 1.24687795558283e+05 
7.96344449508467e-02 1.26287477587174e+05 
7.99344740036726e-02 1.26663465669892e+05 
8.02344780907657e-02 1.26894322477243e+05 
8.05346316891367e-02 1.26790580763478e+05 
8.08347956994763e-02 1.26376482791005e+05 
8.11351463175610e-02 1.25866586597490e+05 
8.14355452771931e-02 1.25249894668551e+05 
8.17361802273229e-02 1.24610546336127e+05 
8.20369061079151e-02 1.24060817682613e+05 
8.23379235160543e-02 1.23655819902545e+05 
8.26390720872860e-02 1.23440391128395e+05 
8.29405683521934e-02 1.23430937099453e+05 
8.32420850594266e-02 1.23601872252981e+05 
8.35437380180465e-02 1.23932223094870e+05 
8.38454328083857e-02 1.24384499200544e+05 
8.41472970996983e-02 1.24917133892259e+05 
8.44492374934114e-02 1.25470984528512e+05 
8.47513866170673e-02 1.25993777722202e+05 
8.50536347738206e-02 1.26467083118851e+05 
8.53561280544942e-02 1.26821952562490e+05 
8.56586662519182e-02 1.27098991670389e+05 
8.59613487377959e-02 1.27182724893468e+05 
8.62640254627102e-02 1.27040152941274e+05 
8.65668825803475e-02 1.26737111459017e+05 
8.68697677945262e-02 1.26222933198361e+05 
8.71728762911257e-02 1.25684343013132e+05 
8.74760491546646e-02 1.25152752298764e+05 
8.77794895371792e-02 1.24615095111022e+05 
8.80830231501528e-02 1.24072027135351e+05 
8.83868564802902e-02 1.23511650897014e+05 
8.86907895628333e-02 1.22936832789494e+05 
8.89948515334048e-02 1.22358930918588e+05 
8.92989360995328e-02 1.21780444886378e+05 
8.96031648724468e-02 1.21205291814423e+05 
8.99074330201924e-02 1.20635670385714e+05 
9.02118668586747e-02 1.20074827074641e+05 
9.05163580681348e-02 1.19523967329868e+05 
9.08210400268978e-02 1.18986255791623e+05 
9.11257990907983e-02 1.18462403726039e+05 
9.14307747306481e-02 1.17955064379060e+05 
9.17358444482628e-02 1.17463952336319e+05 
9.20411611420836e-02 1.16990174632271e+05 
9.23465957129469e-02 1.16532688060444e+05 
9.26523143517944e-02 1.16092223489016e+05 
9.29581731390281e-02 1.15669209113839e+05 
9.32643486172861e-02 1.15264353791353e+05 
9.35706750093369e-02 1.14881173629855e+05 
9.38771748744281e-02 1.14515896869960e+05 
9.41837345127984e-02 1.14174308507971e+05 
9.44904422585849e-02 1.13852513738801e+05 
9.47972063338842e-02 1.13534576156200e+05 
9.51041107839204e-02 1.13221752360336e+05 
9.54110677273527e-02 1.12917428018715e+05 
9.57181570602217e-02 1.12615497335738e+05 
9.60252940659954e-02 1.12313033807646e+05 
9.63325585466549e-02 1.12005796996117e+05 
9.66398625716562e-02 1.11690613018568e+05 
9.69472935846430e-02 1.11363434993969e+05 
9.72547595373748e-02 1.11020385985719e+05 
9.75623581294151e-02 1.10652537696192e+05 
9.78699903489826e-02 1.10256812598548e+05 
9.81777771998286e-02 1.09830937627975e+05 
9.84855990924613e-02 1.09372192894166e+05 
9.87935928061252e-02 1.08887411620474e+05 
9.91016234013394e-02 1.08369604432993e+05 
9.94098414604971e-02 1.07822250018764e+05 
9.97181022962885e-02 1.07251558762159e+05 
1.00026571317238e-01 1.06669544308051e+05 
1.00335099576652e-01 1.06072247752159e+05 
1.00643762508338e-01 1.05458706730425e+05 
1.00952417763157e-01 1.04830311693961e+05 
1.01261174201155e-01 1.04195601349957e+05 
1.01569956051934e-01 1.03556785991293e+05 
1.01878839846242e-01 1.02915168408326e+05 
1.02187771473042e-01 1.02275159189642e+05 
1.02496817824122e-01 1.01637448814180e+05 
1.02805908520567e-01 1.01005471789554e+05 
1.03115151359128e-01 1.00381747047030e+05 
1.03424434863062e-01 9.97675991228248e+04 
1.03733872827676e-01 9.91645317366039e+04 
1.04043354136956e-01 9.85744971353829e+04 
1.04352971765361e-01 9.79985283374529e+04 
1.04662382899089e-01 9.74387931976841e+04 
1.04971708946548e-01 9.68959679751249e+04 
1.05280830365534e-01 9.63714264253001e+04 
1.05589869735611e-01 9.58656179865282e+04 
1.05898712578687e-01 9.53796159185206e+04 
1.06207474450273e-01 9.49136877535508e+04 
1.06516038313411e-01 9.44684588993977e+04 
1.06824491344899e-01 9.40442974705011e+04 
1.07132727486456e-01 9.36411796806244e+04 
1.07440814995698e-01 9.32595218554033e+04 
1.07748687100892e-01 9.29006954423868e+04 
1.08056299239036e-01 9.25634776908855e+04 
1.08363719391531e-01 9.22516216393991e+04 
1.08670839078155e-01 9.19630545478477e+04 
1.08977773091277e-01 9.17023395018192e+04 
1.09284418144709e-01 9.14732164781732e+04 
1.09590861375325e-01 9.12737578865732e+04 
1.09897039291334e-01 9.11057194102443e+04 
1.10202946969812e-01 9.09546780159116e+04 
1.10508689273732e-01 9.08264134157113e+04 
1.10814085761840e-01 9.07161818777335e+04 
1.11119395605451e-01 9.06380817092470e+04 
1.11424507709868e-01 9.05893273270330e+04 
1.11729399745976e-01 9.05641746660603e+04 
1.12034228003124e-01 9.05600115534105e+04 
1.12338779648069e-01 9.05770903099039e+04 
1.12643292453340e-01 9.06094182766848e+04 
1.12947515260070e-01 9.06555305377025e+04 
1.13251690502472e-01 9.07178670826296e+04 
1.13555595465767e-01 9.07968682869184e+04 
1.13859443943914e-01 9.08934991276933e+04 
1.14163042555553e-01 9.10058505233768e+04 
1.14466584306547e-01 9.11303242428629e+04 
1.14769904055841e-01 9.12678076398923e+04 
1.15073178952253e-01 9.14145594574039e+04 
1.15376274292276e-01 9.15655245902010e+04 
1.15679365648021e-01 9.17186872609990e+04 
1.15982276954399e-01 9.18697006572112e+04 
1.16285214567630e-01 9.20188792787473e+04 
1.16588062230933e-01 9.21612156648550e+04 
1.16890946096658e-01 9.22941664267057e+04 
1.17193884210303e-01 9.24166986727586e+04 
1.17496853418046e-01 9.25268430697603e+04 
1.17799850833671e-01 9.26309545171078e+04 
1.18102745486081e-01 9.27075121575948e+04 
1.18405546452832e-01 9.27656893708268e+04 
1.18708145757297e-01 9.28016044625482e+04 
1.19010584280870e-01 9.28336752766709e+04 
1.19312803317614e-01 9.28686573906167e+04 
1.19614862531186e-01 9.29013202704004e+04 
1.19916908578063e-01 9.29326608542756e+04 
1.20215869392925e-01 9.29641878604300e+04 
1.20518199652395e-01 9.30045595284577e+04 
1.20820318469318e-01 9.30602722613049e+04 
1.21122383428074e-01 9.31387436042291e+04 
1.21424305295099e-01 9.32482825021518e+04 
1.21726203362144e-01 9.33976869387271e+04 
1.22028023571268e-01 9.35955229428476e+04 
1.22330998583676e-01 9.38514305846883e+04 
1.22633983430152e-01 9.41714077450176e+04 
1.22936994956871e-01 9.45611219423621e+04 
1.23240107662577e-01 9.50226838739078e+04 
1.23543369797908e-01 9.55543634677136e+04 
1.23846820112243e-01 9.61508772046729e+04 
1.24150474228191e-01 9.68008855040821e+04 
1.24454270905722e-01 9.74871567797900e+04 
1.24758143722608e-01 9.81906865943060e+04 
1.25062010599976e-01 9.88850901709151e+04 
1.25365766201132e-01 9.95493059061978e+04 
1.25669430873705e-01 1.00145326682391e+05 
1.25972904469574e-01 1.00640492507291e+05 
1.26276308353005e-01 1.01082272234659e+05 
1.26579573919007e-01 1.01344596477884e+05 
1.26882842050040e-01 1.01472716843341e+05 
1.27186069889387e-01 1.01480244940052e+05 
1.27489354282466e-01 1.01372632590898e+05 
1.27792679155473e-01 1.01258511485539e+05 
1.28096057093585e-01 1.01117708816060e+05 
1.28399546037608e-01 1.00956297576333e+05 
1.28703037289986e-01 1.00752851459081e+05 
1.29006681657501e-01 1.00506268965942e+05 
1.29310295753559e-01 1.00231260747811e+05 
1.29614042479127e-01 9.99343674931396e+04 
1.29917713678777e-01 9.96200345271653e+04 
1.30221496904590e-01 9.92950032761105e+04 
1.30525163645016e-01 9.89633057057108e+04 
1.30828923875110e-01 9.86284788699934e+04 
1.31132535064180e-01 9.82959270985321e+04 
1.31436216613599e-01 9.79665251248341e+04 
1.31739743526584e-01 9.76430313174694e+04 
1.32043312373671e-01 9.73248577087727e+04 
1.32346728329713e-01 9.70141042915911e+04 
1.32650154455435e-01 9.67119504823652e+04 
1.32953437585860e-01 9.64192930382390e+04 
1.33256735551616e-01 9.61363598896703e+04 
1.33559897784498e-01 9.58679869203070e+04 
1.33863073635106e-01 9.56149044341253e+04 
1.34166127558208e-01 9.53700727758311e+04 
1.34469186880935e-01 9.51512042890303e+04 
1.34772131179188e-01 9.49514768791742e+04 
1.35075065811411e-01 9.47698803762283e+04 
1.35377887267114e-01 9.46122957893101e+04 
1.35680681795154e-01 9.44653396774454e+04 
1.35983364978595e-01 9.43546688896357e+04 
1.36286005850557e-01 9.42987250489553e+04 
1.36588523567082e-01 9.43112523845136e+04 
1.36890990517264e-01 9.43993515369386e+04 
1.37193329038726e-01 9.45527943342835e+04 
1.37495594674621e-01 9.47682807605203e+04 
1.37797747331214e-01 9.50387307761181e+04 
1.38099879980082e-01 9.53534360360725e+04 
1.38401920410356e-01 9.56990393202335e+04 
1.38703965077875e-01 9.60598395605439e+04 
1.39005926286755e-01 9.64185217791386e+04 
1.39307907359216e-01 9.67683476958420e+04 
1.39609804438698e-01 9.70742103836594e+04 
1.39911738144294e-01 9.73429538619443e+04 
1.40213583615869e-01 9.75409854382328e+04 
1.40515473243538e-01 9.76568435288664e+04 
1.40817258454535e-01 9.77128699914254e+04 
1.41119088641122e-01 9.77298657321809e+04 
1.41420797171764e-01 9.77416389336918e+04 
1.41722548624466e-01 9.77279253377800e+04 
1.42024170811108e-01 9.76935424795922e+04 
1.42325827997083e-01 9.76338214453757e+04 
1.42627354676043e-01 9.75594271761449e+04 
1.42928911385023e-01 9.74708798800312e+04 
1.43230340986292e-01 9.73678122928615e+04 
1.43531805631606e-01 9.72574535668816e+04 
1.43833145425933e-01 9.71452518248103e+04 
1.44134528986081e-01 9.70328043522514e+04 
1.44435790734167e-01 9.69216835149703e+04 
1.44737101547538e-01 9.68138090495747e+04 
1.45038291800299e-01 9.67077269093257e+04 
1.45339535263734e-01 9.66067386344800e+04 
1.45640661398551e-01 9.65100245326495e+04 
1.45941848530470e-01 9.64211186633671e+04 
1.46242915507766e-01 9.63387817352230e+04 
1.46544040842301e-01 9.62613399675727e+04 
1.46845034226449e-01 9.61859870659312e+04 
1.47149505492683e-01 9.61099115419886e+04 
1.47453981929467e-01 9.60353269503138e+04 
1.47758551000288e-01 9.59614894898746e+04 
1.48063119396306e-01 9.58877754275539e+04 
1.48367791435533e-01 9.58139673199883e+04 
1.48672457534827e-01 9.57397815586535e+04 
1.48977222846109e-01 9.56657683107835e+04 
1.49281971499898e-01 9.55910836505045e+04 
1.49586815732901e-01 9.55166315607190e+04 
1.49891634412075e-01 9.54412114268492e+04 
1.50196559713077e-01 9.53655477910978e+04 
1.50501567423481e-01 9.52901665226692e+04 
1.50806829583484e-01 9.52146211499499e+04 
1.51112386301579e-01 9.51405303923296e+04 
1.51418149750207e-01 9.50670444425622e+04 
1.51724064546200e-01 9.49941817122509e+04 
1.52029916060808e-01 9.49227628815915e+04 
1.52335542406415e-01 9.48523994103910e+04 
1.52640863684874e-01 9.47832781058392e+04 
1.52945739516525e-01 9.47156958491829e+04 
1.53250389483540e-01 9.46492202642340e+04 
1.53554713594181e-01 9.45853677465694e+04 
1.53859006420242e-01 9.45234862655389e+04 
1.54163156753241e-01 9.44637554227910e+04 
1.54467395142740e-01 9.44063932017764e+04 
1.54771603642931e-01 9.43508987599138e+04 
1.55075926999736e-01 9.42978943124924e+04 
1.55380246463339e-01 9.42477682575829e+04 
1.55684651011240e-01 9.42000336024548e+04 
1.55989027926770e-01 9.41553331113822e+04 
1.56293450441043e-01 9.41122258396712e+04 
1.56597812467118e-01 9.40726924974052e+04 
1.56902200273173e-01 9.40378260924256e+04 
1.57206515304571e-01 9.40056731383480e+04 
1.57510858180833e-01 9.39779465785031e+04 
1.57815132830980e-01 9.39536282620479e+04 
1.58119446239076e-01 9.39347348283643e+04 
1.58423699275355e-01 9.39197466181233e+04 
1.58727997471000e-01 9.39081345418550e+04 
1.59032242911889e-01 9.39030067600065e+04 
1.59336544637287e-01 9.39043204823102e+04 
1.59640805395720e-01 9.39135239268334e+04 
1.59945138286529e-01 9.39323099192189e+04 
1.60249445041810e-01 9.39590064077633e+04 
1.60553852846534e-01 9.39958450343464e+04 
1.60858252295887e-01 9.40433117753232e+04 
1.61162775750494e-01 9.40976586020676e+04 
1.61467305566607e-01 9.41651555318400e+04 
1.61771975526926e-01 9.42436687245416e+04 
1.62076663829887e-01 9.43304853058596e+04 
1.62381503687828e-01 9.44254139725660e+04 
1.62686374942080e-01 9.45227552090878e+04 
1.62991400814485e-01 9.46234641174169e+04 
1.63296460335111e-01 9.47330211682073e+04 
1.63601676901485e-01 9.48554402426143e+04 
1.63906920244363e-01 9.49931709368554e+04 
1.64212314196112e-01 9.51470375569196e+04 
1.64517718681510e-01 9.53145692685397e+04 
1.64823262569564e-01 9.54957212579425e+04 
1.65128802857065e-01 9.56887955695100e+04 
1.65434487340048e-01 9.58931800092447e+04 
1.65740169751281e-01 9.61078948273130e+04 
1.66046007208933e-01 9.63311619566840e+04 
1.66351848113749e-01 9.65607544453030e+04 
1.66657863469072e-01 9.67946626277712e+04 
1.66963895211190e-01 9.70300508367096e+04 
1.67270121552603e-01 9.72643902475683e+04 
1.67576383101011e-01 9.74932762651251e+04 
1.67882855910930e-01 9.77136967340528e+04 
1.68189384972753e-01 9.79244175434154e+04 
1.68496140194633e-01 9.81158225283297e+04 
1.68802972440948e-01 9.82901259246919e+04 
1.69110042544005e-01 9.84419185263743e+04 
1.69417208570823e-01 9.85680864205536e+04 
1.69724626850816e-01 9.86856992304953e+04 
1.70032154227102e-01 9.87692964869894e+04 
1.70339932269003e-01 9.88278575815885e+04 
1.70647816500596e-01 9.88674676056661e+04 
1.70955949637108e-01 9.88789693000578e+04 
1.71264186271289e-01 9.88923261671247e+04 
1.71572672422060e-01 9.89074767199795e+04 
1.71881254599653e-01 9.89159346653509e+04 
1.72190084585530e-01 9.89162709922338e+04 
1.72499005819799e-01 9.89041107574342e+04 
1.72808169539349e-01 9.88788375811996e+04 
1.73117417502600e-01 9.88450620786113e+04 
1.73426899610629e-01 9.88085477772269e+04 
1.73736473182156e-01 9.87714049876551e+04 
1.74046281204340e-01 9.87376990431149e+04 
1.74356190191447e-01 9.87109178358335e+04 
1.74666344610427e-01 9.86929515350537e+04 
1.74976612219887e-01 9.86889296882774e+04 
1.75287137593724e-01 9.86966229014509e+04 
1.75597786913939e-01 9.87154409191313e+04 
1.75908699717256e-01 9.87445454662977e+04 
1.76219742161845e-01 9.87826345778773e+04 
1.76531049730275e-01 9.88276618648628e+04 
1.76842494974713e-01 9.88765656790730e+04 
1.77154206369392e-01 9.89265406879618e+04 
1.77466063102735e-01 9.89744303836291e+04 
1.77778187660940e-01 9.90171333217916e+04 
1.78090459172376e-01 9.90516337962013e+04 
1.78402996640976e-01 9.90750250210381e+04 
1.78715664764059e-01 9.90865673218765e+04 
1.79028553106638e-01 9.90781940098285e+04 
1.79341529261395e-01 9.90531995506073e+04 
1.79654702187745e-01 9.90015733386415e+04 
1.79967966574798e-01 9.89067035696310e+04 
1.80281435594486e-01 9.88039595060026e+04 
1.80594994590492e-01 9.86947041996223e+04 
1.80908779918138e-01 9.85750562511466e+04 
1.81222685277833e-01 9.84385132196505e+04 
1.81536838410242e-01 9.82950981276891e+04 
1.81851069433127e-01 9.81469940479952e+04 
1.82165516533533e-01 9.79895602785548e+04 
1.82480036457529e-01 9.78238388236784e+04 
1.82794724611163e-01 9.76498829287990e+04 
1.83109476460063e-01 9.74659247901813e+04 
1.83424393869243e-01 9.72756987428884e+04 
1.83739393208510e-01 9.70803455617375e+04 
1.84054578700542e-01 9.68819804117987e+04 
1.84369860562092e-01 9.66816306481464e+04 
1.84685335569678e-01 9.64809304504702e+04 
1.85000867440192e-01 9.62810204111245e+04 
1.85316537087514e-01 9.60830075927073e+04 
1.85632275889525e-01 9.58876053402789e+04 
1.85948178319647e-01 9.56955937542107e+04 
1.86264163196638e-01 9.55073508066057e+04 
1.86580305112446e-01 9.53233001409714e+04 
1.86896519419397e-01 9.51435414214458e+04 
1.87212871347378e-01 9.49683066029385e+04 
1.87529286984472e-01 9.47976367680032e+04 
1.87845816872119e-01 9.46317064377064e+04 
1.88162398677581e-01 9.44706441034476e+04 
1.88479087975489e-01 9.43146455112026e+04 
1.88795824508130e-01 9.41639430475433e+04 
1.89112668291106e-01 9.40187879181349e+04 
1.89429549769802e-01 9.38795006364855e+04 
1.89746542346125e-01 9.37463489013835e+04 
1.90078292328663e-01 9.36139795712397e+04 
1.90410116511691e-01 9.34890451432300e+04 
1.90741376039893e-01 9.33722490095677e+04 
1.91072709389331e-01 9.32638552541776e+04 
1.91403481704432e-01 9.31638314287866e+04 
1.91734331554523e-01 9.30738944407479e+04 
1.92064655785318e-01 9.29935342197557e+04 
1.92395065353327e-01 9.29252237743638e+04 
1.92724991036120e-01 9.28697999325588e+04 
1.93055010918416e-01 9.28292751828047e+04 
1.93384587108537e-01 9.28050468316990e+04 
1.93717907233700e-01 9.27964789034791e+04 
1.94050715067116e-01 9.27962926112284e+04 
1.94383669664818e-01 9.27995545974808e+04 
1.94716147916653e-01 9.28098054547310e+04 
1.95048796925531e-01 9.28299386439123e+04 
1.95380975876361e-01 9.28576606647924e+04 
1.95713292530369e-01 9.28902040154689e+04 
1.96045164226908e-01 9.29298530216562e+04 
1.96377209701241e-01 9.29781036795527e+04 
1.96708867075639e-01 9.30333257335300e+04 
1.97040700198385e-01 9.30968758881107e+04 
1.97372167492941e-01 9.31674168725037e+04 
1.97703801193257e-01 9.32436332908976e+04 
1.98035085607532e-01 9.33245289825459e+04 
1.98366534533643e-01 9.34098467624298e+04 
1.98697650684749e-01 9.34981981157589e+04 
1.99028935390593e-01 9.35893231244003e+04 
1.99359891695192e-01 9.36823067595491e+04 
1.99691016555958e-01 9.37770434008035e+04 
2.00021834187518e-01 9.38729908004004e+04 
2.00352821060618e-01 9.39703971089901e+04 
