# Liste des scalaires : TEMPS pmat 
0.00000000000000e+00 1.00000000000000e+05 
7.22956891292051e-05 1.00000000000000e+05 
1.39473830159790e-04 1.00000000000000e+05 
2.09658797050093e-04 1.00000000000000e+05 
2.76117114236758e-04 1.00000000000000e+05 
3.20638761908159e-04 1.00000000000000e+05 
3.55139419127712e-04 1.00000000000000e+05 
3.84466703006995e-04 1.00000000000000e+05 
4.10882456555400e-04 1.00000000000000e+05 
4.35440253196379e-04 1.00000000000000e+05 
4.62453829501455e-04 1.00000000000000e+05 
4.92168763437039e-04 1.00000000000000e+05 
5.24855190766182e-04 1.00000000000000e+05 
5.60810260828239e-04 1.00000000000000e+05 
6.00360837896502e-04 1.00000000000000e+05 
6.43866472671590e-04 1.00000000000000e+05 
6.91722670924188e-04 1.00000000000000e+05 
7.44364489002046e-04 1.00000000000000e+05 
8.02270488887689e-04 1.00000000000000e+05 
8.65967088761897e-04 1.00000000000000e+05 
9.36033348623525e-04 1.00000000000000e+05 
1.01310623447132e-03 1.00000000000000e+05 
1.09788640890389e-03 1.00000000000000e+05 
1.19114460077971e-03 1.00000000000000e+05 
1.28874595968003e-03 1.00000000000000e+05 
1.39427742078098e-03 1.00000000000000e+05 
1.50221628787635e-03 1.00000000000000e+05 
1.61553425737494e-03 1.00000000000000e+05 
1.73457348070847e-03 1.00000000000000e+05 
1.85733677968639e-03 1.00000000000000e+05 
1.98616223838899e-03 1.00000000000000e+05 
2.11872938704657e-03 1.00000000000000e+05 
2.25541689819693e-03 1.00000000000000e+05 
2.39772133018706e-03 1.00000000000000e+05 
2.54485627309126e-03 1.00000000000000e+05 
2.69657390129234e-03 1.00000000000000e+05 
2.85238267869206e-03 1.00000000000000e+05 
3.01245336052069e-03 1.00000000000000e+05 
3.17812497446130e-03 1.00000000000000e+05 
3.34903914085961e-03 1.00000000000000e+05 
3.52550659026326e-03 1.00000000000000e+05 
3.70726992321395e-03 1.00000000000000e+05 
3.89587589613603e-03 1.00000000000000e+05 
4.08975108537195e-03 1.00000000000000e+05 
4.28959471140235e-03 1.00000000000000e+05 
4.49516060408439e-03 1.00000000000000e+05 
4.70839016598780e-03 1.00000000000000e+05 
4.92856382961028e-03 1.00000000000000e+05 
5.15483884145797e-03 1.00000000000000e+05 
5.38810296190551e-03 1.00000000000000e+05 
5.62716630832536e-03 1.00000000000000e+05 
5.87020911792111e-03 1.00000000000000e+05 
6.12048301668745e-03 1.00000000000000e+05 
6.37286594506329e-03 1.00000000000000e+05 
6.63255281660266e-03 1.00000000000000e+05 
6.89402258475647e-03 1.00000000000000e+05 
7.16407888327064e-03 1.00000000000000e+05 
7.43688346949765e-03 1.00000000000000e+05 
7.71367430606291e-03 1.00000000000000e+05 
7.99348698891919e-03 1.00000000000000e+05 
8.27643778280384e-03 1.00000000000000e+05 
8.55454862680904e-03 1.00000000000000e+05 
8.82661622681536e-03 1.00000000000000e+05 
9.09404033821801e-03 1.00000000000000e+05 
9.35767622688699e-03 1.00000000000000e+05 
9.61797991937552e-03 1.00000000000000e+05 
9.87428983739616e-03 1.00000000000000e+05 
1.01273053309246e-02 1.00000000000000e+05 
1.03777983695168e-02 1.00000000000000e+05 
1.06257693654043e-02 1.00000000000000e+05 
1.08546906864278e-02 1.00000000000000e+05 
1.10598050350116e-02 1.00000000000000e+05 
1.12525634080876e-02 1.00000000000000e+05 
1.14374331079388e-02 1.00000000000000e+05 
1.16158412023651e-02 1.00000000000000e+05 
1.17891837433818e-02 1.00000000000000e+05 
1.19583447258760e-02 1.00000000000000e+05 
1.21237105622142e-02 1.00000000000000e+05 
1.22863811498902e-02 1.00000000000000e+05 
1.24465575889093e-02 1.00000000000000e+05 
1.26053006227623e-02 1.00000000000000e+05 
1.27628959819789e-02 1.00000000000000e+05 
1.29203679760586e-02 1.00000000000000e+05 
1.30778976712600e-02 1.00000000000000e+05 
1.32360148718095e-02 1.00000000000000e+05 
1.33949159308104e-02 1.00000000000000e+05 
1.35550248534583e-02 1.00000000000000e+05 
1.37171356826903e-02 1.00000000000000e+05 
1.38812795278200e-02 1.00000000000000e+05 
1.40482320712943e-02 1.00000000000000e+05 
1.42179224694453e-02 1.00000000000000e+05 
1.43909561135596e-02 1.00000000000000e+05 
1.45671323554812e-02 1.00000000000000e+05 
1.47468963481686e-02 1.00000000000000e+05 
1.49299025539906e-02 1.00000000000000e+05 
1.51164579644054e-02 1.00000000000000e+05 
1.53060785299139e-02 1.00000000000000e+05 
1.54989685405854e-02 1.00000000000000e+05 
1.56945333920787e-02 1.00000000000000e+05 
1.58929144262024e-02 1.00000000000000e+05 
1.60934444675173e-02 1.00000000000000e+05 
1.62962438379715e-02 1.00000000000000e+05 
1.65006100501828e-02 1.00000000000000e+05 
1.67066780661766e-02 1.00000000000000e+05 
1.69137421173476e-02 1.00000000000000e+05 
1.71218893110120e-02 1.00000000000000e+05 
1.73306558427312e-02 1.00000000000000e+05 
1.75399910260539e-02 1.00000000000000e+05 
1.77497074162688e-02 1.00000000000000e+05 
1.79596812038411e-02 1.00000000000000e+05 
1.81698921492930e-02 1.00000000000000e+05 
1.83801589041440e-02 1.00000000000000e+05 
1.85902102738005e-02 1.00000000000000e+05 
1.87995121327336e-02 1.00000000000000e+05 
1.90065195124006e-02 1.00000000000000e+05 
1.92104331197509e-02 1.00000000000000e+05 
1.94097886154960e-02 1.00000000000000e+05 
1.96046710354332e-02 1.00000000000000e+05 
1.97952916380990e-02 1.00000000000000e+05 
1.99827377853937e-02 1.00000000000000e+05 
2.01674487256316e-02 1.00000000000000e+05 
2.03497711622688e-02 1.00000000000000e+05 
2.05295895808784e-02 1.00000000000000e+05 
2.07069083120874e-02 1.00000000000000e+05 
2.08830312344056e-02 1.00000000000000e+05 
2.10581318149734e-02 1.00000000000000e+05 
2.12333045872678e-02 1.00000000000000e+05 
2.14085730266540e-02 1.00000000000000e+05 
2.15848093832827e-02 1.00000000000000e+05 
2.17619652670097e-02 1.00000000000000e+05 
2.19407693688919e-02 1.00000000000000e+05 
2.21211569403384e-02 1.00000000000000e+05 
2.23033884044477e-02 1.00000000000000e+05 
2.24857285735635e-02 1.00000000000000e+05 
2.26688169051613e-02 1.00000000000000e+05 
2.28524915229568e-02 1.00000000000000e+05 
2.30372992511354e-02 1.00000000000000e+05 
2.32230611990326e-02 1.00000000000000e+05 
2.34102646444388e-02 1.00000000000000e+05 
2.35987436988909e-02 1.00000000000000e+05 
2.37889777665027e-02 1.00000000000000e+05 
2.39808366727598e-02 1.00000000000000e+05 
2.41747774424164e-02 1.00000000000000e+05 
2.43706807147522e-02 1.00000000000000e+05 
2.45689592136333e-02 1.00000000000000e+05 
2.47694872845513e-02 1.00000000000000e+05 
2.49709174677106e-02 1.00000000000000e+05 
2.51730385603057e-02 1.00000000000000e+05 
2.53763012211710e-02 1.00000000000000e+05 
2.55806193130607e-02 1.00000000000000e+05 
2.57864355425803e-02 1.00000000000000e+05 
2.59936686549197e-02 1.00000000000000e+05 
2.62027176168868e-02 1.00000000000000e+05 
2.64134944192923e-02 1.00000000000000e+05 
2.66263391357459e-02 1.00000000000000e+05 
2.68411419308154e-02 1.00000000000000e+05 
2.70581872071996e-02 1.00000000000000e+05 
2.72773324009650e-02 1.00000000000000e+05 
2.74988311166516e-02 1.00000000000000e+05 
2.77225645523517e-02 1.00000000000000e+05 
2.79473882117507e-02 1.00000000000000e+05 
2.81731826599742e-02 1.00000000000000e+05 
2.84002839462630e-02 1.00000000000000e+05 
2.86285722402019e-02 1.00000000000000e+05 
2.88583516382360e-02 1.00000000000000e+05 
2.90894802935794e-02 1.00000000000000e+05 
2.93222225938204e-02 1.00000000000000e+05 
2.95564272079213e-02 1.00000000000000e+05 
2.97923153611983e-02 1.00000000000000e+05 
3.00297535382723e-02 1.00000000000000e+05 
3.02689418634878e-02 1.00000000000000e+05 
3.05097856480625e-02 1.00000000000000e+05 
3.07524534742507e-02 1.00000000000000e+05 
3.09968652558092e-02 1.00000000000000e+05 
3.12431529220944e-02 1.00000000000000e+05 
3.14902905913212e-02 1.00000000000000e+05 
3.17384409239772e-02 1.00000000000000e+05 
3.19875007169642e-02 1.00000000000000e+05 
3.22377178722383e-02 1.00000000000000e+05 
3.24889724056501e-02 1.00000000000000e+05 
3.27415279305927e-02 1.00000000000000e+05 
3.29952468745524e-02 1.00000000000000e+05 
3.32504138104093e-02 1.00000000000000e+05 
3.35068672434359e-02 1.00000000000000e+05 
3.37649036734304e-02 1.00000000000000e+05 
3.40243313768770e-02 1.00000000000000e+05 
3.42853049832260e-02 1.00000000000000e+05 
3.45476055429595e-02 1.00000000000000e+05 
3.48115034021514e-02 1.00000000000000e+05 
3.50768161168819e-02 1.00000000000000e+05 
3.53438064560298e-02 1.00000000000000e+05 
3.56122742531871e-02 1.00000000000000e+05 
3.58824516529433e-02 1.00000000000000e+05 
3.61540453403648e-02 1.00000000000000e+05 
3.64266582276400e-02 1.00000000000000e+05 
3.67002551288673e-02 1.00000000000000e+05 
3.69749121281688e-02 1.00000000000000e+05 
3.72503720293344e-02 1.00000000000000e+05 
3.75266669280226e-02 1.00000000000000e+05 
3.77993998252606e-02 1.00000000000000e+05 
3.80643956404426e-02 1.00000000000000e+05 
3.83277751121042e-02 1.00000000000000e+05 
3.85884223884365e-02 1.00000000000000e+05 
3.88518476227478e-02 1.00000000000000e+05 
3.91137958307837e-02 1.00000000000000e+05 
3.93721165947871e-02 1.00000000000000e+05 
3.96286808021963e-02 1.00000000000000e+05 
3.98850238494489e-02 1.00000000000000e+05 
4.01406188325778e-02 1.00000000000000e+05 
4.03963064293537e-02 1.00000000000000e+05 
4.06528609609681e-02 1.00000000000000e+05 
4.09103520777937e-02 1.00000000000000e+05 
4.11686061721238e-02 1.00000000000000e+05 
4.14271494583419e-02 1.00000000000000e+05 
4.16862189489444e-02 1.00000000000000e+05 
4.19457940998410e-02 1.00000000000000e+05 
4.22057584261112e-02 1.00000000000000e+05 
4.24661425553682e-02 1.00000000000000e+05 
4.27268250639288e-02 1.00000000000000e+05 
4.29878617184303e-02 1.00000000000000e+05 
4.32492452336020e-02 1.00000000000000e+05 
4.35110432309517e-02 1.00000000000000e+05 
4.37731296486555e-02 1.00000000000000e+05 
4.40353465321977e-02 1.00000000000000e+05 
4.42975875172650e-02 1.00000000000000e+05 
4.45602046094886e-02 1.00000000000000e+05 
4.48231247243291e-02 1.00000000000000e+05 
4.50866892332811e-02 1.00000000000000e+05 
4.53508091944332e-02 1.00000000000000e+05 
4.56157719684576e-02 1.00000000000000e+05 
4.58814632389889e-02 1.00000000000000e+05 
4.61481359691914e-02 1.00000000000000e+05 
4.64156499087638e-02 1.00000000000000e+05 
4.66842286659792e-02 1.00000000000000e+05 
4.69537248277977e-02 1.00000000000000e+05 
4.72243459976057e-02 1.00000000000000e+05 
4.74959491334786e-02 1.00000000000000e+05 
4.77684703985319e-02 1.00000000000000e+05 
4.80416539485041e-02 1.00000000000000e+05 
4.83157634698634e-02 1.00000000000000e+05 
4.85905885372608e-02 1.00000000000000e+05 
4.88663947732678e-02 1.00000000000000e+05 
4.91429811712762e-02 1.00000000000000e+05 
4.94206144741168e-02 1.00000000000000e+05 
4.96990713751470e-02 1.00000000000000e+05 
4.99786050532191e-02 1.00000000000000e+05 
5.02589747361275e-02 1.00000000000000e+05 
5.05404288921389e-02 1.00000000000000e+05 
5.08227278596463e-02 1.00000000000000e+05 
5.11061180174520e-02 1.00000000000000e+05 
5.13903723911976e-02 1.00000000000000e+05 
5.16757449816079e-02 1.00000000000000e+05 
5.19614333139522e-02 1.00000000000000e+05 
5.22471582663110e-02 1.00000000000000e+05 
5.25327908899478e-02 1.00000000000000e+05 
5.28182555691760e-02 1.00000000000000e+05 
5.31036221015424e-02 1.00000000000000e+05 
5.33887906714429e-02 1.00000000000000e+05 
5.36739337769713e-02 1.00000000000000e+05 
5.39589673366643e-02 1.00000000000000e+05 
5.42440913613445e-02 1.00000000000000e+05 
5.45292239696318e-02 1.00000000000000e+05 
5.48145907154738e-02 1.00000000000000e+05 
5.51001370602902e-02 1.00000000000000e+05 
5.53861302712683e-02 1.00000000000000e+05 
5.56725600272645e-02 1.00000000000000e+05 
5.59596841666007e-02 1.00000000000000e+05 
5.62475456320971e-02 1.00000000000000e+05 
5.65363562897884e-02 1.00000000000000e+05 
5.68261786127234e-02 1.00000000000000e+05 
5.71171472871358e-02 1.00000000000000e+05 
5.74093433652045e-02 1.00000000000000e+05 
5.77028381222097e-02 1.00000000000000e+05 
5.79975780673264e-02 1.00000000000000e+05 
5.82935997383319e-02 1.00000000000000e+05 
5.85907030527328e-02 1.00000000000000e+05 
5.88884984283238e-02 1.00000000000000e+05 
5.91869660936850e-02 1.00000000000000e+05 
5.94861641208672e-02 1.00000000000000e+05 
5.97860726883054e-02 1.00000000000000e+05 
6.00866894594973e-02 1.00000000000000e+05 
6.03880113820721e-02 1.00000000000000e+05 
6.06899987928990e-02 1.00000000000000e+05 
6.09926328742285e-02 1.00000000000000e+05 
6.12958664986007e-02 1.00000000000000e+05 
6.15996836904331e-02 1.00000000000000e+05 
6.19040246520474e-02 1.00000000000000e+05 
6.22088769415697e-02 1.00000000000000e+05 
6.25141580506910e-02 1.00000000000000e+05 
6.28198616181422e-02 1.00000000000000e+05 
6.31259130424741e-02 1.00000000000000e+05 
6.34323097388716e-02 1.00000000000000e+05 
6.37390168856506e-02 1.00000000000000e+05 
6.40460421210620e-02 1.00000000000000e+05 
6.43533446445266e-02 1.00000000000000e+05 
6.46609308292680e-02 1.00000000000000e+05 
6.49687183871622e-02 1.00000000000000e+05 
6.52766676420595e-02 1.00000000000000e+05 
6.55847037275932e-02 1.00000000000000e+05 
6.58927109891213e-02 1.00000000000000e+05 
6.62006581211179e-02 1.00000000000000e+05 
6.65083729569276e-02 1.00000000000000e+05 
6.68159686469341e-02 1.00000000000000e+05 
6.71232682381428e-02 1.00000000000000e+05 
6.74303810484018e-02 1.00000000000000e+05 
6.77371365511634e-02 1.00000000000000e+05 
6.80436512875365e-02 1.00000000000000e+05 
6.83497844292034e-02 1.00000000000000e+05 
6.86556619317842e-02 1.00000000000000e+05 
6.89611674626717e-02 1.00000000000000e+05 
6.92664143385894e-02 1.00000000000000e+05 
6.95713122365712e-02 1.00000000000000e+05 
6.98759611848364e-02 1.00000000000000e+05 
7.01802837764663e-02 1.00000000000000e+05 
7.04843827945066e-02 1.00000000000000e+05 
7.07882017356808e-02 1.00000000000000e+05 
7.10918364804274e-02 1.00000000000000e+05 
7.13952560827733e-02 1.00000000000000e+05 
7.16985374682038e-02 1.00000000000000e+05 
7.20016608051123e-02 1.00000000000000e+05 
7.23046828322184e-02 1.00000000000000e+05 
7.26075881495152e-02 1.00000000000000e+05 
7.29104111074292e-02 1.00000000000000e+05 
7.32131220900433e-02 1.00000000000000e+05 
7.35157566904538e-02 1.00000000000000e+05 
7.38182879838046e-02 1.00000000000000e+05 
7.41207867309182e-02 1.00000000000000e+05 
7.44232283827805e-02 1.00000000000000e+05 
7.47256740134887e-02 1.00000000000000e+05 
7.50281136599708e-02 1.00000000000000e+05 
7.53305246280159e-02 1.00000000000000e+05 
7.56328701183851e-02 1.00000000000000e+05 
7.59353037749555e-02 1.00000000000000e+05 
7.62374740350271e-02 1.00000000000000e+05 
7.65388273575277e-02 1.00000000000000e+05 
7.68389084280889e-02 1.00000000000000e+05 
7.71382669931260e-02 1.00000000000000e+05 
7.74371846518120e-02 1.00000000000000e+05 
7.77360521183516e-02 1.00000000000000e+05 
7.80347557462989e-02 1.00000000000000e+05 
7.83336381650067e-02 1.00000000000000e+05 
7.86326235854892e-02 1.00000000000000e+05 
7.89320781703857e-02 1.00000000000000e+05 
7.92318128739692e-02 1.00000000000000e+05 
7.95321311922563e-02 1.00000000000000e+05 
7.98327797885826e-02 1.00000000000000e+05 
8.01340187501755e-02 1.00000000000000e+05 
8.04355740710334e-02 1.00000000000000e+05 
8.07376814700794e-02 1.00000000000000e+05 
8.10400960262036e-02 1.00000000000000e+05 
8.13430441627966e-02 1.00000000000000e+05 
8.16462353799029e-02 1.00000000000000e+05 
8.19495161311726e-02 1.00000000000000e+05 
8.22528139392487e-02 1.00000000000000e+05 
8.25562315231996e-02 1.00000000000000e+05 
8.28596422572068e-02 1.00000000000000e+05 
8.31632052271806e-02 1.00000000000000e+05 
8.34667451592399e-02 1.00000000000000e+05 
8.37704749004254e-02 1.00000000000000e+05 
8.40741555544896e-02 1.00000000000000e+05 
8.43780112644840e-02 1.00000000000000e+05 
8.46818267672170e-02 1.00000000000000e+05 
8.49858172264020e-02 1.00000000000000e+05 
8.52897999577246e-02 1.00000000000000e+05 
8.55939297826223e-02 1.00000000000000e+05 
8.58980655959229e-02 1.00000000000000e+05 
8.62022640903670e-02 1.00000000000000e+05 
8.65064276029630e-02 1.00000000000000e+05 
8.68105019413110e-02 1.00000000000000e+05 
8.71144498092110e-02 1.00000000000000e+05 
8.74181618987608e-02 1.00000000000000e+05 
8.77217213686719e-02 1.00000000000000e+05 
8.80249850861125e-02 1.00000000000000e+05 
8.83280714638872e-02 1.00000000000000e+05 
8.86323068676121e-02 1.00000000000000e+05 
8.89365755944210e-02 1.00000000000000e+05 
8.92407235266668e-02 1.00000000000000e+05 
8.95446044409219e-02 1.00000000000000e+05 
8.98482794044047e-02 1.00000000000000e+05 
9.01516644402867e-02 1.00000000000000e+05 
9.04547998450231e-02 1.00000000000000e+05 
9.07576377070731e-02 1.00000000000000e+05 
9.10602425705839e-02 1.00000000000000e+05 
9.13625548239499e-02 1.00000000000000e+05 
9.16646572792806e-02 1.00000000000000e+05 
9.19664599851329e-02 1.00000000000000e+05 
9.22681065364502e-02 1.00000000000000e+05 
9.25694139324853e-02 1.00000000000000e+05 
9.28706846986438e-02 1.00000000000000e+05 
9.31716139437077e-02 1.00000000000000e+05 
9.34725678499108e-02 1.00000000000000e+05 
9.37732321955551e-02 1.00000000000000e+05 
9.40740049104967e-02 1.00000000000000e+05 
9.43742949709456e-02 1.00000000000000e+05 
9.46745995243885e-02 1.00000000000000e+05 
9.49744576598607e-02 1.00000000000000e+05 
9.52743517086581e-02 1.00000000000000e+05 
9.55738142832919e-02 1.00000000000000e+05 
9.58732630350067e-02 1.00000000000000e+05 
9.61722490363898e-02 1.00000000000000e+05 
9.64711274071873e-02 1.00000000000000e+05 
9.67695279189494e-02 1.00329300750665e+05 
9.70676679057339e-02 1.01501058873939e+05 
9.73653633031032e-02 1.03868210679904e+05 
9.76625082886221e-02 1.07676300099703e+05 
9.79591368359655e-02 1.12639582633615e+05 
9.82551717379991e-02 1.18451633444537e+05 
9.85506275028537e-02 1.24765297716130e+05 
9.88454891470753e-02 1.30783387543337e+05 
9.91398019207679e-02 1.36505820823261e+05 
9.94335682306287e-02 1.40964534363185e+05 
9.97267407718092e-02 1.43824185568767e+05 
1.00019505506668e-01 1.45516142062295e+05 
1.00311702187911e-01 1.45630015095145e+05 
1.00603581278370e-01 1.45687955174587e+05 
1.00894870023648e-01 1.45750047502669e+05 
1.01185821408830e-01 1.45808102164314e+05 
1.01475404509557e-01 1.45821707893287e+05 
1.01763974428810e-01 1.45757807261739e+05 
1.02051452540047e-01 1.45601584846486e+05 
1.02338114960118e-01 1.45358752252976e+05 
1.02624024095296e-01 1.45034018861750e+05 
1.02909236515715e-01 1.44635717724159e+05 
1.03193838460663e-01 1.44175888598028e+05 
1.03477884313003e-01 1.43661920479337e+05 
1.03761402851838e-01 1.43111527309786e+05 
1.04044093037658e-01 1.42537086843984e+05 
1.04326391508823e-01 1.41939026250480e+05 
1.04608318306981e-01 1.41327460359518e+05 
1.04889948154483e-01 1.40705461363459e+05 
1.05171606586781e-01 1.40073417674259e+05 
1.05452887791939e-01 1.39431634532282e+05 
1.05734092053684e-01 1.38781677496272e+05 
1.06014951352773e-01 1.38125472175506e+05 
1.06295645469302e-01 1.37457143452073e+05 
1.06576246486241e-01 1.36776054270785e+05 
1.06856855180015e-01 1.36081278776077e+05 
1.07137255423955e-01 1.35374943196127e+05 
1.07417647747991e-01 1.34658513865392e+05 
1.07697918039548e-01 1.33934395562861e+05 
1.07978141003425e-01 1.33205666056443e+05 
1.08258307759999e-01 1.32475735188165e+05 
1.08538273417177e-01 1.31748106807754e+05 
1.08818297578456e-01 1.31024672089463e+05 
1.09098115114781e-01 1.30309004694717e+05 
1.09377943322748e-01 1.29602237286567e+05 
1.09657648342505e-01 1.28906453297796e+05 
1.09937017061175e-01 1.28223036207486e+05 
1.10216376085527e-01 1.27551924979513e+05 
1.10495258376335e-01 1.26894207807204e+05 
1.10774189233955e-01 1.26248770576087e+05 
1.11052659236691e-01 1.25616261690614e+05 
1.11331294166491e-01 1.24994834056782e+05 
1.11609581454327e-01 1.24384937471160e+05 
1.11888125714890e-01 1.23784770625230e+05 
1.12166325133435e-01 1.23194967378651e+05 
1.12444432008541e-01 1.22614565044261e+05 
1.12722103842799e-01 1.22043763870793e+05 
1.12999594952643e-01 1.21481794762704e+05 
1.13276557315799e-01 1.20929025743967e+05 
1.13553262432187e-01 1.20384842460757e+05 
1.13829399127225e-01 1.19849677076839e+05 
1.14105355393375e-01 1.19322831782020e+05 
1.14385107883860e-01 1.18796790026230e+05 
1.14665206300302e-01 1.18278362258482e+05 
1.14944714834984e-01 1.17769208059564e+05 
1.15224274021380e-01 1.17268247351859e+05 
1.15503233527068e-01 1.16776519143114e+05 
1.15782217376641e-01 1.16292894457740e+05 
1.16060657882932e-01 1.15818135259071e+05 
1.16339132382500e-01 1.15351109093722e+05 
1.16617154308401e-01 1.14892330687569e+05 
1.16896909271603e-01 1.14437955897165e+05 
1.17176278136319e-01 1.13991099197311e+05 
1.17455465817926e-01 1.13551043664197e+05 
1.17734184054468e-01 1.13117632337958e+05 
1.18012822050064e-01 1.12689858737501e+05 
1.18291033347836e-01 1.12267888126678e+05 
1.18569319881263e-01 1.11850135006469e+05 
1.18847285573504e-01 1.11436918431130e+05 
1.19125365650320e-01 1.11027354437928e+05 
1.19404622003770e-01 1.10619019376927e+05 
1.19683712708586e-01 1.10215154600841e+05 
1.19962788573165e-01 1.09812187880704e+05 
1.20243089375573e-01 1.09406362634389e+05 
1.20523330935354e-01 1.09003864725956e+05 
1.20803617916201e-01 1.08603642302885e+05 
1.21083851247280e-01 1.08202596092155e+05 
1.21364201738637e-01 1.07799431112524e+05 
1.21644539336921e-01 1.07394582075257e+05 
1.21925750869492e-01 1.06987130260306e+05 
1.22207020665010e-01 1.06577984295748e+05 
1.22488553177045e-01 1.06167091913496e+05 
1.22770374086805e-01 1.05754821848186e+05 
1.23052352621782e-01 1.05341653790904e+05 
1.23334470906025e-01 1.04928143137774e+05 
1.23616768722583e-01 1.04515054796456e+05 
1.23899472336328e-01 1.04103010592989e+05 
1.24182502187192e-01 1.03692813953315e+05 
1.24465794602591e-01 1.03285699197342e+05 
1.24749390750520e-01 1.02882751584239e+05 
1.25033227945444e-01 1.02483926195476e+05 
1.25317340550596e-01 1.02091616604033e+05 
1.25601691086162e-01 1.01706125593379e+05 
1.25886320320978e-01 1.01328321978291e+05 
1.26171285423093e-01 1.00959286440211e+05 
1.26456507539634e-01 1.00598734396347e+05 
1.26742119991494e-01 1.00248048296290e+05 
1.27027959449341e-01 9.99066849771972e+04 
1.27314164473431e-01 9.95759405195328e+04 
1.27600631276936e-01 9.92549808608014e+04 
1.27887400365673e-01 9.89452731952022e+04 
1.28174479134700e-01 9.86459836251925e+04 
1.28461849418113e-01 9.83575495475342e+04 
1.28749552378003e-01 9.80791983681038e+04 
1.29037558875097e-01 9.78112444783437e+04 
1.29325906107681e-01 9.75526746599831e+04 
1.29614552305001e-01 9.73037349661940e+04 
1.29903541840336e-01 9.70634681454933e+04 
1.30192828335386e-01 9.68318195219809e+04 
1.30482435145717e-01 9.66076003995669e+04 
1.30772362787434e-01 9.63905752894261e+04 
1.31062554495250e-01 9.61796938216200e+04 
1.31353126540051e-01 9.59744744035015e+04 
1.31643912182941e-01 9.57741595071555e+04 
1.31935043444148e-01 9.55779770120795e+04 
1.32226439720424e-01 9.53848814478030e+04 
1.32518185936469e-01 9.51950095397573e+04 
1.32810174197215e-01 9.50076752722654e+04 
1.33102204545324e-01 9.48217828014977e+04 
1.33394087115157e-01 9.46387281077300e+04 
1.33686015687701e-01 9.44573635483175e+04 
1.33977824000905e-01 9.42772682017998e+04 
1.34269696819670e-01 9.41013128536287e+04 
1.34561441831593e-01 9.39298641454226e+04 
1.34853160375804e-01 9.37625985438748e+04 
1.35144791566685e-01 9.36016862287941e+04 
1.35436372421939e-01 9.34456129232958e+04 
1.35727894599676e-01 9.32966194609352e+04 
1.36019413179607e-01 9.31573002184056e+04 
1.36310964718394e-01 9.30328557437338e+04 
1.36602570546005e-01 9.29220761241346e+04 
1.36894224019538e-01 9.28257125919977e+04 
1.37185914460988e-01 9.27558961375657e+04 
1.37477635224941e-01 9.27069670016944e+04 
1.37769375558227e-01 9.26845988656859e+04 
1.38061193867678e-01 9.26747555376457e+04 
1.38353003032563e-01 9.26679970603711e+04 
1.38644947209975e-01 9.26796054688795e+04 
1.38936883452185e-01 9.27328065547917e+04 
1.39228971712145e-01 9.28492464537808e+04 
1.39521053047157e-01 9.30453904968554e+04 
1.39813218785907e-01 9.33207224659932e+04 
1.40105424967230e-01 9.36649903498919e+04 
1.40397651309227e-01 9.40772432942881e+04 
1.40689917888741e-01 9.45547257284344e+04 
1.40982161120535e-01 9.50935753394323e+04 
1.41274492822791e-01 9.56887123951674e+04 
1.41566783158433e-01 9.63344461015450e+04 
1.41859260351815e-01 9.70240951348508e+04 
1.42151699106338e-01 9.77486972024065e+04 
1.42444413448292e-01 9.85011696810394e+04 
1.42737059587781e-01 9.92715315740059e+04 
1.43029834656093e-01 1.00041181484399e+05 
1.43322642458145e-01 1.00804158121957e+05 
1.43615291325325e-01 1.01550648617593e+05 
1.43908002047982e-01 1.02269045723104e+05 
1.44200563045029e-01 1.02949198217700e+05 
1.44493221312389e-01 1.03581371439328e+05 
1.44785775541755e-01 1.04154729811886e+05 
1.45078465070021e-01 1.04664976119508e+05 
1.45371446092610e-01 1.05084670862328e+05 
1.45664296043195e-01 1.05439681334762e+05 
1.45957964490745e-01 1.05672662280769e+05 
1.46251737110604e-01 1.05808714831821e+05 
1.46545506300478e-01 1.05847662124777e+05 
1.46839334690479e-01 1.05876817010153e+05 
1.47133188794170e-01 1.05882962474837e+05 
1.47427016481828e-01 1.05864570252650e+05 
1.47720912826232e-01 1.05812847196161e+05 
1.48014785106983e-01 1.05728750082625e+05 
1.48308726511561e-01 1.05620189232519e+05 
1.48602659599009e-01 1.05488754987748e+05 
1.48896665743148e-01 1.05335339946915e+05 
1.49190682765828e-01 1.05163819441853e+05 
1.49484909064200e-01 1.04976914806550e+05 
1.49779354413304e-01 1.04777372713389e+05 
1.50073906566662e-01 1.04566873640758e+05 
1.50368351042476e-01 1.04347294076131e+05 
1.50662877831056e-01 1.04120019098262e+05 
1.50957378276962e-01 1.03887074897736e+05 
1.51251967871053e-01 1.03650077179287e+05 
1.51546813586177e-01 1.03410923956533e+05 
1.51842560603410e-01 1.03170883830197e+05 
1.52138394310647e-01 1.02932886331208e+05 
1.52434328058299e-01 1.02699093799144e+05 
1.52730355597218e-01 1.02472111992922e+05 
1.53026505638823e-01 1.02254159145164e+05 
1.53322736155832e-01 1.02047787732884e+05 
1.53619109704180e-01 1.01854919088394e+05 
1.53915556469105e-01 1.01677711958043e+05 
1.54212492031960e-01 1.01517357244349e+05 
1.54509302170411e-01 1.01375552258512e+05 
1.54806278613636e-01 1.01252585550666e+05 
1.55103226715600e-01 1.01148742979435e+05 
1.55400289450240e-01 1.01063169854264e+05 
1.55697340224993e-01 1.00994779198614e+05 
1.55994485162011e-01 1.00941428684599e+05 
1.56290625839326e-01 1.00900859701601e+05 
1.56585465440348e-01 1.00869747048928e+05 
1.56880835726268e-01 1.00844516611826e+05 
1.57175044666435e-01 1.00821411454687e+05 
1.57468025092000e-01 1.00796536304161e+05 
1.57760202394954e-01 1.00766181459332e+05 
1.58053040087541e-01 1.00726170173089e+05 
1.58345102291280e-01 1.00673487103489e+05 
1.58636192851900e-01 1.00606521633011e+05 
1.58926887932553e-01 1.00521825060219e+05 
1.59216966803951e-01 1.00417047658525e+05 
1.59506944538384e-01 1.00289459765407e+05 
1.59796616625582e-01 1.00141979838262e+05 
1.60086453153218e-01 9.99748404872467e+04 
1.60376259302058e-01 9.97945803045999e+04 
1.60666390758336e-01 9.95984058716546e+04 
1.60956633534388e-01 9.93843318229651e+04 
1.61247259824228e-01 9.91574528374049e+04 
1.61538059099713e-01 9.89184939420759e+04 
1.61829254387302e-01 9.86677040810557e+04 
1.62120568081924e-01 9.84077922063194e+04 
1.62411775453846e-01 9.81405901445394e+04 
1.62702883566209e-01 9.78675030981531e+04 
1.62993971240357e-01 9.75900342902784e+04 
1.63285019911526e-01 9.73096793255594e+04 
1.63575966549283e-01 9.70277797679061e+04 
1.63866868534939e-01 9.67455814322964e+04 
1.64157680905872e-01 9.64642645865905e+04 
1.64448485006723e-01 9.61845170519135e+04 
1.64739137050284e-01 9.59072463600731e+04 
1.65029755280980e-01 9.56328679046255e+04 
1.65320112908488e-01 9.53620259504558e+04 
1.65610462347653e-01 9.50948453022253e+04 
1.65900572797780e-01 9.48317789656982e+04 
1.66190347591583e-01 9.45730930847523e+04 
1.66479613537321e-01 9.43190198608832e+04 
1.66768277471491e-01 9.40697298124269e+04 
1.67056462177364e-01 9.38250920563947e+04 
1.67344157158850e-01 9.35851458769341e+04 
1.67631229331410e-01 9.33499814329419e+04 
1.67917886869903e-01 9.31193864388675e+04 
1.68203990878060e-01 9.28934678300930e+04 
1.68489753780474e-01 9.26720875703134e+04 
1.68775049172971e-01 9.24553383114341e+04 
1.69060083165565e-01 9.22430760023339e+04 
1.69344755432742e-01 9.20353682038180e+04 
1.69629215794951e-01 9.18320864903198e+04 
1.69913426789218e-01 9.16332961237592e+04 
1.70197482053682e-01 9.14391231226776e+04 
1.70481323362548e-01 9.12494091495697e+04 
1.70765134084744e-01 9.10633804792030e+04 
1.71048810660337e-01 9.08824362179865e+04 
1.71332521663441e-01 9.07062414970541e+04 
1.71616155507866e-01 9.05342512105129e+04 
1.71899850454954e-01 9.03664736508718e+04 
1.72183504947571e-01 9.02028041924809e+04 
1.72467245927570e-01 9.00432636928303e+04 
1.72750977954237e-01 8.98878153192964e+04 
1.73034836405217e-01 8.97364398575450e+04 
1.73318725071472e-01 8.95890862965895e+04 
1.73602778725659e-01 8.94457914946555e+04 
1.73886954652263e-01 8.93064937986714e+04 
1.74171250052275e-01 8.91713242338304e+04 
1.74455537421921e-01 8.90402565376661e+04 
1.74739479844153e-01 8.89136165966531e+04 
1.75023403454008e-01 8.87906318620250e+04 
1.75307220797474e-01 8.86727403850860e+04 
1.75591235238005e-01 8.85588157326497e+04 
1.75875255525705e-01 8.84494639259759e+04 
1.76159623415462e-01 8.83447611991332e+04 
1.76444054252179e-01 8.82444987422270e+04 
1.76728939244383e-01 8.81489739734945e+04 
1.77013940039914e-01 8.80585671059384e+04 
1.77299460393681e-01 8.79729555239033e+04 
1.77585167553204e-01 8.78920691795563e+04 
1.77871437290704e-01 8.78158311078571e+04 
1.78157959037221e-01 8.77454392244251e+04 
1.78445037695837e-01 8.76808276355764e+04 
1.78732396955469e-01 8.76224353522882e+04 
1.79019988289765e-01 8.75711913692180e+04 
1.79307582405426e-01 8.75274870645625e+04 
1.79595199326609e-01 8.74909388825804e+04 
1.79882866732551e-01 8.74602375284834e+04 
1.80170574202146e-01 8.74374324270526e+04 
1.80458372831165e-01 8.74221393205859e+04 
1.80746239783362e-01 8.74133031877705e+04 
1.81034228348131e-01 8.74112432646846e+04 
1.81322290688417e-01 8.74163761050089e+04 
1.81610485933302e-01 8.74254618304085e+04 
1.81898749493991e-01 8.74387271297471e+04 
1.82187155057281e-01 8.74563285864685e+04 
1.82475644836467e-01 8.74789658678637e+04 
1.82764276025449e-01 8.75063346947554e+04 
1.83053055365403e-01 8.75385217307360e+04 
1.83342006420035e-01 8.75755114894044e+04 
1.83631144656686e-01 8.76156970216472e+04 
1.83920454498576e-01 8.76585846906493e+04 
1.84209959255821e-01 8.77033707154318e+04 
1.84499627820652e-01 8.77497202237382e+04 
1.84789491018622e-01 8.77974082152481e+04 
1.85079503887108e-01 8.78461877867233e+04 
1.85369712620700e-01 8.78964168368623e+04 
1.85660081630589e-01 8.79488750291206e+04 
1.85950631718759e-01 8.80034616085658e+04 
1.86241353820157e-01 8.80627772281662e+04 
1.86532222252230e-01 8.81270882682603e+04 
1.86823196467133e-01 8.82003594534850e+04 
1.87114324541141e-01 8.82722380780120e+04 
1.87405565904976e-01 8.83478923175325e+04 
1.87697007196942e-01 8.84704926853142e+04 
1.87988612070427e-01 8.86621961266675e+04 
1.88280384819396e-01 8.89494992463558e+04 
1.88572325706499e-01 8.93507308333775e+04 
1.88864457076387e-01 8.98450197617751e+04 
1.89156749860132e-01 9.04282916184032e+04 
1.89449279168266e-01 9.10790866583170e+04 
1.89741955983604e-01 9.17973729703223e+04 
1.90034881192108e-01 9.25553435889163e+04 
1.90328025927423e-01 9.33186908440705e+04 
1.90621460861639e-01 9.40733825419542e+04 
1.90915057945551e-01 9.47775809135066e+04 
1.91208996636174e-01 9.54081262446567e+04 
1.91503084421151e-01 9.59876208182163e+04 
1.91797549447868e-01 9.64176356386117e+04 
1.92092141271103e-01 9.67253274608463e+04 
1.92387107418052e-01 9.69186802774250e+04 
1.92682217924363e-01 9.70441010167471e+04 
1.92977665561467e-01 9.71483471854388e+04 
1.93273261105348e-01 9.72313843395529e+04 
1.93569113560783e-01 9.72793692697473e+04 
1.93865122541029e-01 9.72745608683456e+04 
1.94161405690399e-01 9.72290335192204e+04 
1.94457747590947e-01 9.71503613445329e+04 
1.94754198234764e-01 9.70423240520550e+04 
1.95050675520379e-01 9.69174508985064e+04 
1.95347229719258e-01 9.67880794125262e+04 
1.95644307508283e-01 9.66684190669174e+04 
1.95941548818793e-01 9.65733745258438e+04 
1.96238785254522e-01 9.65184597126031e+04 
1.96536139150139e-01 9.65199394586808e+04 
1.96833470322643e-01 9.65931824724925e+04 
1.97130889964022e-01 9.67523879066396e+04 
1.97428247360081e-01 9.70087521737450e+04 
1.97725657837644e-01 9.73773961063858e+04 
1.98022964123586e-01 9.78502856340754e+04 
1.98320260475004e-01 9.84360957801029e+04 
1.98617434124006e-01 9.91133578590473e+04 
1.98914567980684e-01 9.99139476519758e+04 
1.99211598881372e-01 1.00802532967404e+05 
1.99508570988359e-01 1.01747515560946e+05 
1.99805469222230e-01 1.02680646955766e+05 
2.00102305102891e-01 1.03589513745120e+05 
