# Liste des scalaires : TEMPS pmat 
0.00000000000000e+00 1.00000000000000e+05 
7.22956891292051e-05 1.00000000000000e+05 
1.33121779621888e-04 1.00000000000000e+05 
1.91350121636137e-04 1.00000000000000e+05 
2.48205202971459e-04 1.00000000000000e+05 
3.04378416912484e-04 1.00000000000000e+05 
3.57716908235285e-04 1.00000000000000e+05 
4.13432067493863e-04 1.00000000000000e+05 
4.70293840067820e-04 1.00000000000000e+05 
5.18474368751138e-04 1.00000000000000e+05 
5.67650751085547e-04 1.00000000000000e+05 
6.21744771653396e-04 1.00000000000000e+05 
6.80800695681270e-04 1.00000000000000e+05 
7.28444917083954e-04 1.00000000000000e+05 
7.80853560626907e-04 1.00000000000000e+05 
8.28660090391992e-04 1.00000000000000e+05 
8.78101011915227e-04 1.00000000000000e+05 
9.29006893777506e-04 1.00000000000000e+05 
9.85003363826014e-04 1.00000000000000e+05 
1.03483144803406e-03 1.00000000000000e+05 
1.08793520289119e-03 1.00000000000000e+05 
1.13962349501910e-03 1.00000000000000e+05 
1.19236657535814e-03 1.00000000000000e+05 
1.24608865403481e-03 1.00000000000000e+05 
1.30351940855564e-03 1.00000000000000e+05 
1.35691908256603e-03 1.00000000000000e+05 
1.41235170128384e-03 1.00000000000000e+05 
1.46930541993249e-03 1.00000000000000e+05 
1.53071813847960e-03 1.00000000000000e+05 
1.58628320506227e-03 1.00000000000000e+05 
1.64451380262295e-03 1.00000000000000e+05 
1.70188986183439e-03 1.00000000000000e+05 
1.75983196158936e-03 1.00000000000000e+05 
1.81756271282897e-03 1.00000000000000e+05 
1.87813574793307e-03 1.00000000000000e+05 
1.93758261651164e-03 1.00000000000000e+05 
1.99767325128912e-03 1.00000000000000e+05 
2.05748837319909e-03 1.00000000000000e+05 
2.12008379832694e-03 1.00000000000000e+05 
2.18480064275775e-03 1.00000000000000e+05 
2.25426318273195e-03 1.00000000000000e+05 
2.31630587493814e-03 1.00000000000000e+05 
2.38115187273744e-03 1.00000000000000e+05 
2.44825354202966e-03 1.00000000000000e+05 
2.51995382994598e-03 1.00000000000000e+05 
2.58417587197876e-03 1.00000000000000e+05 
2.65088572984862e-03 1.00000000000000e+05 
2.71652725408417e-03 1.00000000000000e+05 
2.78310433607830e-03 1.00000000000000e+05 
2.85017199029483e-03 1.00000000000000e+05 
2.91947525566884e-03 1.00000000000000e+05 
2.98833082922234e-03 1.00000000000000e+05 
3.05793248059643e-03 1.00000000000000e+05 
3.12796492146607e-03 1.00000000000000e+05 
3.19999191261563e-03 1.00000000000000e+05 
3.27172397197304e-03 1.00000000000000e+05 
3.34414738000821e-03 1.00000000000000e+05 
3.41698143060496e-03 1.00000000000000e+05 
3.49164061612177e-03 1.00000000000000e+05 
3.56620299531981e-03 1.00000000000000e+05 
3.64140253250862e-03 1.00000000000000e+05 
3.71697421948500e-03 1.00000000000000e+05 
3.79421411047690e-03 1.00000000000000e+05 
3.87165338458876e-03 1.00000000000000e+05 
3.94965582801418e-03 1.00000000000000e+05 
4.02796753934154e-03 1.00000000000000e+05 
4.10778549571527e-03 1.00000000000000e+05 
4.18816008654378e-03 1.00000000000000e+05 
4.26900464762143e-03 1.00000000000000e+05 
4.35007884259106e-03 1.00000000000000e+05 
4.43248863403345e-03 1.00000000000000e+05 
4.51585831259963e-03 1.00000000000000e+05 
4.59958858224098e-03 1.00000000000000e+05 
4.68345909220946e-03 1.00000000000000e+05 
4.76849096415500e-03 1.00000000000000e+05 
4.85564852450883e-03 1.00000000000000e+05 
4.94575180433225e-03 1.00000000000000e+05 
5.03248715586224e-03 1.00000000000000e+05 
5.12022918455831e-03 1.00000000000000e+05 
5.20985683308553e-03 1.00000000000000e+05 
5.30222360100545e-03 1.00000000000000e+05 
5.39144531071361e-03 1.00000000000000e+05 
5.48158689872446e-03 1.00000000000000e+05 
5.57342149259993e-03 1.00000000000000e+05 
5.66780488006781e-03 1.00000000000000e+05 
5.75981263903742e-03 1.00000000000000e+05 
5.85303484994220e-03 1.00000000000000e+05 
5.94718263279236e-03 1.00000000000000e+05 
6.04305057702857e-03 1.00000000000000e+05 
6.13819671130246e-03 1.00000000000000e+05 
6.23420480088321e-03 1.00000000000000e+05 
6.33071153023389e-03 1.00000000000000e+05 
6.42843278050656e-03 1.00000000000000e+05 
6.52667499008764e-03 1.00000000000000e+05 
6.62548589525084e-03 1.00000000000000e+05 
6.72457575597550e-03 1.00000000000000e+05 
6.82466016284066e-03 1.00000000000000e+05 
6.92653248001092e-03 1.00000000000000e+05 
7.03104373142439e-03 1.00000000000000e+05 
7.13309621274686e-03 1.00000000000000e+05 
7.23641924722794e-03 1.00000000000000e+05 
7.34066115800077e-03 1.00000000000000e+05 
7.44646266025824e-03 1.00000000000000e+05 
7.55176391620911e-03 1.00000000000000e+05 
7.65790721945767e-03 1.00000000000000e+05 
7.76453503073791e-03 1.00000000000000e+05 
7.87227052653473e-03 1.00000000000000e+05 
7.98193540240719e-03 1.00000000000000e+05 
8.09435564994736e-03 1.00000000000000e+05 
8.20373778734533e-03 1.00000000000000e+05 
8.31450328476126e-03 1.00000000000000e+05 
8.42626510371619e-03 1.00000000000000e+05 
8.53954012752059e-03 1.00000000000000e+05 
8.65551399212734e-03 1.00000000000000e+05 
8.77472546206553e-03 1.00000000000000e+05 
8.88857835505384e-03 1.00000000000000e+05 
9.00351055260907e-03 1.00000000000000e+05 
9.12027625660893e-03 1.00000000000000e+05 
9.23972132068915e-03 1.00000000000000e+05 
9.35573360948015e-03 1.00000000000000e+05 
9.47317344759285e-03 1.00000000000000e+05 
9.59164378424635e-03 1.00000000000000e+05 
9.71157726348604e-03 1.00000000000000e+05 
9.83378985422930e-03 1.00000000000000e+05 
9.95901561951992e-03 1.00000000000000e+05 
1.00794558530081e-02 1.00000000000000e+05 
1.02015249064450e-02 1.00000000000000e+05 
1.03247417647629e-02 1.00000000000000e+05 
1.04493945796851e-02 1.00000000000000e+05 
1.05765051316125e-02 1.00000000000000e+05 
1.07066927519068e-02 1.00000000000000e+05 
1.08315960577299e-02 1.00000000000000e+05 
1.09581784271099e-02 1.00000000000000e+05 
1.10859227278042e-02 1.00000000000000e+05 
1.12150701841067e-02 1.00000000000000e+05 
1.13466496244206e-02 1.00000000000000e+05 
1.14813092406237e-02 1.00000000000000e+05 
1.16103862657845e-02 1.00000000000000e+05 
1.17411454631992e-02 1.00000000000000e+05 
1.18730358068931e-02 1.00000000000000e+05 
1.20062151182570e-02 1.00000000000000e+05 
1.21416607216927e-02 1.00000000000000e+05 
1.22800722356732e-02 1.00000000000000e+05 
1.24130473728079e-02 1.00000000000000e+05 
1.25476459809061e-02 1.00000000000000e+05 
1.26833026202745e-02 1.00000000000000e+05 
1.28200904914624e-02 1.00000000000000e+05 
1.29588903138239e-02 1.00000000000000e+05 
1.31004509252391e-02 1.00000000000000e+05 
1.32371047016902e-02 1.00000000000000e+05 
1.33752662037263e-02 1.00000000000000e+05 
1.35143964639685e-02 1.00000000000000e+05 
1.36545661846562e-02 1.00000000000000e+05 
1.37963992184324e-02 1.00000000000000e+05 
1.39407977994288e-02 1.00000000000000e+05 
1.40885026519410e-02 1.00000000000000e+05 
1.42397089471229e-02 1.00000000000000e+05 
1.43825349491718e-02 1.00000000000000e+05 
1.45271500821404e-02 1.00000000000000e+05 
1.46729110647275e-02 1.00000000000000e+05 
1.48196196715230e-02 1.00000000000000e+05 
1.49681743121607e-02 1.00000000000000e+05 
1.51193325456564e-02 1.00000000000000e+05 
1.52741748799858e-02 1.00000000000000e+05 
1.54326160373819e-02 1.00000000000000e+05 
1.55810685684326e-02 1.00000000000000e+05 
1.57301898492460e-02 1.00000000000000e+05 
1.58805904357051e-02 1.00000000000000e+05 
1.60333921328742e-02 1.00000000000000e+05 
1.61888612327763e-02 1.00000000000000e+05 
1.63471407490676e-02 1.00000000000000e+05 
1.64985206307399e-02 1.00000000000000e+05 
1.66513995094021e-02 1.00000000000000e+05 
1.68051762543197e-02 1.00000000000000e+05 
1.69594807725161e-02 1.00000000000000e+05 
1.71148893073825e-02 1.00000000000000e+05 
1.72725564963931e-02 1.00000000000000e+05 
1.74326336630433e-02 1.00000000000000e+05 
1.75953066959451e-02 1.00000000000000e+05 
1.77612808518625e-02 1.00000000000000e+05 
1.79303211271270e-02 1.00000000000000e+05 
1.80888015887926e-02 1.00000000000000e+05 
1.82488196818381e-02 1.00000000000000e+05 
1.84096573963832e-02 1.00000000000000e+05 
1.85706814605632e-02 1.00000000000000e+05 
1.87328072853565e-02 1.00000000000000e+05 
1.88970185538458e-02 1.00000000000000e+05 
1.90639105160734e-02 1.00000000000000e+05 
1.92336716751590e-02 1.00000000000000e+05 
1.93943173524074e-02 1.00000000000000e+05 
1.95562943916372e-02 1.00000000000000e+05 
1.97188769578204e-02 1.00000000000000e+05 
1.98816862795991e-02 1.00000000000000e+05 
2.00453887335501e-02 1.00000000000000e+05 
2.02111524831798e-02 1.00000000000000e+05 
2.03791822287013e-02 1.00000000000000e+05 
2.05495563064362e-02 1.00000000000000e+05 
2.07123197253724e-02 1.00000000000000e+05 
2.08754708729083e-02 1.00000000000000e+05 
2.10398040124595e-02 1.00000000000000e+05 
2.12047800220501e-02 1.00000000000000e+05 
2.13712258246085e-02 1.00000000000000e+05 
2.15371278146197e-02 1.00000000000000e+05 
2.17055223074101e-02 1.00000000000000e+05 
2.18751300463087e-02 1.00000000000000e+05 
2.20433734929466e-02 1.00000000000000e+05 
2.22196654612323e-02 1.00000000000000e+05 
2.23898890910066e-02 1.00000000000000e+05 
2.25579840358558e-02 1.00000000000000e+05 
2.27306290686902e-02 1.00000000000000e+05 
2.29026242704072e-02 1.00000000000000e+05 
2.30805363804564e-02 1.00000000000000e+05 
2.32566255150999e-02 1.00000000000000e+05 
2.34408128874850e-02 1.00000000000000e+05 
2.36221741108437e-02 1.00000000000000e+05 
2.37970188841875e-02 1.00000000000000e+05 
2.39709329197906e-02 1.00000000000000e+05 
2.41467939853542e-02 1.00000000000000e+05 
2.43212511983946e-02 1.00000000000000e+05 
2.44938350304328e-02 1.00000000000000e+05 
2.46685094998156e-02 1.00000000000000e+05 
2.48427877563126e-02 1.00000000000000e+05 
2.50206001557618e-02 1.00000000000000e+05 
2.51987580401935e-02 1.00000000000000e+05 
2.53759031574889e-02 1.00000000000000e+05 
2.55537667118169e-02 1.00000000000000e+05 
2.57315488690191e-02 1.00000000000000e+05 
2.59107898869800e-02 1.00000000000000e+05 
2.60916751221861e-02 1.00000000000000e+05 
2.62754355204317e-02 1.00000000000000e+05 
2.64574469764729e-02 1.00000000000000e+05 
2.66495719171143e-02 1.00000000000000e+05 
2.68338445949428e-02 1.00000000000000e+05 
2.70180905021750e-02 1.00000000000000e+05 
2.72030072742613e-02 1.00000000000000e+05 
2.73890989739208e-02 1.00000000000000e+05 
2.75761992582778e-02 1.00000000000000e+05 
2.77645772058520e-02 1.00000000000000e+05 
2.79542546898900e-02 1.00000000000000e+05 
2.81454680952083e-02 1.00000000000000e+05 
2.83384314501146e-02 1.00000000000000e+05 
2.85332784684090e-02 1.00000000000000e+05 
2.87284825576086e-02 1.00000000000000e+05 
2.89278685001623e-02 1.00000000000000e+05 
2.91250595766632e-02 1.00000000000000e+05 
2.93290512523897e-02 1.00000000000000e+05 
2.95219820676174e-02 1.00000000000000e+05 
2.97153442295036e-02 1.00000000000000e+05 
2.99089907373693e-02 1.00000000000000e+05 
3.01033766663770e-02 1.00000000000000e+05 
3.02983334523139e-02 1.00000000000000e+05 
3.04941026132884e-02 1.00000000000000e+05 
3.06904790238978e-02 1.00000000000000e+05 
3.08877029166304e-02 1.00000000000000e+05 
3.10855691927929e-02 1.00000000000000e+05 
3.12843884567427e-02 1.00000000000000e+05 
3.14839546335424e-02 1.00000000000000e+05 
3.16846824244928e-02 1.00000000000000e+05 
3.18865542936895e-02 1.00000000000000e+05 
3.20899847082039e-02 1.00000000000000e+05 
3.22950634986088e-02 1.00817757830657e+05 
3.25013828331385e-02 1.05657510922985e+05 
3.27074255117550e-02 1.17793036581808e+05 
3.29139505186070e-02 1.39423924856749e+05 
3.31200062248400e-02 1.66479436104045e+05 
3.33261830940187e-02 1.96808869735223e+05 
3.35320253027682e-02 2.21069598394081e+05 
3.37353989484553e-02 2.34364341873218e+05 
3.39392047595433e-02 2.38103382395630e+05 
3.41435174393099e-02 2.37096621724424e+05 
3.43482662100789e-02 2.36247027257963e+05 
3.45537799452948e-02 2.33896235305588e+05 
3.47599672350203e-02 2.29855499095991e+05 
3.49668931302057e-02 2.25530433721054e+05 
3.51739278589763e-02 2.21093542092848e+05 
3.53813265064811e-02 2.16808928855867e+05 
3.55862087096989e-02 2.13000525991297e+05 
3.57941126628091e-02 2.09595931377524e+05 
3.60021054637921e-02 2.06683941325622e+05 
3.62106901117220e-02 2.04197733447989e+05 
3.64191814817961e-02 2.02028607883449e+05 
3.66282064064676e-02 2.00073867492303e+05 
3.68319954277171e-02 1.98263674037924e+05 
3.70414673414976e-02 1.96425093002116e+05 
3.72509482733788e-02 1.94565432645456e+05 
3.74607253332092e-02 1.92663302133306e+05 
3.76705777288586e-02 1.90717582781910e+05 
3.78809200990779e-02 1.88736109441154e+05 
3.80914265217002e-02 1.86737398254714e+05 
3.83022119045405e-02 1.84741743826877e+05 
3.85117831115269e-02 1.82778451178931e+05 
3.87231161229873e-02 1.80839430277070e+05 
3.89311502537301e-02 1.78978252316808e+05 
3.91428359925453e-02 1.77143136389376e+05 
3.93494973880855e-02 1.75408282075635e+05 
3.95616293019561e-02 1.73688825477085e+05 
3.97670553613272e-02 1.72078459934545e+05 
3.99799254361935e-02 1.70464245066930e+05 
4.01842546379795e-02 1.68962683990260e+05 
4.03973347657353e-02 1.67441546162666e+05 
4.06007005554427e-02 1.66026699468540e+05 
4.08137992203502e-02 1.64578226825965e+05 
4.10163303545362e-02 1.63231823472584e+05 
4.12294930064087e-02 1.61848946975157e+05 
4.14313175672284e-02 1.60559785576779e+05 
4.16445569928056e-02 1.59218793306228e+05 
4.18457645736544e-02 1.57975540376155e+05 
4.20590734297251e-02 1.56677026145736e+05 
4.22606631455657e-02 1.55473754169826e+05 
4.24740289738096e-02 1.54225969567234e+05 
4.26750731155582e-02 1.53073017531613e+05 
4.28884715619120e-02 1.51874052276733e+05 
4.30890152915149e-02 1.50765834543126e+05 
4.33043070043451e-02 1.49587261743520e+05 
4.35043687291014e-02 1.48518119734807e+05 
4.37189812846558e-02 1.47393073475942e+05 
4.39186510877913e-02 1.46364844153878e+05 
4.41326631683313e-02 1.45301407138814e+05 
4.43320098443323e-02 1.44337278181344e+05 
4.45454968400617e-02 1.43302588604311e+05 
4.47445990707765e-02 1.42341371852460e+05 
4.49576646122775e-02 1.41362068815131e+05 
4.51566698672281e-02 1.40692527529463e+05 
4.53694433530333e-02 1.40310653674419e+05 
4.55683254413903e-02 1.40340533164162e+05 
4.57808139737653e-02 1.40867313774927e+05 
4.59796848752341e-02 1.41858799791203e+05 
4.61920213665465e-02 1.43332777426651e+05 
4.63909830374794e-02 1.45068214434427e+05 
4.66032814556167e-02 1.47251005461616e+05 
4.68024068785415e-02 1.49567472092114e+05 
4.70147528179311e-02 1.52261959070901e+05 
4.72141042028648e-02 1.54909188448466e+05 
4.74265672054341e-02 1.57766843226467e+05 
4.76262088957078e-02 1.60432161805399e+05 
4.78388532150060e-02 1.63032309511277e+05 
4.80388197121498e-02 1.65114454562720e+05 
4.82517086621735e-02 1.67028794052969e+05 
4.84521882734948e-02 1.68520009751302e+05 
4.86654805925787e-02 1.69309639337633e+05 
4.88665244240153e-02 1.69452458125603e+05 
4.90802417150895e-02 1.69105680243533e+05 
4.92818493528547e-02 1.68309264314912e+05 
4.94959450191681e-02 1.66911575238050e+05 
4.96980358497136e-02 1.65581861564338e+05 
4.99123520803830e-02 1.64184967592828e+05 
5.01147188108169e-02 1.62873622088115e+05 
5.03289315140560e-02 1.61499480628065e+05 
5.05311633350835e-02 1.60201793871417e+05 
5.07448122049248e-02 1.58835020145684e+05 
5.09465460035604e-02 1.57552575541155e+05 
5.11592100309876e-02 1.56212926175562e+05 
5.13600921302570e-02 1.54955344604456e+05 
5.15714223371603e-02 1.53642263580055e+05 
5.17712694078778e-02 1.52413152769746e+05 
5.19810699294365e-02 1.51136329803517e+05 
5.21797325947082e-02 1.49940889534297e+05 
5.23879230093751e-02 1.48701172906369e+05 
5.25852037863251e-02 1.47538965286440e+05 
5.27918685018554e-02 1.46333864113757e+05 
5.29881461329541e-02 1.45202479323260e+05 
5.31936121947480e-02 1.44031679705977e+05 
5.33892810282280e-02 1.42930798234555e+05 
5.35939048933005e-02 1.41793772551066e+05 
5.37893003183057e-02 1.40722378358849e+05 
5.39934105999045e-02 1.39617369650013e+05 
5.41888011640840e-02 1.38573730371778e+05 
5.43926913069617e-02 1.37498887145831e+05 
5.45881944855892e-02 1.36482676480095e+05 
5.47921124740572e-02 1.35437301576331e+05 
5.49879385875093e-02 1.34448434400952e+05 
5.51921004411712e-02 1.33432393243484e+05 
5.53884063577917e-02 1.32470819131898e+05 
5.55929761709504e-02 1.31483755443611e+05 
5.57899006471561e-02 1.30546907231342e+05 
5.59950217694243e-02 1.29589077049189e+05 
5.61926904260310e-02 1.28679196635792e+05 
5.63984870591249e-02 1.27749270356755e+05 
5.65969906737779e-02 1.26867261188468e+05 
5.68035476773590e-02 1.25966726132278e+05 
5.70029413630085e-02 1.25112212841427e+05 
5.72103111647354e-02 1.24239008646230e+05 
5.74106335084485e-02 1.23410324914085e+05 
5.76188494573675e-02 1.22565063091700e+05 
5.78201234048494e-02 1.21762575232940e+05 
5.80292054722298e-02 1.20945045788064e+05 
5.82314503207505e-02 1.20168737890187e+05 
5.84414162925581e-02 1.19378666424780e+05 
5.86446577560905e-02 1.18628205980261e+05 
5.88555304217610e-02 1.17866170673357e+05 
5.90597972927447e-02 1.17141356125794e+05 
5.92716002157232e-02 1.16404867015327e+05 
5.94769179210329e-02 1.15703963066920e+05 
5.96896700871735e-02 1.14992196785131e+05 
5.98960577703812e-02 1.14314390400646e+05 
6.01097680552195e-02 1.13626731695841e+05 
6.03172372835100e-02 1.12971485692483e+05 
6.05318930489668e-02 1.12308229421089e+05 
6.07404719410289e-02 1.11674760673993e+05 
6.09547269870555e-02 1.11038610778394e+05 
6.11644549263799e-02 1.10426018866849e+05 
6.13784566760544e-02 1.09814961292341e+05 
6.15893642802236e-02 1.09222176120448e+05 
6.18032332948433e-02 1.08634735523318e+05 
6.20146646320762e-02 1.08062493229070e+05 
6.22284573917345e-02 1.07496813046239e+05 
6.24398654687117e-02 1.06945294280531e+05 
6.26532795258981e-02 1.06400473380152e+05 
6.28643089279972e-02 1.05869257283983e+05 
6.30773901089896e-02 1.05343788378953e+05 
6.32880738204052e-02 1.04832526241261e+05 
6.35008701817201e-02 1.04324233421328e+05 
6.37112678661240e-02 1.03829423540186e+05 
6.39238388346721e-02 1.03336792216085e+05 
6.41340213648030e-02 1.02856888004225e+05 
6.43464360789380e-02 1.02378459283471e+05 
6.45564781685379e-02 1.01911954807356e+05 
6.47688086541683e-02 1.01445753566568e+05 
6.49787814046283e-02 1.00989939938330e+05 
6.51910950133052e-02 1.00534380887812e+05 
6.54010628543498e-02 1.00089752170860e+05 
6.56134200050016e-02 9.96454925067399e+04 
6.58234410063197e-02 9.92116842842125e+04 
6.60357465179345e-02 9.87788511783249e+04 
6.62457820838906e-02 9.83563969777114e+04 
6.64578635162332e-02 9.79356269519711e+04 
6.66676662640880e-02 9.75240399619545e+04 
6.68795694813190e-02 9.71127262369381e+04 
6.70891864732420e-02 9.67099479628206e+04 
6.73009570287266e-02 9.63070991327352e+04 
6.75104406976400e-02 9.59125530146258e+04 
6.77221274679729e-02 9.55177272240319e+04 
6.79315274844025e-02 9.51312900149547e+04 
6.81431819747850e-02 9.47446939490873e+04 
6.83525594699810e-02 9.43668789098241e+04 
6.85642381738757e-02 9.39894186603477e+04 
6.87736477897480e-02 9.36210748136188e+04 
6.89854059428177e-02 9.32539305018380e+04 
6.91949033027524e-02 9.28958369157856e+04 
6.94067933209171e-02 9.25394564599231e+04 
6.96164251033489e-02 9.21934303341468e+04 
6.98282623265231e-02 9.18503058536480e+04 
7.00378935328690e-02 9.15164347992608e+04 
7.02496106819753e-02 9.11871106491540e+04 
7.04591171277921e-02 9.08702794792299e+04 
7.06707564888241e-02 9.05566566991175e+04 
7.07915980515902e-02 9.03807854220390e+04 
7.09187750670832e-02 9.01996303106819e+04 
7.10527055100048e-02 9.00111376698020e+04 
7.11720990593987e-02 8.98436952277237e+04 
7.12991090940252e-02 8.96671096922871e+04 
7.14335888491060e-02 8.94809216693343e+04 
7.15586683461285e-02 8.93095369608884e+04 
7.16872799538811e-02 8.91349298346802e+04 
7.18216243539685e-02 8.89545121499572e+04 
7.19500085255380e-02 8.87837889813371e+04 
7.20832483117724e-02 8.86088192967699e+04 
7.22222768337906e-02 8.84284045262313e+04 
7.23675455356488e-02 8.82427597871322e+04 
7.25050193846141e-02 8.80690492683873e+04 
7.26480920715686e-02 8.78905106027791e+04 
7.27960453498054e-02 8.77075193151436e+04 
7.29421700232414e-02 8.75288153454643e+04 
7.30926444794937e-02 8.73464964050455e+04 
7.32423713523386e-02 8.71666657741252e+04 
7.33921943275670e-02 8.69882193150616e+04 
7.35461664800524e-02 8.68062811254570e+04 
7.36983933647534e-02 8.66277487099694e+04 
7.38546717028771e-02 8.64451657818498e+04 
7.40090988437548e-02 8.62656127832626e+04 
7.41676479111971e-02 8.60818072884547e+04 
7.43243553071806e-02 8.59015564193373e+04 
7.44852712677778e-02 8.57162580970928e+04 
7.46443786394868e-02 8.55328473042994e+04 
7.48077640388676e-02 8.53449401821066e+04 
7.49693937980238e-02 8.51589717030832e+04 
7.51353269810760e-02 8.49681462422940e+04 
7.52995770350417e-02 8.47814637681346e+04 
7.54680970885691e-02 8.45914616385248e+04 
7.56350320712022e-02 8.44041447244722e+04 
7.58061520258271e-02 8.42125559920522e+04 
7.59805330675886e-02 8.40175443226237e+04 
7.61575675475206e-02 8.38194088776997e+04 
7.63370115791770e-02 8.36188682495678e+04 
7.65185419323802e-02 8.34166525816385e+04 
7.67021560024843e-02 8.32131482500089e+04 
7.68876507266054e-02 8.30088638189818e+04 
7.70750543774355e-02 8.28042383777032e+04 
7.72642234441747e-02 8.26002347714592e+04 
7.74545044908936e-02 8.23979834596948e+04 
7.76486480173626e-02 8.21951804141144e+04 
7.78458752351111e-02 8.19915148683904e+04 
7.80450037133226e-02 8.17900335203634e+04 
7.82447642417535e-02 8.15935735693432e+04 
7.84454283096139e-02 8.14028814483092e+04 
7.86477975403986e-02 8.12179171975559e+04 
7.88509448412235e-02 8.10399973078853e+04 
7.90553918875825e-02 8.08584203683983e+04 
7.92606832755733e-02 8.06900984052632e+04 
7.94672290321851e-02 8.05330527128861e+04 
7.96747119855441e-02 8.03857984190337e+04 
7.98834079135651e-02 8.02467579714128e+04 
8.00927279126604e-02 8.01153882045975e+04 
8.03035318980237e-02 7.99973957218497e+04 
8.05119125137132e-02 7.98897399574530e+04 
8.07221708956211e-02 7.97826858421304e+04 
8.09296677816187e-02 7.96788706620760e+04 
8.11390794919724e-02 7.95761924724765e+04 
8.13457880679936e-02 7.94836518957016e+04 
8.15544561224184e-02 7.94010384614619e+04 
8.17605126247185e-02 7.93309395904067e+04 
8.19685709795027e-02 7.92715776586728e+04 
8.21741112714054e-02 7.92278743404072e+04 
8.23816909576944e-02 7.92006408434509e+04 
8.25868320177968e-02 7.91915187881929e+04 
8.27940428955185e-02 7.91949885490382e+04 
8.29988802055603e-02 7.92106520678926e+04 
8.32058115957846e-02 7.92384956487774e+04 
8.34104231415398e-02 7.92810177246021e+04 
8.36171461680911e-02 7.93344630155443e+04 
8.38215897935462e-02 7.93967339191670e+04 
8.40281610446372e-02 7.94678609322918e+04 
8.42324969320151e-02 7.95449357373193e+04 
8.44389810477724e-02 7.96285420906641e+04 
8.46432762418718e-02 7.97156393051685e+04 
8.48497380279800e-02 7.98069873669851e+04 
8.50540460020508e-02 7.98997771594489e+04 
8.52605346624199e-02 7.99947418558208e+04 
8.54648968933824e-02 8.00885303966618e+04 
8.56714530615445e-02 8.01820086429972e+04 
8.58759054226874e-02 8.02719568501252e+04 
8.60825649653090e-02 8.03593342161629e+04 
8.62871389362801e-02 8.04411955410432e+04 
8.64939329436536e-02 8.05184452619462e+04 
8.66986532355657e-02 8.05887639428799e+04 
8.69056049002711e-02 8.06531726109875e+04 
8.71104893377895e-02 8.07098549304055e+04 
8.73176154441416e-02 8.07597173584840e+04 
8.75226779925062e-02 8.08014587010657e+04 
8.77299917113386e-02 8.08358252166651e+04 
8.79352435768794e-02 8.08620849414852e+04 
8.81427552546105e-02 8.08808912894613e+04 
8.83482043795195e-02 8.08920477486612e+04 
8.85559206344554e-02 8.08960775171614e+04 
8.87615713299865e-02 8.08932722248576e+04 
8.89694982728128e-02 8.08840754561566e+04 
8.91753615870453e-02 8.08692543145407e+04 
8.93835126032403e-02 8.08490611242414e+04 
8.95896070068440e-02 8.08244472275401e+04 
8.97980026932708e-02 8.07954944258052e+04 
9.00043497101499e-02 8.07633460550266e+04 
9.02130110816611e-02 8.07282552680859e+04 
9.04196270303195e-02 8.06911648658083e+04 
9.06285686366078e-02 8.06519135278177e+04 
9.08354618760661e-02 8.06118903032989e+04 
9.10446907785993e-02 8.05717623680707e+04 
9.12518643220531e-02 8.05313190970330e+04 
9.14613826275826e-02 8.04905615017507e+04 
9.16688362837638e-02 8.04510520297390e+04 
9.18786438626186e-02 8.04124280425242e+04 
9.20863785912039e-02 8.03779885826748e+04 
9.22964750221242e-02 8.03457675489656e+04 
9.25044910171500e-02 8.03152555057364e+04 
9.27148535330150e-02 8.02855235940830e+04 
9.29231574944104e-02 8.02563905031661e+04 
9.31337217463159e-02 8.02279252163247e+04 
9.33423225236357e-02 8.02005285329884e+04 
9.35531092241251e-02 8.01736375479836e+04 
9.37619307305042e-02 8.01478103689937e+04 
9.39729364485137e-02 8.01222152090345e+04 
9.41819562179295e-02 8.00973991961030e+04 
9.43931662884484e-02 8.00728196358845e+04 
9.46023865421148e-02 8.00484972053766e+04 
9.48138125914929e-02 8.00243247816621e+04 
9.50232497917748e-02 8.00008011322081e+04 
9.52349006179740e-02 7.99769388611431e+04 
9.54445474829482e-02 7.99541287795495e+04 
9.56564124849048e-02 7.99331722291995e+04 
9.58662555992291e-02 7.99100831968494e+04 
9.60783226053072e-02 7.98845972486202e+04 
9.62883536484762e-02 7.98583727485066e+04 
9.65006160123422e-02 7.98313131005236e+04 
9.67108322962973e-02 7.98029905096887e+04 
9.69232887975580e-02 7.97726784019849e+04 
9.71336938781650e-02 7.97407292000482e+04 
9.73463518603766e-02 7.97067622416845e+04 
9.75569623404202e-02 7.96710835119908e+04 
9.77698400859874e-02 7.96328132618659e+04 
9.79806750917093e-02 7.95925196772569e+04 
9.81937902527155e-02 7.95494083486048e+04 
9.84048627843750e-02 7.95042463896237e+04 
9.86182279416589e-02 7.94561123036611e+04 
9.88295479373913e-02 7.94058860094729e+04 
9.90431733463813e-02 7.93525503443640e+04 
9.92547494812094e-02 7.92971811157569e+04 
9.94685851048578e-02 7.92386748430255e+04 
9.96804215971532e-02 7.91782267001793e+04 
9.98944219536090e-02 7.91146801463325e+04 
1.00106451004647e-01 7.90493267406086e+04 
1.00320611073072e-01 7.89809563176121e+04 
1.00532783304795e-01 7.89109856582805e+04 
1.00747099915356e-01 7.88381327278367e+04 
1.00959422318701e-01 7.87639421202895e+04 
1.01173906086685e-01 7.86870757515235e+04 
1.01386400366574e-01 7.86091973980846e+04 
1.01601074899357e-01 7.85289318828350e+04 
1.01813767461176e-01 7.84480491349034e+04 
1.02028658607801e-01 7.83651518882220e+04 
1.02241328892918e-01 7.82821921506402e+04 
1.02456453021449e-01 7.81975733941588e+04 
1.02669012339064e-01 7.81135383307526e+04 
1.02884338784589e-01 7.80282312971958e+04 
1.03096823578764e-01 7.79441528571796e+04 
1.03312274281318e-01 7.78592723057894e+04 
1.03524709366149e-01 7.77762248888009e+04 
1.03740294444231e-01 7.76928725100661e+04 
1.03952692117964e-01 7.76119356896548e+04 
1.04168422227733e-01 7.75311971600794e+04 
1.04380791881533e-01 7.74534163387224e+04 
1.04596682141941e-01 7.73763265340698e+04 
1.04809032650994e-01 7.73026825291086e+04 
1.05025119989092e-01 7.72301939312806e+04 
1.05237460057310e-01 7.71615800470577e+04 
1.05453659546163e-01 7.70945875983741e+04 
1.05665997874525e-01 7.70317895216384e+04 
1.05882304297599e-01 7.69710428750116e+04 
1.06094637879826e-01 7.69147258380750e+04 
1.06311063835597e-01 7.68608345887772e+04 
1.06523386338932e-01 7.68115217086478e+04 
1.06739952896806e-01 7.67649420411377e+04 
1.06952257206967e-01 7.67229931672988e+04 
1.07168997470431e-01 7.66840016626660e+04 
1.07381275264350e-01 7.66495876374998e+04 
1.07598134447862e-01 7.66182785158003e+04 
1.07810378336794e-01 7.65913680050598e+04 
1.08027302413886e-01 7.65676080589197e+04 
1.08239504895879e-01 7.65479367273051e+04 
1.08456539475176e-01 7.65313466381329e+04 
1.08668694268107e-01 7.65184285906806e+04 
1.08885879149483e-01 7.65083858493680e+04 
1.09097978832265e-01 7.65014822857194e+04 
1.09315348315525e-01 7.64971480387413e+04 
1.09527379468226e-01 7.64953523974236e+04 
1.09744961051949e-01 7.64956750327492e+04 
1.09956912049976e-01 7.64978080149772e+04 
1.10174726381465e-01 7.65015715378904e+04 
1.10386589433485e-01 7.65064669518645e+04 
1.10604657091392e-01 7.65124143530250e+04 
1.10816419381972e-01 7.65185641198793e+04 
1.11034754483211e-01 7.65251573508687e+04 
1.11246404232491e-01 7.65315126138377e+04 
1.11464968780847e-01 7.65375825484697e+04 
1.11676504163078e-01 7.65425389450904e+04 
1.11895258147798e-01 7.65462769953312e+04 
1.12106683287592e-01 7.65492699370953e+04 
1.12325638171681e-01 7.65506374886043e+04 
1.12536951277767e-01 7.65496262846312e+04 
1.12756112210130e-01 7.65459238314480e+04 
1.12967306164673e-01 7.65416304027566e+04 
1.13186679363691e-01 7.65366974827301e+04 
1.13397749351110e-01 7.65272470182238e+04 
1.13617351444448e-01 7.65141547644305e+04 
1.13828290699683e-01 7.64993230705461e+04 
1.14048025597776e-01 7.64832201819676e+04 
1.14258830072015e-01 7.64636226378610e+04 
1.14478464086587e-01 7.64471267746348e+04 
1.14689128203934e-01 7.64351545252733e+04 
1.14908640404406e-01 7.64253080295229e+04 
1.15119146660836e-01 7.64169554157669e+04 
1.15338563903417e-01 7.64147163177977e+04 
1.15548912429787e-01 7.64171729061084e+04 
1.15768291254898e-01 7.64230897638015e+04 
1.15978502774223e-01 7.64315312389108e+04 
1.16197894170771e-01 7.64442063910858e+04 
1.16407978026550e-01 7.64609332140773e+04 
1.16627421756275e-01 7.64782929573943e+04 
1.16837379015848e-01 7.64951344476172e+04 
1.17056910213650e-01 7.65132491338793e+04 
1.17266751215800e-01 7.65319907245029e+04 
1.17486303507529e-01 7.65526892651384e+04 
1.17696059187255e-01 7.65761709365846e+04 
1.17915516891439e-01 7.66047209851652e+04 
1.18125227266600e-01 7.66362635314485e+04 
1.18344633730783e-01 7.66738470328303e+04 
1.18554336703051e-01 7.67130633409921e+04 
1.18773735505485e-01 7.67583337320580e+04 
1.18983469173929e-01 7.68052873908681e+04 
1.19202903380379e-01 7.68569804404578e+04 
1.19412685045222e-01 7.69091378444058e+04 
1.19632172631168e-01 7.69660918298191e+04 
1.19842015708352e-01 7.70232336755838e+04 
1.20061572930913e-01 7.70899252449283e+04 
1.20271507014166e-01 7.71602317584042e+04 
1.20491168712282e-01 7.72431314531879e+04 
1.20701228115597e-01 7.73328574238905e+04 
1.20921033874489e-01 7.74411390556511e+04 
1.21131249773909e-01 7.75613743750046e+04 
1.21351235724086e-01 7.77076400947510e+04 
1.21561636141446e-01 7.78668844839112e+04 
1.21781835105142e-01 7.80570141641546e+04 
1.21992445589382e-01 7.82643181879078e+04 
1.22212887789484e-01 7.85112646774613e+04 
1.22423728787108e-01 7.87781880791482e+04 
1.22644440915775e-01 7.90931920050604e+04 
1.22855520021883e-01 7.94316071876430e+04 
1.23076515637887e-01 7.98272537069683e+04 
1.23287867771882e-01 8.02455789584007e+04 
1.23509195194730e-01 8.07258496986573e+04 
1.23720885218656e-01 8.12252414894424e+04 
1.23942614591520e-01 8.17875841451026e+04 
1.24154729876574e-01 8.23603365274798e+04 
1.24376956561901e-01 8.29918749507961e+04 
1.24589453676312e-01 8.36202286841979e+04 
1.24812126788266e-01 8.42974357741277e+04 
1.25025137584536e-01 8.49556579916526e+04 
1.25248410396552e-01 8.56478407442767e+04 
1.25461987231832e-01 8.63024169201253e+04 
1.25685929852309e-01 8.69735990734781e+04 
1.25900094437049e-01 8.75916362814499e+04 
1.26124734001484e-01 8.82068914419616e+04 
1.26339482614097e-01 8.87637202100194e+04 
1.26564818717625e-01 8.93002531062895e+04 
1.26780125970551e-01 8.97608217190866e+04 
1.27005586117259e-01 9.01889224152745e+04 
1.27221412900151e-01 9.05698121749037e+04 
1.27446570058305e-01 9.08914426473022e+04 
1.27662841544706e-01 9.11462407409507e+04 
1.27887708845914e-01 9.13679760376738e+04 
1.28104311406115e-01 9.15493174625364e+04 
1.28328916656068e-01 9.16828494485399e+04 
1.28545713993185e-01 9.18132945130796e+04 
1.28769935637431e-01 9.19468730541425e+04 
1.28986809285899e-01 9.20774039915765e+04 
1.29210643658307e-01 9.22118081095153e+04 
1.29427485357025e-01 9.23408899357722e+04 
1.29650905084097e-01 9.24743993914962e+04 
1.29867627002332e-01 9.26026498195900e+04 
1.30090635943585e-01 9.27322138352646e+04 
1.30307171050648e-01 9.28544381389114e+04 
1.30529785156450e-01 9.29747536641580e+04 
1.30746090787776e-01 9.30850747602818e+04 
1.30968331332707e-01 9.31917166264226e+04 
1.31184306208985e-01 9.32868578959360e+04 
1.31406200724558e-01 9.33735581881471e+04 
1.31621789229780e-01 9.34526873866785e+04 
1.31843370646029e-01 9.35151880313302e+04 
1.32058586479663e-01 9.35618398073216e+04 
1.32279887148970e-01 9.35943833996497e+04 
1.32494769926403e-01 9.36076610043145e+04 
1.32715832085442e-01 9.36158154033808e+04 
1.32930428215801e-01 9.36130330153149e+04 
1.33151285832314e-01 9.36022893652258e+04 
1.33365650645938e-01 9.35855076724453e+04 
1.33586335351962e-01 9.35646945819047e+04 
1.33800527646293e-01 9.35464213486294e+04 
1.34021080606901e-01 9.35375719722099e+04 
1.34235160409388e-01 9.35537478744293e+04 
1.34455627839294e-01 9.36042852255419e+04 
1.34669651346194e-01 9.37043416718249e+04 
1.34890076552909e-01 9.38817576606832e+04 
1.35104085069940e-01 9.41402135352680e+04 
1.35324502727751e-01 9.45202238531241e+04 
1.35538561703802e-01 9.49887897927717e+04 
1.35759004359119e-01 9.55782573398469e+04 
1.35973172987155e-01 9.62723756958053e+04 
1.36193667447005e-01 9.70899068610202e+04 
1.36407996230414e-01 9.79991564091388e+04 
1.36628562888011e-01 9.90401854817517e+04 
1.36843096720889e-01 1.00127016153086e+05 
1.37063751925105e-01 1.01285189369342e+05 
1.37278516841183e-01 1.02424500270062e+05 
1.37499281238233e-01 1.03571161819212e+05 
1.37714283850162e-01 1.04616851859763e+05 
1.37935185619551e-01 1.05604020326456e+05 
1.38150416719891e-01 1.06552454209440e+05 
1.38371488155370e-01 1.07305316523288e+05 
1.38586936012896e-01 1.07814536259904e+05 
1.38808204917891e-01 1.08129284138692e+05 
1.39023905001239e-01 1.08296156410396e+05 
1.39245384937993e-01 1.08323441799972e+05 
1.39461363594763e-01 1.08357210934103e+05 
1.39683053785447e-01 1.08352004401172e+05 
1.39899312831035e-01 1.08315766527450e+05 
1.40121210881135e-01 1.08243292794280e+05 
1.40337743362894e-01 1.08118225620194e+05 
1.40559853045314e-01 1.07953046262519e+05 
1.40776643487264e-01 1.07761772920338e+05 
1.40998974808902e-01 1.07541577188366e+05 
1.41216001770291e-01 1.07308646061423e+05 
1.41438569266814e-01 1.07053608979768e+05 
1.41655807817305e-01 1.06795005332547e+05 
1.41878631467153e-01 1.06525958316837e+05 
1.42096068041668e-01 1.06262560676665e+05 
1.42319172231372e-01 1.05994955892892e+05 
1.42536801268583e-01 1.05737738176070e+05 
1.42760217087188e-01 1.05478910051551e+05 
1.42978035803849e-01 1.05231956781407e+05 
1.43201797193895e-01 1.04984351520767e+05 
1.43419806230901e-01 1.04748547333298e+05 
1.43643946301483e-01 1.04511942030119e+05 
1.43862143958429e-01 1.04286659225112e+05 
1.44086693615112e-01 1.04060049258330e+05 
1.44305079015945e-01 1.03844295185761e+05 
1.44530064742760e-01 1.03627089629501e+05 
1.44748644675318e-01 1.03420841443739e+05 
1.44974084916945e-01 1.03214992741938e+05 
1.45192876126695e-01 1.03021422255248e+05 
1.45418781996685e-01 1.02830719405268e+05 
1.45637812594044e-01 1.02658587287295e+05 
1.45864190266673e-01 1.02493222347383e+05 
1.46083479061339e-01 1.02355079746784e+05 
1.46310333109719e-01 1.02233666514884e+05 
1.46529896042899e-01 1.02141395173631e+05 
1.46757234913337e-01 1.02084196617430e+05 
1.46977087643608e-01 1.02062435498170e+05 
1.47204926416478e-01 1.02080829085701e+05 
1.47425084294925e-01 1.02107446883312e+05 
1.47653446279382e-01 1.02158448589963e+05 
1.47873925479712e-01 1.02235241949815e+05 
1.48102839901004e-01 1.02356482062215e+05 
1.48323659336341e-01 1.02518961864210e+05 
1.48553162936343e-01 1.02725306942007e+05 
1.48774345851785e-01 1.02958234500256e+05 
1.49004472278406e-01 1.03232028314151e+05 
1.49226043958155e-01 1.03525042932804e+05 
1.49456820179246e-01 1.03851409506430e+05 
1.49678804452298e-01 1.04179220282596e+05 
1.49910256050349e-01 1.04525144478973e+05 
1.50132677345432e-01 1.04853479548010e+05 
1.50364787091534e-01 1.05181799384929e+05 
1.50587671927266e-01 1.05468535579353e+05 
1.50820205429818e-01 1.05751157454327e+05 
1.51043595418460e-01 1.05968250553834e+05 
1.51276591852162e-01 1.06143309120155e+05 
1.51500508645404e-01 1.06265009336403e+05 
1.51733988134337e-01 1.06338843510609e+05 
1.51958442008309e-01 1.06396509304636e+05 
1.52192415011749e-01 1.06422294164544e+05 
1.52417420530444e-01 1.06414320849035e+05 
1.52651900112369e-01 1.06353158574130e+05 
1.52877461679783e-01 1.06249275144017e+05 
1.53112449556621e-01 1.06100575251137e+05 
1.53338568230693e-01 1.05928468344230e+05 
1.53574063867190e-01 1.05716385502523e+05 
1.53800738076579e-01 1.05498192103985e+05 
1.54036738793143e-01 1.05236871290267e+05 
1.54263978475276e-01 1.04987246961174e+05 
1.54500493792647e-01 1.04758002005055e+05 
1.54728315443669e-01 1.04537610509268e+05 
1.54965361347125e-01 1.04318811229988e+05 
1.55193776800594e-01 1.04133159891411e+05 
1.55431366395571e-01 1.03978470365182e+05 
1.55660394084117e-01 1.03873074161867e+05 
1.55898546753655e-01 1.03806525731554e+05 
1.56128210839754e-01 1.03787190510935e+05 
1.56366951721760e-01 1.03817335934451e+05 
1.56597273556098e-01 1.03892142177229e+05 
1.56836623350677e-01 1.04017001626601e+05 
1.57067610947145e-01 1.04178391604192e+05 
1.57307575141893e-01 1.04382063271500e+05 
1.57539233234634e-01 1.04606868369483e+05 
1.57779814225737e-01 1.04860469744679e+05 
1.58012149419738e-01 1.05115368213424e+05 
1.58253351367456e-01 1.05380972675241e+05 
1.58486379631119e-01 1.05628543945880e+05 
1.58728216234499e-01 1.05868268886375e+05 
1.58961949570769e-01 1.06075754450146e+05 
1.59204429763183e-01 1.06260708933838e+05 
1.59438879886704e-01 1.06406224801436e+05 
1.59682012083303e-01 1.06520930941102e+05 
1.59917182845999e-01 1.06596559161180e+05 
1.60160967032460e-01 1.06640311693689e+05 
1.60396862658843e-01 1.06652229167314e+05 
1.60641299688946e-01 1.06637624729761e+05 
1.60877928847880e-01 1.06601971227168e+05 
1.61123024816696e-01 1.06548223567651e+05 
1.61360401223895e-01 1.06484645634456e+05 
1.61606168509303e-01 1.06411831629020e+05 
1.61844307456007e-01 1.06338202948646e+05 
1.62090760168867e-01 1.06261953128875e+05 
1.62329673823162e-01 1.06189878698135e+05 
1.62576822717496e-01 1.06116991095189e+05 
1.62816519243183e-01 1.06049737093097e+05 
1.63064371027106e-01 1.05983186185288e+05 
1.63304854720220e-01 1.05919167433496e+05 
1.63553411701519e-01 1.05859061301353e+05 
1.63794687666357e-01 1.05802270936561e+05 
1.64043953007942e-01 1.05753312296860e+05 
1.64286027528786e-01 1.05713832533369e+05 
1.64536005037914e-01 1.05664505837224e+05 
1.64778881389073e-01 1.05602914375185e+05 
1.65029571842676e-01 1.05530243558519e+05 
1.65273245742127e-01 1.05457506546683e+05 
1.65524641348578e-01 1.05373557678567e+05 
1.65769104126687e-01 1.05283106819066e+05 
1.66018516412099e-01 1.05185849597923e+05 
1.66263775551028e-01 1.05080107299787e+05 
1.66511225523714e-01 1.04964709614909e+05 
1.66755866054289e-01 1.04844410855858e+05 
1.67001885210730e-01 1.04715830667256e+05 
1.67247348326415e-01 1.04581579978725e+05 
1.67492281571378e-01 1.04446273522277e+05 
1.67736913720946e-01 1.04306984586592e+05 
1.67981075059419e-01 1.04164244387804e+05 
1.68229277898013e-01 1.04013214863215e+05 
1.68484561467081e-01 1.03850966803084e+05 
1.68733405977469e-01 1.03687335922309e+05 
1.68989287115355e-01 1.03514244057142e+05 
1.69238825758569e-01 1.03340954364043e+05 
1.69495298684921e-01 1.03159171823803e+05 
1.69745530044365e-01 1.02979119331372e+05 
1.70002598600681e-01 1.02791999136768e+05 
1.70253519412736e-01 1.02608968707735e+05 
1.70511181532492e-01 1.02420234372715e+05 
1.70762782168332e-01 1.02238914800560e+05 
1.71021021900820e-01 1.02055796212432e+05 
1.71273295953978e-01 1.01881957824956e+05 
1.71532092658814e-01 1.01717832930698e+05 
1.71785038830005e-01 1.01564757579107e+05 
1.72044380713989e-01 1.01424835662776e+05 
1.72298039911634e-01 1.01283514018955e+05 
1.72557970818864e-01 1.01132569049500e+05 
1.72812376214236e-01 1.00989277236984e+05 
1.73072943035274e-01 1.00849753554132e+05 
1.73328133125775e-01 1.00725526694261e+05 
1.73589386691207e-01 1.00616147900530e+05 
1.73845406090636e-01 1.00524060193928e+05 
1.74107397753115e-01 1.00443391853192e+05 
1.74364283061324e-01 1.00377584888037e+05 
1.74627048041690e-01 1.00322711469511e+05 
1.74884811529129e-01 1.00279548384310e+05 
1.75148355435807e-01 1.00244784438880e+05 
1.75406967657517e-01 1.00218117687730e+05 
1.75671249965483e-01 1.00196838603148e+05 
1.75930610927883e-01 1.00179917577374e+05 
1.76195516213888e-01 1.00164864718773e+05 
1.76455416596074e-01 1.00150608248336e+05 
1.76720721056680e-01 1.00134923624517e+05 
1.76980817369032e-01 1.00117099793620e+05 
1.77246174056648e-01 1.00095189524866e+05 
1.77505955384745e-01 1.00069157913262e+05 
1.77770870926146e-01 1.00037099089562e+05 
1.78029679582396e-01 9.99997273657348e+04 
1.78293550389603e-01 9.99551089740620e+04 
1.78550673331444e-01 9.99051145292234e+04 
1.78812888379005e-01 9.98471866510240e+04 
1.79067670417236e-01 9.97844211064415e+04 
1.79327710484123e-01 9.97134773588787e+04 
1.79579767671579e-01 9.96375728781287e+04 
1.79837400985877e-01 9.95521665484192e+04 
1.80086715088048e-01 9.94624687809158e+04 
1.80342059180354e-01 9.93615822270131e+04 
1.80588934823497e-01 9.92545437326841e+04 
1.80842360088900e-01 9.91384936377278e+04 
1.81087316655122e-01 9.90143988411692e+04 
1.81339340479562e-01 9.88745317436140e+04 
1.81583025506679e-01 9.87285895773175e+04 
1.81834241018823e-01 9.85642435162321e+04 
1.82077246794547e-01 9.84048148459607e+04 
1.82307062873831e-01 9.82495063930725e+04 
1.82550094515055e-01 9.80806674915049e+04 
1.82801124110361e-01 9.78988358635800e+04 
1.83044186560918e-01 9.77145358409639e+04 
1.83295573399131e-01 9.75197693120109e+04 
1.83539130268430e-01 9.73289482327904e+04 
1.83791087847463e-01 9.71302336504199e+04 
1.83961368630173e-01 9.69994001743064e+04 
1.84139477970620e-01 9.68674825328049e+04 
1.84323188536965e-01 9.67433753089778e+04 
1.84499800609386e-01 9.66357400329005e+04 
1.84680164006880e-01 9.65180474774619e+04 
1.84861415768727e-01 9.64187603016932e+04 
1.85046499734028e-01 9.63332306931638e+04 
1.85231808431461e-01 9.62689384508630e+04 
1.85420456092802e-01 9.62217579120797e+04 
1.85613380615563e-01 9.62015135180169e+04 
1.85810344459329e-01 9.61928807799058e+04 
1.86010866936051e-01 9.62024183932322e+04 
1.86215200093324e-01 9.62437808525929e+04 
1.86422981509287e-01 9.63227791236119e+04 
1.86642824330217e-01 9.64532837967381e+04 
1.86872021805296e-01 9.66308667741174e+04 
1.87108494816098e-01 9.68612598639549e+04 
1.87349710979674e-01 9.71440051344135e+04 
1.87594848273292e-01 9.74674714756293e+04 
1.87842602710075e-01 9.78241289330319e+04 
1.88068749613637e-01 9.81635645202821e+04 
1.88317511207555e-01 9.85388273529363e+04 
1.88571000616901e-01 9.89130820856016e+04 
1.88827343249022e-01 9.92634054779461e+04 
1.89082351122097e-01 9.95683396847948e+04 
1.89342628552650e-01 9.98502774319088e+04 
1.89599009035170e-01 1.00033912133993e+05 
1.89860537113218e-01 1.00146931452888e+05 
1.90118038184497e-01 1.00199096339658e+05 
1.90379764963642e-01 1.00198993915968e+05 
1.90638067056826e-01 1.00153995239392e+05 
1.90900115910712e-01 1.00074420531113e+05 
1.91159000397088e-01 9.99466811951418e+04 
1.91421595598222e-01 9.97969090388569e+04 
1.91681012970996e-01 9.96322307580047e+04 
1.91944205361731e-01 9.94497273797587e+04 
1.92204247091307e-01 9.92533923517018e+04 
1.92468022134191e-01 9.90431317162757e+04 
1.92728810107668e-01 9.88313135551338e+04 
1.92993062354378e-01 9.86163057298153e+04 
1.93254722468315e-01 9.84021217023861e+04 
1.93519196567140e-01 9.81884252030843e+04 
1.93781797655460e-01 9.79792618269984e+04 
1.94045616163444e-01 9.77730320255458e+04 
1.94301807572190e-01 9.75765960971261e+04 
1.94558120161899e-01 9.73838958140442e+04 
1.94814640416711e-01 9.71939150969618e+04 
1.95071302492412e-01 9.70065833953917e+04 
1.95328234222086e-01 9.68203679903052e+04 
1.95585348526867e-01 9.66349086031893e+04 
1.95842802128431e-01 9.64489596143991e+04 
1.96098602507246e-01 9.62633284857474e+04 
1.96356383358541e-01 9.60745315639749e+04 
1.96610188145447e-01 9.58864226440296e+04 
1.96865086477245e-01 9.56946950452543e+04 
1.97117369864233e-01 9.55018906188694e+04 
1.97372682068598e-01 9.53034178835962e+04 
1.97623658282188e-01 9.51050129453133e+04 
1.97879037199966e-01 9.48997899248441e+04 
1.98129055753664e-01 9.46957928488860e+04 
1.98382741643563e-01 9.44860370971142e+04 
1.98632179302101e-01 9.42774156485998e+04 
1.98887361778353e-01 9.40620507204842e+04 
1.99136348121338e-01 9.38505939783718e+04 
1.99391851969148e-01 9.36330625907221e+04 
1.99640511543723e-01 9.34215927670344e+04 
1.99895295453760e-01 9.32057933572887e+04 
2.00143170360590e-01 9.29982989713858e+04 
