# Liste des scalaires : TEMPS pmat 
0.00000000000000e+00 1.00000000000000e+05 
7.22956891292051e-05 1.00000000000000e+05 
1.33121779621888e-04 1.00000000000000e+05 
1.91350121636137e-04 1.00000000000000e+05 
2.48205202971459e-04 1.00000000000000e+05 
3.04378416912484e-04 1.00000000000000e+05 
3.57716908235285e-04 1.00000000000000e+05 
4.13432067493863e-04 1.00000000000000e+05 
4.70293840067820e-04 1.00000000000000e+05 
5.18474368751138e-04 1.00000000000000e+05 
5.67650751085547e-04 1.00000000000000e+05 
6.21744771653396e-04 1.00000000000000e+05 
6.80800695681270e-04 1.00000000000000e+05 
7.28444917083954e-04 1.00000000000000e+05 
7.80853560626907e-04 1.00000000000000e+05 
8.28660090391992e-04 1.00000000000000e+05 
8.78101011915227e-04 1.00000000000000e+05 
9.29006893777506e-04 1.00000000000000e+05 
9.85003363826014e-04 1.00000000000000e+05 
1.03483144803406e-03 1.00000000000000e+05 
1.08793520289119e-03 1.00000000000000e+05 
1.13962349501910e-03 1.00000000000000e+05 
1.19236657535814e-03 1.00000000000000e+05 
1.24608865403481e-03 1.00000000000000e+05 
1.30351940855564e-03 1.00000000000000e+05 
1.35691908256603e-03 1.00000000000000e+05 
1.41235170128384e-03 1.00000000000000e+05 
1.46930541993249e-03 1.00000000000000e+05 
1.53071813847960e-03 1.00000000000000e+05 
1.58628320506227e-03 1.00000000000000e+05 
1.64451380262295e-03 1.00000000000000e+05 
1.70188986183439e-03 1.00000000000000e+05 
1.75983196158936e-03 1.00000000000000e+05 
1.81756271282897e-03 1.00000000000000e+05 
1.87813574793307e-03 1.00000000000000e+05 
1.93758261651164e-03 1.00000000000000e+05 
1.99767325128912e-03 1.00000000000000e+05 
2.05748837319909e-03 1.00000000000000e+05 
2.12008379832694e-03 1.00000000000000e+05 
2.18480064275775e-03 1.00000000000000e+05 
2.25426318273195e-03 1.00000000000000e+05 
2.31630587493814e-03 1.00000000000000e+05 
2.38115187273744e-03 1.00000000000000e+05 
2.44825354202966e-03 1.00000000000000e+05 
2.51995382994598e-03 1.00000000000000e+05 
2.58417587197876e-03 1.00000000000000e+05 
2.65088572984862e-03 1.00000000000000e+05 
2.71652725408417e-03 1.00000000000000e+05 
2.78310433607830e-03 1.00000000000000e+05 
2.85017199029483e-03 1.00000000000000e+05 
2.91947525566884e-03 1.00000000000000e+05 
2.98833082922234e-03 1.00000000000000e+05 
3.05793248059643e-03 1.00000000000000e+05 
3.12796492146607e-03 1.00000000000000e+05 
3.19999191261563e-03 1.00000000000000e+05 
3.27172397197304e-03 1.00000000000000e+05 
3.34414738000821e-03 1.00000000000000e+05 
3.41698143060496e-03 1.00000000000000e+05 
3.49164061612177e-03 1.00000000000000e+05 
3.56620299531981e-03 1.00000000000000e+05 
3.64140253250862e-03 1.00000000000000e+05 
3.71697421948500e-03 1.00000000000000e+05 
3.79421411047690e-03 1.00000000000000e+05 
3.87165338458876e-03 1.00000000000000e+05 
3.94965582801418e-03 1.00000000000000e+05 
4.02796753934154e-03 1.00000000000000e+05 
4.10778549571527e-03 1.00000000000000e+05 
4.18816008654378e-03 1.00000000000000e+05 
4.26900464762143e-03 1.00000000000000e+05 
4.35007884259106e-03 1.00000000000000e+05 
4.43248863403345e-03 1.00000000000000e+05 
4.51585831259963e-03 1.00000000000000e+05 
4.59958858224098e-03 1.00000000000000e+05 
4.68345909220946e-03 1.00000000000000e+05 
4.76849096415500e-03 1.00000000000000e+05 
4.85564852450883e-03 1.00000000000000e+05 
4.94575180433225e-03 1.00000000000000e+05 
5.03248715586224e-03 1.00000000000000e+05 
5.12022918455831e-03 1.00000000000000e+05 
5.20985683308553e-03 1.00000000000000e+05 
5.30222360100545e-03 1.00000000000000e+05 
5.39144531071361e-03 1.00000000000000e+05 
5.48158689872446e-03 1.00000000000000e+05 
5.57342149259993e-03 1.00000000000000e+05 
5.66780488006781e-03 1.00000000000000e+05 
5.75981263903742e-03 1.00000000000000e+05 
5.85303484994220e-03 1.00000000000000e+05 
5.94718263279236e-03 1.00000000000000e+05 
6.04305057702857e-03 1.00000000000000e+05 
6.13819671130246e-03 1.00000000000000e+05 
6.23420480088321e-03 1.00000000000000e+05 
6.33071153023389e-03 1.00000000000000e+05 
6.42843278050656e-03 1.00000000000000e+05 
6.52667499008764e-03 1.00000000000000e+05 
6.62548589525084e-03 1.00000000000000e+05 
6.72457575597550e-03 1.00000000000000e+05 
6.82466016284066e-03 1.00000000000000e+05 
6.92653248001092e-03 1.00000000000000e+05 
7.03104373142439e-03 1.00000000000000e+05 
7.13309621274686e-03 1.00000000000000e+05 
7.23641924722794e-03 1.00000000000000e+05 
7.34066115800077e-03 1.00000000000000e+05 
7.44646266025824e-03 1.00000000000000e+05 
7.55176391620911e-03 1.00000000000000e+05 
7.65790721945767e-03 1.00000000000000e+05 
7.76453503073791e-03 1.00000000000000e+05 
7.87227052653473e-03 1.00000000000000e+05 
7.98193540240719e-03 1.00000000000000e+05 
8.09435564994736e-03 1.00000000000000e+05 
8.20373778734533e-03 1.00000000000000e+05 
8.31450328476126e-03 1.00000000000000e+05 
8.42626510371619e-03 1.00000000000000e+05 
8.53954012752059e-03 1.00000000000000e+05 
8.65551399212734e-03 1.00000000000000e+05 
8.77472546206553e-03 1.00000000000000e+05 
8.88857835505384e-03 1.00000000000000e+05 
9.00351055260907e-03 1.00000000000000e+05 
9.12027625660893e-03 1.00000000000000e+05 
9.23972132068915e-03 1.00000000000000e+05 
9.35573360948015e-03 1.00000000000000e+05 
9.47317344759285e-03 1.00000000000000e+05 
9.59164378424635e-03 1.00000000000000e+05 
9.71157726348604e-03 1.00000000000000e+05 
9.83378985422930e-03 1.00000000000000e+05 
9.95901561951992e-03 1.00000000000000e+05 
1.00794558530081e-02 1.00000000000000e+05 
1.02015249064450e-02 1.00000000000000e+05 
1.03247417647629e-02 1.00000000000000e+05 
1.04493945796851e-02 1.00000000000000e+05 
1.05765051316125e-02 1.00000000000000e+05 
1.07066927519068e-02 1.00000000000000e+05 
1.08315960577299e-02 1.00000000000000e+05 
1.09581784271099e-02 1.00000000000000e+05 
1.10859227278042e-02 1.00000000000000e+05 
1.12150701841067e-02 1.00000000000000e+05 
1.13466496244206e-02 1.00000000000000e+05 
1.14813092406237e-02 1.00000000000000e+05 
1.16103862657845e-02 1.00000000000000e+05 
1.17411454631992e-02 1.00000000000000e+05 
1.18730358068931e-02 1.00000000000000e+05 
1.20062151182570e-02 1.00000000000000e+05 
1.21416607216927e-02 1.00000000000000e+05 
1.22800722356732e-02 1.00000000000000e+05 
1.24130473728079e-02 1.00000000000000e+05 
1.25476459809061e-02 1.00000000000000e+05 
1.26833026202745e-02 1.00000000000000e+05 
1.28200904914624e-02 1.00000000000000e+05 
1.29588903138239e-02 1.00000000000000e+05 
1.31004509252391e-02 1.00000000000000e+05 
1.32371047016902e-02 1.00000000000000e+05 
1.33752662037263e-02 1.00000000000000e+05 
1.35143964639685e-02 1.00000000000000e+05 
1.36545661846562e-02 1.00000000000000e+05 
1.37963992184324e-02 1.00000000000000e+05 
1.39407977994288e-02 1.00000000000000e+05 
1.40885026519410e-02 1.00000000000000e+05 
1.42397089471229e-02 1.00000000000000e+05 
1.43825349491718e-02 1.00000000000000e+05 
1.45271500821404e-02 1.00000000000000e+05 
1.46729110647275e-02 1.00000000000000e+05 
1.48196196715230e-02 1.00000000000000e+05 
1.49681743121607e-02 1.00000000000000e+05 
1.51193325456564e-02 1.00000000000000e+05 
1.52741748799858e-02 1.00000000000000e+05 
1.54326160373819e-02 1.00000000000000e+05 
1.55810685684326e-02 1.00000000000000e+05 
1.57301898492460e-02 1.00000000000000e+05 
1.58805904357051e-02 1.00000000000000e+05 
1.60333921328742e-02 1.00000000000000e+05 
1.61888612327763e-02 1.00000000000000e+05 
1.63471407490676e-02 1.00000000000000e+05 
1.64985206307399e-02 1.00000000000000e+05 
1.66513995094021e-02 1.00000000000000e+05 
1.68051762543197e-02 1.00000000000000e+05 
1.69594807725161e-02 1.00000000000000e+05 
1.71148893073825e-02 1.00000000000000e+05 
1.72725564963931e-02 1.00000000000000e+05 
1.74326336630433e-02 1.00000000000000e+05 
1.75953066959451e-02 1.00000000000000e+05 
1.77612808518625e-02 1.00000000000000e+05 
1.79303211271270e-02 1.00000000000000e+05 
1.80888015887926e-02 1.00000000000000e+05 
1.82488196818381e-02 1.00000000000000e+05 
1.84096573963832e-02 1.00000000000000e+05 
1.85706814605632e-02 1.00000000000000e+05 
1.87328072853565e-02 1.00000000000000e+05 
1.88970185538458e-02 1.00000000000000e+05 
1.90639105160734e-02 1.00000000000000e+05 
1.92336716751590e-02 1.00000000000000e+05 
1.93943173524074e-02 1.00000000000000e+05 
1.95562943916372e-02 1.00000000000000e+05 
1.97188769578204e-02 1.00000000000000e+05 
1.98816862795991e-02 1.00000000000000e+05 
2.00453887335501e-02 1.00000000000000e+05 
2.02111524831798e-02 1.00000000000000e+05 
2.03791822287013e-02 1.00000000000000e+05 
2.05495563064362e-02 1.00000000000000e+05 
2.07123197253724e-02 1.00000000000000e+05 
2.08754708729083e-02 1.00000000000000e+05 
2.10398040124595e-02 1.00000000000000e+05 
2.12047800220501e-02 1.00000000000000e+05 
2.13712258246085e-02 1.00000000000000e+05 
2.15371278146197e-02 1.00000000000000e+05 
2.17055223074101e-02 1.00000000000000e+05 
2.18751300463087e-02 1.00000000000000e+05 
2.20433734929466e-02 1.00000000000000e+05 
2.22196654612323e-02 1.00000000000000e+05 
2.23898890910066e-02 1.00000000000000e+05 
2.25579840358558e-02 1.00000000000000e+05 
2.27306290686902e-02 1.00000000000000e+05 
2.29026242704072e-02 1.00000000000000e+05 
2.30805363804564e-02 1.00000000000000e+05 
2.32566255150999e-02 1.00000000000000e+05 
2.34408128874850e-02 1.00000000000000e+05 
2.36221741108437e-02 1.00000000000000e+05 
2.37970188841875e-02 1.00000000000000e+05 
2.39709329197906e-02 1.00000000000000e+05 
2.41467939853542e-02 1.00000000000000e+05 
2.43212511983946e-02 1.00000000000000e+05 
2.44938350304328e-02 1.00000000000000e+05 
2.46685094998156e-02 1.00000000000000e+05 
2.48427877563126e-02 1.00000000000000e+05 
2.50206001557618e-02 1.00000000000000e+05 
2.51987580401935e-02 1.00000000000000e+05 
2.53759031574889e-02 1.00000000000000e+05 
2.55537667118169e-02 1.00000000000000e+05 
2.57315488690191e-02 1.00000000000000e+05 
2.59107898869800e-02 1.00000000000000e+05 
2.60916751221861e-02 1.00000000000000e+05 
2.62754355204317e-02 1.00000000000000e+05 
2.64574469764729e-02 1.00000000000000e+05 
2.66495719171143e-02 1.00000000000000e+05 
2.68338445949428e-02 1.00000000000000e+05 
2.70180905021750e-02 1.00000000000000e+05 
2.72030072742613e-02 1.00000000000000e+05 
2.73890989739208e-02 1.00000000000000e+05 
2.75761992582778e-02 1.00000000000000e+05 
2.77645772058520e-02 1.00000000000000e+05 
2.79542546898900e-02 1.00000000000000e+05 
2.81454680952083e-02 1.00000000000000e+05 
2.83384314501146e-02 1.00000000000000e+05 
2.85332784684090e-02 1.00000000000000e+05 
2.87284825576086e-02 1.00000000000000e+05 
2.89278685001623e-02 1.00000000000000e+05 
2.91250595766632e-02 1.00000000000000e+05 
2.93290512523897e-02 1.00000000000000e+05 
2.95219820676174e-02 1.00000000000000e+05 
2.97153442295036e-02 1.00000000000000e+05 
2.99089907373693e-02 1.00000000000000e+05 
3.01033766663770e-02 1.00000000000000e+05 
3.02983334523139e-02 1.00000000000000e+05 
3.04941026132884e-02 1.00000000000000e+05 
3.06904790238978e-02 1.00000000000000e+05 
3.08877029166304e-02 1.00000000000000e+05 
3.10855691927929e-02 1.00000000000000e+05 
3.12843884567427e-02 1.00000000000000e+05 
3.14839546335424e-02 1.00000000000000e+05 
3.16846824244928e-02 1.00000000000000e+05 
3.18865542936895e-02 1.00000000000000e+05 
3.20899847082039e-02 1.00000000000000e+05 
3.22950634986088e-02 1.00000000000000e+05 
3.25013828331385e-02 1.00000000000000e+05 
3.27074255117550e-02 1.00000000000000e+05 
3.29139505186070e-02 1.00000000000000e+05 
3.31200062248400e-02 1.00000000000000e+05 
3.33261830940187e-02 1.00000000000000e+05 
3.35320253027682e-02 1.00000000000000e+05 
3.37353989484553e-02 1.00000000000000e+05 
3.39392047595433e-02 1.00000000000000e+05 
3.41435174393099e-02 1.00000000000000e+05 
3.43482662100789e-02 1.00000000000000e+05 
3.45537799452948e-02 1.00000000000000e+05 
3.47599672350203e-02 1.00000000000000e+05 
3.49668931302057e-02 1.00000000000000e+05 
3.51739278589763e-02 1.00000000000000e+05 
3.53813265064811e-02 1.00000000000000e+05 
3.55862087096989e-02 1.00000000000000e+05 
3.57941126628091e-02 1.00000000000000e+05 
3.60021054637921e-02 1.00000000000000e+05 
3.62106901117220e-02 1.00000000000000e+05 
3.64191814817961e-02 1.00000000000000e+05 
3.66282064064676e-02 1.00000000000000e+05 
3.68319954277171e-02 1.00000000000000e+05 
3.70414673414976e-02 1.00000000000000e+05 
3.72509482733788e-02 1.00000000000000e+05 
3.74607253332092e-02 1.00000000000000e+05 
3.76705777288586e-02 1.00000000000000e+05 
3.78809200990779e-02 1.00000000000000e+05 
3.80914265217002e-02 1.00000000000000e+05 
3.83022119045405e-02 1.00000000000000e+05 
3.85117831115269e-02 1.00000000000000e+05 
3.87231161229873e-02 1.00000000000000e+05 
3.89311502537301e-02 1.00000000000000e+05 
3.91428359925453e-02 1.00000000000000e+05 
3.93494973880855e-02 1.00000000000000e+05 
3.95616293019561e-02 1.00000000000000e+05 
3.97670553613272e-02 1.00000000000000e+05 
3.99799254361935e-02 1.00000000000000e+05 
4.01842546379795e-02 1.00000000000000e+05 
4.03973347657353e-02 1.00000000000000e+05 
4.06007005554427e-02 1.00000000000000e+05 
4.08137992203502e-02 1.00000000000000e+05 
4.10163303545362e-02 1.00000000000000e+05 
4.12294930064087e-02 1.00000000000000e+05 
4.14313175672284e-02 1.00000000000000e+05 
4.16445569928056e-02 1.00000000000000e+05 
4.18457645736544e-02 1.00000000000000e+05 
4.20590734297251e-02 1.00000000000000e+05 
4.22606631455657e-02 1.00000000000000e+05 
4.24740289738096e-02 1.00000000000000e+05 
4.26750731155582e-02 1.00000000000000e+05 
4.28884715619120e-02 1.00000000000000e+05 
4.30890152915149e-02 1.00000000000000e+05 
4.33043070043451e-02 1.00000000000000e+05 
4.35043687291014e-02 1.00000000000000e+05 
4.37189812846558e-02 1.00000000000000e+05 
4.39186510877913e-02 1.00000000000000e+05 
4.41326631683313e-02 1.00000000000000e+05 
4.43320098443323e-02 1.00000000000000e+05 
4.45454968400617e-02 1.00000000000000e+05 
4.47445990707765e-02 1.00000000000000e+05 
4.49576646122775e-02 1.00000000000000e+05 
4.51566698672281e-02 1.00000000000000e+05 
4.53694433530333e-02 1.00000000000000e+05 
4.55683254413903e-02 1.00000000000000e+05 
4.57808139737653e-02 1.00000000000000e+05 
4.59796848752341e-02 1.00000000000000e+05 
4.61920213665465e-02 1.00000000000000e+05 
4.63909830374794e-02 1.00000000000000e+05 
4.66032814556167e-02 1.00000000000000e+05 
4.68024068785415e-02 1.00000000000000e+05 
4.70147528179311e-02 1.00000000000000e+05 
4.72141042028648e-02 1.00000000000000e+05 
4.74265672054341e-02 1.00000000000000e+05 
4.76262088957078e-02 1.00000000000000e+05 
4.78388532150060e-02 1.00000000000000e+05 
4.80388197121498e-02 1.00000000000000e+05 
4.82517086621735e-02 1.00000000000000e+05 
4.84521882734948e-02 1.00000000000000e+05 
4.86654805925787e-02 1.00000000000000e+05 
4.88665244240153e-02 1.00000000000000e+05 
4.90802417150895e-02 1.00000000000000e+05 
4.92818493528547e-02 1.00000000000000e+05 
4.94959450191681e-02 1.00000000000000e+05 
4.96980358497136e-02 1.00000000000000e+05 
4.99123520803830e-02 1.00000000000000e+05 
5.01147188108169e-02 1.00000000000000e+05 
5.03289315140560e-02 1.00000000000000e+05 
5.05311633350835e-02 1.00000000000000e+05 
5.07448122049248e-02 1.00000000000000e+05 
5.09465460035604e-02 1.00000000000000e+05 
5.11592100309876e-02 1.00000000000000e+05 
5.13600921302570e-02 1.00000000000000e+05 
5.15714223371603e-02 1.00000000000000e+05 
5.17712694078778e-02 1.00000000000000e+05 
5.19810699294365e-02 1.00000000000000e+05 
5.21797325947082e-02 1.00000000000000e+05 
5.23879230093751e-02 1.00000000000000e+05 
5.25852037863251e-02 1.00000000000000e+05 
5.27918685018554e-02 1.00000000000000e+05 
5.29881461329541e-02 1.00000000000000e+05 
5.31936121947480e-02 1.00000000000000e+05 
5.33892810282280e-02 1.00000000000000e+05 
5.35939048933005e-02 1.00000000000000e+05 
5.37893003183057e-02 1.00000000000000e+05 
5.39934105999045e-02 1.00000000000000e+05 
5.41888011640840e-02 1.00000000000000e+05 
5.43926913069617e-02 1.00000000000000e+05 
5.45881944855892e-02 1.00000000000000e+05 
5.47921124740572e-02 1.00000000000000e+05 
5.49879385875093e-02 1.00000000000000e+05 
5.51921004411712e-02 1.00000000000000e+05 
5.53884063577917e-02 1.00000000000000e+05 
5.55929761709504e-02 1.00000000000000e+05 
5.57899006471561e-02 1.00000000000000e+05 
5.59950217694243e-02 1.00000000000000e+05 
5.61926904260310e-02 1.00000000000000e+05 
5.63984870591249e-02 1.00000000000000e+05 
5.65969906737779e-02 1.00000000000000e+05 
5.68035476773590e-02 1.00000000000000e+05 
5.70029413630085e-02 1.00000000000000e+05 
5.72103111647354e-02 1.00000000000000e+05 
5.74106335084485e-02 1.00000000000000e+05 
5.76188494573675e-02 1.00000000000000e+05 
5.78201234048494e-02 1.00000000000000e+05 
5.80292054722298e-02 1.00000000000000e+05 
5.82314503207505e-02 1.00000000000000e+05 
5.84414162925581e-02 1.00000000000000e+05 
5.86446577560905e-02 1.00000000000000e+05 
5.88555304217610e-02 1.00000000000000e+05 
5.90597972927447e-02 1.00000000000000e+05 
5.92716002157232e-02 1.00000000000000e+05 
5.94769179210329e-02 1.00000000000000e+05 
5.96896700871735e-02 1.00000000000000e+05 
5.98960577703812e-02 1.00000000000000e+05 
6.01097680552195e-02 1.00000000000000e+05 
6.03172372835100e-02 1.00000000000000e+05 
6.05318930489668e-02 1.00000000000000e+05 
6.07404719410289e-02 1.00000000000000e+05 
6.09547269870555e-02 1.00000000000000e+05 
6.11644549263799e-02 1.00000000000000e+05 
6.13784566760544e-02 1.00000000000000e+05 
6.15893642802236e-02 1.00000000000000e+05 
6.18032332948433e-02 1.00000000000000e+05 
6.20146646320762e-02 1.00000000000000e+05 
6.22284573917345e-02 1.00000000000000e+05 
6.24398654687117e-02 1.00000000000000e+05 
6.26532795258981e-02 1.00000000000000e+05 
6.28643089279972e-02 1.00000000000000e+05 
6.30773901089896e-02 1.00000000000000e+05 
6.32880738204052e-02 1.00000000000000e+05 
6.35008701817201e-02 1.00000000000000e+05 
6.37112678661240e-02 1.00000000000000e+05 
6.39238388346721e-02 1.00000000000000e+05 
6.41340213648030e-02 1.00000000000000e+05 
6.43464360789380e-02 1.00000000000000e+05 
6.45564781685379e-02 1.00000000000000e+05 
6.47688086541683e-02 1.00000000000000e+05 
6.49787814046283e-02 1.00000000000000e+05 
6.51910950133052e-02 1.00000000000000e+05 
6.54010628543498e-02 1.00000000000000e+05 
6.56134200050016e-02 1.00000000000000e+05 
6.58234410063197e-02 1.00000000000000e+05 
6.60357465179345e-02 1.00000000000000e+05 
6.62457820838906e-02 1.00000000000000e+05 
6.64578635162332e-02 1.00000000000000e+05 
6.66676662640880e-02 1.00000000000000e+05 
6.68795694813190e-02 1.00000000000000e+05 
6.70891864732420e-02 1.00000000000000e+05 
6.73009570287266e-02 1.00000000000000e+05 
6.75104406976400e-02 1.00000000000000e+05 
6.77221274679729e-02 1.00000000000000e+05 
6.79315274844025e-02 1.00000000000000e+05 
6.81431819747850e-02 1.00000000000000e+05 
6.83525594699810e-02 1.00000000000000e+05 
6.85642381738757e-02 1.00000000000000e+05 
6.87736477897480e-02 1.00000000000000e+05 
6.89854059428177e-02 1.00000000000000e+05 
6.91949033027524e-02 1.00000000000000e+05 
6.94067933209171e-02 1.00000000000000e+05 
6.96164251033489e-02 1.00000000000000e+05 
6.98282623265231e-02 1.00000000000000e+05 
7.00378935328690e-02 1.00000000000000e+05 
7.02496106819753e-02 1.00000000000000e+05 
7.04591171277921e-02 1.00000000000000e+05 
7.06707564888241e-02 1.00000000000000e+05 
7.07915980515902e-02 1.00000000000000e+05 
7.09187750670832e-02 1.00000000000000e+05 
7.10527055100048e-02 1.00000000000000e+05 
7.11720990593987e-02 1.00000000000000e+05 
7.12991090940252e-02 1.00000000000000e+05 
7.14335888491060e-02 1.00000000000000e+05 
7.15586683461285e-02 1.00000000000000e+05 
7.16872799538811e-02 1.00000000000000e+05 
7.18216243539685e-02 1.00000000000000e+05 
7.19500085255380e-02 1.00000000000000e+05 
7.20832483117724e-02 1.00000000000000e+05 
7.22222768337906e-02 1.00000000000000e+05 
7.23675455356488e-02 1.00000000000000e+05 
7.25050193846141e-02 1.00000000000000e+05 
7.26480920715686e-02 1.00000000000000e+05 
7.27960453498054e-02 1.00000000000000e+05 
7.29421700232414e-02 1.00000000000000e+05 
7.30926444794937e-02 1.00000000000000e+05 
7.32423713523386e-02 1.00000000000000e+05 
7.33921943275670e-02 1.00000000000000e+05 
7.35461664800524e-02 1.00000000000000e+05 
7.36983933647534e-02 1.00000000000000e+05 
7.38546717028771e-02 1.00000000000000e+05 
7.40090988437548e-02 1.00000000000000e+05 
7.41676479111971e-02 1.00000000000000e+05 
7.43243553071806e-02 1.00000000000000e+05 
7.44852712677778e-02 1.00000000000000e+05 
7.46443786394868e-02 1.00000000000000e+05 
7.48077640388676e-02 1.00000000000000e+05 
7.49693937980238e-02 1.00000000000000e+05 
7.51353269810760e-02 1.00000000000000e+05 
7.52995770350417e-02 1.00000000000000e+05 
7.54680970885691e-02 1.00000000000000e+05 
7.56350320712022e-02 1.00000000000000e+05 
7.58061520258271e-02 1.00000000000000e+05 
7.59805330675886e-02 1.00000000000000e+05 
7.61575675475206e-02 1.00000000000000e+05 
7.63370115791770e-02 1.00000000000000e+05 
7.65185419323802e-02 1.00000000000000e+05 
7.67021560024843e-02 1.00000000000000e+05 
7.68876507266054e-02 1.00000000000000e+05 
7.70750543774355e-02 1.00000000000000e+05 
7.72642234441747e-02 1.00000000000000e+05 
7.74545044908936e-02 1.00000000000000e+05 
7.76486480173626e-02 1.00000000000000e+05 
7.78458752351111e-02 1.00000000000000e+05 
7.80450037133226e-02 1.00000000000000e+05 
7.82447642417535e-02 1.00000000000000e+05 
7.84454283096139e-02 1.00000000000000e+05 
7.86477975403986e-02 1.00000000000000e+05 
7.88509448412235e-02 1.00000000000000e+05 
7.90553918875825e-02 1.00000000000000e+05 
7.92606832755733e-02 1.00000000000000e+05 
7.94672290321851e-02 1.00000000000000e+05 
7.96747119855441e-02 1.00000000000000e+05 
7.98834079135651e-02 1.00000000000000e+05 
8.00927279126604e-02 1.00000000000000e+05 
8.03035318980237e-02 1.00000000000000e+05 
8.05119125137132e-02 1.00000000000000e+05 
8.07221708956211e-02 1.00000000000000e+05 
8.09296677816187e-02 1.00000000000000e+05 
8.11390794919724e-02 1.00000000000000e+05 
8.13457880679936e-02 1.00000000000000e+05 
8.15544561224184e-02 1.00000000000000e+05 
8.17605126247185e-02 1.00000000000000e+05 
8.19685709795027e-02 1.00000000000000e+05 
8.21741112714054e-02 1.00000000000000e+05 
8.23816909576944e-02 1.00000000000000e+05 
8.25868320177968e-02 1.00000000000000e+05 
8.27940428955185e-02 1.00000000000000e+05 
8.29988802055603e-02 1.00000000000000e+05 
8.32058115957846e-02 1.00000000000000e+05 
8.34104231415398e-02 1.00000000000000e+05 
8.36171461680911e-02 1.00000000000000e+05 
8.38215897935462e-02 1.00000000000000e+05 
8.40281610446372e-02 1.00000000000000e+05 
8.42324969320151e-02 1.00000000000000e+05 
8.44389810477724e-02 1.00000000000000e+05 
8.46432762418718e-02 1.00000000000000e+05 
8.48497380279800e-02 1.00000000000000e+05 
8.50540460020508e-02 1.00000000000000e+05 
8.52605346624199e-02 1.00000000000000e+05 
8.54648968933824e-02 1.00000000000000e+05 
8.56714530615445e-02 1.00000000000000e+05 
8.58759054226874e-02 1.00000000000000e+05 
8.60825649653090e-02 1.00000000000000e+05 
8.62871389362801e-02 1.00000000000000e+05 
8.64939329436536e-02 1.00000000000000e+05 
8.66986532355657e-02 1.00000000000000e+05 
8.69056049002711e-02 1.00000000000000e+05 
8.71104893377895e-02 1.00000000000000e+05 
8.73176154441416e-02 1.00000000000000e+05 
8.75226779925062e-02 1.00000000000000e+05 
8.77299917113386e-02 1.00000000000000e+05 
8.79352435768794e-02 1.00000000000000e+05 
8.81427552546105e-02 1.00000000000000e+05 
8.83482043795195e-02 1.00000000000000e+05 
8.85559206344554e-02 1.00000000000000e+05 
8.87615713299865e-02 1.00000000000000e+05 
8.89694982728128e-02 1.00000000000000e+05 
8.91753615870453e-02 1.00000000000000e+05 
8.93835126032403e-02 1.00000000000000e+05 
8.95896070068440e-02 1.00000000000000e+05 
8.97980026932708e-02 1.00000000000000e+05 
9.00043497101499e-02 1.00000000000000e+05 
9.02130110816611e-02 1.00000000000000e+05 
9.04196270303195e-02 1.00000000000000e+05 
9.06285686366078e-02 1.00000000000000e+05 
9.08354618760661e-02 1.00000000000000e+05 
9.10446907785993e-02 1.00000000000000e+05 
9.12518643220531e-02 1.00000000000000e+05 
9.14613826275826e-02 1.00000000000000e+05 
9.16688362837638e-02 1.00000000000000e+05 
9.18786438626186e-02 1.00000000000000e+05 
9.20863785912039e-02 1.00000000000000e+05 
9.22964750221242e-02 1.00000000000000e+05 
9.25044910171500e-02 1.00000000000000e+05 
9.27148535330150e-02 1.00000000000000e+05 
9.29231574944104e-02 1.00000000000000e+05 
9.31337217463159e-02 1.00000000000000e+05 
9.33423225236357e-02 1.00000000000000e+05 
9.35531092241251e-02 1.00000000000000e+05 
9.37619307305042e-02 1.00000000000000e+05 
9.39729364485137e-02 1.00000000000000e+05 
9.41819562179295e-02 1.00000000000000e+05 
9.43931662884484e-02 1.00000000000000e+05 
9.46023865421148e-02 1.00000000000000e+05 
9.48138125914929e-02 1.00000000000000e+05 
9.50232497917748e-02 1.00000000000000e+05 
9.52349006179740e-02 1.00000000000000e+05 
9.54445474829482e-02 1.00000000000000e+05 
9.56564124849048e-02 1.00000000000000e+05 
9.58662555992291e-02 1.00000000000000e+05 
9.60783226053072e-02 1.00000000000000e+05 
9.62883536484762e-02 1.00000000000000e+05 
9.65006160123422e-02 1.00000000000000e+05 
9.67108322962973e-02 1.00000000000000e+05 
9.69232887975580e-02 1.00000000000000e+05 
9.71336938781650e-02 1.00000000000000e+05 
9.73463518603766e-02 1.00000000000000e+05 
9.75569623404202e-02 1.00000000000000e+05 
9.77698400859874e-02 1.00000000000000e+05 
9.79806750917093e-02 1.00000000000000e+05 
9.81937902527155e-02 1.00000000000000e+05 
9.84048627843750e-02 1.00000000000000e+05 
9.86182279416589e-02 1.00000000000000e+05 
9.88295479373913e-02 1.00000000000000e+05 
9.90431733463813e-02 1.00000000000000e+05 
9.92547494812094e-02 1.00000000000000e+05 
9.94685851048578e-02 1.00000000000000e+05 
9.96804215971532e-02 1.00000000000000e+05 
9.98944219536090e-02 1.00000000000000e+05 
1.00106451004647e-01 1.00000000000000e+05 
1.00320611073072e-01 1.00000000000000e+05 
1.00532783304795e-01 1.00000000000000e+05 
1.00747099915356e-01 1.00000000000000e+05 
1.00959422318701e-01 1.00000000000000e+05 
1.01173906086685e-01 1.00000000000000e+05 
1.01386400366574e-01 1.00000000000000e+05 
1.01601074899357e-01 1.00000000000000e+05 
1.01813767461176e-01 1.00000000000000e+05 
1.02028658607801e-01 1.00000000000000e+05 
1.02241328892918e-01 1.00000000000000e+05 
1.02456453021449e-01 1.00000000000000e+05 
1.02669012339064e-01 1.00000000000000e+05 
1.02884338784589e-01 1.00000000000000e+05 
1.03096823578764e-01 1.00000000000000e+05 
1.03312274281318e-01 1.00000000000000e+05 
1.03524709366149e-01 1.00000000000000e+05 
1.03740294444231e-01 1.00000000000000e+05 
1.03952692117964e-01 1.00000000000000e+05 
1.04168422227733e-01 1.00000000000000e+05 
1.04380791881533e-01 1.00000000000000e+05 
1.04596682141941e-01 1.00000000000000e+05 
1.04809032650994e-01 1.00000000000000e+05 
1.05025119989092e-01 1.00000000000000e+05 
1.05237460057310e-01 1.00000000000000e+05 
1.05453659546163e-01 1.00000000000000e+05 
1.05665997874525e-01 1.00000000000000e+05 
1.05882304297599e-01 1.00000000000000e+05 
1.06094637879826e-01 1.00000000000000e+05 
1.06311063835597e-01 1.00000000000000e+05 
1.06523386338932e-01 1.00000000000000e+05 
1.06739952896806e-01 1.00000000000000e+05 
1.06952257206967e-01 1.00000000000000e+05 
1.07168997470431e-01 1.00000000000000e+05 
1.07381275264350e-01 1.00000000000000e+05 
1.07598134447862e-01 1.00000000000000e+05 
1.07810378336794e-01 1.00000000000000e+05 
1.08027302413886e-01 1.00000000000000e+05 
1.08239504895879e-01 1.00000000000000e+05 
1.08456539475176e-01 1.00000000000000e+05 
1.08668694268107e-01 1.00000000000000e+05 
1.08885879149483e-01 1.00000000000000e+05 
1.09097978832265e-01 1.00000000000000e+05 
1.09315348315525e-01 1.00000000000000e+05 
1.09527379468226e-01 1.00000000000000e+05 
1.09744961051949e-01 1.00000000000000e+05 
1.09956912049976e-01 1.00000000000000e+05 
1.10174726381465e-01 1.00000000000000e+05 
1.10386589433485e-01 1.00000000000000e+05 
1.10604657091392e-01 1.00000000000000e+05 
1.10816419381972e-01 1.00000000000000e+05 
1.11034754483211e-01 1.00000000000000e+05 
1.11246404232491e-01 1.00000000000000e+05 
1.11464968780847e-01 1.00000000000000e+05 
1.11676504163078e-01 1.00000000000000e+05 
1.11895258147798e-01 1.00000000000000e+05 
1.12106683287592e-01 1.00000000000000e+05 
1.12325638171681e-01 1.00000000000000e+05 
1.12536951277767e-01 1.00000000000000e+05 
1.12756112210130e-01 1.00000000000000e+05 
1.12967306164673e-01 1.00000000000000e+05 
1.13186679363691e-01 1.00000000000000e+05 
1.13397749351110e-01 1.00000000000000e+05 
1.13617351444448e-01 1.00000000000000e+05 
1.13828290699683e-01 1.00000000000000e+05 
1.14048025597776e-01 1.00000000000000e+05 
1.14258830072015e-01 1.00000000000000e+05 
1.14478464086587e-01 1.00000000000000e+05 
1.14689128203934e-01 1.00000000000000e+05 
1.14908640404406e-01 1.00000000000000e+05 
1.15119146660836e-01 1.00000000000000e+05 
1.15338563903417e-01 1.00000000000000e+05 
1.15548912429787e-01 1.00000000000000e+05 
1.15768291254898e-01 1.00000000000000e+05 
1.15978502774223e-01 1.00000000000000e+05 
1.16197894170771e-01 1.00000000000000e+05 
1.16407978026550e-01 1.00000000000000e+05 
1.16627421756275e-01 1.00000000000000e+05 
1.16837379015848e-01 1.00000000000000e+05 
1.17056910213650e-01 1.00000000000000e+05 
1.17266751215800e-01 1.00000000000000e+05 
1.17486303507529e-01 1.00000000000000e+05 
1.17696059187255e-01 1.00000000000000e+05 
1.17915516891439e-01 1.00000000000000e+05 
1.18125227266600e-01 1.00000000000000e+05 
1.18344633730783e-01 1.00000000000000e+05 
1.18554336703051e-01 1.00000000000000e+05 
1.18773735505485e-01 1.00000000000000e+05 
1.18983469173929e-01 1.00000000000000e+05 
1.19202903380379e-01 1.00000000000000e+05 
1.19412685045222e-01 1.00000000000000e+05 
1.19632172631168e-01 1.00000000000000e+05 
1.19842015708352e-01 1.00000000000000e+05 
1.20061572930913e-01 1.00000000000000e+05 
1.20271507014166e-01 1.00000000000000e+05 
1.20491168712282e-01 1.00000000000000e+05 
1.20701228115597e-01 1.00000000000000e+05 
1.20921033874489e-01 1.00000000000000e+05 
1.21131249773909e-01 1.00000000000000e+05 
1.21351235724086e-01 1.00000000000000e+05 
1.21561636141446e-01 1.00000000000000e+05 
1.21781835105142e-01 1.00000000000000e+05 
1.21992445589382e-01 1.00000000000000e+05 
1.22212887789484e-01 1.00000000000718e+05 
1.22423728787108e-01 1.00000000001691e+05 
1.22644440915775e-01 1.00000000002967e+05 
1.22855520021883e-01 1.00000000004687e+05 
1.23076515637887e-01 1.00000000007000e+05 
1.23287867771882e-01 1.00000000009938e+05 
1.23509195194730e-01 1.00000000013537e+05 
1.23720885218656e-01 1.00000000018100e+05 
1.23942614591520e-01 1.00000000023542e+05 
1.24154729876574e-01 1.00000000040034e+05 
1.24376956561901e-01 1.00000000057662e+05 
1.24589453676312e-01 1.00000000076420e+05 
1.24812126788266e-01 1.00000000096690e+05 
1.25025137584536e-01 1.00000000118171e+05 
1.25248410396552e-01 1.00000000151476e+05 
1.25461987231832e-01 1.00000000185363e+05 
1.25685929852309e-01 1.00000000220606e+05 
1.25900094437049e-01 1.00000000254941e+05 
1.26124734001484e-01 1.00000000281672e+05 
1.26339482614097e-01 1.00000000307171e+05 
1.26564818717625e-01 1.00000000335353e+05 
1.26780125970551e-01 1.00000000362213e+05 
1.27005586117259e-01 1.00000000392034e+05 
1.27221412900151e-01 1.00000000420515e+05 
1.27446570058305e-01 1.00000000467613e+05 
1.27662841544706e-01 1.00000000510498e+05 
1.27887708845914e-01 1.00000000547029e+05 
1.28104311406115e-01 1.00000000580918e+05 
1.28328916656068e-01 1.00000000547500e+05 
1.28545713993185e-01 1.00000000524565e+05 
1.28769935637431e-01 1.00000000516150e+05 
1.28986809285899e-01 1.00000000520687e+05 
1.29210643658307e-01 1.00000000540967e+05 
1.29427485357025e-01 1.00000000560346e+05 
1.29650905084097e-01 1.00000000591961e+05 
1.29867627002332e-01 1.00000000626622e+05 
1.30090635943585e-01 1.00000000682938e+05 
1.30307171050648e-01 1.00000000751896e+05 
1.30529785156450e-01 1.00000000848228e+05 
1.30746090787776e-01 1.00000000960070e+05 
1.30968331332707e-01 1.00000001097545e+05 
1.31184306208985e-01 1.00000001244374e+05 
1.31406200724558e-01 1.00000001420945e+05 
1.31621789229780e-01 1.00000001602088e+05 
1.31843370646029e-01 1.00000001812064e+05 
1.32058586479663e-01 1.00000002019995e+05 
1.32279887148970e-01 1.00000002246875e+05 
1.32494769926403e-01 1.00000002466479e+05 
1.32715832085442e-01 1.00000002692375e+05 
1.32930428215801e-01 1.00000002907968e+05 
1.33151285832314e-01 1.00000003126289e+05 
1.33365650645938e-01 1.00000003336824e+05 
1.33586335351962e-01 1.00000003559650e+05 
1.33800527646293e-01 1.00000003772737e+05 
1.34021080606901e-01 1.00000004002396e+05 
1.34235160409388e-01 1.00000004254976e+05 
1.34455627839294e-01 1.00000004552125e+05 
1.34669651346194e-01 1.00000004908963e+05 
1.34890076552909e-01 1.00000005343114e+05 
1.35104085069940e-01 1.00000005889584e+05 
1.35324502727751e-01 1.00000006548636e+05 
1.35538561703802e-01 1.00000007380536e+05 
1.35759004359119e-01 1.00000008455513e+05 
1.35973172987155e-01 1.00000009494869e+05 
1.36193667447005e-01 1.00000011113788e+05 
1.36407996230414e-01 1.00000013008965e+05 
1.36628562888011e-01 1.00000015731421e+05 
1.36843096720889e-01 1.00000018993202e+05 
1.37063751925105e-01 1.00000021388395e+05 
1.37278516841183e-01 1.00000024670837e+05 
1.37499281238233e-01 1.00000032301087e+05 
1.37714283850162e-01 1.00000038824402e+05 
1.37935185619551e-01 1.00134381431481e+05 
1.38150416719891e-01 1.00611415366286e+05 
1.38371488155370e-01 1.01588824314681e+05 
1.38586936012896e-01 1.03139104882707e+05 
1.38808204917891e-01 1.05512032794997e+05 
1.39023905001239e-01 1.08478645235762e+05 
1.39245384937993e-01 1.12091246799821e+05 
1.39461363594763e-01 1.16097527200541e+05 
1.39683053785447e-01 1.20620457394289e+05 
1.39899312831035e-01 1.25091957796686e+05 
1.40121210881135e-01 1.29468711362867e+05 
1.40337743362894e-01 1.33711245511492e+05 
1.40559853045314e-01 1.37595029522777e+05 
1.40776643487264e-01 1.40364998761270e+05 
1.40998974808902e-01 1.42336680856857e+05 
1.41216001770291e-01 1.43573059257176e+05 
1.41438569266814e-01 1.43659117625275e+05 
1.41655807817305e-01 1.43580325837637e+05 
1.41878631467153e-01 1.43461377437755e+05 
1.42096068041668e-01 1.43281536223421e+05 
1.42319172231372e-01 1.43028686464154e+05 
1.42536801268583e-01 1.42696888968083e+05 
1.42760217087188e-01 1.42276246057122e+05 
1.42978035803849e-01 1.41807512774193e+05 
1.43201797193895e-01 1.41279835144335e+05 
1.43419806230901e-01 1.40726276568377e+05 
1.43643946301483e-01 1.40126516297672e+05 
1.43862143958429e-01 1.39521956006037e+05 
1.44086693615112e-01 1.38888942642351e+05 
1.44305079015945e-01 1.38267486291928e+05 
1.44530064742760e-01 1.37625831512039e+05 
1.44748644675318e-01 1.37004778602417e+05 
1.44974084916945e-01 1.36367681542172e+05 
1.45192876126695e-01 1.35753686676591e+05 
1.45418781996685e-01 1.35125098235494e+05 
1.45637812594044e-01 1.34521151459573e+05 
1.45864190266673e-01 1.33903153033951e+05 
1.46083479061339e-01 1.33310141449719e+05 
1.46310333109719e-01 1.32702792442705e+05 
1.46529896042899e-01 1.32120674452046e+05 
1.46757234913337e-01 1.31524770818708e+05 
1.46977087643608e-01 1.30955423199344e+05 
1.47204926416478e-01 1.30374023309666e+05 
1.47425084294925e-01 1.29821572620961e+05 
1.47653446279382e-01 1.29260273126878e+05 
1.47873925479712e-01 1.28731083246467e+05 
1.48102839901004e-01 1.28197759905421e+05 
1.48323659336341e-01 1.27700650488246e+05 
1.48553162936343e-01 1.27204555551900e+05 
1.48774345851785e-01 1.26749644297197e+05 
1.49004472278406e-01 1.26303589710764e+05 
1.49226043958155e-01 1.25902773404773e+05 
1.49456820179246e-01 1.25518764453945e+05 
1.49678804452298e-01 1.25183111795742e+05 
1.49910256050349e-01 1.24868596982700e+05 
1.50132677345432e-01 1.24606233556271e+05 
1.50364787091534e-01 1.24372668993703e+05 
1.50587671927266e-01 1.24174122968820e+05 
1.50820205429818e-01 1.24016598976205e+05 
1.51043595418460e-01 1.23900000174097e+05 
1.51276591852162e-01 1.23807767612896e+05 
1.51500508645404e-01 1.23750928133736e+05 
1.51733988134337e-01 1.23692661110045e+05 
1.51958442008309e-01 1.23638436600036e+05 
1.52192415011749e-01 1.23580646242526e+05 
1.52417420530444e-01 1.23521703155436e+05 
1.52651900112369e-01 1.23455970629577e+05 
1.52877461679783e-01 1.23386136178864e+05 
1.53112449556621e-01 1.23302737305267e+05 
1.53338568230693e-01 1.23205719505555e+05 
1.53574063867190e-01 1.23084867694321e+05 
1.53800738076579e-01 1.22946951801341e+05 
1.54036738793143e-01 1.22780441906047e+05 
1.54263978475276e-01 1.22596272859596e+05 
1.54500493792647e-01 1.22379775834688e+05 
1.54728315443669e-01 1.22145824807771e+05 
1.54965361347125e-01 1.21877536904397e+05 
1.55193776800594e-01 1.21596655511970e+05 
1.55431366395571e-01 1.21282361501488e+05 
1.55660394084117e-01 1.20962590989437e+05 
1.55898546753655e-01 1.20613664376854e+05 
1.56128210839754e-01 1.20269612846803e+05 
1.56366951721760e-01 1.19912071636295e+05 
1.56597273556098e-01 1.19553699385610e+05 
1.56836623350677e-01 1.19167793515543e+05 
1.57067610947145e-01 1.18790672602083e+05 
1.57307575141893e-01 1.18399871213540e+05 
1.57539233234634e-01 1.18029655230988e+05 
1.57779814225737e-01 1.17659379175144e+05 
1.58012149419738e-01 1.17320426826287e+05 
1.58253351367456e-01 1.16989561585435e+05 
1.58486379631119e-01 1.16688990046572e+05 
1.58728216234499e-01 1.16397768055328e+05 
1.58961949570769e-01 1.16136789658991e+05 
1.59204429763183e-01 1.15886755818152e+05 
1.59438879886704e-01 1.15664273304764e+05 
1.59682012083303e-01 1.15451865473326e+05 
1.59917182845999e-01 1.15262576046066e+05 
1.60160967032460e-01 1.15081024696094e+05 
1.60396862658843e-01 1.14917447256563e+05 
1.60641299688946e-01 1.14758169139305e+05 
1.60877928847880e-01 1.14611457055294e+05 
1.61123024816696e-01 1.14464794205698e+05 
1.61360401223895e-01 1.14325544007184e+05 
1.61606168509303e-01 1.14182108790128e+05 
1.61844307456007e-01 1.14041843593785e+05 
1.62090760168867e-01 1.13893629446290e+05 
1.62329673823162e-01 1.13745543590899e+05 
1.62576822717496e-01 1.13586743316407e+05 
1.62816519243183e-01 1.13426365767184e+05 
1.63064371027106e-01 1.13253470551104e+05 
1.63304854720220e-01 1.13078494780349e+05 
1.63553411701519e-01 1.12890231691603e+05 
1.63794687666357e-01 1.12700294924337e+05 
1.64043953007942e-01 1.12496972331002e+05 
1.64286027528786e-01 1.12293051153816e+05 
1.64536005037914e-01 1.12076575427307e+05 
1.64778881389073e-01 1.11861159766708e+05 
1.65029571842676e-01 1.11634431374179e+05 
1.65273245742127e-01 1.11410479218691e+05 
1.65524641348578e-01 1.11176605263171e+05 
1.65769104126687e-01 1.10947177616624e+05 
1.66018516412099e-01 1.10711639876343e+05 
1.66263775551028e-01 1.10479083301707e+05 
1.66511225523714e-01 1.10244050297411e+05 
1.66755866054289e-01 1.10011707881819e+05 
1.67001885210730e-01 1.09778511990804e+05 
1.67247348326415e-01 1.09546634054544e+05 
1.67492281571378e-01 1.09316459835572e+05 
1.67736913720946e-01 1.09087946556471e+05 
1.67981075059419e-01 1.08861480540054e+05 
1.68229277898013e-01 1.08632957481875e+05 
1.68484561467081e-01 1.08399880099017e+05 
1.68733405977469e-01 1.08174321489310e+05 
1.68989287115355e-01 1.07943887742305e+05 
1.69238825758569e-01 1.07721683526202e+05 
1.69495298684921e-01 1.07493522584797e+05 
1.69745530044365e-01 1.07272092577140e+05 
1.70002598600681e-01 1.07045041186964e+05 
1.70253519412736e-01 1.06825847171504e+05 
1.70511181532492e-01 1.06604698335924e+05 
1.70762782168332e-01 1.06391132826009e+05 
1.71021021900820e-01 1.06173617793063e+05 
1.71273295953978e-01 1.05962449590527e+05 
1.71532092658814e-01 1.05747236957531e+05 
1.71785038830005e-01 1.05538169824493e+05 
1.72044380713989e-01 1.05324984917624e+05 
1.72298039911634e-01 1.05117581600362e+05 
1.72557970818864e-01 1.04905503623971e+05 
1.72812376214236e-01 1.04698576230765e+05 
1.73072943035274e-01 1.04486975810513e+05 
1.73328133125775e-01 1.04279769363909e+05 
1.73589386691207e-01 1.04067351870989e+05 
1.73845406090636e-01 1.03858570976863e+05 
1.74107397753115e-01 1.03643938672980e+05 
1.74364283061324e-01 1.03432253019938e+05 
1.74627048041690e-01 1.03214077540889e+05 
1.74884811529129e-01 1.02997927666497e+05 
1.75148355435807e-01 1.02774865060357e+05 
1.75406967657517e-01 1.02553721591177e+05 
1.75671249965483e-01 1.02325205409294e+05 
1.75930610927883e-01 1.02098049976433e+05 
1.76195516213888e-01 1.01862842994682e+05 
1.76455416596074e-01 1.01628017131625e+05 
1.76720721056680e-01 1.01384481533261e+05 
1.76980817369032e-01 1.01142126827846e+05 
1.77246174056648e-01 1.00890772702425e+05 
1.77505955384745e-01 1.00640766704401e+05 
1.77770870926146e-01 1.00381955315972e+05 
1.78029679582396e-01 1.00125390636242e+05 
1.78293550389603e-01 9.98603038656278e+04 
1.78550673331444e-01 9.95988453188428e+04 
1.78812888379005e-01 9.93293109043668e+04 
1.79067670417236e-01 9.90651825793166e+04 
1.79327710484123e-01 9.87941435348674e+04 
1.79579767671579e-01 9.85306931615556e+04 
1.79837400985877e-01 9.82616721328942e+04 
1.80086715088048e-01 9.80037031941915e+04 
1.80342059180354e-01 9.77428686511896e+04 
1.80588934823497e-01 9.74973771861851e+04 
1.80842360088900e-01 9.72552806112654e+04 
1.81087316655122e-01 9.70307521653551e+04 
1.81339340479562e-01 9.68191042102684e+04 
1.81583025506679e-01 9.66252672620986e+04 
1.81834241018823e-01 9.64573134202613e+04 
1.82077246794547e-01 9.63306499316509e+04 
1.82307062873831e-01 9.62358133376595e+04 
1.82550094515055e-01 9.61625351271581e+04 
1.82801124110361e-01 9.60990618302615e+04 
1.83044186560918e-01 9.60641333124887e+04 
1.83295573399131e-01 9.60594119524843e+04 
1.83539130268430e-01 9.60860094670807e+04 
1.83791087847463e-01 9.61767245697545e+04 
1.83961368630173e-01 9.62755298058674e+04 
1.84139477970620e-01 9.64063282740261e+04 
1.84323188536965e-01 9.65654934232849e+04 
1.84499800609386e-01 9.67430478315516e+04 
1.84680164006880e-01 9.69427777782913e+04 
1.84861415768727e-01 9.71557561334115e+04 
1.85046499734028e-01 9.73866858293349e+04 
1.85231808431461e-01 9.76242191015170e+04 
1.85420456092802e-01 9.78708638026430e+04 
1.85613380615563e-01 9.81212766710404e+04 
1.85810344459329e-01 9.83700223329426e+04 
1.86010866936051e-01 9.86121680469668e+04 
1.86215200093324e-01 9.88447935771822e+04 
1.86422981509287e-01 9.90514472773549e+04 
1.86642824330217e-01 9.92517960514090e+04 
1.86872021805296e-01 9.94265521204916e+04 
1.87108494816098e-01 9.95319426532805e+04 
1.87349710979674e-01 9.95829275043252e+04 
1.87594848273292e-01 9.96076909308502e+04 
1.87842602710075e-01 9.95880787017175e+04 
1.88068749613637e-01 9.95668321901910e+04 
1.88317511207555e-01 9.95351145168139e+04 
1.88571000616901e-01 9.94892389131001e+04 
1.88827343249022e-01 9.94306509200820e+04 
1.89082351122097e-01 9.93598734682897e+04 
1.89342628552650e-01 9.92774288246596e+04 
1.89599009035170e-01 9.91877746528573e+04 
1.89860537113218e-01 9.90892566827322e+04 
1.90118038184497e-01 9.89865467038375e+04 
1.90379764963642e-01 9.88791852447454e+04 
1.90638067056826e-01 9.87721786820861e+04 
1.90900115910712e-01 9.86634134582650e+04 
1.91159000397088e-01 9.85564629507105e+04 
1.91421595598222e-01 9.84491509510424e+04 
1.91681012970996e-01 9.83445223832109e+04 
1.91944205361731e-01 9.82399459121648e+04 
1.92204247091307e-01 9.81380031268084e+04 
1.92468022134191e-01 9.80350761610925e+04 
1.92728810107668e-01 9.79344569155499e+04 
1.92993062354378e-01 9.78338507618722e+04 
1.93254722468315e-01 9.77339308790250e+04 
1.93519196567140e-01 9.76325700261857e+04 
1.93781797655460e-01 9.75311248476600e+04 
1.94045616163444e-01 9.74281419406768e+04 
1.94301807572190e-01 9.73280050131410e+04 
1.94558120161899e-01 9.72256588864852e+04 
1.94814640416711e-01 9.71217836807700e+04 
1.95071302492412e-01 9.70166980902259e+04 
1.95328234222086e-01 9.69106319253060e+04 
1.95585348526867e-01 9.68037688875931e+04 
1.95842802128431e-01 9.66960028379790e+04 
1.96098602507246e-01 9.65889959368865e+04 
1.96356383358541e-01 9.64807340600133e+04 
1.96610188145447e-01 9.63743189163161e+04 
1.96865086477245e-01 9.62670668455513e+04 
1.97117369864233e-01 9.61609270626394e+04 
1.97372682068598e-01 9.60534623860924e+04 
1.97623658282188e-01 9.59479561996716e+04 
1.97879037199966e-01 9.58408282181751e+04 
1.98129055753664e-01 9.57361948989553e+04 
1.98382741643563e-01 9.56304085137655e+04 
1.98632179302101e-01 9.55267370571468e+04 
1.98887361778353e-01 9.54211037293016e+04 
1.99136348121338e-01 9.53184107867977e+04 
1.99391851969148e-01 9.52135197366720e+04 
1.99640511543723e-01 9.51118486364178e+04 
1.99895295453760e-01 9.50082507038203e+04 
2.00143170360590e-01 9.49079303384865e+04 
