# Liste des scalaires : TEMPS pmat 
0.00000000000000e+00 1.00000000000000e+05 
7.22956891292051e-05 1.00000000000000e+05 
1.33121779621888e-04 1.00000000000000e+05 
1.91350121636137e-04 1.00000000000000e+05 
2.48205202971459e-04 1.00000000000000e+05 
3.04378416912484e-04 1.00000000000000e+05 
3.57716908235285e-04 1.00000000000000e+05 
4.13432067493863e-04 1.00000000000000e+05 
4.70293840067820e-04 1.00000000000000e+05 
5.18474368751138e-04 1.00000000000000e+05 
5.67650751085547e-04 1.00000000000000e+05 
6.21744771653396e-04 1.00000000000000e+05 
6.80800695681270e-04 1.00000000000000e+05 
7.28444917083954e-04 1.00000000000000e+05 
7.80853560626907e-04 1.00000000000000e+05 
8.28660090391992e-04 1.00000000000000e+05 
8.78101011915227e-04 1.00000000000000e+05 
9.29006893777506e-04 1.00000000000000e+05 
9.85003363826014e-04 1.00000000000000e+05 
1.03483144803406e-03 1.00000000000000e+05 
1.08793520289119e-03 1.00000000000000e+05 
1.13962349501910e-03 1.00000000000000e+05 
1.19236657535814e-03 1.00000000000000e+05 
1.24608865403481e-03 1.00000000000000e+05 
1.30351940855564e-03 1.00000000000000e+05 
1.35691908256603e-03 1.00000000000000e+05 
1.41235170128384e-03 1.00000000000000e+05 
1.46930541993249e-03 1.00000000000000e+05 
1.53071813847960e-03 1.00000000000000e+05 
1.58628320506227e-03 1.00000000000000e+05 
1.64451380262295e-03 1.00000000000000e+05 
1.70188986183439e-03 1.00000000000000e+05 
1.75983196158936e-03 1.00000000000000e+05 
1.81756271282897e-03 1.00000000000000e+05 
1.87813574793307e-03 1.00000000000000e+05 
1.93758261651164e-03 1.00000000000000e+05 
1.99767325128912e-03 1.00000000000000e+05 
2.05748837319909e-03 1.00000000000000e+05 
2.12008379832694e-03 1.00000000000000e+05 
2.18480064275775e-03 1.00000000000000e+05 
2.25426318273195e-03 1.00000000000000e+05 
2.31630587493814e-03 1.00000000000000e+05 
2.38115187273744e-03 1.00000000000000e+05 
2.44825354202966e-03 1.00000000000000e+05 
2.51995382994598e-03 1.00000000000000e+05 
2.58417587197876e-03 1.00000000000000e+05 
2.65088572984862e-03 1.00000000000000e+05 
2.71652725408417e-03 1.00000000000000e+05 
2.78310433607830e-03 1.00000000000000e+05 
2.85017199029483e-03 1.00000000000000e+05 
2.91947525566884e-03 1.00000000000000e+05 
2.98833082922234e-03 1.00000000000000e+05 
3.05793248059643e-03 1.00000000000000e+05 
3.12796492146607e-03 1.00000000000000e+05 
3.19999191261563e-03 1.00000000000000e+05 
3.27172397197304e-03 1.00000000000000e+05 
3.34414738000821e-03 1.00000000000000e+05 
3.41698143060496e-03 1.00000000000000e+05 
3.49164061612177e-03 1.00000000000000e+05 
3.56620299531981e-03 1.00000000000000e+05 
3.64140253250862e-03 1.00000000000000e+05 
3.71697421948500e-03 1.00000000000000e+05 
3.79421411047690e-03 1.00000000000000e+05 
3.87165338458876e-03 1.00000000000000e+05 
3.94965582801418e-03 1.00000000000000e+05 
4.02796753934154e-03 1.00000000000000e+05 
4.10778549571527e-03 1.00000000000000e+05 
4.18816008654378e-03 1.00000000000000e+05 
4.26900464762143e-03 1.00000000000000e+05 
4.35007884259106e-03 1.00000000000000e+05 
4.43248863403345e-03 1.00000000000000e+05 
4.51585831259963e-03 1.00000000000000e+05 
4.59958858224098e-03 1.00000000000000e+05 
4.68345909220946e-03 1.00000000000000e+05 
4.76849096415500e-03 1.00000000000000e+05 
4.85564852450883e-03 1.00000000000000e+05 
4.94575180433225e-03 1.00000000000000e+05 
5.03248715586224e-03 1.00000000000000e+05 
5.12022918455831e-03 1.00000000000000e+05 
5.20985683308553e-03 1.00000000000000e+05 
5.30222360100545e-03 1.00000000000000e+05 
5.39144531071361e-03 1.00000000000000e+05 
5.48158689872446e-03 1.00000000000000e+05 
5.57342149259993e-03 1.00000000000000e+05 
5.66780488006781e-03 1.00000000000000e+05 
5.75981263903742e-03 1.00000000000000e+05 
5.85303484994220e-03 1.00000000000000e+05 
5.94718263279236e-03 1.00000000000000e+05 
6.04305057702857e-03 1.00000000000000e+05 
6.13819671130246e-03 1.00000000000000e+05 
6.23420480088321e-03 1.00000000000000e+05 
6.33071153023389e-03 1.00000000000000e+05 
6.42843278050656e-03 1.00000000000000e+05 
6.52667499008764e-03 1.00000000000000e+05 
6.62548589525084e-03 1.00000000000000e+05 
6.72457575597550e-03 1.00000000000000e+05 
6.82466016284066e-03 1.00000000000000e+05 
6.92653248001092e-03 1.00000000000000e+05 
7.03104373142439e-03 1.00000000000000e+05 
7.13309621274686e-03 1.00000000000000e+05 
7.23641924722794e-03 1.00000000000000e+05 
7.34066115800077e-03 1.00000000000000e+05 
7.44646266025824e-03 1.00000000000000e+05 
7.55176391620911e-03 1.00000000000000e+05 
7.65790721945767e-03 1.00000000000000e+05 
7.76453503073791e-03 1.00000000000000e+05 
7.87227052653473e-03 1.00000000000000e+05 
7.98193540240719e-03 1.00000000000000e+05 
8.09435564994736e-03 1.00000000000000e+05 
8.20373778734533e-03 1.00000000000000e+05 
8.31450328476126e-03 1.00000000000000e+05 
8.42626510371619e-03 1.00000000000000e+05 
8.53954012752059e-03 1.00000000000000e+05 
8.65551399212734e-03 1.00000000000000e+05 
8.77472546206553e-03 1.00000000000000e+05 
8.88857835505384e-03 1.00000000000000e+05 
9.00351055260907e-03 1.00000000000000e+05 
9.12027625660893e-03 1.00000000000000e+05 
9.23972132068915e-03 1.00000000000000e+05 
9.35573360948015e-03 1.00000000000000e+05 
9.47317344759285e-03 1.00000000000000e+05 
9.59164378424635e-03 1.00000000000000e+05 
9.71157726348604e-03 1.00000000000000e+05 
9.83378985422930e-03 1.00000000000000e+05 
9.95901561951992e-03 1.00000000000000e+05 
1.00794558530081e-02 1.00000000000000e+05 
1.02015249064450e-02 1.00000000000000e+05 
1.03247417647629e-02 1.00000000000000e+05 
1.04493945796851e-02 1.00000000000000e+05 
1.05765051316125e-02 1.00000000000000e+05 
1.07066927519068e-02 1.00000000000000e+05 
1.08315960577299e-02 1.00000000000000e+05 
1.09581784271099e-02 1.00000000000000e+05 
1.10859227278042e-02 1.00000000000000e+05 
1.12150701841067e-02 1.00000000000000e+05 
1.13466496244206e-02 1.00000000000000e+05 
1.14813092406237e-02 1.00000000000000e+05 
1.16103862657845e-02 1.00000000000000e+05 
1.17411454631992e-02 1.00000000000000e+05 
1.18730358068931e-02 1.00000000000000e+05 
1.20062151182570e-02 1.00000000000000e+05 
1.21416607216927e-02 1.00000000000000e+05 
1.22800722356732e-02 1.00000000000000e+05 
1.24130473728079e-02 1.00000000000000e+05 
1.25476459809061e-02 1.00000000000000e+05 
1.26833026202745e-02 1.00000000000000e+05 
1.28200904914624e-02 1.00000000000000e+05 
1.29588903138239e-02 1.00000000000000e+05 
1.31004509252391e-02 1.00000000000000e+05 
1.32371047016902e-02 1.00000000000000e+05 
1.33752662037263e-02 1.00000000000000e+05 
1.35143964639685e-02 1.00000000000000e+05 
1.36545661846562e-02 1.00000000000000e+05 
1.37963992184324e-02 1.00000000000000e+05 
1.39407977994288e-02 1.00000000000000e+05 
1.40885026519410e-02 1.00000000000000e+05 
1.42397089471229e-02 1.00000000000000e+05 
1.43825349491718e-02 1.00000000000000e+05 
1.45271500821404e-02 1.00000000000000e+05 
1.46729110647275e-02 1.00000000000000e+05 
1.48196196715230e-02 1.00000000000000e+05 
1.49681743121607e-02 1.00000000000000e+05 
1.51193325456564e-02 1.00000000000000e+05 
1.52741748799858e-02 1.00000000000000e+05 
1.54326160373819e-02 1.00000000000000e+05 
1.55810685684326e-02 1.00000000000000e+05 
1.57301898492460e-02 1.00000000000000e+05 
1.58805904357051e-02 1.00000000000000e+05 
1.60333921328742e-02 1.00000000000000e+05 
1.61888612327763e-02 1.00000000000000e+05 
1.63471407490676e-02 1.00000000000000e+05 
1.64985206307399e-02 1.00000000000000e+05 
1.66513995094021e-02 1.00000000000000e+05 
1.68051762543197e-02 1.00000000000000e+05 
1.69594807725161e-02 1.00000000000000e+05 
1.71148893073825e-02 1.00000000000000e+05 
1.72725564963931e-02 1.00000000000000e+05 
1.74326336630433e-02 1.00000000000000e+05 
1.75953066959451e-02 1.01578530315692e+05 
1.77612808518625e-02 1.07604001964189e+05 
1.79303211271270e-02 1.20341947301473e+05 
1.80888015887926e-02 1.40084334967834e+05 
1.82488196818381e-02 1.64905279064119e+05 
1.84096573963832e-02 1.93551693065936e+05 
1.85706814605632e-02 2.21821367691850e+05 
1.87328072853565e-02 2.39912646185907e+05 
1.88970185538458e-02 2.50415903906556e+05 
1.90639105160734e-02 2.49944151404348e+05 
1.92336716751590e-02 2.48741851332322e+05 
1.93943173524074e-02 2.46987619995330e+05 
1.95562943916372e-02 2.44034315723851e+05 
1.97188769578204e-02 2.38445363525477e+05 
1.98816862795991e-02 2.31929730823454e+05 
2.00453887335501e-02 2.25308118119687e+05 
2.02111524831798e-02 2.18921870404639e+05 
2.03791822287013e-02 2.12810812203667e+05 
2.05495563064362e-02 2.07088230701838e+05 
2.07123197253724e-02 2.02292267117529e+05 
2.08754708729083e-02 1.98176762918114e+05 
2.10398040124595e-02 1.94732150155476e+05 
2.12047800220501e-02 1.91832916018953e+05 
2.13712258246085e-02 1.89338673633739e+05 
2.15371278146197e-02 1.87128924306054e+05 
2.17055223074101e-02 1.85109644931027e+05 
2.18751300463087e-02 1.83178957828268e+05 
2.20433734929466e-02 1.81302216119012e+05 
2.22196654612323e-02 1.79329490499552e+05 
2.23898890910066e-02 1.77381253681264e+05 
2.25579840358558e-02 1.75415835314204e+05 
2.27306290686902e-02 1.73351517633577e+05 
2.29026242704072e-02 1.71272014192915e+05 
2.30805363804564e-02 1.69115132295581e+05 
2.32566255150999e-02 1.66992158642476e+05 
2.34408128874850e-02 1.64804081277749e+05 
2.36221741108437e-02 1.62698482895935e+05 
2.37970188841875e-02 1.60726220291599e+05 
2.39709329197906e-02 1.58827626988766e+05 
2.41467939853542e-02 1.56975304068755e+05 
2.43212511983946e-02 1.55204989802164e+05 
2.44938350304328e-02 1.53517391720631e+05 
2.46685094998156e-02 1.51869913595053e+05 
2.48427877563126e-02 1.50281864523171e+05 
2.50206001557618e-02 1.48713230376114e+05 
2.51987580401935e-02 1.47187964005221e+05 
2.53759031574889e-02 1.45711963691620e+05 
2.55537667118169e-02 1.44265936290709e+05 
2.57315488690191e-02 1.42852614406898e+05 
2.59107898869800e-02 1.41457112266434e+05 
2.60916751221861e-02 1.40076669951188e+05 
2.62754355204317e-02 1.38701826176272e+05 
2.64574469764729e-02 1.37367234486391e+05 
2.66495719171143e-02 1.35988588252178e+05 
2.68338445949428e-02 1.34696691678712e+05 
2.70180905021750e-02 1.33436626865428e+05 
2.72030072742613e-02 1.32206004809483e+05 
2.73890989739208e-02 1.31004322041665e+05 
2.75761992582778e-02 1.29835429037667e+05 
2.77645772058520e-02 1.28700998000195e+05 
2.79542546898900e-02 1.27603151820898e+05 
2.81454680952083e-02 1.26543465518130e+05 
2.83384314501146e-02 1.25522808706222e+05 
2.85332784684090e-02 1.24541407956574e+05 
2.87284825576086e-02 1.23609288035977e+05 
2.89278685001623e-02 1.22708115219514e+05 
2.91250595766632e-02 1.21867384819277e+05 
2.93290512523897e-02 1.21047148339595e+05 
2.95219820676174e-02 1.20315818790109e+05 
2.97153442295036e-02 1.19623076766238e+05 
2.99089907373693e-02 1.18966274821681e+05 
3.01033766663770e-02 1.18341726413790e+05 
3.02983334523139e-02 1.17745366832568e+05 
3.04941026132884e-02 1.17174874126124e+05 
3.06904790238978e-02 1.16626101465104e+05 
3.08877029166304e-02 1.16096892600672e+05 
3.10855691927929e-02 1.15584386713327e+05 
3.12843884567427e-02 1.15085774170658e+05 
3.14839546335424e-02 1.14599468648513e+05 
3.16846824244928e-02 1.14121664442938e+05 
3.18865542936895e-02 1.13651861627999e+05 
3.20899847082039e-02 1.13186369871903e+05 
3.22950634986088e-02 1.12724266422603e+05 
3.25013828331385e-02 1.12263831953583e+05 
3.27074255117550e-02 1.11807647629140e+05 
3.29139505186070e-02 1.11352016374369e+05 
3.31200062248400e-02 1.10898638007206e+05 
3.33261830940187e-02 1.10445031903448e+05 
3.35320253027682e-02 1.09992715241253e+05 
3.37353989484553e-02 1.09545918125159e+05 
3.39392047595433e-02 1.09099773791440e+05 
3.41435174393099e-02 1.08654517659966e+05 
3.43482662100789e-02 1.08212519575204e+05 
3.45537799452948e-02 1.07773979354644e+05 
3.47599672350203e-02 1.07341510020488e+05 
3.49668931302057e-02 1.06915893785446e+05 
3.51739278589763e-02 1.06500285469827e+05 
3.53813265064811e-02 1.06094621465588e+05 
3.55862087096989e-02 1.05704966721628e+05 
3.57941126628091e-02 1.05320512532633e+05 
3.60021054637921e-02 1.04946510526179e+05 
3.62106901117220e-02 1.04581151900189e+05 
3.64191814817961e-02 1.04224555278788e+05 
3.66282064064676e-02 1.03874257032142e+05 
3.68319954277171e-02 1.03538488572892e+05 
3.70414673414976e-02 1.03197689999014e+05 
3.72509482733788e-02 1.02860214774195e+05 
3.74607253332092e-02 1.02523399531736e+05 
3.76705777288586e-02 1.02187074238775e+05 
3.78809200990779e-02 1.01848627476515e+05 
3.80914265217002e-02 1.01509053459759e+05 
3.83022119045405e-02 1.01166311726880e+05 
3.85117831115269e-02 1.00823482756873e+05 
3.87231161229873e-02 1.00474403589101e+05 
3.89311502537301e-02 1.00128880921449e+05 
3.91428359925453e-02 9.97741268554684e+04 
3.93494973880855e-02 9.94264874667392e+04 
3.95616293019561e-02 9.90676527422097e+04 
3.97670553613272e-02 9.87198317867626e+04 
3.99799254361935e-02 9.83587789680049e+04 
4.01842546379795e-02 9.80135565315637e+04 
4.03973347657353e-02 9.76551461592659e+04 
4.06007005554427e-02 9.73159520379401e+04 
4.08137992203502e-02 9.69646086295032e+04 
4.10163303545362e-02 9.66358133742476e+04 
4.12294930064087e-02 9.62959355899866e+04 
4.14313175672284e-02 9.59810665247244e+04 
4.16445569928056e-02 9.56556096975612e+04 
4.18457645736544e-02 9.53564392492841e+04 
4.20590734297251e-02 9.50474725846000e+04 
4.22606631455657e-02 9.47635629630849e+04 
4.24740289738096e-02 9.44716805518897e+04 
4.26750731155582e-02 9.42047221170772e+04 
4.28884715619120e-02 9.39297107752833e+04 
4.30890152915149e-02 9.36798909277306e+04 
4.33043070043451e-02 9.34203394186419e+04 
4.35043687291014e-02 9.31883723248667e+04 
4.37189812846558e-02 9.29492069798985e+04 
4.39186510877913e-02 9.27368296760503e+04 
4.41326631683313e-02 9.25197665115823e+04 
4.43320098443323e-02 9.23279824334036e+04 
4.45454968400617e-02 9.21331248827458e+04 
4.47445990707765e-02 9.19601457069039e+04 
4.49576646122775e-02 9.17819210751612e+04 
4.51566698672281e-02 9.16215630066454e+04 
4.53694433530333e-02 9.14536821251425e+04 
4.55683254413903e-02 9.12981897331391e+04 
4.57808139737653e-02 9.11321705163740e+04 
4.59796848752341e-02 9.09757321925515e+04 
4.61920213665465e-02 9.08066254141040e+04 
4.63909830374794e-02 9.06442372316271e+04 
4.66032814556167e-02 9.04729182998819e+04 
4.68024068785415e-02 9.03178649064358e+04 
4.70147528179311e-02 9.01422812623491e+04 
4.72141042028648e-02 9.00088410294808e+04 
4.74265672054341e-02 8.98875912712657e+04 
4.76262088957078e-02 8.98138301221659e+04 
4.78388532150060e-02 8.98074192436013e+04 
4.80388197121498e-02 8.98157090546988e+04 
4.82517086621735e-02 8.98562585329998e+04 
4.84521882734948e-02 8.99443542771813e+04 
4.86654805925787e-02 9.03172964009822e+04 
4.88665244240153e-02 9.10820179125669e+04 
4.90802417150895e-02 9.25210122593278e+04 
4.92818493528547e-02 9.46900206625236e+04 
4.94959450191681e-02 9.76101599343192e+04 
4.96980358497136e-02 1.00962499941304e+05 
4.99123520803830e-02 1.04832546794324e+05 
5.01147188108169e-02 1.08567957228642e+05 
5.03289315140560e-02 1.12981205718763e+05 
5.05311633350835e-02 1.16308473916408e+05 
5.07448122049248e-02 1.19146912291237e+05 
5.09465460035604e-02 1.21122279758076e+05 
5.11592100309876e-02 1.21851681931488e+05 
5.13600921302570e-02 1.22423485900340e+05 
5.15714223371603e-02 1.22703634993611e+05 
5.17712694078778e-02 1.22746882952684e+05 
5.19810699294365e-02 1.22403069425790e+05 
5.21797325947082e-02 1.21564222538936e+05 
5.23879230093751e-02 1.20353868983845e+05 
5.25852037863251e-02 1.18989893758639e+05 
5.27918685018554e-02 1.17539193475249e+05 
5.29881461329541e-02 1.16140186723426e+05 
5.31936121947480e-02 1.14722523321984e+05 
5.33892810282280e-02 1.13433153820168e+05 
5.35939048933005e-02 1.12172659740695e+05 
5.37893003183057e-02 1.11076806137966e+05 
5.39934105999045e-02 1.10063670369495e+05 
5.41888011640840e-02 1.09204502312904e+05 
5.43926913069617e-02 1.08425495836144e+05 
5.45881944855892e-02 1.07774608923192e+05 
5.47921124740572e-02 1.07190583596120e+05 
5.49879385875093e-02 1.06705363348147e+05 
5.51921004411712e-02 1.06258564870010e+05 
5.53884063577917e-02 1.05880114088890e+05 
5.55929761709504e-02 1.05520071262057e+05 
5.57899006471561e-02 1.05205243248445e+05 
5.59950217694243e-02 1.04892917006584e+05 
5.61926904260310e-02 1.04607600144325e+05 
5.63984870591249e-02 1.04310276817833e+05 
5.65969906737779e-02 1.04025950129351e+05 
5.68035476773590e-02 1.03724575288894e+05 
5.70029413630085e-02 1.03431817390124e+05 
5.72103111647354e-02 1.03117959461345e+05 
5.74106335084485e-02 1.02809302695887e+05 
5.76188494573675e-02 1.02480056389728e+05 
5.78201234048494e-02 1.02158995618854e+05 
5.80292054722298e-02 1.01823595072146e+05 
5.82314503207505e-02 1.01494732841655e+05 
5.84414162925581e-02 1.01152868716069e+05 
5.86446577560905e-02 1.00816387748558e+05 
5.88555304217610e-02 1.00472675020947e+05 
5.90597972927447e-02 1.00139086836103e+05 
5.92716002157232e-02 9.98028490803528e+04 
5.94769179210329e-02 9.94795477486008e+04 
5.96896700871735e-02 9.91498230268969e+04 
5.98960577703812e-02 9.88392171961564e+04 
6.01097680552195e-02 9.85244061145812e+04 
6.03172372835100e-02 9.82301860114311e+04 
6.05318930489668e-02 9.79345986192267e+04 
6.07404719410289e-02 9.76577052985659e+04 
6.09547269870555e-02 9.73828948705259e+04 
6.11644549263799e-02 9.71229888404599e+04 
6.13784566760544e-02 9.68657213340280e+04 
6.15893642802236e-02 9.66200753660594e+04 
6.18032332948433e-02 9.63779268936273e+04 
6.20146646320762e-02 9.61458430471229e+04 
6.22284573917345e-02 9.59179878869116e+04 
6.24398654687117e-02 9.56984833994616e+04 
6.26532795258981e-02 9.54817304508369e+04 
6.28643089279972e-02 9.52730760591525e+04 
6.30773901089896e-02 9.50599266613036e+04 
6.32880738204052e-02 9.48642770127635e+04 
6.35008701817201e-02 9.46534099211996e+04 
6.37112678661240e-02 9.44761869586497e+04 
6.39238388346721e-02 9.42910712472431e+04 
6.41340213648030e-02 9.41094763753853e+04 
6.43464360789380e-02 9.39475384693636e+04 
6.45564781685379e-02 9.37796667655851e+04 
6.47688086541683e-02 9.36332274300565e+04 
6.49787814046283e-02 9.34805615801950e+04 
6.51910950133052e-02 9.33506452044851e+04 
6.54010628543498e-02 9.32180436067083e+04 
6.56134200050016e-02 9.31120436996056e+04 
6.58234410063197e-02 9.30047411353048e+04 
6.60357465179345e-02 9.29400440174731e+04 
6.62457820838906e-02 9.28916234492434e+04 
6.64578635162332e-02 9.28833268145347e+04 
6.66676662640880e-02 9.28949204502358e+04 
6.68795694813190e-02 9.29317084557028e+04 
6.70891864732420e-02 9.29640960956227e+04 
6.73009570287266e-02 9.30697038125834e+04 
6.75104406976400e-02 9.32652208087727e+04 
6.77221274679729e-02 9.35860871950956e+04 
6.79315274844025e-02 9.40426264879045e+04 
6.81431819747850e-02 9.46950513005165e+04 
6.83525594699810e-02 9.54511354771816e+04 
6.85642381738757e-02 9.63512895970051e+04 
6.87736477897480e-02 9.73091929802922e+04 
6.89854059428177e-02 9.83775056702794e+04 
6.91949033027524e-02 9.94785678833324e+04 
6.94067933209171e-02 1.00583067984300e+05 
6.96164251033489e-02 1.01615288002531e+05 
6.98282623265231e-02 1.02554753432726e+05 
7.00378935328690e-02 1.03396557158735e+05 
7.02496106819753e-02 1.04103277498109e+05 
7.04591171277921e-02 1.04617856277413e+05 
7.06707564888241e-02 1.04975368955235e+05 
7.07915980515902e-02 1.05097597808127e+05 
7.09187750670832e-02 1.05187428909303e+05 
7.10527055100048e-02 1.05248121979246e+05 
7.11720990593987e-02 1.05284681149027e+05 
7.12991090940252e-02 1.05299373721486e+05 
7.14335888491060e-02 1.05308230848934e+05 
7.15586683461285e-02 1.05302783139988e+05 
7.16872799538811e-02 1.05297772008866e+05 
7.18216243539685e-02 1.05279777716814e+05 
7.19500085255380e-02 1.05260318179068e+05 
7.20832483117724e-02 1.05234961611720e+05 
7.22222768337906e-02 1.05211878480447e+05 
7.23675455356488e-02 1.05191229779369e+05 
7.25050193846141e-02 1.05223960243890e+05 
7.26480920715686e-02 1.05318802617824e+05 
7.27960453498054e-02 1.05500742378215e+05 
7.29421700232414e-02 1.05789201119138e+05 
7.30926444794937e-02 1.06218221609089e+05 
7.32423713523386e-02 1.06789736366588e+05 
7.33921943275670e-02 1.07498829439646e+05 
7.35461664800524e-02 1.08351846181520e+05 
7.36983933647534e-02 1.09331999973680e+05 
7.38546717028771e-02 1.10461315399606e+05 
7.40090988437548e-02 1.11702655340435e+05 
7.41676479111971e-02 1.13078693934603e+05 
7.43243553071806e-02 1.14503577734463e+05 
7.44852712677778e-02 1.16008876471234e+05 
7.46443786394868e-02 1.17523207904990e+05 
7.48077640388676e-02 1.19037110029760e+05 
7.49693937980238e-02 1.20451198414078e+05 
7.51353269810760e-02 1.21766141630371e+05 
7.52995770350417e-02 1.23014691542503e+05 
7.54680970885691e-02 1.24163455134533e+05 
7.56350320712022e-02 1.24989518498390e+05 
7.58061520258271e-02 1.25559989814099e+05 
7.59805330675886e-02 1.25912919685103e+05 
7.61575675475206e-02 1.26062119617945e+05 
7.63370115791770e-02 1.25859682485577e+05 
7.65185419323802e-02 1.25608889227279e+05 
7.67021560024843e-02 1.25344609095683e+05 
7.68876507266054e-02 1.25063201721177e+05 
7.70750543774355e-02 1.24760000811082e+05 
7.72642234441747e-02 1.24379209487167e+05 
7.74545044908936e-02 1.23924985771524e+05 
7.76486480173626e-02 1.23406053726672e+05 
7.78458752351111e-02 1.22839048741418e+05 
7.80450037133226e-02 1.22230581521000e+05 
7.82447642417535e-02 1.21592943144362e+05 
7.84454283096139e-02 1.20935636821681e+05 
7.86477975403986e-02 1.20283311172840e+05 
7.88509448412235e-02 1.19626203634653e+05 
7.90553918875825e-02 1.18959056120946e+05 
7.92606832755733e-02 1.18303736695032e+05 
7.94672290321851e-02 1.17671268686471e+05 
7.96747119855441e-02 1.17059357574964e+05 
7.98834079135651e-02 1.16465959934027e+05 
8.00927279126604e-02 1.15900437355503e+05 
8.03035318980237e-02 1.15359131972003e+05 
8.05119125137132e-02 1.14848782227861e+05 
8.07221708956211e-02 1.14354174380132e+05 
8.09296677816187e-02 1.13874498049440e+05 
8.11390794919724e-02 1.13395282724245e+05 
8.13457880679936e-02 1.12930335967889e+05 
8.15544561224184e-02 1.12448576169805e+05 
8.17605126247185e-02 1.11954760272237e+05 
8.19685709795027e-02 1.11456942415614e+05 
8.21741112714054e-02 1.10947766145908e+05 
8.23816909576944e-02 1.10420854321982e+05 
8.25868320177968e-02 1.09890211058817e+05 
8.27940428955185e-02 1.09337537061226e+05 
8.29988802055603e-02 1.08776827549718e+05 
8.32058115957846e-02 1.08182041305930e+05 
8.34104231415398e-02 1.07569407995277e+05 
8.36171461680911e-02 1.06931321630744e+05 
8.38215897935462e-02 1.06278456698194e+05 
8.40281610446372e-02 1.05599541701098e+05 
8.42324969320151e-02 1.04911860475400e+05 
8.44389810477724e-02 1.04204199075969e+05 
8.46432762418718e-02 1.03496718235940e+05 
8.48497380279800e-02 1.02777158871586e+05 
8.50540460020508e-02 1.02064522456123e+05 
8.52605346624199e-02 1.01346764424979e+05 
8.54648968933824e-02 1.00641594054123e+05 
8.56714530615445e-02 9.99377108621623e+04 
8.58759054226874e-02 9.92519209840642e+04 
8.60825649653090e-02 9.85723245641852e+04 
8.62871389362801e-02 9.79131356932654e+04 
8.64939329436536e-02 9.72620164868144e+04 
8.66986532355657e-02 9.66331775192150e+04 
8.69056049002711e-02 9.60147427177204e+04 
8.71104893377895e-02 9.54207520085658e+04 
8.73176154441416e-02 9.48389070058049e+04 
8.75226779925062e-02 9.42795830887713e+04 
8.77299917113386e-02 9.37341499490984e+04 
8.79352435768794e-02 9.32168567803865e+04 
8.81427552546105e-02 9.27151464326150e+04 
8.83482043795195e-02 9.22384850281364e+04 
8.85559206344554e-02 9.17750765803761e+04 
8.87615713299865e-02 9.13353618353202e+04 
8.89694982728128e-02 9.09041361901518e+04 
8.91753615870453e-02 9.04961510621771e+04 
8.93835126032403e-02 9.00927146893393e+04 
8.95896070068440e-02 8.97209900132946e+04 
8.97980026932708e-02 8.93525432103594e+04 
9.00043497101499e-02 8.90005147978345e+04 
9.02130110816611e-02 8.86585085914716e+04 
9.04196270303195e-02 8.83291962674524e+04 
9.06285686366078e-02 8.80063991673534e+04 
9.08354618760661e-02 8.76920685844335e+04 
9.10446907785993e-02 8.73826756171051e+04 
9.12518643220531e-02 8.70822131911885e+04 
9.14613826275826e-02 8.67890417559352e+04 
9.16688362837638e-02 8.65073123683834e+04 
9.18786438626186e-02 8.62271948861288e+04 
9.20863785912039e-02 8.59556215500289e+04 
9.22964750221242e-02 8.56843325430604e+04 
9.25044910171500e-02 8.54215955994909e+04 
9.27148535330150e-02 8.51664865541627e+04 
9.29231574944104e-02 8.49242904183247e+04 
9.31337217463159e-02 8.46916053541428e+04 
9.33423225236357e-02 8.44740416437192e+04 
9.35531092241251e-02 8.42686742069005e+04 
9.37619307305042e-02 8.40805222908918e+04 
9.39729364485137e-02 8.39030993425408e+04 
9.41819562179295e-02 8.37397981591557e+04 
9.43931662884484e-02 8.35866963109903e+04 
9.46023865421148e-02 8.34467483956245e+04 
9.48138125914929e-02 8.33164783377791e+04 
9.50232497917748e-02 8.31983803348016e+04 
9.52349006179740e-02 8.30887905855422e+04 
9.54445474829482e-02 8.29899944644913e+04 
9.56564124849048e-02 8.28988850212548e+04 
9.58662555992291e-02 8.28173178701760e+04 
9.60783226053072e-02 8.27424527533971e+04 
9.62883536484762e-02 8.26757501077083e+04 
9.65006160123422e-02 8.26147377183636e+04 
9.67108322962973e-02 8.25604624610217e+04 
9.69232887975580e-02 8.25108825648092e+04 
9.71336938781650e-02 8.24667548260451e+04 
9.73463518603766e-02 8.24261746830272e+04 
9.75569623404202e-02 8.23897264860074e+04 
9.77698400859874e-02 8.23557887799205e+04 
9.79806750917093e-02 8.23249519034100e+04 
9.81937902527155e-02 8.22958050709104e+04 
9.84048627843750e-02 8.22690284554176e+04 
9.86182279416589e-02 8.22434510608192e+04 
9.88295479373913e-02 8.22198747087564e+04 
9.90431733463813e-02 8.21975825832423e+04 
9.92547494812094e-02 8.21773871011676e+04 
9.94685851048578e-02 8.21589197909059e+04 
9.96804215971532e-02 8.21426807887903e+04 
9.98944219536090e-02 8.21291647271048e+04 
1.00106451004647e-01 8.21185085099653e+04 
1.00320611073072e-01 8.21117443679864e+04 
1.00532783304795e-01 8.21090710921721e+04 
1.00747099915356e-01 8.21110233792611e+04 
1.00959422318701e-01 8.21179142575988e+04 
1.01173906086685e-01 8.21307872520375e+04 
1.01386400366574e-01 8.21497573295493e+04 
1.01601074899357e-01 8.21760637716649e+04 
1.01813767461176e-01 8.22097762494337e+04 
1.02028658607801e-01 8.22524157316782e+04 
1.02241328892918e-01 8.23035711515423e+04 
1.02456453021449e-01 8.23651789486146e+04 
1.02669012339064e-01 8.24360073678825e+04 
1.02884338784589e-01 8.25184908323826e+04 
1.03096823578764e-01 8.26102836730286e+04 
1.03312274281318e-01 8.27141942382312e+04 
1.03524709366149e-01 8.28266811162432e+04 
1.03740294444231e-01 8.29508510938432e+04 
1.03952692117964e-01 8.30818831701707e+04 
1.04168422227733e-01 8.32230282229077e+04 
1.04380791881533e-01 8.33683791514306e+04 
1.04596682141941e-01 8.35211435408471e+04 
1.04809032650994e-01 8.36746420829408e+04 
1.05025119989092e-01 8.38321981830260e+04 
1.05237460057310e-01 8.39869284530921e+04 
1.05453659546163e-01 8.41423227553034e+04 
1.05665997874525e-01 8.42921743373842e+04 
1.05882304297599e-01 8.44390879134129e+04 
1.06094637879826e-01 8.45779018798097e+04 
1.06311063835597e-01 8.47119726018134e+04 
1.06523386338932e-01 8.48345942724691e+04 
1.06739952896806e-01 8.49510056859824e+04 
1.06952257206967e-01 8.50548710761650e+04 
1.07168997470431e-01 8.51502583892118e+04 
1.07381275264350e-01 8.52317575484475e+04 
1.07598134447862e-01 8.53012158119414e+04 
1.07810378336794e-01 8.53553643681341e+04 
1.08027302413886e-01 8.53972628820830e+04 
1.08239504895879e-01 8.54224301057434e+04 
1.08456539475176e-01 8.54373942408500e+04 
1.08668694268107e-01 8.54335036616218e+04 
1.08885879149483e-01 8.54064182500658e+04 
1.09097978832265e-01 8.53553036068024e+04 
1.09315348315525e-01 8.53000879280310e+04 
1.09527379468226e-01 8.52344732340007e+04 
1.09744961051949e-01 8.51563383699428e+04 
1.09956912049976e-01 8.50601873358040e+04 
1.10174726381465e-01 8.49419863196710e+04 
1.10386589433485e-01 8.48092890993265e+04 
1.10604657091392e-01 8.46575392567228e+04 
1.10816419381972e-01 8.44963966441307e+04 
1.11034754483211e-01 8.43149740570095e+04 
1.11246404232491e-01 8.41262343506452e+04 
1.11464968780847e-01 8.39203063316508e+04 
1.11676504163078e-01 8.37103192868441e+04 
1.11895258147798e-01 8.34839609800941e+04 
1.12106683287592e-01 8.32566063883215e+04 
1.12325638171681e-01 8.30143811925676e+04 
1.12536951277767e-01 8.27738330445446e+04 
1.12756112210130e-01 8.25196847629578e+04 
1.12967306164673e-01 8.22699807735245e+04 
1.13186679363691e-01 8.20077237140495e+04 
1.13397749351110e-01 8.17522274259545e+04 
1.13617351444448e-01 8.14851105339206e+04 
1.13828290699683e-01 8.12268344622859e+04 
1.14048025597776e-01 8.09578663225430e+04 
1.14258830072015e-01 8.06994793537986e+04 
1.14478464086587e-01 8.04315351109545e+04 
1.14689128203934e-01 8.01752340720067e+04 
1.14908640404406e-01 7.99104283036542e+04 
1.15119146660836e-01 7.96580541114876e+04 
1.15338563903417e-01 7.93978611690753e+04 
1.15548912429787e-01 7.91510111194542e+04 
1.15768291254898e-01 7.88972362585777e+04 
1.15978502774223e-01 7.86576793443118e+04 
1.16197894170771e-01 7.84121158240516e+04 
1.16407978026550e-01 7.81814331208540e+04 
1.16627421756275e-01 7.79446488923110e+04 
1.16837379015848e-01 7.77228563326151e+04 
1.17056910213650e-01 7.74959008124597e+04 
1.17266751215800e-01 7.72848020324076e+04 
1.17486303507529e-01 7.70628473395142e+04 
1.17696059187255e-01 7.68662419168822e+04 
1.17915516891439e-01 7.66606675993577e+04 
1.18125227266600e-01 7.64705021388074e+04 
1.18344633730783e-01 7.62805219370703e+04 
1.18554336703051e-01 7.61030782254464e+04 
1.18773735505485e-01 7.59235306454687e+04 
1.18983469173929e-01 7.57554276309039e+04 
1.19202903380379e-01 7.55848816816344e+04 
1.19412685045222e-01 7.54249006223585e+04 
1.19632172631168e-01 7.52625006508816e+04 
1.19842015708352e-01 7.51095114007451e+04 
1.20061572930913e-01 7.49542478245335e+04 
1.20271507014166e-01 7.48076943661550e+04 
1.20491168712282e-01 7.46619625088247e+04 
1.20701228115597e-01 7.45207540015467e+04 
1.20921033874489e-01 7.43794100634594e+04 
1.21131249773909e-01 7.42461328647515e+04 
1.21351235724086e-01 7.41076590512393e+04 
1.21561636141446e-01 7.39783578182537e+04 
1.21781835105142e-01 7.38426179539096e+04 
1.21992445589382e-01 7.37159748274235e+04 
1.22212887789484e-01 7.35845426724113e+04 
1.22423728787108e-01 7.34626223995369e+04 
1.22644440915775e-01 7.33380916933526e+04 
1.22855520021883e-01 7.32225168046016e+04 
1.23076515637887e-01 7.31043855887539e+04 
1.23287867771882e-01 7.29944023068390e+04 
1.23509195194730e-01 7.28829167974723e+04 
1.23720885218656e-01 7.27791184626723e+04 
1.23942614591520e-01 7.26753041578529e+04 
1.24154729876574e-01 7.25797124037024e+04 
1.24376956561901e-01 7.24850730569694e+04 
1.24589453676312e-01 7.23994460266485e+04 
1.24812126788266e-01 7.23149374033395e+04 
1.25025137584536e-01 7.22390552502290e+04 
1.25248410396552e-01 7.21647599217483e+04 
1.25461987231832e-01 7.20990251554433e+04 
1.25685929852309e-01 7.20377440703416e+04 
1.25900094437049e-01 7.19868543618020e+04 
1.26124734001484e-01 7.19426628900617e+04 
1.26339482614097e-01 7.19088797896457e+04 
1.26564818717625e-01 7.18778210090637e+04 
1.26780125970551e-01 7.18607112513858e+04 
1.27005586117259e-01 7.18547458653848e+04 
1.27221412900151e-01 7.18603078407877e+04 
1.27446570058305e-01 7.18761708425677e+04 
1.27662841544706e-01 7.19006123385433e+04 
1.27887708845914e-01 7.19356320400912e+04 
1.28104311406115e-01 7.19840986415658e+04 
1.28328916656068e-01 7.20399655879047e+04 
1.28545713993185e-01 7.21000726890522e+04 
1.28769935637431e-01 7.21701560707213e+04 
1.28986809285899e-01 7.22418625309910e+04 
1.29210643658307e-01 7.23255216398784e+04 
1.29427485357025e-01 7.24143530981911e+04 
1.29650905084097e-01 7.25165158876518e+04 
1.29867627002332e-01 7.26236280473804e+04 
1.30090635943585e-01 7.27440920955247e+04 
1.30307171050648e-01 7.28705655164680e+04 
1.30529785156450e-01 7.30098030289136e+04 
1.30746090787776e-01 7.31551867758895e+04 
1.30968331332707e-01 7.33130732253973e+04 
1.31184306208985e-01 7.34747367731168e+04 
1.31406200724558e-01 7.36477505105315e+04 
1.31621789229780e-01 7.38222910753067e+04 
1.31843370646029e-01 7.40081287470223e+04 
1.32058586479663e-01 7.41943266595801e+04 
1.32279887148970e-01 7.43920022239164e+04 
1.32494769926403e-01 7.45890912058604e+04 
1.32715832085442e-01 7.47978999095557e+04 
1.32930428215801e-01 7.50051251605421e+04 
1.33151285832314e-01 7.52242051097952e+04 
1.33365650645938e-01 7.54408748490834e+04 
1.33586335351962e-01 7.56694209766344e+04 
1.33800527646293e-01 7.58948261635764e+04 
1.34021080606901e-01 7.61320403743243e+04 
1.34235160409388e-01 7.63653471775365e+04 
1.34455627839294e-01 7.66091288294295e+04 
1.34669651346194e-01 7.68489580042910e+04 
1.34890076552909e-01 7.71008585677801e+04 
1.35104085069940e-01 7.73468668783341e+04 
1.35324502727751e-01 7.76031420660294e+04 
1.35538561703802e-01 7.78544914678205e+04 
1.35759004359119e-01 7.81134215607543e+04 
1.35973172987155e-01 7.83653656219833e+04 
1.36193667447005e-01 7.86260469349856e+04 
1.36407996230414e-01 7.88790906704303e+04 
1.36628562888011e-01 7.91391173613394e+04 
1.36843096720889e-01 7.93930092389663e+04 
1.37063751925105e-01 7.96561039909550e+04 
1.37278516841183e-01 7.99109561285690e+04 
1.37499281238233e-01 8.01725406045210e+04 
1.37714283850162e-01 8.04258234158237e+04 
1.37935185619551e-01 8.06854676551495e+04 
1.38150416719891e-01 8.09371697738134e+04 
1.38371488155370e-01 8.11957026371186e+04 
1.38586936012896e-01 8.14472911074639e+04 
1.38808204917891e-01 8.17068943775072e+04 
1.39023905001239e-01 8.19609954292178e+04 
1.39245384937993e-01 8.22247827397030e+04 
1.39461363594763e-01 8.24850149249580e+04 
1.39683053785447e-01 8.27571046994274e+04 
1.39899312831035e-01 8.30278114685459e+04 
1.40121210881135e-01 8.33128948868374e+04 
1.40337743362894e-01 8.35988231984638e+04 
1.40559853045314e-01 8.39021478434899e+04 
1.40776643487264e-01 8.42083534781407e+04 
1.40998974808902e-01 8.45344314302867e+04 
1.41216001770291e-01 8.48650127275423e+04 
1.41438569266814e-01 8.52181797838177e+04 
1.41655807817305e-01 8.55769832585256e+04 
1.41878631467153e-01 8.59605311014647e+04 
1.42096068041668e-01 8.63496759145028e+04 
1.42319172231372e-01 8.67647371512019e+04 
1.42536801268583e-01 8.71841859099048e+04 
1.42760217087188e-01 8.76286993526854e+04 
1.42978035803849e-01 8.80750811720013e+04 
1.43201797193895e-01 8.85478180672237e+04 
1.43419806230901e-01 8.90211273074023e+04 
1.43643946301483e-01 8.95203833233946e+04 
1.43862143958429e-01 9.00174420849940e+04 
1.44086693615112e-01 9.05399289947954e+04 
1.44305079015945e-01 9.10495191764484e+04 
1.44530064742760e-01 9.15877781074337e+04 
1.44748644675318e-01 9.21241976426202e+04 
1.44974084916945e-01 9.26845671570300e+04 
1.45192876126695e-01 9.32358003532673e+04 
1.45418781996685e-01 9.38073891560398e+04 
1.45637812594044e-01 9.43720703629730e+04 
1.45864190266673e-01 9.49553178812630e+04 
1.46083479061339e-01 9.55109189982919e+04 
1.46310333109719e-01 9.60744436068011e+04 
1.46529896042899e-01 9.66051641341747e+04 
1.46757234913337e-01 9.71432643335317e+04 
1.46977087643608e-01 9.76491957562691e+04 
1.47204926416478e-01 9.81569687785439e+04 
1.47425084294925e-01 9.86270410607832e+04 
1.47653446279382e-01 9.90890818808344e+04 
1.47873925479712e-01 9.95147960519989e+04 
1.48102839901004e-01 9.99211628253946e+04 
1.48323659336341e-01 1.00276049423769e+05 
1.48553162936343e-01 1.00605589625446e+05 
1.48774345851785e-01 1.00887215557842e+05 
1.49004472278406e-01 1.01153533470891e+05 
1.49226043958155e-01 1.01385469564613e+05 
1.49456820179246e-01 1.01588538379160e+05 
1.49678804452298e-01 1.01727816198705e+05 
1.49910256050349e-01 1.01830412186885e+05 
1.50132677345432e-01 1.01874711259541e+05 
1.50364787091534e-01 1.01908195177835e+05 
1.50587671927266e-01 1.01911473990976e+05 
1.50820205429818e-01 1.01894135209366e+05 
1.51043595418460e-01 1.01853053625703e+05 
1.51276591852162e-01 1.01791535622789e+05 
1.51500508645404e-01 1.01710717665548e+05 
1.51733988134337e-01 1.01616640917140e+05 
1.51958442008309e-01 1.01529294092498e+05 
1.52192415011749e-01 1.01435058128436e+05 
1.52417420530444e-01 1.01329897851719e+05 
1.52651900112369e-01 1.01229897414751e+05 
1.52877461679783e-01 1.01147422001693e+05 
1.53112449556621e-01 1.01069141295765e+05 
1.53338568230693e-01 1.01000957827715e+05 
1.53574063867190e-01 1.00938920561178e+05 
1.53800738076579e-01 1.00901608063378e+05 
1.54036738793143e-01 1.00864504208600e+05 
1.54263978475276e-01 1.00825159759354e+05 
1.54500493792647e-01 1.00790920692554e+05 
1.54728315443669e-01 1.00758429074113e+05 
1.54965361347125e-01 1.00735273602215e+05 
1.55193776800594e-01 1.00713226339182e+05 
1.55431366395571e-01 1.00699008175551e+05 
1.55660394084117e-01 1.00682902204701e+05 
1.55898546753655e-01 1.00670822401084e+05 
1.56128210839754e-01 1.00655691883207e+05 
1.56366951721760e-01 1.00640915847987e+05 
1.56597273556098e-01 1.00618515531196e+05 
1.56836623350677e-01 1.00593735673008e+05 
1.57067610947145e-01 1.00560657081180e+05 
1.57307575141893e-01 1.00516225492251e+05 
1.57539233234634e-01 1.00461771049722e+05 
1.57779814225737e-01 1.00397445995290e+05 
1.58012149419738e-01 1.00324111094661e+05 
1.58253351367456e-01 1.00240983866645e+05 
1.58486379631119e-01 1.00150628633057e+05 
1.58728216234499e-01 1.00052929347393e+05 
1.58961949570769e-01 9.99520283128264e+04 
1.59204429763183e-01 9.98449306296316e+04 
1.59438879886704e-01 9.97393360036208e+04 
1.59682012083303e-01 9.96305079378232e+04 
1.59917182845999e-01 9.95201766525250e+04 
1.60160967032460e-01 9.94118160115556e+04 
1.60396862658843e-01 9.93168631768892e+04 
1.60641299688946e-01 9.92236750225910e+04 
1.60877928847880e-01 9.91405400491897e+04 
1.61123024816696e-01 9.90614890232786e+04 
1.61360401223895e-01 9.89933416898320e+04 
1.61606168509303e-01 9.89263278472349e+04 
1.61844307456007e-01 9.88773237531685e+04 
1.62090760168867e-01 9.88299554806750e+04 
1.62329673823162e-01 9.87981056390987e+04 
1.62576822717496e-01 9.87734022665990e+04 
1.62816519243183e-01 9.87506569899863e+04 
1.63064371027106e-01 9.87422359364925e+04 
1.63304854720220e-01 9.87278798821737e+04 
1.63553411701519e-01 9.87281763403460e+04 
1.63794687666357e-01 9.87244547531385e+04 
1.64043953007942e-01 9.87335659532868e+04 
1.64286027528786e-01 9.87402472897906e+04 
1.64536005037914e-01 9.87612475758081e+04 
1.64778881389073e-01 9.87753690584593e+04 
1.65029571842676e-01 9.87977502419043e+04 
1.65273245742127e-01 9.88138373514669e+04 
1.65524641348578e-01 9.88356415939918e+04 
1.65769104126687e-01 9.88518319210935e+04 
1.66018516412099e-01 9.88723854672061e+04 
1.66263775551028e-01 9.88936606185864e+04 
1.66511225523714e-01 9.89086968374277e+04 
1.66755866054289e-01 9.89252877840568e+04 
1.67001885210730e-01 9.89391983863232e+04 
1.67247348326415e-01 9.89554373258627e+04 
1.67492281571378e-01 9.89690850314088e+04 
1.67736913720946e-01 9.89855608903401e+04 
1.67981075059419e-01 9.90004911699213e+04 
1.68229277898013e-01 9.90137724013463e+04 
1.68484561467081e-01 9.90292162875582e+04 
1.68733405977469e-01 9.90498423820801e+04 
1.68989287115355e-01 9.90706401478856e+04 
1.69238825758569e-01 9.91006902243449e+04 
1.69495298684921e-01 9.91299501706500e+04 
1.69745530044365e-01 9.91672366435552e+04 
1.70002598600681e-01 9.92138586523186e+04 
1.70253519412736e-01 9.92541233724711e+04 
1.70511181532492e-01 9.93049810847023e+04 
1.70762782168332e-01 9.93509640733902e+04 
1.71021021900820e-01 9.94096514087724e+04 
1.71273295953978e-01 9.94721967681803e+04 
1.71532092658814e-01 9.95487355139130e+04 
1.71785038830005e-01 9.96281794591104e+04 
1.72044380713989e-01 9.97215944318474e+04 
1.72298039911634e-01 9.98200978602925e+04 
1.72557970818864e-01 9.99303042007318e+04 
1.72812376214236e-01 1.00049689148070e+05 
1.73072943035274e-01 1.00178411091210e+05 
1.73328133125775e-01 1.00316448344637e+05 
1.73589386691207e-01 1.00461327321706e+05 
1.73845406090636e-01 1.00602525184886e+05 
1.74107397753115e-01 1.00746785835508e+05 
1.74364283061324e-01 1.00885262482243e+05 
1.74627048041690e-01 1.01025174172135e+05 
1.74884811529129e-01 1.01155044301809e+05 
1.75148355435807e-01 1.01286594690799e+05 
1.75406967657517e-01 1.01407161816788e+05 
1.75671249965483e-01 1.01526844832895e+05 
1.75930610927883e-01 1.01639165946300e+05 
1.76195516213888e-01 1.01740118967817e+05 
1.76455416596074e-01 1.01838967825505e+05 
1.76720721056680e-01 1.01922648150448e+05 
1.76980817369032e-01 1.02013254456718e+05 
1.77246174056648e-01 1.02085924125329e+05 
1.77505955384745e-01 1.02170218890424e+05 
1.77770870926146e-01 1.02240230166468e+05 
1.78029679582396e-01 1.02326495600511e+05 
1.78293550389603e-01 1.02402935520907e+05 
1.78550673331444e-01 1.02503386626185e+05 
1.78812888379005e-01 1.02587937263295e+05 
1.79067670417236e-01 1.02690443890219e+05 
1.79327710484123e-01 1.02794695807484e+05 
1.79579767671579e-01 1.02891928946082e+05 
1.79837400985877e-01 1.03003587277244e+05 
1.80086715088048e-01 1.03115534663544e+05 
1.80342059180354e-01 1.03243208356125e+05 
1.80588934823497e-01 1.03367275876649e+05 
1.80842360088900e-01 1.03502989302175e+05 
1.81087316655122e-01 1.03631749701740e+05 
1.81339340479562e-01 1.03768665576934e+05 
1.81583025506679e-01 1.03898791550157e+05 
1.81834241018823e-01 1.04032042823593e+05 
1.82077246794547e-01 1.04164797953568e+05 
1.82307062873831e-01 1.04277207241181e+05 
1.82550094515055e-01 1.04401196631889e+05 
1.82801124110361e-01 1.04513333544842e+05 
1.83044186560918e-01 1.04609392018731e+05 
1.83295573399131e-01 1.04694126253038e+05 
1.83539130268430e-01 1.04763184811063e+05 
1.83791087847463e-01 1.04816082695135e+05 
1.83961368630173e-01 1.04844547754893e+05 
1.84139477970620e-01 1.04871515021933e+05 
1.84323188536965e-01 1.04883663180660e+05 
1.84499800609386e-01 1.04893694486423e+05 
1.84680164006880e-01 1.04891643912965e+05 
1.84861415768727e-01 1.04885226580349e+05 
1.85046499734028e-01 1.04863827723537e+05 
1.85231808431461e-01 1.04840410839938e+05 
1.85420456092802e-01 1.04800052816369e+05 
1.85613380615563e-01 1.04756940298785e+05 
1.85810344459329e-01 1.04695827193334e+05 
1.86010866936051e-01 1.04632941091167e+05 
1.86215200093324e-01 1.04552807390438e+05 
1.86422981509287e-01 1.04468664945864e+05 
1.86642824330217e-01 1.04369091160668e+05 
1.86872021805296e-01 1.04257207443524e+05 
1.87108494816098e-01 1.04131615329795e+05 
1.87349710979674e-01 1.04001108991668e+05 
1.87594848273292e-01 1.03865721370902e+05 
1.87842602710075e-01 1.03719311860007e+05 
1.88068749613637e-01 1.03593272825371e+05 
1.88317511207555e-01 1.03449262013424e+05 
1.88571000616901e-01 1.03307899918283e+05 
1.88827343249022e-01 1.03162294330569e+05 
1.89082351122097e-01 1.03021184893436e+05 
1.89342628552650e-01 1.02883165886885e+05 
1.89599009035170e-01 1.02759496894764e+05 
1.89860537113218e-01 1.02627019787034e+05 
1.90118038184497e-01 1.02511560389702e+05 
1.90379764963642e-01 1.02418993468295e+05 
1.90638067056826e-01 1.02325721276715e+05 
1.90900115910712e-01 1.02254164906010e+05 
1.91159000397088e-01 1.02185660311180e+05 
1.91421595598222e-01 1.02142931291362e+05 
1.91681012970996e-01 1.02099990632702e+05 
1.91944205361731e-01 1.02083425992820e+05 
1.92204247091307e-01 1.02064181854726e+05 
1.92468022134191e-01 1.02072021740049e+05 
1.92728810107668e-01 1.02079466599767e+05 
1.92993062354378e-01 1.02086669841892e+05 
1.93254722468315e-01 1.02103233454339e+05 
1.93519196567140e-01 1.02138455078583e+05 
1.93781797655460e-01 1.02189071635731e+05 
1.94045616163444e-01 1.02263837785398e+05 
1.94301807572190e-01 1.02350424183146e+05 
1.94558120161899e-01 1.02446567414941e+05 
1.94814640416711e-01 1.02543318474164e+05 
1.95071302492412e-01 1.02648095791316e+05 
1.95328234222086e-01 1.02738882351008e+05 
1.95585348526867e-01 1.02834324053460e+05 
1.95842802128431e-01 1.02908082666566e+05 
1.96098602507246e-01 1.02979151137471e+05 
1.96356383358541e-01 1.03025937513314e+05 
1.96610188145447e-01 1.03074211942639e+05 
1.96865086477245e-01 1.03093857259635e+05 
1.97117369864233e-01 1.03117770825299e+05 
1.97372682068598e-01 1.03115331125485e+05 
1.97623658282188e-01 1.03119284560785e+05 
1.97879037199966e-01 1.03101075750634e+05 
1.98129055753664e-01 1.03096651502574e+05 
1.98382741643563e-01 1.03072341959450e+05 
1.98632179302101e-01 1.03066889765766e+05 
1.98887361778353e-01 1.03047992889396e+05 
1.99136348121338e-01 1.03052523919509e+05 
1.99391851969148e-01 1.03049971655579e+05 
1.99640511543723e-01 1.03077361174135e+05 
1.99895295453760e-01 1.03094072207624e+05 
2.00143170360590e-01 1.03156671288479e+05 
