# Liste des scalaires : TEMPS pmat 
0.00000000000000e+00 1.00000000000000e+05 
7.22956891292051e-05 1.00000000000000e+05 
1.39473830159790e-04 1.00000000000000e+05 
2.09658797050093e-04 1.00000000000000e+05 
2.76117114236747e-04 1.00000000000000e+05 
3.20638761908143e-04 1.00000000000000e+05 
3.55139419127693e-04 1.00000000000000e+05 
3.84466703006974e-04 1.00000000000000e+05 
4.10882456555377e-04 1.00000000000000e+05 
4.35440253196356e-04 1.00000000000000e+05 
4.62453829501432e-04 1.00000000000000e+05 
4.92168763437016e-04 1.00000000000000e+05 
5.24855190766159e-04 1.00000000000000e+05 
5.60810260828215e-04 1.00000000000000e+05 
6.00360837896477e-04 1.00000000000000e+05 
6.43866472671566e-04 1.00000000000000e+05 
6.91722670924163e-04 1.00000000000000e+05 
7.44364489002020e-04 1.00000000000000e+05 
8.02270488887663e-04 1.00000000000000e+05 
8.65967088761870e-04 1.00000000000000e+05 
9.36033348623498e-04 1.00000000000000e+05 
1.01310623447129e-03 1.00000000000000e+05 
1.09788640890386e-03 1.00000000000000e+05 
1.19114460077968e-03 1.00000000000000e+05 
1.28874595967999e-03 1.00000000000000e+05 
1.39427742078094e-03 1.00000000000000e+05 
1.50221628787630e-03 1.00000000000000e+05 
1.61553425737489e-03 1.00000000000000e+05 
1.73457348070842e-03 1.00000000000000e+05 
1.85733677968634e-03 1.00000000000000e+05 
1.98616223838893e-03 1.00000000000000e+05 
2.11872938704650e-03 1.00000000000000e+05 
2.25541689819687e-03 1.00000000000000e+05 
2.39772133018700e-03 1.00000000000000e+05 
2.54485627309119e-03 1.00000000000000e+05 
2.69657390129228e-03 1.00000000000000e+05 
2.85238267869200e-03 1.00000000000000e+05 
3.01245336052064e-03 1.00000000000000e+05 
3.17812497446122e-03 1.00000000000000e+05 
3.34903914085953e-03 1.00000000000000e+05 
3.52550659026317e-03 1.00000000000000e+05 
3.70726992321385e-03 1.00000000000000e+05 
3.89587589613593e-03 1.00000000000000e+05 
4.08975108537184e-03 1.00000000000000e+05 
4.28959471140223e-03 1.00000000000000e+05 
4.49516060408426e-03 1.00000000000000e+05 
4.70839016598766e-03 1.00000000000000e+05 
4.92856382961013e-03 1.00000000000000e+05 
5.15483884145781e-03 1.00000000000000e+05 
5.38810296190533e-03 1.00000000000000e+05 
5.62716630832518e-03 1.00000000000000e+05 
5.87020911792093e-03 1.00000000000000e+05 
6.12048301668728e-03 1.00000000000000e+05 
6.37286594506312e-03 1.00000000000000e+05 
6.63255281660252e-03 1.00000000000000e+05 
6.89402258475635e-03 1.00000000000000e+05 
7.16377799461159e-03 1.00000000000000e+05 
7.43656924295753e-03 1.00000000000000e+05 
7.71367353814483e-03 1.00000000000000e+05 
7.99345733383070e-03 1.00000000000000e+05 
8.27640924257097e-03 1.00000000000000e+05 
8.55452121853381e-03 1.00000000000000e+05 
8.82658997992729e-03 1.00000000000000e+05 
9.09401508283868e-03 1.00000000000000e+05 
9.35765167080195e-03 1.00000000000000e+05 
9.61795598169661e-03 1.00000000000000e+05 
9.87426651720918e-03 1.00000000000000e+05 
1.01272825334230e-02 1.00000000000000e+05 
1.03777758598185e-02 1.00000000000000e+05 
1.06257470721486e-02 1.00000000000000e+05 
1.08546704437257e-02 1.00000000000000e+05 
1.10597866679044e-02 1.00000000000000e+05 
1.12525460431542e-02 1.00000000000000e+05 
1.14374164503784e-02 1.00000000000000e+05 
1.16158252163641e-02 1.00000000000000e+05 
1.17891683267324e-02 1.00000000000000e+05 
1.19583297698138e-02 1.00000000000000e+05 
1.21236959778827e-02 1.00000000000000e+05 
1.22863668634745e-02 1.00000000000000e+05 
1.24465435220282e-02 1.00000000000000e+05 
1.26052867046600e-02 1.00000000000000e+05 
1.27628821420114e-02 1.00000000000000e+05 
1.29203541614028e-02 1.00000000000000e+05 
1.30778838831040e-02 1.00000000000000e+05 
1.32360011298447e-02 1.00000000000000e+05 
1.33949021058671e-02 1.00000000000000e+05 
1.35550111194741e-02 1.00000000000000e+05 
1.37171221055051e-02 1.00000000000000e+05 
1.38812661793804e-02 1.00000000000000e+05 
1.40482190386442e-02 1.00000000000000e+05 
1.42179098359413e-02 1.00000000000000e+05 
1.43909439598934e-02 1.00000000000000e+05 
1.45671207212807e-02 1.00000000000000e+05 
1.47468849980345e-02 1.00000000000000e+05 
1.49298908034817e-02 1.00000000000000e+05 
1.51164442853280e-02 1.00000000000000e+05 
1.53060598171644e-02 1.00000000000000e+05 
1.54989408004040e-02 1.00000000000000e+05 
1.56944900587497e-02 1.00000000000000e+05 
1.58928490738759e-02 1.00000000000000e+05 
1.60933505977873e-02 1.00000000000000e+05 
1.62961180420617e-02 1.00000000000000e+05 
1.65004545473683e-02 1.00000000000000e+05 
1.67064797052862e-02 1.00000000000000e+05 
1.69135389886573e-02 1.00000000000000e+05 
1.71216576958422e-02 1.00000000000000e+05 
1.73304409719482e-02 1.00000000000000e+05 
1.75398253860657e-02 1.00000000000000e+05 
1.77495924181827e-02 1.00000000000000e+05 
1.79595829893086e-02 1.00000000000000e+05 
1.81698314408729e-02 1.00000000000000e+05 
1.83799403542369e-02 1.00000000000000e+05 
1.85889774357154e-02 1.00000000000000e+05 
1.87961920367741e-02 1.00000000000000e+05 
1.89999101545832e-02 1.00000000000000e+05 
1.91996711575147e-02 1.00000000000000e+05 
1.93948408494647e-02 1.00000000000000e+05 
1.95861446772583e-02 1.00000000000000e+05 
1.97742515379100e-02 1.00000000000000e+05 
1.99596989631939e-02 1.00000000000000e+05 
2.01431094105284e-02 1.00000000000000e+05 
2.03234909929812e-02 1.00000000000000e+05 
2.05018334345718e-02 1.00000000000000e+05 
2.06784069671718e-02 1.00000000000000e+05 
2.08543755703234e-02 1.00000000000000e+05 
2.10298118495432e-02 1.00000000000000e+05 
2.12056475524492e-02 1.00000000000000e+05 
2.13817983990914e-02 1.00000000000000e+05 
2.15590201105764e-02 1.00000000000000e+05 
2.17371189408095e-02 1.00000000000000e+05 
2.19167598621339e-02 1.00000000000000e+05 
2.20976746091661e-02 1.00000000000000e+05 
2.22804511358938e-02 1.00000000000000e+05 
2.24641566837931e-02 1.00000000000000e+05 
2.26484351922918e-02 1.00000000000000e+05 
2.28331608473791e-02 1.00000000000000e+05 
2.30186685268643e-02 1.00000000000000e+05 
2.32048382470673e-02 1.00000000000000e+05 
2.33920240069195e-02 1.00000000000000e+05 
2.35801121404595e-02 1.00000000000000e+05 
2.37695111572555e-02 1.00000000000000e+05 
2.39600811373286e-02 1.00000000000000e+05 
2.41522433209771e-02 1.00000000000000e+05 
2.43457997632381e-02 1.00000000000000e+05 
2.45411486711857e-02 1.00000000000000e+05 
2.47380390558638e-02 1.00000000000000e+05 
2.49368362765449e-02 1.00000000000000e+05 
2.51372562584954e-02 1.00000000000000e+05 
2.53396282000794e-02 1.00000000000000e+05 
2.55436551926049e-02 1.00000000000000e+05 
2.57496288253214e-02 1.00000000000000e+05 
2.59572243800425e-02 1.00000000000000e+05 
2.61667363027584e-02 1.00000000000000e+05 
2.63778361711703e-02 1.00000000000000e+05 
2.65906211199856e-02 1.00000000000000e+05 
2.68049734631674e-02 1.00000000000000e+05 
2.70208933387186e-02 1.00000000000000e+05 
2.72383571088098e-02 1.00000000000000e+05 
2.74573154642033e-02 1.00000000000000e+05 
2.76777361478228e-02 1.00000000000000e+05 
2.78995233050473e-02 1.00000000000000e+05 
2.81226277246674e-02 1.00000000000000e+05 
2.83469089904898e-02 1.00000000000000e+05 
2.85722897271920e-02 1.00000000000000e+05 
2.87985929063358e-02 1.00000000000000e+05 
2.90257219351743e-02 1.00000000000000e+05 
2.92534883943593e-02 1.00000000000000e+05 
2.94817978765723e-02 1.00000000000000e+05 
2.97104922012539e-02 1.00000000000000e+05 
2.99395137105086e-02 1.00000000000000e+05 
3.01687486097005e-02 1.00000000000000e+05 
3.03981773496101e-02 1.00000000000000e+05 
3.06277363031516e-02 1.00000000000000e+05 
3.08574526106124e-02 1.00000000000000e+05 
3.10873560321313e-02 1.00000000000000e+05 
3.13174922478696e-02 1.00000000000000e+05 
3.15479374180186e-02 1.00000000000000e+05 
3.17787298873905e-02 1.00000000000000e+05 
3.20099849881266e-02 1.00000000000000e+05 
3.22417184032763e-02 1.00000000000000e+05 
3.24740824168531e-02 1.00000000000000e+05 
3.27070571539131e-02 1.00000000000000e+05 
3.29408341374506e-02 1.00000000000000e+05 
3.31753537379364e-02 1.00000000000000e+05 
3.34108491802037e-02 1.00000000000000e+05 
3.36472160107292e-02 1.00000000000000e+05 
3.38847201917574e-02 1.00000000000000e+05 
3.41232207190042e-02 1.00000000000000e+05 
3.43630457220286e-02 1.00000000000000e+05 
3.46039031173136e-02 1.00000000000000e+05 
3.48458143316215e-02 1.00000000000000e+05 
3.50888315384372e-02 1.00000000000000e+05 
3.53330684967565e-02 1.00000000000000e+05 
3.55785342686368e-02 1.00000000000000e+05 
3.58253336836181e-02 1.00000000000000e+05 
3.60734333936484e-02 1.00000000000000e+05 
3.63229390982062e-02 1.00000000000000e+05 
3.65737835063351e-02 1.00000000000000e+05 
3.68260849032811e-02 1.00000000000000e+05 
3.70797537705972e-02 1.00000000000000e+05 
3.73349229508113e-02 1.00000000000000e+05 
3.75914756415156e-02 1.00000000000000e+05 
3.78495393145454e-02 1.00000000000000e+05 
3.81089751755599e-02 1.00000000000000e+05 
3.83699031963278e-02 1.00000000000000e+05 
3.86321981812357e-02 1.00000000000000e+05 
3.88960027515579e-02 1.00000000000000e+05 
3.91612125153741e-02 1.00000000000000e+05 
3.94279409312003e-02 1.00000000000000e+05 
3.96960663613000e-02 1.00000000000000e+05 
3.99656826362226e-02 1.00000000000000e+05 
4.02366618418710e-02 1.00000000000000e+05 
4.05091080012588e-02 1.00000000000000e+05 
4.07828964460011e-02 1.00000000000000e+05 
4.10578760205074e-02 1.00000000000000e+05 
4.13335826579037e-02 1.00000000000000e+05 
4.16099646947391e-02 1.00000000000000e+05 
4.18870957597398e-02 1.00000000000000e+05 
4.21649051549455e-02 1.00000000000000e+05 
4.24434668793540e-02 1.00000000000000e+05 
4.27226812205486e-02 1.00000000000000e+05 
4.30026307500840e-02 1.00000000000000e+05 
4.32831883649376e-02 1.00000000000000e+05 
4.35644476774110e-02 1.00000000000000e+05 
4.38462646064146e-02 1.00000000000000e+05 
4.41287581974109e-02 1.00000000000000e+05 
4.44117783332911e-02 1.00000000000000e+05 
4.46954801348653e-02 1.00000000000000e+05 
4.49793148407459e-02 1.00000000000000e+05 
4.52631155659183e-02 1.00000000000000e+05 
4.55469504549925e-02 1.00000000000000e+05 
4.58308220658862e-02 1.00000000000000e+05 
4.61147866911583e-02 1.00000000000000e+05 
4.63988482046197e-02 1.00000000000000e+05 
4.66830567699057e-02 1.00000000000000e+05 
4.69674017033004e-02 1.00000000000000e+05 
4.72519296366602e-02 1.00000000000000e+05 
4.75366080087864e-02 1.00000000000000e+05 
4.78214954030955e-02 1.00000000000000e+05 
4.81065216594524e-02 1.00000000000000e+05 
4.83910995360687e-02 1.00000000000000e+05 
4.86746356635473e-02 1.00000000000000e+05 
4.89566605309371e-02 1.00000000000000e+05 
4.92368689419578e-02 1.00000000000000e+05 
4.95157143783854e-02 1.00000000000000e+05 
4.97933695869181e-02 1.00000000000000e+05 
5.00703066502537e-02 1.00000000000000e+05 
5.03466238400921e-02 1.00000000000000e+05 
5.06227402929557e-02 1.00000000000000e+05 
5.08986601654901e-02 1.00000000000000e+05 
5.11747277895727e-02 1.00000000000000e+05 
5.14508765678483e-02 1.00000000000000e+05 
5.17273807183249e-02 1.00000000000000e+05 
5.20041266201453e-02 1.00000000000000e+05 
5.22813277126476e-02 1.00000000000000e+05 
5.25588344365074e-02 1.00000000000000e+05 
5.28368235687358e-02 1.00000000000000e+05 
5.31151357299391e-02 1.00000000000000e+05 
5.33939210436910e-02 1.00000000000000e+05 
5.36726174843822e-02 1.00000000000000e+05 
5.39513908904619e-02 1.00000000000000e+05 
5.42300956130537e-02 1.00000000000000e+05 
5.45088920616703e-02 1.00000000000000e+05 
5.47876180950772e-02 1.00000000000000e+05 
5.50664089172755e-02 1.00000000000000e+05 
5.53451119765908e-02 1.00000000000000e+05 
5.56238366377547e-02 1.00000000000000e+05 
5.59024396623760e-02 1.00000000000000e+05 
5.61810070291909e-02 1.00000000000000e+05 
5.64594150080493e-02 1.00000000000000e+05 
5.67377279384080e-02 1.00000000000000e+05 
5.70158324092762e-02 1.00000000000000e+05 
5.72937704501175e-02 1.00000000000000e+05 
5.75714442915536e-02 1.00000000000000e+05 
5.78488860767896e-02 1.00000000000000e+05 
5.81260117073781e-02 1.00000000000000e+05 
5.84028481365718e-02 1.00000000000000e+05 
5.86793295689690e-02 1.00000000000000e+05 
5.89555105047529e-02 1.00000000000000e+05 
5.92313558753201e-02 1.00000000000000e+05 
5.95069509191545e-02 1.00000000000000e+05 
5.97822730793579e-02 1.00000000000000e+05 
6.00574279536874e-02 1.00000000000000e+05 
6.03323947359212e-02 1.00000000000000e+05 
6.06072984694104e-02 1.00000000000000e+05 
6.08821211249281e-02 1.00000000000000e+05 
6.11570055059002e-02 1.00000000000000e+05 
6.14319299412461e-02 1.00000000000000e+05 
6.17070469452816e-02 1.00000000000000e+05 
6.19823234980371e-02 1.00000000000000e+05 
6.22579153773690e-02 1.00000000000000e+05 
6.25337759665965e-02 1.00000000000000e+05 
6.28100596389799e-02 1.00000000000000e+05 
6.30867002696299e-02 1.00000000000000e+05 
6.33638433079404e-02 1.00000000000000e+05 
6.36414035902592e-02 1.00000000000000e+05 
6.39195178170581e-02 1.00000000000000e+05 
6.41980957337665e-02 1.00000000000000e+05 
6.44772647408586e-02 1.00000000000000e+05 
6.47569355441822e-02 1.00000000000000e+05 
6.50372298996687e-02 1.00000000000000e+05 
6.53180506135502e-02 1.00000000000000e+05 
6.55995241709191e-02 1.00000000000000e+05 
6.58815516010530e-02 1.00000000000000e+05 
6.61642490547554e-02 1.00000000000000e+05 
6.64475004379061e-02 1.00000000000000e+05 
6.67314106383376e-02 1.00000000000000e+05 
6.70158573900271e-02 1.00000000000000e+05 
6.73009541209683e-02 1.00000000000000e+05 
6.75865762486369e-02 1.00000000000000e+05 
6.78728416939711e-02 1.00000000000000e+05 
6.81595883038955e-02 1.00000000000000e+05 
6.84469371982601e-02 1.00000000000000e+05 
6.87347116804139e-02 1.00000000000000e+05 
6.90230552509453e-02 1.00000000000000e+05 
6.93117991032348e-02 1.00000000000000e+05 
6.96010747870051e-02 1.00000000000000e+05 
6.98906858820374e-02 1.00000000000000e+05 
7.01807973997733e-02 1.00000000000000e+05 
7.04712292694570e-02 1.00000000000000e+05 
7.07621398378041e-02 1.00000000000000e+05 
7.10533490285034e-02 1.00000000000000e+05 
7.13450072053002e-02 1.00000000000000e+05 
7.16369327861841e-02 1.00000000000000e+05 
7.19291889223594e-02 1.00000000000000e+05 
7.22216222234250e-02 1.00000000000000e+05 
7.25139695315178e-02 1.00000000000000e+05 
7.28065009723208e-02 1.00000000000000e+05 
7.30989395538352e-02 1.00000000000000e+05 
7.33915763393221e-02 1.00000000000000e+05 
7.36841141804772e-02 1.00000000000000e+05 
7.39768530547490e-02 1.00000000000000e+05 
7.42695197834028e-02 1.00000000000000e+05 
7.45624177238744e-02 1.00000000000000e+05 
7.48552720200353e-02 1.00000000000000e+05 
7.51483725108868e-02 1.00000000000000e+05 
7.54414370282125e-02 1.00000000000000e+05 
7.57347514686483e-02 1.00000000000000e+05 
7.60280301355129e-02 1.00000000000000e+05 
7.63215601745655e-02 1.00000000000000e+05 
7.66150549647648e-02 1.00000000000000e+05 
7.69088035947064e-02 1.00000000000000e+05 
7.72025168172460e-02 1.00000000000000e+05 
7.74964477769117e-02 1.00000000000000e+05 
7.77901794935055e-02 1.00000000000000e+05 
7.80841153896022e-02 1.00000000000000e+05 
7.83778407541560e-02 1.00000000000000e+05 
7.86717542327041e-02 1.00000000000000e+05 
7.89654271742603e-02 1.00000000000000e+05 
7.92592870270190e-02 1.00000000000000e+05 
7.95529119692816e-02 1.00000000000000e+05 
7.98467287888828e-02 1.00000000000000e+05 
8.01403097846792e-02 1.00000000000000e+05 
8.04340733059387e-02 1.00000000000000e+05 
8.07275887173492e-02 1.00000000000000e+05 
8.10212792670705e-02 1.00000000000000e+05 
8.13147158697799e-02 1.00000000000000e+05 
8.16083341134805e-02 1.00000000000000e+05 
8.19017019849038e-02 1.00000000000000e+05 
8.21952507925378e-02 1.00000000000000e+05 
8.24885490977634e-02 1.00000000000000e+05 
8.27820152078683e-02 1.00000000000000e+05 
8.30752380702892e-02 1.00000000000000e+05 
8.33686304668003e-02 1.00000000000000e+05 
8.36617927937529e-02 1.00000000000000e+05 
8.39551218894786e-02 1.00000000000000e+05 
8.42482234020392e-02 1.00000000000000e+05 
8.45414751165766e-02 1.00000000000000e+05 
8.48344399484841e-02 1.00000000000000e+05 
8.51268577840033e-02 1.00000000000000e+05 
8.54187894470044e-02 1.00000000000000e+05 
8.57094165441631e-02 1.00000000000000e+05 
8.59994082036409e-02 1.00000000000000e+05 
8.62877802170779e-02 1.00000000000000e+05 
8.65754800849566e-02 1.00000000000000e+05 
8.68614620953191e-02 1.00000000000000e+05 
8.71467774919790e-02 1.00000000000000e+05 
8.74304328518276e-02 1.00000000000000e+05 
8.77135051779723e-02 1.00000000000000e+05 
8.79950419507626e-02 1.00000000000000e+05 
8.82758185012259e-02 1.00000000000000e+05 
8.85553686338448e-02 1.00000000000000e+05 
8.88340709042578e-02 1.00000000000000e+05 
8.91117399573603e-02 1.00000000000000e+05 
8.93887465978463e-02 1.00000000000000e+05 
8.96649280082941e-02 1.00000000000000e+05 
8.99406075227890e-02 1.00000000000000e+05 
9.02156470747706e-02 1.00000000000000e+05 
9.04902545483223e-02 1.00000000000000e+05 
9.07642604984343e-02 1.00000000000000e+05 
9.10379306122088e-02 1.00000000000000e+05 
9.13110377630620e-02 1.00000000000000e+05 
9.15840103460256e-02 1.00000000000000e+05 
9.18564187538008e-02 1.00000000000000e+05 
9.21286844829167e-02 1.00000000000000e+05 
9.24003092303001e-02 1.00000000000000e+05 
9.26716964890254e-02 1.00000000000000e+05 
9.29424964634849e-02 1.00000000000000e+05 
9.32129706937686e-02 1.00000000000000e+05 
9.34829189031144e-02 1.00000000000000e+05 
9.37526273614279e-02 1.00000000000000e+05 
9.40218086637532e-02 1.00000000000000e+05 
9.42908569604553e-02 1.00000000000000e+05 
9.45594446503610e-02 1.00000000000000e+05 
9.48279680361839e-02 1.00000000000000e+05 
9.50961001324336e-02 1.00000000000000e+05 
9.53641795820833e-02 1.00000000000000e+05 
9.56319441768528e-02 1.00000000000000e+05 
9.58996988332214e-02 1.00000000000000e+05 
9.61672482313509e-02 1.00000000000000e+05 
9.64348521903267e-02 1.00000000000000e+05 
9.67023615786476e-02 1.00000000000000e+05 
9.69699805566488e-02 1.00000000000000e+05 
9.72376083534252e-02 1.00000000000000e+05 
9.75052675758468e-02 1.00000000000000e+05 
9.77730859562928e-02 1.00000000000000e+05 
9.80410546266640e-02 1.00000000000000e+05 
9.83088833029288e-02 1.00000000000000e+05 
9.85769383205291e-02 1.00000000000000e+05 
9.88448777907488e-02 1.00000000000000e+05 
9.91130992677189e-02 1.00000000000000e+05 
9.93811797003922e-02 1.00000000000000e+05 
9.96495353641603e-02 1.00000000000000e+05 
9.99177827802514e-02 1.00000000000000e+05 
1.00186333814981e-01 1.00000000000000e+05 
1.00454840008763e-01 1.00000000000000e+05 
1.00723677290477e-01 1.00000000000000e+05 
1.00992547410152e-01 1.00000000000000e+05 
1.01261773230746e-01 1.00000000000000e+05 
1.01531132377650e-01 1.00000000000000e+05 
1.01800860934019e-01 1.00000000000000e+05 
1.02070828443431e-01 1.00000000000000e+05 
1.02341165663406e-01 1.00000000000000e+05 
1.02611832125197e-01 1.00000000000000e+05 
1.02882852144169e-01 1.00000000000000e+05 
1.03154164902568e-01 1.00000000000000e+05 
1.03425838891204e-01 1.00000000000000e+05 
1.03697719436899e-01 1.00000000000000e+05 
1.03970103610078e-01 1.00000000000000e+05 
1.04242574043244e-01 1.00000000000000e+05 
1.04515507726398e-01 1.00000000000000e+05 
1.04788474501739e-01 1.00000000000000e+05 
1.05061868872884e-01 1.00000000000000e+05 
1.05335316422831e-01 1.00000000000000e+05 
1.05609225589173e-01 1.00000000000000e+05 
1.05883231388951e-01 1.00000000000000e+05 
1.06157704914460e-01 1.00000000000000e+05 
1.06432303949347e-01 1.00000000000000e+05 
1.06707347049844e-01 1.00000000000000e+05 
1.06982559186177e-01 1.00000000000000e+05 
1.07258090651515e-01 1.00000000000000e+05 
1.07533794772965e-01 1.00000000000000e+05 
1.07809844506438e-01 1.00000000000000e+05 
1.08086054076533e-01 1.00000000000000e+05 
1.08362257493304e-01 1.00000000000000e+05 
1.08638950187960e-01 1.00000000000000e+05 
1.08915895809858e-01 1.00000000000000e+05 
1.09193025058035e-01 1.00000000000000e+05 
1.09470380499156e-01 1.00000000000000e+05 
1.09747815297634e-01 1.00000000000000e+05 
1.10025473174794e-01 1.00000000000000e+05 
1.10303210420155e-01 1.00000000000000e+05 
1.10581159743830e-01 1.00000000000000e+05 
1.10859147610214e-01 1.00000000000000e+05 
1.11137279910742e-01 1.00000000000000e+05 
1.11415327587973e-01 1.00000000000000e+05 
1.11693369400880e-01 1.00000000000000e+05 
1.11971069378522e-01 1.00000000000000e+05 
1.12248074950111e-01 1.00000000000000e+05 
1.12523708947955e-01 1.00000000000000e+05 
1.12797732289226e-01 1.00000000000000e+05 
1.13070389463230e-01 1.00000000000000e+05 
1.13342044533538e-01 1.00000000000000e+05 
1.13612880937751e-01 1.00000000000000e+05 
1.13883416676455e-01 1.00000000000000e+05 
1.14153839443387e-01 1.00000000000000e+05 
1.14423462168810e-01 1.00000000000000e+05 
1.14692295408958e-01 1.00000000000000e+05 
1.14960643058657e-01 1.00000000000000e+05 
1.15228464799179e-01 1.00000000000000e+05 
1.15495784801307e-01 1.00000000000000e+05 
1.15762972458250e-01 1.00000000000000e+05 
1.16030014102743e-01 1.00000000000000e+05 
1.16296912130103e-01 1.00000000000000e+05 
1.16563908459777e-01 1.00000000000000e+05 
1.16830867092136e-01 1.00000000000000e+05 
1.17098077398281e-01 1.00000000000000e+05 
1.17365303788130e-01 1.00000000000000e+05 
1.17632817095100e-01 1.00000000000000e+05 
1.17900377816820e-01 1.00000000000000e+05 
1.18168226827632e-01 1.00000000000000e+05 
1.18436180821200e-01 1.00000000000000e+05 
1.18704444512937e-01 1.00000000000000e+05 
1.18972717015301e-01 1.00000000000000e+05 
1.19241329881928e-01 1.00000000000000e+05 
1.19510026125158e-01 1.00000000000000e+05 
1.19778717828954e-01 1.00000000000000e+05 
1.20047916364552e-01 1.00000000000000e+05 
1.20317465458824e-01 1.00000000000000e+05 
1.20587151423713e-01 1.00000000000000e+05 
1.20857318867991e-01 1.00000000000000e+05 
1.21127644153756e-01 1.00000000000000e+05 
1.21398572180693e-01 1.00000000000000e+05 
1.21669657833590e-01 1.00000000000000e+05 
1.21941321342141e-01 1.00000000000000e+05 
1.22213128909862e-01 1.00000000000000e+05 
1.22485482410964e-01 1.00000000000000e+05 
1.22758009385314e-01 1.00000000000000e+05 
1.23031081271790e-01 1.00000000000000e+05 
1.23304350699389e-01 1.00000000000000e+05 
1.23578161674577e-01 1.00000000000000e+05 
1.23852190038030e-01 1.00000000000000e+05 
1.24126736289641e-01 1.00000000000000e+05 
1.24401519460149e-01 1.00000000000000e+05 
1.24676523200911e-01 1.00000000000000e+05 
1.24952023074845e-01 1.00000000000000e+05 
1.25227928640600e-01 1.00000000000000e+05 
1.25504072241671e-01 1.00000000000000e+05 
1.25780327629871e-01 1.00000000000000e+05 
1.26056411258283e-01 1.00000000000000e+05 
1.26332189662943e-01 1.00000000000000e+05 
1.26607552201471e-01 1.00000000000000e+05 
1.26882658114812e-01 1.00000000000000e+05 
1.27157737064797e-01 1.00000000000000e+05 
1.27432853392652e-01 1.00000000000000e+05 
1.27707928135625e-01 1.00000000000000e+05 
1.27983191445055e-01 1.00000000000000e+05 
1.28258326819727e-01 1.00000000000000e+05 
1.28533640541541e-01 1.00000000000000e+05 
1.28809063788536e-01 1.00000000000000e+05 
1.29084877962223e-01 1.00000000000000e+05 
1.29360996004887e-01 1.00000000000000e+05 
1.29637436585454e-01 1.00000000000000e+05 
1.29914150360175e-01 1.00000000000000e+05 
1.30191250890818e-01 1.00000000000000e+05 
1.30468759521342e-01 1.00000000000000e+05 
1.30746756373253e-01 1.00000000000000e+05 
1.31025226250807e-01 1.00000000000000e+05 
1.31304270587404e-01 1.00000000000000e+05 
1.31583811942877e-01 1.00000000000000e+05 
1.31863973144058e-01 1.00000000000000e+05 
1.32144580097131e-01 1.00000000000000e+05 
1.32424442487060e-01 1.00000000000000e+05 
1.32703271711585e-01 1.00000000000000e+05 
1.32981519865927e-01 1.00000000000000e+05 
1.33258829254059e-01 1.00000000000000e+05 
1.33535513950072e-01 1.00000000000000e+05 
1.33811218439843e-01 1.00000000000000e+05 
1.34086535820405e-01 1.00000000000000e+05 
1.34361093460090e-01 1.00000000000000e+05 
1.34635406370157e-01 1.00000000000000e+05 
1.34908937842011e-01 1.00000000000000e+05 
1.35181883837583e-01 1.00000000000000e+05 
1.35454295298435e-01 1.00000000000000e+05 
1.35726163055094e-01 1.00000000000000e+05 
1.35997551773831e-01 1.00000000000000e+05 
1.36268357801589e-01 1.00000000000000e+05 
1.36538714482856e-01 1.00000000000000e+05 
1.36808657316467e-01 1.00000000000000e+05 
1.37078253694474e-01 1.00000000000000e+05 
1.37347640361424e-01 1.00000000000000e+05 
1.37616795820273e-01 1.00000000000000e+05 
1.37885942159723e-01 1.00000000000000e+05 
1.38154962769179e-01 1.00000000000000e+05 
1.38423911002526e-01 1.00000000000000e+05 
1.38692962911081e-01 1.00000000000000e+05 
1.38961951534424e-01 1.00000000000000e+05 
1.39231082635221e-01 1.00000000000000e+05 
1.39500292232652e-01 1.00000000000000e+05 
1.39769701611213e-01 1.00000000000000e+05 
1.40039078218855e-01 1.00000000000000e+05 
1.40308810866732e-01 1.00000000000000e+05 
1.40578622630527e-01 1.00000000000000e+05 
1.40848900584744e-01 1.00000000000000e+05 
1.41119361540669e-01 1.00000000000000e+05 
1.41390377421615e-01 1.00000000000000e+05 
1.41661686796415e-01 1.00000000000000e+05 
1.41933629963757e-01 1.00000000000000e+05 
1.42205959665718e-01 1.00000000000000e+05 
1.42478978635129e-01 1.00000000000000e+05 
1.42752460159611e-01 1.00000000000000e+05 
1.43026639819045e-01 1.00000000000000e+05 
1.43301336803906e-01 1.00000000000000e+05 
1.43576755737693e-01 1.00000000000000e+05 
1.43852735773762e-01 1.00000000000000e+05 
1.44129512052105e-01 1.00000000000000e+05 
1.44406726778668e-01 1.00000000000000e+05 
1.44684296858265e-01 1.00000000000000e+05 
1.44962028067281e-01 1.00000000000000e+05 
1.45239921262349e-01 1.00000000000000e+05 
1.45518018728630e-01 1.00000000000000e+05 
1.45796341637257e-01 1.00000000000000e+05 
1.46074910586394e-01 1.00000000000000e+05 
1.46353758537895e-01 1.00000000000000e+05 
1.46632888378976e-01 1.00000000000000e+05 
1.46912357118621e-01 1.00000000000000e+05 
1.47192813244826e-01 1.00000000000000e+05 
1.47473566979242e-01 1.00000000000000e+05 
1.47754681296475e-01 1.00000000000000e+05 
1.48036166647530e-01 9.99999999999999e+04 
1.48317997054868e-01 9.99999999999999e+04 
1.48600297102850e-01 1.00000000002744e+05 
1.48882882438713e-01 1.00000000005238e+05 
1.49165969406293e-01 1.00000000094225e+05 
1.49449333371032e-01 1.00000000168701e+05 
1.49733202973966e-01 1.00000000562690e+05 
1.50017361698929e-01 1.00000000931522e+05 
1.50302022108560e-01 1.00000002274164e+05 
1.50586978324652e-01 1.00000003649772e+05 
1.50872419581040e-01 1.00000007441600e+05 
1.51158160926781e-01 1.00000011456113e+05 
1.51444362308280e-01 1.00000020712376e+05 
1.51730873888289e-01 1.00000030625913e+05 
1.52017826073429e-01 1.00000044226362e+05 
1.52305091421978e-01 1.00000061241984e+05 
1.52592786358060e-01 1.00000082001858e+05 
1.52880801870943e-01 1.00000113169401e+05 
1.53169897110922e-01 1.00000154708681e+05 
1.53459545542981e-01 1.00000217075039e+05 
1.53749626270315e-01 1.00000301414569e+05 
1.54040286773021e-01 1.00000423561260e+05 
1.54331401173015e-01 1.00000586256573e+05 
1.54623155031835e-01 1.00000813756672e+05 
1.54915405035204e-01 1.00001110345224e+05 
1.55208358696468e-01 1.00001514037958e+05 
1.55501654777456e-01 1.00001483622395e+05 
1.55795558193247e-01 1.00001432635880e+05 
1.56089780706266e-01 1.00001277029552e+05 
1.56384582561300e-01 1.00001136455330e+05 
1.56679708506970e-01 1.00001098236877e+05 
1.56975408219608e-01 1.00001204011154e+05 
1.57271454622103e-01 1.00001418051942e+05 
1.57568092943149e-01 1.00001944278189e+05 
1.57865075972149e-01 1.00002629241123e+05 
1.58162689910163e-01 1.00003822581309e+05 
1.58460644560992e-01 1.00005651108706e+05 
1.58759079609200e-01 1.00008175470787e+05 
1.59057906294139e-01 1.00011484844310e+05 
1.59356875375350e-01 1.00015624319665e+05 
1.59656255943543e-01 1.00020772312019e+05 
1.59955814544214e-01 1.00027044459512e+05 
1.60255833216926e-01 1.00034711550146e+05 
1.60556007389659e-01 1.00044013515596e+05 
1.60856625751884e-01 1.00055321292973e+05 
1.61157386137906e-01 1.00069000276135e+05 
1.61458585658713e-01 1.00085542778285e+05 
1.61759950037522e-01 1.00105432920845e+05 
1.62061769247623e-01 1.00129307438739e+05 
1.62363771920709e-01 1.00157770068541e+05 
1.62666235647129e-01 1.00191592871950e+05 
1.62968894817934e-01 1.00231491443890e+05 
1.63271980759842e-01 1.00278362840577e+05 
1.63575104557934e-01 1.00333023438826e+05 
1.63878117601858e-01 1.00396390618802e+05 
1.64181079675421e-01 1.00469452198560e+05 
1.64483995969255e-01 1.00553208879030e+05 
1.64786789604283e-01 1.00648670238800e+05 
1.65089528118283e-01 1.00756800103925e+05 
1.65392143253478e-01 1.00878503334034e+05 
1.65694695379383e-01 1.01014500162839e+05 
1.65997125523144e-01 1.01165346068049e+05 
1.66299485907033e-01 1.01331256329141e+05 
1.66601728358099e-01 1.01512154778911e+05 
1.66903893400168e-01 1.01707488931057e+05 
1.67205942719641e-01 1.01916287232891e+05 
1.67507905010959e-01 1.02137122296089e+05 
1.67809753469293e-01 1.02367941433801e+05 
1.68111507475327e-01 1.02606378301310e+05 
1.68413154824707e-01 1.02849579345228e+05 
1.68714706670281e-01 1.03094512276478e+05 
1.69016165476906e-01 1.03337865767795e+05 
1.69317537473064e-01 1.03576424904742e+05 
1.69618817510074e-01 1.03807428319255e+05 
1.69920009293932e-01 1.04028049601632e+05 
1.70221109894256e-01 1.04237588216830e+05 
1.70522116522318e-01 1.04436781790309e+05 
1.70823032833019e-01 1.04622671337560e+05 
1.71123860533227e-01 1.04801726394696e+05 
1.71424598114712e-01 1.04970403699085e+05 
1.71725156138446e-01 1.05128502179794e+05 
1.72025707023218e-01 1.05267512853055e+05 
1.72326068942309e-01 1.05387119431229e+05 
1.72626434461471e-01 1.05535800103480e+05 
1.72926610002278e-01 1.05735899033306e+05 
1.73226800473067e-01 1.06003141219014e+05 
1.73526808918695e-01 1.06349909644908e+05 
1.73826846606537e-01 1.06764038496187e+05 
1.74126712428306e-01 1.07245599667046e+05 
1.74426611662799e-01 1.07790354852450e+05 
1.74726346020421e-01 1.08389813006500e+05 
1.75026106860661e-01 1.09034490127854e+05 
1.75325724919340e-01 1.09711508875658e+05 
1.75625252874417e-01 1.10408493277586e+05 
1.75924725238670e-01 1.11111426253784e+05 
1.76224025780036e-01 1.11803648438870e+05 
1.76523258850019e-01 1.12470693859726e+05 
1.76822333337639e-01 1.13100173277196e+05 
1.77121329561039e-01 1.13676723585048e+05 
1.77420177597197e-01 1.14191061512065e+05 
1.77718939559514e-01 1.14641656903050e+05 
1.78017564558707e-01 1.15015129261712e+05 
1.78316099044331e-01 1.15319606866574e+05 
1.78614504381327e-01 1.15552190800575e+05 
1.78912797287138e-01 1.15687296029435e+05 
1.79210983054549e-01 1.15757687092823e+05 
1.79509019484842e-01 1.15762189268158e+05 
1.79806993201846e-01 1.15730126190715e+05 
1.80104837909744e-01 1.15694497327894e+05 
1.80402615232537e-01 1.15656386511763e+05 
1.80700270246542e-01 1.15617351028823e+05 
1.80997875284646e-01 1.15576252473418e+05 
1.81295365426040e-01 1.15533612713665e+05 
1.81592829351938e-01 1.15489649195733e+05 
1.81890169995916e-01 1.15444267659432e+05 
1.82187508452490e-01 1.15397605238401e+05 
1.82484710072804e-01 1.15349438937314e+05 
1.82781928061705e-01 1.15299826492211e+05 
1.83078995294883e-01 1.15248908151988e+05 
1.83376077071610e-01 1.15196765991861e+05 
1.83673009787107e-01 1.15143122100933e+05 
1.83969947586025e-01 1.15088461880442e+05 
1.84266742249504e-01 1.15032714005967e+05 
1.84563434838589e-01 1.14974952023748e+05 
1.84860015921099e-01 1.14915486706132e+05 
1.85156518389105e-01 1.14853755845915e+05 
1.85453068169488e-01 1.14789490097510e+05 
1.85749661303891e-01 1.14723276888675e+05 
1.86046027027459e-01 1.14654903685707e+05 
1.86342409567373e-01 1.14584487940035e+05 
1.86638581687898e-01 1.14512225889233e+05 
1.86934765111490e-01 1.14438257254010e+05 
1.87230756489803e-01 1.14362988182036e+05 
1.87526779207950e-01 1.14286648415082e+05 
1.87822622222758e-01 1.14209717740683e+05 
1.88118489995941e-01 1.14132753277464e+05 
1.88414185293384e-01 1.14055990070235e+05 
1.88709906639714e-01 1.13980199882515e+05 
1.89005499566434e-01 1.13906097061862e+05 
1.89301098734224e-01 1.13832729540775e+05 
1.89596601289628e-01 1.13762155518958e+05 
1.89892106655090e-01 1.13693877936548e+05 
1.90187539919772e-01 1.13627598526419e+05 
1.90482944540645e-01 1.13563357825312e+05 
1.90778316870456e-01 1.13499689482847e+05 
1.91073634642167e-01 1.13439260292479e+05 
1.91369095497630e-01 1.13384007787448e+05 
1.91664604607199e-01 1.13335966035049e+05 
1.91960963841488e-01 1.13296740113151e+05 
1.92257454660230e-01 1.13266493985388e+05 
1.92554085961313e-01 1.13243893252705e+05 
1.92850883275904e-01 1.13229086129978e+05 
1.93147838975176e-01 1.13221369156482e+05 
1.93444943525538e-01 1.13220428895532e+05 
1.93742132308561e-01 1.13225736169026e+05 
1.94039508377897e-01 1.13236535947502e+05 
1.94336984161190e-01 1.13252434261485e+05 
1.94634636202823e-01 1.13272454907133e+05 
1.94932399219056e-01 1.13295981578468e+05 
1.95230249285375e-01 1.13322112926661e+05 
1.95528171602665e-01 1.13349877282916e+05 
1.95826162718540e-01 1.13378288093799e+05 
1.96124177924716e-01 1.13406282987917e+05 
1.96422251576063e-01 1.13432882013005e+05 
1.96720303412706e-01 1.13457167312298e+05 
1.97018395381535e-01 1.13478242041520e+05 
1.97316416936126e-01 1.13495605099219e+05 
1.97614450791907e-01 1.13508326032648e+05 
1.97912364907030e-01 1.13515638102263e+05 
1.98210273540700e-01 1.13517961849191e+05 
1.98508031231126e-01 1.13513663805012e+05 
1.98805777881984e-01 1.13502315596472e+05 
1.99103367356514e-01 1.13487241859836e+05 
1.99400953634786e-01 1.13462478826297e+05 
1.99698410243036e-01 1.13430272987057e+05 
1.99995873463574e-01 1.13391640381374e+05 
2.00293270371195e-01 1.13346154440929e+05 
