# Liste des scalaires : TEMPS pmat 
0.00000000000000e+00 1.00000000000000e+05 
7.22956891292051e-05 1.00000000000000e+05 
1.39473830159785e-04 1.00000000000000e+05 
2.09658797050083e-04 1.00000000000000e+05 
2.76117114236748e-04 1.00000000000000e+05 
3.20638761908149e-04 1.00000000000000e+05 
3.55139419127701e-04 1.00000000000000e+05 
3.84466703006982e-04 1.00000000000000e+05 
4.10882456555386e-04 1.00000000000000e+05 
4.35440253196365e-04 1.00000000000000e+05 
4.62453829501442e-04 1.00000000000000e+05 
4.92168763437026e-04 1.00000000000000e+05 
5.24855190766169e-04 1.00000000000000e+05 
5.60810260828226e-04 1.00000000000000e+05 
6.00360837896489e-04 1.00000000000000e+05 
6.43866472671578e-04 1.00000000000000e+05 
6.91722670924175e-04 1.00000000000000e+05 
7.44364489002033e-04 1.00000000000000e+05 
8.02270488887677e-04 1.00000000000000e+05 
8.65967088761884e-04 1.00000000000000e+05 
9.36033348623513e-04 1.00000000000000e+05 
1.01310623447130e-03 1.00000000000000e+05 
1.09788640890387e-03 1.00000000000000e+05 
1.19114460077970e-03 1.00000000000000e+05 
1.28874595968001e-03 1.00000000000000e+05 
1.39427742078096e-03 1.00000000000000e+05 
1.50221628787633e-03 1.00000000000000e+05 
1.61553425737492e-03 1.00000000000000e+05 
1.73457348070845e-03 1.00000000000000e+05 
1.85733677968637e-03 1.00000000000000e+05 
1.98616223838898e-03 1.00000000000000e+05 
2.11872938704656e-03 1.00000000000000e+05 
2.25541689819693e-03 1.00000000000000e+05 
2.39772133018707e-03 1.00000000000000e+05 
2.54485627309127e-03 1.00000000000000e+05 
2.69657390129236e-03 1.00000000000000e+05 
2.85238267869209e-03 1.00000000000000e+05 
3.01245336052074e-03 1.00000000000000e+05 
3.17812497446133e-03 1.00000000000000e+05 
3.34903914085965e-03 1.00000000000000e+05 
3.52550659026331e-03 1.00000000000000e+05 
3.70726992321401e-03 1.00000000000000e+05 
3.89587589613610e-03 1.00000000000000e+05 
4.08975108537202e-03 1.00000000000000e+05 
4.28959471140243e-03 1.00000000000000e+05 
4.49516060408448e-03 1.00000000000000e+05 
4.70839016598789e-03 1.00000000000000e+05 
4.92856382961039e-03 1.00000000000000e+05 
5.15483884145809e-03 1.00000000000000e+05 
5.38810296190564e-03 1.00000000000000e+05 
5.62716630832549e-03 1.00000000000000e+05 
5.87020911792126e-03 1.00000000000000e+05 
6.12048301668763e-03 1.00000000000000e+05 
6.37286594506348e-03 1.00000000000000e+05 
6.63255281660288e-03 1.00000000000000e+05 
6.89402258475673e-03 1.00000000000000e+05 
7.16407888327090e-03 1.00000000000000e+05 
7.43688359574298e-03 1.00000000000000e+05 
7.71399396444635e-03 1.00000000000000e+05 
7.99382024823501e-03 1.00000000000000e+05 
8.27676476722897e-03 1.00000000000000e+05 
8.55486963386601e-03 1.00000000000000e+05 
8.82693129547766e-03 1.00000000000000e+05 
9.09434992258242e-03 1.00000000000000e+05 
9.35798204986592e-03 1.00000000000000e+05 
9.61828190542020e-03 1.00000000000000e+05 
9.87458790234850e-03 1.00000000000000e+05 
1.01275999953488e-02 1.00000000000000e+05 
1.03780906819518e-02 1.00000000000000e+05 
1.06260594935736e-02 1.00000000000000e+05 
1.08549555553752e-02 1.00000000000000e+05 
1.10600486680686e-02 1.00000000000000e+05 
1.12527948523274e-02 1.00000000000000e+05 
1.14376554258330e-02 1.00000000000000e+05 
1.16160612507530e-02 1.00000000000000e+05 
1.17894063979969e-02 1.00000000000000e+05 
1.19585737899828e-02 1.00000000000000e+05 
1.21239481481254e-02 1.00000000000000e+05 
1.22866263127850e-02 1.00000000000000e+05 
1.24468089537602e-02 1.00000000000000e+05 
1.26055542543789e-02 1.00000000000000e+05 
1.27631470205880e-02 1.00000000000000e+05 
1.29206084730727e-02 1.00000000000000e+05 
1.30781236634930e-02 1.00000000000000e+05 
1.32361994251668e-02 1.00000000000000e+05 
1.33950719536492e-02 1.00000000000000e+05 
1.35550962746378e-02 1.00000000000000e+05 
1.37170965435615e-02 1.00000000000000e+05 
1.38810982417707e-02 1.00000000000000e+05 
1.40478745420525e-02 1.00000000000000e+05 
1.42173487034700e-02 1.00000000000000e+05 
1.43901228978221e-02 1.00000000000000e+05 
1.45659907642234e-02 1.00000000000000e+05 
1.47453964003633e-02 1.00000000000000e+05 
1.49279912270254e-02 1.00000000000000e+05 
1.51140852418528e-02 1.00000000000000e+05 
1.53031952558756e-02 1.00000000000000e+05 
1.54955102084228e-02 1.00000000000000e+05 
1.56904870377688e-02 1.00000000000000e+05 
1.58880143471507e-02 1.00000000000000e+05 
1.60879204033021e-02 1.00000000000000e+05 
1.62896864213809e-02 1.00000000000000e+05 
1.64933789786540e-02 1.00000000000000e+05 
1.66983399131138e-02 1.00000000000000e+05 
1.69047266649394e-02 1.00000000000000e+05 
1.71118877103472e-02 1.00000000000000e+05 
1.73200486655068e-02 1.00000000000000e+05 
1.75285944990548e-02 1.00000000000000e+05 
1.77378353670739e-02 1.00000000000000e+05 
1.79472030919194e-02 1.00000000000000e+05 
1.81570726938227e-02 1.00000000000000e+05 
1.83669122074422e-02 1.00000000000000e+05 
1.85771377073175e-02 1.00000000000000e+05 
1.87872560328037e-02 1.00000000000000e+05 
1.89976953686028e-02 1.00000000000000e+05 
1.92079924872401e-02 1.00000000000000e+05 
1.94185787197396e-02 1.00000000000000e+05 
1.96290165370129e-02 1.00000000000000e+05 
1.98397351970630e-02 1.00000000000000e+05 
2.00503181252060e-02 1.00000000000000e+05 
2.02611838536809e-02 1.00000000000000e+05 
2.04719309991160e-02 1.00000000000000e+05 
2.06829586778273e-02 1.00000000000000e+05 
2.08938818331579e-02 1.00000000000000e+05 
2.11050799901627e-02 1.00000000000000e+05 
2.13161923066801e-02 1.00000000000000e+05 
2.15275768968636e-02 1.00000000000000e+05 
2.17388918320679e-02 1.00000000000000e+05 
2.19504658747376e-02 1.00000000000000e+05 
2.21619641428772e-02 1.00000000000000e+05 
2.23736819651946e-02 1.00000000000000e+05 
2.25852879227688e-02 1.00000000000000e+05 
2.27970517358363e-02 1.00000000000000e+05 
2.30086546564677e-02 1.00000000000000e+05 
2.32203570940128e-02 1.00000000000000e+05 
2.34318667328785e-02 1.00000000000000e+05 
2.36434489481494e-02 1.00000000000000e+05 
2.38548442289017e-02 1.00000000000000e+05 
2.40663242422626e-02 1.00000000000000e+05 
2.42776493344101e-02 1.00000000000000e+05 
2.44890877326771e-02 1.00000000000000e+05 
2.47004174802543e-02 1.00000000000000e+05 
2.49119013337472e-02 1.00000000000000e+05 
2.51233369757148e-02 1.00000000000000e+05 
2.53349821016630e-02 1.00000000000000e+05 
2.55466514924772e-02 1.00000000000000e+05 
2.57585989138688e-02 1.00000000000000e+05 
2.59706534721410e-02 1.00000000000000e+05 
2.61830650793994e-02 1.00000000000000e+05 
2.63956734081329e-02 1.00000000000000e+05 
2.66087198523496e-02 1.00000000000000e+05 
2.68220512625841e-02 1.00000000000000e+05 
2.70358942734636e-02 1.00000000000000e+05 
2.72501009975193e-02 1.00000000000000e+05 
2.74648797286002e-02 1.00000000000000e+05 
2.76800877504202e-02 1.00000000000000e+05 
2.78959152549078e-02 1.00000000000000e+05 
2.81122245283789e-02 1.00000000000000e+05 
2.83291888571591e-02 1.00000000000000e+05 
2.85466738198173e-02 1.00000000000000e+05 
2.87648358315924e-02 1.00000000000000e+05 
2.89835409365009e-02 1.00000000000000e+05 
2.92029287659728e-02 1.00000000000000e+05 
2.94228667835937e-02 1.00000000000000e+05 
2.96434812242138e-02 1.00000000000000e+05 
2.98646423161779e-02 1.00000000000000e+05 
3.00864599804034e-02 1.00000000000000e+05 
3.03088038529200e-02 1.00000000000000e+05 
3.05317652876341e-02 1.00000000000000e+05 
3.07552160199735e-02 1.00000000000000e+05 
3.09792319575831e-02 1.00000000000000e+05 
3.12036915821955e-02 1.00000000000000e+05 
3.14286586006285e-02 1.00000000000000e+05 
3.16540196743788e-02 1.00000000000000e+05 
3.18798274631838e-02 1.00000000000000e+05 
3.21059765400167e-02 1.00000000000000e+05 
3.23325084975629e-02 1.00000000000000e+05 
3.25593265531555e-02 1.00000000000000e+05 
3.27864648860037e-02 1.00000000000000e+05 
3.30138398919633e-02 1.00000000000000e+05 
3.32414829090221e-02 1.00000000000000e+05 
3.34693242548622e-02 1.00000000000000e+05 
3.36973960597337e-02 1.00000000000000e+05 
3.39256418887626e-02 1.00000000000000e+05 
3.41541002141970e-02 1.00000000000000e+05 
3.43827311987733e-02 1.00000000000000e+05 
3.46115814736410e-02 1.00000000000000e+05 
3.48406167666955e-02 1.00000000000000e+05 
3.50698746621232e-02 1.00000000000000e+05 
3.52993205618188e-02 1.00000000000000e+05 
3.55289858558933e-02 1.00000000000000e+05 
3.57588493605355e-02 1.00000000000000e+05 
3.59889450320625e-02 1.00000000000000e+05 
3.62192681370913e-02 1.00000000000000e+05 
3.64498557327986e-02 1.00000000000000e+05 
3.66807119738975e-02 1.00000000000000e+05 
3.69118744470471e-02 1.00000000000000e+05 
3.71433399882735e-02 1.00000000000000e+05 
3.73751450825523e-02 1.00000000000000e+05 
3.76072787823450e-02 1.00000000000000e+05 
3.78397856562359e-02 1.00000000000000e+05 
3.80726541651272e-02 1.00000000000000e+05 
3.83059391577437e-02 1.00000000000000e+05 
3.85396247693517e-02 1.00000000000000e+05 
3.87737636307527e-02 1.00000000000000e+05 
3.90083266792050e-02 1.00000000000000e+05 
3.92433624333821e-02 1.00000000000000e+05 
3.94788317861889e-02 1.00000000000000e+05 
3.97144055703301e-02 1.00000000000000e+05 
3.99501259791711e-02 1.00000000000000e+05 
4.01858992509713e-02 1.00000000000000e+05 
4.04218321449167e-02 1.00000000000000e+05 
4.06578207148074e-02 1.00000000000000e+05 
4.08939805613428e-02 1.00000000000000e+05 
4.11301968241421e-02 1.00000000000000e+05 
4.13665920124299e-02 1.00000000000000e+05 
4.16030401486176e-02 1.00000000000000e+05 
4.18396700381307e-02 1.00000000000000e+05 
4.20763460048163e-02 1.00000000000000e+05 
4.23132039300697e-02 1.00000000000000e+05 
4.25501022664313e-02 1.00000000000000e+05 
4.27871801053996e-02 1.00000000000000e+05 
4.30242933073724e-02 1.00000000000000e+05 
4.32615805726107e-02 1.00000000000000e+05 
4.34988966171453e-02 1.00000000000000e+05 
4.37363802848700e-02 1.00000000000000e+05 
4.39738848137375e-02 1.00000000000000e+05 
4.42115488619538e-02 1.00000000000000e+05 
4.44492247586822e-02 1.00000000000000e+05 
4.46870519470948e-02 1.00000000000000e+05 
4.49248837831162e-02 1.00000000000000e+05 
4.51628611920124e-02 1.00000000000000e+05 
4.54008372947971e-02 1.00000000000000e+05 
4.56389507911055e-02 1.00000000000000e+05 
4.58770568156312e-02 1.00000000000000e+05 
4.61152920647032e-02 1.00000000000000e+05 
4.63535171429589e-02 1.00000000000000e+05 
4.65918541008814e-02 1.00000000000000e+05 
4.68301680795027e-02 1.00000000000000e+05 
4.70685750230730e-02 1.00000000000000e+05 
4.73069585118100e-02 1.00000000000000e+05 
4.75454281805596e-02 1.00000000000000e+05 
4.77838735933616e-02 1.00000000000000e+05 
4.80223912978708e-02 1.00000000000000e+05 
4.82608774476746e-02 1.00000000000000e+05 
4.84994256500291e-02 1.00000000000000e+05 
4.87379444871140e-02 1.00000000000000e+05 
4.89765275506234e-02 1.00000000000000e+05 
4.92150954542471e-02 1.00000000000000e+05 
4.94537391622855e-02 1.00000000000000e+05 
4.96923883773492e-02 1.00000000000000e+05 
4.99311302443322e-02 1.00000000000000e+05 
5.01699017918989e-02 1.00000000000000e+05 
5.04087894351539e-02 1.00000000000000e+05 
5.06477395698452e-02 1.00000000000000e+05 
5.08868339460506e-02 1.00000000000000e+05 
5.11260174666214e-02 1.00000000000000e+05 
5.13653581173935e-02 1.00000000000000e+05 
5.16047982444583e-02 1.00000000000000e+05 
5.18443987463786e-02 1.00000000000000e+05 
5.20841061370114e-02 1.00000000000000e+05 
5.23239740662418e-02 1.00000000000000e+05 
5.25639618805888e-02 1.00000000000000e+05 
5.28041190130428e-02 1.00000000000000e+05 
5.30444243668208e-02 1.00000000000000e+05 
5.32849224236283e-02 1.00000000000000e+05 
5.35256015586087e-02 1.00674924534674e+05 
5.37664945912909e-02 1.02844970630654e+05 
5.40075916769279e-02 1.07185590084023e+05 
5.42489132421828e-02 1.14021207796759e+05 
5.44904480026898e-02 1.23127513841774e+05 
5.47322075635403e-02 1.33537062426242e+05 
5.49741768499190e-02 1.44088936282662e+05 
5.52163650185080e-02 1.53695080292587e+05 
5.54587478682237e-02 1.62519679715532e+05 
5.57013340683651e-02 1.68232686991104e+05 
5.59440903108624e-02 1.72229659412906e+05 
5.61870332865501e-02 1.75126626774348e+05 
5.64301155552955e-02 1.77013056808060e+05 
5.66733689414956e-02 1.79036757914123e+05 
5.69167360145511e-02 1.81448028704633e+05 
5.71602617206164e-02 1.84600642003467e+05 
5.74038827003507e-02 1.88528031257585e+05 
5.76476649058566e-02 1.92777962248940e+05 
5.78915430974252e-02 1.97208434163189e+05 
5.81353088816271e-02 2.01368598034866e+05 
5.83787126321502e-02 2.04586010444250e+05 
5.86217957910377e-02 2.06464761105886e+05 
5.88645743185964e-02 2.07303730881439e+05 
5.91070879672215e-02 2.07419459735605e+05 
5.93493464625355e-02 2.06694820614039e+05 
5.95913796994934e-02 2.05521420822423e+05 
5.98332008239172e-02 2.03874816896602e+05 
6.00748402143553e-02 2.01965097742150e+05 
6.03163183126051e-02 1.99920330545508e+05 
6.05576660390924e-02 1.97731539397826e+05 
6.07989046311444e-02 1.95553385204946e+05 
6.10400646306830e-02 1.93438343918641e+05 
6.12811572957378e-02 1.91394168744693e+05 
6.15222066856419e-02 1.89427961171023e+05 
6.17632078560369e-02 1.87561046520935e+05 
6.20041815096483e-02 1.85768001990087e+05 
6.22451154200183e-02 1.84047292034730e+05 
6.24860335583200e-02 1.82386209152255e+05 
6.27269237020410e-02 1.80776210332800e+05 
6.29678171406574e-02 1.79201923193707e+05 
6.32087062927146e-02 1.77659899004555e+05 
6.34496246932064e-02 1.76137910044858e+05 
6.36905605747037e-02 1.74637853669878e+05 
6.39315394206191e-02 1.73153280468317e+05 
6.41725439772703e-02 1.71687127117387e+05 
6.44135958428187e-02 1.70236618872155e+05 
6.46546809623017e-02 1.68804852652923e+05 
6.48958226547025e-02 1.67391739502296e+05 
6.51370152405150e-02 1.66000177930916e+05 
6.53782823240253e-02 1.64628681929174e+05 
6.56196250274667e-02 1.63279631707483e+05 
6.58610641360686e-02 1.61951317295793e+05 
6.61026054048000e-02 1.60645472599278e+05 
6.63442656446933e-02 1.59360169004263e+05 
6.65860532229951e-02 1.58096772263246e+05 
6.68279812641001e-02 1.56853192229492e+05 
6.70700598407769e-02 1.55630459251581e+05 
6.73122984513349e-02 1.54427012678723e+05 
6.75547087645017e-02 1.53243953766530e+05 
6.77972973011508e-02 1.52080357595883e+05 
6.80400771366517e-02 1.50937279904460e+05 
6.82830513745251e-02 1.49814298348322e+05 
6.85262334877568e-02 1.48714008934058e+05 
6.87696244201042e-02 1.47635311997222e+05 
6.90132353492544e-02 1.46582566902447e+05 
6.92570678269360e-02 1.45547205466020e+05 
6.95011301151970e-02 1.44548378852548e+05 
6.97454275867764e-02 1.43579171066351e+05 
6.99899672370237e-02 1.42641094894626e+05 
7.02347587395421e-02 1.41726164493100e+05 
7.04798070206228e-02 1.40823140820633e+05 
7.07251227484575e-02 1.39933559356267e+05 
7.09707070957926e-02 1.39080788121902e+05 
7.12165697342128e-02 1.38269171313064e+05 
7.14627115194771e-02 1.37512933794141e+05 
7.17091441808367e-02 1.36824140900393e+05 
7.19558701009353e-02 1.36206143457966e+05 
7.22029057276978e-02 1.35643221158662e+05 
7.24502473221355e-02 1.35135560053117e+05 
7.26979118392773e-02 1.34673281730159e+05 
7.29458889344510e-02 1.34254296051656e+05 
7.31941973886225e-02 1.33873871381879e+05 
7.34428265802034e-02 1.33518228556588e+05 
7.36917932166797e-02 1.33178590754576e+05 
7.39410870868404e-02 1.32848422994767e+05 
7.41907268493956e-02 1.32515608717745e+05 
7.44407008733617e-02 1.32173288424722e+05 
7.46910342412096e-02 1.31811448545416e+05 
7.49417098534155e-02 1.31423577798621e+05 
7.51927575123791e-02 1.30999164290089e+05 
7.54441560000503e-02 1.30528501797782e+05 
7.56959377632640e-02 1.30039078157624e+05 
7.59480774884683e-02 1.29481807859760e+05 
7.62003435801718e-02 1.28874552515723e+05 
7.64527353938928e-02 1.28230248449231e+05 
7.67052044143243e-02 1.27539671644419e+05 
7.69578089284143e-02 1.26848453657696e+05 
7.72104955917124e-02 1.26161488365813e+05 
7.74633261685606e-02 1.25478984318677e+05 
7.77162437990414e-02 1.24795428092983e+05 
7.79693128002412e-02 1.24107080276486e+05 
7.82224741916578e-02 1.23418569147099e+05 
7.84757938225881e-02 1.22731370393385e+05 
7.87292114893572e-02 1.22045372293328e+05 
7.89827946749456e-02 1.21361035751227e+05 
7.92364828475300e-02 1.20680161746016e+05 
7.94903452736748e-02 1.20000066642819e+05 
7.97443214725294e-02 1.19321584795194e+05 
7.99984826866905e-02 1.18649647976588e+05 
8.02527682246428e-02 1.17982155053201e+05 
8.05072504999694e-02 1.17317613967535e+05 
8.07618673721443e-02 1.16653111450072e+05 
8.10165271590773e-02 1.15988866716383e+05 
8.12712258680494e-02 1.15324713089702e+05 
8.15259422996640e-02 1.14659824722169e+05 
8.17806956064858e-02 1.13994647421432e+05 
8.20354658617227e-02 1.13330462864846e+05 
8.22902711496762e-02 1.12662089112145e+05 
8.25450956462652e-02 1.11991295265920e+05 
8.27999577337469e-02 1.11316539989682e+05 
8.30548469633475e-02 1.10638196024840e+05 
8.33097820039456e-02 1.09955811842215e+05 
8.35647569115142e-02 1.09270264206206e+05 
8.38197899618036e-02 1.08580624431939e+05 
8.40748792081408e-02 1.07888160116158e+05 
8.43300423475343e-02 1.07192475633864e+05 
8.45852783858312e-02 1.06494862390664e+05 
8.48406007644845e-02 1.05795162123289e+05 
8.50960070346564e-02 1.05094737214897e+05 
8.53515057279982e-02 1.04393591002243e+05 
8.56070949529455e-02 1.03693117304175e+05 
8.58627804276815e-02 1.02993373738373e+05 
8.61185625157014e-02 1.02295712101518e+05 
8.63744445828318e-02 1.01600354972311e+05 
8.66304302854903e-02 1.00908582552636e+05 
8.68865196738009e-02 1.00220865695818e+05 
8.71427197527842e-02 9.95386948762184e+04 
8.73990283558102e-02 9.88628058113729e+04 
8.76554560180132e-02 9.81948607694441e+04 
8.79119993859341e-02 9.75360352743351e+04 
8.81686706000314e-02 9.68882521782538e+04 
8.84254643420180e-02 9.62529105097398e+04 
8.86823953088034e-02 9.56324279816432e+04 
8.89394586261289e-02 9.50298679626353e+04 
8.91966714932136e-02 9.44468349459658e+04 
8.94540320340515e-02 9.38853937795384e+04 
8.97115545729540e-02 9.33520130562954e+04 
8.99692384593740e-02 9.28450350547518e+04 
9.02270936428669e-02 9.23756325516211e+04 
9.04851170625010e-02 9.19477623004691e+04 
9.07433183209526e-02 9.15469848052270e+04 
9.10016909482926e-02 9.11899609953690e+04 
9.12602481788869e-02 9.08860937246484e+04 
9.15189800354817e-02 9.06264017743733e+04 
9.17779046488813e-02 9.04054697580462e+04 
9.20370091301974e-02 9.02262970614969e+04 
9.22963175099406e-02 9.00523144382431e+04 
9.25558140535705e-02 8.98880087089546e+04 
9.28155340208729e-02 8.97356758693553e+04 
9.30754522164369e-02 8.95965299218857e+04 
9.33356174583874e-02 8.94721755376022e+04 
9.35959930293345e-02 8.93588343228192e+04 
9.38566383978982e-02 8.92514129847722e+04 
9.41175091614358e-02 8.91453251916083e+04 
9.43786705795238e-02 8.90448114831747e+04 
9.46400705385332e-02 8.89359037953517e+04 
9.49017822959229e-02 8.88192756077586e+04 
9.51637386322751e-02 8.86948215218957e+04 
9.54260226467374e-02 8.85590245369121e+04 
9.56885623482378e-02 8.84276427378158e+04 
9.59514581142559e-02 8.82967271098639e+04 
9.62146531116621e-02 8.81545143957472e+04 
9.64782584318323e-02 8.79948253053430e+04 
9.67422127923989e-02 8.78068567255526e+04 
9.70066079308460e-02 8.75884680365939e+04 
9.72713387341578e-02 8.73442860158613e+04 
9.75364794909121e-02 8.70807049639865e+04 
9.78018863631819e-02 8.67998161958063e+04 
9.80676364510743e-02 8.65056739165363e+04 
9.83335915754830e-02 8.62099977783666e+04 
9.85998460240627e-02 8.59159058222014e+04 
9.88659759093745e-02 8.56320372716331e+04 
9.91320836584033e-02 8.53383736677095e+04 
9.93980864189982e-02 8.50416202322233e+04 
9.96641102664930e-02 8.47497517915809e+04 
9.99300845375390e-02 8.44666936661089e+04 
1.00196136595754e-01 8.42035836724632e+04 
1.00462192980729e-01 8.39659820089648e+04 
1.00728375533559e-01 8.37570225296021e+04 
1.00994598932208e-01 8.35762928802739e+04 
1.01260978656436e-01 8.34214545277336e+04 
1.01527417951059e-01 8.32910120528050e+04 
1.01794028188703e-01 8.31859049696532e+04 
1.02060706529149e-01 8.31036749644584e+04 
1.02327562447275e-01 8.30456120390664e+04 
1.02594491093131e-01 8.30073843039715e+04 
1.02861601986224e-01 8.29855756979497e+04 
1.03128791324061e-01 8.29768309164583e+04 
1.03396167544030e-01 8.29812473402088e+04 
1.03663629505160e-01 8.29964036034782e+04 
1.03931281516582e-01 8.30186021144100e+04 
1.04199026811914e-01 8.30460528742066e+04 
1.04466964667686e-01 8.30789372116288e+04 
1.04734999759155e-01 8.31148136321738e+04 
1.05003232947874e-01 8.31555217103883e+04 
1.05271569334398e-01 8.32016481885422e+04 
1.05540112238780e-01 8.32599875959389e+04 
1.05808771405494e-01 8.33186596594460e+04 
1.06077654472050e-01 8.34289394406865e+04 
1.06346665279201e-01 8.35707805983150e+04 
1.06615916065404e-01 8.37315126918595e+04 
1.06885299826128e-01 8.39374850252550e+04 
1.07154931077485e-01 8.41528029198966e+04 
1.07424698732354e-01 8.44171845313912e+04 
1.07694725462850e-01 8.47965234651832e+04 
1.07964895856280e-01 8.53233042021918e+04 
1.08235331227185e-01 8.60248344053585e+04 
1.08505913698724e-01 8.68759616620118e+04 
1.08776758686121e-01 8.78799737922374e+04 
1.09047756533503e-01 8.90248436370883e+04 
1.09319022202556e-01 9.02527739168960e+04 
1.09590453590816e-01 9.15093281304065e+04 
1.09862158357852e-01 9.27591781609576e+04 
1.10134046635759e-01 9.39120305604865e+04 
1.10406220426786e-01 9.49039520130921e+04 
1.10678615111168e-01 9.57782467998735e+04 
1.10951330643138e-01 9.63196935067545e+04 
1.11224319286832e-01 9.66170584254209e+04 
1.11497675497289e-01 9.67074301436418e+04 
1.11771340660000e-01 9.67335954450204e+04 
1.12045401356478e-01 9.67330110947706e+04 
1.12319751168911e-01 9.66790861822441e+04 
1.12594469363007e-01 9.65758535275759e+04 
1.12869397416266e-01 9.64095865103829e+04 
1.13144606249401e-01 9.62164525239193e+04 
1.13419916929767e-01 9.59989934209255e+04 
1.13695404791095e-01 9.57624610798683e+04 
1.13970916849243e-01 9.55109914572417e+04 
1.14246451830234e-01 9.52533738036453e+04 
1.14521778530594e-01 9.49981253061984e+04 
1.14797023481507e-01 9.47527160822748e+04 
1.15072085416512e-01 9.45167516335322e+04 
1.15347103755167e-01 9.42934811250964e+04 
1.15622000763275e-01 9.40830255770432e+04 
1.15896914196372e-01 9.38862278577881e+04 
1.16171773370216e-01 9.37016596434834e+04 
1.16446704849322e-01 9.35289285291809e+04 
1.16721633575481e-01 9.33663142385675e+04 
1.16996674494424e-01 9.32122114538205e+04 
1.17271741839536e-01 9.30649160291072e+04 
1.17546941335855e-01 9.29229661760921e+04 
1.17822174925935e-01 9.27847325767583e+04 
1.18097542769057e-01 9.26489918061502e+04 
1.18372944103496e-01 9.25145796276540e+04 
1.18648474771365e-01 9.23807319122190e+04 
1.18924037797231e-01 9.22469717552468e+04 
1.19199723722660e-01 9.21129401989780e+04 
1.19475440379403e-01 9.19785648110085e+04 
1.19751277989702e-01 9.18438370562100e+04 
1.20027150210673e-01 9.17102792698959e+04 
1.20303146844692e-01 9.15775300884148e+04 
1.20579180933830e-01 9.14444273834181e+04 
1.20855340106110e-01 9.13114268051065e+04 
1.21131538929418e-01 9.11814304149801e+04 
1.21407861737304e-01 9.10545313266466e+04 
1.21684224840596e-01 9.09310380986485e+04 
1.21960704850443e-01 9.08111514800696e+04 
1.22237222114279e-01 9.06956362392903e+04 
1.22513855615479e-01 9.05845275813020e+04 
1.22790529147050e-01 9.04783794072007e+04 
1.23067321410894e-01 9.03769496864479e+04 
1.23344147895751e-01 9.02804772163588e+04 
1.23621094705387e-01 9.01884873403112e+04 
1.23898074118963e-01 9.01009946877313e+04 
1.24175180667553e-01 9.00173047218577e+04 
1.24452325505213e-01 8.99372842983107e+04 
1.24729608110807e-01 8.98600917712452e+04 
1.25006936564869e-01 8.97855062850485e+04 
1.25284411021110e-01 8.97126162053329e+04 
1.25561937973790e-01 8.96411755966081e+04 
1.25839615608869e-01 8.95704094748814e+04 
1.26117353815554e-01 8.95000261647385e+04 
1.26395248621510e-01 8.94292165644683e+04 
1.26673209455461e-01 8.93580163805854e+04 
1.26951329602844e-01 8.92858511671600e+04 
1.27229517950571e-01 8.92129627625452e+04 
1.27507869752624e-01 8.91384286182755e+04 
1.27786295732052e-01 8.90630250190944e+04 
1.28064888045365e-01 8.89864051760452e+04 
1.28343560399048e-01 8.89087605303265e+04 
1.28622394937531e-01 8.88302669377920e+04 
1.28901313710247e-01 8.87515335143559e+04 
1.29180380814712e-01 8.86730844528680e+04 
1.29459537244093e-01 8.85953168090398e+04 
1.29738822095846e-01 8.85192268937320e+04 
1.30018207343809e-01 8.84453587918100e+04 
1.30297704884037e-01 8.83746015260241e+04 
1.30577315734168e-01 8.83078106982855e+04 
1.30857038017574e-01 8.82452813323934e+04 
1.31136893979911e-01 8.81882050793818e+04 
1.31416135574266e-01 8.81370255387830e+04 
1.31693682493553e-01 8.80930961033122e+04 
1.31968257810206e-01 8.80567263258945e+04 
1.32239894146104e-01 8.80284417304273e+04 
1.32509040336317e-01 8.80083864662679e+04 
1.32776228558335e-01 8.79968910293535e+04 
1.33041949708952e-01 8.79941555780093e+04 
1.33306667912506e-01 8.80002221646827e+04 
1.33570757165347e-01 8.80151412396200e+04 
1.33834507482508e-01 8.80393859471070e+04 
1.34098152175755e-01 8.80724735081204e+04 
1.34361547434475e-01 8.81145696315427e+04 
1.34624712183075e-01 8.81651047719461e+04 
1.34887719439984e-01 8.82242980385402e+04 
1.35150707694299e-01 8.82913127433247e+04 
1.35413682806267e-01 8.83655445741596e+04 
1.35676746206336e-01 8.84453574374887e+04 
1.35939877560963e-01 8.85305174710284e+04 
1.36203146229739e-01 8.86196880903092e+04 
1.36466539108275e-01 8.87108656749092e+04 
1.36730097403791e-01 8.88043723711763e+04 
1.36993832583168e-01 8.88985042406048e+04 
1.37257766614015e-01 8.89933189852198e+04 
1.37521939514841e-01 8.90875726005008e+04 
1.37786351282427e-01 8.91808409426969e+04 
1.38051062228775e-01 8.92730557849742e+04 
1.38316048427080e-01 8.93632669944262e+04 
1.38581379808189e-01 8.94544338188747e+04 
1.38847011696412e-01 8.95416593663849e+04 
1.39113015566952e-01 8.96294933718631e+04 
1.39379327501577e-01 8.97160506567895e+04 
1.39646031213687e-01 8.98013797222857e+04 
1.39913073138243e-01 8.98861504786697e+04 
1.40180548401720e-01 8.99698725250630e+04 
1.40448415233178e-01 9.00533872357632e+04 
1.40716749747072e-01 9.01350452993355e+04 
1.40985482765341e-01 9.02162938166950e+04 
1.41254676616357e-01 9.02974918033979e+04 
1.41524251183240e-01 9.03775288125526e+04 
1.41794275073631e-01 9.04563108888455e+04 
1.42064678353027e-01 9.05334399426565e+04 
1.42335535053267e-01 9.06086335084068e+04 
1.42606778808454e-01 9.06820380354970e+04 
1.42878471998971e-01 9.07537059572712e+04 
1.43150549328440e-01 9.08238905093093e+04 
1.43423070825910e-01 9.08930090484318e+04 
1.43695971838928e-01 9.09614412043755e+04 
1.43969313113868e-01 9.10290486028203e+04 
1.44243027414417e-01 9.10969635124954e+04 
1.44517175418607e-01 9.11661105311180e+04 
1.44791686332493e-01 9.12350408658248e+04 
1.45066626011532e-01 9.13062466038072e+04 
1.45341912330896e-01 9.13816673830150e+04 
1.45617614681535e-01 9.14602551890251e+04 
1.45893635926756e-01 9.15416425053861e+04 
1.46170044179111e-01 9.16277407939572e+04 
1.46446731106060e-01 9.17123221839162e+04 
1.46723769092842e-01 9.17947912910808e+04 
1.47001044785392e-01 9.18804169342018e+04 
1.47278641037519e-01 9.19704877889290e+04 
1.47556443832170e-01 9.20665710481818e+04 
1.47834544568084e-01 9.21715241632637e+04 
1.48112824945146e-01 9.22839664770677e+04 
1.48391359517358e-01 9.24023742316745e+04 
1.48670051033590e-01 9.25263051019590e+04 
1.48948947050216e-01 9.26548144879572e+04 
1.49227987939735e-01 9.27878130347324e+04 
1.49507230411019e-01 9.29245274096849e+04 
1.49786617480489e-01 9.30638750698102e+04 
1.50066211053214e-01 9.32051231016866e+04 
1.50345957327089e-01 9.33475033739753e+04 
1.50625922413716e-01 9.34904875702563e+04 
1.50906057687038e-01 9.36332792098572e+04 
1.51186434045850e-01 9.37753261350916e+04 
1.51467007149018e-01 9.39158624966160e+04 
1.51747851230067e-01 9.40544260799840e+04 
1.52028924600060e-01 9.41904462081277e+04 
1.52310302425452e-01 9.43235292424104e+04 
1.52591943365950e-01 9.44527299575998e+04 
1.52873922477403e-01 9.45783786642255e+04 
1.53156194493824e-01 9.46994602081241e+04 
1.53438679506358e-01 9.48160247725803e+04 
1.53721323223145e-01 9.49273644660413e+04 
1.54004201508468e-01 9.50337210355139e+04 
1.54287265409257e-01 9.51348430127601e+04 
1.54570582737951e-01 9.52307280224846e+04 
1.54854105252544e-01 9.53216093350916e+04 
1.55137892230988e-01 9.54066673263246e+04 
1.55421897442734e-01 9.54864446481189e+04 
1.55706176279438e-01 9.55609286082869e+04 
1.55990686492524e-01 9.56306107501799e+04 
1.56275479708493e-01 9.56954718661481e+04 
1.56560513565872e-01 9.57556626422431e+04 
1.56845776941312e-01 9.58114167106919e+04 
1.57131298529402e-01 9.58627101621809e+04 
1.57417026402069e-01 9.59100173795614e+04 
1.57703027213408e-01 9.59529203797922e+04 
1.57989242701537e-01 9.59914466300161e+04 
1.58275725047822e-01 9.60276899614364e+04 
1.58562414875674e-01 9.60582138355772e+04 
1.58849363286083e-01 9.60849061392125e+04 
1.59136516077287e-01 9.61070900573085e+04 
1.59423933934022e-01 9.61284792460337e+04 
1.59711564022774e-01 9.61509167498260e+04 
1.59999470365845e-01 9.61736332842285e+04 
1.60287596938836e-01 9.61961056559851e+04 
1.60576000715643e-01 9.62190913232596e+04 
1.60864616183115e-01 9.62426430593792e+04 
1.61153497001473e-01 9.62674508403946e+04 
1.61442575391712e-01 9.62935258568180e+04 
1.61731902450941e-01 9.63200449177896e+04 
1.62021412597748e-01 9.63480319790078e+04 
1.62311155402467e-01 9.63766472464398e+04 
1.62601067342597e-01 9.64070333091375e+04 
1.62891193927694e-01 9.64387555222181e+04 
1.63181407542963e-01 9.64725167941354e+04 
1.63471576776949e-01 9.65082383154952e+04 
1.63761614948934e-01 9.65440711062091e+04 
1.64051597178733e-01 9.65788617217697e+04 
1.64341436552867e-01 9.66133670859401e+04 
1.64631206097551e-01 9.66497747091361e+04 
1.64920816594356e-01 9.66889283884814e+04 
1.65210343214188e-01 9.67314856618135e+04 
1.65499698972740e-01 9.67775331424170e+04 
1.65788957789691e-01 9.68282267414353e+04 
1.66078046887870e-01 9.68820096055773e+04 
1.66367037485701e-01 9.69380888806650e+04 
1.66655870702678e-01 9.69946374590359e+04 
1.66944618293636e-01 9.70522008682845e+04 
1.67233230425021e-01 9.71099054273775e+04 
1.67521793335165e-01 9.71678122519857e+04 
1.67810243786930e-01 9.72394712568930e+04 
1.68098680979893e-01 9.73324814218808e+04 
1.68387035242005e-01 9.74560481784118e+04 
1.68675408647683e-01 9.76154080890939e+04 
1.68963731108900e-01 9.78071350524767e+04 
1.69252107702337e-01 9.80311026794586e+04 
1.69540464662414e-01 9.82864995915654e+04 
1.69828907363424e-01 9.85715773963390e+04 
1.70117348364522e-01 9.88838631981659e+04 
1.70405862010966e-01 9.92200862875352e+04 
1.70694331981557e-01 9.95765326727000e+04 
1.70982900900390e-01 9.99486540813788e+04 
1.71271445142398e-01 1.00331530467311e+05 
1.71560108582209e-01 1.00719592295781e+05 
1.71848761260424e-01 1.01107506850229e+05 
1.72137547862485e-01 1.01490510784119e+05 
1.72426331837547e-01 1.01859751716899e+05 
1.72715258236343e-01 1.02208967648643e+05 
1.73004183295720e-01 1.02536874165536e+05 
1.73293249941558e-01 1.02835408545727e+05 
1.73582309879515e-01 1.03098638502348e+05 
1.73871508084959e-01 1.03327324609852e+05 
1.74160690764758e-01 1.03515291133047e+05 
1.74450006996213e-01 1.03660094693442e+05 
1.74739296020287e-01 1.03763660642941e+05 
1.75028711397912e-01 1.03837089055681e+05 
1.75318087712590e-01 1.03883355714002e+05 
1.75607581162369e-01 1.03914412507518e+05 
1.75897025334099e-01 1.03935658549272e+05 
1.76186576026293e-01 1.03966165098171e+05 
1.76476069901921e-01 1.03997488940869e+05 
1.76765630867178e-01 1.04074318144755e+05 
1.77055140111618e-01 1.04239380107723e+05 
1.77344699128376e-01 1.04555688990599e+05 
1.77634209376023e-01 1.05017883806338e+05 
1.77923761643693e-01 1.05668720646870e+05 
1.78213265434141e-01 1.06501455101398e+05 
1.78502809265611e-01 1.07535634202286e+05 
1.78792307754621e-01 1.08702923513923e+05 
1.79081852374673e-01 1.09977603723988e+05 
1.79371356418803e-01 1.11302413209875e+05 
1.79660914443471e-01 1.12562293405446e+05 
1.79950436626493e-01 1.13672472056862e+05 
1.80240018773169e-01 1.14704656395496e+05 
1.80529568064132e-01 1.15505061686850e+05 
1.80819180863479e-01 1.16077591906597e+05 
1.81108762930205e-01 1.16480287368009e+05 
1.81398411789174e-01 1.16773266389169e+05 
1.81688032644819e-01 1.16892362565941e+05 
1.81977728671200e-01 1.16994068351104e+05 
1.82267368079109e-01 1.17078584162880e+05 
1.82557075657487e-01 1.17150586604060e+05 
1.82846728033739e-01 1.17222949187702e+05 
1.83136438866267e-01 1.17307194469424e+05 
1.83426076165740e-01 1.17412399456410e+05 
1.83715727856808e-01 1.17533684175318e+05 
1.84005296890875e-01 1.17695035612526e+05 
1.84294892505383e-01 1.17878674801109e+05 
1.84584407295294e-01 1.18083860835765e+05 
1.84873954330205e-01 1.18283777813290e+05 
1.85163422825427e-01 1.18488138859045e+05 
1.85452925725193e-01 1.18713929593646e+05 
1.85742353114301e-01 1.18977406273225e+05 
1.86031821955009e-01 1.19266316368050e+05 
1.86321220475559e-01 1.19582445682443e+05 
1.86610667622176e-01 1.19923187468485e+05 
1.86900049094417e-01 1.20286962998951e+05 
1.87189486167552e-01 1.20670590812995e+05 
1.87478864729208e-01 1.21071088612529e+05 
1.87768306527492e-01 1.21483994269042e+05 
1.88057697037915e-01 1.21903501442549e+05 
1.88347158638184e-01 1.22319890297337e+05 
1.88636576338897e-01 1.22729552612894e+05 
1.88926073946540e-01 1.23121958371801e+05 
1.89215534759367e-01 1.23492270786831e+05 
1.89505081675379e-01 1.23826844517525e+05 
1.89794599256589e-01 1.24108566269705e+05 
1.90084208083571e-01 1.24332336531471e+05 
1.90373792955867e-01 1.24521050187794e+05 
1.90663467304646e-01 1.24627793399468e+05 
1.90953106907031e-01 1.24675982483049e+05 
1.91242812695789e-01 1.24667243519560e+05 
1.91532491545530e-01 1.24611628041713e+05 
1.91822241458897e-01 1.24556123995534e+05 
1.92111975739236e-01 1.24485943893901e+05 
1.92401779590706e-01 1.24387449076328e+05 
1.92691579767407e-01 1.24249081172528e+05 
1.92981462552087e-01 1.24063918945309e+05 
1.93271350819408e-01 1.23844567254037e+05 
1.93561346624063e-01 1.23594973723489e+05 
1.93851364113588e-01 1.23319089620549e+05 
1.94141527690707e-01 1.23022482898621e+05 
1.94431738014808e-01 1.22710475108408e+05 
1.94722123912908e-01 1.22388160451334e+05 
1.95012570358143e-01 1.22059182753949e+05 
1.95303172177621e-01 1.21727021233340e+05 
1.95593837547459e-01 1.21394244774858e+05 
1.95884663124540e-01 1.21063216733301e+05 
1.96175558172346e-01 1.20735395644475e+05 
1.96466612677991e-01 1.20411287825113e+05 
1.96757736466306e-01 1.20091597488536e+05 
1.97049012354397e-01 1.19775302135634e+05 
1.97340349996469e-01 1.19461787530089e+05 
1.97631826805150e-01 1.19149622062362e+05 
1.97923352365754e-01 1.18838813653755e+05 
1.98214992749601e-01 1.18526918468512e+05 
1.98506666550539e-01 1.18213189633450e+05 
1.98798439335482e-01 1.17900432284102e+05 
1.99090231127477e-01 1.17581670414270e+05 
1.99382106391706e-01 1.17258148497229e+05 
1.99673981874938e-01 1.16931904309913e+05 
1.99965932008819e-01 1.16600605070352e+05 
2.00257867420849e-01 1.16267635437202e+05 
