# Liste des scalaires : TEMPS pmat 
0.00000000000000e+00 1.00000000000000e+05 
7.22956891292051e-05 1.00000000000000e+05 
1.39473830159791e-04 1.00000000000000e+05 
2.09658797050095e-04 1.00000000000000e+05 
2.76117114236758e-04 1.00000000000000e+05 
3.20638761908158e-04 1.00000000000000e+05 
3.55139419127709e-04 1.00000000000000e+05 
3.84466703006991e-04 1.00000000000000e+05 
4.10882456555395e-04 1.00000000000000e+05 
4.35440253196373e-04 1.00000000000000e+05 
4.62453829501449e-04 1.00000000000000e+05 
4.92168763437033e-04 1.00000000000000e+05 
5.24855190766175e-04 1.00000000000000e+05 
5.60810260828231e-04 1.00000000000000e+05 
6.00360837896493e-04 1.00000000000000e+05 
6.43866472671581e-04 1.00000000000000e+05 
6.91722670924177e-04 1.00000000000000e+05 
7.44364489002034e-04 1.00000000000000e+05 
8.02270488887676e-04 1.00000000000000e+05 
8.65967088761882e-04 1.00000000000000e+05 
9.36033348623509e-04 1.00000000000000e+05 
1.01310623447130e-03 1.00000000000000e+05 
1.09788640890387e-03 1.00000000000000e+05 
1.19114460077969e-03 1.00000000000000e+05 
1.28874595957386e-03 1.00000000000000e+05 
1.39292301033429e-03 1.00000000000000e+05 
1.50082592674783e-03 1.00000000000000e+05 
1.61402159796084e-03 1.00000000000000e+05 
1.72630849223521e-03 1.00000000000000e+05 
1.83629605756307e-03 1.00000000000000e+05 
1.94984793356832e-03 1.00000000000000e+05 
2.05819614285850e-03 1.00000000000000e+05 
2.12140367145755e-03 1.00000000000000e+05 
2.18463119825006e-03 1.00000000000000e+05 
2.24813233650610e-03 1.00000000000000e+05 
2.31202179688994e-03 1.00000000000000e+05 
2.37617119269661e-03 1.00000000000000e+05 
2.44131875807721e-03 1.00000000000000e+05 
2.50676618555701e-03 1.00000000000000e+05 
2.57245279058800e-03 1.00000000000000e+05 
2.63848639652188e-03 1.00000000000000e+05 
2.71112336304914e-03 1.00000000000000e+05 
2.77885000432701e-03 1.00000000000000e+05 
2.84761816405211e-03 1.00000000000000e+05 
2.91728479839650e-03 1.00000000000000e+05 
2.98818099999619e-03 1.00000000000000e+05 
3.06016878637879e-03 1.00000000000000e+05 
3.13338854860109e-03 1.00000000000000e+05 
3.20510124204715e-03 1.00000000000000e+05 
3.27785865125357e-03 1.00000000000000e+05 
3.35177238385136e-03 1.00000000000000e+05 
3.42711750210166e-03 1.00000000000000e+05 
3.50365693535184e-03 1.00000000000000e+05 
3.58158096855332e-03 1.00000000000000e+05 
3.66069147825303e-03 1.00000000000000e+05 
3.74118396997458e-03 1.00000000000000e+05 
3.82284828588581e-03 1.00000000000000e+05 
3.90576614390336e-03 1.00000000000000e+05 
3.98692755413196e-03 1.00000000000000e+05 
4.06929499075549e-03 1.00000000000000e+05 
4.15295415395757e-03 1.00000000000000e+05 
4.23812743857213e-03 1.00000000000000e+05 
4.32452055744589e-03 1.00000000000000e+05 
4.41227131163626e-03 1.00000000000000e+05 
4.50116244937292e-03 1.00000000000000e+05 
4.59132961989540e-03 1.00000000000000e+05 
4.68000727104041e-03 1.00000000000000e+05 
4.76627937741875e-03 1.00000000000000e+05 
4.85078708649775e-03 1.00000000000000e+05 
4.93382731247405e-03 1.00000000000000e+05 
5.01586504960749e-03 1.00000000000000e+05 
5.09710430552856e-03 1.00000000000000e+05 
5.17924141289256e-03 1.00000000000000e+05 
5.26030582075236e-03 1.00000000000000e+05 
5.34057245015159e-03 1.00000000000000e+05 
5.42191419985350e-03 1.00000000000000e+05 
5.50236617330708e-03 1.00000000000000e+05 
5.58231662152393e-03 1.00000000000000e+05 
5.66182964067983e-03 1.00000000000000e+05 
5.74124509987043e-03 1.00000000000000e+05 
5.82035946717276e-03 1.00000000000000e+05 
5.89881724559800e-03 1.00000000000000e+05 
5.97713830986723e-03 1.00000000000000e+05 
6.05538562802099e-03 1.00000000000000e+05 
6.13362751847607e-03 1.00000000000000e+05 
6.21198031544232e-03 1.00000000000000e+05 
6.29048669284934e-03 1.00000000000000e+05 
6.37684370799706e-03 1.00000000000000e+05 
6.47183642465955e-03 1.00000000000000e+05 
6.57632841298830e-03 1.00000000000000e+05 
6.69126960014991e-03 1.00000000000000e+05 
6.81770490602769e-03 1.00000000000000e+05 
6.92833695945789e-03 1.00000000000000e+05 
7.03998787119257e-03 1.00000000000000e+05 
7.15120074427603e-03 1.00000000000000e+05 
7.26493518451121e-03 1.00000000000000e+05 
7.37970876727594e-03 1.00000000000000e+05 
7.49585040482802e-03 1.00000000000000e+05 
7.61287037073364e-03 1.00000000000000e+05 
7.73115339794829e-03 1.00000000000000e+05 
7.85003642567625e-03 1.00000000000000e+05 
7.96974250097396e-03 1.00000000000000e+05 
8.08937715027478e-03 1.00000000000000e+05 
8.20769185048272e-03 1.00000000000000e+05 
8.32730179471977e-03 1.00000000000000e+05 
8.44653097167346e-03 1.00000000000000e+05 
8.56920500933952e-03 1.00000000000000e+05 
8.69395076505660e-03 1.00000000000000e+05 
8.81960890802418e-03 1.00000000000000e+05 
8.94662892941855e-03 1.00000000000000e+05 
9.07139239975350e-03 1.00000000000000e+05 
9.19374785920078e-03 1.00000000000000e+05 
9.30683132025371e-03 1.00000000000000e+05 
9.41355386151042e-03 1.00000000000000e+05 
9.50028977960800e-03 1.00000000000000e+05 
9.59569928951534e-03 1.00000000000000e+05 
9.68931211078266e-03 1.00000000000000e+05 
9.77930929951682e-03 1.00000000000000e+05 
9.86694704213614e-03 1.00000000000000e+05 
9.95252146378369e-03 1.00000000000000e+05 
1.00466533275960e-02 1.00000000000000e+05 
1.01436225972285e-02 1.00000000000000e+05 
1.02349492571601e-02 1.00000000000000e+05 
1.03239299979639e-02 1.00000000000000e+05 
1.04103426932079e-02 1.00000000000000e+05 
1.05053966579764e-02 1.00000000000000e+05 
1.05894384608873e-02 1.00000000000000e+05 
1.06814936382085e-02 1.00000000000000e+05 
1.07644602926406e-02 1.00000000000000e+05 
1.08557236125159e-02 1.00000000000000e+05 
1.09520005262419e-02 1.00000000000000e+05 
1.10489315590690e-02 1.00000000000000e+05 
1.11536402781628e-02 1.00000000000000e+05 
1.12462307000820e-02 1.00000000000000e+05 
1.13420556474196e-02 1.00000000000000e+05 
1.14397567869218e-02 1.00000000000000e+05 
1.15390957810478e-02 1.00000000000000e+05 
1.16396801295559e-02 1.00000000000000e+05 
1.17351424107279e-02 1.00000000000000e+05 
1.18279499429658e-02 1.00000000000000e+05 
1.19300382284275e-02 1.00000000000000e+05 
1.20338219532842e-02 1.00000000000000e+05 
1.21371915030088e-02 1.00000000000000e+05 
1.22276298617453e-02 1.00000000000000e+05 
1.23185743404983e-02 1.00000000000000e+05 
1.24100445170011e-02 1.00000000000000e+05 
1.25021262174941e-02 1.00000000000000e+05 
1.25916629270161e-02 1.00000000000000e+05 
1.26814208592093e-02 1.00000000000000e+05 
1.27715120966786e-02 1.00000000000000e+05 
1.28622270669198e-02 1.00000000000000e+05 
1.29535823846236e-02 1.00000000000000e+05 
1.30458956340805e-02 1.00000000000000e+05 
1.31391012521623e-02 1.00000000000000e+05 
1.32335478241883e-02 1.00000000000000e+05 
1.33219851205408e-02 1.00000000000000e+05 
1.34110816486841e-02 1.00000000000000e+05 
1.35009344609961e-02 1.00000000000000e+05 
1.35920411541615e-02 1.00000000000000e+05 
1.36832000363599e-02 1.00000000000000e+05 
1.37732980044011e-02 1.00000000000000e+05 
1.38613583882241e-02 1.00000000000000e+05 
1.39495094878937e-02 1.00000000000000e+05 
1.40383636937238e-02 1.00000000000000e+05 
1.41280625238666e-02 1.00000000000000e+05 
1.42191222530485e-02 1.00000000000000e+05 
1.43117282377442e-02 1.00000000000000e+05 
1.44020537521297e-02 1.00000000000000e+05 
1.44999106599402e-02 1.00000000000000e+05 
1.45913881887485e-02 1.00000000000000e+05 
1.46845642602657e-02 1.00000000000000e+05 
1.47795442977602e-02 1.00000000000000e+05 
1.48773858352525e-02 1.00000000000000e+05 
1.49782518193919e-02 1.00000000000000e+05 
1.50837215809766e-02 1.00000000000000e+05 
1.51914450372131e-02 1.00000000000000e+05 
1.53002819219719e-02 1.00000000000000e+05 
1.53968337727147e-02 1.00000000000000e+05 
1.54954238231387e-02 1.00000000000000e+05 
1.55958047634073e-02 1.00000000000000e+05 
1.56988522100734e-02 1.00000000000000e+05 
1.58056862368337e-02 1.00000000000000e+05 
1.59139312331412e-02 1.00000000000000e+05 
1.60221855147942e-02 1.00000000000000e+05 
1.61347279391115e-02 1.00000000000000e+05 
1.62493892628006e-02 1.00000000000000e+05 
1.63635687364546e-02 1.00000000000000e+05 
1.64791874965231e-02 1.00000000000000e+05 
1.65837906035669e-02 1.00000000000000e+05 
1.66928667033510e-02 1.00000000000000e+05 
1.68100523381309e-02 1.00000000000000e+05 
1.69271443505506e-02 1.00000000000000e+05 
1.70434796767370e-02 1.00000000000000e+05 
1.71589213453584e-02 1.00000000000000e+05 
1.72738226581434e-02 1.00000000000000e+05 
1.73880932748462e-02 1.00000000000000e+05 
1.75018933134385e-02 1.00000000000000e+05 
1.76152362972458e-02 1.00000000000000e+05 
1.77282049043892e-02 1.00000000000000e+05 
1.78409238123399e-02 1.00000000000000e+05 
1.79533586539513e-02 1.00000000000000e+05 
1.80657227504405e-02 1.00000000000000e+05 
1.81850330235486e-02 1.00000000000000e+05 
1.83033104628531e-02 1.00000000000000e+05 
1.84200978249045e-02 1.00000000000000e+05 
1.85364926279663e-02 1.00000000000000e+05 
1.86521502525180e-02 1.00000000000000e+05 
1.87793736395248e-02 1.00000000000000e+05 
1.89064824281389e-02 1.00000000000000e+05 
1.90373213363025e-02 1.00000000000000e+05 
1.91657403446430e-02 1.00000000000000e+05 
1.92964236804930e-02 1.00000000000000e+05 
1.94292105363558e-02 1.00000000000000e+05 
1.95627273119384e-02 1.00000000000000e+05 
1.96970968224328e-02 1.00000000000000e+05 
1.98324218290578e-02 1.00000000000000e+05 
1.99666968460696e-02 1.00000000000000e+05 
2.00989611250842e-02 1.00000000000000e+05 
2.02309068709081e-02 1.00000000000000e+05 
2.03614352204962e-02 1.00000000000000e+05 
2.04924205814115e-02 1.00000000000000e+05 
2.06223825331612e-02 1.00000000000000e+05 
2.07534562446768e-02 1.00000000000000e+05 
2.08839181384133e-02 1.00000000000000e+05 
2.10160039449320e-02 1.00000000000000e+05 
2.11478165533860e-02 1.00000000000000e+05 
2.12812781423274e-02 1.00000000000000e+05 
2.14151295253561e-02 1.00000000000000e+05 
2.15498211442000e-02 1.00000000000000e+05 
2.16682681676031e-02 1.00000000000000e+05 
2.17879962227779e-02 1.00000000000000e+05 
2.19072414184717e-02 1.00000000000000e+05 
2.20279745734966e-02 1.00000000000000e+05 
2.21482017099466e-02 1.00000000000000e+05 
2.22701819848188e-02 1.00000000000000e+05 
2.23916061726467e-02 1.00000000000000e+05 
2.25156408573020e-02 1.00000000000000e+05 
2.26520790104228e-02 1.00000000000000e+05 
2.27748852146133e-02 1.00000000000000e+05 
2.28981412232403e-02 1.00000000000000e+05 
2.30203824400324e-02 1.00000000000000e+05 
2.31435398412119e-02 1.00000000000000e+05 
2.32660040063059e-02 1.00000000000000e+05 
2.33898473008379e-02 1.00000000000000e+05 
2.35132532650309e-02 1.00000000000000e+05 
2.36369563417261e-02 1.00000000000000e+05 
2.37649137401076e-02 1.00000000000000e+05 
2.38926238106941e-02 1.00000000000000e+05 
2.40244026780115e-02 1.00000000000000e+05 
2.41556129158183e-02 1.00000000000000e+05 
2.42908519295652e-02 1.00000000000000e+05 
2.44249824368189e-02 1.00000000000000e+05 
2.45610054199126e-02 1.00000000000000e+05 
2.46995572486096e-02 1.00000000000000e+05 
2.48418210077534e-02 1.00000000000000e+05 
2.49641859824201e-02 1.00000000000000e+05 
2.50862848029921e-02 1.00000000000000e+05 
2.52087276463993e-02 1.00000000000000e+05 
2.53309739136362e-02 1.00000000000000e+05 
2.54536157473403e-02 1.00000000000000e+05 
2.55761098365269e-02 1.00000000000000e+05 
2.56990546069875e-02 1.00000000000000e+05 
2.58218969950358e-02 1.00000000000000e+05 
2.59452445336723e-02 1.00000000000000e+05 
2.60685418562064e-02 1.00000000000000e+05 
2.61924266648380e-02 1.00000000000000e+05 
2.63163209757547e-02 1.00000000000000e+05 
2.64409131327285e-02 1.00000000000000e+05 
2.65655814493061e-02 1.00000000000000e+05 
2.66910812341612e-02 1.00000000000000e+05 
2.68167567479479e-02 1.00000000000000e+05 
2.69434546964262e-02 1.00000000000000e+05 
2.70704545615514e-02 1.00000000000000e+05 
2.71987509282854e-02 1.00000000000000e+05 
2.73274798488618e-02 1.00000000000000e+05 
2.74579090671137e-02 1.00000000000000e+05 
2.75884395899266e-02 1.00000000000000e+05 
2.77226348747198e-02 1.00000000000000e+05 
2.78584249613199e-02 1.00000000000000e+05 
2.79988029435016e-02 1.00000000000000e+05 
2.81408814341323e-02 1.00000000000000e+05 
2.82606149587369e-02 1.00000000000000e+05 
2.83807125866063e-02 1.00000000000000e+05 
2.85008934081841e-02 1.00000000000000e+05 
2.86215272198108e-02 1.00000000000000e+05 
2.87423442441801e-02 1.00000000000000e+05 
2.88638107727325e-02 1.00000000000000e+05 
2.89856779816585e-02 1.00000000000000e+05 
2.91084048054914e-02 1.00000000000000e+05 
2.92344755642154e-02 1.00000000000000e+05 
2.93633147114528e-02 1.00000000000000e+05 
2.94947949744918e-02 1.00000000000000e+05 
2.96323701974768e-02 1.00000000000000e+05 
2.97678652277827e-02 1.00000000000000e+05 
2.99088097916967e-02 1.00000000000000e+05 
3.00510192597017e-02 1.00000000000000e+05 
3.01981403321361e-02 1.00000000000000e+05 
3.03183731690332e-02 1.00000000000000e+05 
3.04392380616278e-02 1.00000000000000e+05 
3.05617221246053e-02 1.00000000000000e+05 
3.06862290508716e-02 1.00000000000000e+05 
3.08137813868822e-02 1.00000000000000e+05 
3.09468368641964e-02 1.00000000000000e+05 
3.10758895197884e-02 1.00000000000000e+05 
3.12104602143747e-02 1.00000000000000e+05 
3.13421294404726e-02 1.00000000000000e+05 
3.14614817289595e-02 1.00000000000000e+05 
3.15812240565724e-02 1.00000000000000e+05 
3.17014099706445e-02 1.00000000000000e+05 
3.18220430701335e-02 1.00000000000000e+05 
3.19430575322902e-02 1.00000000000000e+05 
3.20645847195796e-02 1.00000000000000e+05 
3.21868816981059e-02 1.00000000000000e+05 
3.23128512274194e-02 1.00000000000000e+05 
3.24424551571199e-02 1.00000000000000e+05 
3.25698271845721e-02 1.00000000000000e+05 
3.27027764108819e-02 1.00000000000000e+05 
3.28323119173254e-02 1.00000000000000e+05 
3.29515915106904e-02 1.00000000000000e+05 
3.30712282946305e-02 1.00000000000000e+05 
3.31913816265200e-02 1.00000000000000e+05 
3.33120680852762e-02 1.00000000000000e+05 
3.34332739073970e-02 1.00000000000000e+05 
3.35552008646985e-02 1.00000000000000e+05 
3.36778151861039e-02 1.00000000000000e+05 
3.38024730960473e-02 1.00000000000000e+05 
3.39295915768841e-02 1.00000000000000e+05 
3.40567185856968e-02 1.00000000000000e+05 
3.41907672224557e-02 1.00000000000000e+05 
3.43201396138413e-02 1.00000000000000e+05 
3.44394208727722e-02 1.00000000000000e+05 
3.45591008986175e-02 1.00000000000000e+05 
3.46794027794224e-02 1.00000000000000e+05 
3.48003591228683e-02 1.00000000000000e+05 
3.49220059081898e-02 1.00000000000000e+05 
3.50445669842943e-02 1.00000000000000e+05 
3.51680555535695e-02 1.00000000000000e+05 
3.52938509730369e-02 1.00000000000000e+05 
3.54223670430736e-02 1.00000000000000e+05 
3.55502927439346e-02 1.00000000000000e+05 
3.56852082301557e-02 1.00000000000000e+05 
3.58158520385939e-02 1.00000000000000e+05 
3.59359692388715e-02 1.00000000000000e+05 
3.60565495041363e-02 1.00000000000000e+05 
3.61777951742254e-02 1.00000000000000e+05 
3.62997972203439e-02 1.00000000000000e+05 
3.64225927591711e-02 1.00000000000000e+05 
3.65465117708085e-02 1.00000000000000e+05 
3.66718678596486e-02 1.00000000000000e+05 
3.67989079861168e-02 1.00000000000000e+05 
3.69277418956553e-02 1.00000000000000e+05 
3.70613108748159e-02 1.00000000000000e+05 
3.71993544154980e-02 1.00000000000000e+05 
3.73301469577705e-02 1.00000000000000e+05 
3.74688992652599e-02 1.00000000000000e+05 
3.75908133521980e-02 1.00000000000000e+05 
3.77132161296648e-02 1.00000000000000e+05 
3.78361384454175e-02 1.00000000000000e+05 
3.79596415808047e-02 1.00000000000000e+05 
3.80839584801112e-02 1.00000000000000e+05 
3.82091950650262e-02 1.00000000000000e+05 
3.83356644689097e-02 1.00000000000000e+05 
3.84636930322462e-02 1.00000000000000e+05 
3.85960743664654e-02 1.00000000000000e+05 
3.87328914528323e-02 1.00000000000000e+05 
3.88647944348875e-02 1.00000000000000e+05 
3.90027816803310e-02 1.00000000000000e+05 
3.91392061745017e-02 1.00000000000000e+05 
3.92627398582549e-02 1.00000000000000e+05 
3.93867385104541e-02 1.00000000000000e+05 
3.95112653850572e-02 1.00000000000000e+05 
3.96363474199894e-02 1.00000000000000e+05 
3.97621061611366e-02 1.00000000000000e+05 
3.98886358898523e-02 1.00000000000000e+05 
4.00161416231524e-02 1.00000000000000e+05 
4.01456015945082e-02 1.00000000000000e+05 
4.02774329949753e-02 1.00000000000000e+05 
4.04138396799490e-02 1.00000000000000e+05 
4.05547051057980e-02 1.00000000000000e+05 
4.06891191602066e-02 1.00000000000000e+05 
4.08318129818350e-02 1.00000000000000e+05 
4.09709226022534e-02 1.00000000000000e+05 
4.11199674398443e-02 1.00000000000000e+05 
4.12456075401853e-02 1.00000000000000e+05 
4.13716266621759e-02 1.00000000000000e+05 
4.14980144110436e-02 1.00000000000000e+05 
4.16249704098088e-02 1.00000000000000e+05 
4.17524525834296e-02 1.00000000000000e+05 
4.18806552783751e-02 1.00000000000000e+05 
4.20095139392118e-02 1.00000000000000e+05 
4.21391806421401e-02 1.00000000000000e+05 
4.22704312914242e-02 1.00000000000000e+05 
4.24035884972931e-02 1.00000000000000e+05 
4.25404920980446e-02 1.00000000000000e+05 
4.26810598469563e-02 1.00000000000000e+05 
4.28170450471025e-02 1.00000000000000e+05 
4.29605205553373e-02 1.00000000000000e+05 
4.31001864384952e-02 1.00000000000000e+05 
4.32459372037920e-02 1.00000000000000e+05 
4.33903790729462e-02 1.00000000000000e+05 
4.35449104522477e-02 1.00000000000000e+05 
4.36724643705972e-02 1.00000000000000e+05 
4.38004145452880e-02 1.00000000000000e+05 
4.39287735572593e-02 1.00000000000000e+05 
4.40577586244920e-02 1.00000000000000e+05 
4.41873603613396e-02 1.00000000000000e+05 
4.43177819657428e-02 1.00000000000000e+05 
4.44498926362571e-02 1.00000000000000e+05 
4.45840351333845e-02 1.00000000000000e+05 
4.47222653754262e-02 1.00000000000000e+05 
4.48645252758844e-02 1.00000000000000e+05 
4.50015593727216e-02 1.00000000000000e+05 
4.51466764598903e-02 1.00000000000000e+05 
4.52878546941302e-02 1.00000000000000e+05 
4.54387252287619e-02 1.00000000000000e+05 
4.55850679868650e-02 1.00000000000000e+05 
4.57131751346317e-02 1.00000000000000e+05 
4.58416322168651e-02 1.00000000000000e+05 
4.59706619797534e-02 1.00000000000000e+05 
4.61002441709913e-02 1.00000000000000e+05 
4.62305802795668e-02 1.00000000000000e+05 
4.63616330793574e-02 1.00000000000000e+05 
4.64937189450282e-02 1.00000000000000e+05 
4.66292188929208e-02 1.00000000000000e+05 
4.67680147655661e-02 1.00000000000000e+05 
4.69050103364128e-02 1.00000000000000e+05 
4.70476791617509e-02 1.00000000000000e+05 
4.71885176189364e-02 1.00000000000000e+05 
4.73360341059312e-02 1.00000000000000e+05 
4.74819596579680e-02 1.00000000000000e+05 
4.76330976101950e-02 1.00000000000000e+05 
4.77618660413894e-02 1.00000000000000e+05 
4.78911725717876e-02 1.00000000000000e+05 
4.80209192061488e-02 1.00000000000000e+05 
4.81513035782830e-02 1.00000000000000e+05 
4.82822347112536e-02 1.00000000000000e+05 
4.84138960417508e-02 1.00000000000000e+05 
4.85471247390220e-02 1.00000000000000e+05 
4.86822825696377e-02 1.00000000000000e+05 
4.88213279795748e-02 1.00000000000000e+05 
4.89641517231392e-02 1.00000000000000e+05 
4.91018367912979e-02 1.00000000000000e+05 
4.92478220127680e-02 1.00000000000000e+05 
4.93898425118299e-02 1.00000000000000e+05 
4.95415237194606e-02 1.00000000000000e+05 
4.96884134303560e-02 1.00000000000000e+05 
4.98411232840789e-02 1.00000000000000e+05 
4.99698725411074e-02 1.00000000000000e+05 
5.00990163221769e-02 1.00000000000000e+05 
5.02284754301357e-02 1.00000000000000e+05 
5.03584056618767e-02 1.00000000000000e+05 
5.04887046505547e-02 1.00000000000000e+05 
5.06195080226969e-02 1.00000000000000e+05 
5.07507329218507e-02 1.00000000000000e+05 
5.08824995441878e-02 1.00000000000000e+05 
5.10153845635559e-02 1.00000000000000e+05 
5.11496734269790e-02 1.00000000000000e+05 
5.12865994043159e-02 1.00000000000000e+05 
5.14260101741337e-02 1.00000000000000e+05 
5.15641307860619e-02 1.00000000000000e+05 
5.17055281083134e-02 1.00000000000000e+05 
5.18413869270760e-02 1.00000000000000e+05 
5.19805250268720e-02 1.00000000000000e+05 
5.21147083184575e-02 1.00000000000000e+05 
5.22520043099679e-02 1.00000000000000e+05 
5.23847180953592e-02 1.00000000000000e+05 
5.25205623932659e-02 1.00000000000000e+05 
5.26522262000469e-02 1.00000000000000e+05 
5.27870056007007e-02 1.00000000000000e+05 
5.29178588765085e-02 1.00000000000000e+05 
5.30518175005751e-02 1.00000000000000e+05 
5.31791971546269e-02 1.00000000000000e+05 
5.33065553492639e-02 1.00000000000000e+05 
5.34339558858185e-02 1.00000000000000e+05 
5.35615468150486e-02 1.00000000000000e+05 
5.36893150329968e-02 1.00000000000000e+05 
5.38173719254313e-02 1.00000000000000e+05 
5.39456472711657e-02 1.00000000000000e+05 
5.40742127305609e-02 1.00000000000000e+05 
5.42035651475818e-02 1.00000000000000e+05 
5.43339452037788e-02 1.00000000000000e+05 
5.44633903111878e-02 1.00000000000000e+05 
5.45962013630045e-02 1.00000000000000e+05 
5.47256969864948e-02 1.00000000000000e+05 
5.48586369095507e-02 1.00000000000000e+05 
5.49882339018395e-02 1.00000000000000e+05 
5.51200387106033e-02 1.00000000000000e+05 
5.52495006421346e-02 1.00000000000000e+05 
5.53811612216161e-02 1.00000000000000e+05 
5.55104189574032e-02 1.00000000000000e+05 
5.56419313268836e-02 1.00000000000000e+05 
5.57709702000362e-02 1.00000000000000e+05 
5.59023521026205e-02 1.00000000000000e+05 
5.60261747160206e-02 1.00000000000000e+05 
5.61497974195033e-02 1.00000000000000e+05 
5.62732462756317e-02 1.00000000000000e+05 
5.63967067816488e-02 1.00000000000000e+05 
5.65201494976748e-02 1.00000000000000e+05 
5.66437537295364e-02 1.00000000000000e+05 
5.67674559109332e-02 1.00000000000000e+05 
5.68915509273620e-02 1.00000000000000e+05 
5.70177910093310e-02 1.00000000000000e+05 
5.71460072851740e-02 1.00000000000000e+05 
5.72738356273216e-02 1.00000000000000e+05 
5.74044875961299e-02 1.00000000000000e+05 
5.75320588575872e-02 1.00000000000000e+05 
5.76624412246139e-02 1.00000000000000e+05 
5.77897753414337e-02 1.00000000000000e+05 
5.79198556264873e-02 1.00000000000000e+05 
5.80469752735731e-02 1.00000000000000e+05 
5.81767448094171e-02 1.00000000000000e+05 
5.82981425814243e-02 1.00000000000000e+05 
5.84195835306464e-02 1.00000000000000e+05 
5.85410698834397e-02 1.00000000000000e+05 
5.86628104015400e-02 1.00000000000000e+05 
5.87847580729570e-02 1.00000000000000e+05 
5.89071114794720e-02 1.00000000000000e+05 
5.90297967007906e-02 1.00000000000000e+05 
5.91530892660997e-02 1.00000000000000e+05 
5.92788452259996e-02 1.00000000000000e+05 
5.94069270763186e-02 1.00000000000000e+05 
5.95337283258227e-02 1.00000000000000e+05 
5.96634135226980e-02 1.00000000000000e+05 
5.97900536025526e-02 1.00000000000000e+05 
5.99194506578596e-02 1.00000000000000e+05 
6.00459681720441e-02 1.00000000000000e+05 
6.01751223024059e-02 1.00000000000000e+05 
6.02957830480791e-02 1.00000000000000e+05 
6.04167140274856e-02 1.00000000000000e+05 
6.05378421513894e-02 1.00000000000000e+05 
6.06593885195506e-02 1.00000000000000e+05 
6.07812308421449e-02 1.00000000000000e+05 
6.09035544621043e-02 1.00000000000000e+05 
6.10262239853918e-02 1.00000000000000e+05 
6.11493920796718e-02 1.00000000000000e+05 
6.12737310319657e-02 1.00000000000000e+05 
6.13995446996506e-02 1.00000000000000e+05 
6.15264727827145e-02 1.00000000000000e+05 
6.16562543237648e-02 1.00000000000000e+05 
6.17832863253329e-02 1.00000000000000e+05 
6.19132454682931e-02 1.00000000000000e+05 
6.20404576232057e-02 1.00000000000000e+05 
6.21707192303557e-02 1.00000000000000e+05 
6.22911613116434e-02 1.00000000000000e+05 
6.24118662185302e-02 1.00000000000000e+05 
6.25327418155442e-02 1.00000000000000e+05 
6.26540264402992e-02 1.00000000000000e+05 
6.27755987561757e-02 1.00000000000000e+05 
6.28976674384817e-02 1.00000000000000e+05 
6.30200893597564e-02 1.00000000000000e+05 
6.31430318726663e-02 1.00000000000000e+05 
6.32663859413057e-02 1.00000000000000e+05 
6.33903986793388e-02 1.00000000000000e+05 
6.35168562445695e-02 1.00000000000000e+05 
6.36456548758993e-02 1.00000000000000e+05 
6.37753907058131e-02 1.00000000000000e+05 
6.39082368458877e-02 1.00000000000000e+05 
6.40381074030435e-02 1.00000000000000e+05 
6.41711068757447e-02 1.00000000000000e+05 
6.42913534820096e-02 1.00000000000000e+05 
6.44117409652363e-02 1.00000000000000e+05 
6.45322463269136e-02 1.00000000000000e+05 
6.46531058797796e-02 1.00000000000000e+05 
6.47742594024086e-02 1.00000000000000e+05 
6.48959480923640e-02 1.00000000000000e+05 
6.50180523539376e-02 1.00000000000000e+05 
6.51407654572822e-02 1.00000000000000e+05 
6.52639469861820e-02 1.00000000000000e+05 
6.53877496513501e-02 1.00000000000000e+05 
6.55120639161731e-02 1.00000000000000e+05 
6.56371159755443e-02 1.00000000000000e+05 
6.57642989202547e-02 1.00000000000000e+05 
6.58935347172081e-02 1.00000000000000e+05 
6.60251093257058e-02 1.00000000000000e+05 
6.61588946033064e-02 1.00000000000000e+05 
6.62921189454676e-02 1.00000000000000e+05 
6.64288513083801e-02 1.00000000000000e+05 
6.65625139872655e-02 1.00000000000000e+05 
6.66997495718625e-02 1.00000000000000e+05 
6.68218413489527e-02 1.00000000000000e+05 
6.69443024898577e-02 1.00000000000000e+05 
6.70670822132432e-02 1.00000000000000e+05 
6.71903097236166e-02 1.00000000000000e+05 
6.73138986169163e-02 1.00000000000000e+05 
6.74379550158775e-02 1.00000000000000e+05 
6.75623646109839e-02 1.00000000000000e+05 
6.76872153652252e-02 1.00000000000000e+05 
6.78123888883800e-02 1.00000000000000e+05 
6.79379716234340e-02 1.00000000000000e+05 
6.80638555094921e-02 1.00000000000000e+05 
6.81901277017251e-02 1.00000000000000e+05 
6.83167020546526e-02 1.00000000000000e+05 
6.84436448117716e-02 1.00000000000000e+05 
6.85708990107061e-02 1.00000000000000e+05 
6.86985212680946e-02 1.00000000000000e+05 
6.88264810669627e-02 1.00000000000000e+05 
6.89548275105887e-02 1.00000000000000e+05 
6.90835584023795e-02 1.00000000000000e+05 
6.92127159493982e-02 1.00000000000000e+05 
6.93423300902244e-02 1.00000000000000e+05 
6.94724312165382e-02 1.00000000000000e+05 
6.96030817376831e-02 1.00000000000000e+05 
6.97342973775854e-02 1.00000000000000e+05 
6.98664607473815e-02 1.00000000000000e+05 
6.99996499315166e-02 1.00000000000000e+05 
7.01339779569721e-02 1.00000000000000e+05 
7.02694622302504e-02 1.00000000000000e+05 
7.04061904332323e-02 1.00000000000000e+05 
7.05441760595435e-02 1.00000000000000e+05 
7.06834733793548e-02 1.00000000000000e+05 
7.08232570239914e-02 1.00000000000000e+05 
7.09572580714993e-02 1.00000000000000e+05 
7.10957443320209e-02 1.00000000000000e+05 
7.12312496720680e-02 1.00000000000000e+05 
7.13693383062496e-02 1.00000000000000e+05 
7.15061665010727e-02 1.00000000000000e+05 
7.16456696230317e-02 1.00000000000000e+05 
7.17837113352972e-02 1.00000000000000e+05 
7.19265277601756e-02 1.00000000000000e+05 
7.20655052235861e-02 1.00000000000000e+05 
7.22093986342533e-02 1.00000000000000e+05 
7.23491031203543e-02 1.00000000000000e+05 
7.24941345504105e-02 1.00000000000000e+05 
7.26347086070617e-02 1.00000000000000e+05 
7.27811147161084e-02 1.00000000000000e+05 
7.29227218127703e-02 1.00000000000000e+05 
7.30707908186638e-02 1.00000000000000e+05 
7.32136361284714e-02 1.00000000000000e+05 
7.33626415176102e-02 1.00000000000000e+05 
7.35069742731636e-02 1.00000000000000e+05 
7.36569242129130e-02 1.00000000000000e+05 
7.38030392060829e-02 1.00000000000000e+05 
7.39540108859960e-02 1.00000000000000e+05 
7.40823187772991e-02 1.00000000000000e+05 
7.42105991040661e-02 1.00000000000000e+05 
7.43390191518620e-02 1.00000000000000e+05 
7.44674903320437e-02 1.00000000000000e+05 
7.45961512884760e-02 1.00000000000000e+05 
7.47250440267319e-02 1.00000000000000e+05 
7.48542172460267e-02 1.00000000000000e+05 
7.49836612882583e-02 1.00000000000000e+05 
7.51133916796400e-02 1.00000000000000e+05 
7.52433466802303e-02 1.00000000000000e+05 
7.53735479248013e-02 1.00000000000000e+05 
7.55039135621922e-02 1.00000000000000e+05 
7.56344844275867e-02 1.00000000000000e+05 
7.57651755622641e-02 1.00000000000000e+05 
7.58960464197907e-02 1.00000000000000e+05 
7.60270124440980e-02 1.00000000000000e+05 
7.61581502015692e-02 1.00000000000000e+05 
7.62893700431599e-02 1.00000000000000e+05 
7.64207680435841e-02 1.00000000000000e+05 
7.65522394355862e-02 1.00000000000000e+05 
7.66838975276288e-02 1.00000000000000e+05 
7.68102404032445e-02 1.00000000000000e+05 
7.69421538288438e-02 1.00000000000000e+05 
7.70687766652462e-02 1.00000000000000e+05 
7.71992517264010e-02 1.00000000000000e+05 
7.73261533946846e-02 1.00000000000000e+05 
7.74585995001122e-02 1.00000000000000e+05 
7.75911337206624e-02 1.00000000000000e+05 
7.77238684135545e-02 1.00000000000000e+05 
7.78566971850667e-02 1.00000000000000e+05 
7.79897311908969e-02 1.00000000000000e+05 
7.81228660615988e-02 1.00000000000000e+05 
7.82562128863546e-02 1.00000000000000e+05 
7.83896684041445e-02 1.00000000000000e+05 
7.85232940146328e-02 1.00000000000000e+05 
7.86570778905622e-02 1.00000000000000e+05 
7.87910053639723e-02 1.00000000000000e+05 
7.89251022859648e-02 1.00000000000000e+05 
7.90593568001035e-02 1.00000000000000e+05 
7.91937926098409e-02 1.00000000000000e+05 
7.93284014686888e-02 1.00000000000000e+05 
7.94632047807535e-02 1.00000000000000e+05 
7.95981985227349e-02 1.00000000000000e+05 
7.97334015179405e-02 1.00000000000000e+05 
7.98688146706591e-02 1.00000000000000e+05 
8.00044539120563e-02 1.00000000000000e+05 
8.01403258730764e-02 1.00000000000000e+05 
8.02764434881820e-02 1.00000000000000e+05 
8.04128198972350e-02 1.00000000000000e+05 
8.05494649211273e-02 1.00000000000000e+05 
8.06816462669577e-02 1.00000000000000e+05 
8.08094168801006e-02 1.00000000000000e+05 
8.09391256599098e-02 1.00000000000000e+05 
8.10664958366414e-02 1.00000000000000e+05 
8.12046492706561e-02 1.00000000000000e+05 
8.13431654675925e-02 1.00000000000000e+05 
8.14820936713283e-02 1.00000000000000e+05 
8.16214290391730e-02 1.00000000000000e+05 
8.17612318393052e-02 1.00000000000000e+05 
8.19014973833338e-02 1.00000000000000e+05 
8.20423003514266e-02 1.00000000000000e+05 
8.21836351892639e-02 1.00000000000000e+05 
8.23255922844035e-02 1.00000000000000e+05 
8.24681680518266e-02 1.00000000000000e+05 
8.26114696513180e-02 1.00000000000000e+05 
8.27513699467329e-02 1.00000000000000e+05 
8.28915579263119e-02 1.00000000000000e+05 
8.30323516636186e-02 1.00000000000000e+05 
8.31740480614456e-02 1.00000000000000e+05 
8.33169434121596e-02 1.00000000000000e+05 
8.34613470778593e-02 1.00000000000000e+05 
8.36002315652556e-02 1.00000000000000e+05 
8.37386598694660e-02 1.00000000000000e+05 
8.38767509098748e-02 1.00000000000000e+05 
8.40145923310576e-02 1.00000000000000e+05 
8.41523305280822e-02 1.00000000000000e+05 
8.42900695123648e-02 1.00000000000000e+05 
8.44279820299123e-02 1.00000000000000e+05 
8.45661922747836e-02 1.00000000000000e+05 
8.47049755355740e-02 1.00000000000000e+05 
8.48445997363436e-02 1.00000000000000e+05 
8.49852664348412e-02 1.00000000000000e+05 
8.51271738269742e-02 1.00000000000000e+05 
8.52705378264824e-02 1.00000000000000e+05 
8.54155970357889e-02 1.00000000000000e+05 
8.55626445071738e-02 1.00000000000000e+05 
8.57120697712008e-02 1.00000000000000e+05 
8.58643259926809e-02 1.00000000000000e+05 
8.60180366688967e-02 1.00000000000000e+05 
8.61720542461334e-02 1.00000000000000e+05 
8.63259995205683e-02 1.00000000000000e+05 
8.64802548042602e-02 1.00000000000000e+05 
8.66344142445029e-02 1.00000000000000e+05 
8.67888855004671e-02 1.00000000000000e+05 
8.69432411382701e-02 1.00000000000000e+05 
8.70979119794581e-02 1.00000000000000e+05 
8.72524539864446e-02 1.00000000000000e+05 
8.74073177451547e-02 1.00000000000000e+05 
8.75620473757142e-02 1.00000000000000e+05 
8.77047923893607e-02 1.00000000000000e+05 
8.78483536945917e-02 1.00000000000000e+05 
8.79927695944054e-02 1.00000000000000e+05 
8.81381841516281e-02 1.00000000000000e+05 
8.82848705684083e-02 1.00000000000000e+05 
8.84330856327816e-02 1.00000000000000e+05 
8.85832720391801e-02 1.00000000000000e+05 
8.87358122212014e-02 1.00000000000000e+05 
8.88912333453185e-02 1.00000000000000e+05 
8.90407461382841e-02 1.00000000000000e+05 
8.91901602574390e-02 1.00000000000000e+05 
8.93397176617480e-02 1.00000000000000e+05 
8.94892905429351e-02 1.00000000000000e+05 
8.96391031021852e-02 1.00000000000000e+05 
8.97889990756280e-02 1.00000000000000e+05 
8.99391888511478e-02 1.00000000000000e+05 
9.00894601778548e-02 1.00000000000000e+05 
9.02400361374421e-02 1.00000000000000e+05 
9.03906674271365e-02 1.00000000000000e+05 
9.05415866098890e-02 1.00000000000000e+05 
9.06893091596506e-02 1.00000000000000e+05 
9.08379087352347e-02 1.00000000000000e+05 
9.09872983605566e-02 1.00000000000000e+05 
9.11376948091101e-02 1.00000000000000e+05 
9.12891981127513e-02 1.00000000000000e+05 
9.14410239940475e-02 1.00000000000000e+05 
9.15928201702192e-02 1.00000000000000e+05 
9.17449065132992e-02 1.00000000000000e+05 
9.18969466852610e-02 1.00000000000000e+05 
9.20492312220966e-02 1.00000000000000e+05 
9.22014905945790e-02 1.00000000000000e+05 
9.23539777182400e-02 1.00000000000000e+05 
9.25064915542296e-02 1.00000000000000e+05 
9.26592607780379e-02 1.00000000000000e+05 
9.28121203977549e-02 1.00000000000000e+05 
9.29652906696032e-02 1.00000000000000e+05 
9.31185840524342e-02 1.00000000000000e+05 
9.32722274420978e-02 1.00000000000000e+05 
9.34259939990321e-02 1.00000000000000e+05 
9.35801292788953e-02 1.00000000000000e+05 
9.37317062134018e-02 1.00000000000000e+05 
9.38842675424118e-02 1.00000000000000e+05 
9.40379701365689e-02 1.00000000000000e+05 
9.41930375406933e-02 1.00000000000000e+05 
9.43476525858473e-02 1.00000000000000e+05 
9.45031682658189e-02 1.00000000000000e+05 
9.46577804865084e-02 1.00000000000000e+05 
9.48137115678503e-02 1.00000000000000e+05 
9.49690811071101e-02 1.00000000000000e+05 
9.51253933599744e-02 1.00000000000000e+05 
9.52786584383063e-02 1.00000000000000e+05 
9.54353349301406e-02 1.00000000000000e+05 
9.55889565250408e-02 1.00000000000000e+05 
9.57460514352220e-02 1.00000000000000e+05 
9.59000135695139e-02 1.00000000000000e+05 
9.60576060795368e-02 1.00000000000000e+05 
9.62118309870742e-02 1.00000000000000e+05 
9.63654177842823e-02 1.00000000000000e+05 
9.65192185217125e-02 1.00000000000000e+05 
9.66750419932518e-02 1.00000000000000e+05 
9.68297674700707e-02 1.00000000000000e+05 
9.69877674767825e-02 1.00000000000000e+05 
9.71427803296573e-02 1.00000000000000e+05 
9.73016621233896e-02 1.00000000000000e+05 
9.74569465380672e-02 1.00000000000000e+05 
9.76151509275628e-02 1.00000000000000e+05 
9.77730321358470e-02 1.00000000000000e+05 
9.79305919785480e-02 1.00000000000000e+05 
9.80878740312445e-02 1.00000000000000e+05 
9.82449156123722e-02 1.00000000000000e+05 
9.83995288746374e-02 1.00000000000000e+05 
9.85530509764529e-02 1.00000000000000e+05 
9.87050018224233e-02 1.00000000000000e+05 
9.88566653538770e-02 1.00000000000000e+05 
9.90078727618022e-02 1.00000000000000e+05 
9.91304487481234e-02 1.00000000000000e+05 
9.92573593492588e-02 1.00000000000000e+05 
9.93838710912695e-02 1.00000000000000e+05 
9.95100345716118e-02 1.00000000000000e+05 
9.96351011695400e-02 1.00000000000000e+05 
9.97602742068416e-02 1.00000000000000e+05 
9.98851260034196e-02 1.00000000000000e+05 
1.00018496384157e-01 1.00000000000000e+05 
1.00145003410695e-01 1.00000000000000e+05 
1.00275031483314e-01 1.00000000000000e+05 
1.00401971555037e-01 1.00000000000000e+05 
1.00531640374878e-01 1.00000000000000e+05 
1.00659275372489e-01 1.00000000000000e+05 
1.00791406977631e-01 1.00000000000000e+05 
1.00930554927650e-01 1.00000000000000e+05 
1.01075959097308e-01 1.00000000000000e+05 
1.01225720851748e-01 1.00000000000000e+05 
1.01375741615112e-01 1.00000000000000e+05 
1.01509218310827e-01 1.00000000000000e+05 
1.01653337379415e-01 1.00000000000000e+05 
1.01778386936737e-01 1.00000000000000e+05 
1.01903642758979e-01 1.00000000000000e+05 
1.02033564756053e-01 1.00000000000000e+05 
1.02164800793540e-01 1.00000000000000e+05 
1.02294934324175e-01 1.00000000000000e+05 
1.02426292897684e-01 1.00000000000000e+05 
1.02556495794331e-01 1.00000000000000e+05 
1.02687921803093e-01 1.00000000000000e+05 
1.02818263178572e-01 1.00000000000000e+05 
1.02961638691598e-01 1.00000000000000e+05 
1.03092821405445e-01 1.00000000000000e+05 
1.03225495185404e-01 1.00000000000000e+05 
1.03357225788109e-01 1.00000000000000e+05 
1.03490334890644e-01 1.00000000000000e+05 
1.03624416763569e-01 1.00000000000000e+05 
1.03756873857912e-01 1.00000000000000e+05 
1.03887544597790e-01 1.00000000000000e+05 
1.04017086777286e-01 1.00000000000000e+05 
1.04145199256136e-01 1.00000000000000e+05 
1.04272538283244e-01 1.00000000000000e+05 
1.04398615518111e-01 1.00000000000000e+05 
1.04524257657169e-01 1.00000000000000e+05 
1.04648937402783e-01 1.00000000000000e+05 
1.04773363172406e-01 1.00000000000000e+05 
1.04896947940575e-01 1.00000000000000e+05 
1.05020372357292e-01 1.00000000000000e+05 
1.05143011636202e-01 1.00000000000000e+05 
1.05265570920707e-01 1.00000000000000e+05 
1.05387404991770e-01 1.00000000000000e+05 
1.05509252042968e-01 1.00000000000000e+05 
1.05630459844004e-01 1.00000000000000e+05 
1.05751792396505e-01 1.00000000000000e+05 
1.05885258204256e-01 1.00000000000000e+05 
1.06031282140255e-01 1.00000000000000e+05 
1.06151722506262e-01 1.00000000000000e+05 
1.06284206908870e-01 1.00000000000000e+05 
1.06404752524227e-01 1.00000000000000e+05 
1.06537352701119e-01 1.00000000000000e+05 
1.06658005414292e-01 1.00000000000000e+05 
1.06790723398781e-01 1.00000000000000e+05 
1.06911485219767e-01 1.00000000000000e+05 
1.07044323222851e-01 1.00000000000000e+05 
1.07165202494811e-01 1.00000000000000e+05 
1.07286549511366e-01 1.00000000000000e+05 
1.07407650261614e-01 1.00000000000000e+05 
1.07529168988006e-01 1.00000000000000e+05 
1.07650403446072e-01 1.00000000000000e+05 
1.07772046065193e-01 1.00000000000000e+05 
1.07893396946137e-01 1.00000000000000e+05 
1.08015161471769e-01 1.00000000000000e+05 
1.08136639352845e-01 1.00000000000000e+05 
1.08258535530656e-01 1.00000000000000e+05 
1.08380149273587e-01 1.00000000000000e+05 
1.08502185911402e-01 1.00000000000000e+05 
1.08623944824651e-01 1.00000000000000e+05 
1.08755098828776e-01 1.00000000000000e+05 
1.08876939934801e-01 1.00000000000000e+05 
1.09006792761895e-01 1.00000000000000e+05 
1.09128812886113e-01 1.00000000000000e+05 
1.09262044836264e-01 1.00000000000000e+05 
1.09384200723887e-01 1.00000000000000e+05 
1.09516039725612e-01 1.00000000000000e+05 
1.09638373726449e-01 1.00000000000000e+05 
1.09772941127371e-01 1.00000000000000e+05 
1.09911818939363e-01 1.00000000000000e+05 
1.10053842638325e-01 1.00000000000000e+05 
1.10203281632270e-01 1.00000000000000e+05 
1.10352862009568e-01 1.00000000000000e+05 
1.10502775620542e-01 1.00000000000000e+05 
1.10652776582911e-01 1.00000000000000e+05 
1.10803234727767e-01 1.00000000000000e+05 
1.10953700045737e-01 1.00000000000000e+05 
1.11104738179774e-01 1.00000000000000e+05 
1.11255714498339e-01 1.00000000000000e+05 
1.11407337471188e-01 1.00000000000000e+05 
1.11558868926634e-01 1.00000000000000e+05 
1.11711061448587e-01 1.00000000000000e+05 
1.11863191005484e-01 1.00000000000000e+05 
1.12015994538434e-01 1.00000000000000e+05 
1.12168760811364e-01 1.00000000000000e+05 
1.12322212528452e-01 1.00000000000000e+05 
1.12475649181962e-01 1.00000000000000e+05 
1.12629781237345e-01 1.00000000000000e+05 
1.12783916682590e-01 1.00000000000000e+05 
1.12909171838606e-01 1.00000000000000e+05 
1.13046952510223e-01 1.00000000000000e+05 
1.13172613663308e-01 1.00000000000000e+05 
1.13310840931703e-01 1.00000000000000e+05 
1.13436832206803e-01 1.00000000000000e+05 
1.13575422609413e-01 1.00000000000000e+05 
1.13701725648436e-01 1.00000000000000e+05 
1.13828512520419e-01 1.00000000000000e+05 
1.13955212283479e-01 1.00000000000000e+05 
1.14082343847603e-01 1.00000000000000e+05 
1.14209360878490e-01 1.00000000000000e+05 
1.14336791561450e-01 1.00000000000000e+05 
1.14464112442992e-01 1.00000000000000e+05 
1.14591840396516e-01 1.00000000000000e+05 
1.14719472423935e-01 1.00000000000000e+05 
1.14847512588283e-01 1.00000000000000e+05 
1.14975475812796e-01 1.00000000000000e+05 
1.15103848012697e-01 1.00000000000000e+05 
1.15232692426213e-01 1.00000000000000e+05 
1.15362454412150e-01 1.00000000000000e+05 
1.15493041291688e-01 1.00000000000000e+05 
1.15622951614481e-01 1.00000000000000e+05 
1.15753949097083e-01 1.00000000000000e+05 
1.15883640792253e-01 1.00000000000000e+05 
1.16014522643137e-01 1.00000000000000e+05 
1.16144217753069e-01 1.00000000000000e+05 
1.16275305088231e-01 1.00000000000000e+05 
1.16405335963909e-01 1.00000000000000e+05 
1.16537030730949e-01 1.00000000000000e+05 
1.16667816407760e-01 1.00000000000000e+05 
1.16800635256697e-01 1.00000000000000e+05 
1.16932555564843e-01 1.00000000000000e+05 
1.17066748587236e-01 1.00000000000000e+05 
1.17199948366815e-01 1.00000000000000e+05 
1.17335694737491e-01 1.00000000000000e+05 
1.17470332737113e-01 1.00000000000000e+05 
1.17600042683209e-01 1.00000000000000e+05 
1.17728893175290e-01 1.00000000000000e+05 
1.17859055211205e-01 1.00000000000000e+05 
1.17988494753381e-01 1.00000000000000e+05 
1.18119756854948e-01 1.00000000000000e+05 
1.18250393518564e-01 1.00000000000000e+05 
1.18383570680156e-01 1.00000000000000e+05 
1.18516188273403e-01 1.00000000000000e+05 
1.18652297069212e-01 1.00000000000000e+05 
1.18787887317508e-01 1.00000000000000e+05 
1.18928325727210e-01 1.00000000000000e+05 
1.19068220349395e-01 1.00000000000000e+05 
1.19212169965539e-01 1.00000000000000e+05 
1.19358116278299e-01 1.00000000000000e+05 
1.19508139105481e-01 1.00000000000000e+05 
1.19659748054345e-01 1.00000000000000e+05 
1.19815728245422e-01 1.00000000000000e+05 
1.19973074943129e-01 1.00000000000000e+05 
1.20135323227994e-01 1.00000000000000e+05 
1.20299050633548e-01 1.00000000000000e+05 
1.20462521669921e-01 1.00000000000000e+05 
1.20626342199302e-01 1.00000000000000e+05 
1.20789822195398e-01 1.00000000000000e+05 
1.20953651316123e-01 1.00000000000000e+05 
1.21117145236531e-01 1.00000000000000e+05 
1.21280985239977e-01 1.00000000000000e+05 
1.21444746368983e-01 1.00000000000000e+05 
1.21608681940307e-01 1.00000000000000e+05 
1.21772477891813e-01 1.00000000000000e+05 
1.21936785092877e-01 1.00000000000000e+05 
1.22100838398516e-01 1.00000000000000e+05 
1.22265242098094e-01 1.00000000000000e+05 
1.22429260186083e-01 1.00000000000000e+05 
1.22593589498831e-01 1.00000000000000e+05 
1.22757459218578e-01 1.00000000000000e+05 
1.22921608707852e-01 1.00000000000000e+05 
1.23085227636212e-01 1.00000000000000e+05 
1.23249092965233e-01 1.00000000000000e+05 
1.23412691056117e-01 1.00000000000000e+05 
1.23576358488253e-01 1.00000000000000e+05 
1.23739651037520e-01 1.00000000000000e+05 
1.23877910765432e-01 1.00000000000000e+05 
1.24026515700296e-01 1.00000000000000e+05 
1.24184492679122e-01 1.00000000000000e+05 
1.24325132768046e-01 1.00000000000000e+05 
1.24472569475498e-01 1.00000000000000e+05 
1.24627742053390e-01 1.00000000000000e+05 
1.24778055998625e-01 1.00000000000000e+05 
1.24933651880049e-01 1.00000000000000e+05 
1.25086848366611e-01 1.00000000000000e+05 
1.25237397439212e-01 1.00000000000000e+05 
1.25393662998549e-01 1.00000000000000e+05 
1.25545289415875e-01 1.00000000000000e+05 
1.25702726510701e-01 1.00000000000000e+05 
1.25855348731747e-01 1.00000000000000e+05 
1.26013905081244e-01 1.00000000000000e+05 
1.26167532726155e-01 1.00000000000000e+05 
1.26327225899403e-01 1.00000000000000e+05 
1.26481911419688e-01 1.00000000000000e+05 
1.26642801217367e-01 1.00000000000000e+05 
1.26798620091850e-01 1.00000000000000e+05 
1.26960791430047e-01 1.00000000000000e+05 
1.27117835845325e-01 1.00000000000000e+05 
1.27281391650772e-01 1.00000000000000e+05 
1.27439768302607e-01 1.00000000000000e+05 
1.27603945713527e-01 1.00000000000000e+05 
1.27764280962197e-01 1.00000000000000e+05 
1.27930388548060e-01 1.00000000000000e+05 
1.28092415213254e-01 1.00000000000000e+05 
1.28258945352038e-01 1.00000000000000e+05 
1.28422763821193e-01 1.00000000000000e+05 
1.28589690478058e-01 1.00000000000000e+05 
1.28755446091154e-01 1.00000000000000e+05 
1.28922872145227e-01 1.00000000000000e+05 
1.29090309190133e-01 1.00000000000000e+05 
1.29258277413235e-01 1.00000000000000e+05 
1.29426290639917e-01 1.00000000000000e+05 
1.29594835542646e-01 1.00000000000000e+05 
1.29763460357453e-01 1.00000000000000e+05 
1.29932621354502e-01 1.00000000000000e+05 
1.30101897727827e-01 1.00000000000000e+05 
1.30271717991196e-01 1.00000000000000e+05 
1.30441462642710e-01 1.00000000000000e+05 
1.30611593111084e-01 1.00000000000000e+05 
1.30781824236425e-01 1.00000000000000e+05 
1.30952598425855e-01 1.00000000000000e+05 
1.31123342754583e-01 1.00000000000000e+05 
1.31294485708367e-01 1.00000000000000e+05 
1.31465790706982e-01 1.00000000000000e+05 
1.31637293598054e-01 1.00000000000000e+05 
1.31808909744684e-01 1.00000000000000e+05 
1.31980711443509e-01 1.00000000000000e+05 
1.32152651083599e-01 1.00000000000000e+05 
1.32324778777170e-01 1.00000000000000e+05 
1.32497072536303e-01 1.00000000000000e+05 
1.32669559383439e-01 1.00000000000000e+05 
1.32842240713500e-01 1.00000000000000e+05 
1.33015122602883e-01 1.00000000000000e+05 
1.33188228616154e-01 1.00000000000000e+05 
1.33361545071688e-01 1.00000000000000e+05 
1.33534868236126e-01 1.00000000000000e+05 
1.33708620745817e-01 1.00000000000000e+05 
1.33882478228153e-01 1.00000000000000e+05 
1.34056416850710e-01 1.00000000000000e+05 
1.34230330543970e-01 1.00000000000000e+05 
1.34404693392887e-01 1.00000000000000e+05 
1.34579197567924e-01 1.00000000000000e+05 
1.34753807313919e-01 1.00000000000000e+05 
1.34928435327810e-01 1.00000000000000e+05 
1.35103153042574e-01 1.00000000000000e+05 
1.35277899301194e-01 1.00000000000000e+05 
1.35452743887614e-01 1.00000000000000e+05 
1.35627635551164e-01 1.00000000000000e+05 
1.35802635992573e-01 1.00000000000000e+05 
1.35977701171311e-01 1.00000000000000e+05 
1.36152886557505e-01 1.00000000000000e+05 
1.36328153488196e-01 1.00000000000000e+05 
1.36503552380474e-01 1.00000000000000e+05 
1.36679048336952e-01 1.00000000000000e+05 
1.36854688043691e-01 1.00000000000000e+05 
1.37030440157640e-01 1.00000000000000e+05 
1.37206347159999e-01 1.00000000000000e+05 
1.37382379773933e-01 1.00000000000000e+05 
1.37558578292784e-01 1.00000000000000e+05 
1.37734914234266e-01 1.00000000000000e+05 
1.37911427088802e-01 1.00000000000000e+05 
1.38088088315251e-01 1.00000000000000e+05 
1.38264937335628e-01 1.00000000000000e+05 
1.38441944869670e-01 1.00000000000000e+05 
1.38619151166469e-01 1.00000000000000e+05 
1.38796525820406e-01 1.00000000000000e+05 
1.38974109780572e-01 1.00000000000000e+05 
1.39151873302167e-01 1.00000000000000e+05 
1.39329857245089e-01 1.00000000000000e+05 
1.39508033177326e-01 1.00000000000000e+05 
1.39686441506249e-01 1.00000000000000e+05 
1.39865056248293e-01 1.00000000000000e+05 
1.40043916571255e-01 1.00000000000000e+05 
1.40223000558404e-01 1.00000000000000e+05 
1.40402345037818e-01 1.00000000000000e+05 
1.40581934073676e-01 1.00000000000000e+05 
1.40761800563596e-01 1.00000000000000e+05 
1.40941936917708e-01 1.00000000000000e+05 
1.41122370112797e-01 1.00000000000000e+05 
1.41303093503325e-01 1.00000000000000e+05 
1.41484134346544e-01 1.00000000000000e+05 
1.41665495779040e-01 1.00000000000000e+05 
1.41847199354745e-01 1.00000000000000e+05 
1.42029269873942e-01 1.00000000000000e+05 
1.42211711010070e-01 1.00000000000000e+05 
1.42394573713239e-01 1.00000000000000e+05 
1.42577839355857e-01 1.00000000000000e+05 
1.42761589063198e-01 1.00000000000000e+05 
1.42945779112308e-01 1.00000000000000e+05 
1.43130525171537e-01 1.00000000000000e+05 
1.43315217811115e-01 1.00000000000000e+05 
1.43489875463136e-01 1.00000000000000e+05 
1.43664613157938e-01 1.00000000000000e+05 
1.43819949708295e-01 1.00000000000000e+05 
1.43978513137563e-01 1.00000000000000e+05 
1.44133879556590e-01 1.00000000000000e+05 
1.44299937261435e-01 1.00000000000000e+05 
1.44455359194715e-01 1.00000000000000e+05 
1.44617547070700e-01 1.00000000000000e+05 
1.44773067417515e-01 1.00000000000000e+05 
1.44933462941428e-01 1.00000000000000e+05 
1.45089136383687e-01 1.00000000000000e+05 
1.45248738160209e-01 1.00000000000000e+05 
1.45404633267800e-01 1.00000000000000e+05 
1.45563896281686e-01 1.00000000000000e+05 
1.45720100301805e-01 1.00000000000000e+05 
1.45879337643127e-01 1.00000000000000e+05 
1.46035955912176e-01 1.00000000000000e+05 
1.46195421643295e-01 1.00000000000000e+05 
1.46352579696609e-01 1.00000000000000e+05 
1.46512518299840e-01 1.00000000000000e+05 
1.46670367971727e-01 1.00000000000000e+05 
1.46831041460639e-01 1.00000000000000e+05 
1.46989770981977e-01 1.00000000000000e+05 
1.47151484332003e-01 1.00000000000000e+05 
1.47311310847135e-01 1.00000000000000e+05 
1.47474505723428e-01 1.00000000000000e+05 
1.47635747694063e-01 1.00000000000000e+05 
1.47803826105556e-01 1.00000000000000e+05 
1.47966585781355e-01 1.00000000000000e+05 
1.48137322125483e-01 1.00000000000000e+05 
1.48302301791487e-01 1.00000000000000e+05 
1.48472265706324e-01 1.00000000000000e+05 
1.48640192255663e-01 1.00000000000000e+05 
1.48809628108841e-01 1.00000000000000e+05 
1.48978700914243e-01 1.00000000000000e+05 
1.49147351638416e-01 1.00000000000000e+05 
1.49315660580353e-01 1.00000000000000e+05 
1.49483724398777e-01 1.00000000000000e+05 
1.49651506571603e-01 1.00000000000000e+05 
1.49819162129148e-01 1.00000000000000e+05 
1.49986554514119e-01 1.00000000000000e+05 
1.50153583542649e-01 1.00000000000000e+05 
1.50320398104824e-01 1.00000000000000e+05 
1.50487044667320e-01 1.00000000000000e+05 
1.50653520798141e-01 1.00000000000000e+05 
1.50819789265331e-01 1.00000000000000e+05 
1.50985890189585e-01 1.00000000000000e+05 
1.51151680737058e-01 1.00000000000000e+05 
1.51302881821365e-01 1.00000000000000e+05 
1.51454591289989e-01 1.00000000000000e+05 
1.51607018597934e-01 1.00000000000000e+05 
1.51760753702755e-01 1.00000000000000e+05 
1.51915664035998e-01 1.00000000000000e+05 
1.52072642355088e-01 1.00124962374164e+05 
1.52223864945930e-01 1.00572386296486e+05 
1.52379063037806e-01 1.01477328327130e+05 
1.52531635483696e-01 1.02991572204933e+05 
1.52688199917402e-01 1.05344222393373e+05 
1.52837687555683e-01 1.08281758395418e+05 
1.52989078928352e-01 1.11890234238881e+05 
1.53135225752758e-01 1.15809940947515e+05 
1.53285696947235e-01 1.20372463251600e+05 
1.53429943189700e-01 1.25021902274531e+05 
1.53579047862142e-01 1.29766856752436e+05 
1.53722812693210e-01 1.34126936651491e+05 
1.53869854054898e-01 1.38687907291794e+05 
1.54014140322475e-01 1.42568088733075e+05 
1.54161007445894e-01 1.45498768904209e+05 
1.54306135489564e-01 1.47530570640338e+05 
1.54452738829753e-01 1.48892251665421e+05 
1.54599258805375e-01 1.49269129864034e+05 
1.54741485604964e-01 1.49137628461901e+05 
1.54885533545321e-01 1.49031462847477e+05 
1.55029871592146e-01 1.48904394201366e+05 
1.55173385693310e-01 1.48688921231370e+05 
1.55316335554491e-01 1.48413397243372e+05 
1.55459254822496e-01 1.48064396380923e+05 
1.55602146908961e-01 1.47660742700567e+05 
1.55745565673176e-01 1.47233527058970e+05 
1.55889314215499e-01 1.46792442220057e+05 
1.56034062907638e-01 1.46361604101418e+05 
1.56179500479423e-01 1.45935020982223e+05 
1.56326372510762e-01 1.45522757800022e+05 
1.56473369465062e-01 1.45110863972197e+05 
1.56609846298076e-01 1.44744763950452e+05 
1.56745743717465e-01 1.44396869545505e+05 
1.56881409004795e-01 1.44073327155202e+05 
1.57016795517629e-01 1.43768934593129e+05 
1.57152227336652e-01 1.43485350534339e+05 
1.57287605725965e-01 1.43221349196596e+05 
1.57423250514622e-01 1.42971183180599e+05 
1.57559037856675e-01 1.42734918540111e+05 
1.57695281018026e-01 1.42506259482113e+05 
1.57831842999568e-01 1.42286315211519e+05 
1.57969025850623e-01 1.42073449774661e+05 
1.58106685212524e-01 1.41863111719901e+05 
1.58245113286780e-01 1.41653731641576e+05 
1.58384162146445e-01 1.41443370981098e+05 
1.58524124728879e-01 1.41231316778206e+05 
1.58664875259049e-01 1.41016200297235e+05 
1.58806790598371e-01 1.40796776207828e+05 
1.58950768933713e-01 1.40571482765050e+05 
1.59097180092913e-01 1.40339535495480e+05 
1.59230100486773e-01 1.40126727048525e+05 
1.59363101667243e-01 1.39911838267708e+05 
1.59496169553253e-01 1.39695360484305e+05 
1.59629444897540e-01 1.39477450693338e+05 
1.59762844135310e-01 1.39258819219417e+05 
1.59896474483046e-01 1.39039722757107e+05 
1.60030241509292e-01 1.38820992952301e+05 
1.60164253969334e-01 1.38602726856465e+05 
1.60298419156495e-01 1.38385667476081e+05 
1.60432851391845e-01 1.38169850347877e+05 
1.60567457335597e-01 1.37955849411776e+05 
1.60702353644872e-01 1.37743607692163e+05 
1.60837442976355e-01 1.37533520276090e+05 
1.60972841604099e-01 1.37325431286046e+05 
1.61108446664208e-01 1.37119659255325e+05 
1.61244373435391e-01 1.36915903095504e+05 
1.61380514770410e-01 1.36714328801550e+05 
1.61516990801587e-01 1.36514578394542e+05 
1.61653707075257e-01 1.36316713228110e+05 
1.61790778375840e-01 1.36120370952560e+05 
1.61928149568509e-01 1.35925435635825e+05 
1.62065937559250e-01 1.35731629217861e+05 
1.62204138432332e-01 1.35538793911599e+05 
1.62342884281585e-01 1.35346603722766e+05 
1.62482187499621e-01 1.35154906242595e+05 
1.62622206267391e-01 1.34963324164767e+05 
1.62763169285110e-01 1.34771457688565e+05 
1.62905401484139e-01 1.34578694302856e+05 
1.63049001555443e-01 1.34384875614599e+05 
1.63194400813407e-01 1.34189232537511e+05 
1.63341622127759e-01 1.33991773006421e+05 
1.63489782565671e-01 1.33793453390511e+05 
1.63638772104251e-01 1.33594472443992e+05 
1.63788777157861e-01 1.33394378065499e+05 
1.63939886360822e-01 1.33193115512589e+05 
1.64081796659249e-01 1.33004211091150e+05 
1.64223804636165e-01 1.32815332533363e+05 
1.64365869915248e-01 1.32626379550467e+05 
1.64508072474937e-01 1.32437303076305e+05 
1.64650378037196e-01 1.32248006711725e+05 
1.64792906411102e-01 1.32058391862947e+05 
1.64935631062713e-01 1.31868375387132e+05 
1.65078775834937e-01 1.31677725525174e+05 
1.65222501072649e-01 1.31486131121919e+05 
1.65366867204670e-01 1.31293598608770e+05 
1.65511913997706e-01 1.31100011959513e+05 
1.65657645523223e-01 1.30905519991472e+05 
1.65804056404223e-01 1.30710049562353e+05 
1.65951138485550e-01 1.30513796221787e+05 
1.66098878387707e-01 1.30316823900232e+05 
1.66247275509118e-01 1.30119364040428e+05 
1.66396328588134e-01 1.29921624431371e+05 
1.66546043337480e-01 1.29723706821701e+05 
1.66696424797741e-01 1.29526083442538e+05 
1.66847436183731e-01 1.29328851251045e+05 
1.66999135618750e-01 1.29132162065731e+05 
1.67151551183014e-01 1.28936699016452e+05 
1.67304847142817e-01 1.28742403228426e+05 
1.67459157909436e-01 1.28550233030015e+05 
1.67602968478827e-01 1.28371531173726e+05 
1.67746837518272e-01 1.28197160250132e+05 
1.67890719501116e-01 1.28026986810952e+05 
1.68034699981454e-01 1.27860324867445e+05 
1.68178723872621e-01 1.27698091364815e+05 
1.68322900656661e-01 1.27539137404535e+05 
1.68467269698015e-01 1.27385402820541e+05 
1.68611998130204e-01 1.27233719948611e+05 
1.68757205130172e-01 1.27084411787547e+05 
1.68902931641356e-01 1.26938673301673e+05 
1.69039464040955e-01 1.26805165456074e+05 
1.69175996934308e-01 1.26676003842608e+05 
1.69312543771423e-01 1.26551662377061e+05 
1.69449096992632e-01 1.26432610132151e+05 
1.69585672007309e-01 1.26314688738899e+05 
1.69722260392872e-01 1.26203040221360e+05 
1.69858878239894e-01 1.26096215883154e+05 
1.69995515911330e-01 1.25993988175689e+05 
1.70132189820171e-01 1.25895265727126e+05 
1.70268889627360e-01 1.25801887084741e+05 
1.70405632229551e-01 1.25710706584236e+05 
1.70542407154011e-01 1.25619431983983e+05 
1.70679232053314e-01 1.25528473718973e+05 
1.70816096982924e-01 1.25437392656035e+05 
1.70953019861683e-01 1.25346590258164e+05 
1.71089991873436e-01 1.25255249211068e+05 
1.71227031680991e-01 1.25163804260730e+05 
1.71364131883033e-01 1.25072755681528e+05 
1.71501312517579e-01 1.24979712146553e+05 
1.71638567631635e-01 1.24885396288300e+05 
1.71775919103608e-01 1.24788987690022e+05 
1.71913362324278e-01 1.24690081481954e+05 
1.72050921453221e-01 1.24588435672718e+05 
1.72188593089217e-01 1.24482913923204e+05 
1.72326404316010e-01 1.24376308184976e+05 
1.72464352799545e-01 1.24266444566321e+05 
1.72602469354500e-01 1.24153081237483e+05 
1.72740752093315e-01 1.24036090912151e+05 
1.72879236993876e-01 1.23915299210672e+05 
1.73017922566192e-01 1.23790776055280e+05 
1.73156851833566e-01 1.23663151588041e+05 
1.73296022984380e-01 1.23532601552109e+05 
1.73435488137117e-01 1.23398801024797e+05 
1.73575244838128e-01 1.23262280653476e+05 
1.73715359037165e-01 1.23123429590522e+05 
1.73855824467737e-01 1.22981621416884e+05 
1.73996735604509e-01 1.22836554246565e+05 
1.74138068947883e-01 1.22689233206276e+05 
1.74279960814453e-01 1.22539954063335e+05 
1.74422376322314e-01 1.22388747356173e+05 
1.74565500106698e-01 1.22235777188569e+05 
1.74709286640503e-01 1.22081103264683e+05 
1.74853988972398e-01 1.21924914974428e+05 
1.74999547969334e-01 1.21767430574799e+05 
1.75145353078443e-01 1.21609852362038e+05 
1.75291087612366e-01 1.21452819714824e+05 
1.75436775317589e-01 1.21296508345638e+05 
1.75582399961363e-01 1.21141257232750e+05 
1.75727984365655e-01 1.20987102694516e+05 
1.75873511817137e-01 1.20834600292724e+05 
1.76019004322207e-01 1.20682227158279e+05 
1.76164444714024e-01 1.20532382457018e+05 
1.76309854111969e-01 1.20384960064418e+05 
1.76455214540138e-01 1.20239631684301e+05 
1.76600546506877e-01 1.20096597952082e+05 
1.76745831305089e-01 1.19955435663488e+05 
1.76891089033673e-01 1.19817691592300e+05 
1.77036300308201e-01 1.19681030390604e+05 
1.77181484984035e-01 1.19545366774290e+05 
1.77326622853522e-01 1.19410989748833e+05 
1.77471733800940e-01 1.19278002080162e+05 
1.77616797278532e-01 1.19146894770290e+05 
1.77761833382293e-01 1.19016871790559e+05 
1.77902710458869e-01 1.18892083636627e+05 
1.78047672278638e-01 1.18765180215896e+05 
1.78192587430590e-01 1.18639901739632e+05 
1.78337476557725e-01 1.18515636149182e+05 
1.78482320770522e-01 1.18392675740944e+05 
1.78627141364737e-01 1.18270400781903e+05 
1.78765527870556e-01 1.18154420520146e+05 
1.78903983046613e-01 1.18038670959921e+05 
1.79042587445060e-01 1.17923379264233e+05 
1.79181303514310e-01 1.17807786919541e+05 
1.79320198394895e-01 1.17692605977520e+05 
1.79459197193494e-01 1.17578191454984e+05 
1.79598364694086e-01 1.17464119444116e+05 
1.79737687734347e-01 1.17350637900290e+05 
1.79877210654123e-01 1.17236923679023e+05 
1.80016953777634e-01 1.17123171941516e+05 
1.80156945897941e-01 1.17008599623269e+05 
1.80297202236153e-01 1.16893061643543e+05 
1.80437736432586e-01 1.16776623891759e+05 
1.80578557214987e-01 1.16658851370340e+05 
1.80719669499581e-01 1.16539676989147e+05 
1.80861078125891e-01 1.16419142424952e+05 
1.81002786874868e-01 1.16297580977464e+05 
1.81144805799652e-01 1.16175033843062e+05 
1.81287142535433e-01 1.16051523880608e+05 
1.81429818176886e-01 1.15927084524774e+05 
1.81572843904148e-01 1.15801779711247e+05 
1.81716253076378e-01 1.15675668799816e+05 
1.81860057475162e-01 1.15548813604159e+05 
1.82004316759773e-01 1.15421234500050e+05 
1.82149024877006e-01 1.15293010074463e+05 
1.82293751703449e-01 1.15164600491477e+05 
1.82438481635705e-01 1.15036068941361e+05 
1.82583229038734e-01 1.14907382456486e+05 
1.82727983973045e-01 1.14778623563315e+05 
1.82872761160018e-01 1.14649759271936e+05 
1.83017552204940e-01 1.14520886588102e+05 
1.83162372073870e-01 1.14391977298012e+05 
1.83307213553777e-01 1.14263119265833e+05 
1.83452091479960e-01 1.14134295472010e+05 
1.83596999461551e-01 1.14005572018545e+05 
1.83741952061919e-01 1.13876940519648e+05 
1.83886943375687e-01 1.13748449867153e+05 
1.84031979233630e-01 1.13620118222180e+05 
1.84177047056955e-01 1.13491998097595e+05 
1.84322156563571e-01 1.13364092858380e+05 
1.84467294288202e-01 1.13236446849421e+05 
1.84612472611342e-01 1.13109045225844e+05 
1.84757677864709e-01 1.12981930310864e+05 
1.84902924420364e-01 1.12855078769721e+05 
1.85048207365187e-01 1.12728526835713e+05 
1.85193533486989e-01 1.12602254590401e+05 
1.85338897687450e-01 1.12476297673887e+05 
1.85484305296718e-01 1.12350636505975e+05 
1.85629753056563e-01 1.12225299316793e+05 
1.85775243697256e-01 1.12100270771358e+05 
1.85920777024263e-01 1.11975571926043e+05 
1.86066353316612e-01 1.11851191850622e+05 
1.86211976123266e-01 1.11727142703846e+05 
1.86357643674578e-01 1.11603414390463e+05 
1.86503362989052e-01 1.11480010148772e+05 
1.86645783597633e-01 1.11359740847661e+05 
1.86788219023099e-01 1.11239801127074e+05 
1.86930677850946e-01 1.11120165880087e+05 
1.87073169869273e-01 1.11000829106586e+05 
1.87215661358827e-01 1.10881797362788e+05 
1.87358172336371e-01 1.10763053839399e+05 
1.87500688657001e-01 1.10644585527028e+05 
1.87643250032138e-01 1.10526357715112e+05 
1.87785856914242e-01 1.10408344140617e+05 
1.87928550131085e-01 1.10290508165132e+05 
1.88071330887067e-01 1.10172823174591e+05 
1.88214234745864e-01 1.10055257504285e+05 
1.88357260342692e-01 1.09937789007834e+05 
1.88500442864018e-01 1.09820387109252e+05 
1.88643774299202e-01 1.09703040038828e+05 
1.88787298035308e-01 1.09585713263521e+05 
1.88930989699538e-01 1.09468416012367e+05 
1.89074907226168e-01 1.09351109976563e+05 
1.89219011194456e-01 1.09233831210492e+05 
1.89363379104237e-01 1.09116536767512e+05 
1.89507964886819e-01 1.08999276317771e+05 
1.89652869672284e-01 1.08882009802764e+05 
1.89798044427876e-01 1.08764798492314e+05 
1.89943617965547e-01 1.08647608574999e+05 
1.90089540966513e-01 1.08530522321067e+05 
1.90235973779415e-01 1.08413519829723e+05 
1.90382868087896e-01 1.08296677227011e+05 
1.90530416490760e-01 1.08179951711060e+05 
1.90678663632603e-01 1.08063481576596e+05 
1.90827785998712e-01 1.07947180444200e+05 
1.90977987866362e-01 1.07831197405885e+05 
1.91129372857952e-01 1.07715631517703e+05 
1.91282231065132e-01 1.07600367216497e+05 
1.91433947051102e-01 1.07487607887083e+05 
1.91587190979057e-01 1.07375558905965e+05 
1.91739045573693e-01 1.07266565395157e+05 
1.91892450038325e-01 1.07158851772659e+05 
1.92044454724864e-01 1.07055081213951e+05 
1.92198035170846e-01 1.06951378504871e+05 
1.92350195765414e-01 1.06852984036616e+05 
1.92503963094451e-01 1.06757997268236e+05 
1.92656297344674e-01 1.06667296565011e+05 
1.92810281214536e-01 1.06581015690560e+05 
1.92954015696179e-01 1.06504764589347e+05 
1.93097927668912e-01 1.06430423298260e+05 
1.93241987925087e-01 1.06356614146938e+05 
1.93386176013154e-01 1.06287892075520e+05 
1.93530473929244e-01 1.06223852305299e+05 
1.93674871571550e-01 1.06164387285578e+05 
1.93819364857421e-01 1.06109709782954e+05 
1.93963951762893e-01 1.06059361554178e+05 
1.94108637439489e-01 1.06013093118080e+05 
1.94253424094430e-01 1.05968507403251e+05 
1.94398322471412e-01 1.05926200399914e+05 
1.94543336489957e-01 1.05886341773961e+05 
1.94688480458741e-01 1.05848401976120e+05 
1.94833758463712e-01 1.05813881905847e+05 
1.94979186968868e-01 1.05782570813782e+05 
1.95124768795680e-01 1.05753859863773e+05 
1.95270521144555e-01 1.05727215253515e+05 
1.95416444183514e-01 1.05702571842518e+05 
1.95562198030490e-01 1.05679799347917e+05 
1.95708474590531e-01 1.05658623769356e+05 
1.95854743687651e-01 1.05638719244812e+05 
1.96001368228010e-01 1.05619693347673e+05 
1.96148007064784e-01 1.05601021649120e+05 
1.96295015255023e-01 1.05582462562388e+05 
1.96441942023008e-01 1.05565733472147e+05 
1.96589371697486e-01 1.05547130961447e+05 
1.96736564867260e-01 1.05526967089321e+05 
1.96884340647885e-01 1.05504954405871e+05 
1.97031795597827e-01 1.05481643668191e+05 
1.97179944659306e-01 1.05456629923428e+05 
1.97327723149825e-01 1.05429433377236e+05 
1.97476298409669e-01 1.05399890379327e+05 
1.97624436097891e-01 1.05370423589239e+05 
1.97773466620406e-01 1.05340681231047e+05 
1.97922011377080e-01 1.05309951111198e+05 
1.98071567363665e-01 1.05276450079780e+05 
1.98220579677362e-01 1.05240609931236e+05 
1.98370384431613e-01 1.05201176159093e+05 
1.98519940963768e-01 1.05157269715662e+05 
1.98669855990611e-01 1.05108211438189e+05 
1.98819978653578e-01 1.05053113409171e+05 
1.98970256227515e-01 1.04994449621621e+05 
1.99120834214691e-01 1.04930826802139e+05 
1.99271625301086e-01 1.04861821304185e+05 
1.99422782278621e-01 1.04787676211422e+05 
1.99574218229547e-01 1.04711119896645e+05 
1.99726099101171e-01 1.04631049644719e+05 
1.99878318589170e-01 1.04547810523347e+05 
2.00031051186802e-01 1.04460759235452e+05 
2.00184337973973e-01 1.04370006373069e+05 
