# Liste des scalaires : TEMPS pmat 
0.00000000000000e+00 1.00000000000000e+05 
7.22956891292051e-05 1.00000000000000e+05 
1.39473830159788e-04 1.00000000000000e+05 
2.09658797050090e-04 1.00000000000000e+05 
2.76117114236756e-04 1.00000000000000e+05 
3.20638761908159e-04 1.00000000000000e+05 
3.55139419127712e-04 1.00000000000000e+05 
3.84466703006995e-04 1.00000000000000e+05 
4.10882456555400e-04 1.00000000000000e+05 
4.35440253196377e-04 1.00000000000000e+05 
4.62453829501453e-04 1.00000000000000e+05 
4.92168763437036e-04 1.00000000000000e+05 
5.24855190766177e-04 1.00000000000000e+05 
5.60810260828233e-04 1.00000000000000e+05 
6.00360837896494e-04 1.00000000000000e+05 
6.43866472671581e-04 1.00000000000000e+05 
6.91722670924177e-04 1.00000000000000e+05 
7.44364489002032e-04 1.00000000000000e+05 
8.02270488887673e-04 1.00000000000000e+05 
8.65967088761878e-04 1.00000000000000e+05 
9.36033348623504e-04 1.00000000000000e+05 
1.01310623447129e-03 1.00000000000000e+05 
1.09788640890386e-03 1.00000000000000e+05 
1.19114460077968e-03 1.00000000000000e+05 
1.28874595968000e-03 1.00000000000000e+05 
1.39427742078095e-03 1.00000000000000e+05 
1.50221628496849e-03 1.00000000000000e+05 
1.61553425418808e-03 1.00000000000000e+05 
1.73457305734182e-03 1.00000000000000e+05 
1.85505735532103e-03 1.00000000000000e+05 
1.97878464165752e-03 1.00000000000000e+05 
2.10852517026621e-03 1.00000000000000e+05 
2.18310225301979e-03 1.00000000000000e+05 
2.25817106494204e-03 1.00000000000000e+05 
2.33417372735797e-03 1.00000000000000e+05 
2.41048857465599e-03 1.00000000000000e+05 
2.48828482990511e-03 1.00000000000000e+05 
2.56649157945333e-03 1.00000000000000e+05 
2.64562025979040e-03 1.00000000000000e+05 
2.72530444073558e-03 1.00000000000000e+05 
2.80612498067980e-03 1.00000000000000e+05 
2.88782511877199e-03 1.00000000000000e+05 
2.96525640066359e-03 1.00000000000000e+05 
3.04327585107204e-03 1.00000000000000e+05 
3.12209536661887e-03 1.00000000000000e+05 
3.20171528121037e-03 1.00000000000000e+05 
3.28206186000444e-03 1.00000000000000e+05 
3.36338020420724e-03 1.00000000000000e+05 
3.44579511365065e-03 1.00000000000000e+05 
3.52930960251621e-03 1.00000000000000e+05 
3.61408361175866e-03 1.00000000000000e+05 
3.70733502192535e-03 1.00000000000000e+05 
3.80991157310871e-03 1.00000000000000e+05 
3.91874861015775e-03 1.00000000000000e+05 
4.01042442381610e-03 1.00000000000000e+05 
4.10436872960163e-03 1.00000000000000e+05 
4.20100349002277e-03 1.00000000000000e+05 
4.30128006037228e-03 1.00000000000000e+05 
4.40494619743336e-03 1.00000000000000e+05 
4.51259255180886e-03 1.00000000000000e+05 
4.62347036892042e-03 1.00000000000000e+05 
4.73794498845569e-03 1.00000000000000e+05 
4.85501980241796e-03 1.00000000000000e+05 
4.97298112552781e-03 1.00000000000000e+05 
5.09122445596439e-03 1.00000000000000e+05 
5.20957073511430e-03 1.00000000000000e+05 
5.32812871959513e-03 1.00000000000000e+05 
5.45727539636832e-03 1.00000000000000e+05 
5.57952891649524e-03 1.00000000000000e+05 
5.70490288328321e-03 1.00000000000000e+05 
5.83380801751958e-03 1.00000000000000e+05 
5.96636320753248e-03 1.00000000000000e+05 
6.10274952535845e-03 1.00000000000000e+05 
6.24319568988576e-03 1.00000000000000e+05 
6.38773102369814e-03 1.00000000000000e+05 
6.53680335190015e-03 1.00000000000000e+05 
6.69027396315188e-03 1.00000000000000e+05 
6.84899003350208e-03 1.00000000000000e+05 
7.01209445609135e-03 1.00000000000000e+05 
7.18011325041906e-03 1.00000000000000e+05 
7.35082135417419e-03 1.00000000000000e+05 
7.52057209557830e-03 1.00000000000000e+05 
7.69086413287358e-03 1.00000000000000e+05 
7.85911912310483e-03 1.00000000000000e+05 
8.02709041399159e-03 1.00000000000000e+05 
8.19242684590692e-03 1.00000000000000e+05 
8.35705517017469e-03 1.00000000000000e+05 
8.51954846506898e-03 1.00000000000000e+05 
8.68180052681206e-03 1.00000000000000e+05 
8.84190149773443e-03 1.00000000000000e+05 
9.00158603325208e-03 1.00000000000000e+05 
9.15911547055381e-03 1.00000000000000e+05 
9.29346083374620e-03 1.00000000000000e+05 
9.44124073325784e-03 1.00000000000000e+05 
9.57572512704287e-03 1.00000000000000e+05 
9.72365796020640e-03 1.00000000000000e+05 
9.85812360431903e-03 1.00000000000000e+05 
1.00060358128429e-02 1.00000000000000e+05 
1.01406932846655e-02 1.00000000000000e+05 
1.02866664301818e-02 1.00000000000000e+05 
1.04220389334676e-02 1.00000000000000e+05 
1.05580961209333e-02 1.00000000000000e+05 
1.06945645501692e-02 1.00000000000000e+05 
1.08318887279504e-02 1.00000000000000e+05 
1.09697334131402e-02 1.00000000000000e+05 
1.11085218047950e-02 1.00000000000000e+05 
1.12477911379858e-02 1.00000000000000e+05 
1.13879462550551e-02 1.00000000000000e+05 
1.15284270024616e-02 1.00000000000000e+05 
1.16694477002385e-02 1.00000000000000e+05 
1.18108882823898e-02 1.00000000000000e+05 
1.19523296877649e-02 1.00000000000000e+05 
1.20946503111790e-02 1.00000000000000e+05 
1.22365054636763e-02 1.00000000000000e+05 
1.23790830045789e-02 1.00000000000000e+05 
1.25213213123802e-02 1.00000000000000e+05 
1.26635063736218e-02 1.00000000000000e+05 
1.28061338853203e-02 1.00000000000000e+05 
1.29476766559881e-02 1.00000000000000e+05 
1.30902102475974e-02 1.00000000000000e+05 
1.32311934573008e-02 1.00000000000000e+05 
1.33732316505865e-02 1.00000000000000e+05 
1.35137278460196e-02 1.00000000000000e+05 
1.36553074108925e-02 1.00000000000000e+05 
1.37953303416078e-02 1.00000000000000e+05 
1.39364184156029e-02 1.00000000000000e+05 
1.40759009472785e-02 1.00000000000000e+05 
1.42163749171892e-02 1.00000000000000e+05 
1.43551698097504e-02 1.00000000000000e+05 
1.44949349001312e-02 1.00000000000000e+05 
1.46330145236799e-02 1.00000000000000e+05 
1.47721024810514e-02 1.00000000000000e+05 
1.49096176364230e-02 1.00000000000000e+05 
1.50482451293757e-02 1.00000000000000e+05 
1.51857190290260e-02 1.00000000000000e+05 
1.53245735429370e-02 1.00000000000000e+05 
1.54629934466466e-02 1.00000000000000e+05 
1.56035606862878e-02 1.00000000000000e+05 
1.57448674271922e-02 1.00000000000000e+05 
1.58835825611135e-02 1.00000000000000e+05 
1.60287894327167e-02 1.00000000000000e+05 
1.61666112259592e-02 1.00000000000000e+05 
1.63045272056460e-02 1.00000000000000e+05 
1.64316302793563e-02 1.00000000000000e+05 
1.65574998571355e-02 1.00000000000000e+05 
1.66824586765739e-02 1.00000000000000e+05 
1.68065961476824e-02 1.00000000000000e+05 
1.69303081560490e-02 1.00000000000000e+05 
1.70536410572209e-02 1.00000000000000e+05 
1.71770371777915e-02 1.00000000000000e+05 
1.73005384223206e-02 1.00000000000000e+05 
1.74245890117784e-02 1.00000000000000e+05 
1.75491563379914e-02 1.00000000000000e+05 
1.76767699588950e-02 1.00000000000000e+05 
1.78075905224918e-02 1.00000000000000e+05 
1.79345973644491e-02 1.00000000000000e+05 
1.80669720806682e-02 1.00000000000000e+05 
1.81955775224275e-02 1.00000000000000e+05 
1.83158695186254e-02 1.00000000000000e+05 
1.84363235904941e-02 1.00000000000000e+05 
1.85570547571451e-02 1.00000000000000e+05 
1.86782485626785e-02 1.00000000000000e+05 
1.88002189853138e-02 1.00000000000000e+05 
1.89231041980625e-02 1.00000000000000e+05 
1.90469721032720e-02 1.00000000000000e+05 
1.91721015031381e-02 1.00000000000000e+05 
1.92986628588506e-02 1.00000000000000e+05 
1.94270214553204e-02 1.00000000000000e+05 
1.95572109602309e-02 1.00000000000000e+05 
1.96899352586199e-02 1.00000000000000e+05 
1.98254983986667e-02 1.00000000000000e+05 
1.99647173233463e-02 1.00000000000000e+05 
2.01056130144833e-02 1.00000000000000e+05 
2.02468096001167e-02 1.00000000000000e+05 
2.03882845828758e-02 1.00000000000000e+05 
2.05237933676020e-02 1.00000000000000e+05 
2.06655697954108e-02 1.00000000000000e+05 
2.07927399115504e-02 1.00000000000000e+05 
2.09205077888508e-02 1.00000000000000e+05 
2.10488806937562e-02 1.00000000000000e+05 
2.11779134661378e-02 1.00000000000000e+05 
2.13076596873250e-02 1.00000000000000e+05 
2.14381120526258e-02 1.00000000000000e+05 
2.15693813466837e-02 1.00000000000000e+05 
2.17014184055914e-02 1.00000000000000e+05 
2.18344060574723e-02 1.00000000000000e+05 
2.19682715348272e-02 1.00000000000000e+05 
2.21032860609788e-02 1.00000000000000e+05 
2.22393308376324e-02 1.00000000000000e+05 
2.23767402656686e-02 1.00000000000000e+05 
2.25154094671779e-02 1.00000000000000e+05 
2.26557031985806e-02 1.00000000000000e+05 
2.27978204676520e-02 1.00000000000000e+05 
2.29418948056576e-02 1.00000000000000e+05 
2.30869699418174e-02 1.00000000000000e+05 
2.32322463486008e-02 1.00000000000000e+05 
2.33779998480537e-02 1.00000000000000e+05 
2.35240460125364e-02 1.00000000000000e+05 
2.36706694038326e-02 1.00000000000000e+05 
2.38176791576576e-02 1.00000000000000e+05 
2.39653729892674e-02 1.00000000000000e+05 
2.41135608144824e-02 1.00000000000000e+05 
2.42625804146883e-02 1.00000000000000e+05 
2.44122261934589e-02 1.00000000000000e+05 
2.45628822177377e-02 1.00000000000000e+05 
2.47143271598958e-02 1.00000000000000e+05 
2.48670067379253e-02 1.00000000000000e+05 
2.50206968514663e-02 1.00000000000000e+05 
2.51759083156983e-02 1.00000000000000e+05 
2.53324290043694e-02 1.00000000000000e+05 
2.54908510772876e-02 1.00000000000000e+05 
2.56343084883069e-02 1.00000000000000e+05 
2.57776970801227e-02 1.00000000000000e+05 
2.59211485938366e-02 1.00000000000000e+05 
2.60646774829159e-02 1.00000000000000e+05 
2.62085158694382e-02 1.00000000000000e+05 
2.63525785468453e-02 1.00000000000000e+05 
2.64953068993949e-02 1.00000000000000e+05 
2.66382465892317e-02 1.00000000000000e+05 
2.67813784984306e-02 1.00000000000000e+05 
2.69247142901922e-02 1.00000000000000e+05 
2.70682374270781e-02 1.00000000000000e+05 
2.72119502012350e-02 1.00000000000000e+05 
2.73558402964667e-02 1.00000000000000e+05 
2.74999012204248e-02 1.00000000000000e+05 
2.76441315408095e-02 1.00000000000000e+05 
2.77885430490166e-02 1.00000000000000e+05 
2.79330078009522e-02 1.00000000000000e+05 
2.80775497149776e-02 1.00000000000000e+05 
2.82222086958790e-02 1.00000000000000e+05 
2.83669900322244e-02 1.00000000000000e+05 
2.85119131873454e-02 1.00000000000000e+05 
2.86569844499920e-02 1.00000000000000e+05 
2.88020805660473e-02 1.00000000000000e+05 
2.89454013751466e-02 1.00000000000000e+05 
2.90887532087716e-02 1.00000000000000e+05 
2.92320700142302e-02 1.00000000000000e+05 
2.93754401061662e-02 1.00000000000000e+05 
2.95188389650009e-02 1.00000000000000e+05 
2.96624154918060e-02 1.00000000000000e+05 
2.98062063025979e-02 1.00000000000000e+05 
2.99503716449197e-02 1.00000000000000e+05 
3.00948618913185e-02 1.00000000000000e+05 
3.02397414653748e-02 1.00000000000000e+05 
3.03849690836490e-02 1.00000000000000e+05 
3.05305979717687e-02 1.00000000000000e+05 
3.06766140033229e-02 1.00000000000000e+05 
3.08230542823393e-02 1.00000000000000e+05 
3.09692749589544e-02 1.00000000000000e+05 
3.11161702268651e-02 1.00000000000000e+05 
3.12623769810447e-02 1.00000000000000e+05 
3.14096308893260e-02 1.00000000000000e+05 
3.15558276079855e-02 1.00000000000000e+05 
3.17035431722817e-02 1.00000000000000e+05 
3.18497455563050e-02 1.00000000000000e+05 
3.19980639468580e-02 1.00000000000000e+05 
3.21442867350737e-02 1.00000000000000e+05 
3.22928159567042e-02 1.00000000000000e+05 
3.24390736926917e-02 1.00000000000000e+05 
3.25871738884471e-02 1.00000000000000e+05 
3.27334832073981e-02 1.00000000000000e+05 
3.28812802373228e-02 1.00000000000000e+05 
3.30276517268160e-02 1.00000000000000e+05 
3.31725637005989e-02 1.00000000000000e+05 
3.33175048155463e-02 1.00000000000000e+05 
3.34625293084750e-02 1.00000000000000e+05 
3.36075900449487e-02 1.00000000000000e+05 
3.37527387277779e-02 1.00000000000000e+05 
3.38979417396729e-02 1.00000000000000e+05 
3.40432474966725e-02 1.00000000000000e+05 
3.41886411564681e-02 1.00000000000000e+05 
3.43343152526661e-02 1.00000000000000e+05 
3.44802448401849e-02 1.00000000000000e+05 
3.46264882583272e-02 1.00000000000000e+05 
3.47729884506344e-02 1.00000000000000e+05 
3.49197544975270e-02 1.00000000000000e+05 
3.50667430865918e-02 1.00000000000000e+05 
3.52139602789494e-02 1.00000000000000e+05 
3.53613797253613e-02 1.00000000000000e+05 
3.55090125689561e-02 1.00000000000000e+05 
3.56568461050677e-02 1.00000000000000e+05 
3.58048937660222e-02 1.00000000000000e+05 
3.59509089092482e-02 1.00000000000000e+05 
3.60968864964109e-02 1.00000000000000e+05 
3.62428370876562e-02 1.00000000000000e+05 
3.63887426543180e-02 1.00000000000000e+05 
3.65347122132072e-02 1.00000000000000e+05 
3.66806778570152e-02 1.00000000000000e+05 
3.68267839778187e-02 1.00000000000000e+05 
3.69730024565649e-02 1.00000000000000e+05 
3.71193262072880e-02 1.00000000000000e+05 
3.72656585659939e-02 1.00000000000000e+05 
3.74119889279359e-02 1.00000000000000e+05 
3.75583185463967e-02 1.00143888723049e+05 
3.77046550829599e-02 1.00724334605838e+05 
3.78510010108645e-02 1.01962014202299e+05 
3.79973597071773e-02 1.04046520898463e+05 
3.81437339951725e-02 1.07195861085898e+05 
3.82901245971115e-02 1.11521895130603e+05 
3.84365340054354e-02 1.17114621379121e+05 
3.85829620277844e-02 1.23945565208022e+05 
3.87294113482442e-02 1.31627900397229e+05 
3.88758805945313e-02 1.39796509890988e+05 
3.90223694660701e-02 1.48079564970486e+05 
3.91682774737682e-02 1.56857148099026e+05 
3.93147103106622e-02 1.66155649567319e+05 
3.94605790823112e-02 1.73712943560620e+05 
3.96068882696930e-02 1.79800130263175e+05 
3.97527242570352e-02 1.84500575371300e+05 
3.98989267953625e-02 1.87991600545422e+05 
4.00450523901406e-02 1.89709252932741e+05 
4.01911974512271e-02 1.89602406028079e+05 
4.03370981789061e-02 1.89517584247889e+05 
4.04834581357902e-02 1.89323460510053e+05 
4.06291890456118e-02 1.88986015904682e+05 
4.07755470252244e-02 1.88495343443611e+05 
4.09211979708681e-02 1.87864707599825e+05 
4.10675828343358e-02 1.87027018728666e+05 
4.12132134292729e-02 1.85916401115856e+05 
4.13596639761783e-02 1.84575882602521e+05 
4.15052967588746e-02 1.83123712066155e+05 
4.16518511012133e-02 1.81584346613031e+05 
4.17974855833042e-02 1.80004161111661e+05 
4.19441743520171e-02 1.78391841365155e+05 
4.20898005269868e-02 1.76790340887624e+05 
4.22366458471930e-02 1.75207422933738e+05 
4.23822496240270e-02 1.73704993943130e+05 
4.25291680519178e-02 1.72258250455994e+05 
4.26747345015538e-02 1.70906864181085e+05 
4.28216083487367e-02 1.69634160380692e+05 
4.29671229726434e-02 1.68470243572316e+05 
4.31139379766209e-02 1.67391649907201e+05 
4.32593880059908e-02 1.66416131069539e+05 
4.34061322063987e-02 1.65517598809243e+05 
4.35515074145206e-02 1.64705895732891e+05 
4.36981717051196e-02 1.63958314205489e+05 
4.38461753980586e-02 1.63262936689861e+05 
4.39943373804254e-02 1.62619883082904e+05 
4.41426290249314e-02 1.62017142230724e+05 
4.42910957209684e-02 1.61444810522098e+05 
4.44397057917422e-02 1.60909457140898e+05 
4.45885092234998e-02 1.60378093617872e+05 
4.47374710735856e-02 1.59844499117051e+05 
4.48866479404981e-02 1.59303370690954e+05 
4.50359994836869e-02 1.58751258197581e+05 
4.51830710129459e-02 1.58193875263480e+05 
4.53301138996965e-02 1.57618396205493e+05 
4.54771451119206e-02 1.57014795309328e+05 
4.56241554512452e-02 1.56403244602064e+05 
4.57711571578950e-02 1.55783789516565e+05 
4.59181503219462e-02 1.55153111705036e+05 
4.60651413784353e-02 1.54506085801635e+05 
4.62121420891669e-02 1.53841362231471e+05 
4.63591504223396e-02 1.53157768067776e+05 
4.65061923374770e-02 1.52454296860678e+05 
4.66534558170924e-02 1.51730254400129e+05 
4.68009324727803e-02 1.50991715226470e+05 
4.69486117951733e-02 1.50243251087430e+05 
4.70964697494716e-02 1.49486049621221e+05 
4.72444664232374e-02 1.48723213996068e+05 
4.73925891755057e-02 1.47955391010834e+05 
4.75407099716379e-02 1.47186852155016e+05 
4.76887944040681e-02 1.46419532280577e+05 
4.78368541647934e-02 1.45654832153443e+05 
4.79848949528778e-02 1.44894346355569e+05 
4.81329253994118e-02 1.44139383315485e+05 
4.82809502408510e-02 1.43391272065433e+05 
4.84289763305153e-02 1.42650653491600e+05 
4.85770065627815e-02 1.41918528156985e+05 
4.87250455951403e-02 1.41195012142773e+05 
4.88730960348720e-02 1.40480827012109e+05 
4.90187278940301e-02 1.39787164504756e+05 
4.91643446118520e-02 1.39102885439309e+05 
4.93098798747270e-02 1.38427683890310e+05 
4.94555555233035e-02 1.37760932577378e+05 
4.96012330369205e-02 1.37102436743629e+05 
4.97470655194445e-02 1.36451894264442e+05 
4.98929834227066e-02 1.35808677483306e+05 
5.00390240569796e-02 1.35172996123428e+05 
5.01851130174263e-02 1.34544233532406e+05 
5.03312835080355e-02 1.33922594024818e+05 
5.04774722753527e-02 1.33307534390665e+05 
5.06237246658231e-02 1.32699092822115e+05 
5.07700101935368e-02 1.32096826701053e+05 
5.09163920040836e-02 1.31500612441282e+05 
5.10628632237002e-02 1.30910159124661e+05 
5.12094746240831e-02 1.30325279871410e+05 
5.13562244407636e-02 1.29745859110597e+05 
5.15031439424927e-02 1.29171741801373e+05 
5.16502314518403e-02 1.28602936821301e+05 
5.17975016431366e-02 1.28039331944942e+05 
5.19449553860796e-02 1.27481013778963e+05 
5.20925928505762e-02 1.26927911555864e+05 
5.22404219320315e-02 1.26380150336653e+05 
5.23884288126197e-02 1.25837701567780e+05 
5.25366324686648e-02 1.25300632193782e+05 
5.26850079006238e-02 1.24768948304054e+05 
5.28335885312891e-02 1.24242677883832e+05 
5.29823406736227e-02 1.23721845682387e+05 
5.31313149567683e-02 1.23206449484925e+05 
5.32804686696153e-02 1.22696518682286e+05 
5.34298706805860e-02 1.22192028176936e+05 
5.35794686929570e-02 1.21693036499292e+05 
5.37293507375190e-02 1.21199489846600e+05 
5.38794533836568e-02 1.20711432858951e+05 
5.40298844662303e-02 1.20228678618788e+05 
5.41805554260479e-02 1.19751370048352e+05 
5.43313817831614e-02 1.19279947522495e+05 
5.44823966932812e-02 1.18814005140766e+05 
5.46335828327876e-02 1.18353978036911e+05 
5.47849778896781e-02 1.17899477747540e+05 
5.49365619711602e-02 1.17450820241191e+05 
5.50883782269566e-02 1.17007660169910e+05 
5.52404033678550e-02 1.16570196864146e+05 
5.53926871636492e-02 1.16138092536917e+05 
5.55452021495661e-02 1.15711285270065e+05 
5.56980062420565e-02 1.15289504383288e+05 
5.58510669230107e-02 1.14873046403600e+05 
5.60044515779218e-02 1.14461581648882e+05 
5.61581221339629e-02 1.14055302595294e+05 
5.63121564586977e-02 1.13653833374751e+05 
5.64665109798129e-02 1.13257292246049e+05 
5.66212758677110e-02 1.12865278639835e+05 
5.67678970402408e-02 1.12498956195309e+05 
5.69145341434738e-02 1.12137347646042e+05 
5.70611181896290e-02 1.11780494504386e+05 
5.72077185362830e-02 1.11428091180516e+05 
5.73542869628990e-02 1.11080110983091e+05 
5.75010761901867e-02 1.10735856556450e+05 
5.76480366111663e-02 1.10395310034668e+05 
5.77952046024482e-02 1.10058323558713e+05 
5.79425175526907e-02 1.09724900877655e+05 
5.80899927550120e-02 1.09394960860981e+05 
5.82375801957171e-02 1.09068473074873e+05 
5.83853082156100e-02 1.08745352310444e+05 
5.85331407233624e-02 1.08425545950098e+05 
5.86811154428179e-02 1.08108966905977e+05 
5.88292144450794e-02 1.07795539872050e+05 
5.89774668009913e-02 1.07485210081581e+05 
5.91258664611708e-02 1.07177890085684e+05 
5.92744332348645e-02 1.06873555734075e+05 
5.94231744752416e-02 1.06572096708871e+05 
5.95720988080897e-02 1.06273522641331e+05 
5.97212281126377e-02 1.05977694248169e+05 
5.98705584285245e-02 1.05684657293494e+05 
6.00201274369309e-02 1.05394239763098e+05 
6.01699174798505e-02 1.05106524499663e+05 
6.03199835101007e-02 1.04821304144287e+05 
6.04702931598320e-02 1.04538698598360e+05 
6.06209203131886e-02 1.04258462108703e+05 
6.07718169009031e-02 1.03980750175187e+05 
6.09230775982189e-02 1.03705277413992e+05 
6.10746377401683e-02 1.03432232502876e+05 
6.12266148287301e-02 1.03161294302168e+05 
6.13789265898084e-02 1.02892683932786e+05 
6.15317156551427e-02 1.02626045566291e+05 
6.16848813043918e-02 1.02360756354561e+05 
6.18385939413633e-02 1.02098442630959e+05 
6.19927335699225e-02 1.01836722676352e+05 
6.21475014824619e-02 1.01578574397707e+05 
6.23027576983279e-02 1.01320849949038e+05 
6.24587382231858e-02 1.01066462305923e+05 
6.26152824653510e-02 1.00812527662890e+05 
6.27726655817230e-02 1.00561027597453e+05 
6.29307068022623e-02 1.00310618008711e+05 
6.30897224515869e-02 1.00061145550369e+05 
6.32495140227207e-02 9.98139986823099e+04 
6.33972522845093e-02 9.95875196549431e+04 
6.35450140823522e-02 9.93638659687933e+04 
6.36927173018304e-02 9.91421102194951e+04 
6.38404370227187e-02 9.89230085489928e+04 
6.39881069891832e-02 9.87056663992619e+04 
6.41357989437269e-02 9.84907723678637e+04 
6.42834730939530e-02 9.82775024192627e+04 
6.44313792529312e-02 9.80662022021228e+04 
6.45794684905965e-02 9.78562038633632e+04 
6.47277799084165e-02 9.76480849991859e+04 
6.48762535650873e-02 9.74412911428069e+04 
6.50249092377319e-02 9.72363002300325e+04 
6.51737022098236e-02 9.70326199670062e+04 
6.53226583682184e-02 9.68305834918600e+04 
6.54717529565514e-02 9.66297737326037e+04 
6.56210093155620e-02 9.64305004166942e+04 
6.57704182799138e-02 9.62322989630295e+04 
6.59199969777622e-02 9.60354323051928e+04 
6.60697523819959e-02 9.58394490509053e+04 
6.62196921556529e-02 9.56446159337724e+04 
6.63698405387558e-02 9.54504522369236e+04 
6.65201923266817e-02 9.52572853335835e+04 
6.66707904602704e-02 9.50645839925133e+04 
6.68216144693619e-02 9.48731033587392e+04 
6.69727279116119e-02 9.46813927897238e+04 
6.71240932827776e-02 9.44912701956133e+04 
6.72757968654808e-02 9.43001424710672e+04 
6.74277828268423e-02 9.41106899804514e+04 
6.75801625953375e-02 9.39201412752044e+04 
6.77328608392762e-02 9.37313485607672e+04 
6.78860166377581e-02 9.35412895624411e+04 
6.80395341699443e-02 9.33532576430325e+04 
6.81935829978711e-02 9.31640527025007e+04 
6.83480457575139e-02 9.29774221926793e+04 
6.85031258251119e-02 9.27900366089019e+04 
6.86586832581518e-02 9.26051162481176e+04 
6.88149592350363e-02 9.24201392735356e+04 
6.89717904704582e-02 9.22383094967449e+04 
6.91294604668945e-02 9.20595033557034e+04 
6.92877831853580e-02 9.18833603685735e+04 
6.94470896721058e-02 9.17094743006061e+04 
6.96071727903867e-02 9.15387333799181e+04 
6.97553408194106e-02 9.13873422661100e+04 
6.99035321800906e-02 9.12420669746160e+04 
7.00516638816406e-02 9.11049433280530e+04 
7.01998169778996e-02 9.09750269383205e+04 
7.03479241244233e-02 9.08387622776627e+04 
7.04960637601148e-02 9.07175367642321e+04 
7.06441959939504e-02 9.06099015830977e+04 
7.07925760238114e-02 9.05144958323694e+04 
7.09411523090929e-02 9.04300802805602e+04 
7.10899725060280e-02 9.03552882944333e+04 
7.12389753416189e-02 9.02900417163464e+04 
7.13881893751074e-02 9.02451220115368e+04 
7.15375744091713e-02 9.02084687666564e+04 
7.16871579948001e-02 9.01723309037318e+04 
7.18369175560829e-02 9.01373112034652e+04 
7.19868766286846e-02 9.01023512978987e+04 
7.21370310129808e-02 9.00680708322438e+04 
7.22873954629740e-02 9.00455380578793e+04 
7.24379846005002e-02 9.00364262874499e+04 
7.25888011545917e-02 9.00422996123037e+04 
7.27398798817850e-02 9.00691032498583e+04 
7.28912081703601e-02 9.01195137458362e+04 
7.30428423515664e-02 9.01971768223142e+04 
7.31947521696225e-02 9.03046685559458e+04 
7.33470173505275e-02 9.04437015632642e+04 
7.34995885154390e-02 9.06061158448405e+04 
7.36525708946625e-02 9.07923701150662e+04 
7.38058946882022e-02 9.10007607684558e+04 
7.39596930337458e-02 9.12301284536650e+04 
7.41138745215290e-02 9.14781847715359e+04 
7.42686029646735e-02 9.17439492331572e+04 
7.44237643592257e-02 9.20252801672475e+04 
7.45795564005499e-02 9.23193987660132e+04 
7.47358417429104e-02 9.26225840266027e+04 
7.48928557967215e-02 9.29317617964166e+04 
7.50504374161048e-02 9.32424750168915e+04 
7.52088645799270e-02 9.35519909361214e+04 
7.53679520989735e-02 9.38612219833172e+04 
7.55280248964139e-02 9.41636045048185e+04 
7.56888758979083e-02 9.44526037674452e+04 
7.58377002259315e-02 9.47060220233876e+04 
7.59865632673797e-02 9.49391146968474e+04 
7.61353823799781e-02 9.51501802434715e+04 
7.62842379728363e-02 9.53445246104094e+04 
7.64330614629159e-02 9.55422899481298e+04 
7.65819302125415e-02 9.57013652230102e+04 
7.67308069388162e-02 9.58263385859312e+04 
7.68799407606895e-02 9.59211626756878e+04 
7.70292754746601e-02 9.59866694969334e+04 
7.71788584872227e-02 9.60308601257269e+04 
7.73286281511259e-02 9.60552999188145e+04 
7.74786133305163e-02 9.60637610857669e+04 
7.76287711966568e-02 9.60234528558130e+04 
7.77791258406778e-02 9.59834046013687e+04 
7.79296517649033e-02 9.59436623840022e+04 
7.80803687984217e-02 9.59043410108096e+04 
7.82312685357595e-02 9.58637557093809e+04 
7.83823644987493e-02 9.58206941285317e+04 
7.85336657454489e-02 9.57756376484768e+04 
7.86851758734702e-02 9.57282037693876e+04 
7.88369215885642e-02 9.56790817671146e+04 
7.89888938028064e-02 9.56269638483463e+04 
7.91411378501344e-02 9.55712886360787e+04 
7.92936294563597e-02 9.55123275711334e+04 
7.94464339906553e-02 9.54502334002205e+04 
7.95995101087608e-02 9.53868683658698e+04 
7.97524250711811e-02 9.53230487242810e+04 
7.99049294344381e-02 9.52590702018658e+04 
8.00571190028768e-02 9.51952415169244e+04 
8.02091791456792e-02 9.51321443904865e+04 
8.03612516542282e-02 9.50701460507277e+04 
8.05131525764492e-02 9.50101414218185e+04 
8.06651474791353e-02 9.49519087771539e+04 
8.08173907417608e-02 9.48966618308790e+04 
8.09699545297291e-02 9.48447801802130e+04 
8.11229294591265e-02 9.47974322360209e+04 
8.12763416480427e-02 9.47499793968408e+04 
8.14302736299982e-02 9.47110045251564e+04 
8.15847301169828e-02 9.46791461235281e+04 
8.17179985718280e-02 9.46575866946165e+04 
8.18550575424337e-02 9.46397570081349e+04 
8.19889531442831e-02 9.46285988846659e+04 
8.21260565792829e-02 9.46230216961229e+04 
8.22600263271395e-02 9.46184069143028e+04 
8.23970875268423e-02 9.46161845466002e+04 
8.25310317156827e-02 9.46163631480919e+04 
8.26679683476661e-02 9.46197140996168e+04 
8.28018620942602e-02 9.46250360187429e+04 
8.29386639933272e-02 9.46334714133153e+04 
8.30725218299689e-02 9.46454788989926e+04 
8.32092098514561e-02 9.46621712791305e+04 
8.33430568554503e-02 9.46810431941783e+04 
8.34796574120700e-02 9.47018192027737e+04 
8.36135196190811e-02 9.47242236026939e+04 
8.37500597892376e-02 9.47492473473097e+04 
8.38839624766623e-02 9.47755966632252e+04 
8.40204702851838e-02 9.48037231641576e+04 
8.41544377154009e-02 9.48338793850093e+04 
8.42909396025330e-02 9.48653600706992e+04 
8.44249928207146e-02 9.48963009441038e+04 
8.45616739476234e-02 9.49278818731613e+04 
8.46990229932903e-02 9.49589933471450e+04 
8.48347749170669e-02 9.49892478353260e+04 
8.49731015726446e-02 9.50190173937109e+04 
8.51090792837570e-02 9.50474359940811e+04 
8.52475607467699e-02 9.50750415093163e+04 
8.53888760464210e-02 9.51051518715943e+04 
8.55301264939722e-02 9.51320622449886e+04 
8.56779508224581e-02 9.51569399457382e+04 
8.58200159801619e-02 9.51766122102893e+04 
8.59691252972886e-02 9.51950558903548e+04 
8.61118636225104e-02 9.52115668570105e+04 
8.62618475512573e-02 9.52269591852174e+04 
8.64051635637847e-02 9.52404437657910e+04 
8.65559235166182e-02 9.52526995841887e+04 
8.66997738549942e-02 9.52587511978545e+04 
8.68512777806373e-02 9.52642036020894e+04 
8.69956474526291e-02 9.52685146036663e+04 
8.71478863548089e-02 9.52720814414430e+04 
8.72927760797940e-02 9.52741295581249e+04 
8.74454983566063e-02 9.52739309556291e+04 
8.75909128050132e-02 9.52710628300904e+04 
8.77432346425323e-02 9.52653332308536e+04 
8.78891804671370e-02 9.52565942229494e+04 
8.80363216432091e-02 9.52447968901473e+04 
8.81828266997467e-02 9.52304427818646e+04 
8.83294835926050e-02 9.52140682427757e+04 
8.84761654322018e-02 9.51961416493369e+04 
8.86226373920630e-02 9.51770002498664e+04 
8.87691857050052e-02 9.51567412261408e+04 
8.89156861809445e-02 9.51356152539530e+04 
8.90622831230229e-02 9.51139209243916e+04 
8.92089200192832e-02 9.50918793271165e+04 
8.93556674370210e-02 9.50696764920607e+04 
8.95025648737768e-02 9.50475524850163e+04 
8.96496352393485e-02 9.50259857046056e+04 
8.97970612454396e-02 9.50050287474411e+04 
8.99447701363535e-02 9.49852429863195e+04 
9.00931029720659e-02 9.49647032765121e+04 
9.02418762485294e-02 9.49467741166516e+04 
9.03916152770637e-02 9.49306946219248e+04 
9.05409698139022e-02 9.49168763334505e+04 
9.06927544661576e-02 9.49047024227476e+04 
9.08418936861957e-02 9.48958149490376e+04 
9.09965121005907e-02 9.48877149360940e+04 
9.11461973171714e-02 9.48795529294010e+04 
9.12900396713372e-02 9.48723409527659e+04 
9.14338588809926e-02 9.48656352498289e+04 
9.15774751384677e-02 9.48595834104941e+04 
9.17212716290571e-02 9.48541840149305e+04 
9.18651675062864e-02 9.48498142735516e+04 
9.20093369542444e-02 9.48468848242628e+04 
9.21538066594327e-02 9.48452272237253e+04 
9.22986314780247e-02 9.48447508984357e+04 
9.24439957461477e-02 9.48451208245290e+04 
9.25898686787931e-02 9.48463754229015e+04 
9.27366388536402e-02 9.48484263290223e+04 
9.28841431517106e-02 9.48511897700832e+04 
9.30329803621029e-02 9.48546465394650e+04 
9.31828641946059e-02 9.48587460178113e+04 
9.33345998669712e-02 9.48633892465733e+04 
9.34868312084882e-02 9.48684592329862e+04 
9.36294396609917e-02 9.48734274244114e+04 
9.37720462230634e-02 9.48785454143546e+04 
9.39145073365734e-02 9.48836701576729e+04 
9.40572598170964e-02 9.48887843228448e+04 
9.42002317994339e-02 9.48937445216080e+04 
9.43436289077488e-02 9.48987610901900e+04 
9.44874811566230e-02 9.49036070354349e+04 
9.46318815600025e-02 9.49081871083911e+04 
9.47770095604950e-02 9.49122901214475e+04 
9.49228480641261e-02 9.49158796811773e+04 
9.50697483833112e-02 9.49187940287147e+04 
9.52175913682422e-02 9.49210239322527e+04 
9.53669669070127e-02 9.49224442531058e+04 
9.55176345245202e-02 9.49230726751212e+04 
9.56601820639343e-02 9.49236417520507e+04 
9.58027936048907e-02 9.49242385458400e+04 
9.59452864351827e-02 9.49230618682523e+04 
9.60879141271330e-02 9.49206684405226e+04 
9.62305983159693e-02 9.49168601882845e+04 
9.63737594020929e-02 9.49120323205781e+04 
9.65173975653878e-02 9.49059206390710e+04 
9.66616790501066e-02 9.48989349974682e+04 
9.68066901891418e-02 9.48906419938563e+04 
9.69524750693279e-02 9.48813589503675e+04 
9.70992572448335e-02 9.48705475160430e+04 
9.72469769177417e-02 9.48566984471017e+04 
9.73960245423301e-02 9.48426458238636e+04 
9.75462431070204e-02 9.48279933511523e+04 
9.76982024330738e-02 9.48129920159361e+04 
9.78417028769106e-02 9.47983389144906e+04 
9.79851387162245e-02 9.47831979661930e+04 
9.81287408653365e-02 9.47666305536688e+04 
9.82723797310268e-02 9.47488052555009e+04 
9.84164314702908e-02 9.47293346988355e+04 
9.85608238283451e-02 9.47083948140960e+04 
9.87058106643526e-02 9.46854699966649e+04 
9.88513906909017e-02 9.46602372701852e+04 
9.89976957193219e-02 9.46327225362009e+04 
9.91448198018201e-02 9.46024711900273e+04 
9.92927988428808e-02 9.45695441632463e+04 
9.94418509884315e-02 9.45341472632953e+04 
9.95919185457643e-02 9.44967241507370e+04 
9.97433652472017e-02 9.44570880591795e+04 
9.98960468225152e-02 9.44154089449639e+04 
1.00041021971679e-01 9.43741942198350e+04 
1.00186181169113e-01 9.43317053723846e+04 
1.00331371595649e-01 9.42878810218523e+04 
1.00476782839269e-01 9.42427481163123e+04 
1.00622296059670e-01 9.41962780853049e+04 
1.00768256437173e-01 9.41484887811970e+04 
1.00914541076652e-01 9.40993707844137e+04 
1.01061441003473e-01 9.40489064842570e+04 
1.01208956531476e-01 9.39976791005585e+04 
1.01357205204101e-01 9.39455798823893e+04 
1.01506254912001e-01 9.38918254194960e+04 
1.01656134001410e-01 9.38364915393786e+04 
1.01807017347999e-01 9.37797627235655e+04 
1.01958850411509e-01 9.37217961863147e+04 
1.02111936362307e-01 9.36626801924249e+04 
1.02266141127021e-01 9.36016834474093e+04 
1.02421917086750e-01 9.35396458920607e+04 
1.02569008870642e-01 9.34816574788608e+04 
1.02716120411794e-01 9.34235344213687e+04 
1.02863428728499e-01 9.33655368076753e+04 
1.03010799606829e-01 9.33068364371512e+04 
1.03158415114716e-01 9.32470355200082e+04 
1.03306213586869e-01 9.31861688491891e+04 
1.03454561997485e-01 9.31236741563714e+04 
1.03603434435305e-01 9.30600010064937e+04 
1.03752965636990e-01 9.29945465160120e+04 
1.03903170928569e-01 9.29272682712656e+04 
1.04054101378460e-01 9.28579744552899e+04 
1.04205860233782e-01 9.27866765843513e+04 
1.04358427171183e-01 9.27134853128199e+04 
1.04512013932795e-01 9.26383390260573e+04 
1.04666527462303e-01 9.25612889840934e+04 
1.04822305823932e-01 9.24821776323388e+04 
1.04979184071697e-01 9.24011442772496e+04 
1.05137642340695e-01 9.23179140855834e+04 
1.05289501835017e-01 9.22371476318762e+04 
1.05441756749643e-01 9.21550841682848e+04 
1.05594567133443e-01 9.20719295248122e+04 
1.05747545429999e-01 9.19878042670769e+04 
1.05900855210455e-01 9.19027526842458e+04 
1.06054304833780e-01 9.18167524290614e+04 
1.06208267400500e-01 9.17296880038001e+04 
1.06362593427227e-01 9.16416991651051e+04 
1.06517460519212e-01 9.15527983019854e+04 
1.06672747496628e-01 9.14631066500378e+04 
1.06828630879687e-01 9.13726724714758e+04 
1.06985085623040e-01 9.12815301300232e+04 
1.07142202572805e-01 9.11897962797783e+04 
1.07300053533418e-01 9.10974279073487e+04 
1.07458655375559e-01 9.10045948161863e+04 
1.07618194500703e-01 9.09111735380834e+04 
1.07778614345186e-01 9.08173911758979e+04 
1.07940232420033e-01 9.07230220582420e+04 
1.08102918127671e-01 9.06283397425305e+04 
1.08255407668420e-01 9.05398183150573e+04 
1.08408049808043e-01 9.04515847610175e+04 
1.08560712462548e-01 9.03636478598189e+04 
1.08713541631386e-01 9.02760705274899e+04 
1.08866435567092e-01 9.01888395416122e+04 
1.09019610474604e-01 9.01019740524126e+04 
1.09172984838438e-01 9.00154483387529e+04 
1.09326877891422e-01 8.99292266834802e+04 
1.09481261303802e-01 8.98432579689494e+04 
1.09636246893554e-01 8.97576298153630e+04 
1.09791834237214e-01 8.96722868494379e+04 
1.09948067999397e-01 8.95873448110442e+04 
1.10105016168289e-01 8.95027294487999e+04 
1.10262670138382e-01 8.94185689995485e+04 
1.10421183518900e-01 8.93347682773987e+04 
1.10579301276575e-01 8.92521033528740e+04 
1.10739648968936e-01 8.91691990421082e+04 
1.10900922906798e-01 8.90868800258042e+04 
1.11063486009728e-01 8.90049676168053e+04 
1.11227158545691e-01 8.89237128172045e+04 
1.11380505312742e-01 8.88486793792413e+04 
1.11533996700733e-01 8.87747679904417e+04 
1.11687507104449e-01 8.87019911469261e+04 
1.11841180493348e-01 8.86304261797149e+04 
1.11994918285495e-01 8.85600540599420e+04 
1.12148932534089e-01 8.84909629469827e+04 
1.12303223055019e-01 8.84230361206896e+04 
1.12458012677279e-01 8.83563302774665e+04 
1.12613248564566e-01 8.82907941732914e+04 
1.12769039735820e-01 8.82265724355426e+04 
1.12925374880595e-01 8.81636191175391e+04 
1.13082310108802e-01 8.81019798551412e+04 
1.13239894765488e-01 8.80415910980753e+04 
1.13398138442250e-01 8.79827692556964e+04 
1.13557161760740e-01 8.79254351362483e+04 
1.13716924020207e-01 8.78698538224673e+04 
1.13877627528449e-01 8.78157487492699e+04 
1.14039177809525e-01 8.77634786543261e+04 
1.14201871608759e-01 8.77114085889661e+04 
1.14365558239571e-01 8.76618780435497e+04 
1.14530640934917e-01 8.76145519654263e+04 
1.14688631093092e-01 8.75713520328545e+04 
1.14846964530365e-01 8.75299422794326e+04 
1.15005761780124e-01 8.74902162199473e+04 
1.15164699988190e-01 8.74522869372374e+04 
1.15323908118575e-01 8.74161204817618e+04 
1.15483209953109e-01 8.73828628524259e+04 
1.15642915781675e-01 8.73504290028585e+04 
1.15802899994964e-01 8.73185846251309e+04 
1.15963318426565e-01 8.72879446993728e+04 
1.16124041156318e-01 8.72587307605166e+04 
1.16285203370710e-01 8.72314770613483e+04 
1.16446724044596e-01 8.72065612194088e+04 
1.16608750926857e-01 8.71839240034381e+04 
1.16771273600440e-01 8.71631381016873e+04 
1.16934370805272e-01 8.71434537988565e+04 
1.17098099325023e-01 8.71278294473781e+04 
1.17262479479668e-01 8.71161426551886e+04 
1.17427649868154e-01 8.71076932074819e+04 
1.17593569572573e-01 8.71020694229487e+04 
1.17760471175929e-01 8.70992942543205e+04 
1.17928251634869e-01 8.70994414540203e+04 
1.18097250883206e-01 8.71049260805685e+04 
1.18267306610212e-01 8.71118016527274e+04 
1.18434949834721e-01 8.71196143500125e+04 
1.18592065311798e-01 8.71280592427504e+04 
1.18749512890844e-01 8.71372653537847e+04 
1.18907276105239e-01 8.71492366842755e+04 
1.19065403290798e-01 8.71652112706440e+04 
1.19224043533101e-01 8.71861363659698e+04 
1.19383189917959e-01 8.72127984058115e+04 
1.19542809133734e-01 8.72461153359933e+04 
1.19702914783706e-01 8.72866665497059e+04 
1.19863459014742e-01 8.73353894745922e+04 
1.20024517894678e-01 8.73911103661496e+04 
1.20186029553477e-01 8.74533448882908e+04 
1.20348139511854e-01 8.75217756630552e+04 
1.20510752733639e-01 8.75964407513012e+04 
1.20674094681868e-01 8.76768757947126e+04 
1.20838043011052e-01 8.77629861680303e+04 
1.21002914745559e-01 8.78542874251127e+04 
1.21168535924522e-01 8.79504269951010e+04 
1.21335308738267e-01 8.80510029918942e+04 
1.21503000752263e-01 8.81556294552276e+04 
1.21672106747941e-01 8.82640250907843e+04 
1.21842341072080e-01 8.83756121268928e+04 
1.22000864245604e-01 8.84809516424441e+04 
1.22159527727809e-01 8.85875833401617e+04 
1.22318183275593e-01 8.86949495425127e+04 
1.22476989316592e-01 8.88026157494389e+04 
1.22635834285285e-01 8.89098445633840e+04 
1.22795037257140e-01 8.90162323713797e+04 
1.22954444836009e-01 8.91211180193443e+04 
1.23114312586660e-01 8.92256578501025e+04 
1.23274583583639e-01 8.93279192076901e+04 
1.23435365511845e-01 8.94269699586765e+04 
1.23596632595900e-01 8.95219699850456e+04 
1.23758441242390e-01 8.96123623805611e+04 
1.23920827644527e-01 8.96980408245795e+04 
1.24083799739358e-01 8.97869696263730e+04 
1.24247469517976e-01 8.98663502666572e+04 
1.24411795378716e-01 8.99374095724340e+04 
1.24576977042414e-01 9.00014619622319e+04 
1.24742916339231e-01 9.00594381609262e+04 
1.24909913044560e-01 9.01113337347459e+04 
1.25077833348696e-01 9.01590895234737e+04 
1.25247084447090e-01 9.01945414141134e+04 
1.25417477670858e-01 9.02298540952879e+04 
1.25576914898157e-01 9.02627976100153e+04 
1.25736490698720e-01 9.02959400587393e+04 
1.25896086788293e-01 9.03289755275552e+04 
1.26055844058257e-01 9.03603927732557e+04 
1.26215671173361e-01 9.03902824805648e+04 
1.26375708898785e-01 9.04186338319846e+04 
1.26535995118050e-01 9.04446580917674e+04 
1.26696777980541e-01 9.04685182537098e+04 
1.26857998142686e-01 9.04896247172143e+04 
1.27019753846017e-01 9.05076452643400e+04 
1.27182004775160e-01 9.05221156608475e+04 
1.27344812820831e-01 9.05341973670512e+04 
1.27508186057670e-01 9.05439979256776e+04 
1.27672156515146e-01 9.05517178881360e+04 
1.27836790043657e-01 9.05573794695721e+04 
1.28002077053083e-01 9.05611959102685e+04 
1.28168147358379e-01 9.05632328867164e+04 
1.28334943342764e-01 9.05638019078522e+04 
1.28502665887964e-01 9.05630389868789e+04 
1.28671205379538e-01 9.05613848856507e+04 
1.28840838407444e-01 9.05589419557746e+04 
1.29011409902643e-01 9.05559843661671e+04 
1.29183280272925e-01 9.05526915909862e+04 
1.29356252526838e-01 9.05493364762189e+04 
1.29526736435815e-01 9.05462464054784e+04 
1.29687331366533e-01 9.05437903997314e+04 
1.29848292910869e-01 9.05421419004803e+04 
1.30009600041066e-01 9.05413917396136e+04 
1.30171283919172e-01 9.05418812153488e+04 
1.30333497438307e-01 9.05438355536764e+04 
1.30496212708074e-01 9.05477208600708e+04 
1.30659393906283e-01 9.05537629869618e+04 
1.30823024083746e-01 9.05624330857557e+04 
1.30987063787242e-01 9.05732668443590e+04 
1.31151538344817e-01 9.05873177999848e+04 
1.31316412845909e-01 9.06049132192882e+04 
1.31481752967309e-01 9.06264684570510e+04 
1.31647512549850e-01 9.06523833994364e+04 
1.31813795805848e-01 9.06802343227880e+04 
1.31980537135170e-01 9.07120670974699e+04 
1.32147880568373e-01 9.07507714718167e+04 
1.32315737018073e-01 9.07957058018078e+04 
1.32484293360069e-01 9.08457857825956e+04 
1.32653432840146e-01 9.09006070666235e+04 
1.32823387944212e-01 9.09603557357035e+04 
1.32994012336164e-01 9.10268592899622e+04 
1.33165587084869e-01 9.10946720539076e+04 
1.33337936701027e-01 9.11624558342181e+04 
1.33511395887428e-01 9.12318583031290e+04 
1.33685760003855e-01 9.13044007957702e+04 
1.33861422606831e-01 9.13813473171896e+04 
1.34038153052506e-01 9.14644881389644e+04 
1.34202409762958e-01 9.15472460769974e+04 
1.34366807128264e-01 9.16364922713540e+04 
1.34531243573179e-01 9.17318788127513e+04 
1.34695826775457e-01 9.18324119894759e+04 
1.34860478261300e-01 9.19382050505637e+04 
1.35025301405371e-01 9.20488730436995e+04 
1.35190246221100e-01 9.21641983840793e+04 
1.35355617818497e-01 9.22840240222729e+04 
1.35521370145848e-01 9.24080416218041e+04 
1.35687573940431e-01 9.25358271410087e+04 
1.35854166254041e-01 9.26669637475031e+04 
1.36021200861796e-01 9.28009164354638e+04 
1.36188638835850e-01 9.29373131676476e+04 
1.36356515637192e-01 9.30756005759718e+04 
1.36524818526082e-01 9.32153860849020e+04 
1.36693566238952e-01 9.33560276021256e+04 
1.36862775974730e-01 9.34969487076537e+04 
1.37029092693549e-01 9.36349539792708e+04 
1.37199265547988e-01 9.37753104049113e+04 
1.37369929490942e-01 9.39144830519735e+04 
1.37540379687693e-01 9.40513704294914e+04 
1.37712144054906e-01 9.41864093521043e+04 
1.37882758601184e-01 9.43181139607294e+04 
1.38050487607178e-01 9.44446341000876e+04 
1.38223256780747e-01 9.45704999012356e+04 
1.38391435187923e-01 9.46877323741959e+04 
1.38564570717990e-01 9.48025078794840e+04 
1.38733231620269e-01 9.49082098347154e+04 
1.38906835448520e-01 9.50186387783238e+04 
1.39076025013718e-01 9.51159638704982e+04 
1.39250201050967e-01 9.52066210802048e+04 
1.39419974650414e-01 9.52871939964830e+04 
1.39594835589426e-01 9.53632991775663e+04 
1.39761545426098e-01 9.54300562464591e+04 
1.39928635181186e-01 9.54914255700689e+04 
1.40096084792928e-01 9.55443008209402e+04 
1.40263884584085e-01 9.55920538855426e+04 
1.40432084001950e-01 9.56394176135675e+04 
1.40600596712370e-01 9.56866495540899e+04 
1.40769516332777e-01 9.57332977262307e+04 
1.40938804359954e-01 9.57779240946561e+04 
1.41108414629169e-01 9.58199863083770e+04 
1.41278320610734e-01 9.58584944284655e+04 
1.41448481642826e-01 9.58930867953039e+04 
1.41618895833546e-01 9.59226804303261e+04 
1.41789534951329e-01 9.59488541431010e+04 
1.41960412266871e-01 9.59716439383387e+04 
1.42131505950557e-01 9.59923150907553e+04 
1.42302842664255e-01 9.60124852842770e+04 
1.42474400598710e-01 9.60326621448213e+04 
1.42646219409384e-01 9.60531559416543e+04 
1.42818273958374e-01 9.60738975412124e+04 
1.42990616835231e-01 9.60960869103395e+04 
1.43163216674805e-01 9.61201135704096e+04 
1.43336139416262e-01 9.61470596625580e+04 
1.43509344997785e-01 9.61768619992959e+04 
1.43682914071873e-01 9.62111360068956e+04 
1.43856795619766e-01 9.62503052396537e+04 
1.44031085568391e-01 9.62955668448267e+04 
1.44205720218901e-01 9.63446025194678e+04 
1.44380811959995e-01 9.64025871922255e+04 
1.44556283225259e-01 9.64686782191804e+04 
1.44732264646391e-01 9.65421648354177e+04 
1.44908663688931e-01 9.66251980714270e+04 
1.45085630637420e-01 9.67146386401832e+04 
1.45263057340096e-01 9.68055638837874e+04 
1.45441115802805e-01 9.69019466458582e+04 
1.45619681561002e-01 9.70020207303266e+04 
1.45798950970610e-01 9.71079964091252e+04 
1.45978782783534e-01 9.72201851924589e+04 
1.46159400868867e-01 9.73366369561991e+04 
1.46340647560546e-01 9.74571410819644e+04 
1.46522777603766e-01 9.75809753323708e+04 
1.46705617101777e-01 9.77073886554410e+04 
1.46889455857124e-01 9.78355991158553e+04 
1.47074103699767e-01 9.79645762123077e+04 
1.47259901018995e-01 9.80937863909314e+04 
1.47431050754933e-01 9.82114561361959e+04 
1.47602202925385e-01 9.83268813155804e+04 
1.47773431309573e-01 9.84395612355338e+04 
1.47944667418087e-01 9.85485857778599e+04 
1.48115975200109e-01 9.86536552298277e+04 
1.48287298334517e-01 9.87538957332725e+04 
1.48458692595874e-01 9.88491584060378e+04 
1.48630120863437e-01 9.89386306862934e+04 
1.48801846518415e-01 9.90225537153051e+04 
1.48973831952094e-01 9.91004407182118e+04 
1.49146098627759e-01 9.91738812567366e+04 
1.49318595840977e-01 9.92395596592347e+04 
1.49491320974662e-01 9.92974620797869e+04 
1.49664231034903e-01 9.93487396488902e+04 
1.49837329126555e-01 9.93939405963565e+04 
1.50010583446313e-01 9.94335675683684e+04 
1.50184006698683e-01 9.94684190282865e+04 
1.50357579674126e-01 9.94967656160238e+04 
1.50531321053137e-01 9.95189060270537e+04 
1.50705223625289e-01 9.95348488472466e+04 
1.50879298416683e-01 9.95482557611069e+04 
1.51053546960912e-01 9.95548253006893e+04 
1.51227974024160e-01 9.95558501264203e+04 
1.51402590803445e-01 9.95526688057027e+04 
1.51577394234786e-01 9.95462743274627e+04 
1.51752404761920e-01 9.95350396961388e+04 
1.51927611116112e-01 9.95220917124420e+04 
1.52103042902646e-01 9.95089354750843e+04 
1.52278680554607e-01 9.94954690803376e+04 
1.52454567671257e-01 9.94816685652643e+04 
1.52630674709069e-01 9.94675246555082e+04 
1.52807053637572e-01 9.94526836554920e+04 
1.52983667707116e-01 9.94373751759406e+04 
1.53160577596566e-01 9.94217109377584e+04 
1.53337739582349e-01 9.94057962178114e+04 
1.53515222501832e-01 9.93895089652499e+04 
1.53692977138257e-01 9.93734025118509e+04 
1.53871080697267e-01 9.93576987547382e+04 
1.54049478308708e-01 9.93423644120195e+04 
1.54228243346314e-01 9.93276595804279e+04 
1.54407233225701e-01 9.93134540352537e+04 
1.54586520539019e-01 9.93000140112446e+04 
1.54766051360379e-01 9.92871365582178e+04 
1.54945907099599e-01 9.92750646098894e+04 
1.55126026424029e-01 9.92635570567388e+04 
1.55306500001905e-01 9.92527964659270e+04 
1.55487258354567e-01 9.92425216806742e+04 
1.55668401768708e-01 9.92328775906569e+04 
1.55849851278156e-01 9.92235199815325e+04 
1.56031719281732e-01 9.92144577159609e+04 
1.56213912820224e-01 9.92055598954376e+04 
1.56396560367671e-01 9.91968035879035e+04 
1.56579555148543e-01 9.91880734081036e+04 
1.56763042112471e-01 9.91794050130508e+04 
1.56946898232559e-01 9.91705937410410e+04 
1.57131287062411e-01 9.91615526899831e+04 
1.57316066289809e-01 9.91520967650631e+04 
1.57501421639587e-01 9.91420957589779e+04 
1.57687186957598e-01 9.91313782326813e+04 
1.57873572214446e-01 9.91197479825072e+04 
1.58060390538138e-01 9.91071077902145e+04 
1.58247878628811e-01 9.90932869805520e+04 
1.58435846731213e-01 9.90782207024327e+04 
1.58624556416812e-01 9.90617324472255e+04 
1.58813810647272e-01 9.90438117808025e+04 
1.59003895909458e-01 9.90242449507115e+04 
1.59194609633535e-01 9.90030570294806e+04 
1.59386275527720e-01 9.89800764767205e+04 
1.59578240073061e-01 9.89554552535072e+04 
1.59770307629107e-01 9.89291674604672e+04 
1.59962369639070e-01 9.89012600469543e+04 
1.60154214467397e-01 9.88718721534646e+04 
1.60345833821551e-01 9.88410763763302e+04 
1.60537308664956e-01 9.88091274023534e+04 
1.60728226443937e-01 9.87762169774880e+04 
1.60918090904726e-01 9.87428490601408e+04 
1.61108295623919e-01 9.87088950882178e+04 
1.61298036016754e-01 9.86750829010526e+04 
1.61487500021169e-01 9.86415462273233e+04 
1.61676926367354e-01 9.86090066102074e+04 
1.61866154515867e-01 9.85778890419706e+04 
1.62049320760945e-01 9.85497934046677e+04 
1.62236049265723e-01 9.85238886631205e+04 
1.62419320269984e-01 9.85021403086655e+04 
1.62606096087355e-01 9.84846518462054e+04 
1.62789402948452e-01 9.84732872464793e+04 
1.62976238357016e-01 9.84686812289604e+04 
1.63159553822068e-01 9.84722763900920e+04 
1.63346417684518e-01 9.84858220235572e+04 
1.63529717568978e-01 9.85091527499079e+04 
1.63714794720705e-01 9.85449694022627e+04 
1.63898080496697e-01 9.85929977470834e+04 
1.64083167534482e-01 9.86567199227283e+04 
1.64266429312853e-01 9.87364433512639e+04 
1.64451523462653e-01 9.88317967629433e+04 
1.64638707925703e-01 9.89440878794333e+04 
1.64825722430504e-01 9.90742346402017e+04 
1.65012523607119e-01 9.92236437760176e+04 
1.65199212666899e-01 9.93915500358094e+04 
1.65386148450479e-01 9.95781570647928e+04 
1.65573109281929e-01 9.97822566260960e+04 
1.65759947770264e-01 1.00003456100468e+05 
1.65946981675323e-01 1.00240659369697e+05 
1.66134140605212e-01 1.00493023024973e+05 
1.66321277844547e-01 1.00758314901757e+05 
1.66508283863477e-01 1.01035029818572e+05 
1.66695466810733e-01 1.01321277312812e+05 
1.66882772881573e-01 1.01614942631467e+05 
1.67070041075252e-01 1.01912853315031e+05 
1.67257175338307e-01 1.02212819099766e+05 
1.67444467060369e-01 1.02512236063457e+05 
1.67631876432612e-01 1.02808685564146e+05 
1.67819221431991e-01 1.03099312478583e+05 
1.68006859215463e-01 1.03382680555253e+05 
1.68194477885719e-01 1.03655437082898e+05 
1.68381978471413e-01 1.03914861632621e+05 
1.68569604560019e-01 1.04159650317079e+05 
1.68757342449044e-01 1.04388828929288e+05 
1.68944974047635e-01 1.04598511031595e+05 
1.69132883213916e-01 1.04786551691433e+05 
1.69320715904736e-01 1.04953103395677e+05 
1.69508844594482e-01 1.05107284261756e+05 
1.69696881400679e-01 1.05222768139551e+05 
1.69885213722633e-01 1.05302712062726e+05 
1.70073431032998e-01 1.05357699272836e+05 
1.70261937880927e-01 1.05392739557624e+05 
1.70450304862099e-01 1.05405419986159e+05 
1.70638952596542e-01 1.05387516564027e+05 
1.70827434847803e-01 1.05366668811436e+05 
1.71016186839987e-01 1.05341490806770e+05 
1.71204746989281e-01 1.05311802762249e+05 
1.71393563495608e-01 1.05276114228277e+05 
1.71582161413217e-01 1.05235985387558e+05 
1.71771000334928e-01 1.05189354256531e+05 
1.71959593510134e-01 1.05136356902626e+05 
1.72148408971718e-01 1.05077204587395e+05 
1.72336952003724e-01 1.05012640565707e+05 
1.72525697414680e-01 1.04943479823577e+05 
1.72714434087200e-01 1.04869557035059e+05 
1.72903217355420e-01 1.04791861453110e+05 
1.73091936138982e-01 1.04710659832993e+05 
1.73280670796882e-01 1.04626972976971e+05 
1.73469321740512e-01 1.04541142210639e+05 
1.73657971870299e-01 1.04453929819459e+05 
1.73846518846819e-01 1.04365591594137e+05 
1.74035486685278e-01 1.04276520605078e+05 
1.74224485419859e-01 1.04187146885114e+05 
1.74413536396436e-01 1.04097958121458e+05 
1.74602500868904e-01 1.04009357729317e+05 
1.74791466467039e-01 1.03921713556330e+05 
1.74980324643181e-01 1.03835451842655e+05 
1.75169170811645e-01 1.03750672342298e+05 
1.75357899820735e-01 1.03668234673644e+05 
1.75547043422049e-01 1.03587945950050e+05 
1.75736215860891e-01 1.03510630143264e+05 
1.75925450156662e-01 1.03437458087411e+05 
1.76114607902717e-01 1.03364856971022e+05 
1.76303783593820e-01 1.03298983554159e+05 
1.76492868934364e-01 1.03239228455829e+05 
1.76682402287820e-01 1.03184109635074e+05 
1.76871709243368e-01 1.03135884709126e+05 
1.77061242801821e-01 1.03091134398231e+05 
1.77250773632423e-01 1.03047809071778e+05 
1.77440373694577e-01 1.03007594733252e+05 
1.77629935673132e-01 1.02969889775814e+05 
1.77819995637146e-01 1.02936306808063e+05 
1.78009886273578e-01 1.02906455306720e+05 
1.78200057640267e-01 1.02879292249600e+05 
1.78390296073921e-01 1.02853736048352e+05 
1.78580665612159e-01 1.02829666974562e+05 
1.78771079736793e-01 1.02806023833430e+05 
1.78961624049429e-01 1.02782026063226e+05 
1.79152233400211e-01 1.02758863163121e+05 
1.79342989953396e-01 1.02732309606085e+05 
1.79533837314256e-01 1.02702885277011e+05 
1.79724852757761e-01 1.02670772290302e+05 
1.79915985276504e-01 1.02635044942517e+05 
1.80107308286616e-01 1.02595830527875e+05 
1.80298774606680e-01 1.02555462892556e+05 
1.80490455343628e-01 1.02512714492731e+05 
1.80682305597886e-01 1.02465625873684e+05 
1.80874395507654e-01 1.02413155805651e+05 
1.81066681684800e-01 1.02354953999071e+05 
1.81259235786035e-01 1.02289499578577e+05 
1.81451709410085e-01 1.02216650368506e+05 
1.81644619526289e-01 1.02137659799044e+05 
1.81837500980972e-01 1.02052644794842e+05 
1.82030862000295e-01 1.01961508938588e+05 
1.82224210988598e-01 1.01864636465948e+05 
1.82417836639060e-01 1.01762038153280e+05 
1.82611578314317e-01 1.01655134632615e+05 
1.82805607943502e-01 1.01544127530151e+05 
1.82999605861400e-01 1.01429430390041e+05 
1.83194133629638e-01 1.01312074640596e+05 
1.83388608170433e-01 1.01191146120865e+05 
1.83583324538081e-01 1.01065700723997e+05 
1.83778024201150e-01 1.00938531992929e+05 
1.83973284330039e-01 1.00811344226256e+05 
1.84168348579776e-01 1.00683241283470e+05 
1.84363716988682e-01 1.00553310710894e+05 
1.84558798886101e-01 1.00422278178706e+05 
1.84754194427415e-01 1.00289941862852e+05 
1.84949236731874e-01 1.00156836998698e+05 
1.85144566414864e-01 1.00022664211557e+05 
1.85339490268881e-01 9.98883214165423e+04 
1.85534711172840e-01 9.97531789539277e+04 
1.85729540482966e-01 9.96181676510171e+04 
1.85924676223163e-01 9.94827864900099e+04 
1.86119434162187e-01 9.93479803328961e+04 
1.86314507627461e-01 9.92135321519140e+04 
1.86509216841471e-01 9.90800809372397e+04 
1.86704250483201e-01 9.89473542037180e+04 
1.86898933422301e-01 9.88160499649806e+04 
1.87093949487221e-01 9.86859197961431e+04 
1.87288628576361e-01 9.85575599213882e+04 
1.87483649377814e-01 9.84306421107225e+04 
1.87678347165234e-01 9.83057177964507e+04 
1.87873395194891e-01 9.81821228068158e+04 
1.88068134601728e-01 9.80605589882479e+04 
1.88263232791169e-01 9.79406937614092e+04 
1.88458037413183e-01 9.78230243553997e+04 
1.88653188452252e-01 9.77070192776791e+04 
1.88847916205983e-01 9.75931905278596e+04 
1.89042966134721e-01 9.74807449944549e+04 
1.89237608348390e-01 9.73703453594799e+04 
1.89432581108617e-01 9.72600351755246e+04 
1.89627163007490e-01 9.71523098809835e+04 
1.89822084724322e-01 9.70465554216038e+04 
1.90016633675993e-01 9.69426640324018e+04 
1.90211532468772e-01 9.68402076196887e+04 
1.90406077679064e-01 9.67391060871912e+04 
1.90600983249219e-01 9.66391473157508e+04 
1.90795555486238e-01 9.65407676978608e+04 
1.90990499313707e-01 9.64439801077013e+04 
1.91185131023149e-01 9.63480738870870e+04 
1.91380146261522e-01 9.62526280914716e+04 
1.91574871478555e-01 9.61581780206980e+04 
1.91769992892131e-01 9.60646135353736e+04 
1.91964844496292e-01 9.59728967950704e+04 
1.92160030558927e-01 9.58826989753947e+04 
1.92354817352708e-01 9.57948619672303e+04 
1.92549950588118e-01 9.57090892183403e+04 
1.92744709863153e-01 9.56256582428369e+04 
1.92939828890365e-01 9.55440702155436e+04 
1.93134601190008e-01 9.54643623373354e+04 
1.93329747119272e-01 9.53860414882721e+04 
1.93524575101840e-01 9.53095442460780e+04 
1.93719790857932e-01 9.52343391269447e+04 
1.93914718064124e-01 9.51607839318667e+04 
1.94110047557450e-01 9.50884939102812e+04 
1.94305119279717e-01 9.50177589564335e+04 
1.94500606844024e-01 9.49482307181203e+04 
1.94695867410985e-01 9.48802594885887e+04 
1.94891556622770e-01 9.48134868103822e+04 
1.95087048237106e-01 9.47482793780888e+04 
1.95282981243923e-01 9.46843740255939e+04 
1.95478581565843e-01 9.46221921916651e+04 
1.95674564114193e-01 9.45615424829735e+04 
1.95870233854826e-01 9.45028161430593e+04 
1.96066303525203e-01 9.44458525476280e+04 
1.96262088575814e-01 9.43910598822458e+04 
1.96458293463785e-01 9.43383220009148e+04 
1.96654240659354e-01 9.42880612299927e+04 
1.96850632815390e-01 9.42401889869852e+04 
1.97046792648317e-01 9.41952001305853e+04 
1.97243411456222e-01 9.41530663393419e+04 
1.97439824344438e-01 9.41142267249588e+04 
1.97636707612174e-01 9.40787082305838e+04 
1.97833410694006e-01 9.40469809948822e+04 
1.98030598367844e-01 9.40191178791931e+04 
1.98227631986796e-01 9.39954786930353e+04 
1.98425163290678e-01 9.39760464595511e+04 
1.98622566102497e-01 9.39612507601956e+04 
1.98820466560588e-01 9.39512453007360e+04 
1.99018102107264e-01 9.39463726889828e+04 
1.99216178868746e-01 9.39466180425721e+04 
1.99414018963519e-01 9.39521728684524e+04 
1.99612312742177e-01 9.39629093717509e+04 
1.99810397226577e-01 9.39788517230004e+04 
2.00008946419921e-01 9.39997996026364e+04 
2.00207312564068e-01 9.40256620377943e+04 
