# Liste des scalaires : TEMPS pmat 
0.00000000000000e+00 1.00000000000000e+05 
7.22956891292051e-05 1.00000000000000e+05 
1.39473830159785e-04 1.00000000000000e+05 
2.09658797050083e-04 1.00000000000000e+05 
2.76117114236727e-04 1.00000000000000e+05 
3.20638761908119e-04 1.00000000000000e+05 
3.55139419127668e-04 1.00000000000000e+05 
3.84466703006949e-04 1.00000000000000e+05 
4.10882456555352e-04 1.00000000000000e+05 
4.35440253196332e-04 1.00000000000000e+05 
4.62453829501409e-04 1.00000000000000e+05 
4.92168763436994e-04 1.00000000000000e+05 
5.24855190766137e-04 1.00000000000000e+05 
5.60810260828195e-04 1.00000000000000e+05 
6.00360837896459e-04 1.00000000000000e+05 
6.43866472671549e-04 1.00000000000000e+05 
6.91722670924148e-04 1.00000000000000e+05 
7.44364489002007e-04 1.00000000000000e+05 
8.02270488887652e-04 1.00000000000000e+05 
8.65967088761862e-04 1.00000000000000e+05 
9.36033348623492e-04 1.00000000000000e+05 
1.01310623447129e-03 1.00000000000000e+05 
1.09788640890386e-03 1.00000000000000e+05 
1.19114460077969e-03 1.00000000000000e+05 
1.28874595967999e-03 1.00000000000000e+05 
1.39427742078093e-03 1.00000000000000e+05 
1.50221628787628e-03 1.00000000000000e+05 
1.61553425737486e-03 1.00000000000000e+05 
1.73457348070837e-03 1.00000000000000e+05 
1.85733677968628e-03 1.00000000000000e+05 
1.98616223838887e-03 1.00000000000000e+05 
2.11872938704643e-03 1.00000000000000e+05 
2.25541689819678e-03 1.00000000000000e+05 
2.39772133018690e-03 1.00000000000000e+05 
2.54485627309108e-03 1.00000000000000e+05 
2.69657390129215e-03 1.00000000000000e+05 
2.85238267869185e-03 1.00000000000000e+05 
3.01245336052047e-03 1.00000000000000e+05 
3.17812497446104e-03 1.00000000000000e+05 
3.34903914085933e-03 1.00000000000000e+05 
3.52550659026294e-03 1.00000000000000e+05 
3.70726992321359e-03 1.00000000000000e+05 
3.89587589613565e-03 1.00000000000000e+05 
4.08975108537154e-03 1.00000000000000e+05 
4.28959471140191e-03 1.00000000000000e+05 
4.49516060408392e-03 1.00000000000000e+05 
4.70839016598729e-03 1.00000000000000e+05 
4.92856382960974e-03 1.00000000000000e+05 
5.15483884145739e-03 1.00000000000000e+05 
5.38810296190489e-03 1.00000000000000e+05 
5.62716630832471e-03 1.00000000000000e+05 
5.87020911792043e-03 1.00000000000000e+05 
6.12048301668675e-03 1.00000000000000e+05 
6.37286594506256e-03 1.00000000000000e+05 
6.63255281660190e-03 1.00000000000000e+05 
6.89402258475568e-03 1.00000000000000e+05 
7.16407888326981e-03 1.00000000000000e+05 
7.43688358986517e-03 1.00000000000000e+05 
7.71367443739156e-03 1.00000000000000e+05 
7.99348750691622e-03 1.00000000000000e+05 
8.27643828736933e-03 1.00000000000000e+05 
8.55454911876725e-03 1.00000000000000e+05 
8.82661670676078e-03 1.00000000000000e+05 
9.09404080755281e-03 1.00000000000000e+05 
9.35767668944126e-03 1.00000000000000e+05 
9.61798037555150e-03 1.00000000000000e+05 
9.87429028728355e-03 1.00000000000000e+05 
1.01273057754230e-02 1.00000000000000e+05 
1.03777988105471e-02 1.00000000000000e+05 
1.06257698034264e-02 1.00000000000000e+05 
1.08546910881092e-02 1.00000000000000e+05 
1.10598054048106e-02 1.00000000000000e+05 
1.12525637595038e-02 1.00000000000000e+05 
1.14374334453362e-02 1.00000000000000e+05 
1.16158415277496e-02 1.00000000000000e+05 
1.17891840582170e-02 1.00000000000000e+05 
1.19583450318134e-02 1.00000000000000e+05 
1.21237108607569e-02 1.00000000000000e+05 
1.22863814425739e-02 1.00000000000000e+05 
1.24465578775083e-02 1.00000000000000e+05 
1.26053009090692e-02 1.00000000000000e+05 
1.27628962673426e-02 1.00000000000000e+05 
1.29203682601863e-02 1.00000000000000e+05 
1.30778979541298e-02 1.00000000000000e+05 
1.32360151285939e-02 1.00000000000000e+05 
1.33949161516492e-02 1.00000000000000e+05 
1.35550249601263e-02 1.00000000000000e+05 
1.37171356258415e-02 1.00000000000000e+05 
1.38812792783452e-02 1.00000000000000e+05 
1.40482316494786e-02 1.00000000000000e+05 
1.42179218589457e-02 1.00000000000000e+05 
1.43909554067082e-02 1.00000000000000e+05 
1.45671317970333e-02 1.00000000000000e+05 
1.47468963590905e-02 1.00000000000000e+05 
1.49299039270070e-02 1.00000000000000e+05 
1.51164616254425e-02 1.00000000000000e+05 
1.53060857170587e-02 1.00000000000000e+05 
1.54989802222050e-02 1.00000000000000e+05 
1.56943417711660e-02 1.00000000000000e+05 
1.58927179360463e-02 1.00000000000000e+05 
1.60932360222961e-02 1.00000000000000e+05 
1.62960149396931e-02 1.00000000000000e+05 
1.65003545193233e-02 1.00000000000000e+05 
1.67063860236829e-02 1.00000000000000e+05 
1.69134359940100e-02 1.00000000000000e+05 
1.71215394257420e-02 1.00000000000000e+05 
1.73303180545923e-02 1.00000000000000e+05 
1.75397275363931e-02 1.00000000000000e+05 
1.77495338278371e-02 1.00000000000000e+05 
1.79588778709678e-02 1.00000000000000e+05 
1.81632141299684e-02 1.00000000000000e+05 
1.83563495583090e-02 1.00000000000000e+05 
1.85350654997335e-02 1.00000000000000e+05 
1.87033348892769e-02 1.00000000000000e+05 
1.88655209139424e-02 1.00000000000000e+05 
1.90248811783369e-02 1.00000000000000e+05 
1.91806392428623e-02 1.00000000000000e+05 
1.93330518171415e-02 1.00000000000000e+05 
1.94844472339878e-02 1.00000000000000e+05 
1.96354513074719e-02 1.00000000000000e+05 
1.97874716756332e-02 1.00000000000000e+05 
1.99407659971422e-02 1.00000000000000e+05 
2.00949666145618e-02 1.00000000000000e+05 
2.02488759513702e-02 1.00000000000000e+05 
2.04037372052121e-02 1.00000000000000e+05 
2.05594700344209e-02 1.00000000000000e+05 
2.07169731646289e-02 1.00000000000000e+05 
2.08761027591692e-02 1.00000000000000e+05 
2.10375370874966e-02 1.00000000000000e+05 
2.12011123461374e-02 1.00000000000000e+05 
2.13673114924532e-02 1.00000000000000e+05 
2.15349491414043e-02 1.00000000000000e+05 
2.17033893473920e-02 1.00000000000000e+05 
2.18726936224590e-02 1.00000000000000e+05 
2.20433335453589e-02 1.00000000000000e+05 
2.22153202831816e-02 1.00000000000000e+05 
2.23890653686386e-02 1.00000000000000e+05 
2.25644974705182e-02 1.00000000000000e+05 
2.27419476832756e-02 1.00000000000000e+05 
2.29213317495864e-02 1.00000000000000e+05 
2.31019787064772e-02 1.00000000000000e+05 
2.32831593711039e-02 1.00000000000000e+05 
2.34653334119274e-02 1.00000000000000e+05 
2.36484704865252e-02 1.00000000000000e+05 
2.38329626032690e-02 1.00000000000000e+05 
2.40187661837889e-02 1.00000000000000e+05 
2.42062192268413e-02 1.00000000000000e+05 
2.43952315419685e-02 1.00000000000000e+05 
2.45860216281188e-02 1.00000000000000e+05 
2.47775382796319e-02 1.00000000000000e+05 
2.49699446265832e-02 1.00000000000000e+05 
2.51632518083014e-02 1.00000000000000e+05 
2.53578168126835e-02 1.00000000000000e+05 
2.55535814033186e-02 1.00000000000000e+05 
2.57507927319496e-02 1.00000000000000e+05 
2.59493309364073e-02 1.00000000000000e+05 
2.61494275616920e-02 1.00000000000000e+05 
2.63509732964099e-02 1.00000000000000e+05 
2.65536162422129e-02 1.00000000000000e+05 
2.67571692856250e-02 1.00000000000000e+05 
2.69618729125782e-02 1.00000000000000e+05 
2.71675845871844e-02 1.00000000000000e+05 
2.73745395833931e-02 1.00000000000000e+05 
2.75826284842895e-02 1.00000000000000e+05 
2.77919979356706e-02 1.00000000000000e+05 
2.80025295487570e-02 1.00000000000000e+05 
2.82141958005665e-02 1.00000000000000e+05 
2.84268956048525e-02 1.00000000000000e+05 
2.86407308981906e-02 1.00000000000000e+05 
2.88553713997419e-02 1.00000000000000e+05 
2.90709304941315e-02 1.00000000000000e+05 
2.92872845879077e-02 1.00000000000000e+05 
2.95045683198375e-02 1.00000000000000e+05 
2.97226085323362e-02 1.00000000000000e+05 
2.99414948690116e-02 1.00000000000000e+05 
3.01611614610375e-02 1.00000000000000e+05 
3.03817283016271e-02 1.00000000000000e+05 
3.06030313024051e-02 1.00000000000000e+05 
3.08252714260742e-02 1.00000000000000e+05 
3.10481898218793e-02 1.00000000000000e+05 
3.12720065350778e-02 1.00000000000000e+05 
3.14963827297835e-02 1.00000000000000e+05 
3.17219626143150e-02 1.00000000000000e+05 
3.19482083104294e-02 1.00000000000000e+05 
3.21754460693612e-02 1.00000000000000e+05 
3.24033149857264e-02 1.00000000000000e+05 
3.26321262127601e-02 1.00000000000000e+05 
3.28615074633581e-02 1.00000000000000e+05 
3.30918830505032e-02 1.00000000000000e+05 
3.33227047332624e-02 1.00000000000000e+05 
3.35548645227504e-02 1.00000000000000e+05 
3.37876553287546e-02 1.00000000000000e+05 
3.40218786153803e-02 1.00000000000000e+05 
3.42568606921796e-02 1.00000000000000e+05 
3.44933014561565e-02 1.00000000000000e+05 
3.47303729275842e-02 1.00000000000000e+05 
3.49686087272232e-02 1.00000000000000e+05 
3.52072817020901e-02 1.00000000000000e+05 
3.54474396521837e-02 1.00000000000000e+05 
3.56882709530681e-02 1.00000000000000e+05 
3.59307600875195e-02 1.00000000000000e+05 
3.61740546643737e-02 1.00000000000000e+05 
3.64191406449349e-02 1.00000000000000e+05 
3.66652068126151e-02 1.00000000000000e+05 
3.69125748687435e-02 1.00000000000000e+05 
3.71607448040843e-02 1.00000000000000e+05 
3.74102554968833e-02 1.00000000000000e+05 
3.76604420877897e-02 1.00000000000000e+05 
3.79123537413494e-02 1.00006754206196e+05 
3.81651146945464e-02 1.00112261639688e+05 
3.84196838976963e-02 1.00432164335835e+05 
3.86751651656155e-02 1.01070664420414e+05 
3.89322852290461e-02 1.02115659793116e+05 
3.91904015382202e-02 1.03595441443012e+05 
3.94498029247019e-02 1.05550169024543e+05 
3.97101616097968e-02 1.07973951613746e+05 
3.99718681901356e-02 1.10842238997512e+05 
4.02343889778652e-02 1.14014740199175e+05 
4.04984013472095e-02 1.17306063037361e+05 
4.07632328036599e-02 1.20557242883885e+05 
4.10297092024944e-02 1.23553579063948e+05 
4.12970123404118e-02 1.25894060508357e+05 
4.15660238956860e-02 1.27481132988595e+05 
4.18358957902056e-02 1.28431178753612e+05 
4.21073743426195e-02 1.28699321281645e+05 
4.23798181614675e-02 1.28776521642410e+05 
4.26535180239932e-02 1.28631623653847e+05 
4.29281332569129e-02 1.28124749764415e+05 
4.32040519440746e-02 1.27533745449953e+05 
4.34808011583711e-02 1.26889935759057e+05 
4.37588880291849e-02 1.26186152684213e+05 
4.40377027295974e-02 1.25487935683333e+05 
4.43178768046649e-02 1.24798510202604e+05 
4.45986519312094e-02 1.24148398469237e+05 
4.48808366646911e-02 1.23541516014366e+05 
4.51636491860238e-02 1.22968767678824e+05 
4.54480214190026e-02 1.22428693406017e+05 
4.57330057453058e-02 1.21920189738048e+05 
4.60195887915465e-02 1.21435856612610e+05 
4.63068016227229e-02 1.20969343652352e+05 
4.65956911490197e-02 1.20516053368481e+05 
4.68852318610177e-02 1.20072849444049e+05 
4.71764696435892e-02 1.19639222906483e+05 
4.74683303258903e-02 1.19212856482156e+05 
4.77616883595095e-02 1.18792839260547e+05 
4.80549536037280e-02 1.18377948936645e+05 
4.83489544875950e-02 1.17968355524334e+05 
4.86428891922521e-02 1.17563075395159e+05 
4.89375130343508e-02 1.17162204867311e+05 
4.92321034616549e-02 1.16765480870360e+05 
4.95273454722088e-02 1.16372929467260e+05 
4.98226186873085e-02 1.15984748690579e+05 
5.01185009212987e-02 1.15600795444725e+05 
5.04145236746505e-02 1.15221460898167e+05 
5.07110979787654e-02 1.14846802343770e+05 
5.10079360878490e-02 1.14477117147110e+05 
5.13052163599651e-02 1.14112511274450e+05 
5.16027193743931e-02 1.13753172759350e+05 
5.19006523137113e-02 1.13399111012022e+05 
5.21987984039843e-02 1.13050563555276e+05 
5.24973795685507e-02 1.12707471263592e+05 
5.27961929681058e-02 1.12370100599767e+05 
5.30954587843621e-02 1.12038342551277e+05 
5.33949660222161e-02 1.11712421439467e+05 
5.36949110154998e-02 1.11392353420426e+05 
5.39950928926567e-02 1.11078329869942e+05 
5.42956769334341e-02 1.10770287187931e+05 
5.45965013899256e-02 1.10468161594025e+05 
5.48976935058286e-02 1.10171872750234e+05 
5.51991268511477e-02 1.09881235488724e+05 
5.55009183506075e-02 1.09596070715017e+05 
5.58029693615658e-02 1.09316083198281e+05 
5.61053837127616e-02 1.09041040603604e+05 
5.64080843779055e-02 1.08770645852916e+05 
5.67111508044528e-02 1.08504722611960e+05 
5.70145214664106e-02 1.08243064941272e+05 
5.73182462193758e-02 1.07985567469329e+05 
5.76222693366759e-02 1.07732277188077e+05 
5.79265682313750e-02 1.07483231567556e+05 
5.82311385431027e-02 1.07238637733328e+05 
5.85359200644708e-02 1.06998819295962e+05 
5.88407831678200e-02 1.06764135560607e+05 
5.91457342283725e-02 1.06534943781591e+05 
5.94500352854390e-02 1.06312060712696e+05 
5.97539274033061e-02 1.06095625279073e+05 
6.00564707172999e-02 1.05886537533569e+05 
6.03580835556872e-02 1.05684815360808e+05 
6.06575923216070e-02 1.05491324523590e+05 
6.09558681675518e-02 1.05305875991618e+05 
6.12520502301122e-02 1.05128850233170e+05 
6.15474500801319e-02 1.04959736867149e+05 
6.18414525270118e-02 1.04798912488580e+05 
6.21354036301782e-02 1.04645851054351e+05 
6.24287394262509e-02 1.04500912693312e+05 
6.27226183738809e-02 1.04363525700618e+05 
6.30163956103357e-02 1.04233859964872e+05 
6.33109738972428e-02 1.04111228070687e+05 
6.36055937577800e-02 1.03995620550653e+05 
6.39005507212247e-02 1.03886196976569e+05 
6.41958473931397e-02 1.03782492264911e+05 
6.44913832118995e-02 1.03683622778712e+05 
6.47873039991472e-02 1.03588814343369e+05 
6.50835405652188e-02 1.03497171851793e+05 
6.53801399271126e-02 1.03407898295683e+05 
6.56771022018182e-02 1.03320281637824e+05 
6.59742831694367e-02 1.03233671771236e+05 
6.62719657661651e-02 1.03147562898383e+05 
6.65697254191059e-02 1.03061637403079e+05 
6.68680417900212e-02 1.02975566199546e+05 
6.71664730890324e-02 1.02889228821562e+05 
6.74654331905005e-02 1.02802496713163e+05 
6.77645632324304e-02 1.02715336042618e+05 
6.80640247208215e-02 1.02627826148011e+05 
6.83637163839242e-02 1.02539931987809e+05 
6.86636115881397e-02 1.02451841976190e+05 
6.89637203848592e-02 1.02363513961385e+05 
6.92640246271086e-02 1.02275154227175e+05 
6.95645394452107e-02 1.02186624819820e+05 
6.98652524905947e-02 1.02098144618959e+05 
7.01661929507841e-02 1.02009534477700e+05 
7.04673492739248e-02 1.01921026495609e+05 
7.07687021884779e-02 1.01832398194983e+05 
7.10703420389627e-02 1.01743918577329e+05 
7.13718937614852e-02 1.01655450037804e+05 
7.16739230687359e-02 1.01567217896019e+05 
7.19757088055898e-02 1.01479230957973e+05 
7.22780000787782e-02 1.01391800796793e+05 
7.25801591286852e-02 1.01305007901754e+05 
7.28830821037099e-02 1.01219197300520e+05 
7.31861581539994e-02 1.01134623122317e+05 
7.34902529104281e-02 1.01051694064055e+05 
7.37944751483526e-02 1.00971029404307e+05 
7.40990589750568e-02 1.00893124398282e+05 
7.44027649657873e-02 1.00818863446523e+05 
7.47068656588584e-02 1.00748868217741e+05 
7.50102584251571e-02 1.00683917836658e+05 
7.53129951187606e-02 1.00625433663968e+05 
7.56146604988745e-02 1.00573734582754e+05 
7.59157771052196e-02 1.00531734955359e+05 
7.62158289611735e-02 1.00500231965042e+05 
7.65155246754407e-02 1.00476478832677e+05 
7.68145537841464e-02 1.00463400044102e+05 
7.71131298843985e-02 1.00467123390844e+05 
7.74111328250695e-02 1.00481910171490e+05 
7.77089036118150e-02 1.00501700678803e+05 
7.80062572024938e-02 1.00533632662021e+05 
7.83036227603326e-02 1.00580339987317e+05 
7.86006728800605e-02 1.00639404615392e+05 
7.88979000627169e-02 1.00708733152688e+05 
7.91948596012674e-02 1.00785444952049e+05 
7.94918333522244e-02 1.00866532624866e+05 
7.97871461887676e-02 1.00950103750528e+05 
8.00816436780931e-02 1.01030762169846e+05 
8.03745274754278e-02 1.01108932597502e+05 
8.06667623741581e-02 1.01179587258681e+05 
8.09586758485235e-02 1.01236556805063e+05 
8.12491740460740e-02 1.01284123558443e+05 
8.15381301588277e-02 1.01316287410627e+05 
8.18259875586066e-02 1.01346489419058e+05 
8.21126974942438e-02 1.01372435830386e+05 
8.23987857321248e-02 1.01383374681359e+05 
8.26841655196330e-02 1.01372017566969e+05 
8.29692823357919e-02 1.01347533294235e+05 
8.32536118841389e-02 1.01314242823002e+05 
8.35376660443655e-02 1.01263880681273e+05 
8.38209383212188e-02 1.01194844243443e+05 
8.41041198377512e-02 1.01109500020712e+05 
8.43868331639442e-02 1.01010048091729e+05 
8.46707947317001e-02 1.00897243916347e+05 
8.49544751707820e-02 1.00771714874036e+05 
8.52380084261983e-02 1.00634623472153e+05 
8.55214551170513e-02 1.00489665528082e+05 
8.58046696106454e-02 1.00340006354937e+05 
8.60878445120070e-02 1.00190018072729e+05 
8.63710480367649e-02 1.00043928852928e+05 
8.66543463023772e-02 9.99083525508527e+04 
8.69378102928288e-02 9.97959292452843e+04 
8.72213811644146e-02 9.96954622112160e+04 
8.75051301252009e-02 9.96402907715347e+04 
8.77889747608081e-02 9.96279420442077e+04 
8.80729564536962e-02 9.96366677884587e+04 
8.83569909986882e-02 9.96380871608828e+04 
8.86411155794540e-02 9.96941488182985e+04 
8.89252354272143e-02 9.98490690648778e+04 
8.92093881694530e-02 1.00133242230670e+05 
8.94933321549314e-02 1.00527844971839e+05 
8.97773145132341e-02 1.01025319698544e+05 
9.00609454421698e-02 1.01620919351960e+05 
9.03446314972672e-02 1.02290139641667e+05 
9.06280197380134e-02 1.03009159360761e+05 
9.09114976946300e-02 1.03739550597498e+05 
9.11947410284496e-02 1.04456428117461e+05 
9.14780101097657e-02 1.05122456046505e+05 
9.17611696641919e-02 1.05698480883593e+05 
9.20442522118058e-02 1.06203121563517e+05 
9.23272834600854e-02 1.06572175798530e+05 
9.26102737929344e-02 1.06800205227556e+05 
9.28932549096087e-02 1.06971272363674e+05 
9.31762456419767e-02 1.07092273973795e+05 
9.34592692041732e-02 1.07132190041117e+05 
9.37423556801166e-02 1.07125638667795e+05 
9.40255233202721e-02 1.07086377097898e+05 
9.43088024503807e-02 1.07041035263666e+05 
9.45922104236167e-02 1.06997588258704e+05 
9.48757756848246e-02 1.06969541225863e+05 
9.51595246342367e-02 1.06962450397238e+05 
9.54434757707389e-02 1.06987707928649e+05 
9.57276718512551e-02 1.07034436649425e+05 
9.60120799945706e-02 1.07105839234404e+05 
9.62967691268349e-02 1.07223034297305e+05 
9.65816350384687e-02 1.07389969822077e+05 
9.68667401872279e-02 1.07596409265156e+05 
9.71520448169730e-02 1.07850175028739e+05 
9.74376193443078e-02 1.08140042215355e+05 
9.77234253635359e-02 1.08445592329548e+05 
9.80095234871018e-02 1.08763178930770e+05 
9.82958828699562e-02 1.09093888968366e+05 
9.85825692702770e-02 1.09436118869010e+05 
9.88695638167896e-02 1.09797127552894e+05 
9.91568696296019e-02 1.10146041290233e+05 
9.94445332077820e-02 1.10485444202659e+05 
9.97324564086685e-02 1.10796391209073e+05 
1.00020692496292e-01 1.11108718438376e+05 
1.00309197123637e-01 1.11397741192080e+05 
1.00597972694763e-01 1.11652144418155e+05 
1.00887017173953e-01 1.11856090245923e+05 
1.01176300075451e-01 1.12061915507441e+05 
1.01465843086418e-01 1.12269922781775e+05 
1.01755589233460e-01 1.12458371336307e+05 
1.02045505040618e-01 1.12624378717133e+05 
1.02335598722573e-01 1.12778276465852e+05 
1.02625889660827e-01 1.12924048429851e+05 
1.02916354323743e-01 1.13058127520451e+05 
1.03207018093401e-01 1.13183920092500e+05 
1.03497816944810e-01 1.13299986274123e+05 
1.03788785133902e-01 1.13416275538381e+05 
1.04079841532872e-01 1.13529526810952e+05 
1.04371024718099e-01 1.13644180603153e+05 
1.04662706599547e-01 1.13766455273964e+05 
1.04954482917862e-01 1.13905473256243e+05 
1.05246314433288e-01 1.14033663845076e+05 
1.05538104563912e-01 1.14130724085250e+05 
1.05829885719086e-01 1.14223443979753e+05 
1.06121641208519e-01 1.14332178722549e+05 
1.06413304159794e-01 1.14476183808015e+05 
1.06704757356117e-01 1.14670838787049e+05 
1.06995668086621e-01 1.14902595779481e+05 
1.07285495248769e-01 1.15172493228845e+05 
1.07574435590174e-01 1.15476741044416e+05 
1.07861816284899e-01 1.15811510610850e+05 
1.08148054271642e-01 1.16168899377792e+05 
1.08432551627370e-01 1.16542375221898e+05 
1.08715784964723e-01 1.16923743895887e+05 
1.08997219105710e-01 1.17307031478062e+05 
1.09277520176808e-01 1.17684277345211e+05 
1.09556159193329e-01 1.18052339345837e+05 
1.09833739616297e-01 1.18406025511598e+05 
1.10109860302613e-01 1.18745240443990e+05 
1.10385189334684e-01 1.19068378776485e+05 
1.10659419621126e-01 1.19378552063565e+05 
1.10933185417142e-01 1.19677088131437e+05 
1.11206155538786e-01 1.19970767535443e+05 
1.11478808614015e-01 1.20254498003283e+05 
1.11750972640182e-01 1.20546246567037e+05 
1.12023172745159e-01 1.20853163056049e+05 
1.12295128236858e-01 1.21171171859305e+05 
1.12567231044238e-01 1.21493792910151e+05 
1.12839237772406e-01 1.21828042857266e+05 
1.13111469302122e-01 1.22180308039394e+05 
1.13383693911301e-01 1.22546972192692e+05 
1.13656184713721e-01 1.22918534020512e+05 
1.13928780016469e-01 1.23295254630550e+05 
1.14201756669804e-01 1.23663483817422e+05 
1.14474850743202e-01 1.24018192805558e+05 
1.14748263496313e-01 1.24342054129290e+05 
1.15021775089596e-01 1.24652921506981e+05 
1.15295637941161e-01 1.24880635012816e+05 
1.15569613815420e-01 1.25029125820230e+05 
1.15844007177498e-01 1.25109458360669e+05 
1.16118480791211e-01 1.25119344254399e+05 
1.16393401798560e-01 1.25088459360755e+05 
1.16668423525176e-01 1.25053275132249e+05 
1.16943906075341e-01 1.24984053851874e+05 
1.17219525828015e-01 1.24875640568423e+05 
1.17495558583552e-01 1.24708812443477e+05 
1.17771725235090e-01 1.24473068007885e+05 
1.18048246100935e-01 1.24191540276945e+05 
1.18324961279809e-01 1.23868557086927e+05 
1.18602024537619e-01 1.23510523483992e+05 
1.18879277183598e-01 1.23125245268905e+05 
1.19156883602653e-01 1.22720368988753e+05 
1.19434561566409e-01 1.22301272668303e+05 
1.19712550765467e-01 1.21873964799438e+05 
1.19990285553606e-01 1.21443051139253e+05 
1.20268314677224e-01 1.21013696389871e+05 
1.20546017336267e-01 1.20586842562769e+05 
1.20823973527813e-01 1.20167813442908e+05 
1.21101521721576e-01 1.19755754657169e+05 
1.21379134483613e-01 1.19353737517768e+05 
1.21656136479401e-01 1.18962087470112e+05 
1.21933366843030e-01 1.18579770909615e+05 
1.22210367962254e-01 1.18207282779228e+05 
1.22487807248780e-01 1.17842563270863e+05 
1.22764541238868e-01 1.17487136544767e+05 
1.23041275797525e-01 1.17137168959918e+05 
1.23317647413697e-01 1.16795396761204e+05 
1.23594130517595e-01 1.16459932258045e+05 
1.23872424018547e-01 1.16125851298805e+05 
1.24150713368595e-01 1.15796894783497e+05 
1.24428833545067e-01 1.15469840854032e+05 
1.24706562078024e-01 1.15146782984805e+05 
1.24982766596441e-01 1.14825735023984e+05 
1.25258242088479e-01 1.14507122750129e+05 
1.25532093641000e-01 1.14192798715559e+05 
1.25805278964297e-01 1.13879359404760e+05 
1.26077057623070e-01 1.13571673751243e+05 
1.26348553117009e-01 1.13263485727615e+05 
1.26619024155867e-01 1.12960709336312e+05 
1.26889312390686e-01 1.12656812878469e+05 
1.27158676895675e-01 1.12357815013676e+05 
1.27427675039756e-01 1.12057866329083e+05 
1.27696041073426e-01 1.11761559123534e+05 
1.27964436628499e-01 1.11465776728554e+05 
1.28232287643896e-01 1.11170228963740e+05 
1.28500145157323e-01 1.10875565934690e+05 
1.28767893509324e-01 1.10580777828664e+05 
1.29035960970508e-01 1.10286512699169e+05 
1.29304207144701e-01 1.09991495928194e+05 
1.29573036269298e-01 1.09696650561308e+05 
1.29842228764398e-01 1.09400411464413e+05 
1.30112170233009e-01 1.09104454859357e+05 
1.30382367270850e-01 1.08807008153108e+05 
1.30653318688544e-01 1.08510211457638e+05 
1.30924530605737e-01 1.08211929752675e+05 
1.31196605011463e-01 1.07914648658726e+05 
1.31468976411244e-01 1.07615841200540e+05 
1.31741729776746e-01 1.07318830888094e+05 
1.32015250470701e-01 1.07019622112457e+05 
1.32289299166915e-01 1.06722345314796e+05 
1.32563616735509e-01 1.06423437200823e+05 
1.32837895154619e-01 1.06127419976628e+05 
1.33111999374843e-01 1.05830448139554e+05 
1.33386023802657e-01 1.05536519940129e+05 
1.33659840011854e-01 1.05241934064340e+05 
1.33933337169852e-01 1.04949103892554e+05 
1.34206406106184e-01 1.04658426567401e+05 
1.34479056032504e-01 1.04368733321688e+05 
1.34750866816237e-01 1.04081233295584e+05 
1.35022259855364e-01 1.03796211135209e+05 
1.35292815246024e-01 1.03513003393556e+05 
1.35562970178803e-01 1.03232287051232e+05 
1.35832292137286e-01 1.02953949259313e+05 
1.36101273900015e-01 1.02676655301062e+05 
1.36369527611935e-01 1.02402242467821e+05 
1.36637458452343e-01 1.02128843979785e+05 
1.36904918519517e-01 1.01857225008636e+05 
1.37172076407958e-01 1.01587955914926e+05 
1.37439007157219e-01 1.01319308355481e+05 
1.37705666269516e-01 1.01052184517026e+05 
1.37971984175377e-01 1.00787432899774e+05 
1.38238222524792e-01 1.00525540324701e+05 
1.38504307959779e-01 1.00266636810975e+05 
1.38770414645904e-01 1.00008873215745e+05 
1.39036530585493e-01 9.97534569720527e+04 
1.39302791473125e-01 9.94990661090649e+04 
1.39569168850589e-01 9.92467007781296e+04 
1.39835801460827e-01 9.89956075318306e+04 
1.40102625219623e-01 9.87465088186479e+04 
1.40369749878954e-01 9.84989352416645e+04 
1.40637127626446e-01 9.82530422873998e+04 
1.40904754473458e-01 9.80085837357980e+04 
1.41172637849330e-01 9.77655042855489e+04 
1.41440801363584e-01 9.75236664866757e+04 
1.41709218584804e-01 9.72830112445468e+04 
1.41977929959166e-01 9.70435347978126e+04 
1.42246868415234e-01 9.68052066208257e+04 
1.42516094114791e-01 9.65679584621383e+04 
1.42785492891837e-01 9.63319538375212e+04 
1.43055158078233e-01 9.60969939366027e+04 
1.43324923746848e-01 9.58633664636205e+04 
1.43594942561492e-01 9.56307324485784e+04 
1.43864958753598e-01 9.53995499399007e+04 
1.44135166735736e-01 9.51694878051504e+04 
1.44405362490435e-01 9.49415608794935e+04 
1.44675695740852e-01 9.47138964679348e+04 
1.44946007308917e-01 9.44878187176643e+04 
1.45216410356550e-01 9.42625290745597e+04 
1.45486841405711e-01 9.40388780856959e+04 
1.45757330456956e-01 9.38164299979303e+04 
1.46027858752042e-01 9.35957387370139e+04 
1.46298463922924e-01 9.33754687962989e+04 
1.46569100086627e-01 9.31578763214741e+04 
1.46839835626176e-01 9.29414234470627e+04 
1.47110573516352e-01 9.27257184178950e+04 
1.47381428982867e-01 9.25131623400686e+04 
1.47652251747046e-01 9.23013173166892e+04 
1.47923194627575e-01 9.20925157867427e+04 
1.48194101004295e-01 9.18845019406393e+04 
1.48465161497144e-01 9.16795073814341e+04 
1.48736199725160e-01 9.14754128683179e+04 
1.49007372014172e-01 9.12743838481492e+04 
1.49278491257384e-01 9.10744256801060e+04 
1.49549747097108e-01 9.08775709172447e+04 
1.49820982864482e-01 9.06817861453295e+04 
1.50092385849166e-01 9.04893197332924e+04 
1.50363797913091e-01 9.02981825190925e+04 
1.50635367572551e-01 9.01103496477584e+04 
1.50906952335744e-01 8.99242409404434e+04 
1.51178654063941e-01 8.97415833621354e+04 
1.51450376078840e-01 8.95608514937562e+04 
1.51722175873817e-01 8.93835343621128e+04 
1.51993945136856e-01 8.92082115788054e+04 
1.52266303927747e-01 8.90352375049874e+04 
1.52538755135701e-01 8.88646709138376e+04 
1.52811379071087e-01 8.86978070478171e+04 
1.53084058528337e-01 8.85329718410465e+04 
1.53356869955034e-01 8.83714556357748e+04 
1.53629827127068e-01 8.82116417438305e+04 
1.53903004662200e-01 8.80551954897842e+04 
1.54176376068397e-01 8.79008177222898e+04 
1.54449999671090e-01 8.77487822380252e+04 
1.54723878250119e-01 8.75984103924604e+04 
1.54998011532148e-01 8.74513931458150e+04 
1.55272405299421e-01 8.73071338703566e+04 
1.55547160883554e-01 8.71659563176386e+04 
1.55822180849152e-01 8.70274789235296e+04 
1.56097522849040e-01 8.68917175951655e+04 
1.56373025121803e-01 8.67588891913191e+04 
1.56648844791993e-01 8.66288836210622e+04 
1.56924824445413e-01 8.65017599691306e+04 
1.57201118629735e-01 8.63774845249262e+04 
1.57477651462622e-01 8.62561526052090e+04 
1.57754509541586e-01 8.61378568599430e+04 
1.58031682175900e-01 8.60223836923633e+04 
1.58309186461861e-01 8.59101235303730e+04 
1.58587049971569e-01 8.58010221445274e+04 
1.58865255432994e-01 8.56954318258482e+04 
1.59143718957769e-01 8.55926682893638e+04 
1.59422529162016e-01 8.54939845584350e+04 
1.59701624073670e-01 8.53969312068523e+04 
1.59981059337490e-01 8.53048500463217e+04 
1.60260807407246e-01 8.52141150133174e+04 
1.60540872857080e-01 8.51259211173832e+04 
1.60821265338434e-01 8.50407138035258e+04 
1.61101977673402e-01 8.49565538583451e+04 
1.61383082045588e-01 8.48752428551547e+04 
1.61664465692304e-01 8.47940887548118e+04 
1.61946251046488e-01 8.47148553668636e+04 
1.62228324851282e-01 8.46358733628736e+04 
1.62510809258523e-01 8.45571815620767e+04 
1.62793616430753e-01 8.44775986311079e+04 
1.63076828225081e-01 8.43992945268586e+04 
1.63360374450058e-01 8.43197646551977e+04 
1.63644319846387e-01 8.42411575235267e+04 
1.63928599072919e-01 8.41606929807152e+04 
1.64213249334622e-01 8.40816745580946e+04 
1.64498180269578e-01 8.40011752334039e+04 
1.64783457748579e-01 8.39209316894907e+04 
1.65068975009109e-01 8.38416522592485e+04 
1.65354865495994e-01 8.37653767260905e+04 
1.65640951781240e-01 8.36870714493570e+04 
1.65927381916173e-01 8.36118798902299e+04 
1.66214007832890e-01 8.35340434645178e+04 
1.66500937682313e-01 8.34585757722056e+04 
1.66788034217775e-01 8.33823793097890e+04 
1.67075374346727e-01 8.33071267956757e+04 
1.67362846650259e-01 8.32339850795695e+04 
1.67650558131508e-01 8.31596518788606e+04 
1.67938392404760e-01 8.30872130961913e+04 
1.68226458602232e-01 8.30150169787256e+04 
1.68514612280543e-01 8.29448842531161e+04 
1.68802987883429e-01 8.28754849761557e+04 
1.69091419091174e-01 8.28077495243285e+04 
1.69380077307848e-01 8.27402182888294e+04 
1.69668770187907e-01 8.26739642674401e+04 
1.69957700572099e-01 8.26082640357139e+04 
1.70246657546010e-01 8.25425322978256e+04 
1.70535877647591e-01 8.24780604161350e+04 
1.70825118445500e-01 8.24135778455054e+04 
1.71114655909964e-01 8.23497376936583e+04 
1.71404216731926e-01 8.22853178426685e+04 
1.71694104135674e-01 8.22204242784921e+04 
1.71984032803099e-01 8.21548939408470e+04 
1.72274305111304e-01 8.20889379121854e+04 
1.72564657886042e-01 8.20225330644118e+04 
1.72855312599912e-01 8.19559356116477e+04 
1.73145782723912e-01 8.18892929349496e+04 
1.73436109735257e-01 8.18229972201204e+04 
1.73725994530433e-01 8.17572676531198e+04 
1.74015318730627e-01 8.16925414955665e+04 
1.74303867437991e-01 8.16291092094277e+04 
1.74591501373915e-01 8.15676086800748e+04 
1.74878189744276e-01 8.15083211845849e+04 
1.75163730569289e-01 8.14524327149519e+04 
1.75448316500117e-01 8.13995672121585e+04 
1.75731893857521e-01 8.13513112547316e+04 
1.76018047343760e-01 8.13075500738123e+04 
1.76303214421400e-01 8.12686349196086e+04 
1.76587732433992e-01 8.12355630585318e+04 
1.76871511581233e-01 8.12057923057521e+04 
1.77154736074425e-01 8.11789634113310e+04 
1.77437432579070e-01 8.11567923464248e+04 
1.77718696434288e-01 8.11404866532673e+04 
1.77997688294093e-01 8.11304999807990e+04 
1.78275380894256e-01 8.11278274126462e+04 
1.78550464316675e-01 8.11325613062109e+04 
1.78824673462974e-01 8.11446046511015e+04 
1.79097407521023e-01 8.11635128817216e+04 
1.79369447994466e-01 8.11887539456266e+04 
1.79640588067510e-01 8.12204749312761e+04 
1.79911717474448e-01 8.12586667278525e+04 
1.80182757645082e-01 8.13032227890704e+04 
1.80454352565793e-01 8.13536043031093e+04 
1.80726367978025e-01 8.14101579232631e+04 
1.80999313281009e-01 8.14724902122223e+04 
1.81272868368883e-01 8.15384969699642e+04 
1.81546539737490e-01 8.16122543437265e+04 
1.81820404813810e-01 8.16929269787151e+04 
1.82094600398618e-01 8.17772258829137e+04 
1.82368973264961e-01 8.18657343413048e+04 
1.82643602450490e-01 8.19535278322292e+04 
1.82918583270911e-01 8.20403259465152e+04 
1.83193960600182e-01 8.21315492741433e+04 
1.83469798259979e-01 8.22274042707942e+04 
1.83745740965423e-01 8.23282243029029e+04 
1.84021703940180e-01 8.24345054534791e+04 
1.84297653291756e-01 8.25462106056329e+04 
1.84573403879793e-01 8.26637865014867e+04 
1.84849512773833e-01 8.27870258087191e+04 
1.85125874715617e-01 8.29171177940448e+04 
1.85402196003364e-01 8.30538121712130e+04 
1.85678509919600e-01 8.31969008950618e+04 
1.85954795901667e-01 8.33461470892781e+04 
1.86231065554010e-01 8.35021294684552e+04 
1.86507303595906e-01 8.36646555852305e+04 
1.86783504237574e-01 8.38333206336518e+04 
1.87059612022005e-01 8.40079011908666e+04 
1.87335686423486e-01 8.41877725688339e+04 
1.87611409464794e-01 8.43722261418371e+04 
1.87887212350202e-01 8.45616988956082e+04 
1.88162803817818e-01 8.47555487476830e+04 
1.88438465333891e-01 8.49537481141727e+04 
1.88714004060022e-01 8.51558238924586e+04 
1.88989630383602e-01 8.53613996991452e+04 
1.89265193794240e-01 8.55698620466171e+04 
1.89540887383144e-01 8.57809768726695e+04 
1.89816588986687e-01 8.59942082838488e+04 
1.90092484600579e-01 8.62093576775573e+04 
1.90368465303370e-01 8.64261143121682e+04 
1.90644697348234e-01 8.66443894057092e+04 
1.90921090472684e-01 8.68640325781269e+04 
1.91197770203722e-01 8.70850496766835e+04 
1.91474631293124e-01 8.73073953076461e+04 
1.91751821416194e-01 8.75312767903161e+04 
1.92029250919444e-01 8.77568827085080e+04 
1.92307029524957e-01 8.79846575721530e+04 
1.92584970493119e-01 8.82149916898435e+04 
1.92863292574126e-01 8.84487241496945e+04 
1.93141785420379e-01 8.86864858560223e+04 
1.93420476732640e-01 8.89292353294066e+04 
1.93699327420068e-01 8.91779604426461e+04 
1.93978414623347e-01 8.94338888016957e+04 
1.94257690455618e-01 8.96981497167239e+04 
1.94537231008064e-01 8.99721056878405e+04 
1.94816977860865e-01 9.02568947040726e+04 
1.95096967233728e-01 9.05538001081396e+04 
1.95377001880214e-01 9.08636189677043e+04 
1.95657307706213e-01 9.11875556224269e+04 
1.95937756696442e-01 9.15260714395351e+04 
1.96218449572087e-01 9.18797068365457e+04 
1.96499296263621e-01 9.22483335094914e+04 
1.96780356467696e-01 9.26316708323836e+04 
1.97061571352097e-01 9.30288306470086e+04 
1.97342969901834e-01 9.34385616304532e+04 
1.97624510172138e-01 9.38591354033598e+04 
1.97906170759917e-01 9.42882745516061e+04 
1.98187922605723e-01 9.47234853701809e+04 
1.98469730666811e-01 9.51616860512113e+04 
1.98751352670236e-01 9.55995053807221e+04 
1.99032803673094e-01 9.60335060117676e+04 
1.99314032083100e-01 9.64604326254204e+04 
1.99595159346489e-01 9.68770045584689e+04 
1.99876144074826e-01 9.72801638605119e+04 
2.00157120568977e-01 9.76670398709456e+04 
