# Liste des scalaires : TEMPS pmat 
0.00000000000000e+00 1.00000000000000e+05 
7.22956891292051e-05 1.00000000000000e+05 
1.39473830159785e-04 1.00000000000000e+05 
2.09658797050083e-04 1.00000000000000e+05 
2.76117114236727e-04 1.00000000000000e+05 
3.20638761908119e-04 1.00000000000000e+05 
3.55139419127668e-04 1.00000000000000e+05 
3.84466703006949e-04 1.00000000000000e+05 
4.10882456555352e-04 1.00000000000000e+05 
4.35440253196332e-04 1.00000000000000e+05 
4.62453829501409e-04 1.00000000000000e+05 
4.92168763436994e-04 1.00000000000000e+05 
5.24855190766137e-04 1.00000000000000e+05 
5.60810260828195e-04 1.00000000000000e+05 
6.00360837896459e-04 1.00000000000000e+05 
6.43866472671549e-04 1.00000000000000e+05 
6.91722670924148e-04 1.00000000000000e+05 
7.44364489002007e-04 1.00000000000000e+05 
8.02270488887652e-04 1.00000000000000e+05 
8.65967088761862e-04 1.00000000000000e+05 
9.36033348623492e-04 1.00000000000000e+05 
1.01310623447129e-03 1.00000000000000e+05 
1.09788640890386e-03 1.00000000000000e+05 
1.19114460077969e-03 1.00000000000000e+05 
1.28874595967999e-03 1.00000000000000e+05 
1.39427742078093e-03 1.00000000000000e+05 
1.50221628787628e-03 1.00000000000000e+05 
1.61553425737486e-03 1.00000000000000e+05 
1.73457348070837e-03 1.00000000000000e+05 
1.85733677968628e-03 1.00000000000000e+05 
1.98616223838887e-03 1.00000000000000e+05 
2.11872938704643e-03 1.00000000000000e+05 
2.25541689819678e-03 1.00000000000000e+05 
2.39772133018690e-03 1.00000000000000e+05 
2.54485627309108e-03 1.00000000000000e+05 
2.69657390129215e-03 1.00000000000000e+05 
2.85238267869185e-03 1.00000000000000e+05 
3.01245336052047e-03 1.00000000000000e+05 
3.17812497446104e-03 1.00000000000000e+05 
3.34903914085933e-03 1.00000000000000e+05 
3.52550659026294e-03 1.00000000000000e+05 
3.70726992321359e-03 1.00000000000000e+05 
3.89587589613565e-03 1.00000000000000e+05 
4.08975108537154e-03 1.00000000000000e+05 
4.28959471140191e-03 1.00000000000000e+05 
4.49516060408392e-03 1.00000000000000e+05 
4.70839016598729e-03 1.00000000000000e+05 
4.92856382960974e-03 1.00000000000000e+05 
5.15483884145739e-03 1.00000000000000e+05 
5.38810296190489e-03 1.00000000000000e+05 
5.62716630832471e-03 1.00000000000000e+05 
5.87020911792043e-03 1.00000000000000e+05 
6.12048301668675e-03 1.00000000000000e+05 
6.37286594506256e-03 1.00000000000000e+05 
6.63255281660190e-03 1.00000000000000e+05 
6.89402258475568e-03 1.00000000000000e+05 
7.16407888326981e-03 1.00000000000000e+05 
7.43688358986517e-03 1.00000000000000e+05 
7.71367443739156e-03 1.00000000000000e+05 
7.99348750691622e-03 1.00000000000000e+05 
8.27643828736933e-03 1.00000000000000e+05 
8.55454911876725e-03 1.00000000000000e+05 
8.82661670676078e-03 1.00000000000000e+05 
9.09404080755281e-03 1.00000000000000e+05 
9.35767668944126e-03 1.00000000000000e+05 
9.61798037555150e-03 1.00000000000000e+05 
9.87429028728355e-03 1.00000000000000e+05 
1.01273057754230e-02 1.00000000000000e+05 
1.03777988105471e-02 1.00000000000000e+05 
1.06257698034264e-02 1.00000000000000e+05 
1.08546910881092e-02 1.00000000000000e+05 
1.10598054048106e-02 1.00000000000000e+05 
1.12525637595038e-02 1.00000000000000e+05 
1.14374334453362e-02 1.00000000000000e+05 
1.16158415277496e-02 1.00000000000000e+05 
1.17891840582170e-02 1.00000000000000e+05 
1.19583450318134e-02 1.00000000000000e+05 
1.21237108607569e-02 1.00000000000000e+05 
1.22863814425739e-02 1.00000000000000e+05 
1.24465578775083e-02 1.00000000000000e+05 
1.26053009090692e-02 1.00000000000000e+05 
1.27628962673426e-02 1.00000000000000e+05 
1.29203682601863e-02 1.00000000000000e+05 
1.30778979541298e-02 1.00000000000000e+05 
1.32360151285939e-02 1.00000000000000e+05 
1.33949161516492e-02 1.00000000000000e+05 
1.35550249601263e-02 1.00000000000000e+05 
1.37171356258415e-02 1.00000000000000e+05 
1.38812792783452e-02 1.00000000000000e+05 
1.40482316494786e-02 1.00000000000000e+05 
1.42179218589457e-02 1.00000000000000e+05 
1.43909554067082e-02 1.00000000000000e+05 
1.45671317970333e-02 1.00000000000000e+05 
1.47468963590905e-02 1.00000000000000e+05 
1.49299039270070e-02 1.00000000000000e+05 
1.51164616254425e-02 1.00000000000000e+05 
1.53060857170587e-02 1.00000000000000e+05 
1.54989802222050e-02 1.00000000000000e+05 
1.56943417711660e-02 1.00000000000000e+05 
1.58927179360463e-02 1.00000000000000e+05 
1.60932360222961e-02 1.00000000000000e+05 
1.62960149396931e-02 1.00000000000000e+05 
1.65003545193233e-02 1.00000000000000e+05 
1.67063860236829e-02 1.00000000000000e+05 
1.69134359940100e-02 1.00000000000000e+05 
1.71215394257420e-02 1.00000000000000e+05 
1.73303180545923e-02 1.00000000000000e+05 
1.75397275363931e-02 1.00000000000000e+05 
1.77495338278371e-02 1.00000000000000e+05 
1.79588778709678e-02 1.00000000000000e+05 
1.81632141299684e-02 1.00000000000000e+05 
1.83563495583090e-02 1.00000000000000e+05 
1.85350654997335e-02 1.00000000000000e+05 
1.87033348892769e-02 1.00000000000000e+05 
1.88655209139424e-02 1.00000000000000e+05 
1.90248811783369e-02 1.00000000000000e+05 
1.91806392428623e-02 1.00000000000000e+05 
1.93330518171415e-02 1.00000000000000e+05 
1.94844472339878e-02 1.00000000000000e+05 
1.96354513074719e-02 1.00000000000000e+05 
1.97874716756332e-02 1.00000000000000e+05 
1.99407659971422e-02 1.00000000000000e+05 
2.00949666145618e-02 1.00000000000000e+05 
2.02488759513702e-02 1.00000000000000e+05 
2.04037372052121e-02 1.00000000000000e+05 
2.05594700344209e-02 1.00000000000000e+05 
2.07169731646289e-02 1.00000000000000e+05 
2.08761027591692e-02 1.00000000000000e+05 
2.10375370874966e-02 1.00000000000000e+05 
2.12011123461374e-02 1.00000000000000e+05 
2.13673114924532e-02 1.00000000000000e+05 
2.15349491414043e-02 1.00000000000000e+05 
2.17033893473920e-02 1.00000000000000e+05 
2.18726936224590e-02 1.00000000000000e+05 
2.20433335453589e-02 1.00000000000000e+05 
2.22153202831816e-02 1.00000000000000e+05 
2.23890653686386e-02 1.00000000000000e+05 
2.25644974705182e-02 1.00000000000000e+05 
2.27419476832756e-02 1.00000000000000e+05 
2.29213317495864e-02 1.00000000000000e+05 
2.31019787064772e-02 1.00000000000000e+05 
2.32831593711039e-02 1.00000000000000e+05 
2.34653334119274e-02 1.00000000000000e+05 
2.36484704865252e-02 1.00000000000000e+05 
2.38329626032690e-02 1.00137756025672e+05 
2.40187661837889e-02 1.02812110284663e+05 
2.42062192268413e-02 1.09965941103430e+05 
2.43952315419685e-02 1.23681534064608e+05 
2.45860216281188e-02 1.45073177145786e+05 
2.47775382796319e-02 1.70644354564550e+05 
2.49699446265832e-02 2.00962352103369e+05 
2.51632518083014e-02 2.27225190254812e+05 
2.53578168126835e-02 2.45905970439862e+05 
2.55535814033186e-02 2.55724933463763e+05 
2.57507927319496e-02 2.54729642897428e+05 
2.59493309364073e-02 2.54191601406373e+05 
2.61494275616920e-02 2.52272948146763e+05 
2.63509732964099e-02 2.48916718693201e+05 
2.65536162422129e-02 2.44027642401400e+05 
2.67571692856250e-02 2.38034473007866e+05 
2.69618729125782e-02 2.31752099649214e+05 
2.71675845871844e-02 2.25568994664406e+05 
2.73745395833931e-02 2.19715929581774e+05 
2.75826284842895e-02 2.14349805891774e+05 
2.77919979356706e-02 2.09600164911842e+05 
2.80025295487570e-02 2.05440695329236e+05 
2.82141958005665e-02 2.01849067614573e+05 
2.84268956048525e-02 1.98702055259589e+05 
2.86407308981906e-02 1.95909075806122e+05 
2.88553713997419e-02 1.93358034544757e+05 
2.90709304941315e-02 1.90969888130947e+05 
2.92872845879077e-02 1.88676251463774e+05 
2.95045683198375e-02 1.86430925705036e+05 
2.97226085323362e-02 1.84195565432065e+05 
2.99414948690116e-02 1.81945372736500e+05 
3.01611614610375e-02 1.79683662507621e+05 
3.03817283016271e-02 1.77397771713760e+05 
3.06030313024051e-02 1.75102675309915e+05 
3.08252714260742e-02 1.72803657515014e+05 
3.10481898218793e-02 1.70513570209622e+05 
3.12720065350778e-02 1.68240792043921e+05 
3.14963827297835e-02 1.65998494816637e+05 
3.17219626143150e-02 1.63788273404925e+05 
3.19482083104294e-02 1.61622872573790e+05 
3.21754460693612e-02 1.59505232514049e+05 
3.24033149857264e-02 1.57441074284678e+05 
3.26321262127601e-02 1.55430263445184e+05 
3.28615074633581e-02 1.53477667866318e+05 
3.30918830505032e-02 1.51580976285414e+05 
3.33227047332624e-02 1.49742212878220e+05 
3.35548645227504e-02 1.47953974208120e+05 
3.37876553287546e-02 1.46219952355892e+05 
3.40218786153803e-02 1.44534630694034e+05 
3.42568606921796e-02 1.42903182865827e+05 
3.44933014561565e-02 1.41316253421969e+05 
3.47303729275842e-02 1.39775231462948e+05 
3.49686087272232e-02 1.38273757229835e+05 
3.52072817020901e-02 1.36814216673249e+05 
3.54474396521837e-02 1.35388329737881e+05 
3.56882709530681e-02 1.33998457071754e+05 
3.59307600875195e-02 1.32637102847553e+05 
3.61740546643737e-02 1.31307319670304e+05 
3.64191406449349e-02 1.30002489261196e+05 
3.66652068126151e-02 1.28724726618425e+05 
3.69125748687435e-02 1.27471818952858e+05 
3.71607448040843e-02 1.26241688342020e+05 
3.74102554968833e-02 1.25030018344040e+05 
3.76604420877897e-02 1.23843980003250e+05 
3.79123537413494e-02 1.22661534280439e+05 
3.81651146945464e-02 1.21486870646534e+05 
3.84196838976963e-02 1.20317498846287e+05 
3.86751651656155e-02 1.19154378912418e+05 
3.89322852290461e-02 1.17999598721321e+05 
3.91904015382202e-02 1.16860923531569e+05 
3.94498029247019e-02 1.15728748577566e+05 
3.97101616097968e-02 1.14574445718732e+05 
3.99718681901356e-02 1.13446755132554e+05 
4.02343889778652e-02 1.12337515287503e+05 
4.04984013472095e-02 1.11236844599458e+05 
4.07632328036599e-02 1.10241280349542e+05 
4.10297092024944e-02 1.09214546863473e+05 
4.12970123404118e-02 1.08152174870502e+05 
4.15660238956860e-02 1.08184330563709e+05 
4.18358957902056e-02 1.09839653505843e+05 
4.21073743426195e-02 1.13825836291511e+05 
4.23798181614675e-02 1.20520641901766e+05 
4.26535180239932e-02 1.29291605247205e+05 
4.29281332569129e-02 1.39087108167634e+05 
4.32040519440746e-02 1.48483321195340e+05 
4.34808011583711e-02 1.57619746376821e+05 
4.37588880291849e-02 1.63425053337491e+05 
4.40377027295974e-02 1.66424829457287e+05 
4.43178768046649e-02 1.66688242221735e+05 
4.45986519312094e-02 1.64815820241922e+05 
4.48808366646911e-02 1.62381743399512e+05 
4.51636491860238e-02 1.59983783236799e+05 
4.54480214190026e-02 1.57594708140320e+05 
4.57330057453058e-02 1.55012582395265e+05 
4.60195887915465e-02 1.52289146157588e+05 
4.63068016227229e-02 1.49450704053122e+05 
4.65956911490197e-02 1.46561695277766e+05 
4.68852318610177e-02 1.43762208881667e+05 
4.71764696435892e-02 1.41111769998196e+05 
4.74683303258903e-02 1.38398488218585e+05 
4.77616883595095e-02 1.35734418896221e+05 
4.80549536037280e-02 1.33885756766946e+05 
4.83489544875950e-02 1.32535405190292e+05 
4.86428891922521e-02 1.31509828550361e+05 
4.89375130343508e-02 1.33863918651491e+05 
4.92321034616549e-02 1.43721719875791e+05 
4.95273454722088e-02 1.61574571913756e+05 
4.98226186873085e-02 1.82513437387926e+05 
5.01185009212987e-02 2.05771842430768e+05 
5.04145236746505e-02 2.18223523528348e+05 
5.07110979787654e-02 2.21126063568083e+05 
5.10079360878490e-02 2.19133481364960e+05 
5.13052163599651e-02 2.16575774252921e+05 
5.16027193743931e-02 2.13176170278292e+05 
5.19006523137113e-02 2.08254492271747e+05 
5.21987984039843e-02 2.03094744382795e+05 
5.24973795685507e-02 1.98403583288595e+05 
5.27961929681058e-02 1.94094351623517e+05 
5.30954587843621e-02 1.90135244373316e+05 
5.33949660222161e-02 1.86676728427732e+05 
5.36949110154998e-02 1.83576382929333e+05 
5.39950928926567e-02 1.80659524481719e+05 
5.42956769334341e-02 1.77836273460692e+05 
5.45965013899256e-02 1.75059980261320e+05 
5.48976935058286e-02 1.72275114617963e+05 
5.51991268511477e-02 1.69508810070516e+05 
5.55009183506075e-02 1.66766238610717e+05 
5.58029693615658e-02 1.64075932849840e+05 
5.61053837127616e-02 1.61452072087637e+05 
5.64080843779055e-02 1.58914842680267e+05 
5.67111508044528e-02 1.56464771676018e+05 
5.70145214664106e-02 1.54108007391864e+05 
5.73182462193758e-02 1.51836662487838e+05 
5.76222693366759e-02 1.49647357507357e+05 
5.79265682313750e-02 1.47528959009063e+05 
5.82311385431027e-02 1.45477023681266e+05 
5.85359200644708e-02 1.43482026137919e+05 
5.88407831678200e-02 1.41542873152096e+05 
5.91457342283725e-02 1.39652192166534e+05 
5.94500352854390e-02 1.37813324901899e+05 
5.97539274033061e-02 1.36017789929395e+05 
6.00564707172999e-02 1.34267311276494e+05 
6.03580835556872e-02 1.32552142570257e+05 
6.06575923216070e-02 1.30874149519919e+05 
6.09558681675518e-02 1.29224082352923e+05 
6.12520502301122e-02 1.27603730512904e+05 
6.15474500801319e-02 1.26009347310976e+05 
6.18414525270118e-02 1.24441668936930e+05 
6.21354036301782e-02 1.22906856085188e+05 
6.24287394262509e-02 1.21425410554209e+05 
6.27226183738809e-02 1.19990858555102e+05 
6.30163956103357e-02 1.18649683161606e+05 
6.33109738972428e-02 1.17361140885647e+05 
6.36055937577800e-02 1.16237682606006e+05 
6.39005507212247e-02 1.15238534029107e+05 
6.41958473931397e-02 1.14422896053575e+05 
6.44913832118995e-02 1.13610594903361e+05 
6.47873039991472e-02 1.12862585684708e+05 
6.50835405652188e-02 1.12477728611338e+05 
6.53801399271126e-02 1.12610480835196e+05 
6.56771022018182e-02 1.13349014277606e+05 
6.59742831694367e-02 1.14600243419037e+05 
6.62719657661651e-02 1.16264299081066e+05 
6.65697254191059e-02 1.18192484405909e+05 
6.68680417900212e-02 1.20160892820232e+05 
6.71664730890324e-02 1.22029905687383e+05 
6.74654331905005e-02 1.23546645250696e+05 
6.77645632324304e-02 1.24522638824034e+05 
6.80640247208215e-02 1.24984757265932e+05 
6.83637163839242e-02 1.24741944908208e+05 
6.86636115881397e-02 1.23981452976603e+05 
6.89637203848592e-02 1.22720462061461e+05 
6.92640246271086e-02 1.21442120178667e+05 
6.95645394452107e-02 1.20173350906571e+05 
6.98652524905947e-02 1.18904950803267e+05 
7.01661929507841e-02 1.17591708809726e+05 
7.04673492739248e-02 1.16262956016205e+05 
7.07687021884779e-02 1.14943030021948e+05 
7.10703420389627e-02 1.13637532776604e+05 
7.13718937614852e-02 1.12352448229136e+05 
7.16739230687359e-02 1.11084469197397e+05 
7.19757088055898e-02 1.09831278809916e+05 
7.22780000787782e-02 1.08592422110692e+05 
7.25801591286852e-02 1.07376447103505e+05 
7.28830821037099e-02 1.06177446014041e+05 
7.31861581539994e-02 1.05003145785554e+05 
7.34902529104281e-02 1.03846038062846e+05 
7.37944751483526e-02 1.02711329473586e+05 
7.40990589750568e-02 1.01596197045070e+05 
7.44027649657873e-02 1.00505096658779e+05 
7.47068656588584e-02 9.94317575055925e+04 
7.50102584251571e-02 9.83786851913057e+04 
7.53129951187606e-02 9.73458876536763e+04 
7.56146604988745e-02 9.63352131217606e+04 
7.59157771052196e-02 9.53437579086973e+04 
7.62158289611735e-02 9.43754701458250e+04 
7.65155246754407e-02 9.34265433476560e+04 
7.68145537841464e-02 9.25001384855044e+04 
7.71131298843985e-02 9.15928296398334e+04 
7.74111328250695e-02 9.07088174750571e+04 
7.77089036118150e-02 8.98462098219677e+04 
7.80062572024938e-02 8.90045249237674e+04 
7.83036227603326e-02 8.81809012812760e+04 
7.86006728800605e-02 8.73749262959424e+04 
7.88979000627169e-02 8.65838362172932e+04 
7.91948596012674e-02 8.58091360081620e+04 
7.94918333522244e-02 8.50481765255505e+04 
7.97871461887676e-02 8.43043025711314e+04 
8.00816436780931e-02 8.35738407723954e+04 
8.03745274754278e-02 8.28569719878240e+04 
8.06667623741581e-02 8.21495085450432e+04 
8.09586758485235e-02 8.14489765696890e+04 
8.12491740460740e-02 8.07575099974887e+04 
8.15381301588277e-02 8.00746691420564e+04 
8.18259875586066e-02 7.93984902223717e+04 
8.21126974942438e-02 7.87290880750633e+04 
8.23987857321248e-02 7.80648462473648e+04 
8.26841655196330e-02 7.74062733878065e+04 
8.29692823357919e-02 7.67523211538315e+04 
8.32536118841389e-02 7.61046995213006e+04 
8.35376660443655e-02 7.54625115887736e+04 
8.38209383212188e-02 7.48274680054416e+04 
8.41041198377512e-02 7.41983815384319e+04 
8.43868331639442e-02 7.35766715159424e+04 
8.46707947317001e-02 7.29588695614722e+04 
8.49544751707820e-02 7.23488105212170e+04 
8.52380084261983e-02 7.17462936266114e+04 
8.55214551170513e-02 7.11514653116221e+04 
8.58046696106454e-02 7.05647495175142e+04 
8.60878445120070e-02 6.99859860586543e+04 
8.63710480367649e-02 6.94149710499676e+04 
8.66543463023772e-02 6.88516796084154e+04 
8.69378102928288e-02 6.82959476843983e+04 
8.72213811644146e-02 6.77480279085838e+04 
8.75051301252009e-02 6.72077893016441e+04 
8.77889747608081e-02 6.66755239004694e+04 
8.80729564536962e-02 6.61511983488895e+04 
8.83569909986882e-02 6.56351068555348e+04 
8.86411155794540e-02 6.51272622383962e+04 
8.89252354272143e-02 6.46279793342002e+04 
8.92093881694530e-02 6.41372746625089e+04 
8.94933321549314e-02 6.36556823825709e+04 
8.97773145132341e-02 6.31828253249457e+04 
9.00609454421698e-02 6.27194253002833e+04 
9.03446314972672e-02 6.22648050898784e+04 
9.06280197380134e-02 6.18195324669551e+04 
9.09114976946300e-02 6.13829270697342e+04 
9.11947410284496e-02 6.09554249745540e+04 
9.14780101097657e-02 6.05365045885908e+04 
9.17611696641919e-02 6.01262547642729e+04 
9.20442522118058e-02 5.97244481273624e+04 
9.23272834600854e-02 5.93309002971425e+04 
9.26102737929344e-02 5.89454077217036e+04 
9.28932549096087e-02 5.85677724197675e+04 
9.31762456419767e-02 5.81977838490944e+04 
9.34592692041732e-02 5.78352926627508e+04 
9.37423556801166e-02 5.74801184161204e+04 
9.40255233202721e-02 5.71321756735903e+04 
9.43088024503807e-02 5.67913531646661e+04 
9.45922104236167e-02 5.64576594271713e+04 
9.48757756848246e-02 5.61310539935694e+04 
9.51595246342367e-02 5.58116076866754e+04 
9.54434757707389e-02 5.54994123663174e+04 
9.57276718512551e-02 5.51945555754335e+04 
9.60120799945706e-02 5.48971406214373e+04 
9.62967691268349e-02 5.46073002316295e+04 
9.65816350384687e-02 5.43253070199635e+04 
9.68667401872279e-02 5.40506436436034e+04 
9.71520448169730e-02 5.37841518388169e+04 
9.74376193443078e-02 5.35258502827060e+04 
9.77234253635359e-02 5.32752932760829e+04 
9.80095234871018e-02 5.30300999459172e+04 
9.82958828699562e-02 5.27952470993758e+04 
9.85825692702770e-02 5.25686738221256e+04 
9.88695638167896e-02 5.23497521119041e+04 
9.91568696296019e-02 5.21372432130164e+04 
9.94445332077820e-02 5.19348986775918e+04 
9.97324564086685e-02 5.17354819809180e+04 
1.00020692496292e-01 5.15405467993036e+04 
1.00309197123637e-01 5.13626228892012e+04 
1.00597972694763e-01 5.12127304004830e+04 
1.00887017173953e-01 5.11062357716831e+04 
1.01176300075451e-01 5.10620037224021e+04 
1.01465843086418e-01 5.10652972288041e+04 
1.01755589233460e-01 5.11040193764705e+04 
1.02045505040618e-01 5.11969585871902e+04 
1.02335598722573e-01 5.13503861596711e+04 
1.02625889660827e-01 5.15557586744115e+04 
1.02916354323743e-01 5.18035046694139e+04 
1.03207018093401e-01 5.20897509161075e+04 
1.03497816944810e-01 5.24101768493728e+04 
1.03788785133902e-01 5.27563897396616e+04 
1.04079841532872e-01 5.31204360552610e+04 
1.04371024718099e-01 5.34960643063091e+04 
1.04662706599547e-01 5.38759205653004e+04 
1.04954482917862e-01 5.42529047511730e+04 
1.05246314433288e-01 5.46334282558057e+04 
1.05538104563912e-01 5.50047212754283e+04 
1.05829885719086e-01 5.53700643780684e+04 
1.06121641208519e-01 5.57415105997068e+04 
1.06413304159794e-01 5.61368836802318e+04 
1.06704757356117e-01 5.65247865203786e+04 
1.06995668086621e-01 5.69271104444947e+04 
1.07285495248769e-01 5.73666684678208e+04 
1.07574435590174e-01 5.78312155810448e+04 
1.07861816284899e-01 5.83584151702593e+04 
1.08148054271642e-01 5.89687776437330e+04 
1.08432551627370e-01 5.96531448656054e+04 
1.08715784964723e-01 6.03912474958727e+04 
1.08997219105710e-01 6.11626613333342e+04 
1.09277520176808e-01 6.19479212943414e+04 
1.09556159193329e-01 6.27245667830735e+04 
1.09833739616297e-01 6.34672499618619e+04 
1.10109860302613e-01 6.41699840111235e+04 
1.10385189334684e-01 6.48109509302060e+04 
1.10659419621126e-01 6.53592129646361e+04 
1.10933185417142e-01 6.58156586080463e+04 
1.11206155538786e-01 6.61951609031827e+04 
1.11478808614015e-01 6.64787843263237e+04 
1.11750972640182e-01 6.66563011813250e+04 
1.12023172745159e-01 6.67111561671268e+04 
1.12295128236858e-01 6.67177179115131e+04 
1.12567231044238e-01 6.66588200408889e+04 
1.12839237772406e-01 6.65793093601644e+04 
1.13111469302122e-01 6.65175554168291e+04 
1.13383693911301e-01 6.65001812705672e+04 
1.13656184713721e-01 6.65806700856844e+04 
1.13928780016469e-01 6.67956570861316e+04 
1.14201756669804e-01 6.71578520592537e+04 
1.14474850743202e-01 6.77049674189669e+04 
1.14748263496313e-01 6.84542907162351e+04 
1.15021775089596e-01 6.93732787204160e+04 
1.15295637941161e-01 7.04502721797268e+04 
1.15569613815420e-01 7.16305086045566e+04 
1.15844007177498e-01 7.28733148350616e+04 
1.16118480791211e-01 7.40730079471476e+04 
1.16393401798560e-01 7.51968538019891e+04 
1.16668423525176e-01 7.60800149416465e+04 
1.16943906075341e-01 7.66491553150783e+04 
1.17219525828015e-01 7.69795971458993e+04 
1.17495558583552e-01 7.70490856569265e+04 
1.17771725235090e-01 7.70930607256575e+04 
1.18048246100935e-01 7.70984484570886e+04 
1.18324961279809e-01 7.70307319379344e+04 
1.18602024537619e-01 7.68868395836255e+04 
1.18879277183598e-01 7.67471871475496e+04 
1.19156883602653e-01 7.66151957712922e+04 
1.19434561566409e-01 7.65053543218180e+04 
1.19712550765467e-01 7.64608143527591e+04 
1.19990285553606e-01 7.65237235060267e+04 
1.20268314677224e-01 7.67440953818059e+04 
1.20546017336267e-01 7.71411528818824e+04 
1.20823973527813e-01 7.77217483963724e+04 
1.21101521721576e-01 7.84941092663761e+04 
1.21379134483613e-01 7.94542835222175e+04 
1.21656136479401e-01 8.05867797276239e+04 
1.21933366843030e-01 8.18589389780127e+04 
1.22210367962254e-01 8.32302712047757e+04 
1.22487807248780e-01 8.46412260730770e+04 
1.22764541238868e-01 8.60168226097403e+04 
1.23041275797525e-01 8.72866039814346e+04 
1.23317647413697e-01 8.83776096854817e+04 
1.23594130517595e-01 8.92054237798522e+04 
1.23872424018547e-01 8.97868521961332e+04 
1.24150713368595e-01 9.01450377765717e+04 
1.24428833545067e-01 9.02692383701082e+04 
1.24706562078024e-01 9.03259878946520e+04 
1.24982766596441e-01 9.02968882284721e+04 
1.25258242088479e-01 9.02008059293484e+04 
1.25532093641000e-01 9.00295507854656e+04 
1.25805278964297e-01 8.98262200895920e+04 
1.26077057623070e-01 8.96096817487455e+04 
1.26348553117009e-01 8.93895007188992e+04 
1.26619024155867e-01 8.91969045666101e+04 
1.26889312390686e-01 8.90329021804223e+04 
1.27158676895675e-01 8.89464602120146e+04 
1.27427675039756e-01 8.89654088097995e+04 
1.27696041073426e-01 8.90151636681894e+04 
1.27964436628499e-01 8.91147614586305e+04 
1.28232287643896e-01 8.92914822297818e+04 
1.28500145157323e-01 8.95657203307633e+04 
1.28767893509324e-01 8.99556236135647e+04 
1.29035960970508e-01 9.04497084041197e+04 
1.29304207144701e-01 9.10333724976496e+04 
1.29573036269298e-01 9.17160595109253e+04 
1.29842228764398e-01 9.24719904613801e+04 
1.30112170233009e-01 9.32784772897636e+04 
1.30382367270850e-01 9.41170793875964e+04 
1.30653318688544e-01 9.49496976617423e+04 
1.30924530605737e-01 9.57629760570470e+04 
1.31196605011463e-01 9.65510608135871e+04 
1.31468976411244e-01 9.72580951502319e+04 
1.31741729776746e-01 9.78360100391591e+04 
1.32015250470701e-01 9.83249287492561e+04 
1.32289299166915e-01 9.86258589977472e+04 
1.32563616735509e-01 9.88670040915165e+04 
1.32837895154619e-01 9.90154058768163e+04 
1.33111999374843e-01 9.90446636221944e+04 
1.33386023802657e-01 9.90098438762936e+04 
1.33659840011854e-01 9.88784162229934e+04 
1.33933337169852e-01 9.86869677563039e+04 
1.34206406106184e-01 9.84166936537521e+04 
1.34479056032504e-01 9.80929330279448e+04 
1.34750866816237e-01 9.77183563418345e+04 
1.35022259855364e-01 9.73207166355662e+04 
1.35292815246024e-01 9.68801348757753e+04 
1.35562970178803e-01 9.64341015054532e+04 
1.35832292137286e-01 9.59755038998491e+04 
1.36101273900015e-01 9.55100167393727e+04 
1.36369527611935e-01 9.50428173110141e+04 
1.36637458452343e-01 9.45706446722815e+04 
1.36904918519517e-01 9.41037438446755e+04 
1.37172076407958e-01 9.36475708738682e+04 
1.37439007157219e-01 9.32023451033469e+04 
1.37705666269516e-01 9.27869583599777e+04 
1.37971984175377e-01 9.24038683563337e+04 
1.38238222524792e-01 9.20336475271177e+04 
1.38504307959779e-01 9.17177557822952e+04 
1.38770414645904e-01 9.14478605390638e+04 
1.39036530585493e-01 9.12240401555928e+04 
1.39302791473125e-01 9.10609145337306e+04 
1.39569168850589e-01 9.09329509373102e+04 
1.39835801460827e-01 9.08226357126051e+04 
1.40102625219623e-01 9.07393267799891e+04 
1.40369749878954e-01 9.07189194541690e+04 
1.40637127626446e-01 9.07792854190581e+04 
1.40904754473458e-01 9.09397171075978e+04 
1.41172637849330e-01 9.12168877920297e+04 
1.41440801363584e-01 9.15825352451964e+04 
1.41709218584804e-01 9.20315024574551e+04 
1.41977929959166e-01 9.25456523933086e+04 
1.42246868415234e-01 9.31093710574406e+04 
1.42516094114791e-01 9.37043833532412e+04 
1.42785492891837e-01 9.43115253650493e+04 
1.43055158078233e-01 9.49159475915788e+04 
1.43324923746848e-01 9.54984139924155e+04 
1.43594942561492e-01 9.60557502706909e+04 
1.43864958753598e-01 9.65588664171258e+04 
1.44135166735736e-01 9.70017160234469e+04 
1.44405362490435e-01 9.73941207811939e+04 
1.44675695740852e-01 9.77150403826379e+04 
1.44946007308917e-01 9.79574334539391e+04 
1.45216410356550e-01 9.81304784566414e+04 
1.45486841405711e-01 9.82004809108684e+04 
1.45757330456956e-01 9.81950017742646e+04 
1.46027858752042e-01 9.81167726787420e+04 
1.46298463922924e-01 9.79688695579893e+04 
1.46569100086627e-01 9.78133253894955e+04 
1.46839835626176e-01 9.76423895300497e+04 
1.47110573516352e-01 9.74597684126231e+04 
1.47381428982867e-01 9.72618244411426e+04 
1.47652251747046e-01 9.70414418593077e+04 
1.47923194627575e-01 9.68008312975184e+04 
1.48194101004295e-01 9.65409272557586e+04 
1.48465161497144e-01 9.62615329931154e+04 
1.48736199725160e-01 9.59664871963395e+04 
1.49007372014172e-01 9.56627419673939e+04 
1.49278491257384e-01 9.53614755419324e+04 
1.49549747097108e-01 9.50779342386657e+04 
1.49820982864482e-01 9.48380772703598e+04 
1.50092385849166e-01 9.46600368089429e+04 
1.50363797913091e-01 9.45702721765472e+04 
1.50635367572551e-01 9.45904635695753e+04 
1.50906952335744e-01 9.47427673459917e+04 
1.51178654063941e-01 9.50531230819720e+04 
1.51450376078840e-01 9.55248468280002e+04 
1.51722175873817e-01 9.61576827019519e+04 
1.51993945136856e-01 9.69400746555088e+04 
1.52266303927747e-01 9.78447045256703e+04 
1.52538755135701e-01 9.88354989210381e+04 
1.52811379071087e-01 9.98658441752387e+04 
1.53084058528337e-01 1.00875350969403e+05 
1.53356869955034e-01 1.01811875264152e+05 
1.53629827127068e-01 1.02672786958464e+05 
1.53903004662200e-01 1.03367409193368e+05 
1.54176376068397e-01 1.03739982895546e+05 
1.54449999671090e-01 1.03908914511772e+05 
1.54723878250119e-01 1.03915136950949e+05 
1.54998011532148e-01 1.03689681658047e+05 
1.55272405299421e-01 1.03448767613257e+05 
1.55547160883554e-01 1.03198692532462e+05 
1.55822180849152e-01 1.02929187669389e+05 
1.56097522849040e-01 1.02653160597825e+05 
1.56373025121803e-01 1.02390509084233e+05 
1.56648844791993e-01 1.02144065821256e+05 
1.56924824445413e-01 1.01934888723170e+05 
1.57201118629735e-01 1.01745448252785e+05 
1.57477651462622e-01 1.01624485807535e+05 
1.57754509541586e-01 1.01560585156449e+05 
1.58031682175900e-01 1.01565069882330e+05 
1.58309186461861e-01 1.01574814053768e+05 
1.58587049971569e-01 1.01618122928704e+05 
1.58865255432994e-01 1.01734282110185e+05 
1.59143718957769e-01 1.01955480555694e+05 
1.59422529162016e-01 1.02257050295425e+05 
1.59701624073670e-01 1.02626970271973e+05 
1.59981059337490e-01 1.03056678178517e+05 
1.60260807407246e-01 1.03524863519674e+05 
1.60540872857080e-01 1.04010964782357e+05 
1.60821265338434e-01 1.04507696371806e+05 
1.61101977673402e-01 1.05011055704841e+05 
1.61383082045588e-01 1.05522587254430e+05 
1.61664465692304e-01 1.06051527255588e+05 
1.61946251046488e-01 1.06615210672810e+05 
1.62228324851282e-01 1.07236958642825e+05 
1.62510809258523e-01 1.07936313649874e+05 
1.62793616430753e-01 1.08736957106143e+05 
1.63076828225081e-01 1.09664778628275e+05 
1.63360374450058e-01 1.10733566652195e+05 
1.63644319846387e-01 1.11965619858942e+05 
1.63928599072919e-01 1.13340705169322e+05 
1.64213249334622e-01 1.14812543933479e+05 
1.64498180269578e-01 1.16378051376549e+05 
1.64783457748579e-01 1.18009160556202e+05 
1.65068975009109e-01 1.19615636977632e+05 
1.65354865495994e-01 1.21207769723125e+05 
1.65640951781240e-01 1.22547768570504e+05 
1.65927381916173e-01 1.23623369705995e+05 
1.66214007832890e-01 1.24472882639650e+05 
1.66500937682313e-01 1.25040169599444e+05 
1.66788034217775e-01 1.25508063816262e+05 
1.67075374346727e-01 1.25796537492070e+05 
1.67362846650259e-01 1.25949023306961e+05 
1.67650558131508e-01 1.25909552914429e+05 
1.67938392404760e-01 1.25652707407821e+05 
1.68226458602232e-01 1.25193152781632e+05 
1.68514612280543e-01 1.24567692357174e+05 
1.68802987883429e-01 1.23776905482953e+05 
1.69091419091174e-01 1.22890993094875e+05 
1.69380077307848e-01 1.21949863182844e+05 
1.69668770187907e-01 1.20971959141116e+05 
1.69957700572099e-01 1.19984821940624e+05 
1.70246657546010e-01 1.19004385503254e+05 
1.70535877647591e-01 1.18043896466772e+05 
1.70825118445500e-01 1.17104330331392e+05 
1.71114655909964e-01 1.16189895676884e+05 
1.71404216731926e-01 1.15308459111808e+05 
1.71694104135674e-01 1.14458610383131e+05 
1.71984032803099e-01 1.13644524972406e+05 
1.72274305111304e-01 1.12865855306193e+05 
1.72564657886042e-01 1.12123807215851e+05 
1.72855312599912e-01 1.11417524665912e+05 
1.73145782723912e-01 1.10748747223991e+05 
1.73436109735257e-01 1.10115979572591e+05 
1.73725994530433e-01 1.09519257749930e+05 
1.74015318730627e-01 1.08959149827885e+05 
1.74303867437991e-01 1.08436523143422e+05 
1.74591501373915e-01 1.07950193463318e+05 
1.74878189744276e-01 1.07501079265920e+05 
1.75163730569289e-01 1.07089617111799e+05 
1.75448316500117e-01 1.06708491497661e+05 
1.75731893857521e-01 1.06363053599358e+05 
1.76018047343760e-01 1.06048196805202e+05 
1.76303214421400e-01 1.05761898287030e+05 
1.76587732433992e-01 1.05503908205647e+05 
1.76871511581233e-01 1.05260454348460e+05 
1.77154736074425e-01 1.05038623860988e+05 
1.77437432579070e-01 1.04837025817542e+05 
1.77718696434288e-01 1.04658341902379e+05 
1.77997688294093e-01 1.04498231408038e+05 
1.78275380894256e-01 1.04350095071399e+05 
1.78550464316675e-01 1.04215477657266e+05 
1.78824673462974e-01 1.04088929078719e+05 
1.79097407521023e-01 1.03961606581554e+05 
1.79369447994466e-01 1.03830694335671e+05 
1.79640588067510e-01 1.03694722176741e+05 
1.79911717474448e-01 1.03551743906768e+05 
1.80182757645082e-01 1.03399282964595e+05 
1.80454352565793e-01 1.03238578752153e+05 
1.80726367978025e-01 1.03066233270474e+05 
1.80999313281009e-01 1.02884557414744e+05 
1.81272868368883e-01 1.02696873366526e+05 
1.81546539737490e-01 1.02506935995933e+05 
1.81820404813810e-01 1.02320871318141e+05 
1.82094600398618e-01 1.02141926937260e+05 
1.82368973264961e-01 1.01974296142947e+05 
1.82643602450490e-01 1.01822654930741e+05 
1.82918583270911e-01 1.01696904048698e+05 
1.83193960600182e-01 1.01599548672005e+05 
1.83469798259979e-01 1.01539454415665e+05 
1.83745740965423e-01 1.01520693331324e+05 
1.84021703940180e-01 1.01544513788682e+05 
1.84297653291756e-01 1.01612648553010e+05 
1.84573403879793e-01 1.01725742381334e+05 
1.84849512773833e-01 1.01881129222215e+05 
1.85125874715617e-01 1.02072904797894e+05 
1.85402196003364e-01 1.02298697901494e+05 
1.85678509919600e-01 1.02545765606935e+05 
1.85954795901667e-01 1.02815383936321e+05 
1.86231065554010e-01 1.03113984857975e+05 
1.86507303595906e-01 1.03393917957186e+05 
1.86783504237574e-01 1.03692970451018e+05 
1.87059612022005e-01 1.04037252349381e+05 
1.87335686423486e-01 1.04397695732806e+05 
1.87611409464794e-01 1.04673749201063e+05 
1.87887212350202e-01 1.04985279739590e+05 
1.88162803817818e-01 1.05498528431381e+05 
1.88438465333891e-01 1.06322020802845e+05 
1.88714004060022e-01 1.07455562289662e+05 
1.88989630383602e-01 1.08853851512778e+05 
1.89265193794240e-01 1.10490855626274e+05 
1.89540887383144e-01 1.12246453136356e+05 
1.89816588986687e-01 1.13986543374300e+05 
1.90092484600579e-01 1.15577774627674e+05 
1.90368465303370e-01 1.16981859657026e+05 
1.90644697348234e-01 1.17875921323959e+05 
1.90921090472684e-01 1.18343542342003e+05 
1.91197770203722e-01 1.18347384914716e+05 
1.91474631293124e-01 1.17974007331314e+05 
1.91751821416194e-01 1.17472398326624e+05 
1.92029250919444e-01 1.16926659604733e+05 
1.92307029524957e-01 1.16286608216179e+05 
1.92584970493119e-01 1.15559966653990e+05 
1.92863292574126e-01 1.14802784656990e+05 
1.93141785420379e-01 1.14024942482247e+05 
1.93420476732640e-01 1.13233488941073e+05 
1.93699327420068e-01 1.12452337601770e+05 
1.93978414623347e-01 1.11688221860881e+05 
1.94257690455618e-01 1.10949795328099e+05 
1.94537231008064e-01 1.10239503280607e+05 
1.94816977860865e-01 1.09556637134786e+05 
1.95096967233728e-01 1.08904729501281e+05 
1.95377001880214e-01 1.08281654225458e+05 
1.95657307706213e-01 1.07687040645809e+05 
1.95937756696442e-01 1.07119624073027e+05 
1.96218449572087e-01 1.06580741493890e+05 
1.96499296263621e-01 1.06069142671301e+05 
1.96780356467696e-01 1.05584755570338e+05 
1.97061571352097e-01 1.05125540815637e+05 
1.97342969901834e-01 1.04691529367653e+05 
1.97624510172138e-01 1.04279818965237e+05 
1.97906170759917e-01 1.03890282895935e+05 
1.98187922605723e-01 1.03519566691330e+05 
1.98469730666811e-01 1.03166123453414e+05 
1.98751352670236e-01 1.02826099475183e+05 
1.99032803673094e-01 1.02497438559863e+05 
1.99314032083100e-01 1.02177161666562e+05 
1.99595159346489e-01 1.01862997820783e+05 
1.99876144074826e-01 1.01551758799309e+05 
2.00157120568977e-01 1.01243284423303e+05 
