# Liste des scalaires : TEMPS pmat 
0.00000000000000e+00 1.00000000000000e+05 
7.22956891292051e-05 1.00000000000000e+05 
1.39473830159783e-04 1.00000000000000e+05 
2.09658797050080e-04 1.00000000000000e+05 
2.76117114236715e-04 1.00000000000000e+05 
3.20638761908106e-04 1.00000000000000e+05 
3.55139419127655e-04 1.00000000000000e+05 
3.84466703006935e-04 1.00000000000000e+05 
4.10882456555338e-04 1.00000000000000e+05 
4.35440253196317e-04 1.00000000000000e+05 
4.62453829501394e-04 1.00000000000000e+05 
4.92168763436978e-04 1.00000000000000e+05 
5.24855190766121e-04 1.00000000000000e+05 
5.60810260828178e-04 1.00000000000000e+05 
6.00360837896440e-04 1.00000000000000e+05 
6.43866472671530e-04 1.00000000000000e+05 
6.91722670924127e-04 1.00000000000000e+05 
7.44364489001985e-04 1.00000000000000e+05 
8.02270488887629e-04 1.00000000000000e+05 
8.65967088761836e-04 1.00000000000000e+05 
9.36033348623465e-04 1.00000000000000e+05 
1.01310623447126e-03 1.00000000000000e+05 
1.09788640890383e-03 1.00000000000000e+05 
1.19114460077965e-03 1.00000000000000e+05 
1.28874595967995e-03 1.00000000000000e+05 
1.39427742078088e-03 1.00000000000000e+05 
1.50221628787623e-03 1.00000000000000e+05 
1.61553425737480e-03 1.00000000000000e+05 
1.73457348070829e-03 1.00000000000000e+05 
1.85733677968619e-03 1.00000000000000e+05 
1.98616223838877e-03 1.00000000000000e+05 
2.11872938704632e-03 1.00000000000000e+05 
2.25541689819666e-03 1.00000000000000e+05 
2.39772133018676e-03 1.00000000000000e+05 
2.54485627309092e-03 1.00000000000000e+05 
2.69657390129197e-03 1.00000000000000e+05 
2.85238267869166e-03 1.00000000000000e+05 
3.01245336052025e-03 1.00000000000000e+05 
3.17812497446082e-03 1.00000000000000e+05 
3.34903914085907e-03 1.00000000000000e+05 
3.52550659026266e-03 1.00000000000000e+05 
3.70726992321328e-03 1.00000000000000e+05 
3.89587589613532e-03 1.00000000000000e+05 
4.08975108537119e-03 1.00000000000000e+05 
4.28959471140153e-03 1.00000000000000e+05 
4.49516060408352e-03 1.00000000000000e+05 
4.70839016598686e-03 1.00000000000000e+05 
4.92856369339294e-03 1.00000000000000e+05 
5.15483611196973e-03 1.00000000000000e+05 
5.38809108199180e-03 1.00000000000000e+05 
5.62529043719784e-03 1.00000000000000e+05 
5.86830296110006e-03 1.00000000000000e+05 
6.11859845728997e-03 1.00000000000000e+05 
6.37099039877611e-03 1.00000000000000e+05 
6.63061014008451e-03 1.00000000000000e+05 
6.89203791070883e-03 1.00000000000000e+05 
7.16205041354569e-03 1.00000000000000e+05 
7.43466904380951e-03 1.00000000000000e+05 
7.71163602147489e-03 1.00000000000000e+05 
7.98957753114289e-03 1.00000000000000e+05 
8.26366260093717e-03 1.00000000000000e+05 
8.50938952142963e-03 1.00000000000000e+05 
8.73750636628394e-03 1.00000000000000e+05 
8.95541315240462e-03 1.00000000000000e+05 
9.16133306283488e-03 1.00000000000000e+05 
9.36275172675022e-03 1.00000000000000e+05 
9.55460984239816e-03 1.00000000000000e+05 
9.74619198103967e-03 1.00000000000000e+05 
9.93013210995039e-03 1.00000000000000e+05 
1.01140034183807e-02 1.00000000000000e+05 
1.02935915726667e-02 1.00000000000000e+05 
1.04727635561238e-02 1.00000000000000e+05 
1.06508119175295e-02 1.00000000000000e+05 
1.08283804843978e-02 1.00000000000000e+05 
1.10069060783381e-02 1.00000000000000e+05 
1.11867102059423e-02 1.00000000000000e+05 
1.13677502358545e-02 1.00000000000000e+05 
1.15465899414141e-02 1.00000000000000e+05 
1.17175333463446e-02 1.00000000000000e+05 
1.18804353796383e-02 1.00000000000000e+05 
1.20330437635047e-02 1.00000000000000e+05 
1.21775487271029e-02 1.00000000000000e+05 
1.23152428082709e-02 1.00000000000000e+05 
1.24490658389654e-02 1.00000000000000e+05 
1.25804125494516e-02 1.00000000000000e+05 
1.27081636147665e-02 1.00000000000000e+05 
1.28340643376782e-02 1.00000000000000e+05 
1.29588220597763e-02 1.00000000000000e+05 
1.30839163719986e-02 1.00000000000000e+05 
1.32096883935003e-02 1.00000000000000e+05 
1.33372283493666e-02 1.00000000000000e+05 
1.34666851747343e-02 1.00000000000000e+05 
1.35988981438465e-02 1.00000000000000e+05 
1.37331610837378e-02 1.00000000000000e+05 
1.38692324060702e-02 1.00000000000000e+05 
1.40070592661738e-02 1.00000000000000e+05 
1.41472504753802e-02 1.00000000000000e+05 
1.42897257188068e-02 1.00000000000000e+05 
1.44349219723608e-02 1.00000000000000e+05 
1.45826862556773e-02 1.00000000000000e+05 
1.47333155112855e-02 1.00000000000000e+05 
1.48866061493399e-02 1.00000000000000e+05 
1.50428264356992e-02 1.00000000000000e+05 
1.52017794852215e-02 1.00000000000000e+05 
1.53637429847970e-02 1.00000000000000e+05 
1.55275734053706e-02 1.00000000000000e+05 
1.56927564691065e-02 1.00000000000000e+05 
1.58591820150656e-02 1.00000000000000e+05 
1.60271900680655e-02 1.00000000000000e+05 
1.61966435865426e-02 1.00000000000000e+05 
1.63680027989081e-02 1.00000000000000e+05 
1.65411053926528e-02 1.00000000000000e+05 
1.67164232929206e-02 1.00000000000000e+05 
1.68937229915428e-02 1.00000000000000e+05 
1.70734478307633e-02 1.00000000000000e+05 
1.72541974770927e-02 1.00000000000000e+05 
1.74359873379005e-02 1.00000000000000e+05 
1.76187407675414e-02 1.00000000000000e+05 
1.78030349941456e-02 1.00000000000000e+05 
1.79887268311300e-02 1.00000000000000e+05 
1.81763620662282e-02 1.00000000000000e+05 
1.83657793882765e-02 1.00000000000000e+05 
1.85574631907072e-02 1.00000000000000e+05 
1.87512064387960e-02 1.00000000000000e+05 
1.89466340742929e-02 1.00000000000000e+05 
1.91430286680900e-02 1.00000000000000e+05 
1.93408552521105e-02 1.00000000000000e+05 
1.95400321856147e-02 1.00000000000000e+05 
1.97409783683731e-02 1.00000000000000e+05 
1.99435579907713e-02 1.00000000000000e+05 
2.01481088604891e-02 1.00000000000000e+05 
2.03543969395742e-02 1.00000000000000e+05 
2.05627576254695e-02 1.00000000000000e+05 
2.07729922079650e-02 1.00000000000000e+05 
2.09848355226046e-02 1.00000000000000e+05 
2.11978304713721e-02 1.00000000000000e+05 
2.14123104682974e-02 1.00000000000000e+05 
2.16281081998787e-02 1.00000000000000e+05 
2.18455271373992e-02 1.00000000000000e+05 
2.20643387249222e-02 1.00000000000000e+05 
2.22849044568253e-02 1.00000000000000e+05 
2.25069815997385e-02 1.00000000000000e+05 
2.27308862370549e-02 1.00000000000000e+05 
2.29563680975253e-02 1.00000000000000e+05 
2.31837080301882e-02 1.00000000000000e+05 
2.34126368977194e-02 1.00000000000000e+05 
2.36433601226334e-02 1.00000000000000e+05 
2.38756174455938e-02 1.00000000000000e+05 
2.41094419182698e-02 1.00000000000000e+05 
2.43445406538070e-02 1.00000000000000e+05 
2.45812773636392e-02 1.00000000000000e+05 
2.48193495287974e-02 1.00000000000000e+05 
2.50590042704542e-02 1.00000000000000e+05 
2.52999396343426e-02 1.00000000000000e+05 
2.55424202188367e-02 1.00000000000000e+05 
2.57862084861458e-02 1.00000000000000e+05 
2.60314480772299e-02 1.00000000000000e+05 
2.62779470560825e-02 1.00000000000000e+05 
2.65258896184092e-02 1.00000000000000e+05 
2.67750905957413e-02 1.00000000000000e+05 
2.70258185017117e-02 1.00000000000000e+05 
2.72777748187379e-02 1.00000000000000e+05 
2.75313951260709e-02 1.00000000000000e+05 
2.77862109449211e-02 1.00000000000000e+05 
2.80428596446405e-02 1.00000000000000e+05 
2.83006894279708e-02 1.00000000000000e+05 
2.85605138245432e-02 1.00000000000000e+05 
2.88212585218842e-02 1.00000000000000e+05 
2.90842900697883e-02 1.00000000000000e+05 
2.93483918462059e-02 1.00000000000000e+05 
2.96144253454013e-02 1.00000000000000e+05 
2.98818631793698e-02 1.00000000000000e+05 
3.01508161256294e-02 1.00000000000000e+05 
3.04211647724885e-02 1.00000000000000e+05 
3.06931246380125e-02 1.00000000000000e+05 
3.09664860654305e-02 1.00000000000000e+05 
3.12415993257946e-02 1.00000000000000e+05 
3.15180893645959e-02 1.00000000000000e+05 
3.17964364260725e-02 1.00000000000000e+05 
3.20760716280814e-02 1.00000000000000e+05 
3.23575743922557e-02 1.00000000000000e+05 
3.26401682006770e-02 1.00000000000000e+05 
3.29247421398926e-02 1.00000000000000e+05 
3.32103950997531e-02 1.00000000000000e+05 
3.34979710661082e-02 1.00000000000000e+05 
3.37865920984211e-02 1.00000000000000e+05 
3.40757551721952e-02 1.00000000000000e+05 
3.43652590219375e-02 1.00000000000000e+05 
3.46551118024332e-02 1.00000000000000e+05 
3.49452404501279e-02 1.00000000000000e+05 
3.52356839806337e-02 1.00000000000000e+05 
3.55263529484388e-02 1.00000000000000e+05 
3.58173365479469e-02 1.00000000000000e+05 
3.61084974096358e-02 1.00000000000000e+05 
3.63999928134298e-02 1.00000000000000e+05 
3.66916294079761e-02 1.00000000000000e+05 
3.69835964830813e-02 1.00000000000000e+05 
3.72756709292978e-02 1.00000000000000e+05 
3.75679806571285e-02 1.00000000000000e+05 
3.78603676515791e-02 1.00000000000000e+05 
3.81528601857114e-02 1.00000000000000e+05 
3.84451905305164e-02 1.00000000000000e+05 
3.87375202691899e-02 1.00000000000000e+05 
3.90295960285575e-02 1.00000000000000e+05 
3.93216596690190e-02 1.00000000000000e+05 
3.96134919632497e-02 1.00000000000000e+05 
3.99053531160977e-02 1.00000000000000e+05 
4.01970460260373e-02 1.00000000000000e+05 
4.04888149266805e-02 1.00000000000000e+05 
4.07804740627728e-02 1.00000000000000e+05 
4.10722056868711e-02 1.00000000000000e+05 
4.13638620112790e-02 1.00000000000000e+05 
4.16555949068295e-02 1.00000000000000e+05 
4.19472887191345e-02 1.00000000000000e+05 
4.22390717706086e-02 1.00000000000000e+05 
4.25308364672023e-02 1.00000000000000e+05 
4.28226926366187e-02 1.00000000000000e+05 
4.31144955271407e-02 1.00000000000000e+05 
4.34063679700497e-02 1.00000000000000e+05 
4.36981762952646e-02 1.00000000000000e+05 
4.39900531731276e-02 1.00000000000000e+05 
4.42818183167027e-02 1.00000000000000e+05 
4.45736629778143e-02 1.00000000000000e+05 
4.48653995241518e-02 1.00000000000000e+05 
4.51573513818680e-02 1.00000000000000e+05 
4.54491538720643e-02 1.00000000000000e+05 
4.57409853509414e-02 1.00000000000000e+05 
4.60327108524639e-02 1.00000000000000e+05 
4.63246482100113e-02 1.00000000000000e+05 
4.66166514164318e-02 1.00000000000000e+05 
4.69091252474483e-02 1.00000000000000e+05 
4.72018631380908e-02 1.00000000000000e+05 
4.74953077891017e-02 1.00000000000000e+05 
4.77891721056057e-02 1.00000000000000e+05 
4.80838772119254e-02 1.00000000000000e+05 
4.83790485270917e-02 1.00000000000000e+05 
4.86745106022763e-02 1.00000000000000e+05 
4.89704059499764e-02 1.00000000000000e+05 
4.92663579633347e-02 1.00000000000000e+05 
4.95625158664569e-02 1.00000000000000e+05 
4.98584231987554e-02 1.00000000000000e+05 
5.01543067948100e-02 1.00000000000000e+05 
5.04497259326491e-02 1.00000000000000e+05 
5.07450863651741e-02 1.00000000000000e+05 
5.10399474810635e-02 1.00000000000000e+05 
5.13349186199202e-02 1.00000000000000e+05 
5.16293897718892e-02 1.00000000000000e+05 
5.19221458235077e-02 1.00000000000000e+05 
5.22141570563197e-02 1.00000000000000e+05 
5.25043934850023e-02 1.00000000000000e+05 
5.27937326403026e-02 1.00000000000000e+05 
5.30818642476549e-02 1.00000000000000e+05 
5.33698873040148e-02 1.00000000000000e+05 
5.36572345755697e-02 1.00000000000000e+05 
5.39447209553529e-02 1.00000000000000e+05 
5.42322260034183e-02 1.00000000000000e+05 
5.45197333312751e-02 1.00000000000000e+05 
5.48076269766358e-02 1.00000000000000e+05 
5.50954653577107e-02 1.00000000000000e+05 
5.53837696388368e-02 1.00000000000000e+05 
5.56721368906813e-02 1.00000000000000e+05 
5.59606673926451e-02 1.00000000000000e+05 
5.62490794265681e-02 1.00000000000000e+05 
5.65378539061578e-02 1.00000000000000e+05 
5.68267056531417e-02 1.00000000000000e+05 
5.71160089654061e-02 1.00000000000000e+05 
5.74054889497963e-02 1.00000000000000e+05 
5.76954247583173e-02 1.00000000000000e+05 
5.79845622157346e-02 1.00000000000000e+05 
5.82735689435966e-02 1.00000000000000e+05 
5.85615934471310e-02 1.00000000000000e+05 
5.88498352095579e-02 1.00000000000000e+05 
5.91369645346047e-02 1.00000000000000e+05 
5.94246736922187e-02 1.00000000000000e+05 
5.97110412787879e-02 1.00000000000000e+05 
5.99982385940095e-02 1.00000000000000e+05 
6.02854258748462e-02 1.00000000000000e+05 
6.05726411368990e-02 1.00000000000000e+05 
6.08594818799298e-02 1.00000000000000e+05 
6.11465021648086e-02 1.00000000000000e+05 
6.14332692314655e-02 1.00000000000000e+05 
6.17204615962002e-02 1.00000000000000e+05 
6.20074384021005e-02 1.00000000000000e+05 
6.22951055607375e-02 1.00018682280578e+05 
6.25827138382721e-02 1.00614943141039e+05 
6.28713701131787e-02 1.02413972453638e+05 
6.31600924162530e-02 1.05915739988440e+05 
6.34503822672963e-02 1.11329306274292e+05 
6.37407209325567e-02 1.18080670724930e+05 
6.40325508584170e-02 1.25636497679913e+05 
6.43249851663010e-02 1.33247570066794e+05 
6.46177575189588e-02 1.40102242267036e+05 
6.49107032906113e-02 1.44684670611397e+05 
6.52040593079811e-02 1.47268372625921e+05 
6.54975475958439e-02 1.47938299539478e+05 
6.57915252428131e-02 1.47435503320820e+05 
6.60854868631317e-02 1.46880726526839e+05 
6.63800726113275e-02 1.46201866681422e+05 
6.66746341282346e-02 1.45307747132816e+05 
6.69688589134065e-02 1.44290816940778e+05 
6.72632441634781e-02 1.43227102125828e+05 
6.75569598302183e-02 1.42152281600061e+05 
6.78508952645710e-02 1.41083054232349e+05 
6.81441541532920e-02 1.40051890519835e+05 
6.84376776305203e-02 1.39069582657931e+05 
6.87305323510178e-02 1.38139673902147e+05 
6.90237103440954e-02 1.37261808055181e+05 
6.93162370295139e-02 1.36428173952777e+05 
6.96091428166715e-02 1.35630188791010e+05 
6.99014301114729e-02 1.34863853861752e+05 
7.01940971537682e-02 1.34121124753248e+05 
7.04862244746857e-02 1.33400367456851e+05 
7.07786964059531e-02 1.32693012271661e+05 
7.10706820469936e-02 1.31999422320045e+05 
7.13630535606669e-02 1.31313589732516e+05 
7.16549760400307e-02 1.30638183146780e+05 
7.19472880686680e-02 1.29970162890344e+05 
7.22391706297107e-02 1.29312537389691e+05 
7.25314353491248e-02 1.28663539441661e+05 
7.28233052095981e-02 1.28025655808945e+05 
7.31155649771166e-02 1.27397491001003e+05 
7.34074772123410e-02 1.26780875137340e+05 
7.36998022008710e-02 1.26174192158638e+05 
7.39918083787169e-02 1.25578919624183e+05 
7.42842326742956e-02 1.24993205388951e+05 
7.45762971325166e-02 1.24418635986615e+05 
7.48688088012034e-02 1.23853186026500e+05 
7.51610001487567e-02 1.23298507166058e+05 
7.54537016933874e-02 1.22752599728055e+05 
7.57461589833258e-02 1.22217062435771e+05 
7.60391680564296e-02 1.21690079947588e+05 
7.63323952889676e-02 1.21172424870577e+05 
7.66257640963867e-02 1.20663956614619e+05 
7.69192643927870e-02 1.20164802998669e+05 
7.72129344924828e-02 1.19674682301131e+05 
7.75067631204628e-02 1.19193748634159e+05 
7.78007864116925e-02 1.18721799047033e+05 
7.80949753309451e-02 1.18259115263890e+05 
7.83893828981464e-02 1.17805560243220e+05 
7.86839750678399e-02 1.17361539615538e+05 
7.89788141573461e-02 1.16926979231279e+05 
7.92738733932226e-02 1.16502325075370e+05 
7.95691675706528e-02 1.16087572420272e+05 
7.98645049457229e-02 1.15683310484248e+05 
8.01599084744709e-02 1.15289376960763e+05 
8.04551907497564e-02 1.14906103755482e+05 
8.07502360201706e-02 1.14533221423674e+05 
8.10451948909651e-02 1.14170267881106e+05 
8.13399522104483e-02 1.13816601283736e+05 
8.16346559034682e-02 1.13471375792754e+05 
8.19291881407025e-02 1.13133515700100e+05 
8.22236895963159e-02 1.12801774530094e+05 
8.25180340307093e-02 1.12474727142067e+05 
8.28123584543276e-02 1.12150826253143e+05 
8.31065350043511e-02 1.11828497823958e+05 
8.34007006246305e-02 1.11506273843426e+05 
8.36947277454135e-02 1.11182756210543e+05 
8.39887401649857e-02 1.10857132714035e+05 
8.42826237691224e-02 1.10528551321945e+05 
8.45764886366660e-02 1.10197352315732e+05 
8.48702029889529e-02 1.09863599520133e+05 
8.51639265433914e-02 1.09532562960772e+05 
8.54574511315076e-02 1.09206334673433e+05 
8.57510003177414e-02 1.08882893305111e+05 
8.60443451591537e-02 1.08577985025147e+05 
8.63377185616715e-02 1.08289744196193e+05 
8.66309041576421e-02 1.08024256312604e+05 
8.69241220079748e-02 1.07759235601966e+05 
8.72171714368619e-02 1.07515456806413e+05 
8.75102473019414e-02 1.07440724139432e+05 
8.78031749023385e-02 1.07636828416120e+05 
8.80961300498058e-02 1.08208126546289e+05 
8.83888504302856e-02 1.09129644234555e+05 
8.86816163002077e-02 1.10338480846093e+05 
8.89741515969012e-02 1.11792104667568e+05 
8.92667338419259e-02 1.13388383498648e+05 
8.95591106758770e-02 1.15020932481860e+05 
8.98515331219722e-02 1.16605147790700e+05 
9.01437594010800e-02 1.18027767007142e+05 
9.04359965461968e-02 1.19195011862755e+05 
9.07280364236036e-02 1.20058741854448e+05 
9.10200751741246e-02 1.20438019526523e+05 
9.13119284463719e-02 1.20466382874013e+05 
9.16037884633756e-02 1.20115522129878e+05 
9.18954918171275e-02 1.19664858140397e+05 
9.21872117077352e-02 1.19216909745679e+05 
9.24787976741105e-02 1.18735518654930e+05 
9.27704047255815e-02 1.18213521983853e+05 
9.30618982531719e-02 1.17663930070082e+05 
9.33534224748615e-02 1.17119810295555e+05 
9.36448511465568e-02 1.16601185214029e+05 
9.39363260921264e-02 1.16093551378487e+05 
9.42277426739606e-02 1.15671608587331e+05 
9.45192383758170e-02 1.15323626790013e+05 
9.48107173469145e-02 1.15111941119432e+05 
9.51022683105241e-02 1.14874710204358e+05 
9.53936666134452e-02 1.14656847748665e+05 
9.56850935753690e-02 1.14584500663651e+05 
9.59763802872640e-02 1.14718959540790e+05 
9.62677599974483e-02 1.15090350631999e+05 
9.65590221477115e-02 1.15634075559067e+05 
9.68504163867385e-02 1.16298437175625e+05 
9.71416869033053e-02 1.17018801104332e+05 
9.74330973349805e-02 1.17746645133790e+05 
9.77244501569468e-02 1.18389670132721e+05 
9.80159588271874e-02 1.18897537007440e+05 
9.83073293205512e-02 1.19295058139151e+05 
9.85988404517754e-02 1.19393885330764e+05 
9.88902137054077e-02 1.19273777961827e+05 
9.91817580007377e-02 1.18983384711681e+05 
9.94731958685013e-02 1.18468136900277e+05 
9.97648191370910e-02 1.17936798678138e+05 
1.00056354789585e-01 1.17388261336197e+05 
1.00348064725623e-01 1.16795664104770e+05 
1.00639688194835e-01 1.16158506649186e+05 
1.00931449419027e-01 1.15469566968199e+05 
1.01223133923576e-01 1.14744011396550e+05 
1.01514935482507e-01 1.13994764099968e+05 
1.01806674461359e-01 1.13233482792374e+05 
1.02098516789358e-01 1.12464124112040e+05 
1.02390310382756e-01 1.11700675081353e+05 
1.02682136816856e-01 1.10944563519122e+05 
1.02973905722187e-01 1.10201572735731e+05 
1.03265693178670e-01 1.09477817713279e+05 
1.03557430019598e-01 1.08773163650977e+05 
1.03849175045081e-01 1.08092021088041e+05 
1.04140864964157e-01 1.07432508755407e+05 
1.04432557790683e-01 1.06802338300797e+05 
1.04724170552938e-01 1.06202405877459e+05 
1.05015827408248e-01 1.05617447006786e+05 
1.05307364378990e-01 1.05078698422657e+05 
1.05598979772637e-01 1.04575131245206e+05 
1.05890484603732e-01 1.04107334558307e+05 
1.06182067896867e-01 1.03678964970527e+05 
1.06473526977139e-01 1.03273444348164e+05 
1.06765044721084e-01 1.02884016974797e+05 
1.07056408717666e-01 1.02530703619577e+05 
1.07347757200879e-01 1.02248923115042e+05 
1.07638994912193e-01 1.02061595243043e+05 
1.07930038396679e-01 1.01992863936339e+05 
1.08221038119874e-01 1.02037569297952e+05 
1.08512033991107e-01 1.02174351068670e+05 
1.08802951725400e-01 1.02396661651326e+05 
1.09093803670963e-01 1.02687646457570e+05 
1.09384557277235e-01 1.03031093422701e+05 
1.09675245635047e-01 1.03407818166735e+05 
1.09965855729521e-01 1.03801453968028e+05 
1.10256410994666e-01 1.04190812263667e+05 
1.10546897265248e-01 1.04559492085268e+05 
1.10837211062477e-01 1.04889775587182e+05 
1.11127469473080e-01 1.05169113231380e+05 
1.11417484031152e-01 1.05393016228405e+05 
1.11707431992513e-01 1.05539692866827e+05 
1.11997080458076e-01 1.05606327891200e+05 
1.12286686334461e-01 1.05638660115488e+05 
1.12575983346763e-01 1.05563467260898e+05 
1.12865276226623e-01 1.05413281684341e+05 
1.13154275625260e-01 1.05200814534637e+05 
1.13443273342289e-01 1.04933359565958e+05 
1.13731961730338e-01 1.04670453508289e+05 
1.14020645221309e-01 1.04408779699908e+05 
1.14309001859270e-01 1.04151048010605e+05 
1.14598208285890e-01 1.03892949272419e+05 
1.14887317241491e-01 1.03635583007910e+05 
1.15176300583682e-01 1.03379888478938e+05 
1.15465133322404e-01 1.03126788823987e+05 
1.15753846746512e-01 1.02875862865355e+05 
1.16042372670015e-01 1.02627514504954e+05 
1.16330800070921e-01 1.02381307789866e+05 
1.16618989621766e-01 1.02136807507881e+05 
1.16907084902046e-01 1.01893382010255e+05 
1.17194901056458e-01 1.01650534040109e+05 
1.17482672871025e-01 1.01407897010631e+05 
1.17770131853386e-01 1.01165346121066e+05 
1.18057561712494e-01 1.00922718527927e+05 
1.18344680589763e-01 1.00679649482464e+05 
1.18631785239868e-01 1.00436245889242e+05 
1.18918585248449e-01 1.00192994913076e+05 
1.19205406512839e-01 9.99503789809292e+04 
1.19492757515816e-01 9.97080369434120e+04 
1.19780047371029e-01 9.94681758417669e+04 
1.20067197783609e-01 9.92317348296935e+04 
1.20354314137245e-01 9.89986237180554e+04 
1.20641459355118e-01 9.87696305416349e+04 
1.20929642739110e-01 9.85460622411688e+04 
1.21217895462956e-01 9.83284134431943e+04 
1.21506050635262e-01 9.81171971856516e+04 
1.21794269542420e-01 9.79107087694719e+04 
1.22082401679957e-01 9.77081716951342e+04 
1.22370592508767e-01 9.75084402681574e+04 
1.22658711901572e-01 9.73131045129833e+04 
1.22946895773380e-01 9.71262888162445e+04 
1.23234999546082e-01 9.69514075835420e+04 
1.23523181421463e-01 9.67927857336569e+04 
1.23811259477746e-01 9.66536497617914e+04 
1.24099377165834e-01 9.65348478590191e+04 
1.24387401050512e-01 9.64373172639024e+04 
1.24675465374621e-01 9.63623692717150e+04 
1.24963451986293e-01 9.63117690676427e+04 
1.25251495348162e-01 9.62869670897491e+04 
1.25540791910930e-01 9.62893610430495e+04 
1.25830050986389e-01 9.63197259171412e+04 
1.26119324502734e-01 9.63771226706965e+04 
1.26408531488448e-01 9.64613769398077e+04 
1.26697750352670e-01 9.65717910899101e+04 
1.26986967951178e-01 9.67058608812584e+04 
1.27276150664009e-01 9.68613208126869e+04 
1.27565339885461e-01 9.70351863744443e+04 
1.27854529077906e-01 9.72216808929714e+04 
1.28143683951640e-01 9.74187361586057e+04 
1.28432785427782e-01 9.76208040333638e+04 
1.28721848313755e-01 9.78234163538150e+04 
1.29010823570780e-01 9.80198597346215e+04 
1.29299761687182e-01 9.82060173988512e+04 
1.29588798391510e-01 9.83795589151076e+04 
1.29878133984083e-01 9.85368668011930e+04 
1.30167469782110e-01 9.86734984879810e+04 
1.30456691371268e-01 9.87890864129401e+04 
1.30745979935504e-01 9.88808343788268e+04 
1.31035256076385e-01 9.89458575824607e+04 
1.31324521766564e-01 9.89869140737313e+04 
1.31613764323860e-01 9.89982246907623e+04 
1.31903014534127e-01 9.89776839276011e+04 
1.32192215254956e-01 9.89432889911153e+04 
1.32481454488214e-01 9.88670430033608e+04 
1.32770623838597e-01 9.87597922904810e+04 
1.33059862717145e-01 9.86312607682927e+04 
1.33348999524960e-01 9.84722334012708e+04 
1.33638172836949e-01 9.83151968861536e+04 
1.33927121026819e-01 9.81637461565717e+04 
1.34216104211325e-01 9.80125508156802e+04 
1.34504907345820e-01 9.78601973310278e+04 
1.34793753105457e-01 9.77071627007958e+04 
1.35082464160703e-01 9.75468747264626e+04 
1.35371668575736e-01 9.73950159880431e+04 
1.35660781287946e-01 9.72476142131587e+04 
1.35949939962274e-01 9.71120534539950e+04 
1.36239009086528e-01 9.69672435101203e+04 
1.36528101858576e-01 9.68167344517148e+04 
1.36817105234202e-01 9.66733354366655e+04 
1.37106157509370e-01 9.65399950493308e+04 
1.37395128299069e-01 9.64351941853319e+04 
1.37684152515626e-01 9.63471878654549e+04 
1.37973122125592e-01 9.62740089006158e+04 
1.38262132890659e-01 9.62056152523373e+04 
1.38551107570276e-01 9.61387860964486e+04 
1.38840081780369e-01 9.60738207278604e+04 
1.39129035082724e-01 9.60126891502390e+04 
1.39417922790432e-01 9.59497386597907e+04 
1.39706823497843e-01 9.58863704243857e+04 
1.39995652487530e-01 9.58146826211162e+04 
1.40284440626985e-01 9.57315185073321e+04 
1.40573216213479e-01 9.56440811219219e+04 
1.40861910592596e-01 9.55471998574158e+04 
1.41150648651092e-01 9.54567124889818e+04 
1.41439333551203e-01 9.53694322254952e+04 
1.41728026680788e-01 9.52784902637810e+04 
1.42016694088717e-01 9.51823948775583e+04 
1.42305326841966e-01 9.50761290978993e+04 
1.42593946828498e-01 9.49600624382648e+04 
1.42882541460595e-01 9.48391381118334e+04 
1.43171148102716e-01 9.47137829674023e+04 
1.43459719936308e-01 9.45874023299132e+04 
1.43748343825812e-01 9.44619788355637e+04 
1.44036901455953e-01 9.43401817798094e+04 
1.44325481113665e-01 9.42238014483591e+04 
1.44614062622279e-01 9.41146914167756e+04 
1.44902539768803e-01 9.40143713124692e+04 
1.45191079679215e-01 9.39238904170089e+04 
1.45479397545343e-01 9.38445123770629e+04 
1.45767738268052e-01 9.37767559767269e+04 
1.46055803472052e-01 9.37212200595383e+04 
1.46343861388488e-01 9.36778209686448e+04 
1.46631686546858e-01 9.36464603429373e+04 
1.46919436305485e-01 9.36264995932110e+04 
1.47206951823365e-01 9.36173273757733e+04 
1.47494404421155e-01 9.36178183129791e+04 
1.47781667310730e-01 9.36266558194266e+04 
1.48068922170383e-01 9.36426113072782e+04 
1.48356126150596e-01 9.36647291051397e+04 
1.48643434251259e-01 9.36914211616271e+04 
1.48930804916154e-01 9.37206407590177e+04 
1.49218348134713e-01 9.37542144182865e+04 
1.49506044416942e-01 9.37906828944581e+04 
1.49793416164339e-01 9.38269443939904e+04 
1.50081384180120e-01 9.38636069125097e+04 
1.50369317278118e-01 9.38949388328973e+04 
1.50657609634723e-01 9.39336852423598e+04 
1.50945918567231e-01 9.39657090671044e+04 
1.51234392488956e-01 9.39934376801134e+04 
1.51522817512657e-01 9.40119283287156e+04 
1.51811293366730e-01 9.40226243163926e+04 
1.52099690978765e-01 9.40369503921457e+04 
1.52388132786297e-01 9.40638478433181e+04 
1.52676490647086e-01 9.41096889690328e+04 
1.52964933405504e-01 9.41785479286377e+04 
1.53253305366511e-01 9.42717588336891e+04 
1.53541763621601e-01 9.43878204605668e+04 
1.53830151547810e-01 9.45276744077179e+04 
1.54118657416421e-01 9.46912981443106e+04 
1.54407128711595e-01 9.48774511654113e+04 
1.54695758741834e-01 9.50848018093052e+04 
1.54984409024363e-01 9.53113347661330e+04 
1.55273192623856e-01 9.55549948199935e+04 
1.55562113043259e-01 9.58129433048908e+04 
1.55850525659463e-01 9.60816106195206e+04 
1.56138570309362e-01 9.63579446252983e+04 
1.56425836404602e-01 9.66384349209956e+04 
1.56712841287797e-01 9.69205136157190e+04 
1.56998985393676e-01 9.72008026878514e+04 
1.57285116337154e-01 9.74776194388073e+04 
1.57570580043487e-01 9.77482150476099e+04 
1.57856209372381e-01 9.80117216282468e+04 
1.58141321002580e-01 9.82661059394743e+04 
1.58426674281404e-01 9.85110148690600e+04 
1.58711638350639e-01 9.87452310617888e+04 
1.58996893808049e-01 9.89689321291492e+04 
1.59281852189669e-01 9.91815755954915e+04 
1.59567109203731e-01 9.93837497410086e+04 
1.59852138730027e-01 9.95759493800492e+04 
1.60137463280307e-01 9.97583167425102e+04 
1.60422603917076e-01 9.99315045876569e+04 
1.60708071971919e-01 1.00097150964528e+05 
1.60993434252084e-01 1.00255770122575e+05 
1.61279118363106e-01 1.00409656795941e+05 
1.61564722834843e-01 1.00559312021632e+05 
1.61850627805724e-01 1.00705725922731e+05 
1.62136468051988e-01 1.00848648821788e+05 
1.62422589640783e-01 1.00989204326662e+05 
1.62708659734540e-01 1.01126386182341e+05 
1.62994993317948e-01 1.01262295964566e+05 
1.63281284130656e-01 1.01397321215716e+05 
1.63568783640879e-01 1.01527382371117e+05 
1.63856107634166e-01 1.01661795822399e+05 
1.64143718980276e-01 1.01794261174503e+05 
1.64431140118164e-01 1.01921840053163e+05 
1.64718820247024e-01 1.02047624332592e+05 
1.65006302589100e-01 1.02157192855788e+05 
1.65294009397626e-01 1.02259130370915e+05 
1.65581522887407e-01 1.02348936439430e+05 
1.65869196485464e-01 1.02425163189174e+05 
1.66156682923376e-01 1.02492438443624e+05 
1.66444336683083e-01 1.02546140400894e+05 
1.66731844019702e-01 1.02605488511285e+05 
1.67019495585672e-01 1.02667110218981e+05 
1.67306999133590e-01 1.02728960975495e+05 
1.67594615686931e-01 1.02787837041641e+05 
1.67882078773902e-01 1.02840208760556e+05 
1.68169638330258e-01 1.02884154356645e+05 
1.68457048480190e-01 1.02920982510955e+05 
1.68744560774448e-01 1.02949073353459e+05 
1.69031948248102e-01 1.02967228872914e+05 
1.69319447430329e-01 1.02977362042482e+05 
1.69607727697632e-01 1.02975707443782e+05 
1.69896256123535e-01 1.02961083169235e+05 
1.70184592795899e-01 1.02940002260218e+05 
1.70473167615725e-01 1.02910054159437e+05 
1.70761585947211e-01 1.02866821085625e+05 
1.71050685475533e-01 1.02811968689964e+05 
1.71339732041784e-01 1.02759148811133e+05 
1.71628887303090e-01 1.02704227869636e+05 
1.71918007216130e-01 1.02662503333652e+05 
1.72207206791748e-01 1.02630479568797e+05 
1.72496400220487e-01 1.02591963376731e+05 
1.72785674693211e-01 1.02550028999969e+05 
1.73074960549382e-01 1.02502949428358e+05 
1.73364332820555e-01 1.02456580405971e+05 
1.73653733832419e-01 1.02415910325252e+05 
1.73943226416157e-01 1.02381521536125e+05 
1.74232764926655e-01 1.02345617205557e+05 
1.74522400332776e-01 1.02308104729928e+05 
1.74812093949393e-01 1.02270335091941e+05 
1.75101898049097e-01 1.02229965965759e+05 
1.75391776298948e-01 1.02184393105343e+05 
1.75681785921062e-01 1.02133298560423e+05 
1.75971876263832e-01 1.02071038942156e+05 
1.76262105372779e-01 1.01995204168306e+05 
1.76553022588948e-01 1.01910346497678e+05 
1.76744132782719e-01 1.01843414144105e+05 
1.76935258582063e-01 1.01769244706212e+05 
1.77126114915478e-01 1.01689134756321e+05 
1.77317151673201e-01 1.01598275274040e+05 
1.77508511873389e-01 1.01507166920200e+05 
1.77700191423796e-01 1.01416314100279e+05 
1.77892223342985e-01 1.01323341103973e+05 
1.78084513596067e-01 1.01227206024551e+05 
1.78277107784631e-01 1.01127752877768e+05 
1.78470227532460e-01 1.01021134152856e+05 
1.78663749701624e-01 1.00907413699118e+05 
1.78857862543789e-01 1.00787185439969e+05 
1.79052414740951e-01 1.00662431142238e+05 
1.79247618589273e-01 1.00532881243244e+05 
1.79443311462405e-01 1.00398483264485e+05 
1.79639738729846e-01 1.00258911645473e+05 
1.79836727717422e-01 1.00114928978681e+05 
1.80034558629993e-01 9.99665399014769e+04 
1.80233048194006e-01 9.98145973599959e+04 
1.80432514218677e-01 9.96592462272171e+04 
1.80632761505636e-01 9.95008122141607e+04 
1.80834151125752e-01 9.93394666099775e+04 
1.81036473788667e-01 9.91756413855795e+04 
1.81240143844509e-01 9.90093981007957e+04 
1.81444935142133e-01 9.88413592293073e+04 
1.81651331254509e-01 9.86714160792512e+04 
1.81859085642211e-01 9.85000892707832e+04 
1.82068774818494e-01 9.83271660065737e+04 
1.82280126269863e-01 9.81531495465376e+04 
1.82493843437058e-01 9.79776744906472e+04 
1.82709618349795e-01 9.78012282016724e+04 
1.82928376271295e-01 9.76231994255080e+04 
1.83149255479948e-01 9.74444819121616e+04 
1.83373156260968e-01 9.72644547072353e+04 
1.83598930109317e-01 9.70841762330552e+04 
1.83827012028778e-01 9.69033428208700e+04 
1.84056535010091e-01 9.67227184640097e+04 
1.84288235669443e-01 9.65417354767510e+04 
1.84521320777589e-01 9.63610571844842e+04 
1.84756646263176e-01 9.61800224265598e+04 
1.84993407491375e-01 9.59992831244960e+04 
1.85232529309589e-01 9.58181446385995e+04 
1.85429214759387e-01 9.56702087119527e+04 
1.85625959759089e-01 9.55231827200791e+04 
1.85822883391252e-01 9.53769952654544e+04 
1.86019917266031e-01 9.52317130806341e+04 
1.86217169936676e-01 9.50872898654689e+04 
1.86414605094289e-01 9.49437851828747e+04 
1.86612326555951e-01 9.48011707709272e+04 
1.86810327915330e-01 9.46595165462532e+04 
1.87008707787700e-01 9.45188065088371e+04 
1.87207488555706e-01 9.43790642090687e+04 
1.87406765340994e-01 9.42404009329258e+04 
1.87606590089054e-01 9.41028450918140e+04 
1.87807059553235e-01 9.39664299035745e+04 
1.88008258301080e-01 9.38312350247389e+04 
1.88210294516519e-01 9.36971469725636e+04 
1.88413293012308e-01 9.35643188924011e+04 
1.88617389303592e-01 9.34328099679697e+04 
1.88822764049010e-01 9.33026669914843e+04 
1.89029610548216e-01 9.31739292593331e+04 
1.89236794697724e-01 9.30474523932392e+04 
1.89444010286441e-01 9.29235323941014e+04 
1.89651220678110e-01 9.28023179324004e+04 
1.89858200117629e-01 9.26840095263387e+04 
1.90065399674873e-01 9.25684566186944e+04 
1.90272672220375e-01 9.24557931153278e+04 
1.90480213327673e-01 9.23460006059523e+04 
1.90688031420339e-01 9.22391188575253e+04 
1.90895893297251e-01 9.21353145349808e+04 
1.91104037603430e-01 9.20344860838378e+04 
1.91312059524956e-01 9.19368491756846e+04 
1.91520354595127e-01 9.18422360056552e+04 
1.91728449400245e-01 9.17508541977207e+04 
1.91936811432756e-01 9.16624668994261e+04 
1.92144943626058e-01 9.15772626267049e+04 
1.92353340601145e-01 9.14950164825345e+04 
1.92561502642064e-01 9.14159314710652e+04 
1.92769933288080e-01 9.13397756774313e+04 
1.92978135187360e-01 9.12669158315233e+04 
1.93186616102628e-01 9.11967623565471e+04 
1.93385669433708e-01 9.11323708657460e+04 
1.93584938636185e-01 9.10704672493495e+04 
1.93784300510671e-01 9.10110992461723e+04 
1.93983884174183e-01 9.09540541446116e+04 
1.94183572193232e-01 9.08991787758220e+04 
1.94383507378835e-01 9.08466458514400e+04 
1.94583573445721e-01 9.07964914668188e+04 
1.94783910534539e-01 9.07486755626532e+04 
1.94984404121155e-01 9.07028652641202e+04 
1.95185187196484e-01 9.06579397962076e+04 
1.95386346359177e-01 9.06159129920623e+04 
1.95588295677512e-01 9.05754816165914e+04 
1.95791375516290e-01 9.05371094905240e+04 
1.95995965557090e-01 9.04994597106374e+04 
1.96202177034201e-01 9.04628886697863e+04 
1.96410503871043e-01 9.04264953278861e+04 
1.96620134030877e-01 9.03908283801277e+04 
1.96830083070614e-01 9.03562182835434e+04 
1.97040136979478e-01 9.03213293480854e+04 
1.97250528985648e-01 9.02868855413516e+04 
1.97461058101913e-01 9.02529699078027e+04 
1.97671937842700e-01 9.02188100169247e+04 
1.97882931749113e-01 9.01837414000232e+04 
1.98094129283860e-01 9.01478550434065e+04 
1.98305601665669e-01 9.01111369611328e+04 
1.98517482874564e-01 9.00742388434486e+04 
1.98729486126142e-01 9.00373329428428e+04 
1.98941957484974e-01 9.00005276843138e+04 
1.99154320450587e-01 8.99641235471079e+04 
1.99367124014826e-01 8.99277648301253e+04 
1.99579684790381e-01 8.98914505801426e+04 
1.99792662780412e-01 8.98550221443210e+04 
2.00005361372607e-01 8.98185418026024e+04 
2.00218477605736e-01 8.97818168123333e+04 
