# Liste des scalaires : TEMPS pmat 
0.00000000000000e+00 1.00000000000000e+05 
7.22956891292051e-05 1.00000000000000e+05 
1.39473830159779e-04 1.00000000000000e+05 
2.09658797050072e-04 1.00000000000000e+05 
2.76117114236750e-04 1.00000000000000e+05 
3.20638761908157e-04 1.00000000000000e+05 
3.55139419127712e-04 1.00000000000000e+05 
3.84466703006996e-04 1.00000000000000e+05 
4.10882456555401e-04 1.00000000000000e+05 
4.35440253196380e-04 1.00000000000000e+05 
4.62453829501457e-04 1.00000000000000e+05 
4.92168763437042e-04 1.00000000000000e+05 
5.24855190766186e-04 1.00000000000000e+05 
5.60810260828244e-04 1.00000000000000e+05 
6.00360837896507e-04 1.00000000000000e+05 
6.43866472671597e-04 1.00000000000000e+05 
6.91722670924197e-04 1.00000000000000e+05 
7.44364489002056e-04 1.00000000000000e+05 
8.02270488887701e-04 1.00000000000000e+05 
8.65967088761910e-04 1.00000000000000e+05 
9.36033348623540e-04 1.00000000000000e+05 
1.01310623447133e-03 1.00000000000000e+05 
1.09788640890391e-03 1.00000000000000e+05 
1.19114460077974e-03 1.00000000000000e+05 
1.28874595968006e-03 1.00000000000000e+05 
1.39427742078101e-03 1.00000000000000e+05 
1.50221628787638e-03 1.00000000000000e+05 
1.61553425737496e-03 1.00000000000000e+05 
1.73456635004564e-03 1.00000000000000e+05 
1.85727656859826e-03 1.00000000000000e+05 
1.98543918675819e-03 1.00000000000000e+05 
2.11708942092524e-03 1.00000000000000e+05 
2.25276434208636e-03 1.00000000000000e+05 
2.39498247007251e-03 1.00000000000000e+05 
2.54210498631055e-03 1.00000000000000e+05 
2.69376086153848e-03 1.00000000000000e+05 
2.84923863990153e-03 1.00000000000000e+05 
3.00861719751210e-03 1.00000000000000e+05 
3.17425324389073e-03 1.00000000000000e+05 
3.34502392240024e-03 1.00000000000000e+05 
3.52133598263648e-03 1.00000000000000e+05 
3.70321832988888e-03 1.00000000000000e+05 
3.89062613813834e-03 1.00000000000000e+05 
4.07997825389757e-03 1.00000000000000e+05 
4.27481395980986e-03 1.00000000000000e+05 
4.47012738761244e-03 1.00000000000000e+05 
4.66611161355355e-03 1.00000000000000e+05 
4.86287380487371e-03 1.00000000000000e+05 
5.06024206139265e-03 1.00000000000000e+05 
5.25957684721206e-03 1.00000000000000e+05 
5.46029994932065e-03 1.00000000000000e+05 
5.66435223740606e-03 1.00000000000000e+05 
5.87060857126649e-03 1.00000000000000e+05 
6.07908564461382e-03 1.00000000000000e+05 
6.29055376181163e-03 1.00000000000000e+05 
6.50487352610164e-03 1.00000000000000e+05 
6.72235173590031e-03 1.00000000000000e+05 
6.94364478411158e-03 1.00000000000000e+05 
7.16885879970980e-03 1.00000000000000e+05 
7.39802832452097e-03 1.00000000000000e+05 
7.63109152158749e-03 1.00000000000000e+05 
7.86294648903471e-03 1.00000000000000e+05 
8.08641019096253e-03 1.00000000000000e+05 
8.30392878043753e-03 1.00000000000000e+05 
8.51406705968455e-03 1.00000000000000e+05 
8.71977809472097e-03 1.00000000000000e+05 
8.92088462305154e-03 1.00000000000000e+05 
9.11784062242765e-03 1.00000000000000e+05 
9.31093181897458e-03 1.00000000000000e+05 
9.50042161487745e-03 1.00000000000000e+05 
9.68425677177449e-03 1.00000000000000e+05 
9.86349715077483e-03 1.00000000000000e+05 
1.00394211249375e-02 1.00000000000000e+05 
1.02087145652169e-02 1.00000000000000e+05 
1.03749684672029e-02 1.00000000000000e+05 
1.05376893412285e-02 1.00000000000000e+05 
1.06992673584832e-02 1.00000000000000e+05 
1.08587658513811e-02 1.00000000000000e+05 
1.10180885835267e-02 1.00000000000000e+05 
1.11762653568548e-02 1.00000000000000e+05 
1.13349429296521e-02 1.00000000000000e+05 
1.14933355277432e-02 1.00000000000000e+05 
1.16529114698571e-02 1.00000000000000e+05 
1.18131648334176e-02 1.00000000000000e+05 
1.19754760025116e-02 1.00000000000000e+05 
1.21395690056177e-02 1.00000000000000e+05 
1.23067100905336e-02 1.00000000000000e+05 
1.24749896971480e-02 1.00000000000000e+05 
1.26451173325166e-02 1.00000000000000e+05 
1.28171198377741e-02 1.00000000000000e+05 
1.29918650492366e-02 1.00000000000000e+05 
1.31692781696700e-02 1.00000000000000e+05 
1.33501644944821e-02 1.00000000000000e+05 
1.35343395455470e-02 1.00000000000000e+05 
1.37225446072345e-02 1.00000000000000e+05 
1.39143742564469e-02 1.00000000000000e+05 
1.41106047958241e-02 1.00000000000000e+05 
1.43107140437942e-02 1.00000000000000e+05 
1.45154059130109e-02 1.00000000000000e+05 
1.47240334482427e-02 1.00000000000000e+05 
1.49372275284587e-02 1.00000000000000e+05 
1.51536176473973e-02 1.00000000000000e+05 
1.53732954923485e-02 1.00000000000000e+05 
1.55956985324921e-02 1.00000000000000e+05 
1.58211338899769e-02 1.00000000000000e+05 
1.60489460149765e-02 1.00000000000000e+05 
1.62794389980897e-02 1.00000000000000e+05 
1.65119114900444e-02 1.00000000000000e+05 
1.67466914413506e-02 1.00000000000000e+05 
1.69830663897908e-02 1.00000000000000e+05 
1.72214090451407e-02 1.00000000000000e+05 
1.74610102614819e-02 1.00000000000000e+05 
1.77022905116655e-02 1.00000000000000e+05 
1.79445471220888e-02 1.00000000000000e+05 
1.81882533348465e-02 1.00000000000000e+05 
1.84327249725471e-02 1.00000000000000e+05 
1.86785036546189e-02 1.00000000000000e+05 
1.89249306985767e-02 1.00000000000000e+05 
1.91726206368261e-02 1.00000000000000e+05 
1.94209392222266e-02 1.00000000000000e+05 
1.96705631384429e-02 1.00000000000000e+05 
1.99208751541716e-02 1.00000000000000e+05 
2.01725976060789e-02 1.00000000000000e+05 
2.04251180066935e-02 1.00000000000000e+05 
2.06791816491614e-02 1.00000000000000e+05 
2.09341631602713e-02 1.00000000000000e+05 
2.11908076702431e-02 1.00000000000000e+05 
2.14484576619357e-02 1.00000000000000e+05 
2.17078432312169e-02 1.00000000000000e+05 
2.19681642547947e-02 1.00000000000000e+05 
2.22297468838623e-02 1.00000000000000e+05 
2.24919838076705e-02 1.00000000000000e+05 
2.27555300628144e-02 1.00000000000000e+05 
2.30197557933867e-02 1.00000000000000e+05 
2.32853041020857e-02 1.00000000000000e+05 
2.35515175453701e-02 1.00000000000000e+05 
2.38190280024257e-02 1.00000000000000e+05 
2.40871640444566e-02 1.00000000000000e+05 
2.43565530214259e-02 1.00000000000000e+05 
2.46265001965929e-02 1.00000000000000e+05 
2.48976194661529e-02 1.00000000000000e+05 
2.51691814818001e-02 1.00000000000000e+05 
2.54417744126619e-02 1.00000000000000e+05 
2.57146303394979e-02 1.00000000000000e+05 
2.59883099562952e-02 1.00000000000000e+05 
2.62620164432980e-02 1.00000000000000e+05 
2.65363049740709e-02 1.00000000000000e+05 
2.68102630851403e-02 1.00000000000000e+05 
2.70844593633490e-02 1.00000000000000e+05 
2.73582122340497e-02 1.00000000000000e+05 
2.76322530302324e-02 1.00000000000000e+05 
2.79060191365582e-02 1.00000000000000e+05 
2.81803027818907e-02 1.00000000000000e+05 
2.84545996247302e-02 1.00000000000000e+05 
2.87297101507435e-02 1.00000000000000e+05 
2.90051132730795e-02 1.00000000000000e+05 
2.92815763534175e-02 1.00000000000000e+05 
2.95585388999475e-02 1.00000000000000e+05 
2.98367195000639e-02 1.00000000000000e+05 
3.01155128434026e-02 1.00000000000000e+05 
3.03955855428899e-02 1.00000000000000e+05 
3.06763118404093e-02 1.00000000000000e+05 
3.09583266347910e-02 1.00000000000000e+05 
3.12409992410870e-02 1.00000000000000e+05 
3.15249552598389e-02 1.00000000000000e+05 
3.18095709879115e-02 1.00000000000000e+05 
3.20954828932707e-02 1.00000000000000e+05 
3.23820738763458e-02 1.00000000000000e+05 
3.26699894508640e-02 1.00000000000000e+05 
3.29586279554340e-02 1.00000000000000e+05 
3.32476617558225e-02 1.00000000000000e+05 
3.35373466460925e-02 1.00000000000000e+05 
3.38270844115779e-02 1.00000000000000e+05 
3.41174708925208e-02 1.00000000000000e+05 
3.44079098046410e-02 1.00000000000000e+05 
3.46989949492983e-02 1.00000000000000e+05 
3.49900907217194e-02 1.00000000000000e+05 
3.52817976215628e-02 1.00000000000000e+05 
3.55734692134281e-02 1.00000000000000e+05 
3.58657238465805e-02 1.00000000000000e+05 
3.61579141142425e-02 1.00000000000000e+05 
3.64506633660048e-02 1.00000000000000e+05 
3.67433302027446e-02 1.00000000000000e+05 
3.70365351782466e-02 1.00000000000000e+05 
3.73296390440966e-02 1.00000000000000e+05 
3.76232641192357e-02 1.00000000000000e+05 
3.79167818619218e-02 1.00000000000000e+05 
3.82108311488241e-02 1.00000000000000e+05 
3.85048086229364e-02 1.00000000000000e+05 
3.87993465889021e-02 1.00000000000000e+05 
3.90938558395676e-02 1.00000000000000e+05 
3.93889657901460e-02 1.00000000000000e+05 
3.96841585382218e-02 1.00000000000000e+05 
3.99800098666440e-02 1.00000000000000e+05 
4.02760489468070e-02 1.00000000000000e+05 
4.05727348938648e-02 1.00000000000000e+05 
4.08696449207963e-02 1.00000000000000e+05 
4.11671478068094e-02 1.00000000000000e+05 
4.14645782557509e-02 1.00000000000000e+05 
4.17624113315699e-02 1.00000000000000e+05 
4.20602031568757e-02 1.00000000000000e+05 
4.23584000783501e-02 1.00000000000000e+05 
4.26565604965485e-02 1.00000000000000e+05 
4.29551230878356e-02 1.00000000000000e+05 
4.32536599166298e-02 1.00000000000000e+05 
4.35525857862952e-02 1.00000000000000e+05 
4.38515173150571e-02 1.00000000000000e+05 
4.41508180961741e-02 1.00000000000000e+05 
4.44501471373437e-02 1.00000000000000e+05 
4.47498161847510e-02 1.00000000000000e+05 
4.50495236474330e-02 1.00000000000000e+05 
4.53495261348880e-02 1.00000000000000e+05 
4.56495595945409e-02 1.00000000000000e+05 
4.59498368483157e-02 1.00000000000000e+05 
4.62499343379697e-02 1.00000000000000e+05 
4.65501004153358e-02 1.00000000000000e+05 
4.68499696337358e-02 1.00000000000000e+05 
4.71498938605970e-02 1.00000000000000e+05 
4.74494982283668e-02 1.00000000000000e+05 
4.77491625048841e-02 1.00000000000000e+05 
4.80485049478341e-02 1.00000000000000e+05 
4.83479233526937e-02 1.00000000000000e+05 
4.86470412842181e-02 1.00000000000000e+05 
4.89462611470546e-02 1.00000000000000e+05 
4.92452301693508e-02 1.00000000000000e+05 
4.95443432675876e-02 1.00000000000000e+05 
4.98432580136387e-02 1.00000000000000e+05 
5.01423474118362e-02 1.00000000000000e+05 
5.04412899979152e-02 1.00000000000000e+05 
5.07404541595471e-02 1.00000000000000e+05 
5.10395354035447e-02 1.00000000000000e+05 
5.13388869046360e-02 1.00000000000000e+05 
5.16382300472566e-02 1.00000000000000e+05 
5.19378927244843e-02 1.00000000000000e+05 
5.22376091446523e-02 1.00000000000000e+05 
5.25376770289947e-02 1.00000000000000e+05 
5.28378368433945e-02 1.00000000000000e+05 
5.31383553961514e-02 1.00000000000000e+05 
5.34389865768073e-02 1.00000000000000e+05 
5.37399775100499e-02 1.00000000000000e+05 
5.40410958345918e-02 1.00000000000000e+05 
5.43425706551806e-02 1.00000000000000e+05 
5.46441784779207e-02 1.00000000000000e+05 
5.49461290893093e-02 1.00000000000000e+05 
5.52482059939917e-02 1.00000000000000e+05 
5.55506050000500e-02 1.00000000000000e+05 
5.58531464997045e-02 1.00000000000000e+05 
5.61559877965966e-02 1.00000000000000e+05 
5.64589627330903e-02 1.00000000000000e+05 
5.67621532216424e-02 1.00000000000000e+05 
5.70654088690177e-02 1.00000000000000e+05 
5.73688146100729e-02 1.00000000000000e+05 
5.76722132442742e-02 1.00000000000000e+05 
5.79757264499081e-02 1.00000000000000e+05 
5.82791977518208e-02 1.00000000000000e+05 
5.85828069768828e-02 1.00000000000000e+05 
5.88863867371997e-02 1.00000000000000e+05 
5.91899230676678e-02 1.00000000000000e+05 
5.94933336988598e-02 1.00000000000000e+05 
5.97965437145251e-02 1.00000000000000e+05 
6.00995991758993e-02 1.00000000000000e+05 
6.04023695512395e-02 1.00000000000000e+05 
6.07050176166283e-02 1.00000000000000e+05 
6.10071348657274e-02 1.00000000000000e+05 
6.13091386062587e-02 1.00000000000000e+05 
6.16106130801228e-02 1.00000000000000e+05 
6.19119933637553e-02 1.00000000000000e+05 
6.22128623978904e-02 1.00000000000000e+05 
6.25136671323911e-02 1.00000000000000e+05 
6.28139967735313e-02 1.00000000000000e+05 
6.31143025182525e-02 1.00000000000000e+05 
6.34141766320174e-02 1.00000000000000e+05 
6.37140694587339e-02 1.00000000000000e+05 
6.40135784213455e-02 1.00000000000000e+05 
6.43130734632686e-02 1.00000000000000e+05 
6.46121250864575e-02 1.00000000000000e+05 
6.49111226162099e-02 1.00000000000000e+05 
6.52097410397557e-02 1.00000000000000e+05 
6.55083343129282e-02 1.00000000000000e+05 
6.58066102421462e-02 1.00000000000000e+05 
6.61049022691640e-02 1.00000000000000e+05 
6.64029235557385e-02 1.00000000000000e+05 
6.67010014070421e-02 1.00000000000000e+05 
6.69988472399352e-02 1.00000000000000e+05 
6.72967871246929e-02 1.00000000000000e+05 
6.75945257772712e-02 1.00000000000000e+05 
6.78923867487067e-02 1.00000000000000e+05 
6.81900654674747e-02 1.00000000000000e+05 
6.84878041956027e-02 1.00000000000000e+05 
6.87855239898388e-02 1.00000000000000e+05 
6.90830488217114e-02 1.00000000000000e+05 
6.93806050319284e-02 1.00000000000000e+05 
6.96779699095619e-02 1.00000000000000e+05 
6.99753923686219e-02 1.00000000000000e+05 
7.02726889250731e-02 1.00000000000000e+05 
7.05700593133737e-02 1.00000000000000e+05 
7.08673424709592e-02 1.00000000000000e+05 
7.11646932742036e-02 1.00000000000000e+05 
7.14619709579064e-02 1.00000000000000e+05 
7.17592947331057e-02 1.00000000000000e+05 
7.20565552992933e-02 1.00000000000000e+05 
7.23538472432631e-02 1.00000000000000e+05 
7.26510949154436e-02 1.00000000000000e+05 
7.29483762670813e-02 1.00000000000000e+05 
7.32456455807656e-02 1.00000000000000e+05 
7.35429270775636e-02 1.00000000000000e+05 
7.38402657857211e-02 1.00000000000000e+05 
7.41376202208684e-02 1.00000000000000e+05 
7.44350607210205e-02 1.00000000000000e+05 
7.47325171031731e-02 1.00000000000000e+05 
7.50299491850997e-02 1.00000000000000e+05 
7.53275402208298e-02 1.00000000000000e+05 
7.56249222647487e-02 1.00000000000000e+05 
7.59225696873907e-02 1.00000000000000e+05 
7.62199272365554e-02 1.00000000000000e+05 
7.65175320206042e-02 1.00000000000000e+05 
7.68149249369671e-02 1.00000000000000e+05 
7.71125682908770e-02 1.00000000000000e+05 
7.74099856156891e-02 1.00000000000000e+05 
7.77075932032030e-02 1.00000000000000e+05 
7.80049857692004e-02 1.00000000000000e+05 
7.83025513096304e-02 1.00000000000000e+05 
7.85999323884719e-02 1.00000000000000e+05 
7.88974737538732e-02 1.00000000000000e+05 
7.91948560891093e-02 1.00000000000000e+05 
7.94923764283059e-02 1.00000000000000e+05 
7.97897259761107e-02 1.00000000000000e+05 
8.00872020252029e-02 1.00000000000000e+05 
8.03845053609607e-02 1.00000000000000e+05 
8.06819304066580e-02 1.00000000000000e+05 
8.09792091558553e-02 1.00000000000000e+05 
8.12766344072984e-02 1.00000000000000e+05 
8.15739705373838e-02 1.00000000000000e+05 
8.18715303236945e-02 1.00000000000000e+05 
8.21688811943251e-02 1.00000000000000e+05 
8.24665620755186e-02 1.00000000000000e+05 
8.27640303121591e-02 1.00000000000000e+05 
8.30619967262839e-02 1.00000000000000e+05 
8.33597858264008e-02 1.00000000000000e+05 
8.36581360694904e-02 1.00000000000000e+05 
8.39564124799770e-02 1.00000000000000e+05 
8.42550140207027e-02 1.00000000000000e+05 
8.45534822012091e-02 1.00000000000000e+05 
8.48521373958355e-02 1.00000000000000e+05 
8.51506303703183e-02 1.00000000000000e+05 
8.54492412783878e-02 1.00000000000000e+05 
8.57477120930949e-02 1.00000000000000e+05 
8.60463119557882e-02 1.00000000000000e+05 
8.63448303099038e-02 1.00000000000000e+05 
8.66435091907317e-02 1.00000000000000e+05 
8.69421514935963e-02 1.00000000000000e+05 
8.72409801520102e-02 1.00000000000000e+05 
8.75397875825844e-02 1.00000000000000e+05 
8.78387614749153e-02 1.00000000000000e+05 
8.81374513382791e-02 1.00000000000000e+05 
8.84363942779308e-02 1.00000000000000e+05 
8.87350285777136e-02 1.00000000000000e+05 
8.90339998234874e-02 1.00000000000000e+05 
8.93327030937208e-02 1.00000000000000e+05 
8.96317939109376e-02 1.00000000000000e+05 
8.99306755556358e-02 1.00000000000000e+05 
9.02299761247920e-02 1.00000000000000e+05 
9.05291127137654e-02 1.00000000000000e+05 
9.08286802629466e-02 1.00000000000000e+05 
9.11280908178721e-02 1.00000000000000e+05 
9.14277723634966e-02 1.00000000000000e+05 
9.17272924031541e-02 1.00000000000000e+05 
9.20270016190744e-02 1.00000000000000e+05 
9.23269077050179e-02 1.00000000000000e+05 
9.26271962375263e-02 1.00000000000000e+05 
9.29272681862228e-02 1.00000000000000e+05 
9.32276814596453e-02 1.00000000000000e+05 
9.35278382926852e-02 1.00000000000000e+05 
9.38282675320804e-02 1.00000000000000e+05 
9.41284327807224e-02 1.00000000000000e+05 
9.44288077159840e-02 1.00000000000000e+05 
9.47289217935620e-02 1.00000000000000e+05 
9.50291762990016e-02 1.00000000000000e+05 
9.53291508212296e-02 1.00000000000000e+05 
9.56289070476705e-02 1.00000000000000e+05 
9.59273120474085e-02 1.00000000000000e+05 
9.62250681512439e-02 1.00000000000000e+05 
9.65214482112960e-02 1.00000000000000e+05 
9.68172445204471e-02 1.00000000000000e+05 
9.71130204420240e-02 1.00000000000000e+05 
9.74080632042165e-02 1.00000000000000e+05 
9.75687334947272e-02 1.00000000000000e+05 
9.77293430801371e-02 1.00000000000000e+05 
9.78899085431772e-02 1.00000000000000e+05 
9.80504310024874e-02 1.00000000000000e+05 
9.82109383368779e-02 1.00000000000000e+05 
9.83714349872919e-02 1.00000000000000e+05 
9.85319511623130e-02 1.00000000000000e+05 
9.86924910421253e-02 1.00000000000000e+05 
9.88530856732651e-02 1.00000000000000e+05 
9.90137397063601e-02 1.00000000000000e+05 
9.91744831866417e-02 1.00000000000000e+05 
9.93353214318721e-02 1.00000000000000e+05 
9.94962815210037e-02 1.00000000000000e+05 
9.96573698961273e-02 1.00000000000000e+05 
9.98186089474228e-02 1.00000000000000e+05 
9.99800068038532e-02 1.00000000000000e+05 
1.00141556077974e-01 1.00000000000000e+05 
1.00303279456898e-01 1.00000000000000e+05 
1.00465167979933e-01 1.00000000000000e+05 
1.00627241924711e-01 1.00000000000000e+05 
1.00789495435069e-01 1.00000000000000e+05 
1.00951940977434e-01 1.00000000000000e+05 
1.01114575363099e-01 1.00000000000000e+05 
1.01277403291242e-01 1.00000000000000e+05 
1.01440425127378e-01 1.00000000000000e+05 
1.01603638054957e-01 1.00000000000000e+05 
1.01767046310226e-01 1.00000000000000e+05 
1.01930676389148e-01 1.00000000000000e+05 
1.02094573796335e-01 1.00000000000000e+05 
1.02258768474459e-01 1.00000000000000e+05 
1.02423334894193e-01 1.00000000000000e+05 
1.02588305880229e-01 1.00000000000000e+05 
1.02740404819720e-01 1.00000000000000e+05 
1.02892595632221e-01 1.00000000000000e+05 
1.03044702247140e-01 1.00000000000000e+05 
1.03196916451553e-01 1.00000000000000e+05 
1.03349027866628e-01 1.00000000000000e+05 
1.03501276181033e-01 1.00000000000000e+05 
1.03653398859447e-01 1.00000000000000e+05 
1.03805692691489e-01 1.00000000000000e+05 
1.03957832417162e-01 1.00000000000000e+05 
1.04110183831108e-01 1.00000000000000e+05 
1.04262351340864e-01 1.00000000000000e+05 
1.04414774761985e-01 1.00000000000000e+05 
1.04566985897665e-01 1.00000000000000e+05 
1.04719497454736e-01 1.00000000000000e+05 
1.04870799819497e-01 1.00000000000000e+05 
1.05023514075899e-01 1.00000000000000e+05 
1.05174637717581e-01 1.00000000000000e+05 
1.05326861036109e-01 1.00000000000000e+05 
1.05477652186595e-01 1.00000000000000e+05 
1.05629375452532e-01 1.00000000000000e+05 
1.05780023045881e-01 1.00000000000000e+05 
1.05931455119521e-01 1.00000000000000e+05 
1.06082225395423e-01 1.00000000000000e+05 
1.06233605434727e-01 1.00000000000000e+05 
1.06384627378704e-01 1.00000000000000e+05 
1.06536121577020e-01 1.00000000000000e+05 
1.06687421015708e-01 1.00000000000000e+05 
1.06839119567630e-01 1.00000000000000e+05 
1.06990684473720e-01 1.00000000000000e+05 
1.07142616447484e-01 1.00000000000000e+05 
1.07294413244640e-01 1.00000000000000e+05 
1.07446565500470e-01 1.00000000000000e+05 
1.07598549306007e-01 1.00000000000000e+05 
1.07750884911290e-01 1.00000000000000e+05 
1.07903008268014e-01 1.00000000000000e+05 
1.08055481209670e-01 1.00000000000000e+05 
1.08207701135773e-01 1.00000000000000e+05 
1.08360266343377e-01 1.00000000000000e+05 
1.08512547452779e-01 1.00000000000000e+05 
1.08665166122211e-01 1.00000000000000e+05 
1.08817480555446e-01 1.00000000000000e+05 
1.08970121849097e-01 1.00000000000000e+05 
1.09122449660226e-01 1.00000000000000e+05 
1.09275090539492e-01 1.00000000000000e+05 
1.09427414708089e-01 1.00000000000000e+05 
1.09580036870098e-01 1.00000000000000e+05 
1.09732139076665e-01 1.00000000000000e+05 
1.09884408294167e-01 1.00000000000000e+05 
1.10036096876531e-01 1.00000000000000e+05 
1.10187958612027e-01 1.00000000000000e+05 
1.10339419893571e-01 1.00000000000000e+05 
1.10491064827113e-01 1.00000000000000e+05 
1.10642410248262e-01 1.00000000000000e+05 
1.10793961678281e-01 1.00000000000000e+05 
1.10945251029790e-01 1.00000000000000e+05 
1.11096773272178e-01 1.00000000000000e+05 
1.11247545478180e-01 1.00000000000000e+05 
1.11398296018525e-01 1.00000000000000e+05 
1.11549049696087e-01 1.00000000000000e+05 
1.11698079416650e-01 1.00000000000000e+05 
1.11847694254104e-01 1.00000000000000e+05 
1.11995657820851e-01 1.00000000000000e+05 
1.12144262488756e-01 1.00000000000000e+05 
1.12291186486117e-01 1.00000000000000e+05 
1.12438916055426e-01 1.00000000000000e+05 
1.12586078492671e-01 1.00000000000000e+05 
1.12732867778005e-01 1.00000000000000e+05 
1.12879232658881e-01 1.00000000000000e+05 
1.13025338707411e-01 1.00000000000000e+05 
1.13171041038634e-01 1.00000000000000e+05 
1.13315826422387e-01 1.00000000000000e+05 
1.13461702492034e-01 1.00000000000000e+05 
1.13604707206353e-01 1.00000000000000e+05 
1.13749156027302e-01 1.00000000000001e+05 
1.13890808028628e-01 1.00000000000001e+05 
1.14033863462864e-01 1.00000000000001e+05 
1.14174699202949e-01 1.00000000000001e+05 
1.14316757087252e-01 1.00000000000001e+05 
1.14457836343303e-01 1.00000000000001e+05 
1.14599683329518e-01 1.00000000000001e+05 
1.14741704608908e-01 1.00000000000001e+05 
1.14884041031700e-01 1.00000000000001e+05 
1.15027330024918e-01 1.00000000000001e+05 
1.15170566109589e-01 1.00000000000001e+05 
1.15315250142750e-01 1.00000000000001e+05 
1.15459569257305e-01 1.00000000000001e+05 
1.15605586659194e-01 1.00000000000002e+05 
1.15750999412245e-01 1.00000000000002e+05 
1.15898288982517e-01 1.00000000000002e+05 
1.16044763729274e-01 1.00000000000002e+05 
1.16193143972380e-01 1.00000000000002e+05 
1.16340567095263e-01 1.00000000000002e+05 
1.16489766697495e-01 1.00000000000002e+05 
1.16637955007700e-01 1.00000000000002e+05 
1.16787702244024e-01 1.00000000000002e+05 
1.16936452169461e-01 1.00000000000003e+05 
1.17086527104938e-01 1.00000000000003e+05 
1.17235661280703e-01 1.00000000000003e+05 
1.17386009354917e-01 1.00000000000003e+05 
1.17535450074165e-01 1.00000000000003e+05 
1.17685918485232e-01 1.00000000000003e+05 
1.17835549683467e-01 1.00000000000003e+05 
1.17986026382293e-01 1.00000000000003e+05 
1.18135753234886e-01 1.00000000000004e+05 
1.18286181836311e-01 1.00000000000004e+05 
1.18435939846323e-01 1.00000000000004e+05 
1.18586308210083e-01 1.00000000000004e+05 
1.18736067464850e-01 1.00000000000004e+05 
1.18886383795113e-01 1.00000000000004e+05 
1.19036134961140e-01 1.00000000000004e+05 
1.19186403279619e-01 1.00000000000005e+05 
1.19336159052015e-01 1.00000000000005e+05 
1.19486399682157e-01 1.00000000000005e+05 
1.19636173751696e-01 1.00000000000005e+05 
1.19786412651383e-01 1.00000000000005e+05 
1.19936220442263e-01 1.00000000000005e+05 
1.20086503836801e-01 1.00000000000005e+05 
1.20236059972368e-01 1.00000000000005e+05 
1.20386601259536e-01 1.00000000000006e+05 
1.20531531622712e-01 1.00000000000006e+05 
1.20676336018438e-01 1.00000000000006e+05 
1.20819487813336e-01 1.00000000000006e+05 
1.20963165349637e-01 1.00000000000006e+05 
1.21105280213627e-01 1.00000000000006e+05 
1.21248093687117e-01 1.00000000000006e+05 
1.21389532606822e-01 1.00000000000007e+05 
1.21531697921123e-01 1.00000000000007e+05 
1.21674269893376e-01 1.00000000000007e+05 
1.21816543812595e-01 1.00000000000007e+05 
1.21958857961071e-01 1.00000000000008e+05 
1.22100993058162e-01 1.00000000000008e+05 
1.22243224697906e-01 1.00000000000008e+05 
1.22385295130184e-01 1.00000000000009e+05 
1.22527519415860e-01 1.00000000000009e+05 
1.22669610992232e-01 1.00000000000009e+05 
1.22811975865757e-01 1.00000000000010e+05 
1.22954105725018e-01 1.00000000000010e+05 
1.23096650209821e-01 1.00000000000010e+05 
1.23237989747860e-01 1.00000000000011e+05 
1.23380059211902e-01 1.00000000000011e+05 
1.23521384440199e-01 1.00000000000011e+05 
1.23663288554779e-01 1.00000000000011e+05 
1.23803601735336e-01 1.00000000000011e+05 
1.23944775838613e-01 1.00000000000011e+05 
1.24084938195814e-01 1.00000000000012e+05 
1.24225720696135e-01 1.00000000000012e+05 
1.24366120858613e-01 1.00000000000012e+05 
1.24506976863068e-01 1.00000000000013e+05 
1.24647951473975e-01 1.00000000000013e+05 
1.24789125671068e-01 1.00000000000013e+05 
1.24931148241599e-01 1.00000000000013e+05 
1.25073096273109e-01 1.00000000000014e+05 
1.25215986467006e-01 1.00000000000196e+05 
1.25358699246091e-01 1.00000000001154e+05 
1.25502002026320e-01 1.00000000003160e+05 
1.25645440036037e-01 1.00000000006543e+05 
1.25789811415730e-01 1.00000000011328e+05 
1.25933873277548e-01 1.00000000017593e+05 
1.26078661083139e-01 1.00000000036925e+05 
1.26223158208493e-01 1.00000000058362e+05 
1.26368179907648e-01 1.00000000080990e+05 
1.26512937787473e-01 1.00000000113775e+05 
1.26657072378884e-01 1.00000000147067e+05 
1.26801355693493e-01 1.00000000180529e+05 
1.26945623019902e-01 1.00000000214345e+05 
1.27089783501026e-01 1.00000000235945e+05 
1.27234581073337e-01 1.00000000247072e+05 
1.27379073360172e-01 1.00000000256656e+05 
1.27524296435002e-01 1.00000000266267e+05 
1.27669158952467e-01 1.00000000273885e+05 
1.27814681510445e-01 1.00000000282740e+05 
1.27959833444271e-01 1.00000000290743e+05 
1.28105635676645e-01 1.00000000297658e+05 
1.28251047924604e-01 1.00000000303828e+05 
1.28396639829816e-01 1.00000000308476e+05 
1.28540998612317e-01 1.00000000312414e+05 
1.28685276188592e-01 1.00000000315724e+05 
1.28829335238385e-01 1.00000000300750e+05 
1.28973329300507e-01 1.00000000308178e+05 
1.29117110501361e-01 1.00000000312526e+05 
1.29260826991455e-01 1.00000000316435e+05 
1.29404308935512e-01 1.00000000320785e+05 
1.29547673703492e-01 1.00000000324095e+05 
1.29690752994517e-01 1.00000000328423e+05 
1.29833692133474e-01 1.00019148893861e+05 
1.29976301588062e-01 1.00068753180048e+05 
1.30118604090833e-01 1.00155536866452e+05 
1.30260539935077e-01 1.00286426666346e+05 
1.30402190645674e-01 1.00468127871466e+05 
1.30543576374475e-01 1.00707988402009e+05 
1.30685073231905e-01 1.01014347842148e+05 
1.30826809606006e-01 1.01395838018941e+05 
1.30969501140653e-01 1.01840453524225e+05 
1.31112969869451e-01 1.02347484131767e+05 
1.31257764132958e-01 1.02919111503356e+05 
1.31403623932121e-01 1.03551592158079e+05 
1.31551124603360e-01 1.04249014452673e+05 
1.31698263771046e-01 1.04999740020262e+05 
1.31847190208148e-01 1.05809066841374e+05 
1.31997794285970e-01 1.06669408096594e+05 
1.32148818907794e-01 1.07563486494433e+05 
1.32301791574694e-01 1.08490028792306e+05 
1.32452962102345e-01 1.09422131218281e+05 
1.32605679338157e-01 1.10377907697658e+05 
1.32757012212208e-01 1.11316130599280e+05 
1.32909653592092e-01 1.12234461440831e+05 
1.33061381425175e-01 1.13104017729927e+05 
1.33213406485517e-01 1.13920132139730e+05 
1.33365553050595e-01 1.14690850235862e+05 
1.33517297577077e-01 1.15503422535139e+05 
1.33669711263821e-01 1.16186307132112e+05 
1.33822060133876e-01 1.16745119930092e+05 
1.33974828558713e-01 1.17197251199494e+05 
1.34127803126747e-01 1.17555234583004e+05 
1.34281021222144e-01 1.17830909372183e+05 
1.34434822207265e-01 1.18034043927550e+05 
1.34588312689440e-01 1.18092899597760e+05 
1.34742319760994e-01 1.18074461883719e+05 
1.34896026497461e-01 1.18056854882869e+05 
1.35050178199188e-01 1.18039557592803e+05 
1.35204041863451e-01 1.18019081841423e+05 
1.35358280284994e-01 1.17991347105181e+05 
1.35512242145910e-01 1.17956216097735e+05 
1.35666516543164e-01 1.17911988052907e+05 
1.35820526833851e-01 1.17853240932819e+05 
1.35974795675038e-01 1.17781171169446e+05 
1.36128820478956e-01 1.17694805799992e+05 
1.36283051277061e-01 1.17596438979335e+05 
1.36437079048302e-01 1.17488739564814e+05 
1.36591247217686e-01 1.17372643534184e+05 
1.36745257707503e-01 1.17248442683371e+05 
1.36899343895175e-01 1.17117520241732e+05 
1.37053316254374e-01 1.16980193749081e+05 
1.37207304488673e-01 1.16837834528049e+05 
1.37361217187158e-01 1.16691341978411e+05 
1.37515094519718e-01 1.16542334662735e+05 
1.37668924864789e-01 1.16391280348261e+05 
1.37822681111168e-01 1.16238225597499e+05 
1.37976409446339e-01 1.16085221094746e+05 
1.38123024838177e-01 1.15940424356356e+05 
1.38276590718771e-01 1.15789685143485e+05 
1.38423283483662e-01 1.15647375750576e+05 
1.38576727934574e-01 1.15499992317100e+05 
1.38723483953237e-01 1.15361750559047e+05 
1.38875710571723e-01 1.15220015197475e+05 
1.39022524100375e-01 1.15084615409868e+05 
1.39173164527923e-01 1.14947792815807e+05 
1.39320031896476e-01 1.14816044214936e+05 
1.39473094641222e-01 1.14681119996677e+05 
1.39620039292358e-01 1.14553866546320e+05 
1.39772942671832e-01 1.14425536351070e+05 
1.39920149720933e-01 1.14307765442559e+05 
1.40072851544783e-01 1.14191645887984e+05 
1.40220378057756e-01 1.14086431829401e+05 
1.40369748583418e-01 1.13987594268328e+05 
1.40517644818104e-01 1.13897847385319e+05 
1.40667406441013e-01 1.13817220713031e+05 
1.40815620305818e-01 1.13743929041029e+05 
1.40965764538574e-01 1.13682237215328e+05 
1.41114299868843e-01 1.13633926961263e+05 
1.41264861884400e-01 1.13594389744553e+05 
1.41413751863719e-01 1.13568630341565e+05 
1.41565558858062e-01 1.13549182745098e+05 
1.41714766028678e-01 1.13535072770100e+05 
1.41866372400441e-01 1.13531764635983e+05 
1.42015941437651e-01 1.13543307165454e+05 
1.42167303929305e-01 1.13565945844356e+05 
1.42317236187920e-01 1.13600088613699e+05 
1.42468287868060e-01 1.13640678390476e+05 
1.42618665727906e-01 1.13695140113027e+05 
1.42769253190265e-01 1.13762157676784e+05 
1.42919610728663e-01 1.13838487910927e+05 
1.43066610966548e-01 1.13922028226743e+05 
1.43213402190390e-01 1.14011619834903e+05 
1.43361144579624e-01 1.14114159213455e+05 
1.43509052022639e-01 1.14219348195340e+05 
1.43658624234740e-01 1.14326161198583e+05 
1.43809101978728e-01 1.14439849301421e+05 
1.43961659814294e-01 1.14559418250696e+05 
1.44116765341990e-01 1.14690852418098e+05 
1.44271154023479e-01 1.14831385554973e+05 
1.44429154167058e-01 1.14983694018588e+05 
1.44586726723973e-01 1.15142702122132e+05 
1.44745080727162e-01 1.15310105952847e+05 
1.44902566982822e-01 1.15483623049913e+05 
1.45060689559502e-01 1.15665349684415e+05 
1.45218112844968e-01 1.15853048460866e+05 
1.45376544462102e-01 1.16049886583339e+05 
1.45534293939278e-01 1.16253078418454e+05 
1.45693355494434e-01 1.16466961329303e+05 
1.45851656541156e-01 1.16688139066491e+05 
1.46011384168576e-01 1.16922438246510e+05 
1.46170199842871e-01 1.17166337788976e+05 
1.46330608569767e-01 1.17426920251970e+05 
1.46489950186580e-01 1.17700602133205e+05 
1.46651090295232e-01 1.17995318184119e+05 
1.46810997450923e-01 1.18307049296334e+05 
1.46972982115570e-01 1.18644744100790e+05 
1.47133531946358e-01 1.19002311138434e+05 
1.47296550971611e-01 1.19390214454933e+05 
1.47457873005197e-01 1.19798407051618e+05 
1.47622209576462e-01 1.20240067209028e+05 
1.47784509134658e-01 1.20699055991693e+05 
1.47950434473209e-01 1.21190840846117e+05 
1.48114042705120e-01 1.21694808166052e+05 
1.48267531159547e-01 1.22176647366714e+05 
1.48420963884918e-01 1.22666619765827e+05 
1.48574015943576e-01 1.23162044661765e+05 
1.48727275391983e-01 1.23652810217603e+05 
1.48880659085357e-01 1.24131947597999e+05 
1.49035361676334e-01 1.24589585437678e+05 
1.49190596109737e-01 1.25054461954551e+05 
1.49347575459910e-01 1.25465307118089e+05 
1.49505108695520e-01 1.25823578607007e+05 
1.49662175086388e-01 1.26133794438414e+05 
1.49819596942789e-01 1.26394798344618e+05 
1.49979358611959e-01 1.26584580069987e+05 
1.50140862840049e-01 1.26759958419521e+05 
1.50305909598994e-01 1.26914896160647e+05 
1.50473964871042e-01 1.27041928053956e+05 
1.50646224695035e-01 1.27143102217344e+05 
1.50821397735012e-01 1.27198331484703e+05 
1.50999929505306e-01 1.27203403434516e+05 
1.51180486589629e-01 1.27159851613321e+05 
1.51363737716284e-01 1.27077600682426e+05 
1.51548685001350e-01 1.26958389550669e+05 
1.51736220288245e-01 1.26810386809762e+05 
1.51925494868266e-01 1.26638514564559e+05 
1.52117161299187e-01 1.26443856501586e+05 
1.52309703030931e-01 1.26241004531144e+05 
1.52505309788253e-01 1.26022288034703e+05 
1.52700058763553e-01 1.25798663151356e+05 
1.52899020270038e-01 1.25570239161372e+05 
1.53095987814165e-01 1.25347572373426e+05 
1.53297016905203e-01 1.25126094897537e+05 
1.53496150796971e-01 1.24914320614248e+05 
1.53662913645091e-01 1.24743131942871e+05 
1.53829621362330e-01 1.24578733131724e+05 
1.53996196887385e-01 1.24421304793539e+05 
1.54162750212158e-01 1.24270767468395e+05 
1.54329179444148e-01 1.24126936861655e+05 
1.54495592098467e-01 1.23989238057745e+05 
1.54661891533230e-01 1.23857393742404e+05 
1.54828181587368e-01 1.23730624564428e+05 
1.54994370198524e-01 1.23608697165864e+05 
1.55160555173975e-01 1.23490566497842e+05 
1.55326650663735e-01 1.23376038008196e+05 
1.55492745875731e-01 1.23264000599069e+05 
1.55658756354158e-01 1.23154313714092e+05 
1.55824892380747e-01 1.23045819319029e+05 
1.55991101558572e-01 1.22938418527579e+05 
1.56157534189067e-01 1.22831228697073e+05 
1.56324132713158e-01 1.22724209603738e+05 
1.56491016111338e-01 1.22616745417772e+05 
1.56658128544351e-01 1.22508847234574e+05 
1.56825561564820e-01 1.22400025874155e+05 
1.56993274156182e-01 1.22290364433492e+05 
1.57161349067056e-01 1.22179451763899e+05 
1.57329762651451e-01 1.22067488472379e+05 
1.57498592251921e-01 1.21954139318205e+05 
1.57667838174610e-01 1.21839708443948e+05 
1.57826325005367e-01 1.21731561712096e+05 
1.57984357479205e-01 1.21623144857573e+05 
1.58142498825669e-01 1.21513832987096e+05 
1.58301031547753e-01 1.21403858771273e+05 
1.58459266101017e-01 1.21293438338779e+05 
1.58617721449061e-01 1.21182708673640e+05 
1.58775964416228e-01 1.21071675306837e+05 
1.58934319132845e-01 1.20960670685735e+05 
1.59092717688335e-01 1.20849399865538e+05 
1.59249699884320e-01 1.20739492618072e+05 
1.59408104076244e-01 1.20628568475029e+05 
1.59566558503691e-01 1.20518240291548e+05 
1.59719342025551e-01 1.20411995338032e+05 
1.59873462575319e-01 1.20305608053724e+05 
1.60026138136346e-01 1.20200474023786e+05 
1.60180208925604e-01 1.20095290716780e+05 
1.60332882660856e-01 1.19991368518379e+05 
1.60486971420971e-01 1.19887449707459e+05 
1.60639691789393e-01 1.19784748523446e+05 
1.60793827756203e-01 1.19682046352957e+05 
1.60946593821713e-01 1.19580477679288e+05 
1.61100757271349e-01 1.19478848824304e+05 
1.61253536958998e-01 1.19378229364125e+05 
1.61407686994331e-01 1.19277445991087e+05 
1.61560438593708e-01 1.19177502814028e+05 
1.61714532028059e-01 1.19077244032829e+05 
1.61867216589304e-01 1.18977617698089e+05 
1.62021206605863e-01 1.18877494029111e+05 
1.62173564272236e-01 1.18777920219877e+05 
1.62327139605605e-01 1.18677682284227e+05 
1.62479055695798e-01 1.18577793665778e+05 
1.62632209387865e-01 1.18477014014668e+05 
1.62783747153056e-01 1.18376360879442e+05 
1.62936578107550e-01 1.18274579802118e+05 
1.63087837178292e-01 1.18172873478360e+05 
1.63240422418442e-01 1.18069720151298e+05 
1.63391475419225e-01 1.17966408782193e+05 
1.63543892770546e-01 1.17861676758943e+05 
1.63694794416980e-01 1.17756524008249e+05 
1.63847070774518e-01 1.17649893175063e+05 
1.63997865011784e-01 1.17542729358328e+05 
1.64150072783921e-01 1.17434054299951e+05 
1.64300797466797e-01 1.17325235459877e+05 
1.64452930626377e-01 1.17214922792085e+05 
1.64603550358000e-01 1.17104521505623e+05 
1.64755561567438e-01 1.16992716376189e+05 
1.64906030130869e-01 1.16880949432994e+05 
1.65057874627018e-01 1.16767903178229e+05 
1.65208157448250e-01 1.16654938164545e+05 
1.65359805684281e-01 1.16540835466364e+05 
1.65509884955408e-01 1.16427009113111e+05 
1.65661323902475e-01 1.16312198177412e+05 
1.65811196546043e-01 1.16197819762372e+05 
1.65962426209209e-01 1.16082586197419e+05 
1.66112098296692e-01 1.15967905849284e+05 
1.66263125579723e-01 1.15852484325523e+05 
1.66412607446159e-01 1.15737721888325e+05 
1.66563442272676e-01 1.15622316248141e+05 
1.66712744357059e-01 1.15507661840181e+05 
1.66863395899981e-01 1.15392460846530e+05 
1.67012527375276e-01 1.15278105123982e+05 
1.67163003545794e-01 1.15163296839228e+05 
1.67311972593694e-01 1.15049417230638e+05 
1.67462281137718e-01 1.14935174352948e+05 
1.67611095098422e-01 1.14821925969980e+05 
1.67761244226464e-01 1.14708386582684e+05 
1.67909912198280e-01 1.14595894839335e+05 
1.68059912450873e-01 1.14483168994296e+05 
1.68208446848211e-01 1.14371537045436e+05 
1.68358312108936e-01 1.14259721946538e+05 
1.68506823483025e-01 1.14148972059750e+05 
1.68656773050371e-01 1.14038007763572e+05 
1.68805402453195e-01 1.13928128865856e+05 
1.68955439785520e-01 1.13818100526690e+05 
1.69104168006312e-01 1.13709182575766e+05 
1.69254271284178e-01 1.13600171179277e+05 
1.69403001085261e-01 1.13492525903025e+05 
1.69561963668332e-01 1.13378660879950e+05 
1.69710856437121e-01 1.13272362094921e+05 
1.69869783912143e-01 1.13160119249296e+05 
1.70028624006507e-01 1.13047144861526e+05 
1.70187530582466e-01 1.12935640480229e+05 
1.70346335819238e-01 1.12823499262955e+05 
1.70505211956759e-01 1.12713230530867e+05 
1.70663987579491e-01 1.12602559337267e+05 
1.70822837704672e-01 1.12494098047913e+05 
1.70981589687270e-01 1.12387011534683e+05 
1.71140431283913e-01 1.12280960503349e+05 
1.71299188761150e-01 1.12175395352756e+05 
1.71458039924421e-01 1.12070541708879e+05 
1.71616807094278e-01 1.11966000606883e+05 
1.71775666663856e-01 1.11862032874396e+05 
1.71934437025138e-01 1.11758399538481e+05 
1.72093297108251e-01 1.11655371401579e+05 
1.72252066092377e-01 1.11552756882107e+05 
1.72410920866495e-01 1.11450796534053e+05 
1.72569685262982e-01 1.11349333981051e+05 
1.72728531206892e-01 1.11248591168936e+05 
1.72887288836030e-01 1.11148409522740e+05 
1.73046124282467e-01 1.11048969019862e+05 
1.73204874102639e-01 1.10950143039309e+05 
1.73363698961440e-01 1.10852085892561e+05 
1.73538406306122e-01 1.10744922250896e+05 
1.73730584385271e-01 1.10628320240098e+05 
1.73941980272336e-01 1.10501069517634e+05 
1.74159808218255e-01 1.10371574887563e+05 
1.74374890772321e-01 1.10244528245618e+05 
1.74592833667734e-01 1.10117230771031e+05 
1.74808446953148e-01 1.09991754472771e+05 
1.75026720075967e-01 1.09865658450098e+05 
1.75242874377623e-01 1.09740996569884e+05 
1.75461351311018e-01 1.09615337469362e+05 
1.75678011996726e-01 1.09490665773834e+05 
1.75896679003892e-01 1.09366062213492e+05 
1.76113802253817e-01 1.09241081620692e+05 
1.76332663185348e-01 1.09115814569230e+05 
1.76550193931882e-01 1.08990182915922e+05 
1.76769232662295e-01 1.08862936619430e+05 
1.76987045974806e-01 1.08734024317891e+05 
1.77206237178750e-01 1.08602256766160e+05 
1.77424036691428e-01 1.08467732526950e+05 
1.77643352832199e-01 1.08329061059152e+05 
1.77861127305479e-01 1.08186710821778e+05 
1.78080440149956e-01 1.08039406448948e+05 
1.78298199314251e-01 1.07888067886594e+05 
1.78517645281780e-01 1.07731293441397e+05 
1.78735386112880e-01 1.07570793584658e+05 
1.78954960771140e-01 1.07405054997073e+05 
1.79172693784549e-01 1.07235546882437e+05 
1.79392238023268e-01 1.07062456420772e+05 
1.79609974017574e-01 1.06886634801527e+05 
1.79829375737961e-01 1.06707998605266e+05 
1.80047134334216e-01 1.06531746368608e+05 
1.80266244563592e-01 1.06356930751259e+05 
1.80484055968582e-01 1.06188659362133e+05 
1.80702911300940e-01 1.06024885572587e+05 
1.80920811899571e-01 1.05859754005665e+05 
1.81139449416126e-01 1.05715484695087e+05 
1.81357470683547e-01 1.05584431270484e+05 
1.81575912312520e-01 1.05466097158625e+05 
1.81793868087571e-01 1.05383582398433e+05 
1.82012125881765e-01 1.05296976574494e+05 
1.82229997942444e-01 1.05228653307839e+05 
1.82448078956229e-01 1.05207187436668e+05 
1.82665873967623e-01 1.05223843246840e+05 
1.82883781651071e-01 1.05277558416848e+05 
1.83101502538501e-01 1.05382325738118e+05 
1.83319240709262e-01 1.05526462571248e+05 
1.83536890594924e-01 1.05727763183654e+05 
1.83754467718844e-01 1.05982962403686e+05 
1.83972053309064e-01 1.06278059036113e+05 
1.84189481954516e-01 1.06610316917093e+05 
1.84407015028293e-01 1.06970715651501e+05 
1.84624309737772e-01 1.07351999833921e+05 
1.84841807946010e-01 1.07743133237229e+05 
1.85058995612940e-01 1.08128741701761e+05 
1.85276462180272e-01 1.08502921966951e+05 
1.85493572385106e-01 1.08849260544159e+05 
1.85679250111881e-01 1.09127672607213e+05 
1.85864956283526e-01 1.09366943140952e+05 
1.86048169393725e-01 1.09563017970600e+05 
1.86232052714165e-01 1.09722987141210e+05 
1.86413962658982e-01 1.09840069643989e+05 
1.86596678379962e-01 1.09928624172858e+05 
1.86777668563495e-01 1.10009819366673e+05 
1.86959530083571e-01 1.10053569985522e+05 
1.87139821096874e-01 1.10059384424906e+05 
1.87321034315272e-01 1.10026713361545e+05 
1.87500786319012e-01 1.09953928316876e+05 
1.87681498984467e-01 1.09867837110880e+05 
1.87860826778224e-01 1.09766202900829e+05 
1.88041139757548e-01 1.09646115806857e+05 
1.88220118521448e-01 1.09505182453991e+05 
1.88400092853767e-01 1.09348161048632e+05 
1.88578763239093e-01 1.09180040323143e+05 
1.88758425744682e-01 1.09000596047671e+05 
1.88936797951324e-01 1.08812827616608e+05 
1.89116145094937e-01 1.08617038509588e+05 
1.89294201215559e-01 1.08417602476770e+05 
1.89473201324723e-01 1.08214456729227e+05 
1.89650898601420e-01 1.08010689711234e+05 
1.89846365605787e-01 1.07787305700390e+05 
1.90061379310591e-01 1.07542278640851e+05 
1.90279660161572e-01 1.07297896547337e+05 
1.90459340014825e-01 1.07098898144996e+05 
1.90638947949669e-01 1.06904594794609e+05 
1.90818546297693e-01 1.06713381826242e+05 
1.90997856900033e-01 1.06527577143442e+05 
1.91176899499993e-01 1.06345138514031e+05 
1.91373846359949e-01 1.06150369062201e+05 
1.91590487905900e-01 1.05940468647106e+05 
1.91809685943810e-01 1.05735146483988e+05 
1.92029154063270e-01 1.05533329174908e+05 
1.92248589615824e-01 1.05337819198818e+05 
1.92468071896610e-01 1.05145139017851e+05 
1.92687577216991e-01 1.04957683253526e+05 
1.92907059267817e-01 1.04772484212496e+05 
1.93126541180017e-01 1.04591625377885e+05 
1.93345935475268e-01 1.04412480585391e+05 
1.93565286385709e-01 1.04236925855849e+05 
1.93784493547817e-01 1.04062523709689e+05 
1.94003624779461e-01 1.03891266399037e+05 
1.94222576343781e-01 1.03721129056156e+05 
1.94441398464428e-01 1.03553713362909e+05 
1.94660067477006e-01 1.03387539254163e+05 
1.94878702716128e-01 1.03223537476317e+05 
1.95097232354252e-01 1.03060616013417e+05 
1.95315746142812e-01 1.02899333086880e+05 
1.95534229816558e-01 1.02738691379395e+05 
1.95752654434865e-01 1.02579418385391e+05 
1.95971117329531e-01 1.02420601541076e+05 
1.96189558553933e-01 1.02263141361992e+05 
1.96408068447149e-01 1.02106090727910e+05 
1.96626616993860e-01 1.01950219504892e+05 
1.96845228232036e-01 1.01794739814205e+05 
1.97063894613738e-01 1.01640537670373e+05 
1.97282643809705e-01 1.01486915622358e+05 
1.97501459588602e-01 1.01334841714771e+05 
1.97720368290398e-01 1.01183659713898e+05 
1.97939351681849e-01 1.01034394640385e+05 
1.98158430790116e-01 1.00886476198492e+05 
1.98377584243674e-01 1.00740960692885e+05 
1.98596828331044e-01 1.00597224267317e+05 
1.98816143252835e-01 1.00456307480556e+05 
1.99035538805014e-01 1.00317476346511e+05 
1.99254999301399e-01 1.00181851318086e+05 
1.99474526456890e-01 1.00048616696797e+05 
1.99694110293111e-01 9.99188635179252e+04 
1.99913746628072e-01 9.97918217481281e+04 
2.00133431163958e-01 9.96682417137639e+04 
