# Liste des scalaires : TEMPS pmat 
0.00000000000000e+00 1.00000000000000e+05 
7.22956891292051e-05 1.00000000000000e+05 
1.39473830159779e-04 1.00000000000000e+05 
2.09658797050072e-04 1.00000000000000e+05 
2.76117114236750e-04 1.00000000000000e+05 
3.20638761908157e-04 1.00000000000000e+05 
3.55139419127712e-04 1.00000000000000e+05 
3.84466703006996e-04 1.00000000000000e+05 
4.10882456555401e-04 1.00000000000000e+05 
4.35440253196380e-04 1.00000000000000e+05 
4.62453829501457e-04 1.00000000000000e+05 
4.92168763437042e-04 1.00000000000000e+05 
5.24855190766186e-04 1.00000000000000e+05 
5.60810260828244e-04 1.00000000000000e+05 
6.00360837896507e-04 1.00000000000000e+05 
6.43866472671597e-04 1.00000000000000e+05 
6.91722670924197e-04 1.00000000000000e+05 
7.44364489002056e-04 1.00000000000000e+05 
8.02270488887701e-04 1.00000000000000e+05 
8.65967088761910e-04 1.00000000000000e+05 
9.36033348623540e-04 1.00000000000000e+05 
1.01310623447133e-03 1.00000000000000e+05 
1.09788640890391e-03 1.00000000000000e+05 
1.19114460077974e-03 1.00000000000000e+05 
1.28874595968006e-03 1.00000000000000e+05 
1.39427742078101e-03 1.00000000000000e+05 
1.50221628787638e-03 1.00000000000000e+05 
1.61553425737496e-03 1.00000000000000e+05 
1.73456635004564e-03 1.00000000000000e+05 
1.85727656859826e-03 1.00000000000000e+05 
1.98543918675819e-03 1.00000000000000e+05 
2.11708942092524e-03 1.00000000000000e+05 
2.25276434208636e-03 1.00000000000000e+05 
2.39498247007251e-03 1.00000000000000e+05 
2.54210498631055e-03 1.00000000000000e+05 
2.69376086153848e-03 1.00000000000000e+05 
2.84923863990153e-03 1.00000000000000e+05 
3.00861719751210e-03 1.00000000000000e+05 
3.17425324389073e-03 1.00000000000000e+05 
3.34502392240024e-03 1.00000000000000e+05 
3.52133598263648e-03 1.00000000000000e+05 
3.70321832988888e-03 1.00000000000000e+05 
3.89062613813834e-03 1.00000000000000e+05 
4.07997825389757e-03 1.00000000000000e+05 
4.27481395980986e-03 1.00000000000000e+05 
4.47012738761244e-03 1.00000000000000e+05 
4.66611161355355e-03 1.00000000000000e+05 
4.86287380487371e-03 1.00000000000000e+05 
5.06024206139265e-03 1.00000000000000e+05 
5.25957684721206e-03 1.00000000000000e+05 
5.46029994932065e-03 1.00000000000000e+05 
5.66435223740606e-03 1.00000000000000e+05 
5.87060857126649e-03 1.00000000000000e+05 
6.07908564461382e-03 1.00000000000000e+05 
6.29055376181163e-03 1.00000000000000e+05 
6.50487352610164e-03 1.00000000000000e+05 
6.72235173590031e-03 1.00000000000000e+05 
6.94364478411158e-03 1.00000000000000e+05 
7.16885879970980e-03 1.00000000000000e+05 
7.39802832452097e-03 1.00000000000000e+05 
7.63109152158749e-03 1.00000000000000e+05 
7.86294648903471e-03 1.00000000000000e+05 
8.08641019096253e-03 1.00000000000000e+05 
8.30392878043753e-03 1.00000000000000e+05 
8.51406705968455e-03 1.00000000000000e+05 
8.71977809472097e-03 1.00000000000000e+05 
8.92088462305154e-03 1.00000000000000e+05 
9.11784062242765e-03 1.00000000000000e+05 
9.31093181897458e-03 1.00000000000000e+05 
9.50042161487745e-03 1.00000000000000e+05 
9.68425677177449e-03 1.00000000000000e+05 
9.86349715077483e-03 1.00000000000000e+05 
1.00394211249375e-02 1.00000000000000e+05 
1.02087145652169e-02 1.00000000000000e+05 
1.03749684672029e-02 1.00000000000000e+05 
1.05376893412285e-02 1.00000000000000e+05 
1.06992673584832e-02 1.00000000000000e+05 
1.08587658513811e-02 1.00000000000000e+05 
1.10180885835267e-02 1.00000000000000e+05 
1.11762653568548e-02 1.00000000000000e+05 
1.13349429296521e-02 1.00000000000000e+05 
1.14933355277432e-02 1.00000000000000e+05 
1.16529114698571e-02 1.00000000000000e+05 
1.18131648334176e-02 1.00000000000000e+05 
1.19754760025116e-02 1.00000000000000e+05 
1.21395690056177e-02 1.00000000000000e+05 
1.23067100905336e-02 1.00000000000000e+05 
1.24749896971480e-02 1.00000000000000e+05 
1.26451173325166e-02 1.00000000000000e+05 
1.28171198377741e-02 1.00000000000000e+05 
1.29918650492366e-02 1.00000000000000e+05 
1.31692781696700e-02 1.00000000000000e+05 
1.33501644944821e-02 1.00000000000000e+05 
1.35343395455470e-02 1.00000000000000e+05 
1.37225446072345e-02 1.00000000000000e+05 
1.39143742564469e-02 1.00000000000000e+05 
1.41106047958241e-02 1.00000000000000e+05 
1.43107140437942e-02 1.00000000000000e+05 
1.45154059130109e-02 1.00000000000000e+05 
1.47240334482427e-02 1.00000000000000e+05 
1.49372275284587e-02 1.00000000000000e+05 
1.51536176473973e-02 1.00000000000000e+05 
1.53732954923485e-02 1.00000000000000e+05 
1.55956985324921e-02 1.00000000000000e+05 
1.58211338899769e-02 1.00000000000000e+05 
1.60489460149765e-02 1.00000000000000e+05 
1.62794389980897e-02 1.00000000000000e+05 
1.65119114900444e-02 1.00000000000000e+05 
1.67466914413506e-02 1.00000000000000e+05 
1.69830663897908e-02 1.00000000000000e+05 
1.72214090451407e-02 1.00000000000000e+05 
1.74610102614819e-02 1.00000000000000e+05 
1.77022905116655e-02 1.00000000000000e+05 
1.79445471220888e-02 1.00000000000000e+05 
1.81882533348465e-02 1.00000000000000e+05 
1.84327249725471e-02 1.00000000000000e+05 
1.86785036546189e-02 1.00000000000000e+05 
1.89249306985767e-02 1.00000000000000e+05 
1.91726206368261e-02 1.00000000000000e+05 
1.94209392222266e-02 1.00000000000000e+05 
1.96705631384429e-02 1.00000000000000e+05 
1.99208751541716e-02 1.00000000000000e+05 
2.01725976060789e-02 1.00000000000000e+05 
2.04251180066935e-02 1.00000000000000e+05 
2.06791816491614e-02 1.00000000000000e+05 
2.09341631602713e-02 1.00000000000000e+05 
2.11908076702431e-02 1.00000000000000e+05 
2.14484576619357e-02 1.00000000000000e+05 
2.17078432312169e-02 1.00000000000000e+05 
2.19681642547947e-02 1.00000000000000e+05 
2.22297468838623e-02 1.00000000000000e+05 
2.24919838076705e-02 1.00000000000000e+05 
2.27555300628144e-02 1.00000000000000e+05 
2.30197557933867e-02 1.00000000000000e+05 
2.32853041020857e-02 1.00000000000000e+05 
2.35515175453701e-02 1.00000000000000e+05 
2.38190280024257e-02 1.00000000000000e+05 
2.40871640444566e-02 1.00000000000000e+05 
2.43565530214259e-02 1.00000000000000e+05 
2.46265001965929e-02 1.00000000000000e+05 
2.48976194661529e-02 1.00000000000000e+05 
2.51691814818001e-02 1.00000000000000e+05 
2.54417744126619e-02 1.00000000000000e+05 
2.57146303394979e-02 1.00000000000000e+05 
2.59883099562952e-02 1.00000000000000e+05 
2.62620164432980e-02 1.00000000000000e+05 
2.65363049740709e-02 1.00000000000000e+05 
2.68102630851403e-02 1.00000000000000e+05 
2.70844593633490e-02 1.00000000000000e+05 
2.73582122340497e-02 1.00000000000000e+05 
2.76322530302324e-02 1.00000000000000e+05 
2.79060191365582e-02 1.00000000000000e+05 
2.81803027818907e-02 1.00000000000000e+05 
2.84545996247302e-02 1.00000000000000e+05 
2.87297101507435e-02 1.00000000000000e+05 
2.90051132730795e-02 1.00000000000000e+05 
2.92815763534175e-02 1.00000000000000e+05 
2.95585388999475e-02 1.00000000000000e+05 
2.98367195000639e-02 1.00000000000000e+05 
3.01155128434026e-02 1.00000000000000e+05 
3.03955855428899e-02 1.00000000000000e+05 
3.06763118404093e-02 1.00000000000000e+05 
3.09583266347910e-02 1.00000000000000e+05 
3.12409992410870e-02 1.00000000000000e+05 
3.15249552598389e-02 1.00000000000000e+05 
3.18095709879115e-02 1.00000000000000e+05 
3.20954828932707e-02 1.00000000000000e+05 
3.23820738763458e-02 1.00000000000000e+05 
3.26699894508640e-02 1.00000000000000e+05 
3.29586279554340e-02 1.00000000000000e+05 
3.32476617558225e-02 1.00000000000000e+05 
3.35373466460925e-02 1.00000000000000e+05 
3.38270844115779e-02 1.00000000000000e+05 
3.41174708925208e-02 1.00000000000000e+05 
3.44079098046410e-02 1.00000000000000e+05 
3.46989949492983e-02 1.00000000000000e+05 
3.49900907217194e-02 1.00000000000000e+05 
3.52817976215628e-02 1.00000000000000e+05 
3.55734692134281e-02 1.00000000000000e+05 
3.58657238465805e-02 1.00000000000000e+05 
3.61579141142425e-02 1.00000000000000e+05 
3.64506633660048e-02 1.00000000000000e+05 
3.67433302027446e-02 1.00000000000000e+05 
3.70365351782466e-02 1.00000000000000e+05 
3.73296390440966e-02 1.00000000000000e+05 
3.76232641192357e-02 1.00000000000000e+05 
3.79167818619218e-02 1.00000000000000e+05 
3.82108311488241e-02 1.01395400469107e+05 
3.85048086229364e-02 1.10019019483053e+05 
3.87993465889021e-02 1.30306135599833e+05 
3.90938558395676e-02 1.60531903771388e+05 
3.93889657901460e-02 1.93411100847417e+05 
3.96841585382218e-02 2.20411049950369e+05 
3.99800098666440e-02 2.34741996475568e+05 
4.02760489468070e-02 2.36396851879353e+05 
4.05727348938648e-02 2.35037626461343e+05 
4.08696449207963e-02 2.32297302303232e+05 
4.11671478068094e-02 2.27882934210810e+05 
4.14645782557509e-02 2.22536595234980e+05 
4.17624113315699e-02 2.17101166998259e+05 
4.20602031568757e-02 2.11845847890623e+05 
4.23584000783501e-02 2.07067448316742e+05 
4.26565604965485e-02 2.02863155012386e+05 
4.29551230878356e-02 1.99153337171719e+05 
4.32536599166298e-02 1.95832267874300e+05 
4.35525857862952e-02 1.92749270160913e+05 
4.38515173150571e-02 1.89818870054302e+05 
4.41508180961741e-02 1.86971506260325e+05 
4.44501471373437e-02 1.84169195564136e+05 
4.47498161847510e-02 1.81392270149712e+05 
4.50495236474330e-02 1.78650127803054e+05 
4.53495261348880e-02 1.75958971988111e+05 
4.56495595945409e-02 1.73338485114335e+05 
4.59498368483157e-02 1.70844595242196e+05 
4.62499343379697e-02 1.68470843250875e+05 
4.65501004153358e-02 1.66225838790683e+05 
4.68499696337358e-02 1.64054775273068e+05 
4.71498938605970e-02 1.61964317873519e+05 
4.74494982283668e-02 1.60041320382433e+05 
4.77491625048841e-02 1.58343761163831e+05 
4.80485049478341e-02 1.56930622178742e+05 
4.83479233526937e-02 1.55771586819499e+05 
4.86470412842181e-02 1.54847682342677e+05 
4.89462611470546e-02 1.54157045889833e+05 
4.92452301693508e-02 1.53673088763070e+05 
4.95443432675876e-02 1.53367891079658e+05 
4.98432580136387e-02 1.53215616043508e+05 
5.01423474118362e-02 1.53173275471735e+05 
5.04412899979152e-02 1.53193889064201e+05 
5.07404541595471e-02 1.53226808349788e+05 
5.10395354035447e-02 1.53222517355016e+05 
5.13388869046360e-02 1.53135158183819e+05 
5.16382300472566e-02 1.52931566136958e+05 
5.19378927244843e-02 1.52579220242095e+05 
5.22376091446523e-02 1.52070983626892e+05 
5.25376770289947e-02 1.51375064075872e+05 
5.28378368433945e-02 1.50530556296051e+05 
5.31383553961514e-02 1.49518213294864e+05 
5.34389865768073e-02 1.48319496291449e+05 
5.37399775100499e-02 1.47005118688199e+05 
5.40410958345918e-02 1.45572910657769e+05 
5.43425706551806e-02 1.44174750003523e+05 
5.46441784779207e-02 1.42815605717487e+05 
5.49461290893093e-02 1.41491441245954e+05 
5.52482059939917e-02 1.40195183361193e+05 
5.55506050000500e-02 1.38906811015307e+05 
5.58531464997045e-02 1.37639466096127e+05 
5.61559877965966e-02 1.36370344482718e+05 
5.64589627330903e-02 1.35115689656247e+05 
5.67621532216424e-02 1.33864306646967e+05 
5.70654088690177e-02 1.32627739086124e+05 
5.73688146100729e-02 1.31400658898937e+05 
5.76722132442742e-02 1.30183073511634e+05 
5.79757264499081e-02 1.28976756625053e+05 
5.82791977518208e-02 1.27782294472004e+05 
5.85828069768828e-02 1.26601962500780e+05 
5.88863867371997e-02 1.25432471283917e+05 
5.91899230676678e-02 1.24281019913368e+05 
5.94933336988598e-02 1.23142806614959e+05 
5.97965437145251e-02 1.22020701465810e+05 
6.00995991758993e-02 1.20916078145618e+05 
6.04023695512395e-02 1.19830606690637e+05 
6.07050176166283e-02 1.18768801919712e+05 
6.10071348657274e-02 1.17723339231084e+05 
6.13091386062587e-02 1.16703814348059e+05 
6.16106130801228e-02 1.15707185616942e+05 
6.19119933637553e-02 1.14736425907241e+05 
6.22128623978904e-02 1.13783227223850e+05 
6.25136671323911e-02 1.12858387559883e+05 
6.28139967735313e-02 1.11968231902193e+05 
6.31143025182525e-02 1.11098599326113e+05 
6.34141766320174e-02 1.10268556590455e+05 
6.37140694587339e-02 1.09467691165380e+05 
6.40135784213455e-02 1.08678762128407e+05 
6.43130734632686e-02 1.07917222189782e+05 
6.46121250864575e-02 1.07216668282394e+05 
6.49111226162099e-02 1.06586688063801e+05 
6.52097410397557e-02 1.06035484988884e+05 
6.55083343129282e-02 1.05570790200670e+05 
6.58066102421462e-02 1.05171577209602e+05 
6.61049022691640e-02 1.04824708136583e+05 
6.64029235557385e-02 1.04523780677861e+05 
6.67010014070421e-02 1.04257754000835e+05 
6.69988472399352e-02 1.04014380833068e+05 
6.72967871246929e-02 1.03781762094626e+05 
6.75945257772712e-02 1.03551334670557e+05 
6.78923867487067e-02 1.03313671291089e+05 
6.81900654674747e-02 1.03063919661826e+05 
6.84878041956027e-02 1.02796747229685e+05 
6.87855239898388e-02 1.02511720912283e+05 
6.90830488217114e-02 1.02210133589459e+05 
6.93806050319284e-02 1.01895761538295e+05 
6.96779699095619e-02 1.01574128881002e+05 
6.99753923686219e-02 1.01251112901179e+05 
7.02726889250731e-02 1.00932729210645e+05 
7.05700593133737e-02 1.00624755358854e+05 
7.08673424709592e-02 1.00331224868477e+05 
7.11646932742036e-02 1.00055566380975e+05 
7.14619709579064e-02 9.97973721943722e+04 
7.17592947331057e-02 9.95556100909009e+04 
7.20565552992933e-02 9.93258760933144e+04 
7.23538472432631e-02 9.91027141169399e+04 
7.26510949154436e-02 9.88796798144915e+04 
7.29483762670813e-02 9.86503505798672e+04 
7.32456455807656e-02 9.84074516402133e+04 
7.35429270775636e-02 9.81457034930207e+04 
7.38402657857211e-02 9.78621384046273e+04 
7.41376202208684e-02 9.75524927530318e+04 
7.44350607210205e-02 9.72176700111671e+04 
7.47325171031731e-02 9.68581395723090e+04 
7.50299491850997e-02 9.64663911240588e+04 
7.53275402208298e-02 9.60573015160304e+04 
7.56249222647487e-02 9.56310925174525e+04 
7.59225696873907e-02 9.51866084351236e+04 
7.62199272365554e-02 9.47261038645217e+04 
7.65175320206042e-02 9.42510343673935e+04 
7.68149249369671e-02 9.37653584945194e+04 
7.71125682908770e-02 9.32723757742514e+04 
7.74099856156891e-02 9.27744386074211e+04 
7.77075932032030e-02 9.22729695622439e+04 
7.80049857692004e-02 9.17701102961756e+04 
7.83025513096304e-02 9.12668148561993e+04 
7.85999323884719e-02 9.07647813519264e+04 
7.88974737538732e-02 9.02643591301938e+04 
7.91948560891093e-02 8.97662882182825e+04 
7.94923764283059e-02 8.92705394077630e+04 
7.97897259761107e-02 8.87777645730861e+04 
8.00872020252029e-02 8.82876691346005e+04 
8.03845053609607e-02 8.78003724295449e+04 
8.06819304066580e-02 8.73156750532005e+04 
8.09792091558553e-02 8.68331210475629e+04 
8.12766344072984e-02 8.63517688276742e+04 
8.15739705373838e-02 8.58718798191225e+04 
8.18715303236945e-02 8.53916893294517e+04 
8.21688811943251e-02 8.49107318696228e+04 
8.24665620755186e-02 8.44310175833753e+04 
8.27640303121591e-02 8.39483080417125e+04 
8.30619967262839e-02 8.34653993039272e+04 
8.33597858264008e-02 8.29888147101019e+04 
8.36581360694904e-02 8.25074136779214e+04 
8.39564124799770e-02 8.20498746132340e+04 
8.42550140207027e-02 8.16239734427141e+04 
8.45534822012091e-02 8.11848753100675e+04 
8.48521373958355e-02 8.08479724191993e+04 
8.51506303703183e-02 8.05816144833575e+04 
8.54492412783878e-02 8.03994363825367e+04 
8.57477120930949e-02 8.03315790254234e+04 
8.60463119557882e-02 8.02541106177981e+04 
8.63448303099038e-02 8.03147201935432e+04 
8.66435091907317e-02 8.07873476326532e+04 
8.69421514935963e-02 8.19461671508130e+04 
8.72409801520102e-02 8.40550800350409e+04 
8.75397875825844e-02 8.70568010597533e+04 
8.78387614749153e-02 9.07584853994674e+04 
8.81374513382791e-02 9.49932022387653e+04 
8.84363942779308e-02 9.92576617994511e+04 
8.87350285777136e-02 1.03320614937457e+05 
8.90339998234874e-02 1.07288616578507e+05 
8.93327030937208e-02 1.10006660941794e+05 
8.96317939109376e-02 1.11729939818660e+05 
8.99306755556358e-02 1.12604046252168e+05 
9.02299761247920e-02 1.12499548742669e+05 
9.05291127137654e-02 1.12372008439508e+05 
9.08286802629466e-02 1.12278273464499e+05 
9.11280908178721e-02 1.12209149642069e+05 
9.14277723634966e-02 1.12122939810385e+05 
9.17272924031541e-02 1.12032918653968e+05 
9.20270016190744e-02 1.11978505095620e+05 
9.23269077050179e-02 1.11905878629207e+05 
9.26271962375263e-02 1.11844673777247e+05 
9.29272681862228e-02 1.11799189488967e+05 
9.32276814596453e-02 1.11772002223493e+05 
9.35278382926852e-02 1.11754935020009e+05 
9.38282675320804e-02 1.11752656195116e+05 
9.41284327807224e-02 1.11746952557634e+05 
9.44288077159840e-02 1.11739920014456e+05 
9.47289217935620e-02 1.11725175342950e+05 
9.50291762990016e-02 1.11700330444591e+05 
9.53291508212296e-02 1.11661259117600e+05 
9.56289070476705e-02 1.11602355237907e+05 
9.59273120474085e-02 1.11518333533643e+05 
9.62250681512439e-02 1.11400811554868e+05 
9.65214482112960e-02 1.11250872472853e+05 
9.68172445204471e-02 1.11062456527095e+05 
9.71130204420240e-02 1.10832400651246e+05 
9.74080632042165e-02 1.10580391215387e+05 
9.75687334947272e-02 1.10419742508226e+05 
9.77293430801371e-02 1.10246634187063e+05 
9.78899085431772e-02 1.10062095339378e+05 
9.80504310024874e-02 1.09868103444765e+05 
9.82109383368779e-02 1.09667946880639e+05 
9.83714349872919e-02 1.09459832417799e+05 
9.85319511623130e-02 1.09237348114933e+05 
9.86924910421253e-02 1.09019854949395e+05 
9.88530856732651e-02 1.08805889050250e+05 
9.90137397063601e-02 1.08595491440698e+05 
9.91744831866417e-02 1.08386468578377e+05 
9.93353214318721e-02 1.08179582354185e+05 
9.94962815210037e-02 1.07973043223369e+05 
9.96573698961273e-02 1.07767599561920e+05 
9.98186089474228e-02 1.07560662819701e+05 
9.99800068038532e-02 1.07351699326954e+05 
1.00141556077974e-01 1.07139828376349e+05 
1.00303279456898e-01 1.06924309320001e+05 
1.00465167979933e-01 1.06704841064469e+05 
1.00627241924711e-01 1.06484335243583e+05 
1.00789495435069e-01 1.06262565756876e+05 
1.00951940977434e-01 1.06041507799875e+05 
1.01114575363099e-01 1.05819625289304e+05 
1.01277403291242e-01 1.05596310181622e+05 
1.01440425127378e-01 1.05373300884811e+05 
1.01603638054957e-01 1.05149408074121e+05 
1.01767046310226e-01 1.04926622881953e+05 
1.01930676389148e-01 1.04703719715406e+05 
1.02094573796335e-01 1.04482402163009e+05 
1.02258768474459e-01 1.04261934141298e+05 
1.02423334894193e-01 1.04043466165885e+05 
1.02588305880229e-01 1.03826143042555e+05 
1.02740404819720e-01 1.03627958267637e+05 
1.02892595632221e-01 1.03430969840365e+05 
1.03044702247140e-01 1.03236063615365e+05 
1.03196916451553e-01 1.03042205369159e+05 
1.03349027866628e-01 1.02850280447747e+05 
1.03501276181033e-01 1.02659230677109e+05 
1.03653398859447e-01 1.02469969407427e+05 
1.03805692691489e-01 1.02281443531918e+05 
1.03957832417162e-01 1.02094576471971e+05 
1.04110183831108e-01 1.01908355608212e+05 
1.04262351340864e-01 1.01723669540601e+05 
1.04414774761985e-01 1.01539573787678e+05 
1.04566985897665e-01 1.01356884643186e+05 
1.04719497454736e-01 1.01174713704373e+05 
1.04870799819497e-01 1.00995002251616e+05 
1.05023514075899e-01 1.00814478100292e+05 
1.05174637717581e-01 1.00636760706321e+05 
1.05326861036109e-01 1.00458610689798e+05 
1.05477652186595e-01 1.00283001666928e+05 
1.05629375452532e-01 1.00107187179284e+05 
1.05780023045881e-01 9.99334447177911e+04 
1.05931455119521e-01 9.97597194295729e+04 
1.06082225395423e-01 9.95875594796882e+04 
1.06233605434727e-01 9.94155907040231e+04 
1.06384627378704e-01 9.92448673492840e+04 
1.06536121577020e-01 9.90745116739051e+04 
1.06687421015708e-01 9.89052670593623e+04 
1.06839119567630e-01 9.87365121692963e+04 
1.06990684473720e-01 9.85688650177542e+04 
1.07142616447484e-01 9.84018112350074e+04 
1.07294413244640e-01 9.82359221814104e+04 
1.07446565500470e-01 9.80707592222505e+04 
1.07598549306007e-01 9.79068122897710e+04 
1.07750884911290e-01 9.77437632648034e+04 
1.07903008268014e-01 9.75820572956121e+04 
1.08055481209670e-01 9.74213390884603e+04 
1.08207701135773e-01 9.72620860591281e+04 
1.08360266343377e-01 9.71038597754327e+04 
1.08512547452779e-01 9.69472145423270e+04 
1.08665166122211e-01 9.67916269675387e+04 
1.08817480555446e-01 9.66375037070650e+04 
1.08970121849097e-01 9.64843164662824e+04 
1.09122449660226e-01 9.63326666424174e+04 
1.09275090539492e-01 9.61819647941195e+04 
1.09427414708089e-01 9.60328886128194e+04 
1.09580036870098e-01 9.58848180147828e+04 
1.09732139076665e-01 9.57386489957934e+04 
1.09884408294167e-01 9.55937041243068e+04 
1.10036096876531e-01 9.54507503549486e+04 
1.10187958612027e-01 9.53091238351405e+04 
1.10339419893571e-01 9.51693095998328e+04 
1.10491064827113e-01 9.50308650300587e+04 
1.10642410248262e-01 9.48941116114674e+04 
1.10793961678281e-01 9.47586900979266e+04 
1.10945251029790e-01 9.46249006795062e+04 
1.11096773272178e-01 9.44923834630328e+04 
1.11247545478180e-01 9.43618874430813e+04 
1.11398296018525e-01 9.42328253670507e+04 
1.11549049696087e-01 9.41050771198978e+04 
1.11698079416650e-01 9.39801167709895e+04 
1.11847694254104e-01 9.38559034134641e+04 
1.11995657820851e-01 9.37342959626050e+04 
1.12144262488756e-01 9.36133118190543e+04 
1.12291186486117e-01 9.34948325848305e+04 
1.12438916055426e-01 9.33767584964926e+04 
1.12586078492671e-01 9.32601881773779e+04 
1.12732867778005e-01 9.31448743244090e+04 
1.12879232658881e-01 9.30308491647765e+04 
1.13025338707411e-01 9.29178953538487e+04 
1.13171041038634e-01 9.28061237896709e+04 
1.13315826422387e-01 9.26958382975379e+04 
1.13461702492034e-01 9.25855214574801e+04 
1.13604707206353e-01 9.24780819110286e+04 
1.13749156027302e-01 9.23702825508218e+04 
1.13890808028628e-01 9.22652090038291e+04 
1.14033863462864e-01 9.21597571440069e+04 
1.14174699202949e-01 9.20565256110548e+04 
1.14316757087252e-01 9.19530099379125e+04 
1.14457836343303e-01 9.18507504892867e+04 
1.14599683329518e-01 9.17485079389810e+04 
1.14741704608908e-01 9.16466522780306e+04 
1.14884041031700e-01 9.15451158198096e+04 
1.15027330024918e-01 9.14433891477262e+04 
1.15170566109589e-01 9.13422234440716e+04 
1.15315250142750e-01 9.12405057499116e+04 
1.15459569257305e-01 9.11395494892454e+04 
1.15605586659194e-01 9.10378594693538e+04 
1.15750999412245e-01 9.09370787489437e+04 
1.15898288982517e-01 9.08354366672687e+04 
1.16044763729274e-01 9.07348305661734e+04 
1.16193143972380e-01 9.06333412459211e+04 
1.16340567095263e-01 9.05329667556238e+04 
1.16489766697495e-01 9.04317946400668e+04 
1.16637955007700e-01 9.03317553973238e+04 
1.16787702244024e-01 9.02310606439468e+04 
1.16936452169461e-01 9.01314705676036e+04 
1.17086527104938e-01 9.00313768149111e+04 
1.17235661280703e-01 8.99323333278528e+04 
1.17386009354917e-01 8.98328548791183e+04 
1.17535450074165e-01 8.97343895484365e+04 
1.17685918485232e-01 8.96356063230339e+04 
1.17835549683467e-01 8.95377755879330e+04 
1.17986026382293e-01 8.94397395269829e+04 
1.18135753234886e-01 8.93425854527503e+04 
1.18286181836311e-01 8.92453127073642e+04 
1.18435939846323e-01 8.91488591594488e+04 
1.18586308210083e-01 8.90523369562064e+04 
1.18736067464850e-01 8.89565900381957e+04 
1.18886383795113e-01 8.88608051069354e+04 
1.19036134961140e-01 8.87657594932773e+04 
1.19186403279619e-01 8.86707052118663e+04 
1.19336159052015e-01 8.85763568239121e+04 
1.19486399682157e-01 8.84820243523145e+04 
1.19636173751696e-01 8.83883736431958e+04 
1.19786412651383e-01 8.82947595488922e+04 
1.19936220442263e-01 8.82018131546153e+04 
1.20086503836801e-01 8.81089079203928e+04 
1.20236059972368e-01 8.80168649147715e+04 
1.20386601259536e-01 8.79245643094726e+04 
1.20531531622712e-01 8.78361149021961e+04 
1.20676336018438e-01 8.77480799171044e+04 
1.20819487813336e-01 8.76614620136882e+04 
1.20963165349637e-01 8.75748707973852e+04 
1.21105280213627e-01 8.74896442766956e+04 
1.21248093687117e-01 8.74043526042108e+04 
1.21389532606822e-01 8.73203146530120e+04 
1.21531697921123e-01 8.72362070040928e+04 
1.21674269893376e-01 8.71523147043661e+04 
1.21816543812595e-01 8.70689758546867e+04 
1.21958857961071e-01 8.69860866876447e+04 
1.22100993058162e-01 8.69036921680511e+04 
1.22243224697906e-01 8.68217338152913e+04 
1.22385295130184e-01 8.67402714268899e+04 
1.22527519415860e-01 8.66591989868268e+04 
1.22669610992232e-01 8.65786291626923e+04 
1.22811975865757e-01 8.64984012707297e+04 
1.22954105725018e-01 8.64187535616977e+04 
1.23096650209821e-01 8.63393863830034e+04 
1.23237989747860e-01 8.62611519446572e+04 
1.23380059211902e-01 8.61830356005753e+04 
1.23521384440199e-01 8.61058070273026e+04 
1.23663288554779e-01 8.60287958517359e+04 
1.23803601735336e-01 8.59531324218712e+04 
1.23944775838613e-01 8.58775411556521e+04 
1.24084938195814e-01 8.58029862327470e+04 
1.24225720696135e-01 8.57286471770111e+04 
1.24366120858613e-01 8.56550216993254e+04 
1.24506976863068e-01 8.55817151285788e+04 
1.24647951473975e-01 8.55088763012217e+04 
1.24789125671068e-01 8.54365069598209e+04 
1.24931148241599e-01 8.53642502959285e+04 
1.25073096273109e-01 8.52926265331391e+04 
1.25215986467006e-01 8.52210955842619e+04 
1.25358699246091e-01 8.51502739131480e+04 
1.25502002026320e-01 8.50797477913315e+04 
1.25645440036037e-01 8.50098074361473e+04 
1.25789811415730e-01 8.49400208791592e+04 
1.25933873277548e-01 8.48710674835011e+04 
1.26078661083139e-01 8.48024045594694e+04 
1.26223158208493e-01 8.47345947641267e+04 
1.26368179907648e-01 8.46672116943170e+04 
1.26512937787473e-01 8.46007024902056e+04 
1.26657072378884e-01 8.45351876412043e+04 
1.26801355693493e-01 8.44703709946760e+04 
1.26945623019902e-01 8.44063024690404e+04 
1.27089783501026e-01 8.43430732751703e+04 
1.27234581073337e-01 8.42803435328982e+04 
1.27379073360172e-01 8.42185771797877e+04 
1.27524296435002e-01 8.41573229139889e+04 
1.27669158952467e-01 8.40971017930609e+04 
1.27814681510445e-01 8.40374860756278e+04 
1.27959833444271e-01 8.39789630715378e+04 
1.28105635676645e-01 8.39211252986621e+04 
1.28251047924604e-01 8.38644607664948e+04 
1.28396639829816e-01 8.38087532716063e+04 
1.28540998612317e-01 8.37546022810381e+04 
1.28685276188592e-01 8.37015678494743e+04 
1.28829335238385e-01 8.36497665842020e+04 
1.28973329300507e-01 8.35991540076058e+04 
1.29117110501361e-01 8.35498463457297e+04 
1.29260826991455e-01 8.35018287543157e+04 
1.29404308935512e-01 8.34552188589160e+04 
1.29547673703492e-01 8.34099491579996e+04 
1.29690752994517e-01 8.33661460460303e+04 
1.29833692133474e-01 8.33237225904322e+04 
1.29976301588062e-01 8.32828532346487e+04 
1.30118604090833e-01 8.32435032906709e+04 
1.30260539935077e-01 8.32058060117777e+04 
1.30402190645674e-01 8.31697770190258e+04 
1.30543576374475e-01 8.31354849880750e+04 
1.30685073231905e-01 8.31027587253646e+04 
1.30826809606006e-01 8.30716574947015e+04 
1.30969501140653e-01 8.30420825384457e+04 
1.31112969869451e-01 8.30142213790937e+04 
1.31257764132958e-01 8.29880918137546e+04 
1.31403623932121e-01 8.29638401853714e+04 
1.31551124603360e-01 8.29414304516928e+04 
1.31698263771046e-01 8.29208663268217e+04 
1.31847190208148e-01 8.29020480665199e+04 
1.31997794285970e-01 8.28854549706121e+04 
1.32148818907794e-01 8.28715751288043e+04 
1.32301791574694e-01 8.28604613075607e+04 
1.32452962102345e-01 8.28522670759046e+04 
1.32605679338157e-01 8.28470134401108e+04 
1.32757012212208e-01 8.28439712380024e+04 
1.32909653592092e-01 8.28391376680604e+04 
1.33061381425175e-01 8.28402451990276e+04 
1.33213406485517e-01 8.28457952239412e+04 
1.33365553050595e-01 8.28545017652731e+04 
1.33517297577077e-01 8.28663177802134e+04 
1.33669711263821e-01 8.28805152513977e+04 
1.33822060133876e-01 8.28975406390277e+04 
1.33974828558713e-01 8.29171862242983e+04 
1.34127803126747e-01 8.29432800317767e+04 
1.34281021222144e-01 8.29706131039181e+04 
1.34434822207265e-01 8.29979843584663e+04 
1.34588312689440e-01 8.30252069218260e+04 
1.34742319760994e-01 8.30525211333985e+04 
1.34896026497461e-01 8.30802063078522e+04 
1.35050178199188e-01 8.31080579749863e+04 
1.35204041863451e-01 8.31377219447647e+04 
1.35358280284994e-01 8.31698968978447e+04 
1.35512242145910e-01 8.32053813639992e+04 
1.35666516543164e-01 8.32448570838649e+04 
1.35820526833851e-01 8.32883782437648e+04 
1.35974795675038e-01 8.33371130468998e+04 
1.36128820478956e-01 8.33911166808002e+04 
1.36283051277061e-01 8.34512980328232e+04 
1.36437079048302e-01 8.35170110960212e+04 
1.36591247217686e-01 8.35873285097285e+04 
1.36745257707503e-01 8.36620078791128e+04 
1.36899343895175e-01 8.37413036264727e+04 
1.37053316254374e-01 8.38250294863926e+04 
1.37207304488673e-01 8.39132893543437e+04 
1.37361217187158e-01 8.40060127783523e+04 
1.37515094519718e-01 8.41031306824768e+04 
1.37668924864789e-01 8.42044756724189e+04 
1.37822681111168e-01 8.43100403937234e+04 
1.37976409446339e-01 8.44197109248367e+04 
1.38123024838177e-01 8.45279569578743e+04 
1.38276590718771e-01 8.46450321046350e+04 
1.38423283483662e-01 8.47603120575699e+04 
1.38576727934574e-01 8.48843392019264e+04 
1.38723483953237e-01 8.50061083318388e+04 
1.38875710571723e-01 8.51354794440723e+04 
1.39022524100375e-01 8.52630556869363e+04 
1.39173164527923e-01 8.53961049652941e+04 
1.39320031896476e-01 8.55283410116164e+04 
1.39473094641222e-01 8.56686476019484e+04 
1.39620039292358e-01 8.58052168128993e+04 
1.39772942671832e-01 8.59495796317438e+04 
1.39920149720933e-01 8.60897938238326e+04 
1.40072851544783e-01 8.62369458098211e+04 
1.40220378057756e-01 8.63793919319509e+04 
1.40369748583418e-01 8.65250023945899e+04 
1.40517644818104e-01 8.66687092810679e+04 
1.40667406441013e-01 8.68149830539382e+04 
1.40815620305818e-01 8.69584568645152e+04 
1.40965764538574e-01 8.71026063132980e+04 
1.41114299868843e-01 8.72444328243883e+04 
1.41264861884400e-01 8.73861432060346e+04 
1.41413751863719e-01 8.75248974922742e+04 
1.41565558858062e-01 8.76644677137922e+04 
1.41714766028678e-01 8.77987070409932e+04 
1.41866372400441e-01 8.79324594229872e+04 
1.42015941437651e-01 8.80610808637543e+04 
1.42167303929305e-01 8.81878570169963e+04 
1.42317236187920e-01 8.83098645363258e+04 
1.42468287868060e-01 8.84292823065725e+04 
1.42618665727906e-01 8.85448417487595e+04 
1.42769253190265e-01 8.86573012894757e+04 
1.42919610728663e-01 8.87662888874590e+04 
1.43066610966548e-01 8.88697320396543e+04 
1.43213402190390e-01 8.89697823747101e+04 
1.43361144579624e-01 8.90675032333096e+04 
1.43509052022639e-01 8.91624750585436e+04 
1.43658624234740e-01 8.92563264446070e+04 
1.43809101978728e-01 8.93486873433362e+04 
1.43961659814294e-01 8.94413503044326e+04 
1.44116765341990e-01 8.95350003833920e+04 
1.44271154023479e-01 8.96287247161242e+04 
1.44429154167058e-01 8.97265887012891e+04 
1.44586726723973e-01 8.98258547833202e+04 
1.44745080727162e-01 8.99304454265905e+04 
1.44902566982822e-01 9.00408692864350e+04 
1.45060689559502e-01 9.01585781215695e+04 
1.45218112844968e-01 9.02861119242165e+04 
1.45376544462102e-01 9.04239019855714e+04 
1.45534293939278e-01 9.05759721824338e+04 
1.45693355494434e-01 9.07407871721484e+04 
1.45851656541156e-01 9.09167277461784e+04 
1.46011384168576e-01 9.11115738600584e+04 
1.46170199842871e-01 9.13202236493378e+04 
1.46330608569767e-01 9.15512977112326e+04 
1.46489950186580e-01 9.18011176586447e+04 
1.46651090295232e-01 9.20733802692726e+04 
1.46810997450923e-01 9.23620862749684e+04 
1.46972982115570e-01 9.26723036618357e+04 
1.47133531946358e-01 9.29962832892811e+04 
1.47296550971611e-01 9.33400333874451e+04 
1.47457873005197e-01 9.36930362855218e+04 
1.47622209576462e-01 9.40634315769618e+04 
1.47784509134658e-01 9.44351654168032e+04 
1.47950434473209e-01 9.48189539694060e+04 
1.48114042705120e-01 9.51950695150574e+04 
1.48267531159547e-01 9.55446851896705e+04 
1.48420963884918e-01 9.58833346114386e+04 
1.48574015943576e-01 9.62083028526824e+04 
1.48727275391983e-01 9.65216241088682e+04 
1.48880659085357e-01 9.68158332549422e+04 
1.49035361676334e-01 9.70906830494135e+04 
1.49190596109737e-01 9.73341663795350e+04 
1.49347575459910e-01 9.75654093530583e+04 
1.49505108695520e-01 9.77536555069977e+04 
1.49662175086388e-01 9.79226791805947e+04 
1.49819596942789e-01 9.80474288615526e+04 
1.49979358611959e-01 9.81093277240965e+04 
1.50140862840049e-01 9.81492927551787e+04 
1.50305909598994e-01 9.81671359695750e+04 
1.50473964871042e-01 9.81641494928681e+04 
1.50646224695035e-01 9.81427483900946e+04 
1.50821397735012e-01 9.80801289579048e+04 
1.50999929505306e-01 9.80044917547679e+04 
1.51180486589629e-01 9.79193315151346e+04 
1.51363737716284e-01 9.78250276679426e+04 
1.51548685001350e-01 9.77232088105112e+04 
1.51736220288245e-01 9.76147319291593e+04 
1.51925494868266e-01 9.74972715268760e+04 
1.52117161299187e-01 9.73726549171608e+04 
1.52309703030931e-01 9.72447072552507e+04 
1.52505309788253e-01 9.71122130272018e+04 
1.52700058763553e-01 9.69776793857686e+04 
1.52899020270038e-01 9.68387767469840e+04 
1.53095987814165e-01 9.67007618755365e+04 
1.53297016905203e-01 9.65607208710297e+04 
1.53496150796971e-01 9.64233525161927e+04 
1.53662913645091e-01 9.63099089616733e+04 
1.53829621362330e-01 9.61979863854000e+04 
1.53996196887385e-01 9.60874038111895e+04 
1.54162750212158e-01 9.59786725891320e+04 
1.54329179444148e-01 9.58717092509094e+04 
1.54495592098467e-01 9.57664523200127e+04 
1.54661891533230e-01 9.56632112362097e+04 
1.54828181587368e-01 9.55613497058783e+04 
1.54994370198524e-01 9.54612609686435e+04 
1.55160555173975e-01 9.53619372910244e+04 
1.55326650663735e-01 9.52645467974708e+04 
1.55492745875731e-01 9.51672421673714e+04 
1.55658756354158e-01 9.50701213008827e+04 
1.55824892380747e-01 9.49733051770536e+04 
1.55991101558572e-01 9.48759153580740e+04 
1.56157534189067e-01 9.47786504794482e+04 
1.56324132713158e-01 9.46806147855462e+04 
1.56491016111338e-01 9.45825778628731e+04 
1.56658128544351e-01 9.44835253472761e+04 
1.56825561564820e-01 9.43842145750961e+04 
1.56993274156182e-01 9.42837041816077e+04 
1.57161349067056e-01 9.41827223836122e+04 
1.57329762651451e-01 9.40804305795062e+04 
1.57498592251921e-01 9.39774673110537e+04 
1.57667838174610e-01 9.38731745298851e+04 
1.57826325005367e-01 9.37750080444361e+04 
1.57984357479205e-01 9.36763042816375e+04 
1.58142498825669e-01 9.35770126446957e+04 
1.58301031547753e-01 9.34768238455044e+04 
1.58459266101017e-01 9.33768167397901e+04 
1.58617721449061e-01 9.32760260490865e+04 
1.58775964416228e-01 9.31744394224515e+04 
1.58934319132845e-01 9.30722678646166e+04 
1.59092717688335e-01 9.29694396555919e+04 
1.59249699884320e-01 9.28672306842127e+04 
1.59408104076244e-01 9.27641329144067e+04 
1.59566558503691e-01 9.26610597826120e+04 
1.59719342025551e-01 9.25618717576878e+04 
1.59873462575319e-01 9.24621422648396e+04 
1.60026138136346e-01 9.23638658144256e+04 
1.60180208925604e-01 9.22652863993974e+04 
1.60332882660856e-01 9.21681366947171e+04 
1.60486971420971e-01 9.20705269538776e+04 
1.60639691789393e-01 9.19742880531776e+04 
1.60793827756203e-01 9.18777246942931e+04 
1.60946593821713e-01 9.17826282486401e+04 
1.61100757271349e-01 9.16873795977569e+04 
1.61253536958998e-01 9.15937452182431e+04 
1.61407686994331e-01 9.15001297322997e+04 
1.61560438593708e-01 9.14082823859132e+04 
1.61714532028059e-01 9.13166145346283e+04 
1.61867216589304e-01 9.12268438679270e+04 
1.62021206605863e-01 9.11374087267168e+04 
1.62173564272236e-01 9.10501006896111e+04 
1.62327139605605e-01 9.09632906213636e+04 
1.62479055695798e-01 9.08786963358608e+04 
1.62632209387865e-01 9.07947227243715e+04 
1.62783747153056e-01 9.07130201117960e+04 
1.62936578107550e-01 9.06320463041847e+04 
1.63087837178292e-01 9.05533955850969e+04 
1.63240422418442e-01 9.04755883610106e+04 
1.63391475419225e-01 9.04001659629887e+04 
1.63543892770546e-01 9.03257121413865e+04 
1.63694794416980e-01 9.02537018418110e+04 
1.63847070774518e-01 9.01827792408887e+04 
1.63997865011784e-01 9.01143370018611e+04 
1.64150072783921e-01 9.00470891022940e+04 
1.64300797466797e-01 8.99824563320167e+04 
1.64452930626377e-01 8.99191346375758e+04 
1.64603550358000e-01 8.98583984289605e+04 
1.64755561567438e-01 8.97991216265763e+04 
1.64906030130869e-01 8.97425391607848e+04 
1.65057874627018e-01 8.96876110895710e+04 
1.65208157448250e-01 8.96355460101816e+04 
1.65359805684281e-01 8.95849224995880e+04 
1.65509884955408e-01 8.95371002226154e+04 
1.65661323902475e-01 8.94914095799974e+04 
1.65811196546043e-01 8.94488317959590e+04 
1.65962426209209e-01 8.94083766191038e+04 
1.66112098296692e-01 8.93711375533505e+04 
1.66263125579723e-01 8.93352736004313e+04 
1.66412607446159e-01 8.93012052748188e+04 
1.66563442272676e-01 8.92707937555747e+04 
1.66712744357059e-01 8.92439835328282e+04 
1.66863395899981e-01 8.92198568214010e+04 
1.67012527375276e-01 8.91986423727806e+04 
1.67163003545794e-01 8.91795531951414e+04 
1.67311972593694e-01 8.91629447365510e+04 
1.67462281137718e-01 8.91508890522434e+04 
1.67611095098422e-01 8.91394645436207e+04 
1.67761244226464e-01 8.91282224712850e+04 
1.67909912198280e-01 8.91175628660009e+04 
1.68059912450873e-01 8.91075405191225e+04 
1.68208446848211e-01 8.90983897349315e+04 
1.68358312108936e-01 8.90918815800230e+04 
1.68506823483025e-01 8.90882945116264e+04 
1.68656773050371e-01 8.90885255758142e+04 
1.68805402453195e-01 8.90925388145898e+04 
1.68955439785520e-01 8.91006573094006e+04 
1.69104168006312e-01 8.91135596122765e+04 
1.69254271284178e-01 8.91315616673952e+04 
1.69403001085261e-01 8.91544974232796e+04 
1.69561963668332e-01 8.91833666470019e+04 
1.69710856437121e-01 8.92147972196351e+04 
1.69869783912143e-01 8.92527819491951e+04 
1.70028624006507e-01 8.92954531684471e+04 
1.70187530582466e-01 8.93426611741148e+04 
1.70346335819238e-01 8.93940396181734e+04 
1.70505211956759e-01 8.94492795464326e+04 
1.70663987579491e-01 8.95079956180270e+04 
1.70822837704672e-01 8.95706380560822e+04 
1.70981589687270e-01 8.96364990259089e+04 
1.71140431283913e-01 8.97041305982039e+04 
1.71299188761150e-01 8.97744437945243e+04 
1.71458039924421e-01 8.98461819113996e+04 
1.71616807094278e-01 8.99198212988711e+04 
1.71775666663856e-01 8.99943827166924e+04 
1.71934437025138e-01 9.00702948627812e+04 
1.72093297108251e-01 9.01471387510013e+04 
1.72252066092377e-01 9.02231920981476e+04 
1.72410920866495e-01 9.02992343481058e+04 
1.72569685262982e-01 9.03737996292451e+04 
1.72728531206892e-01 9.04475593733880e+04 
1.72887288836030e-01 9.05189022138332e+04 
1.73046124282467e-01 9.05875391340961e+04 
1.73204874102639e-01 9.06529468159664e+04 
1.73363698961440e-01 9.07147335377148e+04 
1.73538406306122e-01 9.07773514185167e+04 
1.73730584385271e-01 9.08424608239259e+04 
1.73941980272336e-01 9.09098417122154e+04 
1.74159808218255e-01 9.09646780159528e+04 
1.74374890772321e-01 9.10067484825381e+04 
1.74592833667734e-01 9.10397793782722e+04 
1.74808446953148e-01 9.10646668270102e+04 
1.75026720075967e-01 9.10742371712064e+04 
1.75242874377623e-01 9.10806687725967e+04 
1.75461351311018e-01 9.10886473797812e+04 
1.75678011996726e-01 9.10977057766865e+04 
1.75896679003892e-01 9.11057995575912e+04 
1.76113802253817e-01 9.11081398333543e+04 
1.76332663185348e-01 9.11042593233953e+04 
1.76550193931882e-01 9.10911256626812e+04 
1.76769232662295e-01 9.10670370076191e+04 
1.76987045974806e-01 9.10314765137340e+04 
1.77206237178750e-01 9.09861051442167e+04 
1.77424036691428e-01 9.09339267559112e+04 
1.77643352832199e-01 9.08737324265119e+04 
1.77861127305479e-01 9.08084296978685e+04 
1.78080440149956e-01 9.07369367130452e+04 
1.78298199314251e-01 9.06621676492045e+04 
1.78517645281780e-01 9.05831126358491e+04 
1.78735386112880e-01 9.05024259522723e+04 
1.78954960771140e-01 9.04189994578721e+04 
1.79172693784549e-01 9.03353354857403e+04 
1.79392238023268e-01 9.02502550603988e+04 
1.79609974017574e-01 9.01657845908265e+04 
1.79829375737961e-01 9.00810060595144e+04 
1.80047134334216e-01 8.99976145833025e+04 
1.80266244563592e-01 8.99149229430637e+04 
1.80484055968582e-01 8.98340315064484e+04 
1.80702911300940e-01 8.97547456597671e+04 
1.80920811899571e-01 8.96774125082105e+04 
1.81139449416126e-01 8.96024190878461e+04 
1.81357470683547e-01 8.95294848354624e+04 
1.81575912312520e-01 8.94594582240606e+04 
1.81793868087571e-01 8.93917692686378e+04 
1.82012125881765e-01 8.93272450669708e+04 
1.82229997942444e-01 8.92652832038030e+04 
1.82448078956229e-01 8.92061586271500e+04 
1.82665873967623e-01 8.91497163081802e+04 
1.82883781651071e-01 8.90962455233508e+04 
1.83101502538501e-01 8.90457720096264e+04 
1.83319240709262e-01 8.89985115592323e+04 
1.83536890594924e-01 8.89544713743730e+04 
1.83754467718844e-01 8.89142283670618e+04 
1.83972053309064e-01 8.88774685272133e+04 
1.84189481954516e-01 8.88446687830150e+04 
1.84407015028293e-01 8.88162630939179e+04 
1.84624309737772e-01 8.87933596420273e+04 
1.84841807946010e-01 8.87750616040649e+04 
1.85058995612940e-01 8.87629500459965e+04 
1.85276462180272e-01 8.87582941746935e+04 
1.85493572385106e-01 8.87589322526509e+04 
1.85679250111881e-01 8.87668342852910e+04 
1.85864956283526e-01 8.87842629489489e+04 
1.86048169393725e-01 8.88091605879051e+04 
1.86232052714165e-01 8.88398571146826e+04 
1.86413962658982e-01 8.88790685511902e+04 
1.86596678379962e-01 8.89235363383493e+04 
1.86777668563495e-01 8.89681975919988e+04 
1.86959530083571e-01 8.90141069591561e+04 
1.87139821096874e-01 8.90623470412210e+04 
1.87321034315272e-01 8.91181209367344e+04 
1.87500786319012e-01 8.91812272523491e+04 
1.87681498984467e-01 8.92533833133806e+04 
1.87860826778224e-01 8.93373223419626e+04 
1.88041139757548e-01 8.94367828596771e+04 
1.88220118521448e-01 8.95465437304128e+04 
1.88400092853767e-01 8.96701241876177e+04 
1.88578763239093e-01 8.98028443568513e+04 
1.88758425744682e-01 8.99520621729725e+04 
1.88936797951324e-01 9.01085091540349e+04 
1.89116145094937e-01 9.02742167812273e+04 
1.89294201215559e-01 9.04483709565751e+04 
1.89473201324723e-01 9.06314534722054e+04 
1.89650898601420e-01 9.08218969245213e+04 
1.89846365605787e-01 9.10388558132209e+04 
1.90061379310591e-01 9.12879097301634e+04 
1.90279660161572e-01 9.15469399240280e+04 
1.90459340014825e-01 9.17617956552598e+04 
1.90638947949669e-01 9.19794053250267e+04 
1.90818546297693e-01 9.21952321475347e+04 
1.90997856900033e-01 9.24078574766890e+04 
1.91176899499993e-01 9.26155829938549e+04 
1.91373846359949e-01 9.28365500500555e+04 
1.91590487905900e-01 9.30694123402978e+04 
1.91809685943810e-01 9.32907231325075e+04 
1.92029154063270e-01 9.34977045621239e+04 
1.92248589615824e-01 9.36888416677021e+04 
1.92468071896610e-01 9.38600653070699e+04 
1.92687577216991e-01 9.40183680706393e+04 
1.92907059267817e-01 9.41560558489099e+04 
1.93126541180017e-01 9.42738891263302e+04 
1.93345935475268e-01 9.43693136358158e+04 
1.93565286385709e-01 9.44563399227551e+04 
1.93784493547817e-01 9.45387731665005e+04 
1.94003624779461e-01 9.46089731185656e+04 
1.94222576343781e-01 9.46635735166809e+04 
1.94441398464428e-01 9.47075399850818e+04 
1.94660067477006e-01 9.47431240297395e+04 
1.94878702716128e-01 9.47731024759462e+04 
1.95097232354252e-01 9.47946653125210e+04 
1.95315746142812e-01 9.48133969936489e+04 
1.95534229816558e-01 9.48360352340786e+04 
1.95752654434865e-01 9.48549151535908e+04 
1.95971117329531e-01 9.48751169704560e+04 
1.96189558553933e-01 9.48953371631518e+04 
1.96408068447149e-01 9.49157609725679e+04 
1.96626616993860e-01 9.49375923934099e+04 
1.96845228232036e-01 9.49596047108760e+04 
1.97063894613738e-01 9.49813598629639e+04 
1.97282643809705e-01 9.50023997759760e+04 
1.97501459588602e-01 9.50224409096398e+04 
1.97720368290398e-01 9.50416683267021e+04 
1.97939351681849e-01 9.50592168639101e+04 
1.98158430790116e-01 9.50752776650302e+04 
1.98377584243674e-01 9.50897761331574e+04 
1.98596828331044e-01 9.51032257461487e+04 
1.98816143252835e-01 9.51156125274321e+04 
1.99035538805014e-01 9.51269035223578e+04 
1.99254999301399e-01 9.51371466502838e+04 
1.99474526456890e-01 9.51463716168706e+04 
1.99694110293111e-01 9.51547720230202e+04 
1.99913746628072e-01 9.51623226060553e+04 
2.00133431163958e-01 9.51691941135091e+04 
