# Liste des scalaires : TEMPS pmat 
0.00000000000000e+00 1.00000000000000e+05 
7.22956891292051e-05 1.00000000000000e+05 
1.39473830159779e-04 1.00000000000000e+05 
2.09658797050072e-04 1.00000000000000e+05 
2.76117114236750e-04 1.00000000000000e+05 
3.20638761908157e-04 1.00000000000000e+05 
3.55139419127712e-04 1.00000000000000e+05 
3.84466703006996e-04 1.00000000000000e+05 
4.10882456555401e-04 1.00000000000000e+05 
4.35440253196380e-04 1.00000000000000e+05 
4.62453829501457e-04 1.00000000000000e+05 
4.92168763437042e-04 1.00000000000000e+05 
5.24855190766186e-04 1.00000000000000e+05 
5.60810260828244e-04 1.00000000000000e+05 
6.00360837896507e-04 1.00000000000000e+05 
6.43866472671597e-04 1.00000000000000e+05 
6.91722670924197e-04 1.00000000000000e+05 
7.44364489002056e-04 1.00000000000000e+05 
8.02270488887701e-04 1.00000000000000e+05 
8.65967088761910e-04 1.00000000000000e+05 
9.36033348623540e-04 1.00000000000000e+05 
1.01310623447133e-03 1.00000000000000e+05 
1.09788640890391e-03 1.00000000000000e+05 
1.19114460077974e-03 1.00000000000000e+05 
1.28874595968006e-03 1.00000000000000e+05 
1.39427742078101e-03 1.00000000000000e+05 
1.50221628787638e-03 1.00000000000000e+05 
1.61553425737496e-03 1.00000000000000e+05 
1.73456635004564e-03 1.00000000000000e+05 
1.85727656859826e-03 1.00000000000000e+05 
1.98543918675819e-03 1.00000000000000e+05 
2.11708942092524e-03 1.00000000000000e+05 
2.25276434208636e-03 1.00000000000000e+05 
2.39498247007251e-03 1.00000000000000e+05 
2.54210498631055e-03 1.00000000000000e+05 
2.69376086153848e-03 1.00000000000000e+05 
2.84923863990153e-03 1.00000000000000e+05 
3.00861719751210e-03 1.00000000000000e+05 
3.17425324389073e-03 1.00000000000000e+05 
3.34502392240024e-03 1.00000000000000e+05 
3.52133598263648e-03 1.00000000000000e+05 
3.70321832988888e-03 1.00000000000000e+05 
3.89062613813834e-03 1.00000000000000e+05 
4.07997825389757e-03 1.00000000000000e+05 
4.27481395980986e-03 1.00000000000000e+05 
4.47012738761244e-03 1.00000000000000e+05 
4.66611161355355e-03 1.00000000000000e+05 
4.86287380487371e-03 1.00000000000000e+05 
5.06024206139265e-03 1.00000000000000e+05 
5.25957684721206e-03 1.00000000000000e+05 
5.46029994932065e-03 1.00000000000000e+05 
5.66435223740606e-03 1.00000000000000e+05 
5.87060857126649e-03 1.00000000000000e+05 
6.07908564461382e-03 1.00000000000000e+05 
6.29055376181163e-03 1.00000000000000e+05 
6.50487352610164e-03 1.00000000000000e+05 
6.72235173590031e-03 1.00000000000000e+05 
6.94364478411158e-03 1.00000000000000e+05 
7.16885879970980e-03 1.00000000000000e+05 
7.39802832452097e-03 1.00000000000000e+05 
7.63109152158749e-03 1.00000000000000e+05 
7.86294648903471e-03 1.00000000000000e+05 
8.08641019096253e-03 1.00000000000000e+05 
8.30392878043753e-03 1.00000000000000e+05 
8.51406705968455e-03 1.00000000000000e+05 
8.71977809472097e-03 1.00000000000000e+05 
8.92088462305154e-03 1.00000000000000e+05 
9.11784062242765e-03 1.00000000000000e+05 
9.31093181897458e-03 1.00000000000000e+05 
9.50042161487745e-03 1.00000000000000e+05 
9.68425677177449e-03 1.00000000000000e+05 
9.86349715077483e-03 1.00000000000000e+05 
1.00394211249375e-02 1.00000000000000e+05 
1.02087145652169e-02 1.00000000000000e+05 
1.03749684672029e-02 1.00000000000000e+05 
1.05376893412285e-02 1.00000000000000e+05 
1.06992673584832e-02 1.00000000000000e+05 
1.08587658513811e-02 1.00000000000000e+05 
1.10180885835267e-02 1.00000000000000e+05 
1.11762653568548e-02 1.00000000000000e+05 
1.13349429296521e-02 1.00000000000000e+05 
1.14933355277432e-02 1.00000000000000e+05 
1.16529114698571e-02 1.00000000000000e+05 
1.18131648334176e-02 1.00000000000000e+05 
1.19754760025116e-02 1.00000000000000e+05 
1.21395690056177e-02 1.00000000000000e+05 
1.23067100905336e-02 1.00000000000000e+05 
1.24749896971480e-02 1.00000000000000e+05 
1.26451173325166e-02 1.00000000000000e+05 
1.28171198377741e-02 1.00000000000000e+05 
1.29918650492366e-02 1.00000000000000e+05 
1.31692781696700e-02 1.00000000000000e+05 
1.33501644944821e-02 1.00000000000000e+05 
1.35343395455470e-02 1.00000000000000e+05 
1.37225446072345e-02 1.00000000000000e+05 
1.39143742564469e-02 1.00000000000000e+05 
1.41106047958241e-02 1.00000000000000e+05 
1.43107140437942e-02 1.00000000000000e+05 
1.45154059130109e-02 1.00000000000000e+05 
1.47240334482427e-02 1.00000000000000e+05 
1.49372275284587e-02 1.00000000000000e+05 
1.51536176473973e-02 1.00000000000000e+05 
1.53732954923485e-02 1.00000000000000e+05 
1.55956985324921e-02 1.00000000000000e+05 
1.58211338899769e-02 1.00000000000000e+05 
1.60489460149765e-02 1.00000000000000e+05 
1.62794389980897e-02 1.00000000000000e+05 
1.65119114900444e-02 1.00000000000000e+05 
1.67466914413506e-02 1.00000000000000e+05 
1.69830663897908e-02 1.00000000000000e+05 
1.72214090451407e-02 1.00000000000000e+05 
1.74610102614819e-02 1.00000000000000e+05 
1.77022905116655e-02 1.00000000000000e+05 
1.79445471220888e-02 1.00000000000000e+05 
1.81882533348465e-02 1.00000000000000e+05 
1.84327249725471e-02 1.00000000000000e+05 
1.86785036546189e-02 1.00000000000000e+05 
1.89249306985767e-02 1.00000000000000e+05 
1.91726206368261e-02 1.00000000000000e+05 
1.94209392222266e-02 1.00000000000000e+05 
1.96705631384429e-02 1.00000000000000e+05 
1.99208751541716e-02 1.00000000000000e+05 
2.01725976060789e-02 1.00000000000000e+05 
2.04251180066935e-02 1.00000000000000e+05 
2.06791816491614e-02 1.00000000000000e+05 
2.09341631602713e-02 1.00000000000000e+05 
2.11908076702431e-02 1.00000000000000e+05 
2.14484576619357e-02 1.00000000000000e+05 
2.17078432312169e-02 1.00000000000000e+05 
2.19681642547947e-02 1.00000000000000e+05 
2.22297468838623e-02 1.00000000000000e+05 
2.24919838076705e-02 1.00000000000000e+05 
2.27555300628144e-02 1.00000000000000e+05 
2.30197557933867e-02 1.00000000000000e+05 
2.32853041020857e-02 1.00000000000000e+05 
2.35515175453701e-02 1.00000000000000e+05 
2.38190280024257e-02 1.00000000000000e+05 
2.40871640444566e-02 1.00000000000000e+05 
2.43565530214259e-02 1.00000000000000e+05 
2.46265001965929e-02 1.00000000000000e+05 
2.48976194661529e-02 1.00000000000000e+05 
2.51691814818001e-02 1.00000000000000e+05 
2.54417744126619e-02 1.00000000000000e+05 
2.57146303394979e-02 1.00000000000000e+05 
2.59883099562952e-02 1.00000000000000e+05 
2.62620164432980e-02 1.00000000000000e+05 
2.65363049740709e-02 1.00000000000000e+05 
2.68102630851403e-02 1.00000000000000e+05 
2.70844593633490e-02 1.00000000000000e+05 
2.73582122340497e-02 1.00000000000000e+05 
2.76322530302324e-02 1.00000000000000e+05 
2.79060191365582e-02 1.00000000000000e+05 
2.81803027818907e-02 1.00000000000000e+05 
2.84545996247302e-02 1.00000000000000e+05 
2.87297101507435e-02 1.00000000000000e+05 
2.90051132730795e-02 1.00000000000000e+05 
2.92815763534175e-02 1.00000000000000e+05 
2.95585388999475e-02 1.00000000000000e+05 
2.98367195000639e-02 1.00000000000000e+05 
3.01155128434026e-02 1.00000000000000e+05 
3.03955855428899e-02 1.00000000000000e+05 
3.06763118404093e-02 1.00000000000000e+05 
3.09583266347910e-02 1.00000000000000e+05 
3.12409992410870e-02 1.00000000000000e+05 
3.15249552598389e-02 1.00000000000000e+05 
3.18095709879115e-02 1.00000000000000e+05 
3.20954828932707e-02 1.00000000000000e+05 
3.23820738763458e-02 1.00000000000000e+05 
3.26699894508640e-02 1.00000000000000e+05 
3.29586279554340e-02 1.00000000000000e+05 
3.32476617558225e-02 1.00000000000000e+05 
3.35373466460925e-02 1.00000000000000e+05 
3.38270844115779e-02 1.00000000000000e+05 
3.41174708925208e-02 1.00000000000000e+05 
3.44079098046410e-02 1.00000000000000e+05 
3.46989949492983e-02 1.00000000000000e+05 
3.49900907217194e-02 1.00000000000000e+05 
3.52817976215628e-02 1.00000000000000e+05 
3.55734692134281e-02 1.00000000000000e+05 
3.58657238465805e-02 1.00000000000000e+05 
3.61579141142425e-02 1.00000000000000e+05 
3.64506633660048e-02 1.00000000000000e+05 
3.67433302027446e-02 1.00000000000000e+05 
3.70365351782466e-02 1.00000000000000e+05 
3.73296390440966e-02 1.00000000000000e+05 
3.76232641192357e-02 1.00000000000000e+05 
3.79167818619218e-02 1.00000000000000e+05 
3.82108311488241e-02 1.00000000000000e+05 
3.85048086229364e-02 1.00000000000000e+05 
3.87993465889021e-02 1.00000000000000e+05 
3.90938558395676e-02 1.00000000000000e+05 
3.93889657901460e-02 1.00000000000000e+05 
3.96841585382218e-02 1.00000000000000e+05 
3.99800098666440e-02 1.00000000000000e+05 
4.02760489468070e-02 1.00000000000000e+05 
4.05727348938648e-02 1.00000000000000e+05 
4.08696449207963e-02 1.00000000000000e+05 
4.11671478068094e-02 1.00000000000000e+05 
4.14645782557509e-02 1.00000000000000e+05 
4.17624113315699e-02 1.00000000000000e+05 
4.20602031568757e-02 1.00000000000000e+05 
4.23584000783501e-02 1.00000000000000e+05 
4.26565604965485e-02 1.00000000000000e+05 
4.29551230878356e-02 1.00000000000000e+05 
4.32536599166298e-02 1.00000000000000e+05 
4.35525857862952e-02 1.00000000000000e+05 
4.38515173150571e-02 1.00000000000000e+05 
4.41508180961741e-02 1.00000000000000e+05 
4.44501471373437e-02 1.00000000000000e+05 
4.47498161847510e-02 1.00000000000000e+05 
4.50495236474330e-02 1.00000000000000e+05 
4.53495261348880e-02 1.00000000000000e+05 
4.56495595945409e-02 1.00000000000000e+05 
4.59498368483157e-02 1.00000000000000e+05 
4.62499343379697e-02 1.00000000000000e+05 
4.65501004153358e-02 1.00000000000000e+05 
4.68499696337358e-02 1.00000000000000e+05 
4.71498938605970e-02 1.00000000000000e+05 
4.74494982283668e-02 1.00000000000000e+05 
4.77491625048841e-02 1.00000000000000e+05 
4.80485049478341e-02 1.00000000000000e+05 
4.83479233526937e-02 1.00000000000000e+05 
4.86470412842181e-02 1.00000000000000e+05 
4.89462611470546e-02 1.00000000000000e+05 
4.92452301693508e-02 1.00000000000000e+05 
4.95443432675876e-02 1.00000000000000e+05 
4.98432580136387e-02 1.00000000000000e+05 
5.01423474118362e-02 1.00000000000000e+05 
5.04412899979152e-02 1.00000000000000e+05 
5.07404541595471e-02 1.00000000000000e+05 
5.10395354035447e-02 1.00000000000000e+05 
5.13388869046360e-02 1.00000000000000e+05 
5.16382300472566e-02 1.00000000000000e+05 
5.19378927244843e-02 1.00000000000000e+05 
5.22376091446523e-02 1.00000000000000e+05 
5.25376770289947e-02 1.00000000000000e+05 
5.28378368433945e-02 1.00000000000000e+05 
5.31383553961514e-02 1.00000000000000e+05 
5.34389865768073e-02 1.00000000000000e+05 
5.37399775100499e-02 1.00000000000000e+05 
5.40410958345918e-02 1.00000000000000e+05 
5.43425706551806e-02 1.00000000000000e+05 
5.46441784779207e-02 1.00000000000000e+05 
5.49461290893093e-02 1.00000000000000e+05 
5.52482059939917e-02 1.00000000000000e+05 
5.55506050000500e-02 1.00000000000000e+05 
5.58531464997045e-02 1.00000000000000e+05 
5.61559877965966e-02 1.00000000000000e+05 
5.64589627330903e-02 1.00000000000000e+05 
5.67621532216424e-02 1.00000000000000e+05 
5.70654088690177e-02 1.00000000000000e+05 
5.73688146100729e-02 1.00000000000000e+05 
5.76722132442742e-02 1.00000000000000e+05 
5.79757264499081e-02 1.00000000000000e+05 
5.82791977518208e-02 1.00000000000000e+05 
5.85828069768828e-02 1.00000000000000e+05 
5.88863867371997e-02 1.00000000000000e+05 
5.91899230676678e-02 1.00000000000000e+05 
5.94933336988598e-02 1.00000000000000e+05 
5.97965437145251e-02 1.00000000000000e+05 
6.00995991758993e-02 1.00000000000000e+05 
6.04023695512395e-02 1.00000000000000e+05 
6.07050176166283e-02 1.00000000000000e+05 
6.10071348657274e-02 1.00000000000000e+05 
6.13091386062587e-02 1.00000000000000e+05 
6.16106130801228e-02 1.00000000000000e+05 
6.19119933637553e-02 1.00000000000000e+05 
6.22128623978904e-02 1.00000000000000e+05 
6.25136671323911e-02 1.00000000000000e+05 
6.28139967735313e-02 1.00000000000000e+05 
6.31143025182525e-02 1.00000000000000e+05 
6.34141766320174e-02 1.00000000000000e+05 
6.37140694587339e-02 1.00000000000000e+05 
6.40135784213455e-02 1.00000000000000e+05 
6.43130734632686e-02 1.00000000000000e+05 
6.46121250864575e-02 1.00000000000000e+05 
6.49111226162099e-02 1.00000000000000e+05 
6.52097410397557e-02 1.00000000000000e+05 
6.55083343129282e-02 1.00000000000000e+05 
6.58066102421462e-02 1.00000000000000e+05 
6.61049022691640e-02 1.00000000000000e+05 
6.64029235557385e-02 1.00000000000000e+05 
6.67010014070421e-02 1.00000000000000e+05 
6.69988472399352e-02 1.00000000000000e+05 
6.72967871246929e-02 1.00000000000000e+05 
6.75945257772712e-02 1.00000000000000e+05 
6.78923867487067e-02 1.00000000000000e+05 
6.81900654674747e-02 1.00000000000000e+05 
6.84878041956027e-02 1.00000000000000e+05 
6.87855239898388e-02 1.00000000000000e+05 
6.90830488217114e-02 1.00000000000000e+05 
6.93806050319284e-02 1.00000000000000e+05 
6.96779699095619e-02 1.00000000000000e+05 
6.99753923686219e-02 1.00000000000000e+05 
7.02726889250731e-02 1.00000000000000e+05 
7.05700593133737e-02 1.00000000000000e+05 
7.08673424709592e-02 1.00000000000000e+05 
7.11646932742036e-02 1.00000000000000e+05 
7.14619709579064e-02 1.00000000000000e+05 
7.17592947331057e-02 1.00000000000000e+05 
7.20565552992933e-02 1.00000000000000e+05 
7.23538472432631e-02 1.00000000000000e+05 
7.26510949154436e-02 1.00000000000000e+05 
7.29483762670813e-02 1.00000000000000e+05 
7.32456455807656e-02 1.00000000000000e+05 
7.35429270775636e-02 1.00000000000000e+05 
7.38402657857211e-02 1.00000000000000e+05 
7.41376202208684e-02 1.00000000000000e+05 
7.44350607210205e-02 1.00000000000000e+05 
7.47325171031731e-02 1.00000000000000e+05 
7.50299491850997e-02 1.00000000000000e+05 
7.53275402208298e-02 1.00000000000000e+05 
7.56249222647487e-02 1.00000000000000e+05 
7.59225696873907e-02 1.00000000000000e+05 
7.62199272365554e-02 1.00000000000000e+05 
7.65175320206042e-02 1.00000000000000e+05 
7.68149249369671e-02 1.00000000000000e+05 
7.71125682908770e-02 1.00000000000000e+05 
7.74099856156891e-02 1.00000000000000e+05 
7.77075932032030e-02 1.00000000000000e+05 
7.80049857692004e-02 1.00000000000000e+05 
7.83025513096304e-02 1.00000000000000e+05 
7.85999323884719e-02 1.00000000000000e+05 
7.88974737538732e-02 1.00000000000000e+05 
7.91948560891093e-02 1.00000000000000e+05 
7.94923764283059e-02 1.00000000000000e+05 
7.97897259761107e-02 1.00000000000000e+05 
8.00872020252029e-02 1.00000000000000e+05 
8.03845053609607e-02 1.00000000000000e+05 
8.06819304066580e-02 1.00000000000000e+05 
8.09792091558553e-02 1.00000000000000e+05 
8.12766344072984e-02 1.00000000000000e+05 
8.15739705373838e-02 1.00000000000000e+05 
8.18715303236945e-02 1.00000000000000e+05 
8.21688811943251e-02 1.00000000000000e+05 
8.24665620755186e-02 1.00000000000000e+05 
8.27640303121591e-02 1.00000000000000e+05 
8.30619967262839e-02 1.00000000000000e+05 
8.33597858264008e-02 1.00000000000000e+05 
8.36581360694904e-02 1.00000000000000e+05 
8.39564124799770e-02 1.00000000000000e+05 
8.42550140207027e-02 1.00000000000000e+05 
8.45534822012091e-02 1.00000000000000e+05 
8.48521373958355e-02 1.00000000000000e+05 
8.51506303703183e-02 1.00000000000000e+05 
8.54492412783878e-02 1.00000000000000e+05 
8.57477120930949e-02 1.00000000000000e+05 
8.60463119557882e-02 1.00000000000000e+05 
8.63448303099038e-02 1.00000000000000e+05 
8.66435091907317e-02 1.00000000000000e+05 
8.69421514935963e-02 1.00000000000000e+05 
8.72409801520102e-02 1.00000000000000e+05 
8.75397875825844e-02 1.00000000000000e+05 
8.78387614749153e-02 1.00000000000000e+05 
8.81374513382791e-02 1.00000000000000e+05 
8.84363942779308e-02 1.00000000000000e+05 
8.87350285777136e-02 1.00000000000000e+05 
8.90339998234874e-02 1.00000000000000e+05 
8.93327030937208e-02 1.00000000000000e+05 
8.96317939109376e-02 1.00000000000000e+05 
8.99306755556358e-02 1.00000000000000e+05 
9.02299761247920e-02 1.00000000000000e+05 
9.05291127137654e-02 1.00000000000000e+05 
9.08286802629466e-02 1.00000000000000e+05 
9.11280908178721e-02 1.00000000000000e+05 
9.14277723634966e-02 1.00000000000000e+05 
9.17272924031541e-02 1.00000000000000e+05 
9.20270016190744e-02 1.00000000000000e+05 
9.23269077050179e-02 1.00000000000000e+05 
9.26271962375263e-02 1.00000000000000e+05 
9.29272681862228e-02 1.00000000000000e+05 
9.32276814596453e-02 1.00000000000000e+05 
9.35278382926852e-02 1.00000000000000e+05 
9.38282675320804e-02 1.00000000000000e+05 
9.41284327807224e-02 1.00000000000000e+05 
9.44288077159840e-02 1.00000000000000e+05 
9.47289217935620e-02 1.00000000000000e+05 
9.50291762990016e-02 1.00000000000000e+05 
9.53291508212296e-02 1.00000000000000e+05 
9.56289070476705e-02 1.00000000000000e+05 
9.59273120474085e-02 1.00000000000000e+05 
9.62250681512439e-02 1.00000000000000e+05 
9.65214482112960e-02 1.00000000000000e+05 
9.68172445204471e-02 1.00000000000000e+05 
9.71130204420240e-02 1.00000000000000e+05 
9.74080632042165e-02 1.00000000000000e+05 
9.75687334947272e-02 1.00000000000000e+05 
9.77293430801371e-02 1.00000000000000e+05 
9.78899085431772e-02 1.00000000000000e+05 
9.80504310024874e-02 1.00000000000000e+05 
9.82109383368779e-02 1.00000000000000e+05 
9.83714349872919e-02 1.00000000000000e+05 
9.85319511623130e-02 1.00000000000000e+05 
9.86924910421253e-02 1.00000000000000e+05 
9.88530856732651e-02 1.00000000000000e+05 
9.90137397063601e-02 1.00000000000000e+05 
9.91744831866417e-02 1.00000000000000e+05 
9.93353214318721e-02 1.00000000000000e+05 
9.94962815210037e-02 1.00000000000000e+05 
9.96573698961273e-02 1.00000000000000e+05 
9.98186089474228e-02 1.00000000000000e+05 
9.99800068038532e-02 1.00000000000000e+05 
1.00141556077974e-01 1.00000000000000e+05 
1.00303279456898e-01 1.00000000000000e+05 
1.00465167979933e-01 1.00000000000000e+05 
1.00627241924711e-01 1.00000000000000e+05 
1.00789495435069e-01 1.00000000000000e+05 
1.00951940977434e-01 1.00000000000000e+05 
1.01114575363099e-01 1.00000000000000e+05 
1.01277403291242e-01 1.00000000000000e+05 
1.01440425127378e-01 1.00000000000000e+05 
1.01603638054957e-01 1.00000000000000e+05 
1.01767046310226e-01 1.00000000000000e+05 
1.01930676389148e-01 1.00000000000000e+05 
1.02094573796335e-01 1.00000000000000e+05 
1.02258768474459e-01 1.00000000000000e+05 
1.02423334894193e-01 1.00000000000000e+05 
1.02588305880229e-01 1.00000000000000e+05 
1.02740404819720e-01 1.00000000000000e+05 
1.02892595632221e-01 1.00000000000000e+05 
1.03044702247140e-01 1.00000000000000e+05 
1.03196916451553e-01 1.00000000000000e+05 
1.03349027866628e-01 1.00000000000000e+05 
1.03501276181033e-01 1.00000000000000e+05 
1.03653398859447e-01 1.00000000000000e+05 
1.03805692691489e-01 1.00000000000000e+05 
1.03957832417162e-01 1.00000000000000e+05 
1.04110183831108e-01 1.00000000000000e+05 
1.04262351340864e-01 1.00000000000000e+05 
1.04414774761985e-01 1.00000000000000e+05 
1.04566985897665e-01 1.00000000000000e+05 
1.04719497454736e-01 1.00000000000000e+05 
1.04870799819497e-01 1.00000000000000e+05 
1.05023514075899e-01 1.00000000000000e+05 
1.05174637717581e-01 1.00000000000000e+05 
1.05326861036109e-01 1.00000000000000e+05 
1.05477652186595e-01 1.00000000000000e+05 
1.05629375452532e-01 1.00000000000000e+05 
1.05780023045881e-01 1.00000000000000e+05 
1.05931455119521e-01 1.00000000000000e+05 
1.06082225395423e-01 1.00000000000000e+05 
1.06233605434727e-01 1.00000000000000e+05 
1.06384627378704e-01 1.00000000000000e+05 
1.06536121577020e-01 1.00000000000000e+05 
1.06687421015708e-01 1.00000000000000e+05 
1.06839119567630e-01 1.00000000000000e+05 
1.06990684473720e-01 1.00000000000000e+05 
1.07142616447484e-01 1.00000000000000e+05 
1.07294413244640e-01 1.00000000000000e+05 
1.07446565500470e-01 1.00000000000000e+05 
1.07598549306007e-01 1.00000000000000e+05 
1.07750884911290e-01 1.00000000000000e+05 
1.07903008268014e-01 1.00000000000000e+05 
1.08055481209670e-01 1.00000000000000e+05 
1.08207701135773e-01 1.00000000000000e+05 
1.08360266343377e-01 1.00000000000000e+05 
1.08512547452779e-01 1.00000000000000e+05 
1.08665166122211e-01 1.00000000000000e+05 
1.08817480555446e-01 1.00000000000000e+05 
1.08970121849097e-01 1.00000000000000e+05 
1.09122449660226e-01 1.00000000000000e+05 
1.09275090539492e-01 1.00000000000000e+05 
1.09427414708089e-01 1.00000000000000e+05 
1.09580036870098e-01 1.00000000000000e+05 
1.09732139076665e-01 1.00000000000000e+05 
1.09884408294167e-01 1.00000000000000e+05 
1.10036096876531e-01 1.00000000000000e+05 
1.10187958612027e-01 1.00000000000000e+05 
1.10339419893571e-01 1.00000000000000e+05 
1.10491064827113e-01 1.00000000000000e+05 
1.10642410248262e-01 1.00000000000000e+05 
1.10793961678281e-01 1.00000000000000e+05 
1.10945251029790e-01 1.00000000000000e+05 
1.11096773272178e-01 1.00000000000000e+05 
1.11247545478180e-01 1.00000000000000e+05 
1.11398296018525e-01 1.00000000000000e+05 
1.11549049696087e-01 1.00000000000000e+05 
1.11698079416650e-01 1.00000000000000e+05 
1.11847694254104e-01 1.00000000000000e+05 
1.11995657820851e-01 1.00000000000000e+05 
1.12144262488756e-01 1.00000000000000e+05 
1.12291186486117e-01 1.00000000000000e+05 
1.12438916055426e-01 1.00000000000000e+05 
1.12586078492671e-01 1.00000000000000e+05 
1.12732867778005e-01 1.00000000000000e+05 
1.12879232658881e-01 1.00000000000000e+05 
1.13025338707411e-01 1.00000000000000e+05 
1.13171041038634e-01 1.00000000000000e+05 
1.13315826422387e-01 1.00000000000000e+05 
1.13461702492034e-01 1.00000000000000e+05 
1.13604707206353e-01 1.00000000000000e+05 
1.13749156027302e-01 1.00000000000000e+05 
1.13890808028628e-01 1.00000000000000e+05 
1.14033863462864e-01 1.00000000000000e+05 
1.14174699202949e-01 1.00000000000000e+05 
1.14316757087252e-01 1.00000000000000e+05 
1.14457836343303e-01 1.00000000000000e+05 
1.14599683329518e-01 1.00000000000000e+05 
1.14741704608908e-01 1.00000000000000e+05 
1.14884041031700e-01 1.00000000000000e+05 
1.15027330024918e-01 1.00000000000000e+05 
1.15170566109589e-01 1.00000000000000e+05 
1.15315250142750e-01 1.00000000000000e+05 
1.15459569257305e-01 1.00000000000000e+05 
1.15605586659194e-01 1.00000000000000e+05 
1.15750999412245e-01 1.00000000000000e+05 
1.15898288982517e-01 1.00000000000000e+05 
1.16044763729274e-01 1.00000000000000e+05 
1.16193143972380e-01 1.00000000000000e+05 
1.16340567095263e-01 1.00000000000000e+05 
1.16489766697495e-01 1.00000000000000e+05 
1.16637955007700e-01 1.00000000000000e+05 
1.16787702244024e-01 1.00000000000000e+05 
1.16936452169461e-01 1.00000000000000e+05 
1.17086527104938e-01 1.00000000000000e+05 
1.17235661280703e-01 1.00000000000000e+05 
1.17386009354917e-01 1.00000000000000e+05 
1.17535450074165e-01 1.00000000000000e+05 
1.17685918485232e-01 1.00000000000000e+05 
1.17835549683467e-01 1.00000000000000e+05 
1.17986026382293e-01 1.00000000000000e+05 
1.18135753234886e-01 1.00000000000000e+05 
1.18286181836311e-01 1.00000000000000e+05 
1.18435939846323e-01 1.00000000000000e+05 
1.18586308210083e-01 1.00000000000000e+05 
1.18736067464850e-01 1.00000000000000e+05 
1.18886383795113e-01 1.00000000000000e+05 
1.19036134961140e-01 1.00000000000000e+05 
1.19186403279619e-01 1.00000000000000e+05 
1.19336159052015e-01 1.00000000000000e+05 
1.19486399682157e-01 1.00000000000000e+05 
1.19636173751696e-01 1.00000000000000e+05 
1.19786412651383e-01 1.00000000000000e+05 
1.19936220442263e-01 1.00000000000000e+05 
1.20086503836801e-01 1.00000000000000e+05 
1.20236059972368e-01 1.00000000000000e+05 
1.20386601259536e-01 1.00000000000000e+05 
1.20531531622712e-01 1.00000000000000e+05 
1.20676336018438e-01 1.00011042045092e+05 
1.20819487813336e-01 1.00098972676364e+05 
1.20963165349637e-01 1.00286715112254e+05 
1.21105280213627e-01 1.00591156235887e+05 
1.21248093687117e-01 1.01054455630421e+05 
1.21389532606822e-01 1.01680587680175e+05 
1.21531697921123e-01 1.02499169973117e+05 
1.21674269893376e-01 1.03491185416407e+05 
1.21816543812595e-01 1.04635737410608e+05 
1.21958857961071e-01 1.05940385175748e+05 
1.22100993058162e-01 1.07376083670130e+05 
1.22243224697906e-01 1.08929119783622e+05 
1.22385295130184e-01 1.10580066685992e+05 
1.22527519415860e-01 1.12308581308486e+05 
1.22669610992232e-01 1.14062564753760e+05 
1.22811975865757e-01 1.15793171895900e+05 
1.22954105725018e-01 1.17471961027365e+05 
1.23096650209821e-01 1.19051567924874e+05 
1.23237989747860e-01 1.20697628121976e+05 
1.23380059211902e-01 1.22100054454898e+05 
1.23521384440199e-01 1.23313696271309e+05 
1.23663288554779e-01 1.24250303076030e+05 
1.23803601735336e-01 1.24919344935429e+05 
1.23944775838613e-01 1.25396633065121e+05 
1.24084938195814e-01 1.25632151381203e+05 
1.24225720696135e-01 1.25580469199101e+05 
1.24366120858613e-01 1.25551818130003e+05 
1.24506976863068e-01 1.25528012135379e+05 
1.24647951473975e-01 1.25481230732898e+05 
1.24789125671068e-01 1.25432187298875e+05 
1.24931148241599e-01 1.25351744366260e+05 
1.25073096273109e-01 1.25257638355772e+05 
1.25215986467006e-01 1.25126199411850e+05 
1.25358699246091e-01 1.24964435971009e+05 
1.25502002026320e-01 1.24782715871170e+05 
1.25645440036037e-01 1.24582582102457e+05 
1.25789811415730e-01 1.24374946950990e+05 
1.25933873277548e-01 1.24156043234889e+05 
1.26078661083139e-01 1.23926884053786e+05 
1.26223158208493e-01 1.23694678631467e+05 
1.26368179907648e-01 1.23458325460659e+05 
1.26512937787473e-01 1.23222834256854e+05 
1.26657072378884e-01 1.22990631284334e+05 
1.26801355693493e-01 1.22762131478219e+05 
1.26945623019902e-01 1.22538708154699e+05 
1.27089783501026e-01 1.22321827094965e+05 
1.27234581073337e-01 1.22111704682118e+05 
1.27379073360172e-01 1.21910561289628e+05 
1.27524296435002e-01 1.21717052906119e+05 
1.27669158952467e-01 1.21532886274551e+05 
1.27814681510445e-01 1.21356682592481e+05 
1.27959833444271e-01 1.21189617176217e+05 
1.28105635676645e-01 1.21030128474694e+05 
1.28251047924604e-01 1.20879160342740e+05 
1.28396639829816e-01 1.20735619629964e+05 
1.28540998612317e-01 1.20600488980726e+05 
1.28685276188592e-01 1.20472074110524e+05 
1.28829335238385e-01 1.20350099144279e+05 
1.28973329300507e-01 1.20233860137122e+05 
1.29117110501361e-01 1.20123070859749e+05 
1.29260826991455e-01 1.20017047745263e+05 
1.29404308935512e-01 1.19915556810591e+05 
1.29547673703492e-01 1.19818003150845e+05 
1.29690752994517e-01 1.19724230203813e+05 
1.29833692133474e-01 1.19633699203349e+05 
1.29976301588062e-01 1.19546352451361e+05 
1.30118604090833e-01 1.19461764871180e+05 
1.30260539935077e-01 1.19379901079037e+05 
1.30402190645674e-01 1.19300419727322e+05 
1.30543576374475e-01 1.19223313291126e+05 
1.30685073231905e-01 1.19148136240496e+05 
1.30826809606006e-01 1.19074889752555e+05 
1.30969501140653e-01 1.19003035838016e+05 
1.31112969869451e-01 1.18932801310998e+05 
1.31257764132958e-01 1.18863809739187e+05 
1.31403623932121e-01 1.18796336147202e+05 
1.31551124603360e-01 1.18730021379629e+05 
1.31698263771046e-01 1.18665876824417e+05 
1.31847190208148e-01 1.18602877314141e+05 
1.31997794285970e-01 1.18541144697694e+05 
1.32148818907794e-01 1.18481190187093e+05 
1.32301791574694e-01 1.18422455639808e+05 
1.32452962102345e-01 1.18366218399261e+05 
1.32605679338157e-01 1.18311196291496e+05 
1.32757012212208e-01 1.18258256481190e+05 
1.32909653592092e-01 1.18206403228277e+05 
1.33061381425175e-01 1.18156230959731e+05 
1.33213406485517e-01 1.18107050323864e+05 
1.33365553050595e-01 1.18058643869199e+05 
1.33517297577077e-01 1.18011074077574e+05 
1.33669711263821e-01 1.17963610475155e+05 
1.33822060133876e-01 1.17916434494837e+05 
1.33974828558713e-01 1.17868928865514e+05 
1.34127803126747e-01 1.17821107617632e+05 
1.34281021222144e-01 1.17772569872713e+05 
1.34434822207265e-01 1.17722916205001e+05 
1.34588312689440e-01 1.17672035915174e+05 
1.34742319760994e-01 1.17619471771416e+05 
1.34896026497461e-01 1.17565162549619e+05 
1.35050178199188e-01 1.17508653040082e+05 
1.35204041863451e-01 1.17449912897977e+05 
1.35358280284994e-01 1.17388457362808e+05 
1.35512242145910e-01 1.17324302780322e+05 
1.35666516543164e-01 1.17257055340134e+05 
1.35820526833851e-01 1.17186803897422e+05 
1.35974795675038e-01 1.17113235501413e+05 
1.36128820478956e-01 1.17036448309873e+05 
1.36283051277061e-01 1.16956195565916e+05 
1.36437079048302e-01 1.16872615908303e+05 
1.36591247217686e-01 1.16785618139359e+05 
1.36745257707503e-01 1.16695313049736e+05 
1.36899343895175e-01 1.16601697451525e+05 
1.37053316254374e-01 1.16504789397322e+05 
1.37207304488673e-01 1.16404367948234e+05 
1.37361217187158e-01 1.16300561810985e+05 
1.37515094519718e-01 1.16193955384840e+05 
1.37668924864789e-01 1.16084728942992e+05 
1.37822681111168e-01 1.15972984760944e+05 
1.37976409446339e-01 1.15858649971565e+05 
1.38123024838177e-01 1.15747201306177e+05 
1.38276590718771e-01 1.15628101179360e+05 
1.38423283483662e-01 1.15512147505683e+05 
1.38576727934574e-01 1.15388226250035e+05 
1.38723483953237e-01 1.15267168514992e+05 
1.38875710571723e-01 1.15139326028420e+05 
1.39022524100375e-01 1.15013857143589e+05 
1.39173164527923e-01 1.14884922149195e+05 
1.39320031896476e-01 1.14766355094342e+05 
1.39473094641222e-01 1.14656674636775e+05 
1.39620039292358e-01 1.14564919649054e+05 
1.39772942671832e-01 1.14484957998472e+05 
1.39920149720933e-01 1.14428226338537e+05 
1.40072851544783e-01 1.14390601195759e+05 
1.40220378057756e-01 1.14380949931759e+05 
1.40369748583418e-01 1.14402006611003e+05 
1.40517644818104e-01 1.14443478713064e+05 
1.40667406441013e-01 1.14505471656503e+05 
1.40815620305818e-01 1.14588676058928e+05 
1.40965764538574e-01 1.14696427292507e+05 
1.41114299868843e-01 1.14826952363166e+05 
1.41264861884400e-01 1.14982304272859e+05 
1.41413751863719e-01 1.15158540532904e+05 
1.41565558858062e-01 1.15359799961246e+05 
1.41714766028678e-01 1.15577919160018e+05 
1.41866372400441e-01 1.15819109447044e+05 
1.42015941437651e-01 1.16078696134298e+05 
1.42167303929305e-01 1.16356947420120e+05 
1.42317236187920e-01 1.16644113897475e+05 
1.42468287868060e-01 1.16945396222460e+05 
1.42618665727906e-01 1.17254835779758e+05 
1.42769253190265e-01 1.17571158293674e+05 
1.42919610728663e-01 1.17892455129957e+05 
1.43066610966548e-01 1.18203119681999e+05 
1.43213402190390e-01 1.18517706296304e+05 
1.43361144579624e-01 1.18835024640456e+05 
1.43509052022639e-01 1.19147621196280e+05 
1.43658624234740e-01 1.19456808724379e+05 
1.43809101978728e-01 1.19755953615399e+05 
1.43961659814294e-01 1.20040367018056e+05 
1.44116765341990e-01 1.20308057397615e+05 
1.44271154023479e-01 1.20555522946028e+05 
1.44429154167058e-01 1.20786374152265e+05 
1.44586726723973e-01 1.20992848818454e+05 
1.44745080727162e-01 1.21174364395426e+05 
1.44902566982822e-01 1.21327814519504e+05 
1.45060689559502e-01 1.21459500130310e+05 
1.45218112844968e-01 1.21563716279476e+05 
1.45376544462102e-01 1.21640265833306e+05 
1.45534293939278e-01 1.21686633370682e+05 
1.45693355494434e-01 1.21703402913512e+05 
1.45851656541156e-01 1.21694807309363e+05 
1.46011384168576e-01 1.21684161180930e+05 
1.46170199842871e-01 1.21631619824225e+05 
1.46330608569767e-01 1.21542262630358e+05 
1.46489950186580e-01 1.21424164323738e+05 
1.46651090295232e-01 1.21279599117092e+05 
1.46810997450923e-01 1.21115914141912e+05 
1.46972982115570e-01 1.20923243116280e+05 
1.47133531946358e-01 1.20701013764417e+05 
1.47296550971611e-01 1.20477124154125e+05 
1.47457873005197e-01 1.20256616733936e+05 
1.47622209576462e-01 1.20033087407457e+05 
1.47784509134658e-01 1.19813000312390e+05 
1.47950434473209e-01 1.19588373351712e+05 
1.48114042705120e-01 1.19367205431984e+05 
1.48267531159547e-01 1.19158844996615e+05 
1.48420963884918e-01 1.18949960140781e+05 
1.48574015943576e-01 1.18740608882934e+05 
1.48727275391983e-01 1.18530802089195e+05 
1.48880659085357e-01 1.18320854582130e+05 
1.49035361676334e-01 1.18109286884245e+05 
1.49190596109737e-01 1.17897261705505e+05 
1.49347575459910e-01 1.17683264682372e+05 
1.49505108695520e-01 1.17469036396501e+05 
1.49662175086388e-01 1.17256192156620e+05 
1.49819596942789e-01 1.17043835020302e+05 
1.49979358611959e-01 1.16829517158932e+05 
1.50140862840049e-01 1.16614300718229e+05 
1.50305909598994e-01 1.16396129651068e+05 
1.50473964871042e-01 1.16176049082270e+05 
1.50646224695035e-01 1.15952984995540e+05 
1.50821397735012e-01 1.15729207281826e+05 
1.50999929505306e-01 1.15504595259451e+05 
1.51180486589629e-01 1.15281489386895e+05 
1.51363737716284e-01 1.15059620961258e+05 
1.51548685001350e-01 1.14841226716258e+05 
1.51736220288245e-01 1.14625977810347e+05 
1.51925494868266e-01 1.14413761297842e+05 
1.52117161299187e-01 1.14208547060277e+05 
1.52309703030931e-01 1.14009912022423e+05 
1.52505309788253e-01 1.13817351890689e+05 
1.52700058763553e-01 1.13637008870036e+05 
1.52899020270038e-01 1.13464699104795e+05 
1.53095987814165e-01 1.13303027499506e+05 
1.53297016905203e-01 1.13136637286219e+05 
1.53496150796971e-01 1.12989749327570e+05 
1.53662913645091e-01 1.12879748831312e+05 
1.53829621362330e-01 1.12780421164214e+05 
1.53996196887385e-01 1.12690759865483e+05 
1.54162750212158e-01 1.12611035318173e+05 
1.54329179444148e-01 1.12550573657907e+05 
1.54495592098467e-01 1.12491600909982e+05 
1.54661891533230e-01 1.12434144080013e+05 
1.54828181587368e-01 1.12378625291638e+05 
1.54994370198524e-01 1.12325723781289e+05 
1.55160555173975e-01 1.12279190734893e+05 
1.55326650663735e-01 1.12239007674777e+05 
1.55492745875731e-01 1.12207007419018e+05 
1.55658756354158e-01 1.12184645432177e+05 
1.55824892380747e-01 1.12172587202901e+05 
1.55991101558572e-01 1.12172102344158e+05 
1.56157534189067e-01 1.12181104841679e+05 
1.56324132713158e-01 1.12199031868628e+05 
1.56491016111338e-01 1.12224988551937e+05 
1.56658128544351e-01 1.12258612580679e+05 
1.56825561564820e-01 1.12299526016009e+05 
1.56993274156182e-01 1.12346965401978e+05 
1.57161349067056e-01 1.12400265834021e+05 
1.57329762651451e-01 1.12458992959833e+05 
1.57498592251921e-01 1.12522058429841e+05 
1.57667838174610e-01 1.12588833241501e+05 
1.57826325005367e-01 1.12653907537190e+05 
1.57984357479205e-01 1.12720649950107e+05 
1.58142498825669e-01 1.12788664323133e+05 
1.58301031547753e-01 1.12857512134355e+05 
1.58459266101017e-01 1.12926544134997e+05 
1.58617721449061e-01 1.12995357973807e+05 
1.58775964416228e-01 1.13064921101824e+05 
1.58934319132845e-01 1.13131519669774e+05 
1.59092717688335e-01 1.13194079911162e+05 
1.59249699884320e-01 1.13253970600271e+05 
1.59408104076244e-01 1.13311304349018e+05 
1.59566558503691e-01 1.13366347003942e+05 
1.59719342025551e-01 1.13418362362236e+05 
1.59873462575319e-01 1.13467121642334e+05 
1.60026138136346e-01 1.13509664374671e+05 
1.60180208925604e-01 1.13546981363802e+05 
1.60332882660856e-01 1.13578477510689e+05 
1.60486971420971e-01 1.13611981506804e+05 
1.60639691789393e-01 1.13633182318929e+05 
1.60793827756203e-01 1.13643764965007e+05 
1.60946593821713e-01 1.13645087568742e+05 
1.61100757271349e-01 1.13636305054713e+05 
1.61253536958998e-01 1.13618397629895e+05 
1.61407686994331e-01 1.13584021430940e+05 
1.61560438593708e-01 1.13543240705871e+05 
1.61714532028059e-01 1.13499940419133e+05 
1.61867216589304e-01 1.13453960707424e+05 
1.62021206605863e-01 1.13404147600830e+05 
1.62173564272236e-01 1.13349535040929e+05 
1.62327139605605e-01 1.13289311552561e+05 
1.62479055695798e-01 1.13223208963921e+05 
1.62632209387865e-01 1.13148504803195e+05 
1.62783747153056e-01 1.13066583076215e+05 
1.62936578107550e-01 1.12975188845094e+05 
1.63087837178292e-01 1.12877835726700e+05 
1.63240422418442e-01 1.12772571769651e+05 
1.63391475419225e-01 1.12661482058029e+05 
1.63543892770546e-01 1.12543115453957e+05 
1.63694794416980e-01 1.12419417152839e+05 
1.63847070774518e-01 1.12288380383391e+05 
1.63997865011784e-01 1.12152967732635e+05 
1.64150072783921e-01 1.12010485702112e+05 
1.64300797466797e-01 1.11864961338047e+05 
1.64452930626377e-01 1.11713414036827e+05 
1.64603550358000e-01 1.11559308034299e+05 
1.64755561567438e-01 1.11400691107982e+05 
1.64906030130869e-01 1.11240255267466e+05 
1.65057874627018e-01 1.11075605876347e+05 
1.65208157448250e-01 1.10910291103097e+05 
1.65359805684281e-01 1.10740695343140e+05 
1.65509884955408e-01 1.10570902401854e+05 
1.65661323902475e-01 1.10398246178522e+05 
1.65811196546043e-01 1.10226426521820e+05 
1.65962426209209e-01 1.10052430965519e+05 
1.66112098296692e-01 1.09879719877369e+05 
1.66263125579723e-01 1.09705230916751e+05 
1.66412607446159e-01 1.09532496876339e+05 
1.66563442272676e-01 1.09358406400418e+05 
1.66712744357059e-01 1.09186516948766e+05 
1.66863395899981e-01 1.09013687953717e+05 
1.67012527375276e-01 1.08843377912503e+05 
1.67163003545794e-01 1.08672458231075e+05 
1.67311972593694e-01 1.08504315377314e+05 
1.67462281137718e-01 1.08335834980115e+05 
1.67611095098422e-01 1.08170326709790e+05 
1.67761244226464e-01 1.08004734938933e+05 
1.67909912198280e-01 1.07842275867579e+05 
1.68059912450873e-01 1.07679953057844e+05 
1.68208446848211e-01 1.07520891657113e+05 
1.68358312108936e-01 1.07362166537552e+05 
1.68506823483025e-01 1.07206712411834e+05 
1.68656773050371e-01 1.07051676926553e+05 
1.68805402453195e-01 1.06900002900680e+05 
1.68955439785520e-01 1.06748974558442e+05 
1.69104168006312e-01 1.06601411086019e+05 
1.69254271284178e-01 1.06454711563831e+05 
1.69403001085261e-01 1.06311641338365e+05 
1.69561963668332e-01 1.06161316466488e+05 
1.69710856437121e-01 1.06023012545775e+05 
1.69869783912143e-01 1.05878128555411e+05 
1.70028624006507e-01 1.05736225044698e+05 
1.70187530582466e-01 1.05597227479668e+05 
1.70346335819238e-01 1.05461374437717e+05 
1.70505211956759e-01 1.05328590457274e+05 
1.70663987579491e-01 1.05199066650042e+05 
1.70822837704672e-01 1.05072630359093e+05 
1.70981589687270e-01 1.04949508477984e+05 
1.71140431283913e-01 1.04829457908551e+05 
1.71299188761150e-01 1.04712869490251e+05 
1.71458039924421e-01 1.04600243272968e+05 
1.71616807094278e-01 1.04489955076177e+05 
1.71775666663856e-01 1.04384742981480e+05 
1.71934437025138e-01 1.04284918415665e+05 
1.72093297108251e-01 1.04190371540386e+05 
1.72252066092377e-01 1.04100486818239e+05 
1.72410920866495e-01 1.04016330608055e+05 
1.72569685262982e-01 1.03934281330892e+05 
1.72728531206892e-01 1.03854827564139e+05 
1.72887288836030e-01 1.03778888181424e+05 
1.73046124282467e-01 1.03706749908760e+05 
1.73204874102639e-01 1.03638955279838e+05 
1.73363698961440e-01 1.03577048318704e+05 
1.73538406306122e-01 1.03513360932393e+05 
1.73730584385271e-01 1.03444906061040e+05 
1.73941980272336e-01 1.03379907165001e+05 
1.74159808218255e-01 1.03320264025497e+05 
1.74374890772321e-01 1.03269550550496e+05 
1.74592833667734e-01 1.03224471529091e+05 
1.74808446953148e-01 1.03184951595993e+05 
1.75026720075967e-01 1.03153094682162e+05 
1.75242874377623e-01 1.03122917825941e+05 
1.75461351311018e-01 1.03097899221070e+05 
1.75678011996726e-01 1.03073187280375e+05 
1.75896679003892e-01 1.03051967167822e+05 
1.76113802253817e-01 1.03031756093796e+05 
1.76332663185348e-01 1.03013864312196e+05 
1.76550193931882e-01 1.02997140908090e+05 
1.76769232662295e-01 1.02981673869489e+05 
1.76987045974806e-01 1.02967456425939e+05 
1.77206237178750e-01 1.02954041137621e+05 
1.77424036691428e-01 1.02941297427197e+05 
1.77643352832199e-01 1.02928559724754e+05 
1.77861127305479e-01 1.02915661990955e+05 
1.78080440149956e-01 1.02901970795703e+05 
1.78298199314251e-01 1.02887262964030e+05 
1.78517645281780e-01 1.02870924099485e+05 
1.78735386112880e-01 1.02852782318407e+05 
1.78954960771140e-01 1.02832096839161e+05 
1.79172693784549e-01 1.02808820189170e+05 
1.79392238023268e-01 1.02782379309104e+05 
1.79609974017574e-01 1.02752561102747e+05 
1.79829375737961e-01 1.02719315750985e+05 
1.80047134334216e-01 1.02682461283163e+05 
1.80266244563592e-01 1.02639697534669e+05 
1.80484055968582e-01 1.02592682752878e+05 
1.80702911300940e-01 1.02538420884346e+05 
1.80920811899571e-01 1.02481735367288e+05 
1.81139449416126e-01 1.02422802873342e+05 
1.81357470683547e-01 1.02360590668744e+05 
1.81575912312520e-01 1.02294468837730e+05 
1.81793868087571e-01 1.02224495516164e+05 
1.82012125881765e-01 1.02150334565811e+05 
1.82229997942444e-01 1.02072349197198e+05 
1.82448078956229e-01 1.01990261306262e+05 
1.82665873967623e-01 1.01904357417270e+05 
1.82883781651071e-01 1.01814456670558e+05 
1.83101502538501e-01 1.01720784817975e+05 
1.83319240709262e-01 1.01623262120697e+05 
1.83536890594924e-01 1.01522055100237e+05 
1.83754467718844e-01 1.01417191275058e+05 
1.83972053309064e-01 1.01308719086533e+05 
1.84189481954516e-01 1.01196784358151e+05 
1.84407015028293e-01 1.01081303287111e+05 
1.84624309737772e-01 1.00962542393054e+05 
1.84841807946010e-01 1.00840306330690e+05 
1.85058995612940e-01 1.00714980624961e+05 
1.85276462180272e-01 1.00586278254266e+05 
1.85493572385106e-01 1.00454680902193e+05 
1.85679250111881e-01 1.00339714251573e+05 
1.85864956283526e-01 1.00222572163195e+05 
1.86048169393725e-01 1.00104932641401e+05 
1.86232052714165e-01 9.99848508037455e+04 
1.86413962658982e-01 9.98641347942998e+04 
1.86596678379962e-01 9.97410705167655e+04 
1.86777668563495e-01 9.96173934292246e+04 
1.86959530083571e-01 9.94914152368008e+04 
1.87139821096874e-01 9.93649034801073e+04 
1.87321034315272e-01 9.92362065501397e+04 
1.87500786319012e-01 9.91070995321202e+04 
1.87681498984467e-01 9.89759557120963e+04 
1.87860826778224e-01 9.88445365292724e+04 
1.88041139757548e-01 9.87112544703448e+04 
1.88220118521448e-01 9.85779341147863e+04 
1.88400092853767e-01 9.84429638253964e+04 
1.88578763239093e-01 9.83081838226651e+04 
1.88758425744682e-01 9.81719997928640e+04 
1.88936797951324e-01 9.80362646593366e+04 
1.89116145094937e-01 9.78993992049402e+04 
1.89294201215559e-01 9.77632610293460e+04 
1.89473201324723e-01 9.76262891600472e+04 
1.89650898601420e-01 9.74903322412114e+04 
1.89846365605787e-01 9.73409784582528e+04 
1.90061379310591e-01 9.71771325834705e+04 
1.90279660161572e-01 9.70115259891395e+04 
1.90459340014825e-01 9.68759193547906e+04 
1.90638947949669e-01 9.67411633530468e+04 
1.90818546297693e-01 9.66073449253909e+04 
1.90997856900033e-01 9.64748063926514e+04 
1.91176899499993e-01 9.63436404237207e+04 
1.91373846359949e-01 9.62008654339817e+04 
1.91590487905900e-01 9.60458162301983e+04 
1.91809685943810e-01 9.58913518997825e+04 
1.92029154063270e-01 9.57392680530057e+04 
1.92248589615824e-01 9.55899505381872e+04 
1.92468071896610e-01 9.54436292453441e+04 
1.92687577216991e-01 9.53005160680035e+04 
1.92907059267817e-01 9.51610672826816e+04 
1.93126541180017e-01 9.50252753480427e+04 
1.93345935475268e-01 9.48932327372821e+04 
1.93565286385709e-01 9.47666818860134e+04 
1.93784493547817e-01 9.46452637094879e+04 
1.94003624779461e-01 9.45300071847459e+04 
1.94222576343781e-01 9.44188964914494e+04 
1.94441398464428e-01 9.43090719641115e+04 
1.94660067477006e-01 9.42045694789355e+04 
1.94878702716128e-01 9.41050755702044e+04 
1.95097232354252e-01 9.40105081708199e+04 
1.95315746142812e-01 9.39212390481219e+04 
1.95534229816558e-01 9.38364140678329e+04 
1.95752654434865e-01 9.37579645078761e+04 
1.95971117329531e-01 9.36837654084654e+04 
1.96189558553933e-01 9.36123484465010e+04 
1.96408068447149e-01 9.35440455656862e+04 
1.96626616993860e-01 9.34784694076524e+04 
1.96845228232036e-01 9.34179144206207e+04 
1.97063894613738e-01 9.33624656779983e+04 
1.97282643809705e-01 9.33129937519697e+04 
1.97501459588602e-01 9.32701389408786e+04 
1.97720368290398e-01 9.32344027424750e+04 
1.97939351681849e-01 9.32062886485893e+04 
1.98158430790116e-01 9.31841662440109e+04 
1.98377584243674e-01 9.31677258301291e+04 
1.98596828331044e-01 9.31567050864472e+04 
1.98816143252835e-01 9.31508217991608e+04 
1.99035538805014e-01 9.31496928109640e+04 
1.99254999301399e-01 9.31529168519334e+04 
1.99474526456890e-01 9.31599824151268e+04 
1.99694110293111e-01 9.31704826487819e+04 
1.99913746628072e-01 9.31839794037899e+04 
2.00133431163958e-01 9.32000430452929e+04 
