# Liste des scalaires : TEMPS pmat 
0.00000000000000e+00 1.00000000000000e+05 
7.22956891292051e-05 1.00000000000000e+05 
1.39473830159779e-04 1.00000000000000e+05 
2.09658797050072e-04 1.00000000000000e+05 
2.76117114236750e-04 1.00000000000000e+05 
3.20638761908157e-04 1.00000000000000e+05 
3.55139419127712e-04 1.00000000000000e+05 
3.84466703006996e-04 1.00000000000000e+05 
4.10882456555401e-04 1.00000000000000e+05 
4.35440253196380e-04 1.00000000000000e+05 
4.62453829501457e-04 1.00000000000000e+05 
4.92168763437042e-04 1.00000000000000e+05 
5.24855190766186e-04 1.00000000000000e+05 
5.60810260828244e-04 1.00000000000000e+05 
6.00360837896507e-04 1.00000000000000e+05 
6.43866472671597e-04 1.00000000000000e+05 
6.91722670924197e-04 1.00000000000000e+05 
7.44364489002056e-04 1.00000000000000e+05 
8.02270488887701e-04 1.00000000000000e+05 
8.65967088761910e-04 1.00000000000000e+05 
9.36033348623540e-04 1.00000000000000e+05 
1.01310623447133e-03 1.00000000000000e+05 
1.09788640890391e-03 1.00000000000000e+05 
1.19114460077974e-03 1.00000000000000e+05 
1.28874595968006e-03 1.00000000000000e+05 
1.39427742078101e-03 1.00000000000000e+05 
1.50221628787638e-03 1.00000000000000e+05 
1.61553425737496e-03 1.00000000000000e+05 
1.73456635004564e-03 1.00000000000000e+05 
1.85727656859826e-03 1.00000000000000e+05 
1.98543918675819e-03 1.00000000000000e+05 
2.11708942092524e-03 1.00000000000000e+05 
2.25276434208636e-03 1.00000000000000e+05 
2.39498247007251e-03 1.00000000000000e+05 
2.54210498631055e-03 1.00000000000000e+05 
2.69376086153848e-03 1.00000000000000e+05 
2.84923863990153e-03 1.00000000000000e+05 
3.00861719751210e-03 1.00000000000000e+05 
3.17425324389073e-03 1.00000000000000e+05 
3.34502392240024e-03 1.00000000000000e+05 
3.52133598263648e-03 1.00000000000000e+05 
3.70321832988888e-03 1.00000000000000e+05 
3.89062613813834e-03 1.00000000000000e+05 
4.07997825389757e-03 1.00000000000000e+05 
4.27481395980986e-03 1.00000000000000e+05 
4.47012738761244e-03 1.00000000000000e+05 
4.66611161355355e-03 1.00000000000000e+05 
4.86287380487371e-03 1.00000000000000e+05 
5.06024206139265e-03 1.00000000000000e+05 
5.25957684721206e-03 1.00000000000000e+05 
5.46029994932065e-03 1.00000000000000e+05 
5.66435223740606e-03 1.00000000000000e+05 
5.87060857126649e-03 1.00000000000000e+05 
6.07908564461382e-03 1.00000000000000e+05 
6.29055376181163e-03 1.00000000000000e+05 
6.50487352610164e-03 1.00000000000000e+05 
6.72235173590031e-03 1.00000000000000e+05 
6.94364478411158e-03 1.00000000000000e+05 
7.16885879970980e-03 1.00000000000000e+05 
7.39802832452097e-03 1.00000000000000e+05 
7.63109152158749e-03 1.00000000000000e+05 
7.86294648903471e-03 1.00000000000000e+05 
8.08641019096253e-03 1.00000000000000e+05 
8.30392878043753e-03 1.00000000000000e+05 
8.51406705968455e-03 1.00000000000000e+05 
8.71977809472097e-03 1.00000000000000e+05 
8.92088462305154e-03 1.00000000000000e+05 
9.11784062242765e-03 1.00000000000000e+05 
9.31093181897458e-03 1.00000000000000e+05 
9.50042161487745e-03 1.00000000000000e+05 
9.68425677177449e-03 1.00000000000000e+05 
9.86349715077483e-03 1.00000000000000e+05 
1.00394211249375e-02 1.00000000000000e+05 
1.02087145652169e-02 1.00000000000000e+05 
1.03749684672029e-02 1.00000000000000e+05 
1.05376893412285e-02 1.00000000000000e+05 
1.06992673584832e-02 1.00000000000000e+05 
1.08587658513811e-02 1.00000000000000e+05 
1.10180885835267e-02 1.00000000000000e+05 
1.11762653568548e-02 1.00000000000000e+05 
1.13349429296521e-02 1.00000000000000e+05 
1.14933355277432e-02 1.00000000000000e+05 
1.16529114698571e-02 1.00000000000000e+05 
1.18131648334176e-02 1.00000000000000e+05 
1.19754760025116e-02 1.00000000000000e+05 
1.21395690056177e-02 1.00000000000000e+05 
1.23067100905336e-02 1.00000000000000e+05 
1.24749896971480e-02 1.00000000000000e+05 
1.26451173325166e-02 1.00000000000000e+05 
1.28171198377741e-02 1.00000000000000e+05 
1.29918650492366e-02 1.00000000000000e+05 
1.31692781696700e-02 1.00000000000000e+05 
1.33501644944821e-02 1.00000000000000e+05 
1.35343395455470e-02 1.00000000000000e+05 
1.37225446072345e-02 1.00000000000000e+05 
1.39143742564469e-02 1.00000000000000e+05 
1.41106047958241e-02 1.00000000000000e+05 
1.43107140437942e-02 1.00000000000000e+05 
1.45154059130109e-02 1.00000000000000e+05 
1.47240334482427e-02 1.00000000000000e+05 
1.49372275284587e-02 1.00000000000000e+05 
1.51536176473973e-02 1.00000000000000e+05 
1.53732954923485e-02 1.00000000000000e+05 
1.55956985324921e-02 1.00000000000000e+05 
1.58211338899769e-02 1.00000000000000e+05 
1.60489460149765e-02 1.00000000000000e+05 
1.62794389980897e-02 1.00000000000000e+05 
1.65119114900444e-02 1.00000000000000e+05 
1.67466914413506e-02 1.00000000000000e+05 
1.69830663897908e-02 1.00000000000000e+05 
1.72214090451407e-02 1.00000000000000e+05 
1.74610102614819e-02 1.00000000000000e+05 
1.77022905116655e-02 1.00000000000000e+05 
1.79445471220888e-02 1.00000000000000e+05 
1.81882533348465e-02 1.00000000000000e+05 
1.84327249725471e-02 1.00000000000000e+05 
1.86785036546189e-02 1.00000000000000e+05 
1.89249306985767e-02 1.00000000000000e+05 
1.91726206368261e-02 1.00000000000000e+05 
1.94209392222266e-02 1.00000000000000e+05 
1.96705631384429e-02 1.00000000000000e+05 
1.99208751541716e-02 1.00000000000000e+05 
2.01725976060789e-02 1.00000000000000e+05 
2.04251180066935e-02 1.00000000000000e+05 
2.06791816491614e-02 1.00000000000000e+05 
2.09341631602713e-02 1.00000000000000e+05 
2.11908076702431e-02 1.00000000000000e+05 
2.14484576619357e-02 1.10966176398566e+05 
2.17078432312169e-02 1.54248576580534e+05 
2.19681642547947e-02 2.27535571191653e+05 
2.22297468838623e-02 2.91074477930216e+05 
2.24919838076705e-02 3.09326587933654e+05 
2.27555300628144e-02 3.07363788225233e+05 
2.30197557933867e-02 3.02256856015236e+05 
2.32853041020857e-02 2.88631117776539e+05 
2.35515175453701e-02 2.74166883656812e+05 
2.38190280024257e-02 2.61696377535523e+05 
2.40871640444566e-02 2.51611890885380e+05 
2.43565530214259e-02 2.43524455251943e+05 
2.46265001965929e-02 2.37059278107596e+05 
2.48976194661529e-02 2.31373168622926e+05 
2.51691814818001e-02 2.25799979595790e+05 
2.54417744126619e-02 2.20040390736993e+05 
2.57146303394979e-02 2.14124386016471e+05 
2.59883099562952e-02 2.08155877135927e+05 
2.62620164432980e-02 2.02315716179008e+05 
2.65363049740709e-02 1.96715438271976e+05 
2.68102630851403e-02 1.91443778277790e+05 
2.70844593633490e-02 1.86501168654153e+05 
2.73582122340497e-02 1.81882733770231e+05 
2.76322530302324e-02 1.77533537894990e+05 
2.79060191365582e-02 1.73422341409700e+05 
2.81803027818907e-02 1.69501211019278e+05 
2.84545996247302e-02 1.65753001105413e+05 
2.87297101507435e-02 1.62150255354222e+05 
2.90051132730795e-02 1.58690864924262e+05 
2.92815763534175e-02 1.55360252691509e+05 
2.95585388999475e-02 1.52162303772316e+05 
2.98367195000639e-02 1.49086383475991e+05 
3.01155128434026e-02 1.46136146161880e+05 
3.03955855428899e-02 1.43301202767057e+05 
3.06763118404093e-02 1.40583206246967e+05 
3.09583266347910e-02 1.37971571335801e+05 
3.12409992410870e-02 1.35466514581052e+05 
3.15249552598389e-02 1.33057730840836e+05 
3.18095709879115e-02 1.30744860366609e+05 
3.20954828932707e-02 1.28518415183424e+05 
3.23820738763458e-02 1.26378176611422e+05 
3.26699894508640e-02 1.24315866872866e+05 
3.29586279554340e-02 1.22331675310977e+05 
3.32476617558225e-02 1.20424928886785e+05 
3.35373466460925e-02 1.18590297640985e+05 
3.38270844115779e-02 1.16829275827204e+05 
3.41174708925208e-02 1.15135171404581e+05 
3.44079098046410e-02 1.13509641661233e+05 
3.46989949492983e-02 1.11946665731833e+05 
3.49900907217194e-02 1.10447934008722e+05 
3.52817976215628e-02 1.09007681144666e+05 
3.55734692134281e-02 1.07627210735439e+05 
3.58657238465805e-02 1.06300797436017e+05 
3.61579141142425e-02 1.05029281300447e+05 
3.64506633660048e-02 1.03807052686846e+05 
3.67433302027446e-02 1.02634588539271e+05 
3.70365351782466e-02 1.01506553311993e+05 
3.73296390440966e-02 1.00423292671901e+05 
3.76232641192357e-02 9.93798831302342e+04 
3.79167818619218e-02 9.83767117610928e+04 
3.82108311488241e-02 9.74093305810141e+04 
3.85048086229364e-02 9.64782454385745e+04 
3.87993465889021e-02 9.55795929255791e+04 
3.90938558395676e-02 9.47140526665722e+04 
3.93889657901460e-02 9.38782802260025e+04 
3.96841585382218e-02 9.30729337992678e+04 
3.99800098666440e-02 9.22952392384496e+04 
4.02760489468070e-02 9.15458529120408e+04 
4.05727348938648e-02 9.08225824874178e+04 
4.08696449207963e-02 9.01260012073151e+04 
4.11671478068094e-02 8.94542860404139e+04 
4.14645782557509e-02 8.88085063219299e+04 
4.17624113315699e-02 8.81866361903456e+04 
4.20602031568757e-02 8.75892124844576e+04 
4.23584000783501e-02 8.70143873601828e+04 
4.26565604965485e-02 8.64626766731213e+04 
4.29551230878356e-02 8.59323649605230e+04 
4.32536599166298e-02 8.54238939317668e+04 
4.35525857862952e-02 8.49357182665939e+04 
4.38515173150571e-02 8.44681110927550e+04 
4.41508180961741e-02 8.40197254728950e+04 
4.44501471373437e-02 8.35908614207936e+04 
4.47498161847510e-02 8.31803001605201e+04 
4.50495236474330e-02 8.27881538796641e+04 
4.53495261348880e-02 8.24134600705148e+04 
4.56495595945409e-02 8.20562756720414e+04 
4.59498368483157e-02 8.17158972882645e+04 
4.62499343379697e-02 8.13926223773467e+04 
4.65501004153358e-02 8.10859698692250e+04 
4.68499696337358e-02 8.07957969194866e+04 
4.71498938605970e-02 8.05214380918663e+04 
4.74494982283668e-02 8.02624414187370e+04 
4.77491625048841e-02 8.00172270996994e+04 
4.80485049478341e-02 7.97843118338859e+04 
4.83479233526937e-02 7.95603065291491e+04 
4.86470412842181e-02 7.93416514497248e+04 
4.89462611470546e-02 7.91254450441887e+04 
4.92452301693508e-02 7.89079199910835e+04 
4.95443432675876e-02 7.86880761268638e+04 
4.98432580136387e-02 7.84591739153115e+04 
5.01423474118362e-02 7.82350763253067e+04 
5.04412899979152e-02 7.79948643162259e+04 
5.07404541595471e-02 7.78029145680885e+04 
5.10395354035447e-02 7.76417183061946e+04 
5.13388869046360e-02 7.75655448122876e+04 
5.16382300472566e-02 7.74677743770937e+04 
5.19378927244843e-02 7.82541271005388e+04 
5.22376091446523e-02 8.15641735065405e+04 
5.25376770289947e-02 8.87374610006639e+04 
5.28378368433945e-02 1.00066224448298e+05 
5.31383553961514e-02 1.12758958773868e+05 
5.34389865768073e-02 1.26702792150208e+05 
5.37399775100499e-02 1.36415551635472e+05 
5.40410958345918e-02 1.42280077667766e+05 
5.43425706551806e-02 1.42979803640572e+05 
5.46441784779207e-02 1.43384041577518e+05 
5.49461290893093e-02 1.42929357237425e+05 
5.52482059939917e-02 1.41562424848772e+05 
5.55506050000500e-02 1.39257923989413e+05 
5.58531464997045e-02 1.36757842727539e+05 
5.61559877965966e-02 1.34544582739375e+05 
5.64589627330903e-02 1.33013585405417e+05 
5.67621532216424e-02 1.32543829585399e+05 
5.70654088690177e-02 1.33300766595660e+05 
5.73688146100729e-02 1.35039199372852e+05 
5.76722132442742e-02 1.37650506755479e+05 
5.79757264499081e-02 1.40954201447009e+05 
5.82791977518208e-02 1.44833674615793e+05 
5.85828069768828e-02 1.48626184617486e+05 
5.88863867371997e-02 1.52022957543183e+05 
5.91899230676678e-02 1.55092534380223e+05 
5.94933336988598e-02 1.56789272396139e+05 
5.97965437145251e-02 1.57334167334571e+05 
6.00995991758993e-02 1.56762162178536e+05 
6.04023695512395e-02 1.55585472644901e+05 
6.07050176166283e-02 1.54326085463321e+05 
6.10071348657274e-02 1.52945415944132e+05 
6.13091386062587e-02 1.51466155511877e+05 
6.16106130801228e-02 1.49803428022765e+05 
6.19119933637553e-02 1.48027672388397e+05 
6.22128623978904e-02 1.46216568515321e+05 
6.25136671323911e-02 1.44385677620556e+05 
6.28139967735313e-02 1.42564565346251e+05 
6.31143025182525e-02 1.40774552912405e+05 
6.34141766320174e-02 1.39024950466725e+05 
6.37140694587339e-02 1.37325111199661e+05 
6.40135784213455e-02 1.35675439972965e+05 
6.43130734632686e-02 1.34077645071381e+05 
6.46121250864575e-02 1.32524938894115e+05 
6.49111226162099e-02 1.31013277678054e+05 
6.52097410397557e-02 1.29534957902944e+05 
6.55083343129282e-02 1.28086454924632e+05 
6.58066102421462e-02 1.26662774770680e+05 
6.61049022691640e-02 1.25260615315856e+05 
6.64029235557385e-02 1.23876197673420e+05 
6.67010014070421e-02 1.22505638578925e+05 
6.69988472399352e-02 1.21146419667970e+05 
6.72967871246929e-02 1.19796300595776e+05 
6.75945257772712e-02 1.18455889215819e+05 
6.78923867487067e-02 1.17124623837367e+05 
6.81900654674747e-02 1.15804870065326e+05 
6.84878041956027e-02 1.14497737924799e+05 
6.87855239898388e-02 1.13205599902446e+05 
6.90830488217114e-02 1.11932072378647e+05 
6.93806050319284e-02 1.10677356238622e+05 
6.96779699095619e-02 1.09446042705121e+05 
6.99753923686219e-02 1.08243086285979e+05 
7.02726889250731e-02 1.07067530558691e+05 
7.05700593133737e-02 1.05913067065007e+05 
7.08673424709592e-02 1.04782912483138e+05 
7.11646932742036e-02 1.03677586913116e+05 
7.14619709579064e-02 1.02600620912695e+05 
7.17592947331057e-02 1.01557624329947e+05 
7.20565552992933e-02 1.00543804463067e+05 
7.23538472432631e-02 9.95570335190316e+04 
7.26510949154436e-02 9.85956090049315e+04 
7.29483762670813e-02 9.76587949090654e+04 
7.32456455807656e-02 9.67439089993472e+04 
7.35429270775636e-02 9.58498705959603e+04 
7.38402657857211e-02 9.49736989490246e+04 
7.41376202208684e-02 9.41140730217419e+04 
7.44350607210205e-02 9.32689757851462e+04 
7.47325171031731e-02 9.24373857828450e+04 
7.50299491850997e-02 9.16184139197793e+04 
7.53275402208298e-02 9.08110652886459e+04 
7.56249222647487e-02 9.00159417563833e+04 
7.59225696873907e-02 8.92319230192147e+04 
7.62199272365554e-02 8.84605151839470e+04 
7.65175320206042e-02 8.77008821560771e+04 
7.68149249369671e-02 8.69544732261780e+04 
7.71125682908770e-02 8.62208747907419e+04 
7.74099856156891e-02 8.55016224661604e+04 
7.77075932032030e-02 8.47964665404596e+04 
7.80049857692004e-02 8.41066827508937e+04 
7.83025513096304e-02 8.34320390285397e+04 
7.85999323884719e-02 8.27735147907176e+04 
7.88974737538732e-02 8.21307877923486e+04 
7.91948560891093e-02 8.15045063656363e+04 
7.94923764283059e-02 8.08942161847393e+04 
7.97897259761107e-02 8.03003059187756e+04 
8.00872020252029e-02 7.97221424357421e+04 
8.03845053609607e-02 7.91599673823850e+04 
8.06819304066580e-02 7.86130978015986e+04 
8.09792091558553e-02 7.80817254140920e+04 
8.12766344072984e-02 7.75652737569439e+04 
8.15739705373838e-02 7.70639818656389e+04 
8.18715303236945e-02 7.65773943134007e+04 
8.21688811943251e-02 7.61061885340372e+04 
8.24665620755186e-02 7.56496697582754e+04 
8.27640303121591e-02 7.52087746587649e+04 
8.30619967262839e-02 7.47826822986371e+04 
8.33597858264008e-02 7.43724222019864e+04 
8.36581360694904e-02 7.39772085204571e+04 
8.39564124799770e-02 7.35979834853887e+04 
8.42550140207027e-02 7.32344344720902e+04 
8.45534822012091e-02 7.28870154178562e+04 
8.48521373958355e-02 7.25557578898625e+04 
8.51506303703183e-02 7.22406150663382e+04 
8.54492412783878e-02 7.19413772254050e+04 
8.57477120930949e-02 7.16589545501628e+04 
8.60463119557882e-02 7.13918307872448e+04 
8.63448303099038e-02 7.11419300820690e+04 
8.66435091907317e-02 7.09104148780918e+04 
8.69421514935963e-02 7.06915126745534e+04 
8.72409801520102e-02 7.04946423621767e+04 
8.75397875825844e-02 7.03168335797089e+04 
8.78387614749153e-02 7.01551433913595e+04 
8.81374513382791e-02 7.00151842556689e+04 
8.84363942779308e-02 6.98844513322787e+04 
8.87350285777136e-02 6.97624913553266e+04 
8.90339998234874e-02 6.96622256559028e+04 
8.93327030937208e-02 6.95912758910937e+04 
8.96317939109376e-02 6.95589668706333e+04 
8.99306755556358e-02 6.95721776986132e+04 
9.02299761247920e-02 6.96224853917422e+04 
9.05291127137654e-02 6.97029921450098e+04 
9.08286802629466e-02 6.98305669913705e+04 
9.11280908178721e-02 7.00044496770600e+04 
9.14277723634966e-02 7.02195749603237e+04 
9.17272924031541e-02 7.04513690806377e+04 
9.20270016190744e-02 7.07046282401622e+04 
9.23269077050179e-02 7.09747552583481e+04 
9.26271962375263e-02 7.12689584954700e+04 
9.29272681862228e-02 7.15775227708938e+04 
9.32276814596453e-02 7.18868278983487e+04 
9.35278382926852e-02 7.21929940303785e+04 
9.38282675320804e-02 7.24927689456756e+04 
9.41284327807224e-02 7.27837175606416e+04 
9.44288077159840e-02 7.30639589629042e+04 
9.47289217935620e-02 7.33287629935277e+04 
9.50291762990016e-02 7.35788153451614e+04 
9.53291508212296e-02 7.38089566216474e+04 
9.56289070476705e-02 7.40227836083297e+04 
9.59273120474085e-02 7.42205851256631e+04 
9.62250681512439e-02 7.44145321275236e+04 
9.65214482112960e-02 7.45946496987639e+04 
9.68172445204471e-02 7.47640494082768e+04 
9.71130204420240e-02 7.51025807464344e+04 
9.74080632042165e-02 7.58939003270139e+04 
9.75687334947272e-02 7.65929598814835e+04 
9.77293430801371e-02 7.75177654253642e+04 
9.78899085431772e-02 7.86780812223546e+04 
9.80504310024874e-02 8.00258792128200e+04 
9.82109383368779e-02 8.15327920626046e+04 
9.83714349872919e-02 8.31866473009745e+04 
9.85319511623130e-02 8.49922440096788e+04 
9.86924910421253e-02 8.68738828890138e+04 
9.88530856732651e-02 8.87815944099721e+04 
9.90137397063601e-02 9.06557011643107e+04 
9.91744831866417e-02 9.25057185145293e+04 
9.93353214318721e-02 9.44636765963439e+04 
9.94962815210037e-02 9.61909943952200e+04 
9.96573698961273e-02 9.76144044550876e+04 
9.98186089474228e-02 9.87847822517975e+04 
9.99800068038532e-02 9.97025171899493e+04 
1.00141556077974e-01 1.00391565093736e+05 
1.00303279456898e-01 1.00860863411944e+05 
1.00465167979933e-01 1.00886114710918e+05 
1.00627241924711e-01 1.00920851274327e+05 
1.00789495435069e-01 1.00937695295949e+05 
1.00951940977434e-01 1.00917674294985e+05 
1.01114575363099e-01 1.00857280103966e+05 
1.01277403291242e-01 1.00752057876408e+05 
1.01440425127378e-01 1.00594796387561e+05 
1.01603638054957e-01 1.00363790518851e+05 
1.01767046310226e-01 1.00083158574066e+05 
1.01930676389148e-01 9.97479830595209e+04 
1.02094573796335e-01 9.93816669135851e+04 
1.02258768474459e-01 9.89849551564863e+04 
1.02423334894193e-01 9.85643157995562e+04 
1.02588305880229e-01 9.81239425722629e+04 
1.02740404819720e-01 9.77093315698801e+04 
1.02892595632221e-01 9.72836145639827e+04 
1.03044702247140e-01 9.68562914747727e+04 
1.03196916451553e-01 9.64312147789858e+04 
1.03349027866628e-01 9.60137914652002e+04 
1.03501276181033e-01 9.56054718149251e+04 
1.03653398859447e-01 9.52108811382291e+04 
1.03805692691489e-01 9.48239570787521e+04 
1.03957832417162e-01 9.44589990636219e+04 
1.04110183831108e-01 9.41146156453454e+04 
1.04262351340864e-01 9.37907964740359e+04 
1.04414774761985e-01 9.34865419573977e+04 
1.04566985897665e-01 9.32026155028380e+04 
1.04719497454736e-01 9.29441079762583e+04 
1.04870799819497e-01 9.27083191562912e+04 
1.05023514075899e-01 9.24829492272012e+04 
1.05174637717581e-01 9.22759154964851e+04 
1.05326861036109e-01 9.20847826601459e+04 
1.05477652186595e-01 9.19290690090192e+04 
1.05629375452532e-01 9.18069077782827e+04 
1.05780023045881e-01 9.17222414227783e+04 
1.05931455119521e-01 9.16803682535764e+04 
1.06082225395423e-01 9.16891102927134e+04 
1.06233605434727e-01 9.17537376869061e+04 
1.06384627378704e-01 9.18761176607284e+04 
1.06536121577020e-01 9.20626426376521e+04 
1.06687421015708e-01 9.22972263314960e+04 
1.06839119567630e-01 9.25925934030205e+04 
1.06990684473720e-01 9.29347619005229e+04 
1.07142616447484e-01 9.33365727907749e+04 
1.07294413244640e-01 9.37805010374967e+04 
1.07446565500470e-01 9.42759662517045e+04 
1.07598549306007e-01 9.48016653984111e+04 
1.07750884911290e-01 9.53637036157562e+04 
1.07903008268014e-01 9.59411128966975e+04 
1.08055481209670e-01 9.65355677485528e+04 
1.08207701135773e-01 9.71338819147372e+04 
1.08360266343377e-01 9.77334669820775e+04 
1.08512547452779e-01 9.83082797776242e+04 
1.08665166122211e-01 9.88536225743519e+04 
1.08817480555446e-01 9.93663233108116e+04 
1.08970121849097e-01 9.98532914515467e+04 
1.09122449660226e-01 1.00258887589030e+05 
1.09275090539492e-01 1.00587873788183e+05 
1.09427414708089e-01 1.00857927179697e+05 
1.09580036870098e-01 1.01071711850541e+05 
1.09732139076665e-01 1.01187674682619e+05 
1.09884408294167e-01 1.01289674401512e+05 
1.10036096876531e-01 1.01386099015559e+05 
1.10187958612027e-01 1.01450597663166e+05 
1.10339419893571e-01 1.01486353401754e+05 
1.10491064827113e-01 1.01480424503907e+05 
1.10642410248262e-01 1.01451854249505e+05 
1.10793961678281e-01 1.01360083102430e+05 
1.10945251029790e-01 1.01239443171738e+05 
1.11096773272178e-01 1.01076789007244e+05 
1.11247545478180e-01 1.00896229646118e+05 
1.11398296018525e-01 1.00677410265260e+05 
1.11549049696087e-01 1.00448664490919e+05 
1.11698079416650e-01 1.00207317016166e+05 
1.11847694254104e-01 9.99571690619655e+04 
1.11995657820851e-01 9.97071882611363e+04 
1.12144262488756e-01 9.94480086098969e+04 
1.12291186486117e-01 9.91814081879744e+04 
1.12438916055426e-01 9.89075401917753e+04 
1.12586078492671e-01 9.86298258844698e+04 
1.12732867778005e-01 9.83498697566288e+04 
1.12879232658881e-01 9.80687097197572e+04 
1.13025338707411e-01 9.77862246477062e+04 
1.13171041038634e-01 9.75041571067371e+04 
1.13315826422387e-01 9.72240835251811e+04 
1.13461702492034e-01 9.69442272862746e+04 
1.13604707206353e-01 9.66732682786296e+04 
1.13749156027302e-01 9.64032986173195e+04 
1.13890808028628e-01 9.61422270615571e+04 
1.14033863462864e-01 9.58826438418757e+04 
1.14174699202949e-01 9.56313690753241e+04 
1.14316757087252e-01 9.53821446665219e+04 
1.14457836343303e-01 9.51392268031113e+04 
1.14599683329518e-01 9.48992171940906e+04 
1.14741704608908e-01 9.46633171172540e+04 
1.14884041031700e-01 9.44310369302907e+04 
1.15027330024918e-01 9.42015429501301e+04 
1.15170566109589e-01 9.39761836314707e+04 
1.15315250142750e-01 9.37525944085283e+04 
1.15459569257305e-01 9.35331155759563e+04 
1.15605586659194e-01 9.33148964634601e+04 
1.15750999412245e-01 9.31017752310384e+04 
1.15898288982517e-01 9.28904812338287e+04 
1.16044763729274e-01 9.26848280324072e+04 
1.16193143972380e-01 9.24807808623535e+04 
1.16340567095263e-01 9.22825953129822e+04 
1.16489766697495e-01 9.20863938077815e+04 
1.16637955007700e-01 9.18959899954563e+04 
1.16787702244024e-01 9.17080113786621e+04 
1.16936452169461e-01 9.15256089623143e+04 
1.17086527104938e-01 9.13460311117215e+04 
1.17235661280703e-01 9.11717809914831e+04 
1.17386009354917e-01 9.10005560263200e+04 
1.17535450074165e-01 9.08345084823934e+04 
1.17685918485232e-01 9.06687962157778e+04 
1.17835549683467e-01 9.05089123171727e+04 
1.17986026382293e-01 9.03539770115838e+04 
1.18135753234886e-01 9.02041235742572e+04 
1.18286181836311e-01 9.00587415883015e+04 
1.18435939846323e-01 8.99176754001285e+04 
1.18586308210083e-01 8.97808491922436e+04 
1.18736067464850e-01 8.96478372302474e+04 
1.18886383795113e-01 8.95189520319842e+04 
1.19036134961140e-01 8.93935700224990e+04 
1.19186403279619e-01 8.92716947918740e+04 
1.19336159052015e-01 8.91536270219326e+04 
1.19486399682157e-01 8.90391426729698e+04 
1.19636173751696e-01 8.89277952593005e+04 
1.19786412651383e-01 8.88208923558368e+04 
1.19936220442263e-01 8.87165855490275e+04 
1.20086503836801e-01 8.86175542065994e+04 
1.20236059972368e-01 8.85195302037961e+04 
1.20386601259536e-01 8.84251575701495e+04 
1.20531531622712e-01 8.83371099817081e+04 
1.20676336018438e-01 8.82500343091976e+04 
1.20819487813336e-01 8.81664670715477e+04 
1.20963165349637e-01 8.80835106169532e+04 
1.21105280213627e-01 8.80037282049505e+04 
1.21248093687117e-01 8.79243997381247e+04 
1.21389532606822e-01 8.78477765932149e+04 
1.21531697921123e-01 8.77722506886852e+04 
1.21674269893376e-01 8.76987051496147e+04 
1.21816543812595e-01 8.76269009075254e+04 
1.21958857961071e-01 8.75568774466736e+04 
1.22100993058162e-01 8.74881359846836e+04 
1.22243224697906e-01 8.74208320775980e+04 
1.22385295130184e-01 8.73545101398236e+04 
1.22527519415860e-01 8.72893867808171e+04 
1.22669610992232e-01 8.72251892519478e+04 
1.22811975865757e-01 8.71618499198075e+04 
1.22954105725018e-01 8.70999148478754e+04 
1.23096650209821e-01 8.70386146851597e+04 
1.23237989747860e-01 8.69793138309953e+04 
1.23380059211902e-01 8.69206129414574e+04 
1.23521384440199e-01 8.68636991612048e+04 
1.23663288554779e-01 8.68076046013889e+04 
1.23803601735336e-01 8.67530907360368e+04 
1.23944775838613e-01 8.66987549128634e+04 
1.24084938195814e-01 8.66455546266919e+04 
1.24225720696135e-01 8.65926363247004e+04 
1.24366120858613e-01 8.65406807223276e+04 
1.24506976863068e-01 8.64891194966434e+04 
1.24647951473975e-01 8.64384353503658e+04 
1.24789125671068e-01 8.63883334099204e+04 
1.24931148241599e-01 8.63390195388405e+04 
1.25073096273109e-01 8.62905528637100e+04 
1.25215986467006e-01 8.62429812589559e+04 
1.25358699246091e-01 8.61964331307795e+04 
1.25502002026320e-01 8.61510225459233e+04 
1.25645440036037e-01 8.61067343176745e+04 
1.25789811415730e-01 8.60637645827452e+04 
1.25933873277548e-01 8.60224616037952e+04 
1.26078661083139e-01 8.59828143324994e+04 
1.26223158208493e-01 8.59450686737504e+04 
1.26368179907648e-01 8.59094637568091e+04 
1.26512937787473e-01 8.58763174254608e+04 
1.26657072378884e-01 8.58461639588908e+04 
1.26801355693493e-01 8.58186008266061e+04 
1.26945623019902e-01 8.57938397407475e+04 
1.27089783501026e-01 8.57724080323675e+04 
1.27234581073337e-01 8.57549691869381e+04 
1.27379073360172e-01 8.57417106247515e+04 
1.27524296435002e-01 8.57328847781458e+04 
1.27669158952467e-01 8.57239337522886e+04 
1.27814681510445e-01 8.57205761270685e+04 
1.27959833444271e-01 8.57244804237743e+04 
1.28105635676645e-01 8.57349974813103e+04 
1.28251047924604e-01 8.57507745640407e+04 
1.28396639829816e-01 8.57717681401021e+04 
1.28540998612317e-01 8.58025755244322e+04 
1.28685276188592e-01 8.58344782327484e+04 
1.28829335238385e-01 8.58679633760748e+04 
1.28973329300507e-01 8.59032140283025e+04 
1.29117110501361e-01 8.59397736276932e+04 
1.29260826991455e-01 8.59786072140037e+04 
1.29404308935512e-01 8.60235254284156e+04 
1.29547673703492e-01 8.60756008046284e+04 
1.29690752994517e-01 8.61373057178879e+04 
1.29833692133474e-01 8.62091059064814e+04 
1.29976301588062e-01 8.62940122411894e+04 
1.30118604090833e-01 8.63911762439390e+04 
1.30260539935077e-01 8.65011133582787e+04 
1.30402190645674e-01 8.66242072708865e+04 
1.30543576374475e-01 8.67586067069260e+04 
1.30685073231905e-01 8.69049113520248e+04 
1.30826809606006e-01 8.70619283598847e+04 
1.30969501140653e-01 8.72309854747828e+04 
1.31112969869451e-01 8.74109144778125e+04 
1.31257764132958e-01 8.76028844010448e+04 
1.31403623932121e-01 8.78054756881732e+04 
1.31551124603360e-01 8.80195301633724e+04 
1.31698263771046e-01 8.82408111085316e+04 
1.31847190208148e-01 8.84722566308747e+04 
1.31997794285970e-01 8.87120547525735e+04 
1.32148818907794e-01 8.89578411490568e+04 
1.32301791574694e-01 8.92065373947526e+04 
1.32452962102345e-01 8.94563633788033e+04 
1.32605679338157e-01 8.97095088394860e+04 
1.32757012212208e-01 8.99599472458221e+04 
1.32909653592092e-01 9.02121307169073e+04 
1.33061381425175e-01 9.04585205190027e+04 
1.33213406485517e-01 9.06984933720504e+04 
1.33365553050595e-01 9.09305552906361e+04 
1.33517297577077e-01 9.11564570476801e+04 
1.33669711263821e-01 9.13711177908640e+04 
1.33822060133876e-01 9.15704020027769e+04 
1.33974828558713e-01 9.17522517312820e+04 
1.34127803126747e-01 9.19181038534606e+04 
1.34281021222144e-01 9.20733192604596e+04 
1.34434822207265e-01 9.22214576423379e+04 
1.34588312689440e-01 9.23446682313599e+04 
1.34742319760994e-01 9.24485202220619e+04 
1.34896026497461e-01 9.25336771655241e+04 
1.35050178199188e-01 9.26053315414421e+04 
1.35204041863451e-01 9.26631127952641e+04 
1.35358280284994e-01 9.27110468366546e+04 
1.35512242145910e-01 9.27316311651668e+04 
1.35666516543164e-01 9.27511056195999e+04 
1.35820526833851e-01 9.27713177741088e+04 
1.35974795675038e-01 9.27914251661882e+04 
1.36128820478956e-01 9.28109620533095e+04 
1.36283051277061e-01 9.28246200038299e+04 
1.36437079048302e-01 9.28328897701276e+04 
1.36591247217686e-01 9.28354873710772e+04 
1.36745257707503e-01 9.28304593823262e+04 
1.36899343895175e-01 9.28182732733038e+04 
1.37053316254374e-01 9.27968987686117e+04 
1.37207304488673e-01 9.27666198495650e+04 
1.37361217187158e-01 9.27283421435242e+04 
1.37515094519718e-01 9.26846258046666e+04 
1.37668924864789e-01 9.26352664928302e+04 
1.37822681111168e-01 9.25813367350764e+04 
1.37976409446339e-01 9.25232122932120e+04 
1.38123024838177e-01 9.24647132264317e+04 
1.38276590718771e-01 9.24008494920062e+04 
1.38423283483662e-01 9.23381967332492e+04 
1.38576727934574e-01 9.22717472252335e+04 
1.38723483953237e-01 9.22080810717992e+04 
1.38875710571723e-01 9.21423093057749e+04 
1.39022524100375e-01 9.20799107829529e+04 
1.39173164527923e-01 9.20171963878064e+04 
1.39320031896476e-01 9.19580406847617e+04 
1.39473094641222e-01 9.18987617013804e+04 
1.39620039292358e-01 9.18446953091478e+04 
1.39772942671832e-01 9.17916676474601e+04 
1.39920149720933e-01 9.17441855691537e+04 
1.40072851544783e-01 9.16988528032891e+04 
1.40220378057756e-01 9.16591329440008e+04 
1.40369748583418e-01 9.16232551933799e+04 
1.40517644818104e-01 9.15921734084671e+04 
1.40667406441013e-01 9.15654512312748e+04 
1.40815620305818e-01 9.15437419530285e+04 
1.40965764538574e-01 9.15267692732792e+04 
1.41114299868843e-01 9.15148933583123e+04 
1.41264861884400e-01 9.15080561739477e+04 
1.41413751863719e-01 9.15062779144090e+04 
1.41565558858062e-01 9.15096399783770e+04 
1.41714766028678e-01 9.15178471041474e+04 
1.41866372400441e-01 9.15311836188586e+04 
1.42015941437651e-01 9.15490489896900e+04 
1.42167303929305e-01 9.15718111642319e+04 
1.42317236187920e-01 9.15987339403251e+04 
1.42468287868060e-01 9.16301202047788e+04 
1.42618665727906e-01 9.16652888916649e+04 
1.42769253190265e-01 9.17042215589261e+04 
1.42919610728663e-01 9.17463829408483e+04 
1.43066610966548e-01 9.17905410545565e+04 
1.43213402190390e-01 9.18370745143769e+04 
1.43361144579624e-01 9.18860813191060e+04 
1.43509052022639e-01 9.19367993984101e+04 
1.43658624234740e-01 9.19894664996373e+04 
1.43809101978728e-01 9.20432538047995e+04 
1.43961659814294e-01 9.20982766076901e+04 
1.44116765341990e-01 9.21540608581538e+04 
1.44271154023479e-01 9.22090932088768e+04 
1.44429154167058e-01 9.22642353881826e+04 
1.44586726723973e-01 9.23177402116859e+04 
1.44745080727162e-01 9.23694184080612e+04 
1.44902566982822e-01 9.24185479995130e+04 
1.45060689559502e-01 9.24651502117052e+04 
1.45218112844968e-01 9.25087550292461e+04 
1.45376544462102e-01 9.25495827785897e+04 
1.45534293939278e-01 9.25871753106220e+04 
1.45693355494434e-01 9.26219622927139e+04 
1.45851656541156e-01 9.26536818678446e+04 
1.46011384168576e-01 9.26830887516102e+04 
1.46170199842871e-01 9.27100011189403e+04 
1.46330608569767e-01 9.27355472892744e+04 
1.46489950186580e-01 9.27599838806989e+04 
1.46651090295232e-01 9.27837451293691e+04 
1.46810997450923e-01 9.28072626709499e+04 
1.46972982115570e-01 9.28317855871124e+04 
1.47133531946358e-01 9.28552473021121e+04 
1.47296550971611e-01 9.28855910592025e+04 
1.47457873005197e-01 9.29202983966379e+04 
1.47622209576462e-01 9.29503143346713e+04 
1.47784509134658e-01 9.29957172025537e+04 
1.47950434473209e-01 9.30635836574966e+04 
1.48114042705120e-01 9.31429152273024e+04 
1.48267531159547e-01 9.32183673350106e+04 
1.48420963884918e-01 9.33005669084234e+04 
1.48574015943576e-01 9.33889310349137e+04 
1.48727275391983e-01 9.34896369071407e+04 
1.48880659085357e-01 9.36037588408855e+04 
1.49035361676334e-01 9.37287445705576e+04 
1.49190596109737e-01 9.38647747446680e+04 
1.49347575459910e-01 9.40121637917326e+04 
1.49505108695520e-01 9.41706361825607e+04 
1.49662175086388e-01 9.43375718354905e+04 
1.49819596942789e-01 9.45127915418557e+04 
1.49979358611959e-01 9.46964666936417e+04 
1.50140862840049e-01 9.48865603729873e+04 
1.50305909598994e-01 9.50834071444122e+04 
1.50473964871042e-01 9.52835122410048e+04 
1.50646224695035e-01 9.54860284748461e+04 
1.50821397735012e-01 9.56861515036993e+04 
1.50999929505306e-01 9.58808910023622e+04 
1.51180486589629e-01 9.60670041133088e+04 
1.51363737716284e-01 9.62374641241757e+04 
1.51548685001350e-01 9.63890755073644e+04 
1.51736220288245e-01 9.65345456617367e+04 
1.51925494868266e-01 9.66410818777353e+04 
1.52117161299187e-01 9.67185951213883e+04 
1.52309703030931e-01 9.67738253411338e+04 
1.52505309788253e-01 9.67970343273135e+04 
1.52700058763553e-01 9.68214121592778e+04 
1.52899020270038e-01 9.68420719704477e+04 
1.53095987814165e-01 9.68555299980263e+04 
1.53297016905203e-01 9.68594820466787e+04 
1.53496150796971e-01 9.68537874948499e+04 
1.53662913645091e-01 9.68461391205837e+04 
1.53829621362330e-01 9.68356538778231e+04 
1.53996196887385e-01 9.68214526950542e+04 
1.54162750212158e-01 9.68037810709553e+04 
1.54329179444148e-01 9.67828414670998e+04 
1.54495592098467e-01 9.67596470389173e+04 
1.54661891533230e-01 9.67346581508828e+04 
1.54828181587368e-01 9.67112949982331e+04 
1.54994370198524e-01 9.66861656433298e+04 
1.55160555173975e-01 9.66587099531638e+04 
1.55326650663735e-01 9.66282498317332e+04 
1.55492745875731e-01 9.65961343416564e+04 
1.55658756354158e-01 9.65615803801571e+04 
1.55824892380747e-01 9.65254886422842e+04 
1.55991101558572e-01 9.64868315063106e+04 
1.56157534189067e-01 9.64435055362874e+04 
1.56324132713158e-01 9.63976032414481e+04 
1.56491016111338e-01 9.63512541071189e+04 
1.56658128544351e-01 9.63055871936878e+04 
1.56825561564820e-01 9.62591157939470e+04 
1.56993274156182e-01 9.62102622499421e+04 
1.57161349067056e-01 9.61581350085136e+04 
1.57329762651451e-01 9.61029518172446e+04 
1.57498592251921e-01 9.60435669542107e+04 
1.57667838174610e-01 9.59787877571086e+04 
1.57826325005367e-01 9.59133560224982e+04 
1.57984357479205e-01 9.58424349895684e+04 
1.58142498825669e-01 9.57666562680249e+04 
1.58301031547753e-01 9.56872311105897e+04 
1.58459266101017e-01 9.56050757630596e+04 
1.58617721449061e-01 9.55197009014492e+04 
1.58775964416228e-01 9.54321888998303e+04 
1.58934319132845e-01 9.53420837448067e+04 
1.59092717688335e-01 9.52502595019825e+04 
1.59249699884320e-01 9.51585424978066e+04 
1.59408104076244e-01 9.50637365124403e+04 
1.59566558503691e-01 9.49670626938157e+04 
1.59719342025551e-01 9.48729908449361e+04 
1.59873462575319e-01 9.47752071796735e+04 
1.60026138136346e-01 9.46799017749704e+04 
1.60180208925604e-01 9.45848420852276e+04 
1.60332882660856e-01 9.44917775196964e+04 
1.60486971420971e-01 9.43988283133031e+04 
1.60639691789393e-01 9.43077323318225e+04 
1.60793827756203e-01 9.42156162536087e+04 
1.60946593821713e-01 9.41262567834270e+04 
1.61100757271349e-01 9.40349654868338e+04 
1.61253536958998e-01 9.39461123061911e+04 
1.61407686994331e-01 9.38562015541333e+04 
1.61560438593708e-01 9.37669584725261e+04 
1.61714532028059e-01 9.36778450719729e+04 
1.61867216589304e-01 9.35896028137163e+04 
1.62021206605863e-01 9.35014272558428e+04 
1.62173564272236e-01 9.34139501478546e+04 
1.62327139605605e-01 9.33265066058480e+04 
1.62479055695798e-01 9.32398228706368e+04 
1.62632209387865e-01 9.31532534687629e+04 
1.62783747153056e-01 9.30677241024644e+04 
1.62936578107550e-01 9.29826710987548e+04 
1.63087837178292e-01 9.28990260244378e+04 
1.63240422418442e-01 9.28162121273981e+04 
1.63391475419225e-01 9.27349828218309e+04 
1.63543892770546e-01 9.26549335903646e+04 
1.63694794416980e-01 9.25766034824231e+04 
1.63847070774518e-01 9.24993530515467e+04 
1.63997865011784e-01 9.24239927201716e+04 
1.64150072783921e-01 9.23501897800778e+04 
1.64300797466797e-01 9.22786916757874e+04 
1.64452930626377e-01 9.22091665686220e+04 
1.64603550358000e-01 9.21419724361580e+04 
1.64755561567438e-01 9.20759200355156e+04 
1.64906030130869e-01 9.20133738143498e+04 
1.65057874627018e-01 9.19542344296575e+04 
1.65208157448250e-01 9.18978957232274e+04 
1.65359805684281e-01 9.18452280821357e+04 
1.65509884955408e-01 9.17946399524573e+04 
1.65661323902475e-01 9.17452489806254e+04 
1.65811196546043e-01 9.16988820897922e+04 
1.65962426209209e-01 9.16563099941508e+04 
1.66112098296692e-01 9.16170135894238e+04 
1.66263125579723e-01 9.15814786513742e+04 
1.66412607446159e-01 9.15493546330371e+04 
1.66563442272676e-01 9.15212396981374e+04 
1.66712744357059e-01 9.14964971572347e+04 
1.66863395899981e-01 9.14755228696218e+04 
1.67012527375276e-01 9.14575967155476e+04 
1.67163003545794e-01 9.14434084498762e+04 
1.67311972593694e-01 9.14321488982602e+04 
1.67462281137718e-01 9.14242003147536e+04 
1.67611095098422e-01 9.14184552790523e+04 
1.67761244226464e-01 9.14160884848972e+04 
1.67909912198280e-01 9.14156630228500e+04 
1.68059912450873e-01 9.14182964036348e+04 
1.68208446848211e-01 9.14224393600365e+04 
1.68358312108936e-01 9.14295244708999e+04 
1.68506823483025e-01 9.14379414124568e+04 
1.68656773050371e-01 9.14482741615756e+04 
1.68805402453195e-01 9.14609771839352e+04 
1.68955439785520e-01 9.14744175392994e+04 
1.69104168006312e-01 9.14881754237811e+04 
1.69254271284178e-01 9.15020282645188e+04 
1.69403001085261e-01 9.15156643998920e+04 
1.69561963668332e-01 9.15298776424932e+04 
1.69710856437121e-01 9.15426010845758e+04 
1.69869783912143e-01 9.15572206019566e+04 
1.70028624006507e-01 9.15689123173359e+04 
1.70187530582466e-01 9.15807205279380e+04 
1.70346335819238e-01 9.15910797630132e+04 
1.70505211956759e-01 9.16005346550413e+04 
1.70663987579491e-01 9.16100868112003e+04 
1.70822837704672e-01 9.16189306158513e+04 
1.70981589687270e-01 9.16278904285541e+04 
1.71140431283913e-01 9.16362009541213e+04 
1.71299188761150e-01 9.16445156579732e+04 
1.71458039924421e-01 9.16522472269039e+04 
1.71616807094278e-01 9.16599164497841e+04 
1.71775666663856e-01 9.16672565488081e+04 
1.71934437025138e-01 9.16742449854590e+04 
1.72093297108251e-01 9.16807209889341e+04 
1.72252066092377e-01 9.16866359729089e+04 
1.72410920866495e-01 9.16919663942109e+04 
1.72569685262982e-01 9.16970335016026e+04 
1.72728531206892e-01 9.17004432869070e+04 
1.72887288836030e-01 9.17075291143365e+04 
1.73046124282467e-01 9.17151823256067e+04 
1.73204874102639e-01 9.17261056769190e+04 
1.73363698961440e-01 9.17423578453037e+04 
1.73538406306122e-01 9.17661007765913e+04 
1.73730584385271e-01 9.18022632063120e+04 
1.73941980272336e-01 9.18541108802829e+04 
1.74159808218255e-01 9.19254072487227e+04 
1.74374890772321e-01 9.20133527656575e+04 
1.74592833667734e-01 9.21253153436591e+04 
1.74808446953148e-01 9.22586392944172e+04 
1.75026720075967e-01 9.24208067461234e+04 
1.75242874377623e-01 9.26069664443486e+04 
1.75461351311018e-01 9.28263816133725e+04 
1.75678011996726e-01 9.30706604418570e+04 
1.75896679003892e-01 9.33447715390989e+04 
1.76113802253817e-01 9.36428586992078e+04 
1.76332663185348e-01 9.39717121820355e+04 
1.76550193931882e-01 9.43239840687852e+04 
1.76769232662295e-01 9.46998894192172e+04 
1.76987045974806e-01 9.50985809286046e+04 
1.77206237178750e-01 9.55199696824216e+04 
1.77424036691428e-01 9.59512686118484e+04 
1.77643352832199e-01 9.63922360309829e+04 
1.77861127305479e-01 9.68312842362435e+04 
1.78080440149956e-01 9.72705039185545e+04 
1.78298199314251e-01 9.76973270815655e+04 
1.78517645281780e-01 9.81142697064620e+04 
1.78735386112880e-01 9.85103115843639e+04 
1.78954960771140e-01 9.88894634563414e+04 
1.79172693784549e-01 9.92426469915984e+04 
1.79392238023268e-01 9.95744121440396e+04 
1.79609974017574e-01 9.98773756847003e+04 
1.79829375737961e-01 1.00156312586787e+05 
1.80047134334216e-01 1.00409770984896e+05 
1.80266244563592e-01 1.00637317640913e+05 
1.80484055968582e-01 1.00838402264518e+05 
1.80702911300940e-01 1.01013212497160e+05 
1.80920811899571e-01 1.01166168422630e+05 
1.81139449416126e-01 1.01308147261219e+05 
1.81357470683547e-01 1.01423979820304e+05 
1.81575912312520e-01 1.01536098204826e+05 
1.81793868087571e-01 1.01630536828678e+05 
1.82012125881765e-01 1.01709469840438e+05 
1.82229997942444e-01 1.01781202769450e+05 
1.82448078956229e-01 1.01845393028247e+05 
1.82665873967623e-01 1.01906875144281e+05 
1.82883781651071e-01 1.01953600108600e+05 
1.83101502538501e-01 1.02008695877166e+05 
1.83319240709262e-01 1.02061107256472e+05 
1.83536890594924e-01 1.02112958108721e+05 
1.83754467718844e-01 1.02168375554186e+05 
1.83972053309064e-01 1.02218593234024e+05 
1.84189481954516e-01 1.02265835675972e+05 
1.84407015028293e-01 1.02306829734485e+05 
1.84624309737772e-01 1.02340344001746e+05 
1.84841807946010e-01 1.02368413150166e+05 
1.85058995612940e-01 1.02384831035534e+05 
1.85276462180272e-01 1.02393758247653e+05 
1.85493572385106e-01 1.02397298679489e+05 
1.85679250111881e-01 1.02396894995587e+05 
1.85864956283526e-01 1.02392329834051e+05 
1.86048169393725e-01 1.02384821742174e+05 
1.86232052714165e-01 1.02373179901540e+05 
1.86413962658982e-01 1.02358749289071e+05 
1.86596678379962e-01 1.02340243301355e+05 
1.86777668563495e-01 1.02318854679195e+05 
1.86959530083571e-01 1.02293579018366e+05 
1.87139821096874e-01 1.02265576922032e+05 
1.87321034315272e-01 1.02233884476179e+05 
1.87500786319012e-01 1.02199725940416e+05 
1.87681498984467e-01 1.02161876555809e+05 
1.87860826778224e-01 1.02121146487626e+05 
1.88041139757548e-01 1.02077327541706e+05 
1.88220118521448e-01 1.02030417178098e+05 
1.88400092853767e-01 1.01980483573278e+05 
1.88578763239093e-01 1.01924123120862e+05 
1.88758425744682e-01 1.01863650059980e+05 
1.88936797951324e-01 1.01803442224160e+05 
1.89116145094937e-01 1.01740976815559e+05 
1.89294201215559e-01 1.01677088241234e+05 
1.89473201324723e-01 1.01611216243888e+05 
1.89650898601420e-01 1.01545251801332e+05 
1.89846365605787e-01 1.01471336481029e+05 
1.90061379310591e-01 1.01389534374996e+05 
1.90279660161572e-01 1.01305354620049e+05 
1.90459340014825e-01 1.01236781858135e+05 
1.90638947949669e-01 1.01168321686037e+05 
1.90818546297693e-01 1.01097879182062e+05 
1.90997856900033e-01 1.01031332351249e+05 
1.91176899499993e-01 1.00970594704804e+05 
1.91373846359949e-01 1.00905653274680e+05 
1.91590487905900e-01 1.00834827512320e+05 
1.91809685943810e-01 1.00765489249161e+05 
1.92029154063270e-01 1.00701207780001e+05 
1.92248589615824e-01 1.00641573001097e+05 
1.92468071896610e-01 1.00587624882212e+05 
1.92687577216991e-01 1.00538607894056e+05 
1.92907059267817e-01 1.00491517800713e+05 
1.93126541180017e-01 1.00450956104734e+05 
1.93345935475268e-01 1.00419220785485e+05 
1.93565286385709e-01 1.00391574579043e+05 
1.93784493547817e-01 1.00369690836658e+05 
1.94003624779461e-01 1.00352391416740e+05 
1.94222576343781e-01 1.00341115463008e+05 
1.94441398464428e-01 1.00335544005714e+05 
1.94660067477006e-01 1.00335497862051e+05 
1.94878702716128e-01 1.00338427554517e+05 
1.95097232354252e-01 1.00346398661845e+05 
1.95315746142812e-01 1.00361254017570e+05 
1.95534229816558e-01 1.00382537754156e+05 
1.95752654434865e-01 1.00410415315550e+05 
1.95971117329531e-01 1.00446401178477e+05 
1.96189558553933e-01 1.00485951356075e+05 
1.96408068447149e-01 1.00531377959231e+05 
1.96626616993860e-01 1.00577858856819e+05 
1.96845228232036e-01 1.00627101552893e+05 
1.97063894613738e-01 1.00675600416494e+05 
1.97282643809705e-01 1.00725047121331e+05 
1.97501459588602e-01 1.00771761167502e+05 
1.97720368290398e-01 1.00817594395368e+05 
1.97939351681849e-01 1.00858087997777e+05 
1.98158430790116e-01 1.00895812171033e+05 
1.98377584243674e-01 1.00926137879766e+05 
1.98596828331044e-01 1.00952139099492e+05 
1.98816143252835e-01 1.00969126883002e+05 
1.99035538805014e-01 1.00981142878572e+05 
1.99254999301399e-01 1.00982384131390e+05 
1.99474526456890e-01 1.00978086830258e+05 
1.99694110293111e-01 1.00966054527714e+05 
1.99913746628072e-01 1.00948066237226e+05 
2.00133431163958e-01 1.00920955882545e+05 
