# Liste des scalaires : TEMPS pmat 
0.00000000000000e+00 1.00000000000000e+05 
7.22956891292051e-05 1.00000000000000e+05 
1.33121779621889e-04 1.00000000000000e+05 
1.91350121636139e-04 1.00000000000000e+05 
2.48205202971464e-04 1.00000000000000e+05 
3.04378416912492e-04 1.00000000000000e+05 
3.57716908235297e-04 1.00000000000000e+05 
4.13432067493878e-04 1.00000000000000e+05 
4.70293840067838e-04 1.00000000000000e+05 
5.18474368751160e-04 1.00000000000000e+05 
5.67650751085572e-04 1.00000000000000e+05 
6.21744771653425e-04 1.00000000000000e+05 
6.80800695681302e-04 1.00000000000000e+05 
7.28444917083990e-04 1.00000000000000e+05 
7.80853560626947e-04 1.00000000000000e+05 
8.28660090392037e-04 1.00000000000000e+05 
8.78101011915275e-04 1.00000000000000e+05 
9.29006893777559e-04 1.00000000000000e+05 
9.85003363826071e-04 1.00000000000000e+05 
1.03483144803412e-03 1.00000000000000e+05 
1.08793520289125e-03 1.00000000000000e+05 
1.13962349501917e-03 1.00000000000000e+05 
1.19236657535822e-03 1.00000000000000e+05 
1.24608865403489e-03 1.00000000000000e+05 
1.30351940855572e-03 1.00000000000000e+05 
1.35691908256612e-03 1.00000000000000e+05 
1.41235170128393e-03 1.00000000000000e+05 
1.46930541993259e-03 1.00000000000000e+05 
1.53071813847971e-03 1.00000000000000e+05 
1.58628320506237e-03 1.00000000000000e+05 
1.64451380262306e-03 1.00000000000000e+05 
1.70188986183451e-03 1.00000000000000e+05 
1.75983196158948e-03 1.00000000000000e+05 
1.81756271282910e-03 1.00000000000000e+05 
1.87813574793320e-03 1.00000000000000e+05 
1.93758261651178e-03 1.00000000000000e+05 
1.99767325128926e-03 1.00000000000000e+05 
2.05748837319925e-03 1.00000000000000e+05 
2.12008379832710e-03 1.00000000000000e+05 
2.18480064275791e-03 1.00000000000000e+05 
2.25426318273213e-03 1.00000000000000e+05 
2.31630587493832e-03 1.00000000000000e+05 
2.38115187273764e-03 1.00000000000000e+05 
2.44825354202985e-03 1.00000000000000e+05 
2.51995382994618e-03 1.00000000000000e+05 
2.58417587197897e-03 1.00000000000000e+05 
2.65088572984883e-03 1.00000000000000e+05 
2.71652725406615e-03 1.00000000000000e+05 
2.78310433605997e-03 1.00000000000000e+05 
2.85017198776724e-03 1.00000000000000e+05 
2.91947525303359e-03 1.00000000000000e+05 
2.98833018666384e-03 1.00000000000000e+05 
3.05793006455979e-03 1.00000000000000e+05 
3.12796126158372e-03 1.00000000000000e+05 
3.19998856281305e-03 1.00000000000000e+05 
3.27190912866996e-03 1.00000000000000e+05 
3.34434044583290e-03 1.00000000000000e+05 
3.41737442539682e-03 1.00000000000000e+05 
3.49209359947887e-03 1.00000000000000e+05 
3.57040586980367e-03 1.00000000000000e+05 
3.65240789963546e-03 1.00000000000000e+05 
3.73058745600289e-03 1.00000000000000e+05 
3.81024072839911e-03 1.00000000000000e+05 
3.89197959211619e-03 1.00000000000000e+05 
3.97736440334711e-03 1.00000000000000e+05 
4.06194320573225e-03 1.00000000000000e+05 
4.14728480880522e-03 1.00000000000000e+05 
4.23155638489869e-03 1.00000000000000e+05 
4.31610225356501e-03 1.00000000000000e+05 
4.40118415230650e-03 1.00000000000000e+05 
4.48880555034894e-03 1.00000000000000e+05 
4.57871338290182e-03 1.00000000000000e+05 
4.66827313725603e-03 1.00000000000000e+05 
4.75880788555921e-03 1.00000000000000e+05 
4.85175405605730e-03 1.00000000000000e+05 
4.94826094521004e-03 1.00000000000000e+05 
5.04561665748294e-03 1.00000000000000e+05 
5.14342821249065e-03 1.00000000000000e+05 
5.24221249036109e-03 1.00000000000000e+05 
5.34290155939077e-03 1.00000000000000e+05 
5.44659533088659e-03 1.00000000000000e+05 
5.55400965148372e-03 1.00000000000000e+05 
5.65944936963308e-03 1.00000000000000e+05 
5.76535597125783e-03 1.00000000000000e+05 
5.87239460354625e-03 1.00000000000000e+05 
5.98154343823111e-03 1.00000000000000e+05 
6.09428011038239e-03 1.00000000000000e+05 
6.20703914312650e-03 1.00000000000000e+05 
6.31955821459446e-03 1.00000000000000e+05 
6.43286771062036e-03 1.00000000000000e+05 
6.54774268884722e-03 1.00000000000000e+05 
6.66517018747564e-03 1.00000000000000e+05 
6.78668849793102e-03 1.00000000000000e+05 
6.90619564069805e-03 1.00000000000000e+05 
7.02582815465651e-03 1.00000000000000e+05 
7.14657904182147e-03 1.00000000000000e+05 
7.26934249557769e-03 1.00000000000000e+05 
7.39504026155556e-03 1.00000000000000e+05 
7.52112918129724e-03 1.00000000000000e+05 
7.64734043650398e-03 1.00000000000000e+05 
7.77403755583976e-03 1.00000000000000e+05 
7.90215031746234e-03 1.00000000000000e+05 
8.03241751244424e-03 1.00000000000000e+05 
8.16575029477157e-03 1.00000000000000e+05 
8.29840568743158e-03 1.00000000000000e+05 
8.43140404982306e-03 1.00000000000000e+05 
8.56521823646633e-03 1.00000000000000e+05 
8.70062831140936e-03 1.00000000000000e+05 
8.83830106964120e-03 1.00000000000000e+05 
8.97761654026551e-03 1.00000000000000e+05 
9.11682693512422e-03 1.00000000000000e+05 
9.25651636107756e-03 1.00000000000000e+05 
9.39701742953810e-03 1.00000000000000e+05 
9.53902758893201e-03 1.00000000000000e+05 
9.68312160999945e-03 1.00000000000000e+05 
9.82849333392820e-03 1.00000000000000e+05 
9.97388441765704e-03 1.00000000000000e+05 
1.01197723561002e-02 1.00000000000000e+05 
1.02663882234907e-02 1.00000000000000e+05 
1.04144292026857e-02 1.00000000000000e+05 
1.05643754216424e-02 1.00000000000000e+05 
1.07155321283703e-02 1.00000000000000e+05 
1.08668047965984e-02 1.00000000000000e+05 
1.10185913181184e-02 1.00000000000000e+05 
1.11710678669560e-02 1.00000000000000e+05 
1.13246809385768e-02 1.00000000000000e+05 
1.14799065178534e-02 1.00000000000000e+05 
1.16365949194769e-02 1.00000000000000e+05 
1.17934330060485e-02 1.00000000000000e+05 
1.19507878762019e-02 1.00000000000000e+05 
1.21088060184544e-02 1.00000000000000e+05 
1.22678601930401e-02 1.00000000000000e+05 
1.24282004573980e-02 1.00000000000000e+05 
1.25903484186808e-02 1.00000000000000e+05 
1.27526252367233e-02 1.00000000000000e+05 
1.29153477760726e-02 1.00000000000000e+05 
1.30786520196025e-02 1.00000000000000e+05 
1.32428507709012e-02 1.00000000000000e+05 
1.34080739841277e-02 1.00000000000000e+05 
1.35746498995600e-02 1.00000000000000e+05 
1.37429273778860e-02 1.00000000000000e+05 
1.39107532617763e-02 1.00000000000000e+05 
1.40790042441894e-02 1.00000000000000e+05 
1.42479357858794e-02 1.00000000000000e+05 
1.44176451476782e-02 1.00000000000000e+05 
1.45884037806761e-02 1.00000000000000e+05 
1.47604197173991e-02 1.00000000000000e+05 
1.49339959147016e-02 1.00000000000000e+05 
1.51095576361963e-02 1.00000000000000e+05 
1.52847336598724e-02 1.00000000000000e+05 
1.54606650842441e-02 1.00000000000000e+05 
1.56375618070133e-02 1.00000000000000e+05 
1.58153973179601e-02 1.00000000000000e+05 
1.59944286294105e-02 1.00000000000000e+05 
1.61748066048498e-02 1.00000000000000e+05 
1.63567633491433e-02 1.00000000000000e+05 
1.65406640839710e-02 1.00000000000000e+05 
1.67223053782698e-02 1.00000000000000e+05 
1.69048832043477e-02 1.00000000000000e+05 
1.70885874653451e-02 1.00000000000000e+05 
1.72733590708539e-02 1.00000000000000e+05 
1.74594263024489e-02 1.00000000000000e+05 
1.76468905166255e-02 1.00000000000000e+05 
1.78359965242935e-02 1.00000000000000e+05 
1.80270473447357e-02 1.00000000000000e+05 
1.82146274647879e-02 1.00000000000000e+05 
1.84032445039552e-02 1.00000000000000e+05 
1.85930581758124e-02 1.00000000000000e+05 
1.87839719602798e-02 1.00000000000000e+05 
1.89761897050391e-02 1.00000000000000e+05 
1.91697498995591e-02 1.00000000000000e+05 
1.93648878784522e-02 1.00000000000000e+05 
1.95618295274572e-02 1.00000000000000e+05 
1.97607430472373e-02 1.00000000000000e+05 
1.99518897285023e-02 1.00000000000000e+05 
2.01441598243685e-02 1.00000000000000e+05 
2.03376848744646e-02 1.00000000000000e+05 
2.05325485034179e-02 1.00000000000000e+05 
2.07289330005126e-02 1.00000000000000e+05 
2.09269213668719e-02 1.00000000000000e+05 
2.11268104618644e-02 1.00000000000000e+05 
2.13286257652892e-02 1.00000000000000e+05 
2.15328303675876e-02 1.00000000000000e+05 
2.17314155876104e-02 1.00000000000000e+05 
2.19312677272257e-02 1.00000000000000e+05 
2.21324900108990e-02 1.00000000000000e+05 
2.23349058152028e-02 1.00000000000000e+05 
2.25386906292877e-02 1.00000000000000e+05 
2.27438278043606e-02 1.00000000000000e+05 
2.29505082331894e-02 1.00000000000000e+05 
2.31583519882748e-02 1.00000000000000e+05 
2.33669786118113e-02 1.00000000000000e+05 
2.35751824390118e-02 1.00094888838548e+05 
2.37842161344444e-02 1.01304941814086e+05 
2.39891344148329e-02 1.04312877762823e+05 
2.41957209289808e-02 1.09812419356590e+05 
2.44023517248752e-02 1.18198868040173e+05 
2.46088330410063e-02 1.29201586959853e+05 
2.48144706673127e-02 1.41288893416643e+05 
2.50207351965966e-02 1.54323508451114e+05 
2.52265167273052e-02 1.67747610426029e+05 
2.54332936597374e-02 1.77363412623224e+05 
2.56396901043686e-02 1.83871514110676e+05 
2.58473054983959e-02 1.87667510226005e+05 
2.60545763618584e-02 1.87623612997279e+05 
2.62631570653272e-02 1.87089721723372e+05 
2.64715753562829e-02 1.86286031827271e+05 
2.66813182215606e-02 1.85022689315001e+05 
2.68905562673372e-02 1.83267057260538e+05 
2.71017031754140e-02 1.80937773694770e+05 
2.73086829311471e-02 1.78289524879806e+05 
2.75207976457940e-02 1.75407471182682e+05 
2.77259329137126e-02 1.72564998185496e+05 
2.79391106977836e-02 1.69623651124193e+05 
2.81380948942691e-02 1.66990074633047e+05 
2.83524108618043e-02 1.64333848137896e+05 
2.85549866068740e-02 1.62026105882823e+05 
2.87708025755993e-02 1.59795603563197e+05 
2.89711081620088e-02 1.57936094052038e+05 
2.91878361722300e-02 1.56134835602130e+05 
2.93842573402937e-02 1.54667465791026e+05 
2.95978819927186e-02 1.53227324801712e+05 
2.97910081522893e-02 1.52043383175792e+05 
3.00015327857966e-02 1.50858549807904e+05 
3.01918406392191e-02 1.49860481240683e+05 
3.03996501873191e-02 1.48830999395779e+05 
3.05874927752469e-02 1.47938050526175e+05 
3.07928702123629e-02 1.46989116204766e+05 
3.09785166024616e-02 1.46145089644655e+05 
3.11816872702699e-02 1.45227905302823e+05 
3.13653471178616e-02 1.44398840606462e+05 
3.15664945460252e-02 1.43486293000143e+05 
3.17483422317788e-02 1.42654969046196e+05 
3.19439563116850e-02 1.41752251500976e+05 
3.21240113289411e-02 1.40913649409179e+05 
3.23167561120554e-02 1.40008057908696e+05 
3.24941014400844e-02 1.39168899843986e+05 
3.26833613360846e-02 1.38268464731077e+05 
3.28580555918534e-02 1.37434546771580e+05 
3.30439243100728e-02 1.36546117829340e+05 
3.32161611890290e-02 1.35723460205635e+05 
3.33989089013363e-02 1.34853025625563e+05 
3.35689486223857e-02 1.34046833948442e+05 
3.37488794086931e-02 1.33199231189964e+05 
3.39170089271135e-02 1.32413496050798e+05 
3.40947658304398e-02 1.31590652620071e+05 
3.42616324147628e-02 1.30826488476725e+05 
3.44378186049307e-02 1.30029320607456e+05 
3.46036551670521e-02 1.29288708299380e+05 
3.47785155612448e-02 1.28518745196722e+05 
3.49434724650036e-02 1.27803174386683e+05 
3.51132244059301e-02 1.27078225906282e+05 
3.52774178575999e-02 1.26388339536893e+05 
3.54442974935053e-02 1.25699042368191e+05 
3.56078431485535e-02 1.25035498791713e+05 
3.57797049982529e-02 1.24351101905000e+05 
3.59427075944050e-02 1.23714384636447e+05 
3.61137846872663e-02 1.23059375456505e+05 
3.62762835983590e-02 1.22449965617641e+05 
3.64466456902241e-02 1.21824553338171e+05 
3.66086945849481e-02 1.21242647301290e+05 
3.67784077468966e-02 1.20646860621944e+05 
3.69400399386476e-02 1.20092572402912e+05 
3.71091455297604e-02 1.19526562938476e+05 
3.72703622075658e-02 1.19000214485651e+05 
3.74388789151774e-02 1.18463835747937e+05 
3.75996512648065e-02 1.17965406214071e+05 
3.77675477002386e-02 1.17458616025621e+05 
3.79277875005605e-02 1.16988508190187e+05 
3.80952956212977e-02 1.16511194491230e+05 
3.82556008185525e-02 1.16067909159657e+05 
3.84232402244904e-02 1.15618402188521e+05 
3.85838648527203e-02 1.15201063710353e+05 
3.87515723729742e-02 1.14778966440187e+05 
3.89119820478983e-02 1.14388258553673e+05 
3.90796351586404e-02 1.13993459300496e+05 
3.92403954757291e-02 1.13627907121836e+05 
3.94081678155940e-02 1.13259830101873e+05 
3.95688311382192e-02 1.12920055637060e+05 
3.97363635905743e-02 1.12578778889907e+05 
3.98968055519901e-02 1.12264141642998e+05 
4.00642935352622e-02 1.11948160599414e+05 
4.02251428321240e-02 1.11656509338734e+05 
4.03928193557082e-02 1.11364566286045e+05 
4.05536007042484e-02 1.11095945003968e+05 
4.07213928242402e-02 1.10827092295377e+05 
4.08826900630301e-02 1.10579271879490e+05 
4.10507874371735e-02 1.10331019879019e+05 
4.12121462605734e-02 1.10102957151231e+05 
4.13801814026064e-02 1.09875536733920e+05 
4.15415106811964e-02 1.09666218851545e+05 
4.17093992674521e-02 1.09457144535385e+05 
4.18706150435111e-02 1.09264149677970e+05 
4.20385881014497e-02 1.09071122660112e+05 
4.22003326275158e-02 1.08891444275393e+05 
4.23686309562534e-02 1.08709972995853e+05 
4.25304631229182e-02 1.08540581496265e+05 
4.26987292235830e-02 1.08369362032240e+05 
4.28605050326577e-02 1.08208935279931e+05 
4.30289200248718e-02 1.08045833277386e+05 
4.31912772668405e-02 1.07891533381109e+05 
4.33600745539454e-02 1.07733333820354e+05 
4.35225696831136e-02 1.07582650290641e+05 
4.36913922915219e-02 1.07427053079131e+05 
4.38539345525114e-02 1.07277462166460e+05 
4.40226994787409e-02 1.07122321196889e+05 
4.41852009923346e-02 1.06971420587441e+05 
4.43541417805555e-02 1.06811990340135e+05 
4.45172688695341e-02 1.06653529457568e+05 
4.46866400437424e-02 1.06485977569842e+05 
4.48499418495681e-02 1.06322634474694e+05 
4.50193846719722e-02 1.06149880629758e+05 
4.51827725894417e-02 1.05979616773170e+05 
4.53522114140671e-02 1.05798669440068e+05 
4.55156613502994e-02 1.05618283039393e+05 
4.56850761679615e-02 1.05425927171814e+05 
4.58485817072993e-02 1.05234708153166e+05 
4.60179690185557e-02 1.05031449068500e+05 
4.61815317648926e-02 1.04829954621539e+05 
4.63508960496204e-02 1.04616772855098e+05 
4.65144791019811e-02 1.04405736718880e+05 
4.66841295255594e-02 1.04182896100251e+05 
4.68484171488938e-02 1.03962233614367e+05 
4.70186123552697e-02 1.03729024556677e+05 
4.71831303807318e-02 1.03499899229602e+05 
4.73534587161834e-02 1.03259117540825e+05 
4.75180956194789e-02 1.03023193888721e+05 
4.76884694900673e-02 1.02776167486436e+05 
4.78532226413080e-02 1.02534778987884e+05 
4.80236535817076e-02 1.02282923822948e+05 
4.81885525120216e-02 1.02037339023220e+05 
4.83590811560190e-02 1.01781910984275e+05 
4.85241646822290e-02 1.01533285456950e+05 
4.86948382927532e-02 1.01275425244103e+05 
4.88601466945412e-02 1.01024794948223e+05 
4.90310141087557e-02 1.00765392692578e+05 
4.91965883427775e-02 1.00513644091734e+05 
4.93676992742741e-02 1.00253532650769e+05 
4.95335798052614e-02 1.00001525653051e+05 
4.97049844897458e-02 9.97416518774555e+04 
4.98712101482094e-02 9.94902962939181e+04 
5.00429576988894e-02 9.92315387165644e+04 
5.02095660891220e-02 9.89816237341930e+04 
5.03817041475241e-02 9.87247162026157e+04 
5.05487323707638e-02 9.84769122931279e+04 
5.07213076542863e-02 9.82224723480677e+04 
5.08887929035869e-02 9.79772763337973e+04 
5.10618521597537e-02 9.77256916058029e+04 
5.12298335794425e-02 9.74834063042995e+04 
5.14034262080095e-02 9.72349911143034e+04 
5.15719476302428e-02 9.69958861216482e+04 
5.17461287702721e-02 9.67508719037473e+04 
5.19152406013913e-02 9.65152271880732e+04 
5.20900729734081e-02 9.62739766540350e+04 
5.22598325191766e-02 9.60422625885615e+04 
5.24353870540034e-02 9.58053613622651e+04 
5.26058583344055e-02 9.55782191003682e+04 
5.27822139021842e-02 9.53464045923611e+04 
5.29534184366726e-02 9.51247217291381e+04 
5.31302513213202e-02 9.48994216739332e+04 
5.33015595156781e-02 9.46850127261246e+04 
5.34783489168925e-02 9.44679181792833e+04 
5.36496392287877e-02 9.42618249381664e+04 
5.38266339077921e-02 9.40534241681706e+04 
5.39984857173250e-02 9.38556391911331e+04 
5.41758165724661e-02 9.36563877352541e+04 
5.43477313413462e-02 9.34679800491659e+04 
5.45249935250158e-02 9.32787269917956e+04 
5.46968870374895e-02 9.31000775846925e+04 
5.48743647993036e-02 9.29207354523552e+04 
5.50468390600317e-02 9.27512077186716e+04 
5.52246813617685e-02 9.25812462418368e+04 
5.53972388166140e-02 9.24209019841840e+04 
5.55750443263638e-02 9.22603700838593e+04 
5.57476009141376e-02 9.21090280059809e+04 
5.59256586742803e-02 9.19573951205948e+04 
5.60988314688090e-02 9.18142320862710e+04 
5.62772992088378e-02 9.16704228530909e+04 
5.64505871061800e-02 9.15345430000617e+04 
5.66290613403406e-02 9.13987217625351e+04 
5.68023392383088e-02 9.12708548854569e+04 
5.69807129569656e-02 9.11434243172772e+04 
5.71539370863443e-02 9.10235774023941e+04 
5.73321709852780e-02 9.09042417939210e+04 
5.75053583776831e-02 9.07885815777209e+04 
5.76838250274808e-02 9.06749504635227e+04 
5.78576292681821e-02 9.05689848358885e+04 
5.80365202406661e-02 9.04641276393252e+04 
5.82104567091169e-02 9.03661583225293e+04 
5.83893882723981e-02 9.02687851280938e+04 
5.85633455911040e-02 9.01777058682840e+04 
5.87422279468632e-02 9.00885862854356e+04 
5.89161809363797e-02 9.00056576378961e+04 
5.90949971519136e-02 8.99202933596662e+04 
5.92689836475679e-02 8.98392709748323e+04 
5.94481331457975e-02 8.97577381549389e+04 
5.96228432665675e-02 8.96803064573241e+04 
5.98025467138790e-02 8.96041592015934e+04 
5.99775037265051e-02 8.95331311256397e+04 
6.01573873207228e-02 8.94637942307770e+04 
6.03324832209363e-02 8.94020759542734e+04 
6.05124581366019e-02 8.93420594894059e+04 
6.06876617656236e-02 8.92872462144432e+04 
6.08677021189324e-02 8.92348124760018e+04 
6.10430032497655e-02 8.91867768056344e+04 
6.12231022124990e-02 8.91406443738889e+04 
6.13984991892149e-02 8.90990649847339e+04 
6.15786584124164e-02 8.90595860223903e+04 
6.17541544797806e-02 8.90240909632978e+04 
6.19343809502071e-02 8.89905354113110e+04 
6.21099833987049e-02 8.89606356443380e+04 
6.22902878784867e-02 8.89322348653965e+04 
6.24660059852874e-02 8.89063358056603e+04 
6.26464020005612e-02 8.88813495141683e+04 
6.28222481042656e-02 8.88581532664622e+04 
6.30027523016946e-02 8.88353634382559e+04 
6.31787412383728e-02 8.88139088629877e+04 
6.33593719978951e-02 8.87924461160091e+04 
6.35355183715389e-02 8.87717224115475e+04 
6.37162927911401e-02 8.87506948449053e+04 
6.38926082740038e-02 8.87301620003556e+04 
6.40735398978304e-02 8.87091548172470e+04 
6.42500331191060e-02 8.86885379702835e+04 
6.44311324874680e-02 8.86674103818268e+04 
6.46078113525447e-02 8.86466941947852e+04 
6.47890887284826e-02 8.86255098527904e+04 
6.49659650547361e-02 8.86048188060239e+04 
6.51474345466022e-02 8.85837569705951e+04 
6.53245227301460e-02 8.85633188988805e+04 
6.55061977660815e-02 8.85426442990403e+04 
6.56835066717223e-02 8.85227468952408e+04 
6.58653924378284e-02 8.85027853479676e+04 
6.60428940911091e-02 8.84837886321315e+04 
6.62249479492437e-02 8.84649418691100e+04 
6.64025055497084e-02 8.84472886489863e+04 
6.65845685445279e-02 8.84300632204998e+04 
6.67618770029309e-02 8.84143149920294e+04 
6.69436250150630e-02 8.83993614227364e+04 
6.71201229291522e-02 8.83862310048993e+04 
6.73009806815784e-02 8.83743596751603e+04 
6.74758292428391e-02 8.83646961759297e+04 
6.76549868097067e-02 8.83568283746800e+04 
6.78273283396074e-02 8.83515113665204e+04 
6.80043451872182e-02 8.83485372989638e+04 
6.81741243280139e-02 8.83483443332763e+04 
6.83488490301358e-02 8.83510292615735e+04 
6.85156683563604e-02 8.83565476998110e+04 
6.86876559058187e-02 8.83653767200924e+04 
6.88513236437058e-02 8.83768722571682e+04 
6.90202612084768e-02 8.83919528513774e+04 
6.91809945928080e-02 8.84093666361574e+04 
6.93469898783671e-02 8.84304602948344e+04 
6.95050696830181e-02 8.84534180332781e+04 
6.96682772029583e-02 8.84799521293796e+04 
6.98239404427268e-02 8.85077833316206e+04 
6.99845064418615e-02 8.85389023000155e+04 
7.01378651381350e-02 8.85706869480320e+04 
7.02961806970281e-02 8.86053935131297e+04 
7.04479862311719e-02 8.86402173751509e+04 
7.06046039977927e-02 8.86774840651221e+04 
7.07550911339641e-02 8.87142882223251e+04 
7.09101973530209e-02 8.87530048186525e+04 
7.10594902405083e-02 8.87907309394713e+04 
7.12134526390733e-02 8.88299040006070e+04 
7.13621158921544e-02 8.88677207116704e+04 
7.15154175228346e-02 8.89065508142971e+04 
7.16636451622693e-02 8.89437061712389e+04 
7.18164600370428e-02 8.89815079193650e+04 
7.19643614723147e-02 8.90174395227887e+04 
7.21168023511501e-02 8.90537567484282e+04 
7.22644687557467e-02 8.90881290598946e+04 
7.24166378590837e-02 8.91227323842576e+04 
7.25641590827566e-02 8.91554220612714e+04 
7.27161605603022e-02 8.91882825438338e+04 
7.28636277703082e-02 8.92193335321621e+04 
7.30155688489961e-02 8.92505665497640e+04 
7.31630747175612e-02 8.92801348446861e+04 
7.33150668030427e-02 8.93099398092919e+04 
7.34627076879733e-02 8.93382271280519e+04 
7.36148676307844e-02 8.93668118509161e+04 
7.37627440452901e-02 8.93940022223714e+04 
7.39149274831806e-02 8.94214761755553e+04 
7.40626492841788e-02 8.94476008362178e+04 
7.42148022958456e-02 8.94740129806921e+04 
7.43627819800311e-02 8.94991546993910e+04 
7.45150322554245e-02 8.95244980094668e+04 
7.46629666862718e-02 8.95485154883411e+04 
7.48153319665753e-02 8.95726393452697e+04 
7.49636696824762e-02 8.95953993848383e+04 
7.51163110553530e-02 8.96180532336405e+04 
7.52647650176248e-02 8.96392546803326e+04 
7.54177196626523e-02 8.96602095767296e+04 
7.55667652473502e-02 8.96796766117848e+04 
7.57202162471733e-02 8.96986845335234e+04 
7.58695742500156e-02 8.97161435236077e+04 
7.60233021457877e-02 8.97330175439203e+04 
7.61729508824840e-02 8.97484317967251e+04 
7.63269656263535e-02 8.97633456282297e+04 
7.64769606876928e-02 8.97769381497274e+04 
7.66313346700999e-02 8.97900226256978e+04 
7.67817560428849e-02 8.98020381279266e+04 
7.69365826744251e-02 8.98138608713697e+04 
7.70875199858932e-02 8.98251073025866e+04 
7.72429050615188e-02 8.98366696024729e+04 
7.73944575551965e-02 8.98482277658007e+04 
7.75505184877547e-02 8.98603103516387e+04 
7.77027939826054e-02 8.98728948589474e+04 
7.78596598037981e-02 8.98872343945398e+04 
7.80127762259428e-02 8.99030383594105e+04 
7.81705896699690e-02 8.99215299999150e+04 
7.83247549708582e-02 8.99420918487382e+04 
7.84833944858792e-02 8.99629496591306e+04 
7.86380932548377e-02 8.99876863056762e+04 
7.87971939742346e-02 9.00174443087835e+04 
7.89523542132307e-02 9.00503232141356e+04 
7.91118855584765e-02 9.00878890685806e+04 
7.92675353710426e-02 9.01278316419668e+04 
7.94275464633255e-02 9.01724846585248e+04 
7.95837432567617e-02 9.02192935332761e+04 
7.97443085392466e-02 9.02744478179972e+04 
7.99011197757201e-02 9.03298828825525e+04 
8.00623226915601e-02 9.03873965183312e+04 
8.02198173990079e-02 9.04446579353652e+04 
8.03817441827157e-02 9.05039361268347e+04 
8.05399907358911e-02 9.05622841290167e+04 
8.07027294511429e-02 9.06257480796771e+04 
8.08617957567784e-02 9.06923785556356e+04 
8.10254346563584e-02 9.07659989864867e+04 
8.11853842605255e-02 9.08444267061978e+04 
8.13500092643050e-02 9.09325138070829e+04 
8.15109054207081e-02 9.10270288375096e+04 
8.16766057000615e-02 9.11337252073408e+04 
8.18385169941987e-02 9.12461751827092e+04 
8.20053895692044e-02 9.13684559452488e+04 
8.21683528488274e-02 9.14941615412042e+04 
8.23360588616611e-02 9.16299020815959e+04 
8.24994257236739e-02 9.17680254688541e+04 
8.26674960505367e-02 9.19158987004504e+04 
8.28311233690094e-02 9.20649793199241e+04 
8.29994530339717e-02 9.22231856124499e+04 
8.31633258897944e-02 9.23814223515284e+04 
8.33323138259303e-02 9.25475783102708e+04 
8.34970768570720e-02 9.27143120214025e+04 
8.36668174445322e-02 9.28904678038591e+04 
8.38319263775437e-02 9.30657245372905e+04 
8.40020354522389e-02 9.32495826869892e+04 
8.41674249413081e-02 9.34312076902647e+04 
8.43379027903911e-02 9.36211008119126e+04 
8.45036430849600e-02 9.38070332581808e+04 
8.46745715118136e-02 9.39995971705133e+04 
8.48407067676543e-02 9.41864624788633e+04 
8.50121471069726e-02 9.43791351196274e+04 
8.51787206397573e-02 9.45668322709280e+04 
8.53507365298584e-02 9.47600912136936e+04 
8.55178644140008e-02 9.49470484384273e+04 
8.56905104776225e-02 9.51390534461164e+04 
8.58582594999172e-02 9.53244297211367e+04 
8.60383158075214e-02 9.55218197493079e+04 
8.62065698039621e-02 9.57032890506516e+04 
8.63856700665870e-02 9.58925459691113e+04 
8.65562406033702e-02 9.60686158543700e+04 
8.67343436162524e-02 9.62480334544680e+04 
8.69054071817657e-02 9.64160255945493e+04 
8.70825488283310e-02 9.65856230356647e+04 
8.72528681567971e-02 9.67443949789532e+04 
8.74291310374888e-02 9.69045695032005e+04 
8.75988299826638e-02 9.70552406746137e+04 
8.77743490062408e-02 9.72079683593664e+04 
8.79435381270015e-02 9.73530269898872e+04 
8.81184374100107e-02 9.75015138373339e+04 
8.82872254853612e-02 9.76444717164127e+04 
8.84616273149010e-02 9.77928288819851e+04 
8.86301212934864e-02 9.79382457046145e+04 
8.88041449124073e-02 9.80914542960664e+04 
8.89724443838796e-02 9.82438709760029e+04 
8.91461996111880e-02 9.84067449465157e+04 
8.93143940359256e-02 9.85710344607027e+04 
8.94879795769418e-02 9.87484998461587e+04 
8.96561484864175e-02 9.89292333712947e+04 
8.98296523472455e-02 9.91258559649383e+04 
8.99978668974919e-02 9.93270543725417e+04 
9.01713682208715e-02 9.95462254923342e+04 
9.03396932363597e-02 9.97705073054891e+04 
9.05132644969651e-02 1.00012854132502e+05 
9.06817599231745e-02 1.00260875384199e+05 
9.08554685911383e-02 1.00528757892496e+05 
9.10241900941948e-02 1.00800183653659e+05 
9.11980994328911e-02 1.01092397469312e+05 
9.13671014003646e-02 1.01386012091043e+05 
9.15412736862220e-02 1.01699134131073e+05 
9.17106107957037e-02 1.02010405116709e+05 
9.18851081566840e-02 1.02338006942975e+05 
9.20548325745752e-02 1.02659715521465e+05 
9.22297147546963e-02 1.02995743263942e+05 
9.23998777874822e-02 1.03321689446990e+05 
9.25752044683896e-02 1.03651059969228e+05 
9.27458599932838e-02 1.03964081282156e+05 
9.29216927436967e-02 1.04292529849264e+05 
9.30928963206587e-02 1.04592435550416e+05 
9.32692966688380e-02 1.04883970223911e+05 
9.34411021566996e-02 1.05150472997741e+05 
9.36181319027057e-02 1.05409160933501e+05 
9.37905982603347e-02 1.05628281121949e+05 
9.39683225905717e-02 1.05848373136489e+05 
9.41415105503714e-02 1.06060072464914e+05 
9.43199955619516e-02 1.06270465720184e+05 
9.44939663264480e-02 1.06464798194852e+05 
9.46732781148996e-02 1.06651953303636e+05 
9.48480945747496e-02 1.06819725376115e+05 
9.50282994991889e-02 1.06973557526742e+05 
9.52040211687114e-02 1.07101607934098e+05 
9.53851814721865e-02 1.07211711671722e+05 
9.55618685904974e-02 1.07300841472220e+05 
9.57440482855081e-02 1.07371955656995e+05 
9.59217663022828e-02 1.07420145296293e+05 
9.61050295657594e-02 1.07448221794556e+05 
9.62838346277001e-02 1.07464854153127e+05 
9.64682330501612e-02 1.07456641487501e+05 
9.66481691643965e-02 1.07423039317953e+05 
9.68337486269268e-02 1.07366235989014e+05 
9.70148632389188e-02 1.07292551086193e+05 
9.72016764587726e-02 1.07198867064587e+05 
9.73840291927809e-02 1.07082200180015e+05 
9.75721383021155e-02 1.06956582506165e+05 
9.77557985080500e-02 1.06829374066548e+05 
9.79452631943818e-02 1.06692301977208e+05 
9.81260093751552e-02 1.06554962845278e+05 
9.83167422002816e-02 1.06405102897484e+05 
9.85032202269388e-02 1.06251816536678e+05 
9.86955510960284e-02 1.06087909612116e+05 
9.88834610496024e-02 1.05923457802707e+05 
9.90772531181656e-02 1.05751627614401e+05 
9.92666733520002e-02 1.05582665970942e+05 
9.94619901033166e-02 1.05408228653724e+05 
9.96529746257542e-02 1.05238648955863e+05 
9.98498564215941e-02 1.05065270265243e+05 
1.00042455330818e-01 1.04898181211068e+05 
1.00240936775748e-01 1.04729318517767e+05 
1.00435203220602e-01 1.04568956752532e+05 
1.00635320796800e-01 1.04408535570139e+05 
1.00831312427089e-01 1.04258040457250e+05 
1.01033104016800e-01 1.04111437762673e+05 
1.01217757217057e-01 1.03983879901834e+05 
1.01420340869960e-01 1.03852366023550e+05 
1.01620069089767e-01 1.03735044832219e+05 
1.01825382586696e-01 1.03629655758803e+05 
1.02026867584179e-01 1.03542449030068e+05 
1.02233877680404e-01 1.03459320783507e+05 
1.02437332223547e-01 1.03380719609375e+05 
1.02646162854450e-01 1.03319656410990e+05 
1.02851635693539e-01 1.03277162254958e+05 
1.03062303366939e-01 1.03248986415535e+05 
1.03248155136971e-01 1.03234714030046e+05 
1.03451491351296e-01 1.03233550306606e+05 
1.03656543342947e-01 1.03246551409300e+05 
1.03870941949785e-01 1.03258853373335e+05 
1.04082762440892e-01 1.03270756992271e+05 
1.04299032821864e-01 1.03288194953412e+05 
1.04494203359959e-01 1.03310900786406e+05 
1.04703905421887e-01 1.03342636396250e+05 
1.04905990982765e-01 1.03384693259453e+05 
1.05119414905533e-01 1.03442941526059e+05 
1.05319460790831e-01 1.03511962687824e+05 
1.05531077298544e-01 1.03593766705069e+05 
1.05729609929901e-01 1.03678222031462e+05 
1.05939668842559e-01 1.03775205442844e+05 
1.06136627254011e-01 1.03871008635391e+05 
1.06343517750352e-01 1.03974611303162e+05 
1.06539777236442e-01 1.04073478021822e+05 
1.06745459418448e-01 1.04178126624657e+05 
1.06940088088802e-01 1.04273833901576e+05 
1.07144010764651e-01 1.04367234834211e+05 
1.07337044953735e-01 1.04447078946507e+05 
1.07539215734657e-01 1.04521608274108e+05 
1.07663241807427e-01 1.04570046294767e+05 
1.07792877743797e-01 1.04611657360529e+05 
1.07928529123054e-01 1.04646489298679e+05 
1.08051231497924e-01 1.04671127071652e+05 
1.08182927058506e-01 1.04690493428227e+05 
1.08324673042255e-01 1.04706981055294e+05 
1.08477402031036e-01 1.04714625606072e+05 
1.08605243401351e-01 1.04713100127755e+05 
1.08740272080719e-01 1.04695473063675e+05 
1.08884815949070e-01 1.04675896142464e+05 
1.09021661179737e-01 1.04656656389982e+05 
1.09163463839283e-01 1.04635496891454e+05 
1.09309265559664e-01 1.04613324553190e+05 
1.09451073361844e-01 1.04587437707810e+05 
1.09596968383278e-01 1.04557991895010e+05 
1.09741851824319e-01 1.04525771885993e+05 
1.09890317724586e-01 1.04487245120907e+05 
1.10037388356256e-01 1.04443081304018e+05 
1.10187908183443e-01 1.04389675108378e+05 
1.10336851501408e-01 1.04327138471504e+05 
1.10488384381024e-01 1.04253434715007e+05 
1.10639705632707e-01 1.04172094132627e+05 
1.10793694701953e-01 1.04082085101873e+05 
1.10947437701936e-01 1.03984964642642e+05 
1.11104013529534e-01 1.03879246001350e+05 
1.11260397847778e-01 1.03766806786879e+05 
1.11419816481313e-01 1.03645753721963e+05 
1.11579095954786e-01 1.03518886936142e+05 
1.11741616109418e-01 1.03383965280241e+05 
1.11904051142597e-01 1.03244149123693e+05 
1.12069912947996e-01 1.03096795504835e+05 
1.12235738458697e-01 1.02945403164370e+05 
1.12405145895826e-01 1.02787078105330e+05 
1.12574564494754e-01 1.02625569208228e+05 
1.12748622837978e-01 1.02456942015540e+05 
1.12927003148519e-01 1.02281840951869e+05 
1.13099967564595e-01 1.02110344471208e+05 
1.13279367540573e-01 1.01931212933453e+05 
1.13451438756011e-01 1.01758593024116e+05 
1.13629762608797e-01 1.01579807472303e+05 
1.13801055438003e-01 1.01407617781495e+05 
1.13978424086492e-01 1.01229755388078e+05 
1.14149030193323e-01 1.01059229130575e+05 
1.14325544015012e-01 1.00883587662775e+05 
1.14495550410369e-01 1.00715484370855e+05 
1.14671305792731e-01 1.00543010713910e+05 
1.14840797197737e-01 1.00378302859644e+05 
1.15015888244541e-01 1.00209839205747e+05 
1.15184946983440e-01 1.00048842369062e+05 
1.15359465756987e-01 9.98846664836308e+04 
1.15528171541449e-01 9.97280392447370e+04 
1.15702207908799e-01 9.95687567745747e+04 
1.15870638595600e-01 9.94168010319499e+04 
1.16044280594849e-01 9.92625352705388e+04 
1.16212511845639e-01 9.91152787872075e+04 
1.16385845498225e-01 9.89659617325854e+04 
1.16553950704997e-01 9.88232564887770e+04 
1.16727060130484e-01 9.86786552535500e+04 
1.16895112180745e-01 9.85402912267992e+04 
1.17068081037136e-01 9.84000973386946e+04 
1.17236152468922e-01 9.82657832615158e+04 
1.17409063652944e-01 9.81296850868865e+04 
1.17577225856051e-01 9.79991123950517e+04 
1.17750160852707e-01 9.78668796465537e+04 
1.17918484661828e-01 9.77399946090227e+04 
1.18091524938517e-01 9.76116278709076e+04 
1.18260080407257e-01 9.74885659781563e+04 
1.18433305741879e-01 9.73650747971078e+04 
1.18602158338786e-01 9.72465554879160e+04 
1.18775645095939e-01 9.71261128653225e+04 
1.18944856654456e-01 9.70109698436757e+04 
1.19118677677413e-01 9.68955010246071e+04 
1.19288307890527e-01 9.67892593270056e+04 
1.19462532759005e-01 9.66974189252357e+04 
1.19632640513813e-01 9.66302946277044e+04 
1.19807336910354e-01 9.65897647648013e+04 
1.19977982449871e-01 9.65827500498604e+04 
1.20153219002130e-01 9.66147241354550e+04 
1.20324465908533e-01 9.66893561336162e+04 
1.20500314846845e-01 9.68062757831901e+04 
1.20672231283045e-01 9.69571232908146e+04 
1.20848769923178e-01 9.71496439051514e+04 
1.21021428116829e-01 9.73741351099115e+04 
1.21198738113007e-01 9.76409711341737e+04 
1.21372212001846e-01 9.79356257341371e+04 
1.21550377023263e-01 9.82696027424089e+04 
1.21724741477845e-01 9.86226829103023e+04 
1.21903846832470e-01 9.90077075047918e+04 
1.22079179835112e-01 9.94029214432166e+04 
1.22259314209155e-01 9.98232280048567e+04 
1.22435700559756e-01 1.00241746226304e+05 
1.22616957389392e-01 1.00671376139449e+05 
1.22794487657149e-01 1.01085351528940e+05 
1.22976958754723e-01 1.01504251359759e+05 
1.23155708672845e-01 1.01895572690386e+05 
1.23339457216798e-01 1.02268425445771e+05 
1.23519443780229e-01 1.02597135487759e+05 
1.23704459883536e-01 1.02896228482176e+05 
1.23885589204217e-01 1.03192486675401e+05 
1.24071730826172e-01 1.03423769386043e+05 
1.24253642997715e-01 1.03589058467671e+05 
1.24440499809437e-01 1.03707745799655e+05 
1.24622433350885e-01 1.03779212059712e+05 
1.24809238934966e-01 1.03813101376348e+05 
1.24990021863550e-01 1.03775094610178e+05 
1.25175730226453e-01 1.03735540904785e+05 
1.25354059311246e-01 1.03695399740010e+05 
1.25537718449037e-01 1.03646979802461e+05 
1.25712697971433e-01 1.03596654704683e+05 
1.25893847425038e-01 1.03538685090434e+05 
1.26065391775885e-01 1.03476934078152e+05 
1.26244053947508e-01 1.03403321590440e+05 
1.26412604057351e-01 1.03324157669052e+05 
1.26592143017293e-01 1.03233267247630e+05 
1.26757757130845e-01 1.03144270665875e+05 
1.26935240192272e-01 1.03041470107284e+05 
1.27099188969092e-01 1.02942828733862e+05 
1.27275351512001e-01 1.02834817737379e+05 
1.27437839959192e-01 1.02732683018676e+05 
1.27609418022106e-01 1.02624580360437e+05 
1.27770837517311e-01 1.02521682033755e+05 
1.27940685138943e-01 1.02410839699250e+05 
1.28100069211063e-01 1.02305953142196e+05 
1.28267302574264e-01 1.02195819405215e+05 
1.28424664621595e-01 1.02093321915219e+05 
1.28589320693257e-01 1.01987796245952e+05 
1.28744726622460e-01 1.01890333951275e+05 
1.28906851872030e-01 1.01791667111075e+05 
1.29060355886475e-01 1.01700570423433e+05 
1.29219989198950e-01 1.01608728913392e+05 
1.29371786330050e-01 1.01524210450898e+05 
1.29529491530599e-01 1.01439491633449e+05 
1.29680170272292e-01 1.01361496978093e+05 
1.29836415555034e-01 1.01283660165629e+05 
1.29986115021099e-01 1.01211873962508e+05 
1.30141055995525e-01 1.01140333896309e+05 
1.30289868517160e-01 1.01074225384307e+05 
1.30443630580177e-01 1.01008515949350e+05 
1.30591646318955e-01 1.00947638191986e+05 
1.30744351826393e-01 1.00887142866601e+05 
1.30891579949988e-01 1.00830881739387e+05 
1.31043601350670e-01 1.00774733362918e+05 
1.31190694119119e-01 1.00722100403170e+05 
1.31342574422935e-01 1.00669337737579e+05 
1.31489758471710e-01 1.00619446523819e+05 
1.31641734412007e-01 1.00568962497017e+05 
1.31789165128237e-01 1.00520761615579e+05 
1.31941420804914e-01 1.00471524713968e+05 
1.32089231027673e-01 1.00424054097296e+05 
1.32241917437943e-01 1.00375134725348e+05 
1.32390291187200e-01 1.00327573780630e+05 
1.32543276049029e-01 1.00278372173559e+05 
1.32691651169355e-01 1.00230459779404e+05 
1.32844883457101e-01 1.00180751166615e+05 
1.32993905104961e-01 1.00132282349991e+05 
1.33147591738364e-01 1.00082289317463e+05 
1.33296900515377e-01 1.00033946143134e+05 
1.33450819817002e-01 9.99846025021342e+04 
1.33600415641889e-01 9.99374676725827e+04 
1.33754602858600e-01 9.98901445105429e+04 
1.33904544628509e-01 9.98457859965120e+04 
1.34059077573631e-01 9.98021825322130e+04 
1.34209433573033e-01 9.97622380391195e+04 
1.34364396451755e-01 9.97240896676261e+04 
1.34515235686780e-01 9.96902334328961e+04 
1.34670713044269e-01 9.96590306000310e+04 
1.34822104388408e-01 9.96321775008981e+04 
1.34978182406762e-01 9.96082930734818e+04 
1.35130230336231e-01 9.95886642475463e+04 
1.35287049908458e-01 9.95720544644989e+04 
1.35439879688529e-01 9.95586940381698e+04 
1.35597560664847e-01 9.95471794671417e+04 
1.35751262620526e-01 9.95370506863898e+04 
1.35909875103889e-01 9.95283642259996e+04 
1.36064532834095e-01 9.95191914436559e+04 
1.36224196244549e-01 9.95075692813047e+04 
1.36379887623439e-01 9.94935865683975e+04 
1.36540728364878e-01 9.94737971401608e+04 
1.36697517564178e-01 9.94511159949892e+04 
1.36859669752707e-01 9.94262818914186e+04 
1.37017618543030e-01 9.93901099344397e+04 
1.37180794972994e-01 9.93416812665074e+04 
1.37339467927210e-01 9.92849403787685e+04 
1.37503358553830e-01 9.92171138328004e+04 
1.37662677790354e-01 9.91428952268229e+04 
1.37832465736017e-01 9.90465851338801e+04 
1.37992306512784e-01 9.89560376683318e+04 
1.38162792306845e-01 9.88595108287819e+04 
1.38324816876603e-01 9.87648190761369e+04 
1.38497551680287e-01 9.86592663783959e+04 
1.38661588297537e-01 9.85540051039682e+04 
1.38836434115474e-01 9.84368055968680e+04 
1.39002588103103e-01 9.83186848337131e+04 
1.39179669443876e-01 9.81848373938822e+04 
1.39354665604290e-01 9.80455335564803e+04 
1.39535421968115e-01 9.78981498519139e+04 
1.39709604327732e-01 9.77531668044639e+04 
1.39889446042056e-01 9.76028908142178e+04 
1.40063114424962e-01 9.74593432543175e+04 
1.40242321631804e-01 9.73141158884292e+04 
1.40415640070248e-01 9.71768811614186e+04 
1.40594393771666e-01 9.70325211820072e+04 
1.40767501918296e-01 9.69030691874414e+04 
1.40945957016986e-01 9.67789522572747e+04 
1.41108732140943e-01 9.66721105475761e+04 
1.41286703806054e-01 9.65623018376236e+04 
1.41459818453501e-01 9.64615179805295e+04 
1.41638130325367e-01 9.63636898709295e+04 
1.41811292833338e-01 9.62777871615979e+04 
1.41989628165641e-01 9.61890202816448e+04 
1.42162990614043e-01 9.61034260927675e+04 
1.42341501561837e-01 9.60168932708907e+04 
1.42515163770119e-01 9.59352305598147e+04 
1.42693951928715e-01 9.58532891223793e+04 
1.42867993489658e-01 9.57759685125250e+04 
1.43047142873509e-01 9.57005054758906e+04 
1.43219515445920e-01 9.56319314107031e+04 
1.43399044616359e-01 9.55651788571315e+04 
1.43574086770938e-01 9.55029169275730e+04 
1.43754217934961e-01 9.54416398738183e+04 
1.43929863908445e-01 9.53845534018789e+04 
1.44110605591896e-01 9.53283205988568e+04 
1.44286955547862e-01 9.52757627629094e+04 
1.44468410710360e-01 9.52238999918655e+04 
1.44645560213592e-01 9.51752375738423e+04 
1.44827829575409e-01 9.51270289828704e+04 
1.45005147092333e-01 9.50818991843733e+04 
1.45188317241900e-01 9.50371589950652e+04 
1.45367389864750e-01 9.49950826300589e+04 
1.45551621843337e-01 9.49534081932582e+04 
1.45731825044425e-01 9.49141325236246e+04 
1.45917212730649e-01 9.48751442249102e+04 
1.46098681656408e-01 9.48384203722754e+04 
1.46285357372606e-01 9.48020497199157e+04 
1.46466976319521e-01 9.47675558479370e+04 
1.46655046060785e-01 9.47327571979767e+04 
1.46839511443700e-01 9.47000610576016e+04 
1.47029201867409e-01 9.46683576326236e+04 
1.47215415453150e-01 9.46391830150135e+04 
1.47406840468908e-01 9.46110283016617e+04 
1.47594998685203e-01 9.45820116248076e+04 
1.47788323588663e-01 9.45577598645530e+04 
1.47971661043373e-01 9.45385410966534e+04 
1.48166875478986e-01 9.45210545206912e+04 
1.48359592232624e-01 9.45070776254319e+04 
1.48557231830744e-01 9.44959796832792e+04 
1.48752523501139e-01 9.44907547953629e+04 
1.48952550574334e-01 9.44867746831904e+04 
1.49150775323877e-01 9.44833214618872e+04 
1.49353428296057e-01 9.44805467119209e+04 
1.49538489277538e-01 9.44792224188222e+04 
1.49740917105536e-01 9.44796728896075e+04 
1.49946041463273e-01 9.44826071135909e+04 
1.50076446887432e-01 9.44856999250113e+04 
1.50215050243560e-01 9.44902216279000e+04 
1.50361582090923e-01 9.44964691683531e+04 
1.50518848497424e-01 9.45048369759885e+04 
1.50688483380922e-01 9.45160492681559e+04 
1.50828677121336e-01 9.45269149621338e+04 
1.50974965531864e-01 9.45398814393207e+04 
1.51127138054187e-01 9.45546570473671e+04 
1.51276254144134e-01 9.45701098209419e+04 
1.51430979470201e-01 9.45870324592696e+04 
1.51585959030891e-01 9.46047012597200e+04 
1.51744800525294e-01 9.46233703971775e+04 
1.51904600841413e-01 9.46425635301654e+04 
1.52067573340956e-01 9.46623233218985e+04 
1.52230672819229e-01 9.46821177287192e+04 
1.52396952877835e-01 9.47021165433076e+04 
1.52563232729279e-01 9.47217610165759e+04 
1.52732910924079e-01 9.47413412158743e+04 
1.52902654391851e-01 9.47602742966214e+04 
1.53076131820976e-01 9.47789265189357e+04 
1.53249842574128e-01 9.47967362045452e+04 
1.53429313478262e-01 9.48144637091355e+04 
1.53613818544014e-01 9.48341464546807e+04 
1.53802714864687e-01 9.48548255191931e+04 
1.53995573221471e-01 9.48790469867300e+04 
1.54192269135628e-01 9.49055564736690e+04 
1.54392470998344e-01 9.49405986365368e+04 
1.54596165414092e-01 9.49872644613590e+04 
1.54802944565813e-01 9.50496836434025e+04 
1.55011160849021e-01 9.51333764933998e+04 
1.55223365003909e-01 9.52440919191912e+04 
1.55437912170737e-01 9.53909495619706e+04 
1.55654702322863e-01 9.55801641103905e+04 
1.55854145855422e-01 9.57990281642378e+04 
1.56070525141251e-01 9.60831825552763e+04 
1.56291087937676e-01 9.64371379705791e+04 
1.56512668511318e-01 9.68680598377309e+04 
1.56734532394166e-01 9.73756171271783e+04 
1.56956953639500e-01 9.79659529115769e+04 
1.57179685946703e-01 9.86432748359133e+04 
1.57403009837515e-01 9.94095451953513e+04 
1.57626657197300e-01 1.00263040061096e+05 
1.57850913453771e-01 1.01202130061151e+05 
1.58054121443908e-01 1.02118535521097e+05 
1.58275303297113e-01 1.03174393967196e+05 
1.58500842014770e-01 1.04307229868373e+05 
1.58726990835864e-01 1.05484434442980e+05 
1.58953454515731e-01 1.06679988381701e+05 
1.59180552204303e-01 1.07875514371012e+05 
1.59407998101433e-01 1.09063376090035e+05 
1.59636110704538e-01 1.10203372208247e+05 
1.59864589549208e-01 1.11259369410141e+05 
1.60093289623732e-01 1.12207210638938e+05 
1.60322278621807e-01 1.13139884890016e+05 
1.60552039612714e-01 1.13868069057997e+05 
1.60782154005797e-01 1.14404099794348e+05 
1.61012973794852e-01 1.14776921183258e+05 
1.61244183603241e-01 1.15031740225878e+05 
1.61476032633445e-01 1.15096295938877e+05 
1.61708334167252e-01 1.15113435971052e+05 
1.61941266557523e-01 1.15111351483921e+05 
1.62174697894816e-01 1.15082188535522e+05 
1.62408769201610e-01 1.15021074646968e+05 
1.62643372429938e-01 1.14923392115881e+05 
1.62878630831102e-01 1.14788445254990e+05 
1.63114437329718e-01 1.14620554909656e+05 
1.63350920323548e-01 1.14419439833692e+05 
1.63587972351995e-01 1.14188355742153e+05 
1.63825718389396e-01 1.13935067437955e+05 
1.64064055321178e-01 1.13664917492981e+05 
1.64303094207877e-01 1.13383012512271e+05 
1.64542296913934e-01 1.13095277678707e+05 
1.64781515488485e-01 1.12805451763175e+05 
1.65020670950914e-01 1.12518826411221e+05 
1.65259770797235e-01 1.12238433204196e+05 
1.65498811145286e-01 1.11968257543257e+05 
1.65737803928093e-01 1.11710160794140e+05 
1.65976756563670e-01 1.11464519871153e+05 
1.66215666780613e-01 1.11228433454543e+05 
1.66454551270550e-01 1.11004872405964e+05 
1.66693407216640e-01 1.10809185667149e+05 
1.66932230596211e-01 1.10632703459922e+05 
1.67171025275318e-01 1.10484880943848e+05 
1.67409789385701e-01 1.10341296706662e+05 
1.67648522954694e-01 1.10198160325019e+05 
1.67887233704482e-01 1.10059136403936e+05 
1.68125918807480e-01 1.09927390675588e+05 
1.68364586953458e-01 1.09800341883096e+05 
1.68603235170432e-01 1.09674466424053e+05 
1.68841873092425e-01 1.09549097315152e+05 
1.69080496117971e-01 1.09421569248593e+05 
1.69319115421062e-01 1.09291438732023e+05 
1.69557724761372e-01 1.09161529869145e+05 
1.69796336501559e-01 1.09022650777707e+05 
1.70034942782465e-01 1.08876005648991e+05 
1.70273556587711e-01 1.08720383550471e+05 
1.70512168333895e-01 1.08557460317980e+05 
1.70750791104370e-01 1.08385903679624e+05 
1.70989413266152e-01 1.08205483737717e+05 
1.71228048197283e-01 1.08019417887428e+05 
1.71466684497483e-01 1.07828980055641e+05 
1.71705335577239e-01 1.07635217181878e+05 
1.71943988427886e-01 1.07438355365557e+05 
1.72182656038355e-01 1.07240307543520e+05 
1.72421324819639e-01 1.07041994968707e+05 
1.72660007691837e-01 1.06843104542042e+05 
1.72898691329386e-01 1.06643491386345e+05 
1.73137388731953e-01 1.06444687553137e+05 
1.73376086259199e-01 1.06248854874146e+05 
1.73614797416447e-01 1.06060361025136e+05 
1.73853508074183e-01 1.05880187367709e+05 
1.74092232309448e-01 1.05707538390449e+05 
1.74330956547653e-01 1.05543883417008e+05 
1.74506260947346e-01 1.05429129833082e+05 
1.74691037792857e-01 1.05312398380073e+05 
1.74883518334856e-01 1.05195314985900e+05 
1.75083367659683e-01 1.05078647405086e+05 
1.75277343597328e-01 1.04968241559611e+05 
1.75479099185953e-01 1.04854003792110e+05 
1.75680983974800e-01 1.04739512109130e+05 
1.75883192259004e-01 1.04630185285503e+05 
1.76092423922466e-01 1.04506864328270e+05 
1.76298387307455e-01 1.04376002635259e+05 
1.76511614665599e-01 1.04232989613945e+05 
1.76721851209909e-01 1.04085905367995e+05 
1.76938180010275e-01 1.03926766726081e+05 
1.77154279748262e-01 1.03765653928950e+05 
1.77376168501694e-01 1.03603182439564e+05 
1.77597840897555e-01 1.03438507984842e+05 
1.77825224683142e-01 1.03261873610518e+05 
1.78052686179253e-01 1.03077986620181e+05 
1.78285550883111e-01 1.02878806380149e+05 
1.78518939060469e-01 1.02666367361440e+05 
1.78754884636194e-01 1.02446670978623e+05 
1.78992308498298e-01 1.02220695841142e+05 
1.79229628084749e-01 1.01992210339205e+05 
1.79466889171550e-01 1.01763037018825e+05 
1.79704059963685e-01 1.01535751254609e+05 
1.79941178863151e-01 1.01312539262362e+05 
1.80178225213169e-01 1.01094948313292e+05 
1.80415229521944e-01 1.00884231165486e+05 
1.80652180529289e-01 1.00683152125556e+05 
1.80889100607304e-01 1.00494118952232e+05 
1.81125988010982e-01 1.00310371245498e+05 
1.81362856928847e-01 1.00143402945491e+05 
1.81599717500291e-01 9.99915207911092e+04 
1.81836575759962e-01 9.98528076083035e+04 
1.82073455029417e-01 9.97245194845471e+04 
1.82310350425311e-01 9.96086920867580e+04 
1.82547292985566e-01 9.94929003276409e+04 
1.82784269236889e-01 9.93773642816912e+04 
1.83021316418941e-01 9.92640442065961e+04 
1.83258409636931e-01 9.91520121069136e+04 
1.83495591253921e-01 9.90440645015055e+04 
1.83732827882494e-01 9.89413631016164e+04 
1.83970003310067e-01 9.88419383220656e+04 
1.84207100394219e-01 9.87459728594985e+04 
1.84444091399785e-01 9.86535007424571e+04 
1.84681010118566e-01 9.85633050614373e+04 
1.84917837263246e-01 9.84756748251866e+04 
1.85154602696381e-01 9.83892772886709e+04 
1.85391294475679e-01 9.83036448558433e+04 
1.85627935340010e-01 9.82169459915010e+04 
1.85864523233842e-01 9.81333406690667e+04 
1.86101073610865e-01 9.80448761271375e+04 
1.86337593642742e-01 9.79528962831003e+04 
1.86574090425823e-01 9.78601491776703e+04 
1.86810580654631e-01 9.77655604029693e+04 
1.87047063634594e-01 9.76785609125831e+04 
1.87283565800474e-01 9.75965126544870e+04 
1.87520078163420e-01 9.75132826235047e+04 
1.87756636712921e-01 9.74270049206825e+04 
1.87993223540706e-01 9.73365574981059e+04 
1.88229883902284e-01 9.72597864555468e+04 
1.88466590130424e-01 9.71730846722176e+04 
1.88703397991946e-01 9.70744527463871e+04 
1.88940266799876e-01 9.69734447256089e+04 
1.89177263778693e-01 9.68748609135232e+04 
1.89414334233484e-01 9.67811739485772e+04 
1.89651554459400e-01 9.66948635468071e+04 
1.89888860403729e-01 9.66200539359949e+04 
1.90126335162128e-01 9.65603900749834e+04 
1.90363827535310e-01 9.65185101452514e+04 
1.90601325133041e-01 9.64907846737896e+04 
1.90838734748115e-01 9.64850381790445e+04 
1.91076190316948e-01 9.65114556490381e+04 
1.91313580504683e-01 9.65664153839872e+04 
1.91551060697353e-01 9.66523130623441e+04 
1.91788515065237e-01 9.67483349240698e+04 
1.92026111548540e-01 9.68572936407248e+04 
1.92263722986421e-01 9.69923380372816e+04 
1.92501527359152e-01 9.71345012727760e+04 
1.92739386963721e-01 9.72848654672367e+04 
1.92977487703921e-01 9.74568929219974e+04 
1.93215679716363e-01 9.76447796471726e+04 
1.93454155877448e-01 9.78523042872319e+04 
1.93692751977099e-01 9.80816798065311e+04 
1.93931667289140e-01 9.83302373151244e+04 
1.94170728013945e-01 9.85795885723120e+04 
1.94410173707326e-01 9.88276660572855e+04 
1.94649756459361e-01 9.90739850006914e+04 
1.94889728785780e-01 9.93129394137268e+04 
1.95129851446818e-01 9.95470201549829e+04 
1.95370144460510e-01 9.97637408104948e+04 
1.95610773589412e-01 9.99547338266005e+04 
1.95851852519103e-01 1.00132253375263e+05 
1.96093095152921e-01 1.00264382930101e+05 
1.96334677336230e-01 1.00356531167726e+05 
1.96576479751161e-01 1.00410924371384e+05 
1.96818485521167e-01 1.00434855733730e+05 
1.97060837835125e-01 1.00427778071722e+05 
1.97303295283534e-01 1.00412207939594e+05 
1.97546178214099e-01 1.00384536878620e+05 
1.97789107874515e-01 1.00344447638273e+05 
1.98032479442827e-01 1.00293600291918e+05 
1.98275894119953e-01 1.00226857247724e+05 
1.98519682483834e-01 1.00146544050487e+05 
1.98763598329758e-01 1.00055870122834e+05 
1.99007739808193e-01 9.99564503198342e+04 
1.99252058856623e-01 9.98494736191442e+04 
1.99496545825761e-01 9.97363222607535e+04 
1.99741210352754e-01 9.96190895023535e+04 
1.99986040402595e-01 9.94981137934132e+04 
2.00231048889921e-01 9.93749741370026e+04 
