# Liste des scalaires : TEMPS pmat 
0.00000000000000e+00 1.00000000000000e+05 
7.22956891292051e-05 1.00000000000000e+05 
1.33121779621889e-04 1.00000000000000e+05 
1.91350121636139e-04 1.00000000000000e+05 
2.48205202971464e-04 1.00000000000000e+05 
3.04378416912492e-04 1.00000000000000e+05 
3.57716908235297e-04 1.00000000000000e+05 
4.13432067493878e-04 1.00000000000000e+05 
4.70293840067838e-04 1.00000000000000e+05 
5.18474368751160e-04 1.00000000000000e+05 
5.67650751085572e-04 1.00000000000000e+05 
6.21744771653425e-04 1.00000000000000e+05 
6.80800695681302e-04 1.00000000000000e+05 
7.28444917083990e-04 1.00000000000000e+05 
7.80853560626947e-04 1.00000000000000e+05 
8.28660090392037e-04 1.00000000000000e+05 
8.78101011915275e-04 1.00000000000000e+05 
9.29006893777559e-04 1.00000000000000e+05 
9.85003363826071e-04 1.00000000000000e+05 
1.03483144803412e-03 1.00000000000000e+05 
1.08793520289125e-03 1.00000000000000e+05 
1.13962349501917e-03 1.00000000000000e+05 
1.19236657535822e-03 1.00000000000000e+05 
1.24608865403489e-03 1.00000000000000e+05 
1.30351940855572e-03 1.00000000000000e+05 
1.35691908256612e-03 1.00000000000000e+05 
1.41235170128393e-03 1.00000000000000e+05 
1.46930541993259e-03 1.00000000000000e+05 
1.53071813847971e-03 1.00000000000000e+05 
1.58628320506237e-03 1.00000000000000e+05 
1.64451380262306e-03 1.00000000000000e+05 
1.70188986183451e-03 1.00000000000000e+05 
1.75983196158948e-03 1.00000000000000e+05 
1.81756271282910e-03 1.00000000000000e+05 
1.87813574793320e-03 1.00000000000000e+05 
1.93758261651178e-03 1.00000000000000e+05 
1.99767325128926e-03 1.00000000000000e+05 
2.05748837319925e-03 1.00000000000000e+05 
2.12008379832710e-03 1.00000000000000e+05 
2.18480064275791e-03 1.00000000000000e+05 
2.25426318273213e-03 1.00000000000000e+05 
2.31630587493832e-03 1.00000000000000e+05 
2.38115187273764e-03 1.00000000000000e+05 
2.44825354202985e-03 1.00000000000000e+05 
2.51995382994618e-03 1.00000000000000e+05 
2.58417587197897e-03 1.00000000000000e+05 
2.65088572984883e-03 1.00000000000000e+05 
2.71652725406615e-03 1.00000000000000e+05 
2.78310433605997e-03 1.00000000000000e+05 
2.85017198776724e-03 1.00000000000000e+05 
2.91947525303359e-03 1.00000000000000e+05 
2.98833018666384e-03 1.00000000000000e+05 
3.05793006455979e-03 1.00000000000000e+05 
3.12796126158372e-03 1.00000000000000e+05 
3.19998856281305e-03 1.00000000000000e+05 
3.27190912866996e-03 1.00000000000000e+05 
3.34434044583290e-03 1.00000000000000e+05 
3.41737442539682e-03 1.00000000000000e+05 
3.49209359947887e-03 1.00000000000000e+05 
3.57040586980367e-03 1.00000000000000e+05 
3.65240789963546e-03 1.00000000000000e+05 
3.73058745600289e-03 1.00000000000000e+05 
3.81024072839911e-03 1.00000000000000e+05 
3.89197959211619e-03 1.00000000000000e+05 
3.97736440334711e-03 1.00000000000000e+05 
4.06194320573225e-03 1.00000000000000e+05 
4.14728480880522e-03 1.00000000000000e+05 
4.23155638489869e-03 1.00000000000000e+05 
4.31610225356501e-03 1.00000000000000e+05 
4.40118415230650e-03 1.00000000000000e+05 
4.48880555034894e-03 1.00000000000000e+05 
4.57871338290182e-03 1.00000000000000e+05 
4.66827313725603e-03 1.00000000000000e+05 
4.75880788555921e-03 1.00000000000000e+05 
4.85175405605730e-03 1.00000000000000e+05 
4.94826094521004e-03 1.00000000000000e+05 
5.04561665748294e-03 1.00000000000000e+05 
5.14342821249065e-03 1.00000000000000e+05 
5.24221249036109e-03 1.00000000000000e+05 
5.34290155939077e-03 1.00000000000000e+05 
5.44659533088659e-03 1.00000000000000e+05 
5.55400965148372e-03 1.00000000000000e+05 
5.65944936963308e-03 1.00000000000000e+05 
5.76535597125783e-03 1.00000000000000e+05 
5.87239460354625e-03 1.00000000000000e+05 
5.98154343823111e-03 1.00000000000000e+05 
6.09428011038239e-03 1.00000000000000e+05 
6.20703914312650e-03 1.00000000000000e+05 
6.31955821459446e-03 1.00000000000000e+05 
6.43286771062036e-03 1.00000000000000e+05 
6.54774268884722e-03 1.00000000000000e+05 
6.66517018747564e-03 1.00000000000000e+05 
6.78668849793102e-03 1.00000000000000e+05 
6.90619564069805e-03 1.00000000000000e+05 
7.02582815465651e-03 1.00000000000000e+05 
7.14657904182147e-03 1.00000000000000e+05 
7.26934249557769e-03 1.00000000000000e+05 
7.39504026155556e-03 1.00000000000000e+05 
7.52112918129724e-03 1.00000000000000e+05 
7.64734043650398e-03 1.00000000000000e+05 
7.77403755583976e-03 1.00000000000000e+05 
7.90215031746234e-03 1.00000000000000e+05 
8.03241751244424e-03 1.00000000000000e+05 
8.16575029477157e-03 1.00000000000000e+05 
8.29840568743158e-03 1.00000000000000e+05 
8.43140404982306e-03 1.00000000000000e+05 
8.56521823646633e-03 1.00000000000000e+05 
8.70062831140936e-03 1.00000000000000e+05 
8.83830106964120e-03 1.00000000000000e+05 
8.97761654026551e-03 1.00000000000000e+05 
9.11682693512422e-03 1.00000000000000e+05 
9.25651636107756e-03 1.00000000000000e+05 
9.39701742953810e-03 1.00000000000000e+05 
9.53902758893201e-03 1.00000000000000e+05 
9.68312160999945e-03 1.00000000000000e+05 
9.82849333392820e-03 1.00000000000000e+05 
9.97388441765704e-03 1.00000000000000e+05 
1.01197723561002e-02 1.00000000000000e+05 
1.02663882234907e-02 1.00000000000000e+05 
1.04144292026857e-02 1.00000000000000e+05 
1.05643754216424e-02 1.00000000000000e+05 
1.07155321283703e-02 1.00000000000000e+05 
1.08668047965984e-02 1.00000000000000e+05 
1.10185913181184e-02 1.00000000000000e+05 
1.11710678669560e-02 1.00000000000000e+05 
1.13246809385768e-02 1.00000000000000e+05 
1.14799065178534e-02 1.00000000000000e+05 
1.16365949194769e-02 1.00000000000000e+05 
1.17934330060485e-02 1.00000000000000e+05 
1.19507878762019e-02 1.00000000000000e+05 
1.21088060184544e-02 1.00000000000000e+05 
1.22678601930401e-02 1.00000000000000e+05 
1.24282004573980e-02 1.00000000000000e+05 
1.25903484186808e-02 1.00000000000000e+05 
1.27526252367233e-02 1.00000000000000e+05 
1.29153477760726e-02 1.00000000000000e+05 
1.30786520196025e-02 1.00000000000000e+05 
1.32428507709012e-02 1.00000000000000e+05 
1.34080739841277e-02 1.00000000000000e+05 
1.35746498995600e-02 1.00000000000000e+05 
1.37429273778860e-02 1.00000000000000e+05 
1.39107532617763e-02 1.00000000000000e+05 
1.40790042441894e-02 1.00000000000000e+05 
1.42479357858794e-02 1.00000000000000e+05 
1.44176451476782e-02 1.00000000000000e+05 
1.45884037806761e-02 1.00000000000000e+05 
1.47604197173991e-02 1.00000000000000e+05 
1.49339959147016e-02 1.00000000000000e+05 
1.51095576361963e-02 1.00000000000000e+05 
1.52847336598724e-02 1.00000000000000e+05 
1.54606650842441e-02 1.00000000000000e+05 
1.56375618070133e-02 1.00000000000000e+05 
1.58153973179601e-02 1.00000000000000e+05 
1.59944286294105e-02 1.00000000000000e+05 
1.61748066048498e-02 1.00000000000000e+05 
1.63567633491433e-02 1.00000000000000e+05 
1.65406640839710e-02 1.00000000000000e+05 
1.67223053782698e-02 1.00000000000000e+05 
1.69048832043477e-02 1.00000000000000e+05 
1.70885874653451e-02 1.00000000000000e+05 
1.72733590708539e-02 1.00000000000000e+05 
1.74594263024489e-02 1.00000000000000e+05 
1.76468905166255e-02 1.00000000000000e+05 
1.78359965242935e-02 1.00000000000000e+05 
1.80270473447357e-02 1.00000000000000e+05 
1.82146274647879e-02 1.00000000000000e+05 
1.84032445039552e-02 1.00000000000000e+05 
1.85930581758124e-02 1.00000000000000e+05 
1.87839719602798e-02 1.00000000000000e+05 
1.89761897050391e-02 1.00000000000000e+05 
1.91697498995591e-02 1.00000000000000e+05 
1.93648878784522e-02 1.00000000000000e+05 
1.95618295274572e-02 1.00000000000000e+05 
1.97607430472373e-02 1.00000000000000e+05 
1.99518897285023e-02 1.00000000000000e+05 
2.01441598243685e-02 1.00000000000000e+05 
2.03376848744646e-02 1.00000000000000e+05 
2.05325485034179e-02 1.00000000000000e+05 
2.07289330005126e-02 1.00000000000000e+05 
2.09269213668719e-02 1.00000000000000e+05 
2.11268104618644e-02 1.00000000000000e+05 
2.13286257652892e-02 1.00000000000000e+05 
2.15328303675876e-02 1.00000000000000e+05 
2.17314155876104e-02 1.00000000000000e+05 
2.19312677272257e-02 1.00000000000000e+05 
2.21324900108990e-02 1.00000000000000e+05 
2.23349058152028e-02 1.00000000000000e+05 
2.25386906292877e-02 1.00000000000000e+05 
2.27438278043606e-02 1.00000000000000e+05 
2.29505082331894e-02 1.00000000000000e+05 
2.31583519882748e-02 1.00000000000000e+05 
2.33669786118113e-02 1.00000000000000e+05 
2.35751824390118e-02 1.00000000000000e+05 
2.37842161344444e-02 1.00000000000000e+05 
2.39891344148329e-02 1.00000000000000e+05 
2.41957209289808e-02 1.00000000000000e+05 
2.44023517248752e-02 1.00000000000000e+05 
2.46088330410063e-02 1.00000000000000e+05 
2.48144706673127e-02 1.00000000000000e+05 
2.50207351965966e-02 1.00000000000000e+05 
2.52265167273052e-02 1.00000000000000e+05 
2.54332936597374e-02 1.00000000000000e+05 
2.56396901043686e-02 1.00000000000000e+05 
2.58473054983959e-02 1.00000000000000e+05 
2.60545763618584e-02 1.00000000000000e+05 
2.62631570653272e-02 1.00000000000000e+05 
2.64715753562829e-02 1.00000000000000e+05 
2.66813182215606e-02 1.00000000000000e+05 
2.68905562673372e-02 1.00000000000000e+05 
2.71017031754140e-02 1.00000000000000e+05 
2.73086829311471e-02 1.00000000000000e+05 
2.75207976457940e-02 1.00000000000000e+05 
2.77259329137126e-02 1.00000000000000e+05 
2.79391106977836e-02 1.00000000000000e+05 
2.81380948942691e-02 1.00000000000000e+05 
2.83524108618043e-02 1.00000000000000e+05 
2.85549866068740e-02 1.00000000000000e+05 
2.87708025755993e-02 1.00000000000000e+05 
2.89711081620088e-02 1.00000000000000e+05 
2.91878361722300e-02 1.00000000000000e+05 
2.93842573402937e-02 1.00000000000000e+05 
2.95978819927186e-02 1.00000000000000e+05 
2.97910081522893e-02 1.00000000000000e+05 
3.00015327857966e-02 1.00000000000000e+05 
3.01918406392191e-02 1.00000000000000e+05 
3.03996501873191e-02 1.00000000000000e+05 
3.05874927752469e-02 1.00000000000000e+05 
3.07928702123629e-02 1.00000000000000e+05 
3.09785166024616e-02 1.00000000000000e+05 
3.11816872702699e-02 1.00000000000000e+05 
3.13653471178616e-02 1.00000000000000e+05 
3.15664945460252e-02 1.00000000000000e+05 
3.17483422317788e-02 1.00000000000000e+05 
3.19439563116850e-02 1.00000000000000e+05 
3.21240113289411e-02 1.00000000000000e+05 
3.23167561120554e-02 1.00000000000000e+05 
3.24941014400844e-02 1.00000000000000e+05 
3.26833613360846e-02 1.00000000000000e+05 
3.28580555918534e-02 1.00000000000000e+05 
3.30439243100728e-02 1.00000000000000e+05 
3.32161611890290e-02 1.00000000000000e+05 
3.33989089013363e-02 1.00000000000000e+05 
3.35689486223857e-02 1.00000000000000e+05 
3.37488794086931e-02 1.00000000000000e+05 
3.39170089271135e-02 1.00000000000000e+05 
3.40947658304398e-02 1.00000000000000e+05 
3.42616324147628e-02 1.00000000000000e+05 
3.44378186049307e-02 1.00000000000000e+05 
3.46036551670521e-02 1.00000000000000e+05 
3.47785155612448e-02 1.00000000000000e+05 
3.49434724650036e-02 1.00000000000000e+05 
3.51132244059301e-02 1.00000000000000e+05 
3.52774178575999e-02 1.00000000000000e+05 
3.54442974935053e-02 1.00000000000000e+05 
3.56078431485535e-02 1.00000000000000e+05 
3.57797049982529e-02 1.00000000000000e+05 
3.59427075944050e-02 1.00000000000000e+05 
3.61137846872663e-02 1.00000000000000e+05 
3.62762835983590e-02 1.00000000000000e+05 
3.64466456902241e-02 1.00000000000000e+05 
3.66086945849481e-02 1.00000000000000e+05 
3.67784077468966e-02 1.00000000000000e+05 
3.69400399386476e-02 1.00000000000000e+05 
3.71091455297604e-02 1.00000000000000e+05 
3.72703622075658e-02 1.00000000000000e+05 
3.74388789151774e-02 1.00000000000000e+05 
3.75996512648065e-02 1.00000000000000e+05 
3.77675477002386e-02 1.00000000000000e+05 
3.79277875005605e-02 1.00000000000000e+05 
3.80952956212977e-02 1.00000000000000e+05 
3.82556008185525e-02 1.00000000000000e+05 
3.84232402244904e-02 1.00000000000000e+05 
3.85838648527203e-02 1.00000000000000e+05 
3.87515723729742e-02 1.00000000000000e+05 
3.89119820478983e-02 1.00000000000000e+05 
3.90796351586404e-02 1.00000000000000e+05 
3.92403954757291e-02 1.00000000000000e+05 
3.94081678155940e-02 1.00000000000000e+05 
3.95688311382192e-02 1.00000000000000e+05 
3.97363635905743e-02 1.00000000000000e+05 
3.98968055519901e-02 1.00000000000000e+05 
4.00642935352622e-02 1.00000000000000e+05 
4.02251428321240e-02 1.00000000000000e+05 
4.03928193557082e-02 1.00000000000000e+05 
4.05536007042484e-02 1.00000000000000e+05 
4.07213928242402e-02 1.00000000000000e+05 
4.08826900630301e-02 1.00000000000000e+05 
4.10507874371735e-02 1.00000000000000e+05 
4.12121462605734e-02 1.00000000000000e+05 
4.13801814026064e-02 1.00000000000000e+05 
4.15415106811964e-02 1.00000000000000e+05 
4.17093992674521e-02 1.00000000000000e+05 
4.18706150435111e-02 1.00000000000000e+05 
4.20385881014497e-02 1.00000000000000e+05 
4.22003326275158e-02 1.00000000000000e+05 
4.23686309562534e-02 1.00000000000000e+05 
4.25304631229182e-02 1.00000000000000e+05 
4.26987292235830e-02 1.00000000000000e+05 
4.28605050326577e-02 1.00000000000000e+05 
4.30289200248718e-02 1.00000000000000e+05 
4.31912772668405e-02 1.00000000000000e+05 
4.33600745539454e-02 1.00000000000000e+05 
4.35225696831136e-02 1.00000000000000e+05 
4.36913922915219e-02 1.00000000000000e+05 
4.38539345525114e-02 1.00000000000000e+05 
4.40226994787409e-02 1.00000000000000e+05 
4.41852009923346e-02 1.00000000000000e+05 
4.43541417805555e-02 1.00000000000000e+05 
4.45172688695341e-02 1.00000000000000e+05 
4.46866400437424e-02 1.00000000000000e+05 
4.48499418495681e-02 1.00000000000000e+05 
4.50193846719722e-02 1.00000000000000e+05 
4.51827725894417e-02 1.00000000000000e+05 
4.53522114140671e-02 1.00000000000000e+05 
4.55156613502994e-02 1.00000000000000e+05 
4.56850761679615e-02 1.00000000000000e+05 
4.58485817072993e-02 1.00000000000000e+05 
4.60179690185557e-02 1.00000000000000e+05 
4.61815317648926e-02 1.00000000000000e+05 
4.63508960496204e-02 1.00000000000000e+05 
4.65144791019811e-02 1.00000000000000e+05 
4.66841295255594e-02 1.00000000000000e+05 
4.68484171488938e-02 1.00000000000000e+05 
4.70186123552697e-02 1.00000000000000e+05 
4.71831303807318e-02 1.00000000000000e+05 
4.73534587161834e-02 1.00000000000000e+05 
4.75180956194789e-02 1.00000000000000e+05 
4.76884694900673e-02 1.00000000000000e+05 
4.78532226413080e-02 1.00000000000000e+05 
4.80236535817076e-02 1.00000000000000e+05 
4.81885525120216e-02 1.00000000000000e+05 
4.83590811560190e-02 1.00000000000000e+05 
4.85241646822290e-02 1.00000000000000e+05 
4.86948382927532e-02 1.00000000000000e+05 
4.88601466945412e-02 1.00000000000000e+05 
4.90310141087557e-02 1.00000000000000e+05 
4.91965883427775e-02 1.00000000000000e+05 
4.93676992742741e-02 1.00000000000000e+05 
4.95335798052614e-02 1.00000000000000e+05 
4.97049844897458e-02 1.00000000000000e+05 
4.98712101482094e-02 1.00000000000000e+05 
5.00429576988894e-02 1.00000000000000e+05 
5.02095660891220e-02 1.00000000000000e+05 
5.03817041475241e-02 1.00000000000000e+05 
5.05487323707638e-02 1.00000000000000e+05 
5.07213076542863e-02 1.00000000000000e+05 
5.08887929035869e-02 1.00000000000000e+05 
5.10618521597537e-02 1.00000000000000e+05 
5.12298335794425e-02 1.00000000000000e+05 
5.14034262080095e-02 1.00000000000000e+05 
5.15719476302428e-02 1.00000000000000e+05 
5.17461287702721e-02 1.00000000000000e+05 
5.19152406013913e-02 1.00000000000000e+05 
5.20900729734081e-02 1.00000000000000e+05 
5.22598325191766e-02 1.00000000000000e+05 
5.24353870540034e-02 1.00000000000000e+05 
5.26058583344055e-02 1.00000000000000e+05 
5.27822139021842e-02 1.00000000000000e+05 
5.29534184366726e-02 1.00000000000000e+05 
5.31302513213202e-02 1.00000000000000e+05 
5.33015595156781e-02 1.00000000000000e+05 
5.34783489168925e-02 1.00000000000000e+05 
5.36496392287877e-02 1.00000000000000e+05 
5.38266339077921e-02 1.00000000000000e+05 
5.39984857173250e-02 1.00000000000000e+05 
5.41758165724661e-02 1.00000000000000e+05 
5.43477313413462e-02 1.00000000000000e+05 
5.45249935250158e-02 1.00000000000000e+05 
5.46968870374895e-02 1.00000000000000e+05 
5.48743647993036e-02 1.00000000000000e+05 
5.50468390600317e-02 1.00000000000000e+05 
5.52246813617685e-02 1.00000000000000e+05 
5.53972388166140e-02 1.00000000000000e+05 
5.55750443263638e-02 1.00000000000000e+05 
5.57476009141376e-02 1.00000000000000e+05 
5.59256586742803e-02 1.00000000000000e+05 
5.60988314688090e-02 1.00000000000000e+05 
5.62772992088378e-02 1.00000000000000e+05 
5.64505871061800e-02 1.00000000000000e+05 
5.66290613403406e-02 1.00000000000000e+05 
5.68023392383088e-02 1.00000000000000e+05 
5.69807129569656e-02 1.00000000000000e+05 
5.71539370863443e-02 1.00000000000000e+05 
5.73321709852780e-02 1.00000000000000e+05 
5.75053583776831e-02 1.00000000000000e+05 
5.76838250274808e-02 1.00000000000000e+05 
5.78576292681821e-02 1.00000000000000e+05 
5.80365202406661e-02 1.00000000000000e+05 
5.82104567091169e-02 1.00000000000000e+05 
5.83893882723981e-02 1.00000000000000e+05 
5.85633455911040e-02 1.00000000000000e+05 
5.87422279468632e-02 1.00000000000000e+05 
5.89161809363797e-02 1.00000000000000e+05 
5.90949971519136e-02 1.00000000000000e+05 
5.92689836475679e-02 1.00000000000000e+05 
5.94481331457975e-02 1.00000000000000e+05 
5.96228432665675e-02 1.00000000000000e+05 
5.98025467138790e-02 1.00000000000000e+05 
5.99775037265051e-02 1.00000000000000e+05 
6.01573873207228e-02 1.00000000000000e+05 
6.03324832209363e-02 1.00000000000000e+05 
6.05124581366019e-02 1.00000000000000e+05 
6.06876617656236e-02 1.00000000000000e+05 
6.08677021189324e-02 1.00000000000000e+05 
6.10430032497655e-02 1.00000000000000e+05 
6.12231022124990e-02 1.00000000000000e+05 
6.13984991892149e-02 1.00000000000000e+05 
6.15786584124164e-02 1.00000000000000e+05 
6.17541544797806e-02 1.00000000000000e+05 
6.19343809502071e-02 1.00000000000000e+05 
6.21099833987049e-02 1.00000000000000e+05 
6.22902878784867e-02 1.00000000000000e+05 
6.24660059852874e-02 1.00000000000000e+05 
6.26464020005612e-02 1.00000000000000e+05 
6.28222481042656e-02 1.00000000000000e+05 
6.30027523016946e-02 1.00000000000000e+05 
6.31787412383728e-02 1.00000000000000e+05 
6.33593719978951e-02 1.00000000000000e+05 
6.35355183715389e-02 1.00000000000000e+05 
6.37162927911401e-02 1.00000000000000e+05 
6.38926082740038e-02 1.00000000000000e+05 
6.40735398978304e-02 1.00000000000000e+05 
6.42500331191060e-02 1.00000000000000e+05 
6.44311324874680e-02 1.00000000000000e+05 
6.46078113525447e-02 1.00000000000000e+05 
6.47890887284826e-02 1.00000000000000e+05 
6.49659650547361e-02 1.00000000000000e+05 
6.51474345466022e-02 1.00000000000000e+05 
6.53245227301460e-02 1.00000000000000e+05 
6.55061977660815e-02 1.00000000000000e+05 
6.56835066717223e-02 1.00000000000000e+05 
6.58653924378284e-02 1.00000000000000e+05 
6.60428940911091e-02 1.00000000000000e+05 
6.62249479492437e-02 1.00000000000000e+05 
6.64025055497084e-02 1.00000000000000e+05 
6.65845685445279e-02 1.00000000000000e+05 
6.67618770029309e-02 1.00000000000000e+05 
6.69436250150630e-02 1.00000000000000e+05 
6.71201229291522e-02 1.00000000000000e+05 
6.73009806815784e-02 1.00000000000000e+05 
6.74758292428391e-02 1.00000000000000e+05 
6.76549868097067e-02 1.00000000000000e+05 
6.78273283396074e-02 1.00000000000000e+05 
6.80043451872182e-02 1.00000000000000e+05 
6.81741243280139e-02 1.00000000000000e+05 
6.83488490301358e-02 1.00000000000000e+05 
6.85156683563604e-02 1.00000000000000e+05 
6.86876559058187e-02 1.00000000000000e+05 
6.88513236437058e-02 1.00000000000000e+05 
6.90202612084768e-02 1.00000000000000e+05 
6.91809945928080e-02 1.00000000000000e+05 
6.93469898783671e-02 1.00000000000000e+05 
6.95050696830181e-02 1.00000000000000e+05 
6.96682772029583e-02 1.00000000000000e+05 
6.98239404427268e-02 1.00000000000000e+05 
6.99845064418615e-02 1.00000000000000e+05 
7.01378651381350e-02 1.00000000000000e+05 
7.02961806970281e-02 1.00000000000000e+05 
7.04479862311719e-02 1.00000000000000e+05 
7.06046039977927e-02 1.00000000000000e+05 
7.07550911339641e-02 1.00000000000000e+05 
7.09101973530209e-02 1.00000000000000e+05 
7.10594902405083e-02 1.00000000000000e+05 
7.12134526390733e-02 1.00000000000000e+05 
7.13621158921544e-02 1.00000000000000e+05 
7.15154175228346e-02 1.00000000000000e+05 
7.16636451622693e-02 1.00000000000000e+05 
7.18164600370428e-02 1.00000000000000e+05 
7.19643614723147e-02 1.00000000000000e+05 
7.21168023511501e-02 1.00000000000000e+05 
7.22644687557467e-02 1.00000000000000e+05 
7.24166378590837e-02 1.00000000000000e+05 
7.25641590827566e-02 1.00000000000000e+05 
7.27161605603022e-02 1.00000000000000e+05 
7.28636277703082e-02 1.00000000000000e+05 
7.30155688489961e-02 1.00000000000000e+05 
7.31630747175612e-02 1.00000000000000e+05 
7.33150668030427e-02 1.00000000000000e+05 
7.34627076879733e-02 1.00000000000000e+05 
7.36148676307844e-02 1.00000000000000e+05 
7.37627440452901e-02 1.00000000000000e+05 
7.39149274831806e-02 1.00000000000000e+05 
7.40626492841788e-02 1.00000000000000e+05 
7.42148022958456e-02 1.00000000000000e+05 
7.43627819800311e-02 1.00000000000000e+05 
7.45150322554245e-02 1.00000000000000e+05 
7.46629666862718e-02 1.00000000000000e+05 
7.48153319665753e-02 1.00000000000000e+05 
7.49636696824762e-02 1.00000000000000e+05 
7.51163110553530e-02 1.00000000000000e+05 
7.52647650176248e-02 1.00000000000000e+05 
7.54177196626523e-02 1.00000000000000e+05 
7.55667652473502e-02 1.00000000000000e+05 
7.57202162471733e-02 1.00000000000000e+05 
7.58695742500156e-02 1.00000000000000e+05 
7.60233021457877e-02 1.00000000000000e+05 
7.61729508824840e-02 1.00000000000000e+05 
7.63269656263535e-02 1.00000000000000e+05 
7.64769606876928e-02 1.00000000000000e+05 
7.66313346700999e-02 1.00000000000000e+05 
7.67817560428849e-02 1.00000000000000e+05 
7.69365826744251e-02 1.00000000000000e+05 
7.70875199858932e-02 1.00000000000000e+05 
7.72429050615188e-02 1.00000000000000e+05 
7.73944575551965e-02 1.00000000000000e+05 
7.75505184877547e-02 1.00000000000000e+05 
7.77027939826054e-02 1.00000000000000e+05 
7.78596598037981e-02 1.00000000000000e+05 
7.80127762259428e-02 1.00000000000000e+05 
7.81705896699690e-02 1.00000000000000e+05 
7.83247549708582e-02 1.00000000000000e+05 
7.84833944858792e-02 1.00000000000000e+05 
7.86380932548377e-02 1.00000000000000e+05 
7.87971939742346e-02 1.00000000000000e+05 
7.89523542132307e-02 1.00000000000000e+05 
7.91118855584765e-02 1.00000000000000e+05 
7.92675353710426e-02 1.00000000000000e+05 
7.94275464633255e-02 1.00000000000000e+05 
7.95837432567617e-02 1.00000000000000e+05 
7.97443085392466e-02 1.00000000000000e+05 
7.99011197757201e-02 1.00000000000000e+05 
8.00623226915601e-02 1.00000000000000e+05 
8.02198173990079e-02 1.00000000000000e+05 
8.03817441827157e-02 1.00000000000000e+05 
8.05399907358911e-02 1.00000000000000e+05 
8.07027294511429e-02 1.00000000000000e+05 
8.08617957567784e-02 1.00000000000000e+05 
8.10254346563584e-02 1.00000000000000e+05 
8.11853842605255e-02 1.00000000000000e+05 
8.13500092643050e-02 1.00000000000000e+05 
8.15109054207081e-02 1.00000000000000e+05 
8.16766057000615e-02 1.00000000000000e+05 
8.18385169941987e-02 1.00000000000000e+05 
8.20053895692044e-02 1.00000000000000e+05 
8.21683528488274e-02 1.00000000000000e+05 
8.23360588616611e-02 1.00000000000000e+05 
8.24994257236739e-02 1.00000000000000e+05 
8.26674960505367e-02 1.00000000000000e+05 
8.28311233690094e-02 1.00000000000000e+05 
8.29994530339717e-02 1.00000000000000e+05 
8.31633258897944e-02 1.00000000000000e+05 
8.33323138259303e-02 1.00000000000000e+05 
8.34970768570720e-02 1.00000000000000e+05 
8.36668174445322e-02 1.00000000000000e+05 
8.38319263775437e-02 1.00000000000000e+05 
8.40020354522389e-02 1.00000000000000e+05 
8.41674249413081e-02 1.00000000000000e+05 
8.43379027903911e-02 1.00000000000000e+05 
8.45036430849600e-02 1.00000000000000e+05 
8.46745715118136e-02 1.00000000000000e+05 
8.48407067676543e-02 1.00000000000000e+05 
8.50121471069726e-02 1.00000000000000e+05 
8.51787206397573e-02 1.00000000000000e+05 
8.53507365298584e-02 1.00000000000000e+05 
8.55178644140008e-02 1.00000000000000e+05 
8.56905104776225e-02 1.00000000000000e+05 
8.58582594999172e-02 1.00000000000000e+05 
8.60383158075214e-02 1.00000000000000e+05 
8.62065698039621e-02 1.00000000000000e+05 
8.63856700665870e-02 1.00000000000000e+05 
8.65562406033702e-02 1.00000000000000e+05 
8.67343436162524e-02 1.00000000000000e+05 
8.69054071817657e-02 1.00000000000000e+05 
8.70825488283310e-02 1.00000000000000e+05 
8.72528681567971e-02 1.00000000000000e+05 
8.74291310374888e-02 1.00000000000000e+05 
8.75988299826638e-02 1.00000000000000e+05 
8.77743490062408e-02 1.00000000000000e+05 
8.79435381270015e-02 1.00000000000000e+05 
8.81184374100107e-02 1.00000000000000e+05 
8.82872254853612e-02 1.00000000000000e+05 
8.84616273149010e-02 1.00000000000000e+05 
8.86301212934864e-02 1.00000000000000e+05 
8.88041449124073e-02 1.00000000000000e+05 
8.89724443838796e-02 1.00000000000000e+05 
8.91461996111880e-02 1.00000000000000e+05 
8.93143940359256e-02 1.00000000000000e+05 
8.94879795769418e-02 1.00000000000000e+05 
8.96561484864175e-02 1.00000000000000e+05 
8.98296523472455e-02 1.00000000000000e+05 
8.99978668974919e-02 1.00000000000000e+05 
9.01713682208715e-02 1.00000000000000e+05 
9.03396932363597e-02 1.00000000000000e+05 
9.05132644969651e-02 1.00000000000000e+05 
9.06817599231745e-02 1.00000000000000e+05 
9.08554685911383e-02 1.00000000000000e+05 
9.10241900941948e-02 1.00000000000000e+05 
9.11980994328911e-02 1.00000000000000e+05 
9.13671014003646e-02 1.00000000000000e+05 
9.15412736862220e-02 1.00000000000000e+05 
9.17106107957037e-02 1.00000000000000e+05 
9.18851081566840e-02 1.00000000000000e+05 
9.20548325745752e-02 1.00000000000000e+05 
9.22297147546963e-02 1.00000000000000e+05 
9.23998777874822e-02 1.00000000000000e+05 
9.25752044683896e-02 1.00000000000000e+05 
9.27458599932838e-02 1.00000000000000e+05 
9.29216927436967e-02 1.00000000000000e+05 
9.30928963206587e-02 1.00000000000000e+05 
9.32692966688380e-02 1.00000000000000e+05 
9.34411021566996e-02 1.00000000000000e+05 
9.36181319027057e-02 1.00000000000000e+05 
9.37905982603347e-02 1.00000000000000e+05 
9.39683225905717e-02 1.00000000000000e+05 
9.41415105503714e-02 1.00000000000000e+05 
9.43199955619516e-02 1.00000000000000e+05 
9.44939663264480e-02 1.00000000000000e+05 
9.46732781148996e-02 1.00000000000000e+05 
9.48480945747496e-02 1.00000000000000e+05 
9.50282994991889e-02 1.00000000000000e+05 
9.52040211687114e-02 1.00000000000000e+05 
9.53851814721865e-02 1.00000000000000e+05 
9.55618685904974e-02 1.00000000000000e+05 
9.57440482855081e-02 1.00000000000000e+05 
9.59217663022828e-02 1.00000000000000e+05 
9.61050295657594e-02 1.00000000000000e+05 
9.62838346277001e-02 1.00000000000000e+05 
9.64682330501612e-02 1.00000000000000e+05 
9.66481691643965e-02 1.00000000000000e+05 
9.68337486269268e-02 1.00000000000000e+05 
9.70148632389188e-02 1.00000000000000e+05 
9.72016764587726e-02 1.00000000000000e+05 
9.73840291927809e-02 1.00000000000000e+05 
9.75721383021155e-02 1.00000000000000e+05 
9.77557985080500e-02 1.00000000000000e+05 
9.79452631943818e-02 1.00000000000000e+05 
9.81260093751552e-02 1.00000000000000e+05 
9.83167422002816e-02 1.00000000000000e+05 
9.85032202269388e-02 1.00000000000000e+05 
9.86955510960284e-02 1.00000000000000e+05 
9.88834610496024e-02 1.00000000000000e+05 
9.90772531181656e-02 1.00000000000000e+05 
9.92666733520002e-02 1.00000000000000e+05 
9.94619901033166e-02 1.00000000000000e+05 
9.96529746257542e-02 1.00000000000000e+05 
9.98498564215941e-02 1.00000000000000e+05 
1.00042455330818e-01 1.00000000000000e+05 
1.00240936775748e-01 1.00000000000000e+05 
1.00435203220602e-01 1.00000000000000e+05 
1.00635320796800e-01 1.00000000000000e+05 
1.00831312427089e-01 1.00000000000000e+05 
1.01033104016800e-01 1.00000000000000e+05 
1.01217757217057e-01 1.00000000000000e+05 
1.01420340869960e-01 1.00000000000000e+05 
1.01620069089767e-01 1.00000000000000e+05 
1.01825382586696e-01 1.00000000000000e+05 
1.02026867584179e-01 1.00000000000000e+05 
1.02233877680404e-01 1.00000000000000e+05 
1.02437332223547e-01 1.00000000000000e+05 
1.02646162854450e-01 1.00000000000000e+05 
1.02851635693539e-01 1.00000000000000e+05 
1.03062303366939e-01 1.00000000000000e+05 
1.03248155136971e-01 1.00000000000000e+05 
1.03451491351296e-01 1.00000000000000e+05 
1.03656543342947e-01 1.00000000000000e+05 
1.03870941949785e-01 1.00000000000000e+05 
1.04082762440892e-01 1.00000000000000e+05 
1.04299032821864e-01 1.00000000000000e+05 
1.04494203359959e-01 1.00000000000000e+05 
1.04703905421887e-01 1.00000000000000e+05 
1.04905990982765e-01 1.00000000000000e+05 
1.05119414905533e-01 1.00000000000000e+05 
1.05319460790831e-01 1.00000000000000e+05 
1.05531077298544e-01 1.00000000000000e+05 
1.05729609929901e-01 1.00000000000000e+05 
1.05939668842559e-01 1.00000000000000e+05 
1.06136627254011e-01 1.00000000000000e+05 
1.06343517750352e-01 1.00000000000000e+05 
1.06539777236442e-01 1.00000000000000e+05 
1.06745459418448e-01 1.00000000000000e+05 
1.06940088088802e-01 1.00000000000000e+05 
1.07144010764651e-01 1.00000000000000e+05 
1.07337044953735e-01 1.00000000000000e+05 
1.07539215734657e-01 1.00000000000000e+05 
1.07663241807427e-01 1.00000000000000e+05 
1.07792877743797e-01 1.00000000000000e+05 
1.07928529123054e-01 1.00000000000000e+05 
1.08051231497924e-01 1.00000000000000e+05 
1.08182927058506e-01 1.00000000000000e+05 
1.08324673042255e-01 1.00000000000000e+05 
1.08477402031036e-01 1.00000000000000e+05 
1.08605243401351e-01 1.00000000000000e+05 
1.08740272080719e-01 1.00000000000000e+05 
1.08884815949070e-01 1.00000000000000e+05 
1.09021661179737e-01 1.00000000000000e+05 
1.09163463839283e-01 1.00000000000000e+05 
1.09309265559664e-01 1.00000000000000e+05 
1.09451073361844e-01 1.00000000000000e+05 
1.09596968383278e-01 1.00000000000000e+05 
1.09741851824319e-01 1.00000000000000e+05 
1.09890317724586e-01 1.00000000000000e+05 
1.10037388356256e-01 1.00000000000000e+05 
1.10187908183443e-01 1.00000000000000e+05 
1.10336851501408e-01 1.00000000000000e+05 
1.10488384381024e-01 1.00000000000000e+05 
1.10639705632707e-01 1.00000000000000e+05 
1.10793694701953e-01 1.00000000000000e+05 
1.10947437701936e-01 1.00000000000000e+05 
1.11104013529534e-01 1.00000000000000e+05 
1.11260397847778e-01 1.00000000000000e+05 
1.11419816481313e-01 1.00000000000000e+05 
1.11579095954786e-01 1.00000000000000e+05 
1.11741616109418e-01 1.00000000000000e+05 
1.11904051142597e-01 1.00000000000000e+05 
1.12069912947996e-01 1.00000000000000e+05 
1.12235738458697e-01 1.00000000000000e+05 
1.12405145895826e-01 1.00000000000000e+05 
1.12574564494754e-01 1.00000000000000e+05 
1.12748622837978e-01 1.00000000000000e+05 
1.12927003148519e-01 1.00000000000000e+05 
1.13099967564595e-01 1.00000000000000e+05 
1.13279367540573e-01 1.00000000000000e+05 
1.13451438756011e-01 1.00000000000000e+05 
1.13629762608797e-01 1.00000000000000e+05 
1.13801055438003e-01 1.00000000000000e+05 
1.13978424086492e-01 1.00000000000000e+05 
1.14149030193323e-01 1.00000000000000e+05 
1.14325544015012e-01 1.00000000000000e+05 
1.14495550410369e-01 1.00000000000000e+05 
1.14671305792731e-01 1.00000000000000e+05 
1.14840797197737e-01 1.00000000000000e+05 
1.15015888244541e-01 1.00000000000000e+05 
1.15184946983440e-01 1.00000000000000e+05 
1.15359465756987e-01 1.00000000000000e+05 
1.15528171541449e-01 1.00000000000000e+05 
1.15702207908799e-01 1.00000000000000e+05 
1.15870638595600e-01 1.00000000000000e+05 
1.16044280594849e-01 9.99999999999997e+04 
1.16212511845639e-01 9.99999999999994e+04 
1.16385845498225e-01 9.99999999999993e+04 
1.16553950704997e-01 9.99999999999830e+04 
1.16727060130484e-01 9.99999999999672e+04 
1.16895112180745e-01 9.99999999999001e+04 
1.17068081037136e-01 1.00000000050517e+05 
1.17236152468922e-01 1.00000000102997e+05 
1.17409063652944e-01 1.00000000242923e+05 
1.17577225856051e-01 1.00000000371993e+05 
1.17750160852707e-01 1.00000000688892e+05 
1.17918484661828e-01 1.00000000978129e+05 
1.18091524938517e-01 1.00000001634129e+05 
1.18260080407257e-01 1.00000002262875e+05 
1.18433305741879e-01 1.00000003553737e+05 
1.18602158338786e-01 1.00000004814325e+05 
1.18775645095939e-01 1.00000007214140e+05 
1.18944856654456e-01 1.00000009592226e+05 
1.19118677677413e-01 1.00000013833592e+05 
1.19288307890527e-01 1.00000018093619e+05 
1.19462532759005e-01 1.00000025308310e+05 
1.19632640513813e-01 1.00000032594216e+05 
1.19807336910354e-01 1.00000040983058e+05 
1.19977982449871e-01 1.00000050123618e+05 
1.20153219002130e-01 1.00000060590727e+05 
1.20324465908533e-01 1.00000073086582e+05 
1.20500314846845e-01 1.00000087668734e+05 
1.20672231283045e-01 1.00000106198341e+05 
1.20848769923178e-01 1.00000128464309e+05 
1.21021428116829e-01 1.00000156971147e+05 
1.21198738113007e-01 1.00000192021996e+05 
1.21372212001846e-01 1.00000236530512e+05 
1.21550377023263e-01 1.00000291498753e+05 
1.21724741477845e-01 1.00000360215467e+05 
1.21903846832470e-01 1.00000444770555e+05 
1.22079179835112e-01 1.00000548742837e+05 
1.22259314209155e-01 1.00000675770908e+05 
1.22435700559756e-01 1.00000829764316e+05 
1.22616957389392e-01 1.00000820642972e+05 
1.22794487657149e-01 1.00000814547095e+05 
1.22976958754723e-01 1.00000785962004e+05 
1.23155708672845e-01 1.00000750127835e+05 
1.23339457216798e-01 1.00000701673920e+05 
1.23519443780229e-01 1.00000658008847e+05 
1.23704459883536e-01 1.00000609593121e+05 
1.23885589204217e-01 1.00000586285635e+05 
1.24071730826172e-01 1.00000579274069e+05 
1.24253642997715e-01 1.00000608338967e+05 
1.24440499809437e-01 1.00000667355598e+05 
1.24622433350885e-01 1.00000786680397e+05 
1.24809238934966e-01 1.00000957715539e+05 
1.24990021863550e-01 1.00001208798795e+05 
1.25175730226453e-01 1.00001535330099e+05 
1.25354059311246e-01 1.00001958034984e+05 
1.25537718449037e-01 1.00002442864962e+05 
1.25712697971433e-01 1.00003110631131e+05 
1.25893847425038e-01 1.00003970502851e+05 
1.26065391775885e-01 1.00004987467809e+05 
1.26244053947508e-01 1.00006235337426e+05 
1.26412604057351e-01 1.00007659506619e+05 
1.26592143017293e-01 1.00009459162651e+05 
1.26757757130845e-01 1.00011361158544e+05 
1.26935240192272e-01 1.00013716587102e+05 
1.27099188969092e-01 1.00016166388523e+05 
1.27275351512001e-01 1.00019164806104e+05 
1.27437839959192e-01 1.00022250330754e+05 
1.27609418022106e-01 1.00025921767151e+05 
1.27770837517311e-01 1.00029753234554e+05 
1.27940685138943e-01 1.00034260570246e+05 
1.28100069211063e-01 1.00038948395699e+05 
1.28267302574264e-01 1.00044419347433e+05 
1.28424664621595e-01 1.00050158871370e+05 
1.28589320693257e-01 1.00056835968406e+05 
1.28744726622460e-01 1.00063758711705e+05 
1.28906851872030e-01 1.00071735182597e+05 
1.29060355886475e-01 1.00080014684842e+05 
1.29219989198950e-01 1.00089491702981e+05 
1.29371786330050e-01 1.00099365507689e+05 
1.29529491530599e-01 1.00110627346574e+05 
1.29680170272292e-01 1.00122403034009e+05 
1.29836415555034e-01 1.00135773526295e+05 
1.29986115021099e-01 1.00149765954952e+05 
1.30141055995525e-01 1.00165577135935e+05 
1.30289868517160e-01 1.00182122220071e+05 
1.30443630580177e-01 1.00200727165939e+05 
1.30591646318955e-01 1.00220183948163e+05 
1.30744351826393e-01 1.00241959334891e+05 
1.30891579949988e-01 1.00264698812652e+05 
1.31043601350670e-01 1.00290089986521e+05 
1.31190694119119e-01 1.00316625993277e+05 
1.31342574422935e-01 1.00346174234962e+05 
1.31489758471710e-01 1.00377023437927e+05 
1.31641734412007e-01 1.00411287730464e+05 
1.31789165128237e-01 1.00447011759388e+05 
1.31941420804914e-01 1.00486602386592e+05 
1.32089231027673e-01 1.00527813723328e+05 
1.32241917437943e-01 1.00573390971845e+05 
1.32390291187200e-01 1.00620770764799e+05 
1.32543276049029e-01 1.00672947812264e+05 
1.32691651169355e-01 1.00726943163232e+05 
1.32844883457101e-01 1.00786342579185e+05 
1.32993905104961e-01 1.00847817761516e+05 
1.33147591738364e-01 1.00915170097953e+05 
1.33296900515377e-01 1.00984601363853e+05 
1.33450819817002e-01 1.01060405503181e+05 
1.33600415641889e-01 1.01138328070228e+05 
1.33754602858600e-01 1.01223101288798e+05 
1.33904544628509e-01 1.01309984098707e+05 
1.34059077573631e-01 1.01404151101165e+05 
1.34209433573033e-01 1.01500336804150e+05 
1.34364396451755e-01 1.01604169554744e+05 
1.34515235686780e-01 1.01709824044799e+05 
1.34670713044269e-01 1.01823390703644e+05 
1.34822104388408e-01 1.01938455468757e+05 
1.34978182406762e-01 1.02061573143832e+05 
1.35130230336231e-01 1.02185749338070e+05 
1.35287049908458e-01 1.02317987421747e+05 
1.35439879688529e-01 1.02450695289913e+05 
1.35597560664847e-01 1.02591286595352e+05 
1.35751262620526e-01 1.02731589806551e+05 
1.35909875103889e-01 1.02879370913389e+05 
1.36064532834095e-01 1.03025976570586e+05 
1.36224196244549e-01 1.03179474223004e+05 
1.36379887623439e-01 1.03330752258252e+05 
1.36540728364878e-01 1.03488173448891e+05 
1.36697517564178e-01 1.03642170601737e+05 
1.36859669752707e-01 1.03801425846187e+05 
1.37017618543030e-01 1.03955927638430e+05 
1.37180794972994e-01 1.04114308038887e+05 
1.37339467927210e-01 1.04266484740282e+05 
1.37503358553830e-01 1.04421168702462e+05 
1.37662677790354e-01 1.04568485403991e+05 
1.37832465736017e-01 1.04721622888114e+05 
1.37992306512784e-01 1.04861579020715e+05 
1.38162792306845e-01 1.05005866793795e+05 
1.38324816876603e-01 1.05137707810136e+05 
1.38497551680287e-01 1.05272066466544e+05 
1.38661588297537e-01 1.05393482164754e+05 
1.38836434115474e-01 1.05515898487633e+05 
1.39002588103103e-01 1.05625316197893e+05 
1.39179669443876e-01 1.05734142341861e+05 
1.39354665604290e-01 1.05833692167043e+05 
1.39535421968115e-01 1.05928834927337e+05 
1.39709604327732e-01 1.06012408312785e+05 
1.39889446042056e-01 1.06090602766560e+05 
1.40063114424962e-01 1.06157802001950e+05 
1.40242321631804e-01 1.06220441739722e+05 
1.40415640070248e-01 1.06275278399909e+05 
1.40594393771666e-01 1.06322278167695e+05 
1.40767501918296e-01 1.06360702105540e+05 
1.40945957016986e-01 1.06393745049343e+05 
1.41108732140943e-01 1.06419677960886e+05 
1.41286703806054e-01 1.06441795628214e+05 
1.41459818453501e-01 1.06460010705367e+05 
1.41638130325367e-01 1.06478066370418e+05 
1.41811292833338e-01 1.06494505852895e+05 
1.41989628165641e-01 1.06509937851619e+05 
1.42162990614043e-01 1.06523156859561e+05 
1.42341501561837e-01 1.06534546239914e+05 
1.42515163770119e-01 1.06543527861386e+05 
1.42693951928715e-01 1.06550496240563e+05 
1.42867993489658e-01 1.06555047276916e+05 
1.43047142873509e-01 1.06557863376848e+05 
1.43219515445920e-01 1.06558620160743e+05 
1.43399044616359e-01 1.06557916402308e+05 
1.43574086770938e-01 1.06555998092461e+05 
1.43754217934961e-01 1.06552986663768e+05 
1.43929863908445e-01 1.06549357518932e+05 
1.44110605591896e-01 1.06544242284004e+05 
1.44286955547862e-01 1.06539388937302e+05 
1.44468410710360e-01 1.06534310855989e+05 
1.44645560213592e-01 1.06529305883495e+05 
1.44827829575409e-01 1.06524010224891e+05 
1.45005147092333e-01 1.06518625526207e+05 
1.45188317241900e-01 1.06513157103910e+05 
1.45367389864750e-01 1.06508251992381e+05 
1.45551621843337e-01 1.06503034086982e+05 
1.45731825044425e-01 1.06497404002569e+05 
1.45917212730649e-01 1.06491523642950e+05 
1.46098681656408e-01 1.06485694329690e+05 
1.46285357372606e-01 1.06480099654466e+05 
1.46466976319521e-01 1.06475923303308e+05 
1.46655046060785e-01 1.06472676442900e+05 
1.46839511443700e-01 1.06471319343358e+05 
1.47029201867409e-01 1.06472063954565e+05 
1.47215415453150e-01 1.06475337915637e+05 
1.47406840468908e-01 1.06481846583398e+05 
1.47594998685203e-01 1.06490683776928e+05 
1.47788323588663e-01 1.06502167909503e+05 
1.47971661043373e-01 1.06515177839132e+05 
1.48166875478986e-01 1.06531548384141e+05 
1.48359592232624e-01 1.06550571160281e+05 
1.48557231830744e-01 1.06572909737153e+05 
1.48752523501139e-01 1.06597961112189e+05 
1.48952550574334e-01 1.06627009008649e+05 
1.49150775323877e-01 1.06659039135024e+05 
1.49353428296057e-01 1.06695283240595e+05 
1.49538489277538e-01 1.06731554059413e+05 
1.49740917105536e-01 1.06774720566115e+05 
1.49946041463273e-01 1.06822262891012e+05 
1.50076446887432e-01 1.06854482522955e+05 
1.50215050243560e-01 1.06890408032203e+05 
1.50361582090923e-01 1.06930226571113e+05 
1.50518848497424e-01 1.06975049318485e+05 
1.50688483380922e-01 1.07025720816207e+05 
1.50828677121336e-01 1.07069390469300e+05 
1.50974965531864e-01 1.07116582379845e+05 
1.51127138054187e-01 1.07167379968868e+05 
1.51276254144134e-01 1.07218727939324e+05 
1.51430979470201e-01 1.07273569019661e+05 
1.51585959030891e-01 1.07329936939592e+05 
1.51744800525294e-01 1.07389090369116e+05 
1.51904600841413e-01 1.07449805973750e+05 
1.52067573340956e-01 1.07512829717925e+05 
1.52230672819229e-01 1.07576772735907e+05 
1.52396952877835e-01 1.07642693676876e+05 
1.52563232729279e-01 1.07709095829451e+05 
1.52732910924079e-01 1.07777137625636e+05 
1.52902654391851e-01 1.07845209388938e+05 
1.53076131820976e-01 1.07914529138951e+05 
1.53249842574128e-01 1.07983413262900e+05 
1.53429313478262e-01 1.08053698237800e+05 
1.53613818544014e-01 1.08124660976057e+05 
1.53802714864687e-01 1.08195639204715e+05 
1.53995573221471e-01 1.08265976079153e+05 
1.54192269135628e-01 1.08335146924074e+05 
1.54392470998344e-01 1.08402568117039e+05 
1.54596165414092e-01 1.08467707998045e+05 
1.54802944565813e-01 1.08529904775411e+05 
1.55011160849021e-01 1.08588177362079e+05 
1.55223365003909e-01 1.08642792608791e+05 
1.55437912170737e-01 1.08692851432822e+05 
1.55654702322863e-01 1.08737996480943e+05 
1.55854145855422e-01 1.08774465172000e+05 
1.56070525141251e-01 1.08808511180408e+05 
1.56291087937676e-01 1.08837185825133e+05 
1.56512668511318e-01 1.08859862338284e+05 
1.56734532394166e-01 1.08876497576435e+05 
1.56956953639500e-01 1.08887109329552e+05 
1.57179685946703e-01 1.08891854453157e+05 
1.57403009837515e-01 1.08890859075601e+05 
1.57626657197300e-01 1.08884382392764e+05 
1.57850913453771e-01 1.08872639225519e+05 
1.58054121443908e-01 1.08857749439582e+05 
1.58275303297113e-01 1.08837249155561e+05 
1.58500842014770e-01 1.08812092280077e+05 
1.58726990835864e-01 1.08782940178693e+05 
1.58953454515731e-01 1.08750184942785e+05 
1.59180552204303e-01 1.08714112816083e+05 
1.59407998101433e-01 1.08675114421039e+05 
1.59636110704538e-01 1.08633472338833e+05 
1.59864589549208e-01 1.08589683058153e+05 
1.60093289623732e-01 1.08543757743572e+05 
1.60322278621807e-01 1.08496406987788e+05 
1.60552039612714e-01 1.08447249783858e+05 
1.60782154005797e-01 1.08396703679950e+05 
1.61012973794852e-01 1.08344983788989e+05 
1.61244183603241e-01 1.08292339572648e+05 
1.61476032633445e-01 1.08239030780438e+05 
1.61708334167252e-01 1.08185169346234e+05 
1.61941266557523e-01 1.08130855062554e+05 
1.62174697894816e-01 1.08076342915173e+05 
1.62408769201610e-01 1.08021813148939e+05 
1.62643372429938e-01 1.07967123240052e+05 
1.62878630831102e-01 1.07912395700234e+05 
1.63114437329718e-01 1.07857035362173e+05 
1.63350920323548e-01 1.07801167818084e+05 
1.63587972351995e-01 1.07744935786300e+05 
1.63825718389396e-01 1.07688283134350e+05 
1.64064055321178e-01 1.07631356260074e+05 
1.64303094207877e-01 1.07573707034700e+05 
1.64542296913934e-01 1.07516246183597e+05 
1.64781515488485e-01 1.07458800433670e+05 
1.65020670950914e-01 1.07400992445461e+05 
1.65259770797235e-01 1.07342955024358e+05 
1.65498811145286e-01 1.07284416802996e+05 
1.65737803928093e-01 1.07225350539331e+05 
1.65976756563670e-01 1.07165873458782e+05 
1.66215666780613e-01 1.07106135844114e+05 
1.66454551270550e-01 1.07046235487527e+05 
1.66693407216640e-01 1.06986048170684e+05 
1.66932230596211e-01 1.06925714877996e+05 
1.67171025275318e-01 1.06865124806190e+05 
1.67409789385701e-01 1.06804376128847e+05 
1.67648522954694e-01 1.06743453537960e+05 
1.67887233704482e-01 1.06682402601550e+05 
1.68125918807480e-01 1.06621243516916e+05 
1.68364586953458e-01 1.06559992369878e+05 
1.68603235170432e-01 1.06498692542132e+05 
1.68841873092425e-01 1.06437373203413e+05 
1.69080496117971e-01 1.06376075866931e+05 
1.69319115421062e-01 1.06314848819932e+05 
1.69557724761372e-01 1.06253740622683e+05 
1.69796336501559e-01 1.06192785334952e+05 
1.70034942782465e-01 1.06132016866339e+05 
1.70273556587711e-01 1.06071458823431e+05 
1.70512168333895e-01 1.06011164235506e+05 
1.70750791104370e-01 1.05951129014299e+05 
1.70989413266152e-01 1.05891328471013e+05 
1.71228048197283e-01 1.05831907071448e+05 
1.71466684497483e-01 1.05772399585526e+05 
1.71705335577239e-01 1.05713414788391e+05 
1.71943988427886e-01 1.05654886178029e+05 
1.72182656038355e-01 1.05596447136752e+05 
1.72421324819639e-01 1.05538825789467e+05 
1.72660007691837e-01 1.05481018590897e+05 
1.72898691329386e-01 1.05423262232894e+05 
1.73137388731953e-01 1.05366164103457e+05 
1.73376086259199e-01 1.05309788814222e+05 
1.73614797416447e-01 1.05256976212881e+05 
1.73853508074183e-01 1.05208096823869e+05 
1.74092232309448e-01 1.05164014691541e+05 
1.74330956547653e-01 1.05126116428919e+05 
1.74506260947346e-01 1.05101633574147e+05 
1.74691037792857e-01 1.05079080287578e+05 
1.74883518334856e-01 1.05059282922816e+05 
1.75083367659683e-01 1.05042958644663e+05 
1.75277343597328e-01 1.05031463183882e+05 
1.75479099185953e-01 1.05024145846817e+05 
1.75680983974800e-01 1.05021664762817e+05 
1.75883192259004e-01 1.05024278944596e+05 
1.76092423922466e-01 1.05032463599889e+05 
1.76298387307455e-01 1.05046293290628e+05 
1.76511614665599e-01 1.05066637489871e+05 
1.76721851209909e-01 1.05093051417005e+05 
1.76938180010275e-01 1.05126484284611e+05 
1.77154279748262e-01 1.05166521744531e+05 
1.77376168501694e-01 1.05215141364198e+05 
1.77597840897555e-01 1.05269408468672e+05 
1.77825224683142e-01 1.05333431938653e+05 
1.78052686179253e-01 1.05405357941089e+05 
1.78285550883111e-01 1.05485595795947e+05 
1.78518939060469e-01 1.05572429488128e+05 
1.78754884636194e-01 1.05664942146156e+05 
1.78992308498298e-01 1.05762890909100e+05 
1.79229628084749e-01 1.05865962100613e+05 
1.79466889171550e-01 1.05975758503509e+05 
1.79704059963685e-01 1.06091274629492e+05 
1.79941178863151e-01 1.06208845796717e+05 
1.80178225213169e-01 1.06327334558502e+05 
1.80415229521944e-01 1.06447855033679e+05 
1.80652180529289e-01 1.06569592449847e+05 
1.80889100607304e-01 1.06691242325502e+05 
1.81125988010982e-01 1.06811924468192e+05 
1.81362856928847e-01 1.06930885338252e+05 
1.81599717500291e-01 1.07047476418513e+05 
1.81836575759962e-01 1.07161006298134e+05 
1.82073455029417e-01 1.07270525425080e+05 
1.82310350425311e-01 1.07375716061574e+05 
1.82547292985566e-01 1.07475713649679e+05 
1.82784269236889e-01 1.07569718237060e+05 
1.83021316418941e-01 1.07657326953389e+05 
1.83258409636931e-01 1.07739783519312e+05 
1.83495591253921e-01 1.07813997063374e+05 
1.83732827882494e-01 1.07880443984432e+05 
1.83970003310067e-01 1.07939989422751e+05 
1.84207100394219e-01 1.07991754251194e+05 
1.84444091399785e-01 1.08038417715731e+05 
1.84681010118566e-01 1.08080325010753e+05 
1.84917837263246e-01 1.08115492125877e+05 
1.85154602696381e-01 1.08143800548649e+05 
1.85391294475679e-01 1.08165978075410e+05 
1.85627935340010e-01 1.08181839723055e+05 
1.85864523233842e-01 1.08188549440765e+05 
1.86101073610865e-01 1.08193015857796e+05 
1.86337593642742e-01 1.08192269109528e+05 
1.86574090425823e-01 1.08188237977384e+05 
1.86810580654631e-01 1.08180357570626e+05 
1.87047063634594e-01 1.08169461928014e+05 
1.87283565800474e-01 1.08155483704407e+05 
1.87520078163420e-01 1.08139080194721e+05 
1.87756636712921e-01 1.08120244487950e+05 
1.87993223540706e-01 1.08099388807888e+05 
1.88229883902284e-01 1.08076534880114e+05 
1.88466590130424e-01 1.08051969948932e+05 
1.88703397991946e-01 1.08025668203074e+05 
1.88940266799876e-01 1.07997872507947e+05 
1.89177263778693e-01 1.07968439032404e+05 
1.89414334233484e-01 1.07937580426589e+05 
1.89651554459400e-01 1.07905078016277e+05 
1.89888860403729e-01 1.07871041017518e+05 
1.90126335162128e-01 1.07835165972321e+05 
1.90363827535310e-01 1.07797612820437e+05 
1.90601325133041e-01 1.07757938196732e+05 
1.90838734748115e-01 1.07716646583705e+05 
1.91076190316948e-01 1.07672817283189e+05 
1.91313580504683e-01 1.07627615908673e+05 
1.91551060697353e-01 1.07580089842007e+05 
1.91788515065237e-01 1.07530636708444e+05 
1.92026111548540e-01 1.07478694858139e+05 
1.92263722986421e-01 1.07424612420951e+05 
1.92501527359152e-01 1.07368045670615e+05 
1.92739386963721e-01 1.07308414359290e+05 
1.92977487703921e-01 1.07247191040658e+05 
1.93215679716363e-01 1.07184758948783e+05 
1.93454155877448e-01 1.07121516683601e+05 
1.93692751977099e-01 1.07057015473099e+05 
1.93931667289140e-01 1.06990999660756e+05 
1.94170728013945e-01 1.06923068233162e+05 
1.94410173707326e-01 1.06854046311689e+05 
1.94649756459361e-01 1.06783707885435e+05 
1.94889728785780e-01 1.06712341476411e+05 
1.95129851446818e-01 1.06639956643748e+05 
1.95370144460510e-01 1.06566865823670e+05 
1.95610773589412e-01 1.06493130834491e+05 
1.95851852519103e-01 1.06418877143617e+05 
1.96093095152921e-01 1.06344322687276e+05 
1.96334677336230e-01 1.06269571883183e+05 
1.96576479751161e-01 1.06194877472412e+05 
1.96818485521167e-01 1.06120360988293e+05 
1.97060837835125e-01 1.06046166294624e+05 
1.97303295283534e-01 1.05972546611569e+05 
1.97546178214099e-01 1.05899606296009e+05 
1.97789107874515e-01 1.05827595942766e+05 
1.98032479442827e-01 1.05756590133226e+05 
1.98275894119953e-01 1.05686800780867e+05 
1.98519682483834e-01 1.05618281992342e+05 
1.98763598329758e-01 1.05551176211514e+05 
1.99007739808193e-01 1.05485546283897e+05 
1.99252058856623e-01 1.05421493069783e+05 
1.99496545825761e-01 1.05358934354594e+05 
1.99741210352754e-01 1.05297858407046e+05 
1.99986040402595e-01 1.05238269225126e+05 
2.00231048889921e-01 1.05180020657256e+05 
