temps pression
0.00000000000000e+00 1.00000000000000e+05 
7.22956891292051e-05 1.00000000000000e+05 
1.36012593082693e-04 1.00000000000000e+05 
1.95841839271287e-04 1.00000000000000e+05 
2.48136352259026e-04 1.00000000000000e+05 
2.92259872457627e-04 1.00000000000000e+05 
3.32398725148260e-04 1.00000000000000e+05 
3.68237896383045e-04 1.00000000000000e+05 
4.01423720147164e-04 1.00000000000000e+05 
4.31856752968882e-04 1.00000000000000e+05 
4.60878230235362e-04 1.00000000000000e+05 
4.92801855228489e-04 1.00000000000000e+05 
5.27917842720929e-04 1.00000000000000e+05 
5.66545428962614e-04 1.00000000000000e+05 
6.09035773828466e-04 1.00000000000000e+05 
6.55775153180904e-04 1.00000000000000e+05 
7.02245801922679e-04 1.00000000000000e+05 
7.47453228713551e-04 1.00000000000000e+05 
7.97181398183511e-04 1.00000000000000e+05 
8.51882384600467e-04 1.00000000000000e+05 
9.12053469659118e-04 1.00000000000000e+05 
9.75627706681509e-04 1.00000000000000e+05 
1.03822613120209e-03 1.00000000000000e+05 
1.10708439817474e-03 1.00000000000000e+05 
1.18282849184465e-03 1.00000000000000e+05 
1.26554362544697e-03 1.00000000000000e+05 
1.34968947841744e-03 1.00000000000000e+05 
1.43419468651438e-03 1.00000000000000e+05 
1.52715041542101e-03 1.00000000000000e+05 
1.62940171721831e-03 1.00000000000000e+05 
1.73615282719917e-03 1.00000000000000e+05 
1.85066408221698e-03 1.00000000000000e+05 
1.96736741068864e-03 1.00000000000000e+05 
2.09371177051730e-03 1.00000000000000e+05 
2.22555796896129e-03 1.00000000000000e+05 
2.36158665410771e-03 1.00000000000000e+05 
2.50294618398304e-03 1.00000000000000e+05 
2.64911959090484e-03 1.00000000000000e+05 
2.80087197121947e-03 1.00000000000000e+05 
2.95715936695475e-03 1.00000000000000e+05 
3.11891806138345e-03 1.00000000000000e+05 
3.28533472290887e-03 1.00000000000000e+05 
3.45690547653385e-03 1.00000000000000e+05 
3.63411776259528e-03 1.00000000000000e+05 
3.81664056744797e-03 1.00000000000000e+05 
4.00357355598077e-03 1.00000000000000e+05 
4.19647593420617e-03 1.00000000000000e+05 
4.39493355204993e-03 1.00000000000000e+05 
4.60002315010412e-03 1.00000000000000e+05 
4.81049166165160e-03 1.00000000000000e+05 
5.02680988706732e-03 1.00000000000000e+05 
5.24497720345275e-03 1.00000000000000e+05 
5.46394479362917e-03 1.00000000000000e+05 
5.68355035859633e-03 1.00000000000000e+05 
5.90521872736899e-03 1.00000000000000e+05 
6.12866488860837e-03 1.00000000000000e+05 
6.35428686337282e-03 1.00000000000000e+05 
6.58064280636221e-03 1.00000000000000e+05 
6.80898392211190e-03 1.00000000000000e+05 
7.03640011343356e-03 1.00000000000000e+05 
7.26040055065879e-03 1.00000000000000e+05 
7.48445692333574e-03 1.00000000000000e+05 
7.70732078656229e-03 1.00000000000000e+05 
7.92831513296502e-03 1.00000000000000e+05 
8.14701270725157e-03 1.00000000000000e+05 
8.36441768854357e-03 1.00000000000000e+05 
8.58001788410381e-03 1.00000000000000e+05 
8.79445641487395e-03 1.00000000000000e+05 
9.00722530016428e-03 1.00000000000000e+05 
9.21870281741345e-03 1.00000000000000e+05 
9.42791109851043e-03 1.00000000000000e+05 
9.63677145936071e-03 1.00000000000000e+05 
9.84507037162703e-03 1.00000000000000e+05 
1.00534395398254e-02 1.00000000000000e+05 
1.02622853763630e-02 1.00000000000000e+05 
1.04719211950185e-02 1.00000000000000e+05 
1.06839254462319e-02 1.00000000000000e+05 
1.09005434185223e-02 1.00000000000000e+05 
1.11187313829270e-02 1.00000000000000e+05 
1.13402403609632e-02 1.00000000000000e+05 
1.15652114826203e-02 1.00000000000000e+05 
1.17911718468124e-02 1.00000000000000e+05 
1.20213007343122e-02 1.00000000000000e+05 
1.22555077330477e-02 1.00000000000000e+05 
1.24925732311188e-02 1.00000000000000e+05 
1.27321055637904e-02 1.00000000000000e+05 
1.29787963337182e-02 1.00000000000000e+05 
1.32289086792741e-02 1.00000000000000e+05 
1.34806587133055e-02 1.00000000000000e+05 
1.37379713006939e-02 1.00000000000000e+05 
1.39979199469321e-02 1.00000000000000e+05 
1.42579765932365e-02 1.00000000000000e+05 
1.45210818683595e-02 1.00000000000000e+05 
1.47841201818720e-02 1.00000000000000e+05 
1.50464097175978e-02 1.00000000000000e+05 
1.53078626145497e-02 1.00000000000000e+05 
1.55685160744148e-02 1.00000000000000e+05 
1.58290381162798e-02 1.00000000000000e+05 
1.60894823942995e-02 1.00000000000000e+05 
1.63505177295643e-02 1.00000000000000e+05 
1.66121573223433e-02 1.00000000000000e+05 
1.68747296147204e-02 1.00000000000000e+05 
1.71378707753188e-02 1.00000000000000e+05 
1.74022843518795e-02 1.00000000000000e+05 
1.76676356750183e-02 1.00000000000000e+05 
1.79343012099619e-02 1.00000000000000e+05 
1.82010691901158e-02 1.00000000000000e+05 
1.84689425306358e-02 1.00000000000000e+05 
1.87370440290696e-02 1.00000000000000e+05 
1.90063040920049e-02 1.00000000000000e+05 
1.92760725331653e-02 1.00000000000000e+05 
1.95473395798536e-02 1.00000000000000e+05 
1.98193765220543e-02 1.00000000000000e+05 
2.00927890970067e-02 1.00000000000000e+05 
2.03664403199553e-02 1.00000000000000e+05 
2.06414486534776e-02 1.00000000000000e+05 
2.09169782373425e-02 1.00000000000000e+05 
2.11935847600611e-02 1.00000000000000e+05 
2.14706450381875e-02 1.00000000000000e+05 
2.17487767280646e-02 1.00000000000000e+05 
2.20273871863434e-02 1.00000000000000e+05 
2.23061251295780e-02 1.00000000000000e+05 
2.25858385004335e-02 1.00000000000000e+05 
2.28657075471678e-02 1.00000000000000e+05 
2.31464263051046e-02 1.00000000000000e+05 
2.34273903232276e-02 1.00000000000000e+05 
2.37090515119518e-02 1.00000000000000e+05 
2.39909387565207e-02 1.00000000000000e+05 
2.42734819882934e-02 1.00000000000000e+05 
2.45560940149440e-02 1.00000000000000e+05 
2.48393125483647e-02 1.00000000000000e+05 
2.51225884941831e-02 1.00000000000000e+05 
2.54064641002666e-02 1.00000000000000e+05 
2.56904881985226e-02 1.00000000000000e+05 
2.59751830635136e-02 1.00000000000000e+05 
2.62601736076034e-02 1.00000000000000e+05 
2.65459271219395e-02 1.00000000000000e+05 
2.68321380500819e-02 1.00000000000000e+05 
2.71192068812778e-02 1.00000000000000e+05 
2.74061362404127e-02 1.00000000000000e+05 
2.76942990700100e-02 1.00000000000000e+05 
2.79827238028660e-02 1.00000000000000e+05 
2.82722525773994e-02 1.00000000000000e+05 
2.85622116960682e-02 1.00000000000000e+05 
2.88531707420379e-02 1.00000000000000e+05 
2.91444731679323e-02 1.00000000000000e+05 
2.94368305135269e-02 1.00000000000000e+05 
2.97295682665768e-02 1.00000000000000e+05 
3.00234641576780e-02 1.00000000000000e+05 
3.03177734476539e-02 1.00000000000000e+05 
3.06133482810112e-02 1.00000000000000e+05 
3.09093780267302e-02 1.00000000000000e+05 
3.12067923804815e-02 1.00000000000000e+05 
3.15047324760290e-02 1.00000000000000e+05 
3.18041860165266e-02 1.00000000000000e+05 
3.21042374061901e-02 1.00000000000000e+05 
3.24059262907023e-02 1.00000000000000e+05 
3.27083018575760e-02 1.00000000000000e+05 
3.30115020317506e-02 1.00000000000000e+05 
3.33152913051172e-02 1.00000000000000e+05 
3.36199178324841e-02 1.00000000000000e+05 
3.39250576501767e-02 1.00000000000000e+05 
3.42307462235259e-02 1.00000000000000e+05 
3.45369373468078e-02 1.00000000000000e+05 
3.48436621191294e-02 1.00000000000000e+05 
3.51508401958025e-02 1.00000000000000e+05 
3.54584801726843e-02 1.00000000000000e+05 
3.57665485326274e-02 1.00000000000000e+05 
3.60750053779720e-02 1.00000000000000e+05 
3.63838709150054e-02 1.00000000000000e+05 
3.66930998179258e-02 1.00000000000000e+05 
3.70027340805023e-02 1.00000000000000e+05 
3.73127366884194e-02 1.00000000000000e+05 
3.76232480262619e-02 1.00000000000000e+05 
3.79340750923652e-02 1.00000000000000e+05 
3.82453960179285e-02 1.00000000000000e+05 
3.85569729408712e-02 1.00000000000000e+05 
3.88690567310147e-02 1.00000000000000e+05 
3.91813669039234e-02 1.00000000000000e+05 
3.94939723021367e-02 1.00000000000000e+05 
3.98069086201230e-02 1.00000000000000e+05 
4.01195859612953e-02 1.00000000000000e+05 
4.04326295716359e-02 1.00000000000000e+05 
4.07454247138476e-02 1.00000000000000e+05 
4.10585615039618e-02 1.00000000000000e+05 
4.13714185450714e-02 1.00000000000000e+05 
4.16845729155464e-02 1.00000000000000e+05 
4.19974272131687e-02 1.00000000000000e+05 
4.23105692843137e-02 1.00000000000000e+05 
4.26234206978062e-02 1.00000000000000e+05 
4.29365924369506e-02 1.00000000000000e+05 
4.32495044581200e-02 1.00000000000000e+05 
4.35627553515087e-02 1.00000000000000e+05 
4.38757434711694e-02 1.00000000000000e+05 
4.41890336840071e-02 1.00000000000000e+05 
4.45020349017244e-02 1.00000000000000e+05 
4.48153071354080e-02 1.00000000000000e+05 
4.51282820885176e-02 1.00000000000000e+05 
4.54415092181553e-02 1.00000000000000e+05 
4.57544288516516e-02 1.00000000000000e+05 
4.60675761236018e-02 1.00000000000000e+05 
4.63804068392071e-02 1.00000000000000e+05 
4.66934448628330e-02 1.00000000000000e+05 
4.70061655186671e-02 1.00000000000000e+05 
4.73190807406776e-02 1.00000000000000e+05 
4.76316858356775e-02 1.00000000000000e+05 
4.79444697864581e-02 1.00000000000000e+05 
4.82569432086896e-02 1.00000000000000e+05 
4.85695906142219e-02 1.00000000000000e+05 
4.88819322087766e-02 1.00000000000000e+05 
4.91944410112353e-02 1.00000000000000e+05 
4.95066533397974e-02 1.00000000000000e+05 
4.98190352767881e-02 1.00000000000000e+05 
5.01311276286021e-02 1.00000000000000e+05 
5.04433761838242e-02 1.00000000000000e+05 
5.07553150667344e-02 1.00000000000000e+05 
5.10673760074411e-02 1.00000000000000e+05 
5.13791189809706e-02 1.00000000000000e+05 
5.16909718851388e-02 1.00000000000000e+05 
5.20025272636055e-02 1.00000000000000e+05 
5.23141987296215e-02 1.00000000000000e+05 
5.26255932258648e-02 1.00000000000000e+05 
5.29371030432514e-02 1.00000000000000e+05 
5.32483524585596e-02 1.00000000000000e+05 
5.35597250313286e-02 1.00000000000000e+05 
5.38708507623307e-02 1.00000000000000e+05 
5.41821016192434e-02 1.00000000000000e+05 
5.44931142988986e-02 1.00000000000000e+05 
5.48042375154819e-02 1.00000000000000e+05 
5.51151300002544e-02 1.00000000000000e+05 
5.54261265077552e-02 1.00000000000000e+05 
5.57369046252803e-02 1.00000000000000e+05 
5.60477851993297e-02 1.00000000000000e+05 
5.63584573080692e-02 1.00000000000000e+05 
5.66692285422728e-02 1.00000000000000e+05 
5.69797899564465e-02 1.00000000000000e+05 
5.72904473590926e-02 1.00000000000000e+05 
5.76008955722364e-02 1.00000000000000e+05 
5.79114489838089e-02 1.00000000000000e+05 
5.82218199537696e-02 1.00000000000000e+05 
5.85323115666758e-02 1.00000000000000e+05 
5.88426376843471e-02 1.00000000000000e+05 
5.91530777853115e-02 1.00000000000000e+05 
5.94633491865869e-02 1.00000000000000e+05 
5.97737212494283e-02 1.00000000000000e+05 
6.00839248647173e-02 1.00000000000000e+05 
6.03942248123274e-02 1.00000000000000e+05 
6.07043648434865e-02 1.00000000000000e+05 
6.10146025616369e-02 1.00000000000000e+05 
6.13246957055584e-02 1.00000000000000e+05 
6.16348935704271e-02 1.00000000000000e+05 
6.19449685810033e-02 1.00000000000000e+05 
6.22551582410628e-02 1.00000000000000e+05 
6.25652383611197e-02 1.00000000000000e+05 
6.28754254776108e-02 1.00000000000000e+05 
6.31854898637352e-02 1.00000000000000e+05 
6.34956305227475e-02 1.00000000000000e+05 
6.38056244671911e-02 1.00000000000000e+05 
6.41156682265333e-02 1.00000000000000e+05 
6.44255565797877e-02 1.00000000000000e+05 
6.47354880150488e-02 1.00000000000000e+05 
6.50452725149379e-02 1.00000000000000e+05 
6.53551034597172e-02 1.00000000000000e+05 
6.56647985736542e-02 1.00000000000000e+05 
6.59745373681723e-02 1.00000000000000e+05 
6.62841658641921e-02 1.00000000000000e+05 
6.65938557184152e-02 1.00000000000000e+05 
6.69034605757702e-02 1.00000000000000e+05 
6.72131381634727e-02 1.00000000000000e+05 
6.75227514201667e-02 1.00000000000000e+05 
6.78324448070691e-02 1.00000000000000e+05 
6.81420766459898e-02 1.00000000000000e+05 
6.84517740868834e-02 1.00000000000000e+05 
6.87613821352771e-02 1.00000000000000e+05 
6.90710164005701e-02 1.00000000000000e+05 
6.93805263356655e-02 1.00000000000000e+05 
6.96900283610277e-02 1.00000000000000e+05 
6.99993931763643e-02 1.00000000000000e+05 
7.03087408416575e-02 1.00000000000000e+05 
7.06179616257319e-02 1.00000000000000e+05 
7.09271717812124e-02 1.00000000000000e+05 
7.12362715066407e-02 1.00000000000000e+05 
7.15453711657498e-02 1.00000000000000e+05 
7.18543749220645e-02 1.00000000000000e+05 
7.21633936350729e-02 1.00000000000000e+05 
7.24723379373534e-02 1.00000000000000e+05 
7.27813161610884e-02 1.00000000000000e+05 
7.30902409243404e-02 1.00000000000000e+05 
7.33992127799283e-02 1.00000000000000e+05 
7.37081445119162e-02 1.00000000000000e+05 
7.40171307036337e-02 1.00000000000000e+05 
7.43260846905274e-02 1.00000000000000e+05 
7.46350947047729e-02 1.00000000000000e+05 
7.49440602337678e-02 1.00000000000000e+05 
7.52530589290731e-02 1.00000000000000e+05 
7.55619729747118e-02 1.00000000000000e+05 
7.58708788653670e-02 1.00000000000000e+05 
7.61796596316629e-02 1.00000000000000e+05 
7.64884123124558e-02 1.00000000000000e+05 
7.67970395174837e-02 1.00000000000000e+05 
7.71056163703525e-02 1.00000000000000e+05 
7.74140814888686e-02 1.00000000000000e+05 
7.77225076347104e-02 1.00000000000000e+05 
7.80308446983325e-02 1.00000000000000e+05 
7.83391603413753e-02 1.00000000000000e+05 
7.86473980350346e-02 1.00000000000000e+05 
7.89556201429639e-02 1.00000000000000e+05 
7.92637690916645e-02 1.00000000000000e+05 
7.95719059376576e-02 1.00000000000000e+05 
7.98799746161171e-02 1.00000000000000e+05 
8.01880367188831e-02 1.00000000000000e+05 
8.04960362484435e-02 1.00000000000000e+05 
8.08040338729781e-02 1.00000000000000e+05 
8.11119708273710e-02 1.00000000000000e+05 
8.14199045935002e-02 1.00000000000000e+05 
8.17277773830751e-02 1.00000000000000e+05 
8.20356469710911e-02 1.00000000000000e+05 
8.23434578297976e-02 1.00000000000000e+05 
8.26512665147273e-02 1.00000000000000e+05 
8.29590138534614e-02 1.00000000000000e+05 
8.32667497122500e-02 1.00000000000000e+05 
8.35744125963147e-02 1.00000000000000e+05 
8.38820467301374e-02 1.00000000000000e+05 
8.41895927877519e-02 1.00000000000000e+05 
8.44970936231411e-02 1.00000000000000e+05 
8.48044953789718e-02 1.00000000000000e+05 
8.51118452084736e-02 1.00000000000000e+05 
8.54190979441561e-02 1.00000000000000e+05 
8.57263098787831e-02 1.00000000000000e+05 
8.60334367711814e-02 1.00000000000000e+05 
8.63405287149901e-02 1.00000000000000e+05 
8.66475373220048e-02 1.00000000000000e+05 
8.69545110542483e-02 1.00000000000000e+05 
8.72614119956199e-02 1.00000000000000e+05 
8.75682949095659e-02 1.00000000000000e+05 
8.78751272168706e-02 1.00000000000000e+05 
8.81819601881020e-02 1.00000000000000e+05 
8.84887527765465e-02 1.00000000000000e+05 
8.87955441970692e-02 1.00000000000000e+05 
8.91022852884303e-02 1.00000000000000e+05 
8.94090067736584e-02 1.00000000000000e+05 
8.97156671088633e-02 1.00000000000000e+05 
9.00222796755642e-02 1.00000000000000e+05 
9.03287961298893e-02 1.00000000000000e+05 
9.06352720082198e-02 1.00000000000000e+05 
9.09416697630517e-02 1.00000000000000e+05 
9.12480524642025e-02 1.00000000000000e+05 
9.15543749216541e-02 1.00000000000000e+05 
9.18606955250376e-02 1.00000000000000e+05 
9.21669601917624e-02 1.00000000000000e+05 
9.24732235874702e-02 1.00000000000000e+05 
9.27794254691876e-02 1.00000000000000e+05 
9.30856192447588e-02 1.00000000000000e+05 
9.33917390208565e-02 1.00000000000000e+05 
9.36978376995347e-02 1.00000000000000e+05 
9.40038507664684e-02 1.00000000000000e+05 
9.43098376386767e-02 1.00000000000000e+05 
9.46157409649062e-02 1.00000000000000e+05 
9.49216283535885e-02 1.00000000000000e+05 
9.52274456888007e-02 1.00000000000000e+05 
9.55332634463819e-02 1.00404579652861e+05 
9.58390257399159e-02 1.01861931729753e+05 
9.61448001146599e-02 1.04851058524144e+05 
9.64505250382790e-02 1.09661294273647e+05 
9.67562609159507e-02 1.15781020498611e+05 
9.70619396328674e-02 1.22947755825990e+05 
9.73676178737432e-02 1.30062329754110e+05 
9.76732275312098e-02 1.36962444066232e+05 
9.79788282270440e-02 1.42299897838076e+05 
9.82843607997689e-02 1.45582588432400e+05 
9.85898889611633e-02 1.47078012884587e+05 
9.88953507690171e-02 1.46964623889884e+05 
9.92008047025994e-02 1.46786686003864e+05 
9.95061857640433e-02 1.46468910909257e+05 
9.98115546769146e-02 1.45990360964676e+05 
1.00116855727018e-01 1.45307478037047e+05 
1.00422154776331e-01 1.44503086020138e+05 
1.00727398229298e-01 1.43636849143605e+05 
1.01032649879163e-01 1.42745454339832e+05 
1.01337853490188e-01 1.41877698009902e+05 
1.01643068391581e-01 1.41054922949615e+05 
1.01948236632420e-01 1.40291020558299e+05 
1.02253413961767e-01 1.39585337577297e+05 
1.02558541811280e-01 1.38933861393322e+05 
1.02863672911959e-01 1.38327411788581e+05 
1.03168747590232e-01 1.37757389561897e+05 
1.03473816792037e-01 1.37213408271946e+05 
1.03778821287051e-01 1.36686708592569e+05 
1.04083813766036e-01 1.36169405629062e+05 
1.04388737290607e-01 1.35656635829193e+05 
1.04693648167203e-01 1.35144669980188e+05 
1.04998492168547e-01 1.34631730703512e+05 
1.05303328595505e-01 1.34116341525130e+05 
1.05608105218429e-01 1.33598549656266e+05 
1.05912881797745e-01 1.33078453742600e+05 
1.06217605801009e-01 1.32557241548975e+05 
1.06522334693281e-01 1.32035929438859e+05 
1.06827015254504e-01 1.31516064700775e+05 
1.07131703036364e-01 1.30998791554391e+05 
1.07436345174645e-01 1.30485310292893e+05 
1.07740996212454e-01 1.29976473127617e+05 
1.08045602850541e-01 1.29472994361205e+05 
1.08350218459885e-01 1.28975384475367e+05 
1.08654788414491e-01 1.28483981923241e+05 
1.08959365221428e-01 1.27999085031872e+05 
1.09263892614899e-01 1.27520811646365e+05 
1.09568422739067e-01 1.27049361863604e+05 
1.09872898478835e-01 1.26584664249904e+05 
1.10177372692750e-01 1.26126816855368e+05 
1.10481787178414e-01 1.25675534567005e+05 
1.10786194411271e-01 1.25230788310078e+05 
1.11090537784100e-01 1.24792101801253e+05 
1.11394875173482e-01 1.24359330059975e+05 
1.11699151655502e-01 1.23931894204871e+05 
1.12003426903382e-01 1.23509592493222e+05 
1.12307644286055e-01 1.23091873500964e+05 
1.12611865098832e-01 1.22678543781777e+05 
1.12916032471323e-01 1.22269168858869e+05 
1.13220210570262e-01 1.21863610162431e+05 
1.13524340355807e-01 1.21461584491900e+05 
1.13828486968390e-01 1.21063031080205e+05 
1.14132587427557e-01 1.20667786274083e+05 
1.14436706805248e-01 1.20275866080844e+05 
1.14740779403284e-01 1.19887171989904e+05 
1.15044870803268e-01 1.19501786051417e+05 
1.15348913789089e-01 1.19119624512090e+05 
1.15652974634899e-01 1.18740825392418e+05 
1.15956984708801e-01 1.18365304696275e+05 
1.16261011055900e-01 1.17993246483746e+05 
1.16564984476967e-01 1.17624578484570e+05 
1.16868973516361e-01 1.17259512177573e+05 
1.17172909862889e-01 1.16898004643104e+05 
1.17476863908504e-01 1.16540262747250e+05 
1.17780768095636e-01 1.16186274345848e+05 
1.18084692834645e-01 1.15836201746823e+05 
1.18388569579012e-01 1.15490039258385e+05 
1.18692466674112e-01 1.15147868620108e+05 
1.18996315200902e-01 1.14809648780207e+05 
1.19300181934002e-01 1.14475365160098e+05 
1.19603999591632e-01 1.14144909936010e+05 
1.19907834385135e-01 1.13818191884047e+05 
1.20203681159226e-01 1.13503444427221e+05 
1.20507483644077e-01 1.13183658576174e+05 
1.20811236478384e-01 1.12867138296006e+05 
1.21115002726374e-01 1.12553808649574e+05 
1.21418716818545e-01 1.12243511796192e+05 
1.21722439285091e-01 1.11936257475189e+05 
1.22026105657421e-01 1.11631960329334e+05 
1.22329776857948e-01 1.11330716242871e+05 
1.22633391797370e-01 1.11032513815015e+05 
1.22937013436508e-01 1.10737495437533e+05 
1.23240583087798e-01 1.10445689255364e+05 
1.23544162634038e-01 1.10157224764878e+05 
1.23847692676394e-01 1.09872116297192e+05 
1.24151236342071e-01 1.09590421019536e+05 
1.24454739169761e-01 1.09312086002652e+05 
1.24758273987686e-01 1.09037063378830e+05 
1.25061793971784e-01 1.08765214896809e+05 
1.25365390022904e-01 1.08496398100538e+05 
1.25669037652268e-01 1.08230400068076e+05 
1.25972855122275e-01 1.07967026989855e+05 
1.26276844206357e-01 1.07706038885574e+05 
1.26581131264758e-01 1.07447267837752e+05 
1.26885699225368e-01 1.07190538509058e+05 
1.27190616458720e-01 1.06935807487249e+05 
1.27495780320726e-01 1.06683050828690e+05 
1.27801144549186e-01 1.06432404724401e+05 
1.28106512485520e-01 1.06184000337266e+05 
1.28411760407412e-01 1.05938096137238e+05 
1.28716680772177e-01 1.05694878813197e+05 
1.29021172071210e-01 1.05454604562128e+05 
1.29325115000784e-01 1.05217396302312e+05 
1.29628514734398e-01 1.04983405107976e+05 
1.29931376083846e-01 1.04752636526314e+05 
1.30233826879094e-01 1.04525112119055e+05 
1.30535942185315e-01 1.04300756903816e+05 
1.30837892652179e-01 1.04079530909849e+05 
1.31139748120912e-01 1.03861343723524e+05 
1.31441661440209e-01 1.03646155269098e+05 
1.31743647273485e-01 1.03433910436620e+05 
1.32045806136467e-01 1.03224610410200e+05 
1.32348089331782e-01 1.03018251664723e+05 
1.32650542937939e-01 1.02814885377188e+05 
1.32953076285432e-01 1.02614549214983e+05 
1.33255706087848e-01 1.02417326989766e+05 
1.33558333003864e-01 1.02223273046476e+05 
1.33860973962066e-01 1.02032475102448e+05 
1.34163547822353e-01 1.01844982619587e+05 
1.34466086244716e-01 1.01660874203989e+05 
1.34768526054246e-01 1.01480182948386e+05 
1.35070913571862e-01 1.01302964113660e+05 
1.35373199460247e-01 1.01129230129769e+05 
1.35675438037927e-01 1.00959046105588e+05 
1.35977587921319e-01 1.00792365944041e+05 
1.36279703857267e-01 1.00629307131816e+05 
1.36581750023292e-01 1.00469879239049e+05 
1.36883779527417e-01 1.00313842194527e+05 
1.37185763534603e-01 1.00161546530395e+05 
1.37487751869949e-01 1.00012762435061e+05 
1.37789722761912e-01 9.98675036807391e+04 
1.38091720258768e-01 9.97251431412154e+04 
1.38393723748445e-01 9.95855368421865e+04 
1.38695768388763e-01 9.94488164934694e+04 
1.38997828044739e-01 9.93149492124636e+04 
1.39299927715515e-01 9.91836308762637e+04 
1.39602032583642e-01 9.90546093310594e+04 
1.39904159541332e-01 9.89276530092196e+04 
1.40206266314886e-01 9.88024411585603e+04 
1.40508367462369e-01 9.86786852133710e+04 
1.40810417496133e-01 9.85560780774573e+04 
1.41112436804157e-01 9.84343482608373e+04 
1.41414382476043e-01 9.83132067395700e+04 
1.41716288686842e-01 9.81924238562360e+04 
1.42018119757874e-01 9.80717538014644e+04 
1.42319926312276e-01 9.79510187406734e+04 
1.42621679946185e-01 9.78300403841249e+04 
1.42923443926372e-01 9.77086847307180e+04 
1.43225192831877e-01 9.75868193156308e+04 
1.43526993624796e-01 9.74643631052670e+04 
1.43828818441423e-01 9.73412228382691e+04 
1.44130727943574e-01 9.72173500377788e+04 
1.44432688238616e-01 9.70926940047312e+04 
1.44734748043296e-01 9.69672118505674e+04 
1.45036867081020e-01 9.68409039836812e+04 
1.45339081502430e-01 9.67137852547008e+04 
1.45641346447734e-01 9.65857977130905e+04 
1.45943688639851e-01 9.64570796807458e+04 
1.46246060973697e-01 9.63276243149664e+04 
1.46548486592045e-01 9.61974920814327e+04 
1.46850917227074e-01 9.60668577773299e+04 
1.47153378874217e-01 9.59358157978793e+04 
1.47455825512086e-01 9.58046172859787e+04 
1.47758286306756e-01 9.56734994052190e+04 
1.48060716803019e-01 9.55429654081046e+04 
1.48363150542658e-01 9.54136379601170e+04 
1.48665543486136e-01 9.52860389132752e+04 
1.48967932682362e-01 9.51608194597512e+04 
1.49270274768937e-01 9.50387852467108e+04 
1.49572609819906e-01 9.49211485932321e+04 
1.49874880879241e-01 9.48083943127970e+04 
1.50177126541683e-01 9.47021354143649e+04 
1.50479311160963e-01 9.46041148499378e+04 
1.50781479667238e-01 9.45131909514891e+04 
1.51083597593127e-01 9.44337316903195e+04 
1.51385712344516e-01 9.43677747853307e+04 
1.51687788365811e-01 9.43060676322684e+04 
1.51989872354069e-01 9.42664623602076e+04 
1.52291927517756e-01 9.42434325479987e+04 
1.52593999395183e-01 9.42325648873154e+04 
1.52896050494693e-01 9.42420447270013e+04 
1.53198125007645e-01 9.42513465434486e+04 
1.53500185095659e-01 9.42606250150515e+04 
1.53802273148999e-01 9.42800292717600e+04 
1.54104350571474e-01 9.43138031984450e+04 
1.54406457196699e-01 9.43686907316592e+04 
1.54708553032941e-01 9.44498960084962e+04 
1.55010675761172e-01 9.45537702406912e+04 
1.55312784501334e-01 9.46773608620801e+04 
1.55614916085269e-01 9.48182360018617e+04 
1.55917029675763e-01 9.49738326072125e+04 
1.56219161964155e-01 9.51408639962938e+04 
1.56521272578930e-01 9.53161062435030e+04 
1.56823398364863e-01 9.54952151100483e+04 
1.57125499337401e-01 9.56750997076018e+04 
1.57427612555902e-01 9.58517569159965e+04 
1.57729698174860e-01 9.60203702739513e+04 
1.58031793444988e-01 9.61795285676832e+04 
1.58333858738508e-01 9.63241302328718e+04 
1.58635931275227e-01 9.64489141491666e+04 
1.58937971735971e-01 9.65592207900097e+04 
1.59240016905855e-01 9.66483680677904e+04 
1.59542027735343e-01 9.67086503312920e+04 
1.59844040448418e-01 9.67471864307743e+04 
1.60146016327638e-01 9.67644206395064e+04 
1.60447991086138e-01 9.67651058052217e+04 
1.60749926062629e-01 9.67652561544134e+04 
1.61051856262663e-01 9.67631893945506e+04 
1.61353743337213e-01 9.67574085034174e+04 
1.61655622489182e-01 9.67461164165474e+04 
1.61957456722253e-01 9.67279346482961e+04 
1.62259282982964e-01 9.67039182700784e+04 
1.62561066360287e-01 9.66758328085466e+04 
1.62862845761709e-01 9.66423034969105e+04 
1.63164588058710e-01 9.66042933000436e+04 
1.63466332688689e-01 9.65634790510664e+04 
1.63768047082543e-01 9.65203428541682e+04 
1.64069769678849e-01 9.64752605930254e+04 
1.64371467465134e-01 9.64287144276042e+04 
1.64673177147100e-01 9.63808984273557e+04 
1.64974865266379e-01 9.63323248983201e+04 
1.65276567091482e-01 9.62830675005419e+04 
1.65578249178896e-01 9.62334288697049e+04 
1.65879945543227e-01 9.61835090563111e+04 
1.66181622530364e-01 9.61331215673436e+04 
1.66483312449359e-01 9.60820618115262e+04 
1.66784981085559e-01 9.60305638871966e+04 
1.67086659245726e-01 9.59793159246929e+04 
1.67388312479940e-01 9.59284999585895e+04 
1.67689971418889e-01 9.58784073021094e+04 
1.67991601832451e-01 9.58287111678181e+04 
1.68293235024196e-01 9.57793924804493e+04 
1.68594836946329e-01 9.57303842023289e+04 
1.68896439660386e-01 9.56815721778091e+04 
1.69198009480918e-01 9.56334807005915e+04 
1.69499579158563e-01 9.55848324398967e+04 
1.69801115443635e-01 9.55360626741754e+04 
1.70102651886325e-01 9.54878795523335e+04 
1.70404155314704e-01 9.54413684162864e+04 
1.70705660443440e-01 9.53956327606582e+04 
1.71007134084848e-01 9.53493820248788e+04 
1.71308612438985e-01 9.53033783769419e+04 
1.71610062760775e-01 9.52581101395993e+04 
1.71911522943302e-01 9.52140273254471e+04 
1.72212960105725e-01 9.51705106792351e+04 
1.72514412649321e-01 9.51280491382868e+04 
1.72815845876478e-01 9.50881255253366e+04 
1.73117297156822e-01 9.50485929797119e+04 
1.73418730073542e-01 9.50110503840480e+04 
1.73720181480491e-01 9.49755330768894e+04 
1.74021614607902e-01 9.49428168810486e+04 
1.74323066870134e-01 9.49132902064488e+04 
1.74624501198072e-01 9.48854102549111e+04 
1.74925955278299e-01 9.48598774397552e+04 
1.75227390077826e-01 9.48373466658537e+04 
1.75528843204538e-01 9.48184044017688e+04 
1.75830275716223e-01 9.48028736523339e+04 
1.76131725132765e-01 9.47900157825919e+04 
1.76433149696147e-01 9.47801189550086e+04 
1.76734591026119e-01 9.47725456727735e+04 
1.77036003352436e-01 9.47666448974827e+04 
1.77337432865832e-01 9.47620152391583e+04 
1.77638830120169e-01 9.47570714628782e+04 
1.77940245809989e-01 9.47518327591786e+04 
1.78241627976721e-01 9.47467808588503e+04 
1.78543029013786e-01 9.47416979489086e+04 
1.78844394817728e-01 9.47360492327059e+04 
1.79145777885932e-01 9.47295995740835e+04 
1.79447123441490e-01 9.47221329922580e+04 
1.79748484527779e-01 9.47133302588451e+04 
1.80049807050019e-01 9.47032724801759e+04 
1.80351145410621e-01 9.46921066056231e+04 
1.80652445963542e-01 9.46799900622626e+04 
1.80953764390735e-01 9.46671316502438e+04 
1.81255046631290e-01 9.46541019680820e+04 
1.81556349148726e-01 9.46413535201784e+04 
1.81857617175813e-01 9.46289101565615e+04 
1.82158907631212e-01 9.46171367786774e+04 
1.82460165314454e-01 9.46062832793908e+04 
1.82761447174151e-01 9.45954932855978e+04 
1.83062697603585e-01 9.45855691090853e+04 
1.83363972807100e-01 9.45770951962744e+04 
1.83665216497770e-01 9.45705073143613e+04 
1.83966483505321e-01 9.45673396575933e+04 
1.84267716872355e-01 9.45669207474574e+04 
1.84568970787698e-01 9.45684094375567e+04 
1.84870188864159e-01 9.45724625392002e+04 
1.85171426803983e-01 9.45791418930852e+04 
1.85472628614778e-01 9.45877807037308e+04 
1.85773850611668e-01 9.45980567482079e+04 
1.86075036060284e-01 9.46095738769781e+04 
1.86376240865866e-01 9.46219370093279e+04 
1.86677407828564e-01 9.46346284034932e+04 
1.86978593752500e-01 9.46471588675528e+04 
1.87279741522449e-01 9.46592255731311e+04 
1.87580909825785e-01 9.46702121575351e+04 
1.87882041717425e-01 9.46797975866947e+04 
1.88183195916317e-01 9.46875402275378e+04 
1.88484315080977e-01 9.46935281089295e+04 
1.88785457020638e-01 9.46959880066754e+04 
1.89086563716092e-01 9.46961019020669e+04 
1.89387692369310e-01 9.46940165417468e+04 
1.89688784910357e-01 9.46897390552527e+04 
1.89989898593996e-01 9.46847570332412e+04 
1.90290976093527e-01 9.46784294628292e+04 
1.90592075013972e-01 9.46706235516749e+04 
1.90893138710041e-01 9.46612615321048e+04 
1.91194224836666e-01 9.46509048696145e+04 
1.91495276987554e-01 9.46401107574280e+04 
1.91796352596430e-01 9.46294336254067e+04 
1.92097395221696e-01 9.46188954005666e+04 
1.92398461791387e-01 9.46096676732721e+04 
1.92699495955021e-01 9.46024387328752e+04 
1.93000553762655e-01 9.45971678861386e+04 
1.93301580051024e-01 9.45922662580256e+04 
1.93602628223274e-01 9.45900289948159e+04 
1.93903647182727e-01 9.45898439623302e+04 
1.94204688848784e-01 9.45923349511334e+04 
1.94505693757094e-01 9.45959305555364e+04 
1.94806704866793e-01 9.46061464008582e+04 
1.95107667770172e-01 9.46351524314421e+04 
1.95408637362612e-01 9.46913980685926e+04 
1.95709567237256e-01 9.47851851219996e+04 
1.96010518694257e-01 9.49080559002015e+04 
1.96311456890180e-01 9.50614764962589e+04 
1.96612443813197e-01 9.52468262584084e+04 
1.96913436632417e-01 9.54596490818080e+04 
1.97214478068753e-01 9.56962542827007e+04 
1.97515509501177e-01 9.59527625149142e+04 
1.97816571445542e-01 9.62232589984591e+04 
1.98117605615131e-01 9.65020092124074e+04 
1.98418662189776e-01 9.67826867217332e+04 
1.98719687226812e-01 9.70577781854297e+04 
1.99020736469384e-01 9.73204615622886e+04 
1.99321757948183e-01 9.75629899317645e+04 
1.99622807694222e-01 9.77823309198309e+04 
1.99923833405162e-01 9.79682437722974e+04 
2.00224889661212e-01 9.81234246869248e+04 
