temps pression
0.00000000000000e+00 1.00000000000000e+05 
7.22956891292051e-05 1.00000000000000e+05 
1.36012593082693e-04 1.00000000000000e+05 
1.95841839271287e-04 1.00000000000000e+05 
2.48136352259026e-04 1.00000000000000e+05 
2.92259872457627e-04 1.00000000000000e+05 
3.32398725148260e-04 1.00000000000000e+05 
3.68237896383045e-04 1.00000000000000e+05 
4.01423720147164e-04 1.00000000000000e+05 
4.31856752968882e-04 1.00000000000000e+05 
4.60878230235362e-04 1.00000000000000e+05 
4.92801855228489e-04 1.00000000000000e+05 
5.27917842720929e-04 1.00000000000000e+05 
5.66545428962614e-04 1.00000000000000e+05 
6.09035773828466e-04 1.00000000000000e+05 
6.55775153180904e-04 1.00000000000000e+05 
7.02245801922679e-04 1.00000000000000e+05 
7.47453228713551e-04 1.00000000000000e+05 
7.97181398183511e-04 1.00000000000000e+05 
8.51882384600467e-04 1.00000000000000e+05 
9.12053469659118e-04 1.00000000000000e+05 
9.75627706681509e-04 1.00000000000000e+05 
1.03822613120209e-03 1.00000000000000e+05 
1.10708439817474e-03 1.00000000000000e+05 
1.18282849184465e-03 1.00000000000000e+05 
1.26554362544697e-03 1.00000000000000e+05 
1.34968947841744e-03 1.00000000000000e+05 
1.43419468651438e-03 1.00000000000000e+05 
1.52715041542101e-03 1.00000000000000e+05 
1.62940171721831e-03 1.00000000000000e+05 
1.73615282719917e-03 1.00000000000000e+05 
1.85066408221698e-03 1.00000000000000e+05 
1.96736741068864e-03 1.00000000000000e+05 
2.09371177051730e-03 1.00000000000000e+05 
2.22555796896129e-03 1.00000000000000e+05 
2.36158665410771e-03 1.00000000000000e+05 
2.50294618398304e-03 1.00000000000000e+05 
2.64911959090484e-03 1.00000000000000e+05 
2.80087197121947e-03 1.00000000000000e+05 
2.95715936695475e-03 1.00000000000000e+05 
3.11891806138345e-03 1.00000000000000e+05 
3.28533472290887e-03 1.00000000000000e+05 
3.45690547653385e-03 1.00000000000000e+05 
3.63411776259528e-03 1.00000000000000e+05 
3.81664056744797e-03 1.00000000000000e+05 
4.00357355598077e-03 1.00000000000000e+05 
4.19647593420617e-03 1.00000000000000e+05 
4.39493355204993e-03 1.00000000000000e+05 
4.60002315010412e-03 1.00000000000000e+05 
4.81049166165160e-03 1.00000000000000e+05 
5.02680988706732e-03 1.00000000000000e+05 
5.24497720345275e-03 1.00000000000000e+05 
5.46394479362917e-03 1.00000000000000e+05 
5.68355035859633e-03 1.00000000000000e+05 
5.90521872736899e-03 1.00000000000000e+05 
6.12866488860837e-03 1.00000000000000e+05 
6.35428686337282e-03 1.00000000000000e+05 
6.58064280636221e-03 1.00000000000000e+05 
6.80898392211190e-03 1.00000000000000e+05 
7.03640011343356e-03 1.00000000000000e+05 
7.26040055065879e-03 1.00000000000000e+05 
7.48445692333574e-03 1.00000000000000e+05 
7.70732078656229e-03 1.00000000000000e+05 
7.92831513296502e-03 1.00000000000000e+05 
8.14701270725157e-03 1.00000000000000e+05 
8.36441768854357e-03 1.00000000000000e+05 
8.58001788410381e-03 1.00000000000000e+05 
8.79445641487395e-03 1.00000000000000e+05 
9.00722530016428e-03 1.00000000000000e+05 
9.21870281741345e-03 1.00000000000000e+05 
9.42791109851043e-03 1.00000000000000e+05 
9.63677145936071e-03 1.00000000000000e+05 
9.84507037162703e-03 1.00000000000000e+05 
1.00534395398254e-02 1.00000000000000e+05 
1.02622853763630e-02 1.00000000000000e+05 
1.04719211950185e-02 1.00000000000000e+05 
1.06839254462319e-02 1.00000000000000e+05 
1.09005434185223e-02 1.00000000000000e+05 
1.11187313829270e-02 1.00000000000000e+05 
1.13402403609632e-02 1.00000000000000e+05 
1.15652114826203e-02 1.00000000000000e+05 
1.17911718468124e-02 1.00000000000000e+05 
1.20213007343122e-02 1.00000000000000e+05 
1.22555077330477e-02 1.00000000000000e+05 
1.24925732311188e-02 1.00000000000000e+05 
1.27321055637904e-02 1.00000000000000e+05 
1.29787963337182e-02 1.00000000000000e+05 
1.32289086792741e-02 1.00000000000000e+05 
1.34806587133055e-02 1.00000000000000e+05 
1.37379713006939e-02 1.00000000000000e+05 
1.39979199469321e-02 1.00000000000000e+05 
1.42579765932365e-02 1.00000000000000e+05 
1.45210818683595e-02 1.00000000000000e+05 
1.47841201818720e-02 1.00000000000000e+05 
1.50464097175978e-02 1.00000000000000e+05 
1.53078626145497e-02 1.00000000000000e+05 
1.55685160744148e-02 1.00000000000000e+05 
1.58290381162798e-02 1.00000000000000e+05 
1.60894823942995e-02 1.00000000000000e+05 
1.63505177295643e-02 1.00000000000000e+05 
1.66121573223433e-02 1.00000000000000e+05 
1.68747296147204e-02 1.00000000000000e+05 
1.71378707753188e-02 1.00000000000000e+05 
1.74022843518795e-02 1.00000000000000e+05 
1.76676356750183e-02 1.00000000000000e+05 
1.79343012099619e-02 1.00000000000000e+05 
1.82010691901158e-02 1.00000000000000e+05 
1.84689425306358e-02 1.00000000000000e+05 
1.87370440290696e-02 1.00000000000000e+05 
1.90063040920049e-02 1.00000000000000e+05 
1.92760725331653e-02 1.00000000000000e+05 
1.95473395798536e-02 1.00000000000000e+05 
1.98193765220543e-02 1.00000000000000e+05 
2.00927890970067e-02 1.00000000000000e+05 
2.03664403199553e-02 1.00000000000000e+05 
2.06414486534776e-02 1.00000000000000e+05 
2.09169782373425e-02 1.00000000000000e+05 
2.11935847600611e-02 1.00000000000000e+05 
2.14706450381875e-02 1.00000000000000e+05 
2.17487767280646e-02 1.00000000000000e+05 
2.20273871863434e-02 1.00000000000000e+05 
2.23061251295780e-02 1.00000000000000e+05 
2.25858385004335e-02 1.00000000000000e+05 
2.28657075471678e-02 1.00000000000000e+05 
2.31464263051046e-02 1.00000000000000e+05 
2.34273903232276e-02 1.00000000000000e+05 
2.37090515119518e-02 1.00000000000000e+05 
2.39909387565207e-02 1.00000000000000e+05 
2.42734819882934e-02 1.00000000000000e+05 
2.45560940149440e-02 1.00000000000000e+05 
2.48393125483647e-02 1.00000000000000e+05 
2.51225884941831e-02 1.00000000000000e+05 
2.54064641002666e-02 1.00000000000000e+05 
2.56904881985226e-02 1.00000000000000e+05 
2.59751830635136e-02 1.00000000000000e+05 
2.62601736076034e-02 1.00000000000000e+05 
2.65459271219395e-02 1.00000000000000e+05 
2.68321380500819e-02 1.00000000000000e+05 
2.71192068812778e-02 1.00000000000000e+05 
2.74061362404127e-02 1.00000000000000e+05 
2.76942990700100e-02 1.00000000000000e+05 
2.79827238028660e-02 1.00000000000000e+05 
2.82722525773994e-02 1.00000000000000e+05 
2.85622116960682e-02 1.00000000000000e+05 
2.88531707420379e-02 1.00000000000000e+05 
2.91444731679323e-02 1.00000000000000e+05 
2.94368305135269e-02 1.00000000000000e+05 
2.97295682665768e-02 1.00000000000000e+05 
3.00234641576780e-02 1.00000000000000e+05 
3.03177734476539e-02 1.00000000000000e+05 
3.06133482810112e-02 1.00000000000000e+05 
3.09093780267302e-02 1.00000000000000e+05 
3.12067923804815e-02 1.00000000000000e+05 
3.15047324760290e-02 1.00000000000000e+05 
3.18041860165266e-02 1.00000000000000e+05 
3.21042374061901e-02 1.00000000000000e+05 
3.24059262907023e-02 1.00000000000000e+05 
3.27083018575760e-02 1.00000000000000e+05 
3.30115020317506e-02 1.00000000000000e+05 
3.33152913051172e-02 1.00000000000000e+05 
3.36199178324841e-02 1.00000000000000e+05 
3.39250576501767e-02 1.00000000000000e+05 
3.42307462235259e-02 1.00000000000000e+05 
3.45369373468078e-02 1.00000000000000e+05 
3.48436621191294e-02 1.00000000000000e+05 
3.51508401958025e-02 1.00000000000000e+05 
3.54584801726843e-02 1.00000000000000e+05 
3.57665485326274e-02 1.00000000000000e+05 
3.60750053779720e-02 1.00000000000000e+05 
3.63838709150054e-02 1.00000000000000e+05 
3.66930998179258e-02 1.00000000000000e+05 
3.70027340805023e-02 1.00000000000000e+05 
3.73127366884194e-02 1.00000000000000e+05 
3.76232480262619e-02 1.00000000000000e+05 
3.79340750923652e-02 1.00000000000000e+05 
3.82453960179285e-02 1.00000000000000e+05 
3.85569729408712e-02 1.00000000000000e+05 
3.88690567310147e-02 1.00000000000000e+05 
3.91813669039234e-02 1.00000000000000e+05 
3.94939723021367e-02 1.00000000000000e+05 
3.98069086201230e-02 1.00000000000000e+05 
4.01195859612953e-02 1.00000000000000e+05 
4.04326295716359e-02 1.00000000000000e+05 
4.07454247138476e-02 1.00000000000000e+05 
4.10585615039618e-02 1.00000000000000e+05 
4.13714185450714e-02 1.00000000000000e+05 
4.16845729155464e-02 1.00000000000000e+05 
4.19974272131687e-02 1.00000000000000e+05 
4.23105692843137e-02 1.00000000000000e+05 
4.26234206978062e-02 1.00000000000000e+05 
4.29365924369506e-02 1.00000000000000e+05 
4.32495044581200e-02 1.00000000000000e+05 
4.35627553515087e-02 1.00000000000000e+05 
4.38757434711694e-02 1.00000000000000e+05 
4.41890336840071e-02 1.00000000000000e+05 
4.45020349017244e-02 1.00000000000000e+05 
4.48153071354080e-02 1.00000000000000e+05 
4.51282820885176e-02 1.00000000000000e+05 
4.54415092181553e-02 1.00000000000000e+05 
4.57544288516516e-02 1.00000000000000e+05 
4.60675761236018e-02 1.00000000000000e+05 
4.63804068392071e-02 1.00000000000000e+05 
4.66934448628330e-02 1.00000000000000e+05 
4.70061655186671e-02 1.00000000000000e+05 
4.73190807406776e-02 1.00000000000000e+05 
4.76316858356775e-02 1.00000000000000e+05 
4.79444697864581e-02 1.00000000000000e+05 
4.82569432086896e-02 1.00000000000000e+05 
4.85695906142219e-02 1.00000000000000e+05 
4.88819322087766e-02 1.00000000000000e+05 
4.91944410112353e-02 1.00000000000000e+05 
4.95066533397974e-02 1.00000000000000e+05 
4.98190352767881e-02 1.00000000000000e+05 
5.01311276286021e-02 1.00000000000000e+05 
5.04433761838242e-02 1.00000000000000e+05 
5.07553150667344e-02 1.00000000000000e+05 
5.10673760074411e-02 1.00000000000000e+05 
5.13791189809706e-02 1.00000000000000e+05 
5.16909718851388e-02 1.00000000000000e+05 
5.20025272636055e-02 1.00000000000000e+05 
5.23141987296215e-02 1.00000000000000e+05 
5.26255932258648e-02 1.00000000000000e+05 
5.29371030432514e-02 1.00000000000000e+05 
5.32483524585596e-02 1.00000000000000e+05 
5.35597250313286e-02 1.00000000000000e+05 
5.38708507623307e-02 1.00000000000000e+05 
5.41821016192434e-02 1.00000000000000e+05 
5.44931142988986e-02 1.01375652239076e+05 
5.48042375154819e-02 1.08350224945442e+05 
5.51151300002544e-02 1.22379225923638e+05 
5.54261265077552e-02 1.40851846175746e+05 
5.57369046252803e-02 1.60038538293438e+05 
5.60477851993297e-02 1.72506831955953e+05 
5.63584573080692e-02 1.76289094227018e+05 
5.66692285422728e-02 1.75615279691480e+05 
5.69797899564465e-02 1.74666038848783e+05 
5.72904473590926e-02 1.72750615435287e+05 
5.76008955722364e-02 1.70647975041646e+05 
5.79114489838089e-02 1.68504663596832e+05 
5.82218199537696e-02 1.66557926881977e+05 
5.85323115666758e-02 1.64863259964411e+05 
5.88426376843471e-02 1.63427271674863e+05 
5.91530777853115e-02 1.62148647766569e+05 
5.94633491865869e-02 1.60944209260262e+05 
5.97737212494283e-02 1.59731734412886e+05 
6.00839248647173e-02 1.58488772039977e+05 
6.03942248123274e-02 1.57206581465715e+05 
6.07043648434865e-02 1.55886737551733e+05 
6.10146025616369e-02 1.54551315058980e+05 
6.13246957055584e-02 1.53219868580321e+05 
6.16348935704271e-02 1.51912062017389e+05 
6.19449685810033e-02 1.50640870114573e+05 
6.22551582410628e-02 1.49415543490711e+05 
6.25652383611197e-02 1.48236437591081e+05 
6.28754254776108e-02 1.47101570762721e+05 
6.31854898637352e-02 1.46004817454865e+05 
6.34956305227475e-02 1.44940676503624e+05 
6.38056244671911e-02 1.43901778066302e+05 
6.41156682265333e-02 1.42883793644261e+05 
6.44255565797877e-02 1.41881062791714e+05 
6.47354880150488e-02 1.40891755829336e+05 
6.50452725149379e-02 1.39912819209432e+05 
6.53551034597172e-02 1.38944692284878e+05 
6.56647985736542e-02 1.37986447810757e+05 
6.59745373681723e-02 1.37039490093836e+05 
6.62841658641921e-02 1.36103843999000e+05 
6.65938557184152e-02 1.35180798041928e+05 
6.69034605757702e-02 1.34270584579752e+05 
6.72131381634727e-02 1.33374135762731e+05 
6.75227514201667e-02 1.32491649457986e+05 
6.78324448070691e-02 1.31623956490321e+05 
6.81420766459898e-02 1.30771369232725e+05 
6.84517740868834e-02 1.29934886642619e+05 
6.87613821352771e-02 1.29115077414864e+05 
6.90710164005701e-02 1.28313034581668e+05 
6.93805263356655e-02 1.27529418796935e+05 
6.96900283610277e-02 1.26765002665002e+05 
6.99993931763643e-02 1.26020154265689e+05 
7.03087408416575e-02 1.25294866397173e+05 
7.06179616257319e-02 1.24588873970192e+05 
7.09271717812124e-02 1.23901182669027e+05 
7.12362715066407e-02 1.23230797809480e+05 
7.15453711657498e-02 1.22575888025244e+05 
7.18543749220645e-02 1.21934938890506e+05 
7.21633936350729e-02 1.21305721390663e+05 
7.24723379373534e-02 1.20686627217728e+05 
7.27813161610884e-02 1.20075591219177e+05 
7.30902409243404e-02 1.19471394297729e+05 
7.33992127799283e-02 1.18872575670607e+05 
7.37081445119162e-02 1.18278633885650e+05 
7.40171307036337e-02 1.17688873722151e+05 
7.43260846905274e-02 1.17103579264223e+05 
7.46350947047729e-02 1.16522707621779e+05 
7.49440602337678e-02 1.15947177074727e+05 
7.52530589290731e-02 1.15377305578905e+05 
7.55619729747118e-02 1.14814326877185e+05 
7.58708788653670e-02 1.14258557464762e+05 
7.61796596316629e-02 1.13711178491627e+05 
7.64884123124558e-02 1.13172203483753e+05 
7.67970395174837e-02 1.12642500509642e+05 
7.71056163703525e-02 1.12121742539579e+05 
7.74140814888686e-02 1.11610386298911e+05 
7.77225076347104e-02 1.11107768253473e+05 
7.80308446983325e-02 1.10614051209534e+05 
7.83391603413753e-02 1.10128378931160e+05 
7.86473980350346e-02 1.09650805176069e+05 
7.89556201429639e-02 1.09180449887861e+05 
7.92637690916645e-02 1.08717413108996e+05 
7.95719059376576e-02 1.08260919634999e+05 
7.98799746161171e-02 1.07811221404950e+05 
8.01880367188831e-02 1.07367706530491e+05 
8.04960362484435e-02 1.06930803998293e+05 
8.08040338729781e-02 1.06500050051708e+05 
8.11119708273710e-02 1.06075999034586e+05 
8.14199045935002e-02 1.05658268514996e+05 
8.17277773830751e-02 1.05247437165684e+05 
8.20356469710911e-02 1.04843118630786e+05 
8.23434578297976e-02 1.04445827787148e+05 
8.26512665147273e-02 1.04055123881837e+05 
8.29590138534614e-02 1.03671426265949e+05 
8.32667497122500e-02 1.03294243281336e+05 
8.35744125963147e-02 1.02923918511077e+05 
8.38820467301374e-02 1.02559954393451e+05 
8.41895927877519e-02 1.02202692788116e+05 
8.44970936231411e-02 1.01851714656239e+05 
8.48044953789718e-02 1.01507469572827e+05 
8.51118452084736e-02 1.01169721847027e+05 
8.54190979441561e-02 1.00839147720224e+05 
8.57263098787831e-02 1.00515807087939e+05 
8.60334367711814e-02 1.00200712144529e+05 
8.63405287149901e-02 9.98942622209994e+04 
8.66475373220048e-02 9.95979831396106e+04 
8.69545110542483e-02 9.93127119540351e+04 
8.72614119956199e-02 9.90403268953813e+04 
8.75682949095659e-02 9.87822301100561e+04 
8.78751272168706e-02 9.85403836302691e+04 
8.81819601881020e-02 9.83166567492003e+04 
8.84887527765465e-02 9.81139332618228e+04 
8.87955441970692e-02 9.79328867727419e+04 
8.91022852884303e-02 9.77777319131885e+04 
8.94090067736584e-02 9.76475778270110e+04 
8.97156671088633e-02 9.75360971962477e+04 
9.00222796755642e-02 9.74589581191770e+04 
9.03287961298893e-02 9.74125979035790e+04 
9.06352720082198e-02 9.73871132479028e+04 
9.09416697630517e-02 9.73730929216972e+04 
9.12480524642025e-02 9.73751997311228e+04 
9.15543749216541e-02 9.73890021069813e+04 
9.18606955250376e-02 9.74151416729002e+04 
9.21669601917624e-02 9.74431787790204e+04 
9.24732235874702e-02 9.74678165959427e+04 
9.27794254691876e-02 9.74958355977678e+04 
9.30856192447588e-02 9.75092575125776e+04 
9.33917390208565e-02 9.75143754671955e+04 
9.36978376995347e-02 9.75086307689521e+04 
9.40038507664684e-02 9.74930834130308e+04 
9.43098376386767e-02 9.74627609200714e+04 
9.46157409649062e-02 9.74181473670569e+04 
9.49216283535885e-02 9.73520693326856e+04 
9.52274456888007e-02 9.72637210225525e+04 
9.55332634463819e-02 9.71566383409944e+04 
9.58390257399159e-02 9.70325337908821e+04 
9.61448001146599e-02 9.68931592691689e+04 
9.64505250382790e-02 9.67417694393842e+04 
9.67562609159507e-02 9.65800192226947e+04 
9.70619396328674e-02 9.64108653491832e+04 
9.73676178737432e-02 9.62361264527407e+04 
9.76732275312098e-02 9.60590749896721e+04 
9.79788282270440e-02 9.58819524405653e+04 
9.82843607997689e-02 9.57076769968421e+04 
9.85898889611633e-02 9.55379616805558e+04 
9.88953507690171e-02 9.53755357134462e+04 
9.92008047025994e-02 9.52215339971576e+04 
9.95061857640433e-02 9.50790543005799e+04 
9.98115546769146e-02 9.49500618061486e+04 
1.00116855727018e-01 9.48348055405093e+04 
1.00422154776331e-01 9.47390835822471e+04 
1.00727398229298e-01 9.46579564422786e+04 
1.01032649879163e-01 9.46009537622493e+04 
1.01337853490188e-01 9.45634343674223e+04 
1.01643068391581e-01 9.45470038028680e+04 
1.01948236632420e-01 9.45339290299360e+04 
1.02253413961767e-01 9.45272432283643e+04 
1.02558541811280e-01 9.45352212073191e+04 
1.02863672911959e-01 9.45568428096384e+04 
1.03168747590232e-01 9.45918865053078e+04 
1.03473816792037e-01 9.46384471348662e+04 
1.03778821287051e-01 9.46921125136596e+04 
1.04083813766036e-01 9.47537236012558e+04 
1.04388737290607e-01 9.48190561582137e+04 
1.04693648167203e-01 9.48861881211788e+04 
1.04998492168547e-01 9.49543317356223e+04 
1.05303328595505e-01 9.50175937242809e+04 
1.05608105218429e-01 9.50750819815134e+04 
1.05912881797745e-01 9.51254663354358e+04 
1.06217605801009e-01 9.51697890167391e+04 
1.06522334693281e-01 9.52078427310599e+04 
1.06827015254504e-01 9.52274485664868e+04 
1.07131703036364e-01 9.52338893748328e+04 
1.07436345174645e-01 9.52281981598080e+04 
1.07740996212454e-01 9.52128375454605e+04 
1.08045602850541e-01 9.51974702503453e+04 
1.08350218459885e-01 9.51781563335166e+04 
1.08654788414491e-01 9.51532682750894e+04 
1.08959365221428e-01 9.51211879972767e+04 
1.09263892614899e-01 9.50796184031936e+04 
1.09568422739067e-01 9.50279205652832e+04 
1.09872898478835e-01 9.49697771415028e+04 
1.10177372692750e-01 9.49060983046297e+04 
1.10481787178414e-01 9.48375126725506e+04 
1.10786194411271e-01 9.47652350335179e+04 
1.11090537784100e-01 9.46907668601613e+04 
1.11394875173482e-01 9.46148019214288e+04 
1.11699151655502e-01 9.45380091716006e+04 
1.12003426903382e-01 9.44609568472848e+04 
1.12307644286055e-01 9.43842941929496e+04 
1.12611865098832e-01 9.43082300346488e+04 
1.12916032471323e-01 9.42331688951194e+04 
1.13220210570262e-01 9.41592079349804e+04 
1.13524340355807e-01 9.40866823791578e+04 
1.13828486968390e-01 9.40156033727627e+04 
1.14132587427557e-01 9.39462068575098e+04 
1.14436706805248e-01 9.38784239309450e+04 
1.14740779403284e-01 9.38124300809262e+04 
1.15044870803268e-01 9.37481048023126e+04 
1.15348913789089e-01 9.36855711365455e+04 
1.15652974634899e-01 9.36246620912023e+04 
1.15956984708801e-01 9.35654621728441e+04 
1.16261011055900e-01 9.35077802122330e+04 
1.16564984476967e-01 9.34516945082651e+04 
1.16868973516361e-01 9.33970201915324e+04 
1.17172909862889e-01 9.33438546706251e+04 
1.17476863908504e-01 9.32920410247228e+04 
1.17780768095636e-01 9.32416927676438e+04 
1.18084692834645e-01 9.31926935786355e+04 
1.18388569579012e-01 9.31451996976873e+04 
1.18692466674112e-01 9.30990693001068e+04 
1.18996315200902e-01 9.30544928101433e+04 
1.19300181934002e-01 9.30113426200343e+04 
1.19603999591632e-01 9.29698387121658e+04 
1.19907834385135e-01 9.29298691700855e+04 
1.20203681159226e-01 9.28926193652860e+04 
1.20507483644077e-01 9.28559905177436e+04 
1.20811236478384e-01 9.28212071388560e+04 
1.21115002726374e-01 9.27881341480319e+04 
1.21418716818545e-01 9.27570761728693e+04 
1.21722439285091e-01 9.27278443085112e+04 
1.22026105657421e-01 9.27005060667065e+04 
1.22329776857948e-01 9.26748664336874e+04 
1.22633391797370e-01 9.26508963759279e+04 
1.22937013436508e-01 9.26283629755019e+04 
1.23240583087798e-01 9.26074017373415e+04 
1.23544162634038e-01 9.25876636944488e+04 
1.23847692676394e-01 9.25692436589396e+04 
1.24151236342071e-01 9.25520680241613e+04 
1.24454739169761e-01 9.25362027918131e+04 
1.24758273987686e-01 9.25216361971532e+04 
1.25061793971784e-01 9.25083592427913e+04 
1.25365390022904e-01 9.24970158882604e+04 
1.25669037652268e-01 9.24876166162565e+04 
1.25972855122275e-01 9.24787161255017e+04 
1.26276844206357e-01 9.24714138508737e+04 
1.26581131264758e-01 9.24652494086852e+04 
1.26885699225368e-01 9.24605455011910e+04 
1.27190616458720e-01 9.24570908800034e+04 
1.27495780320726e-01 9.24551117322680e+04 
1.27801144549186e-01 9.24550044874350e+04 
1.28106512485520e-01 9.24569878917555e+04 
1.28411760407412e-01 9.24608517763984e+04 
1.28716680772177e-01 9.24647836914156e+04 
1.29021172071210e-01 9.24718204823573e+04 
1.29325115000784e-01 9.24832762732671e+04 
1.29628514734398e-01 9.25016976749716e+04 
1.29931376083846e-01 9.25290180960373e+04 
1.30233826879094e-01 9.25661314947436e+04 
1.30535942185315e-01 9.26134500276556e+04 
1.30837892652179e-01 9.26698496268977e+04 
1.31139748120912e-01 9.27335245275959e+04 
1.31441661440209e-01 9.28061044749314e+04 
1.31743647273485e-01 9.28859632269351e+04 
1.32045806136467e-01 9.29717259637156e+04 
1.32348089331782e-01 9.30630756564881e+04 
1.32650542937939e-01 9.31585002642962e+04 
1.32953076285432e-01 9.32558456581088e+04 
1.33255706087848e-01 9.33544321307424e+04 
1.33558333003864e-01 9.34515320862810e+04 
1.33860973962066e-01 9.35467849312640e+04 
1.34163547822353e-01 9.36368039656409e+04 
1.34466086244716e-01 9.37215369698350e+04 
1.34768526054246e-01 9.37985439189366e+04 
1.35070913571862e-01 9.38677288436799e+04 
1.35373199460247e-01 9.39263436641497e+04 
1.35675438037927e-01 9.39792169233021e+04 
1.35977587921319e-01 9.40180326786176e+04 
1.36279703857267e-01 9.40463280381855e+04 
1.36581750023292e-01 9.40637342637380e+04 
1.36883779527417e-01 9.40800297422264e+04 
1.37185763534603e-01 9.40936049652620e+04 
1.37487751869949e-01 9.41043217489558e+04 
1.37789722761912e-01 9.41112035031222e+04 
1.38091720258768e-01 9.41154960151089e+04 
1.38393723748445e-01 9.41174554057713e+04 
1.38695768388763e-01 9.41171198895976e+04 
1.38997828044739e-01 9.41155034346686e+04 
1.39299927715515e-01 9.41126640867145e+04 
1.39602032583642e-01 9.41095083024961e+04 
1.39904159541332e-01 9.41059935825474e+04 
1.40206266314886e-01 9.41030892815218e+04 
1.40508367462369e-01 9.41005584264799e+04 
1.40810417496133e-01 9.40989998251731e+04 
1.41112436804157e-01 9.40988347673175e+04 
1.41414382476043e-01 9.41000646512650e+04 
1.41716288686842e-01 9.41030132060608e+04 
1.42018119757874e-01 9.41076710329831e+04 
1.42319926312276e-01 9.41140806915820e+04 
1.42621679946185e-01 9.41221111524237e+04 
1.42923443926372e-01 9.41318108380036e+04 
1.43225192831877e-01 9.41428165529818e+04 
1.43526993624796e-01 9.41551151122993e+04 
1.43828818441423e-01 9.41682680423686e+04 
1.44130727943574e-01 9.41821470076354e+04 
1.44432688238616e-01 9.41963943258565e+04 
1.44734748043296e-01 9.42108625687214e+04 
1.45036867081020e-01 9.42252196650103e+04 
1.45339081502430e-01 9.42393022035344e+04 
1.45641346447734e-01 9.42528654675967e+04 
1.45943688639851e-01 9.42657249167479e+04 
1.46246060973697e-01 9.42777090555465e+04 
1.46548486592045e-01 9.42886797675292e+04 
1.46850917227074e-01 9.42985949001881e+04 
1.47153378874217e-01 9.43073701262505e+04 
1.47455825512086e-01 9.43149112628531e+04 
1.47758286306756e-01 9.43213533519164e+04 
1.48060716803019e-01 9.43266812481042e+04 
1.48363150542658e-01 9.43312257844545e+04 
1.48665543486136e-01 9.43348197495781e+04 
1.48967932682362e-01 9.43379767608460e+04 
1.49270274768937e-01 9.43405434574817e+04 
1.49572609819906e-01 9.43429093410662e+04 
1.49874880879241e-01 9.43451138068678e+04 
1.50177126541683e-01 9.43474054832318e+04 
1.50479311160963e-01 9.43498506875042e+04 
1.50781479667238e-01 9.43526189795416e+04 
1.51083597593127e-01 9.43558317149973e+04 
1.51385712344516e-01 9.43595309858575e+04 
1.51687788365811e-01 9.43638523053360e+04 
1.51989872354069e-01 9.43687537046230e+04 
1.52291927517756e-01 9.43743652042343e+04 
1.52593999395183e-01 9.43806036200771e+04 
1.52896050494693e-01 9.43875721436031e+04 
1.53198125007645e-01 9.43951155168916e+04 
1.53500185095659e-01 9.44033439366232e+04 
1.53802273148999e-01 9.44121020077391e+04 
1.54104350571474e-01 9.44214804981098e+04 
1.54406457196699e-01 9.44312836328936e+04 
1.54708553032941e-01 9.44415843181166e+04 
1.55010675761172e-01 9.44521633395324e+04 
1.55312784501334e-01 9.44630951712831e+04 
1.55614916085269e-01 9.44741653255560e+04 
1.55917029675763e-01 9.44854341209286e+04 
1.56219161964155e-01 9.44967181258855e+04 
1.56521272578930e-01 9.45080520207121e+04 
1.56823398364863e-01 9.45193216048790e+04 
1.57125499337401e-01 9.45304872985729e+04 
1.57427612555902e-01 9.45414534868816e+04 
1.57729698174860e-01 9.45522374124219e+04 
1.58031793444988e-01 9.45627574697782e+04 
1.58333858738508e-01 9.45730525536208e+04 
1.58635931275227e-01 9.45830725363391e+04 
1.58937971735971e-01 9.45927620588388e+04 
1.59240016905855e-01 9.46023175130210e+04 
1.59542027735343e-01 9.46114610499938e+04 
1.59844040448418e-01 9.46206327701464e+04 
1.60146016327638e-01 9.46294039385893e+04 
1.60447991086138e-01 9.46383538879183e+04 
1.60749926062629e-01 9.46469985768094e+04 
1.61051856262663e-01 9.46558668835119e+04 
1.61353743337213e-01 9.46646301281147e+04 
1.61655622489182e-01 9.46735416736074e+04 
1.61957456722253e-01 9.46825571303273e+04 
1.62259282982964e-01 9.46917692041811e+04 
1.62561066360287e-01 9.47012517206674e+04 
1.62862845761709e-01 9.47110238833162e+04 
1.63164588058710e-01 9.47211722425788e+04 
1.63466332688689e-01 9.47316465771213e+04 
1.63768047082543e-01 9.47425576779013e+04 
1.64069769678849e-01 9.47537868291098e+04 
1.64371467465134e-01 9.47654480677469e+04 
1.64673177147100e-01 9.47774011399821e+04 
1.64974865266379e-01 9.47897295868092e+04 
1.65276567091482e-01 9.48023077504611e+04 
1.65578249178896e-01 9.48151614056706e+04 
1.65879945543227e-01 9.48282059175779e+04 
1.66181622530364e-01 9.48413529019598e+04 
1.66483312449359e-01 9.48546531463980e+04 
1.66784981085559e-01 9.48679794790825e+04 
1.67086659245726e-01 9.48813247835128e+04 
1.67388312479940e-01 9.48950588653445e+04 
1.67689971418889e-01 9.49087402103129e+04 
1.67991601832451e-01 9.49228708967735e+04 
1.68293235024196e-01 9.49366851841172e+04 
1.68594836946329e-01 9.49510791870478e+04 
1.68896439660386e-01 9.49652314347026e+04 
1.69198009480918e-01 9.49794747739311e+04 
1.69499579158563e-01 9.49940595429816e+04 
1.69801115443635e-01 9.50087689088160e+04 
1.70102651886325e-01 9.50239230600524e+04 
1.70404155314704e-01 9.50396642026136e+04 
1.70705660443440e-01 9.50554047999213e+04 
1.71007134084848e-01 9.50718954028076e+04 
1.71308612438985e-01 9.50882458626013e+04 
1.71610062760775e-01 9.51052874012829e+04 
1.71911522943302e-01 9.51225262448408e+04 
1.72212960105725e-01 9.51402998278731e+04 
1.72514412649321e-01 9.51582628083357e+04 
1.72815845876478e-01 9.51765472791518e+04 
1.73117297156822e-01 9.51949016579489e+04 
1.73418730073542e-01 9.52133638837982e+04 
1.73720181480491e-01 9.52317634137119e+04 
1.74021614607902e-01 9.52500720016980e+04 
1.74323066870134e-01 9.52682164211306e+04 
1.74624501198072e-01 9.52860656458023e+04 
1.74925955278299e-01 9.53036807972244e+04 
1.75227390077826e-01 9.53208127565191e+04 
1.75528843204538e-01 9.53376671887276e+04 
1.75830275716223e-01 9.53538880224940e+04 
1.76131725132765e-01 9.53698106674617e+04 
1.76433149696147e-01 9.53850000700515e+04 
1.76734591026119e-01 9.53998825236076e+04 
1.77036003352436e-01 9.54139990746767e+04 
1.77337432865832e-01 9.54278204363864e+04 
1.77638830120169e-01 9.54408916170282e+04 
1.77940245809989e-01 9.54537127525914e+04 
1.78241627976721e-01 9.54658248162224e+04 
1.78543029013786e-01 9.54777289533662e+04 
1.78844394817728e-01 9.54890137502690e+04 
1.79145777885932e-01 9.55001158032946e+04 
1.79447123441490e-01 9.55107513621306e+04 
1.79748484527779e-01 9.55212147840258e+04 
1.80049807050019e-01 9.55314235014563e+04 
1.80351145410621e-01 9.55414693098504e+04 
1.80652445963542e-01 9.55514929320752e+04 
1.80953764390735e-01 9.55614333028369e+04 
1.81255046631290e-01 9.55714909248034e+04 
1.81556349148726e-01 9.55815502423640e+04 
1.81857617175813e-01 9.55918794820895e+04 
1.82158907631212e-01 9.56023063762247e+04 
1.82460165314454e-01 9.56131024120051e+04 
1.82761447174151e-01 9.56242158767722e+04 
1.83062697603585e-01 9.56360488851749e+04 
1.83363972807100e-01 9.56477562731376e+04 
1.83665216497770e-01 9.56608466090148e+04 
1.83966483505321e-01 9.56743011541781e+04 
1.84267716872355e-01 9.56889271611357e+04 
1.84568970787698e-01 9.57036630710082e+04 
1.84870188864159e-01 9.57199766850471e+04 
1.85171426803983e-01 9.57366728272067e+04 
1.85472628614778e-01 9.57534019374625e+04 
1.85773850611668e-01 9.57707182074797e+04 
1.86075036060284e-01 9.57887607662301e+04 
1.86376240865866e-01 9.58076507029831e+04 
1.86677407828564e-01 9.58271849852148e+04 
1.86978593752500e-01 9.58476522847806e+04 
1.87279741522449e-01 9.58687634652388e+04 
1.87580909825785e-01 9.58904888237583e+04 
1.87882041717425e-01 9.59128264907954e+04 
1.88183195916317e-01 9.59351845052839e+04 
1.88484315080977e-01 9.59583191102262e+04 
1.88785457020638e-01 9.59810851474328e+04 
1.89086563716092e-01 9.60040864888550e+04 
1.89387692369310e-01 9.60262190393879e+04 
1.89688784910357e-01 9.60476423770298e+04 
1.89989898593996e-01 9.60672799706974e+04 
1.90290976093527e-01 9.60863140292835e+04 
1.90592075013972e-01 9.61031817058448e+04 
1.90893138710041e-01 9.61175406115978e+04 
1.91194224836666e-01 9.61300356824675e+04 
1.91495276987554e-01 9.61408418925988e+04 
1.91796352596430e-01 9.61501915787064e+04 
1.92097395221696e-01 9.61573251984144e+04 
1.92398461791387e-01 9.61633622544949e+04 
1.92699495955021e-01 9.61694879975566e+04 
1.93000553762655e-01 9.61745366423702e+04 
1.93301580051024e-01 9.61795801832188e+04 
1.93602628223274e-01 9.61840045196536e+04 
1.93903647182727e-01 9.61888433430271e+04 
1.94204688848784e-01 9.61940751330600e+04 
1.94505693757094e-01 9.62003864813316e+04 
1.94806704866793e-01 9.62072122957787e+04 
1.95107667770172e-01 9.62165386343278e+04 
1.95408637362612e-01 9.62279187577528e+04 
1.95709567237256e-01 9.62423747449394e+04 
1.96010518694257e-01 9.62600131641790e+04 
1.96311456890180e-01 9.62810970821308e+04 
1.96612443813197e-01 9.63055088610257e+04 
1.96913436632417e-01 9.63323919186181e+04 
1.97214478068753e-01 9.63617502251429e+04 
1.97515509501177e-01 9.63923358760621e+04 
1.97816571445542e-01 9.64241592310124e+04 
1.98117605615131e-01 9.64564298037592e+04 
1.98418662189776e-01 9.64888706841735e+04 
1.98719687226812e-01 9.65206270954979e+04 
1.99020736469384e-01 9.65496725376654e+04 
1.99321757948183e-01 9.65759639513071e+04 
1.99622807694222e-01 9.65994161093110e+04 
1.99923833405162e-01 9.66174397700170e+04 
2.00224889661212e-01 9.66289989568587e+04 
