temps pression
0.00000000000000e+00 1.00000000000000e+05 
7.22956891292051e-05 1.00000000000000e+05 
1.36012593082693e-04 1.00000000000000e+05 
1.95841839271287e-04 1.00000000000000e+05 
2.48136352259026e-04 1.00000000000000e+05 
2.92259872457627e-04 1.00000000000000e+05 
3.32398725148260e-04 1.00000000000000e+05 
3.68237896383045e-04 1.00000000000000e+05 
4.01423720147164e-04 1.00000000000000e+05 
4.31856752968882e-04 1.00000000000000e+05 
4.60878230235362e-04 1.00000000000000e+05 
4.92801855228489e-04 1.00000000000000e+05 
5.27917842720929e-04 1.00000000000000e+05 
5.66545428962614e-04 1.00000000000000e+05 
6.09035773828466e-04 1.00000000000000e+05 
6.55775153180904e-04 1.00000000000000e+05 
7.02245801922679e-04 1.00000000000000e+05 
7.47453228713551e-04 1.00000000000000e+05 
7.97181398183511e-04 1.00000000000000e+05 
8.51882384600467e-04 1.00000000000000e+05 
9.12053469659118e-04 1.00000000000000e+05 
9.75627706681509e-04 1.00000000000000e+05 
1.03822613120209e-03 1.00000000000000e+05 
1.10708439817474e-03 1.00000000000000e+05 
1.18282849184465e-03 1.00000000000000e+05 
1.26554362544697e-03 1.00000000000000e+05 
1.34968947841744e-03 1.00000000000000e+05 
1.43419468651438e-03 1.00000000000000e+05 
1.52715041542101e-03 1.00000000000000e+05 
1.62940171721831e-03 1.00000000000000e+05 
1.73615282719917e-03 1.00000000000000e+05 
1.85066408221698e-03 1.00000000000000e+05 
1.96736741068864e-03 1.00000000000000e+05 
2.09371177051730e-03 1.00000000000000e+05 
2.22555796896129e-03 1.00000000000000e+05 
2.36158665410771e-03 1.00000000000000e+05 
2.50294618398304e-03 1.00000000000000e+05 
2.64911959090484e-03 1.00000000000000e+05 
2.80087197121947e-03 1.00000000000000e+05 
2.95715936695475e-03 1.00000000000000e+05 
3.11891806138345e-03 1.00000000000000e+05 
3.28533472290887e-03 1.00000000000000e+05 
3.45690547653385e-03 1.00000000000000e+05 
3.63411776259528e-03 1.00000000000000e+05 
3.81664056744797e-03 1.00000000000000e+05 
4.00357355598077e-03 1.00000000000000e+05 
4.19647593420617e-03 1.00000000000000e+05 
4.39493355204993e-03 1.00000000000000e+05 
4.60002315010412e-03 1.00000000000000e+05 
4.81049166165160e-03 1.00000000000000e+05 
5.02680988706732e-03 1.00000000000000e+05 
5.24497720345275e-03 1.00000000000000e+05 
5.46394479362917e-03 1.00000000000000e+05 
5.68355035859633e-03 1.00000000000000e+05 
5.90521872736899e-03 1.00000000000000e+05 
6.12866488860837e-03 1.00000000000000e+05 
6.35428686337282e-03 1.00000000000000e+05 
6.58064280636221e-03 1.00000000000000e+05 
6.80898392211190e-03 1.00000000000000e+05 
7.03640011343356e-03 1.00000000000000e+05 
7.26040055065879e-03 1.00000000000000e+05 
7.48445692333574e-03 1.00000000000000e+05 
7.70732078656229e-03 1.00000000000000e+05 
7.92831513296502e-03 1.00000000000000e+05 
8.14701270725157e-03 1.00000000000000e+05 
8.36441768854357e-03 1.00000000000000e+05 
8.58001788410381e-03 1.00000000000000e+05 
8.79445641487395e-03 1.00000000000000e+05 
9.00722530016428e-03 1.00000000000000e+05 
9.21870281741345e-03 1.00000000000000e+05 
9.42791109851043e-03 1.00000000000000e+05 
9.63677145936071e-03 1.00000000000000e+05 
9.84507037162703e-03 1.00000000000000e+05 
1.00534395398254e-02 1.00000000000000e+05 
1.02622853763630e-02 1.00000000000000e+05 
1.04719211950185e-02 1.00000000000000e+05 
1.06839254462319e-02 1.00000000000000e+05 
1.09005434185223e-02 1.00000000000000e+05 
1.11187313829270e-02 1.00000000000000e+05 
1.13402403609632e-02 1.00000000000000e+05 
1.15652114826203e-02 1.00000000000000e+05 
1.17911718468124e-02 1.00000000000000e+05 
1.20213007343122e-02 1.00000000000000e+05 
1.22555077330477e-02 1.00000000000000e+05 
1.24925732311188e-02 1.00000000000000e+05 
1.27321055637904e-02 1.00000000000000e+05 
1.29787963337182e-02 1.00000000000000e+05 
1.32289086792741e-02 1.00000000000000e+05 
1.34806587133055e-02 1.00000000000000e+05 
1.37379713006939e-02 1.00000000000000e+05 
1.39979199469321e-02 1.00000000000000e+05 
1.42579765932365e-02 1.00000000000000e+05 
1.45210818683595e-02 1.00000000000000e+05 
1.47841201818720e-02 1.00000000000000e+05 
1.50464097175978e-02 1.00000000000000e+05 
1.53078626145497e-02 1.00000000000000e+05 
1.55685160744148e-02 1.00000000000000e+05 
1.58290381162798e-02 1.00000000000000e+05 
1.60894823942995e-02 1.00000000000000e+05 
1.63505177295643e-02 1.00000000000000e+05 
1.66121573223433e-02 1.00000000000000e+05 
1.68747296147204e-02 1.00000000000000e+05 
1.71378707753188e-02 1.00000000000000e+05 
1.74022843518795e-02 1.00000000000000e+05 
1.76676356750183e-02 1.00000000000000e+05 
1.79343012099619e-02 1.00000000000000e+05 
1.82010691901158e-02 1.00000000000000e+05 
1.84689425306358e-02 1.00000000000000e+05 
1.87370440290696e-02 1.00000000000000e+05 
1.90063040920049e-02 1.00000000000000e+05 
1.92760725331653e-02 1.00000000000000e+05 
1.95473395798536e-02 1.00000000000000e+05 
1.98193765220543e-02 1.00000000000000e+05 
2.00927890970067e-02 1.00000000000000e+05 
2.03664403199553e-02 1.00000000000000e+05 
2.06414486534776e-02 1.00000000000000e+05 
2.09169782373425e-02 1.00000000000000e+05 
2.11935847600611e-02 1.00000000000000e+05 
2.14706450381875e-02 1.00000000000000e+05 
2.17487767280646e-02 1.00000000000000e+05 
2.20273871863434e-02 1.00000000000000e+05 
2.23061251295780e-02 1.00000000000000e+05 
2.25858385004335e-02 1.00000000000000e+05 
2.28657075471678e-02 1.00000000000000e+05 
2.31464263051046e-02 1.00000000000000e+05 
2.34273903232276e-02 1.00000000000000e+05 
2.37090515119518e-02 1.00000000000000e+05 
2.39909387565207e-02 1.00000000000000e+05 
2.42734819882934e-02 1.00000000000000e+05 
2.45560940149440e-02 1.00000000000000e+05 
2.48393125483647e-02 1.00000000000000e+05 
2.51225884941831e-02 1.00000000000000e+05 
2.54064641002666e-02 1.00000000000000e+05 
2.56904881985226e-02 1.00000000000000e+05 
2.59751830635136e-02 1.00000000000000e+05 
2.62601736076034e-02 1.00000000000000e+05 
2.65459271219395e-02 1.00000000000000e+05 
2.68321380500819e-02 1.00000000000000e+05 
2.71192068812778e-02 1.00000000000000e+05 
2.74061362404127e-02 1.00000000000000e+05 
2.76942990700100e-02 1.00000000000000e+05 
2.79827238028660e-02 1.00000000000000e+05 
2.82722525773994e-02 1.00000000000000e+05 
2.85622116960682e-02 1.00000000000000e+05 
2.88531707420379e-02 1.00000000000000e+05 
2.91444731679323e-02 1.00000000000000e+05 
2.94368305135269e-02 1.00000000000000e+05 
2.97295682665768e-02 1.00000000000000e+05 
3.00234641576780e-02 1.00000000000000e+05 
3.03177734476539e-02 1.00000000000000e+05 
3.06133482810112e-02 1.00000000000000e+05 
3.09093780267302e-02 1.00000000000000e+05 
3.12067923804815e-02 1.00000000000000e+05 
3.15047324760290e-02 1.00000000000000e+05 
3.18041860165266e-02 1.00000000000000e+05 
3.21042374061901e-02 1.00000000000000e+05 
3.24059262907023e-02 1.00000000000000e+05 
3.27083018575760e-02 1.00000000000000e+05 
3.30115020317506e-02 1.00000000000000e+05 
3.33152913051172e-02 1.00000000000000e+05 
3.36199178324841e-02 1.00000000000000e+05 
3.39250576501767e-02 1.00000000000000e+05 
3.42307462235259e-02 1.00000000000000e+05 
3.45369373468078e-02 1.00000000000000e+05 
3.48436621191294e-02 1.00000000000000e+05 
3.51508401958025e-02 1.00000000000000e+05 
3.54584801726843e-02 1.00000000000000e+05 
3.57665485326274e-02 1.00000000000000e+05 
3.60750053779720e-02 1.00000000000000e+05 
3.63838709150054e-02 1.00000000000000e+05 
3.66930998179258e-02 1.00000000000000e+05 
3.70027340805023e-02 1.00000000000000e+05 
3.73127366884194e-02 1.00000000000000e+05 
3.76232480262619e-02 1.00000000000000e+05 
3.79340750923652e-02 1.00000000000000e+05 
3.82453960179285e-02 1.00000000000000e+05 
3.85569729408712e-02 1.00000000000000e+05 
3.88690567310147e-02 1.00000000000000e+05 
3.91813669039234e-02 1.00000000000000e+05 
3.94939723021367e-02 1.00000000000000e+05 
3.98069086201230e-02 1.00000000000000e+05 
4.01195859612953e-02 1.00000000000000e+05 
4.04326295716359e-02 1.00000000000000e+05 
4.07454247138476e-02 1.00000000000000e+05 
4.10585615039618e-02 1.00000000000000e+05 
4.13714185450714e-02 1.00000000000000e+05 
4.16845729155464e-02 1.00000000000000e+05 
4.19974272131687e-02 1.00000000000000e+05 
4.23105692843137e-02 1.00000000000000e+05 
4.26234206978062e-02 1.00000000000000e+05 
4.29365924369506e-02 1.00000000000000e+05 
4.32495044581200e-02 1.00000000000000e+05 
4.35627553515087e-02 1.00000000000000e+05 
4.38757434711694e-02 1.00000000000000e+05 
4.41890336840071e-02 1.00000000000000e+05 
4.45020349017244e-02 1.00000000000000e+05 
4.48153071354080e-02 1.00000000000000e+05 
4.51282820885176e-02 1.00000000000000e+05 
4.54415092181553e-02 1.00000000000000e+05 
4.57544288516516e-02 1.00000000000000e+05 
4.60675761236018e-02 1.00000000000000e+05 
4.63804068392071e-02 1.00000000000000e+05 
4.66934448628330e-02 1.00000000000000e+05 
4.70061655186671e-02 1.00000000000000e+05 
4.73190807406776e-02 1.00000000000000e+05 
4.76316858356775e-02 1.00000000000000e+05 
4.79444697864581e-02 1.00000000000000e+05 
4.82569432086896e-02 1.00000000000000e+05 
4.85695906142219e-02 1.00000000000000e+05 
4.88819322087766e-02 1.00000000000000e+05 
4.91944410112353e-02 1.00000000000000e+05 
4.95066533397974e-02 1.00000000000000e+05 
4.98190352767881e-02 1.00000000000000e+05 
5.01311276286021e-02 1.00000000000000e+05 
5.04433761838242e-02 1.00000000000000e+05 
5.07553150667344e-02 1.00000000000000e+05 
5.10673760074411e-02 1.00000000000000e+05 
5.13791189809706e-02 1.00000000000000e+05 
5.16909718851388e-02 1.00000000000000e+05 
5.20025272636055e-02 1.00000000000000e+05 
5.23141987296215e-02 1.00000000000000e+05 
5.26255932258648e-02 1.00000000000000e+05 
5.29371030432514e-02 1.00000000000000e+05 
5.32483524585596e-02 1.00000000000000e+05 
5.35597250313286e-02 1.00000000000000e+05 
5.38708507623307e-02 1.00000000000000e+05 
5.41821016192434e-02 1.00000000000000e+05 
5.44931142988986e-02 1.00000000000000e+05 
5.48042375154819e-02 1.00000000000000e+05 
5.51151300002544e-02 1.00000000000000e+05 
5.54261265077552e-02 1.00000000000000e+05 
5.57369046252803e-02 1.00000000000000e+05 
5.60477851993297e-02 1.00000000000000e+05 
5.63584573080692e-02 1.00000000000000e+05 
5.66692285422728e-02 1.00000000000000e+05 
5.69797899564465e-02 1.00000000000000e+05 
5.72904473590926e-02 1.00000000000000e+05 
5.76008955722364e-02 1.00000000000000e+05 
5.79114489838089e-02 1.00000000000000e+05 
5.82218199537696e-02 1.00000000000000e+05 
5.85323115666758e-02 1.00000000000000e+05 
5.88426376843471e-02 1.00000000000000e+05 
5.91530777853115e-02 1.00000000000000e+05 
5.94633491865869e-02 1.00000000000000e+05 
5.97737212494283e-02 1.00000000000000e+05 
6.00839248647173e-02 1.00000000000000e+05 
6.03942248123274e-02 1.00000000000000e+05 
6.07043648434865e-02 1.00000000000000e+05 
6.10146025616369e-02 1.00000000000000e+05 
6.13246957055584e-02 1.00000000000000e+05 
6.16348935704271e-02 1.00000000000000e+05 
6.19449685810033e-02 1.00000000000000e+05 
6.22551582410628e-02 1.00000000000000e+05 
6.25652383611197e-02 1.00000000000000e+05 
6.28754254776108e-02 1.00000000000000e+05 
6.31854898637352e-02 1.00000000000000e+05 
6.34956305227475e-02 1.00000000000000e+05 
6.38056244671911e-02 1.00000000000000e+05 
6.41156682265333e-02 1.00000000000000e+05 
6.44255565797877e-02 1.00000000000000e+05 
6.47354880150488e-02 1.00000000000000e+05 
6.50452725149379e-02 1.00000000000000e+05 
6.53551034597172e-02 1.00000000000000e+05 
6.56647985736542e-02 1.00000000000000e+05 
6.59745373681723e-02 1.00000000000000e+05 
6.62841658641921e-02 1.00000000000000e+05 
6.65938557184152e-02 1.00000000000000e+05 
6.69034605757702e-02 1.01341137027059e+05 
6.72131381634727e-02 1.06074192212806e+05 
6.75227514201667e-02 1.15411229926079e+05 
6.78324448070691e-02 1.28490195797267e+05 
6.81420766459898e-02 1.42566971992126e+05 
6.84517740868834e-02 1.55057528670229e+05 
6.87613821352771e-02 1.62125836990866e+05 
6.90710164005701e-02 1.64014707517771e+05 
6.93805263356655e-02 1.63832356150836e+05 
6.96900283610277e-02 1.63094515836303e+05 
6.99993931763643e-02 1.62113309959705e+05 
7.03087408416575e-02 1.60659168330141e+05 
7.06179616257319e-02 1.59012770526991e+05 
7.09271717812124e-02 1.57387907919728e+05 
7.12362715066407e-02 1.55936758806676e+05 
7.15453711657498e-02 1.54579958860183e+05 
7.18543749220645e-02 1.53373004763199e+05 
7.21633936350729e-02 1.52314093804756e+05 
7.24723379373534e-02 1.51350673333128e+05 
7.27813161610884e-02 1.50458029632088e+05 
7.30902409243404e-02 1.49587205200015e+05 
7.33992127799283e-02 1.48716912341881e+05 
7.37081445119162e-02 1.47831632920755e+05 
7.40171307036337e-02 1.46931758203096e+05 
7.43260846905274e-02 1.46016087282609e+05 
7.46350947047729e-02 1.45094495339640e+05 
7.49440602337678e-02 1.44173750452468e+05 
7.52530589290731e-02 1.43261534680027e+05 
7.55619729747118e-02 1.42362626995538e+05 
7.58708788653670e-02 1.41481245731838e+05 
7.61796596316629e-02 1.40618523578338e+05 
7.64884123124558e-02 1.39775684768293e+05 
7.67970395174837e-02 1.38951166245914e+05 
7.71056163703525e-02 1.38144413229990e+05 
7.74140814888686e-02 1.37353187632107e+05 
7.77225076347104e-02 1.36576502248892e+05 
7.80308446983325e-02 1.35812859901049e+05 
7.83391603413753e-02 1.35061345175398e+05 
7.86473980350346e-02 1.34321578441153e+05 
7.89556201429639e-02 1.33592863337247e+05 
7.92637690916645e-02 1.32875631534575e+05 
7.95719059376576e-02 1.32169392848862e+05 
7.98799746161171e-02 1.31474870120806e+05 
8.01880367188831e-02 1.30791655903367e+05 
8.04960362484435e-02 1.30120356216775e+05 
8.08040338729781e-02 1.29460468522338e+05 
8.11119708273710e-02 1.28812308569566e+05 
8.14199045935002e-02 1.28175196616769e+05 
8.17277773830751e-02 1.27549229930789e+05 
8.20356469710911e-02 1.26933610187297e+05 
8.23434578297976e-02 1.26328402678019e+05 
8.26512665147273e-02 1.25732818244505e+05 
8.29590138534614e-02 1.25147034274185e+05 
8.32667497122500e-02 1.24570364373496e+05 
8.35744125963147e-02 1.24003096125838e+05 
8.38820467301374e-02 1.23444635370626e+05 
8.41895927877519e-02 1.22895262616864e+05 
8.44970936231411e-02 1.22354386665809e+05 
8.48044953789718e-02 1.21822138924612e+05 
8.51118452084736e-02 1.21297829504728e+05 
8.54190979441561e-02 1.20781353251673e+05 
8.57263098787831e-02 1.20271869946251e+05 
8.60334367711814e-02 1.19769060773384e+05 
8.63405287149901e-02 1.19271988656750e+05 
8.66475373220048e-02 1.18780219466685e+05 
8.69545110542483e-02 1.18292799891906e+05 
8.72614119956199e-02 1.17809289515490e+05 
8.75682949095659e-02 1.17328820960710e+05 
8.78751272168706e-02 1.16851081458167e+05 
8.81819601881020e-02 1.16375404198084e+05 
8.84887527765465e-02 1.15901706973788e+05 
8.87955441970692e-02 1.15429594199282e+05 
8.91022852884303e-02 1.14959239582184e+05 
8.94090067736584e-02 1.14490524385847e+05 
8.97156671088633e-02 1.14023835115953e+05 
9.00222796755642e-02 1.13559319944727e+05 
9.03287961298893e-02 1.13097557447205e+05 
9.06352720082198e-02 1.12638832990519e+05 
9.09416697630517e-02 1.12183846140091e+05 
9.12480524642025e-02 1.11733030861954e+05 
9.15543749216541e-02 1.11287195458285e+05 
9.18606955250376e-02 1.10846895541638e+05 
9.21669601917624e-02 1.10413005800382e+05 
9.24732235874702e-02 1.09986142752478e+05 
9.27794254691876e-02 1.09567179852751e+05 
9.30856192447588e-02 1.09156706094060e+05 
9.33917390208565e-02 1.08755498198852e+05 
9.36978376995347e-02 1.08364003223134e+05 
9.40038507664684e-02 1.07982769869435e+05 
9.43098376386767e-02 1.07611967239905e+05 
9.46157409649062e-02 1.07251784589196e+05 
9.49216283535885e-02 1.06902000889489e+05 
9.52274456888007e-02 1.06562360456216e+05 
9.55332634463819e-02 1.06232199516567e+05 
9.58390257399159e-02 1.05910802948693e+05 
9.61448001146599e-02 1.05597093062866e+05 
9.64505250382790e-02 1.05289973846522e+05 
9.67562609159507e-02 1.04988074878067e+05 
9.70619396328674e-02 1.04690088842860e+05 
9.73676178737432e-02 1.04394547125486e+05 
9.76732275312098e-02 1.04100157688362e+05 
9.79788282270440e-02 1.03805585865719e+05 
9.82843607997689e-02 1.03509789970626e+05 
9.85898889611633e-02 1.03211790693544e+05 
9.88953507690171e-02 1.02911004062469e+05 
9.92008047025994e-02 1.02606970959137e+05 
9.95061857640433e-02 1.02299672200326e+05 
9.98115546769146e-02 1.01989219388375e+05 
1.00116855727018e-01 1.01676144508932e+05 
1.00422154776331e-01 1.01361080119615e+05 
1.00727398229298e-01 1.01045016514890e+05 
1.01032649879163e-01 1.00728982924267e+05 
1.01337853490188e-01 1.00414263570294e+05 
1.01643068391581e-01 1.00102103147485e+05 
1.01948236632420e-01 9.97938774840607e+04 
1.02253413961767e-01 9.94908480252026e+04 
1.02558541811280e-01 9.91942862415805e+04 
1.02863672911959e-01 9.89052951476454e+04 
1.03168747590232e-01 9.86248882520285e+04 
1.03473816792037e-01 9.83538803036079e+04 
1.03778821287051e-01 9.80929436945367e+04 
1.04083813766036e-01 9.78425309410994e+04 
1.04388737290607e-01 9.76029633159832e+04 
1.04693648167203e-01 9.73743639339325e+04 
1.04998492168547e-01 9.71567380109995e+04 
1.05303328595505e-01 9.69500247837465e+04 
1.05608105218429e-01 9.67540580705599e+04 
1.05912881797745e-01 9.65685964455935e+04 
1.06217605801009e-01 9.63937532961156e+04 
1.06522334693281e-01 9.62291716373833e+04 
1.06827015254504e-01 9.60749570219204e+04 
1.07131703036364e-01 9.59313178671934e+04 
1.07436345174645e-01 9.57979971641779e+04 
1.07740996212454e-01 9.56754562631441e+04 
1.08045602850541e-01 9.55638867939052e+04 
1.08350218459885e-01 9.54608844411255e+04 
1.08654788414491e-01 9.53704878134079e+04 
1.08959365221428e-01 9.52916370468438e+04 
1.09263892614899e-01 9.52186956876021e+04 
1.09568422739067e-01 9.51632645954952e+04 
1.09872898478835e-01 9.51173588037676e+04 
1.10177372692750e-01 9.50802812329670e+04 
1.10481787178414e-01 9.50517010549637e+04 
1.10786194411271e-01 9.50224862308309e+04 
1.11090537784100e-01 9.50126315883638e+04 
1.11394875173482e-01 9.50312482119248e+04 
1.11699151655502e-01 9.50747997715580e+04 
1.12003426903382e-01 9.51484522474848e+04 
1.12307644286055e-01 9.52717080579320e+04 
1.12611865098832e-01 9.54406810479528e+04 
1.12916032471323e-01 9.56498393762777e+04 
1.13220210570262e-01 9.59083127901980e+04 
1.13524340355807e-01 9.62074104638815e+04 
1.13828486968390e-01 9.65427451189504e+04 
1.14132587427557e-01 9.69123525727313e+04 
1.14436706805248e-01 9.72995643011499e+04 
1.14740779403284e-01 9.76941391356835e+04 
1.15044870803268e-01 9.80789143628834e+04 
1.15348913789089e-01 9.84401567855694e+04 
1.15652974634899e-01 9.87590969577223e+04 
1.15956984708801e-01 9.90412014360955e+04 
1.16261011055900e-01 9.92307521763431e+04 
1.16564984476967e-01 9.93509785876721e+04 
1.16868973516361e-01 9.93969717678677e+04 
1.17172909862889e-01 9.94287403901964e+04 
1.17476863908504e-01 9.94105272178088e+04 
1.17780768095636e-01 9.93777709961574e+04 
1.18084692834645e-01 9.93154493675730e+04 
1.18388569579012e-01 9.92199073397542e+04 
1.18692466674112e-01 9.90956627548897e+04 
1.18996315200902e-01 9.89397106231642e+04 
1.19300181934002e-01 9.87628734478455e+04 
1.19603999591632e-01 9.85718596588275e+04 
1.19907834385135e-01 9.83705055310991e+04 
1.20203681159226e-01 9.81683758274392e+04 
1.20507483644077e-01 9.79585409471605e+04 
1.20811236478384e-01 9.77501276115082e+04 
1.21115002726374e-01 9.75465169253838e+04 
1.21418716818545e-01 9.73497341475673e+04 
1.21722439285091e-01 9.71608921938126e+04 
1.22026105657421e-01 9.69814451121197e+04 
1.22329776857948e-01 9.68113029369241e+04 
1.22633391797370e-01 9.66510548912095e+04 
1.22937013436508e-01 9.64999355511954e+04 
1.23240583087798e-01 9.63579476923812e+04 
1.23544162634038e-01 9.62239541152349e+04 
1.23847692676394e-01 9.60975280680492e+04 
1.24151236342071e-01 9.59774594666512e+04 
1.24454739169761e-01 9.58630615658435e+04 
1.24758273987686e-01 9.57531096529661e+04 
1.25061793971784e-01 9.56468516145143e+04 
1.25365390022904e-01 9.55432116172741e+04 
1.25669037652268e-01 9.54415574220862e+04 
1.25972855122275e-01 9.53410668461586e+04 
1.26276844206357e-01 9.52413042182375e+04 
1.26581131264758e-01 9.51417359134567e+04 
1.26885699225368e-01 9.50421397562579e+04 
1.27190616458720e-01 9.49422716604079e+04 
1.27495780320726e-01 9.48421120254067e+04 
1.27801144549186e-01 9.47416747038837e+04 
1.28106512485520e-01 9.46411122721724e+04 
1.28411760407412e-01 9.45406342884628e+04 
1.28716680772177e-01 9.44405050955947e+04 
1.29021172071210e-01 9.43410396151186e+04 
1.29325115000784e-01 9.42425386202514e+04 
1.29628514734398e-01 9.41453359846884e+04 
1.29931376083846e-01 9.40497172239682e+04 
1.30233826879094e-01 9.39559868598545e+04 
1.30535942185315e-01 9.38644042228224e+04 
1.30837892652179e-01 9.37752458886188e+04 
1.31139748120912e-01 9.36887537015249e+04 
1.31441661440209e-01 9.36051838101827e+04 
1.31743647273485e-01 9.35247708093747e+04 
1.32045806136467e-01 9.34477668090188e+04 
1.32348089331782e-01 9.33744044067788e+04 
1.32650542937939e-01 9.33049288645926e+04 
1.32953076285432e-01 9.32395402934777e+04 
1.33255706087848e-01 9.31784845539912e+04 
1.33558333003864e-01 9.31219628741761e+04 
1.33860973962066e-01 9.30701115220811e+04 
1.34163547822353e-01 9.30231748349442e+04 
1.34466086244716e-01 9.29815258010839e+04 
1.34768526054246e-01 9.29449217887703e+04 
1.35070913571862e-01 9.29130305380146e+04 
1.35373199460247e-01 9.28881596957521e+04 
1.35675438037927e-01 9.28696501948367e+04 
1.35977587921319e-01 9.28558134246999e+04 
1.36279703857267e-01 9.28461650344208e+04 
1.36581750023292e-01 9.28391704176775e+04 
1.36883779527417e-01 9.28345940445837e+04 
1.37185763534603e-01 9.28332392834143e+04 
1.37487751869949e-01 9.28340940705689e+04 
1.37789722761912e-01 9.28364461578413e+04 
1.38091720258768e-01 9.28400973444088e+04 
1.38393723748445e-01 9.28444129966725e+04 
1.38695768388763e-01 9.28487867511429e+04 
1.38997828044739e-01 9.28524690660333e+04 
1.39299927715515e-01 9.28556678377351e+04 
1.39602032583642e-01 9.28569345700741e+04 
1.39904159541332e-01 9.28563290022492e+04 
1.40206266314886e-01 9.28540756160281e+04 
1.40508367462369e-01 9.28510277749534e+04 
1.40810417496133e-01 9.28458471050680e+04 
1.41112436804157e-01 9.28383719019146e+04 
1.41414382476043e-01 9.28280803663918e+04 
1.41716288686842e-01 9.28154554793612e+04 
1.42018119757874e-01 9.28007363592643e+04 
1.42319926312276e-01 9.27838380550356e+04 
1.42621679946185e-01 9.27652899276408e+04 
1.42923443926372e-01 9.27455790692206e+04 
1.43225192831877e-01 9.27250763254747e+04 
1.43526993624796e-01 9.27043427120801e+04 
1.43828818441423e-01 9.26837253884680e+04 
1.44130727943574e-01 9.26639415936756e+04 
1.44432688238616e-01 9.26456477074745e+04 
1.44734748043296e-01 9.26289890617952e+04 
1.45036867081020e-01 9.26152904554659e+04 
1.45339081502430e-01 9.26037645211401e+04 
1.45641346447734e-01 9.25970451003671e+04 
1.45943688639851e-01 9.25942677063404e+04 
1.46246060973697e-01 9.25964283272047e+04 
1.46548486592045e-01 9.25998572458709e+04 
1.46850917227074e-01 9.26043231063237e+04 
1.47153378874217e-01 9.26117396771434e+04 
1.47455825512086e-01 9.26228628807453e+04 
1.47758286306756e-01 9.26379519265570e+04 
1.48060716803019e-01 9.26581202685404e+04 
1.48363150542658e-01 9.26826925973912e+04 
1.48665543486136e-01 9.27114352086584e+04 
1.48967932682362e-01 9.27442988549440e+04 
1.49270274768937e-01 9.27806339872694e+04 
1.49572609819906e-01 9.28200701265838e+04 
1.49874880879241e-01 9.28620788972510e+04 
1.50177126541683e-01 9.29064076026589e+04 
1.50479311160963e-01 9.29524845020683e+04 
1.50781479667238e-01 9.29993560030098e+04 
1.51083597593127e-01 9.30471344783538e+04 
1.51385712344516e-01 9.30952615648981e+04 
1.51687788365811e-01 9.31431617557493e+04 
1.51989872354069e-01 9.31904971679934e+04 
1.52291927517756e-01 9.32368710510896e+04 
1.52593999395183e-01 9.32820315982730e+04 
1.52896050494693e-01 9.33256597097478e+04 
1.53198125007645e-01 9.33675101668851e+04 
1.53500185095659e-01 9.34074207431747e+04 
1.53802273148999e-01 9.34448180009022e+04 
1.54104350571474e-01 9.34802648295255e+04 
1.54406457196699e-01 9.35130322438158e+04 
1.54708553032941e-01 9.35438576615320e+04 
1.55010675761172e-01 9.35721873252915e+04 
1.55312784501334e-01 9.35986831672684e+04 
1.55614916085269e-01 9.36227242863704e+04 
1.55917029675763e-01 9.36447370504246e+04 
1.56219161964155e-01 9.36646293226558e+04 
1.56521272578930e-01 9.36824963350824e+04 
1.56823398364863e-01 9.36984028393284e+04 
1.57125499337401e-01 9.37129003954684e+04 
1.57427612555902e-01 9.37264414893598e+04 
1.57729698174860e-01 9.37393718078048e+04 
1.58031793444988e-01 9.37523635166694e+04 
1.58333858738508e-01 9.37658999573024e+04 
1.58635931275227e-01 9.37798479509614e+04 
1.58937971735971e-01 9.37952193821361e+04 
1.59240016905855e-01 9.38119993461716e+04 
1.59542027735343e-01 9.38310382445570e+04 
1.59844040448418e-01 9.38508109813917e+04 
1.60146016327638e-01 9.38716383598014e+04 
1.60447991086138e-01 9.38966828629270e+04 
1.60749926062629e-01 9.39306046858694e+04 
1.61051856262663e-01 9.39782866066706e+04 
1.61353743337213e-01 9.40424997557379e+04 
1.61655622489182e-01 9.41222400985348e+04 
1.61957456722253e-01 9.42163841286194e+04 
1.62259282982964e-01 9.43243298220384e+04 
1.62561066360287e-01 9.44452762178409e+04 
1.62862845761709e-01 9.45776024287139e+04 
1.63164588058710e-01 9.47196820425241e+04 
1.63466332688689e-01 9.48694498303179e+04 
1.63768047082543e-01 9.50245299963575e+04 
1.64069769678849e-01 9.51824384090760e+04 
1.64371467465134e-01 9.53405644456581e+04 
1.64673177147100e-01 9.54957883313267e+04 
1.64974865266379e-01 9.56458058905622e+04 
1.65276567091482e-01 9.57876750022123e+04 
1.65578249178896e-01 9.59196362649835e+04 
1.65879945543227e-01 9.60385889454271e+04 
1.66181622530364e-01 9.61417415906768e+04 
1.66483312449359e-01 9.62349335503786e+04 
1.66784981085559e-01 9.63025740825853e+04 
1.67086659245726e-01 9.63515014133810e+04 
1.67388312479940e-01 9.63863986183035e+04 
1.67689971418889e-01 9.64055177524955e+04 
1.67991601832451e-01 9.64236561125109e+04 
1.68293235024196e-01 9.64387765959723e+04 
1.68594836946329e-01 9.64498638739624e+04 
1.68896439660386e-01 9.64553185786939e+04 
1.69198009480918e-01 9.64562544554311e+04 
1.69499579158563e-01 9.64538014136361e+04 
1.69801115443635e-01 9.64480829222580e+04 
1.70102651886325e-01 9.64394599875558e+04 
1.70404155314704e-01 9.64285200086097e+04 
1.70705660443440e-01 9.64157694949424e+04 
1.71007134084848e-01 9.64017485621097e+04 
1.71308612438985e-01 9.63870027003578e+04 
1.71610062760775e-01 9.63719734422885e+04 
1.71911522943302e-01 9.63570027335088e+04 
1.72212960105725e-01 9.63423756961259e+04 
1.72514412649321e-01 9.63283568803191e+04 
1.72815845876478e-01 9.63151002701614e+04 
1.73117297156822e-01 9.63027551539631e+04 
1.73418730073542e-01 9.62913921331058e+04 
1.73720181480491e-01 9.62810618559376e+04 
1.74021614607902e-01 9.62717404330710e+04 
1.74323066870134e-01 9.62634169517598e+04 
1.74624501198072e-01 9.62560021319003e+04 
1.74925955278299e-01 9.62494242746224e+04 
1.75227390077826e-01 9.62436140214891e+04 
1.75528843204538e-01 9.62385927434012e+04 
1.75830275716223e-01 9.62341972390872e+04 
1.76131725132765e-01 9.62305551916187e+04 
1.76433149696147e-01 9.62277956017553e+04 
1.76734591026119e-01 9.62252550157076e+04 
1.77036003352436e-01 9.62228638799709e+04 
1.77337432865832e-01 9.62207847983397e+04 
1.77638830120169e-01 9.62191143481074e+04 
1.77940245809989e-01 9.62177277573654e+04 
1.78241627976721e-01 9.62166043406531e+04 
1.78543029013786e-01 9.62157201967688e+04 
1.78844394817728e-01 9.62150457569662e+04 
1.79145777885932e-01 9.62145511330983e+04 
1.79447123441490e-01 9.62142176662064e+04 
1.79748484527779e-01 9.62140279769975e+04 
1.80049807050019e-01 9.62139668701529e+04 
1.80351145410621e-01 9.62140214803652e+04 
1.80652445963542e-01 9.62141747653988e+04 
1.80953764390735e-01 9.62144123180177e+04 
1.81255046631290e-01 9.62147138064635e+04 
1.81556349148726e-01 9.62150606762335e+04 
1.81857617175813e-01 9.62154305027352e+04 
1.82158907631212e-01 9.62158010772122e+04 
1.82460165314454e-01 9.62161486652796e+04 
1.82761447174151e-01 9.62164507343671e+04 
1.83062697603585e-01 9.62166856838673e+04 
1.83363972807100e-01 9.62168351334091e+04 
1.83665216497770e-01 9.62168828199114e+04 
1.83966483505321e-01 9.62168193785271e+04 
1.84267716872355e-01 9.62166380350184e+04 
1.84568970787698e-01 9.62163367527831e+04 
1.84870188864159e-01 9.62159210434968e+04 
1.85171426803983e-01 9.62153968794655e+04 
1.85472628614778e-01 9.62147770306963e+04 
1.85773850611668e-01 9.62140755598039e+04 
1.86075036060284e-01 9.62133106724412e+04 
1.86376240865866e-01 9.62125002481321e+04 
1.86677407828564e-01 9.62116650009783e+04 
1.86978593752500e-01 9.62108240797078e+04 
1.87279741522449e-01 9.62099984081810e+04 
1.87580909825785e-01 9.62092069845985e+04 
1.87882041717425e-01 9.62084699038251e+04 
1.88183195916317e-01 9.62078054099587e+04 
1.88484315080977e-01 9.62072335362394e+04 
1.88785457020638e-01 9.62067724242803e+04 
1.89086563716092e-01 9.62064420860878e+04 
1.89387692369310e-01 9.62062608063817e+04 
1.89688784910357e-01 9.62062492114926e+04 
1.89989898593996e-01 9.62064252547759e+04 
1.90290976093527e-01 9.62068090534141e+04 
1.90592075013972e-01 9.62074166152736e+04 
1.90893138710041e-01 9.62082653660596e+04 
1.91194224836666e-01 9.62093669101175e+04 
1.91495276987554e-01 9.62107331545390e+04 
1.91796352596430e-01 9.62123686607308e+04 
1.92097395221696e-01 9.62142774496233e+04 
1.92398461791387e-01 9.62164549660751e+04 
1.92699495955021e-01 9.62188958104134e+04 
1.93000553762655e-01 9.62215860356395e+04 
1.93301580051024e-01 9.62245113868929e+04 
1.93602628223274e-01 9.62276500877905e+04 
1.93903647182727e-01 9.62309815077720e+04 
1.94204688848784e-01 9.62344792153414e+04 
1.94505693757094e-01 9.62381198878136e+04 
1.94806704866793e-01 9.62418763682013e+04 
1.95107667770172e-01 9.62457270702122e+04 
1.95408637362612e-01 9.62496483099277e+04 
1.95709567237256e-01 9.62536239553592e+04 
1.96010518694257e-01 9.62576366056833e+04 
1.96311456890180e-01 9.62616777692503e+04 
1.96612443813197e-01 9.62657374830501e+04 
1.96913436632417e-01 9.62698148668045e+04 
1.97214478068753e-01 9.62739066973024e+04 
1.97515509501177e-01 9.62780182349748e+04 
1.97816571445542e-01 9.62821516768924e+04 
1.98117605615131e-01 9.62863164890291e+04 
1.98418662189776e-01 9.62905185790678e+04 
1.98719687226812e-01 9.62947696500320e+04 
1.99020736469384e-01 9.62990780295667e+04 
1.99321757948183e-01 9.63034561922470e+04 
1.99622807694222e-01 9.63079147128633e+04 
1.99923833405162e-01 9.63124681528729e+04 
2.00224889661212e-01 9.63171288070824e+04 
