temps pression
0.00000000000000e+00 1.00000000000000e+05 
7.22956891292051e-05 1.00000000000000e+05 
1.36012593082693e-04 1.00000000000000e+05 
1.95841839271287e-04 1.00000000000000e+05 
2.48136352259026e-04 1.00000000000000e+05 
2.92259872457627e-04 1.00000000000000e+05 
3.32398725148260e-04 1.00000000000000e+05 
3.68237896383045e-04 1.00000000000000e+05 
4.01423720147164e-04 1.00000000000000e+05 
4.31856752968882e-04 1.00000000000000e+05 
4.60878230235362e-04 1.00000000000000e+05 
4.92801855228489e-04 1.00000000000000e+05 
5.27917842720929e-04 1.00000000000000e+05 
5.66545428962614e-04 1.00000000000000e+05 
6.09035773828466e-04 1.00000000000000e+05 
6.55775153180904e-04 1.00000000000000e+05 
7.02245801922679e-04 1.00000000000000e+05 
7.47453228713551e-04 1.00000000000000e+05 
7.97181398183511e-04 1.00000000000000e+05 
8.51882384600467e-04 1.00000000000000e+05 
9.12053469659118e-04 1.00000000000000e+05 
9.75627706681509e-04 1.00000000000000e+05 
1.03822613120209e-03 1.00000000000000e+05 
1.10708439817474e-03 1.00000000000000e+05 
1.18282849184465e-03 1.00000000000000e+05 
1.26554362544697e-03 1.00000000000000e+05 
1.34968947841744e-03 1.00000000000000e+05 
1.43419468651438e-03 1.00000000000000e+05 
1.52715041542101e-03 1.00000000000000e+05 
1.62940171721831e-03 1.00000000000000e+05 
1.73615282719917e-03 1.00000000000000e+05 
1.85066408221698e-03 1.00000000000000e+05 
1.96736741068864e-03 1.00000000000000e+05 
2.09371177051730e-03 1.00000000000000e+05 
2.22555796896129e-03 1.00000000000000e+05 
2.36158665410771e-03 1.00000000000000e+05 
2.50294618398304e-03 1.00000000000000e+05 
2.64911959090484e-03 1.00000000000000e+05 
2.80087197121947e-03 1.00000000000000e+05 
2.95715936695475e-03 1.00000000000000e+05 
3.11891806138345e-03 1.00000000000000e+05 
3.28533472290887e-03 1.00000000000000e+05 
3.45690547653385e-03 1.00000000000000e+05 
3.63411776259528e-03 1.00000000000000e+05 
3.81664056744797e-03 1.00000000000000e+05 
4.00357355598077e-03 1.00000000000000e+05 
4.19647593420617e-03 1.00000000000000e+05 
4.39493355204993e-03 1.00000000000000e+05 
4.60002315010412e-03 1.00000000000000e+05 
4.81049166165160e-03 1.00000000000000e+05 
5.02680988706732e-03 1.00000000000000e+05 
5.24497720345275e-03 1.00000000000000e+05 
5.46394479362917e-03 1.00000000000000e+05 
5.68355035859633e-03 1.00000000000000e+05 
5.90521872736899e-03 1.00000000000000e+05 
6.12866488860837e-03 1.00000000000000e+05 
6.35428686337282e-03 1.00000000000000e+05 
6.58064280636221e-03 1.00000000000000e+05 
6.80898392211190e-03 1.00000000000000e+05 
7.03640011343356e-03 1.00000000000000e+05 
7.26040055065879e-03 1.00000000000000e+05 
7.48445692333574e-03 1.00000000000000e+05 
7.70732078656229e-03 1.00000000000000e+05 
7.92831513296502e-03 1.00000000000000e+05 
8.14701270725157e-03 1.00000000000000e+05 
8.36441768854357e-03 1.00000000000000e+05 
8.58001788410381e-03 1.00000000000000e+05 
8.79445641487395e-03 1.00000000000000e+05 
9.00722530016428e-03 1.00000000000000e+05 
9.21870281741345e-03 1.00000000000000e+05 
9.42791109851043e-03 1.00000000000000e+05 
9.63677145936071e-03 1.00000000000000e+05 
9.84507037162703e-03 1.00000000000000e+05 
1.00534395398254e-02 1.00000000000000e+05 
1.02622853763630e-02 1.00000000000000e+05 
1.04719211950185e-02 1.00000000000000e+05 
1.06839254462319e-02 1.00000000000000e+05 
1.09005434185223e-02 1.00000000000000e+05 
1.11187313829270e-02 1.00000000000000e+05 
1.13402403609632e-02 1.00000000000000e+05 
1.15652114826203e-02 1.00000000000000e+05 
1.17911718468124e-02 1.00000000000000e+05 
1.20213007343122e-02 1.00000000000000e+05 
1.22555077330477e-02 1.00000000000000e+05 
1.24925732311188e-02 1.00000000000000e+05 
1.27321055637904e-02 1.00000000000000e+05 
1.29787963337182e-02 1.00000000000000e+05 
1.32289086792741e-02 1.00000000000000e+05 
1.34806587133055e-02 1.00000000000000e+05 
1.37379713006939e-02 1.00000000000000e+05 
1.39979199469321e-02 1.00000000000000e+05 
1.42579765932365e-02 1.00000000000000e+05 
1.45210818683595e-02 1.00000000000000e+05 
1.47841201818720e-02 1.00000000000000e+05 
1.50464097175978e-02 1.00000000000000e+05 
1.53078626145497e-02 1.00000000000000e+05 
1.55685160744148e-02 1.00000000000000e+05 
1.58290381162798e-02 1.00000000000000e+05 
1.60894823942995e-02 1.00000000000000e+05 
1.63505177295643e-02 1.00000000000000e+05 
1.66121573223433e-02 1.00000000000000e+05 
1.68747296147204e-02 1.00000000000000e+05 
1.71378707753188e-02 1.00000000000000e+05 
1.74022843518795e-02 1.00000000000000e+05 
1.76676356750183e-02 1.00000000000000e+05 
1.79343012099619e-02 1.00000000000000e+05 
1.82010691901158e-02 1.00000000000000e+05 
1.84689425306358e-02 1.00000000000000e+05 
1.87370440290696e-02 1.00000000000000e+05 
1.90063040920049e-02 1.00000000000000e+05 
1.92760725331653e-02 1.00000000000000e+05 
1.95473395798536e-02 1.00000000000000e+05 
1.98193765220543e-02 1.00000000000000e+05 
2.00927890970067e-02 1.00000000000000e+05 
2.03664403199553e-02 1.00000000000000e+05 
2.06414486534776e-02 1.00000000000000e+05 
2.09169782373425e-02 1.00000000000000e+05 
2.11935847600611e-02 1.00000000000000e+05 
2.14706450381875e-02 1.00000000000000e+05 
2.17487767280646e-02 1.00000000000000e+05 
2.20273871863434e-02 1.00000000000000e+05 
2.23061251295780e-02 1.00000000000000e+05 
2.25858385004335e-02 1.00000000000000e+05 
2.28657075471678e-02 1.00000000000000e+05 
2.31464263051046e-02 1.00000000000000e+05 
2.34273903232276e-02 1.00000000000000e+05 
2.37090515119518e-02 1.00000000000000e+05 
2.39909387565207e-02 1.00000000000000e+05 
2.42734819882934e-02 1.00000000000000e+05 
2.45560940149440e-02 1.00000000000000e+05 
2.48393125483647e-02 1.00000000000000e+05 
2.51225884941831e-02 1.00000000000000e+05 
2.54064641002666e-02 1.00000000000000e+05 
2.56904881985226e-02 1.00000000000000e+05 
2.59751830635136e-02 1.00000000000000e+05 
2.62601736076034e-02 1.00000000000000e+05 
2.65459271219395e-02 1.00000000000000e+05 
2.68321380500819e-02 1.00000000000000e+05 
2.71192068812778e-02 1.00000000000000e+05 
2.74061362404127e-02 1.00000000000000e+05 
2.76942990700100e-02 1.00000000000000e+05 
2.79827238028660e-02 1.00000000000000e+05 
2.82722525773994e-02 1.00000000000000e+05 
2.85622116960682e-02 1.00000000000000e+05 
2.88531707420379e-02 1.00000000000000e+05 
2.91444731679323e-02 1.00000000000000e+05 
2.94368305135269e-02 1.00000000000000e+05 
2.97295682665768e-02 1.00000000000000e+05 
3.00234641576780e-02 1.00000000000000e+05 
3.03177734476539e-02 1.00000000000000e+05 
3.06133482810112e-02 1.00000000000000e+05 
3.09093780267302e-02 1.00000000000000e+05 
3.12067923804815e-02 1.00000000000000e+05 
3.15047324760290e-02 1.00000000000000e+05 
3.18041860165266e-02 1.00000000000000e+05 
3.21042374061901e-02 1.00000000000000e+05 
3.24059262907023e-02 1.00000000000000e+05 
3.27083018575760e-02 1.00000000000000e+05 
3.30115020317506e-02 1.00000000000000e+05 
3.33152913051172e-02 1.00000000000000e+05 
3.36199178324841e-02 1.00000000000000e+05 
3.39250576501767e-02 1.00000000000000e+05 
3.42307462235259e-02 1.00000000000000e+05 
3.45369373468078e-02 1.00000000000000e+05 
3.48436621191294e-02 1.00000000000000e+05 
3.51508401958025e-02 1.00000000000000e+05 
3.54584801726843e-02 1.00000000000000e+05 
3.57665485326274e-02 1.00000000000000e+05 
3.60750053779720e-02 1.00000000000000e+05 
3.63838709150054e-02 1.00000000000000e+05 
3.66930998179258e-02 1.00000000000000e+05 
3.70027340805023e-02 1.00000000000000e+05 
3.73127366884194e-02 1.00000000000000e+05 
3.76232480262619e-02 1.00000000000000e+05 
3.79340750923652e-02 1.00000000000000e+05 
3.82453960179285e-02 1.00000000000000e+05 
3.85569729408712e-02 1.00000000000000e+05 
3.88690567310147e-02 1.00000000000000e+05 
3.91813669039234e-02 1.00000000000000e+05 
3.94939723021367e-02 1.00000000000000e+05 
3.98069086201230e-02 1.00000000000000e+05 
4.01195859612953e-02 1.00000000000000e+05 
4.04326295716359e-02 1.00000000000000e+05 
4.07454247138476e-02 1.00000000000000e+05 
4.10585615039618e-02 1.00000000000000e+05 
4.13714185450714e-02 1.00000000000000e+05 
4.16845729155464e-02 1.00000000000000e+05 
4.19974272131687e-02 1.00000000000000e+05 
4.23105692843137e-02 1.00000000000000e+05 
4.26234206978062e-02 1.00000000000000e+05 
4.29365924369506e-02 1.00000000000000e+05 
4.32495044581200e-02 1.00000000000000e+05 
4.35627553515087e-02 1.00000000000000e+05 
4.38757434711694e-02 1.00000000000000e+05 
4.41890336840071e-02 1.00000000000000e+05 
4.45020349017244e-02 1.00000000000000e+05 
4.48153071354080e-02 1.00000000000000e+05 
4.51282820885176e-02 1.00000000000000e+05 
4.54415092181553e-02 1.00000000000000e+05 
4.57544288516516e-02 1.00000000000000e+05 
4.60675761236018e-02 1.00000000000000e+05 
4.63804068392071e-02 1.00000000000000e+05 
4.66934448628330e-02 1.00000000000000e+05 
4.70061655186671e-02 1.00000000000000e+05 
4.73190807406776e-02 1.00000000000000e+05 
4.76316858356775e-02 1.00000000000000e+05 
4.79444697864581e-02 1.00000000000000e+05 
4.82569432086896e-02 1.00000000000000e+05 
4.85695906142219e-02 1.00000000000000e+05 
4.88819322087766e-02 1.00000000000000e+05 
4.91944410112353e-02 1.00000000000000e+05 
4.95066533397974e-02 1.00000000000000e+05 
4.98190352767881e-02 1.00000000000000e+05 
5.01311276286021e-02 1.00000000000000e+05 
5.04433761838242e-02 1.00000000000000e+05 
5.07553150667344e-02 1.00000000000000e+05 
5.10673760074411e-02 1.00000000000000e+05 
5.13791189809706e-02 1.00000000000000e+05 
5.16909718851388e-02 1.00000000000000e+05 
5.20025272636055e-02 1.00000000000000e+05 
5.23141987296215e-02 1.00000000000000e+05 
5.26255932258648e-02 1.00000000000000e+05 
5.29371030432514e-02 1.00000000000000e+05 
5.32483524585596e-02 1.00000000000000e+05 
5.35597250313286e-02 1.00000000000000e+05 
5.38708507623307e-02 1.00000000000000e+05 
5.41821016192434e-02 1.00000000000000e+05 
5.44931142988986e-02 1.00000000000000e+05 
5.48042375154819e-02 1.00000000000000e+05 
5.51151300002544e-02 1.00000000000000e+05 
5.54261265077552e-02 1.00000000000000e+05 
5.57369046252803e-02 1.00000000000000e+05 
5.60477851993297e-02 1.00000000000000e+05 
5.63584573080692e-02 1.00000000000000e+05 
5.66692285422728e-02 1.00000000000000e+05 
5.69797899564465e-02 1.00000000000000e+05 
5.72904473590926e-02 1.00000000000000e+05 
5.76008955722364e-02 1.00000000000000e+05 
5.79114489838089e-02 1.00000000000000e+05 
5.82218199537696e-02 1.00000000000000e+05 
5.85323115666758e-02 1.00000000000000e+05 
5.88426376843471e-02 1.00000000000000e+05 
5.91530777853115e-02 1.00000000000000e+05 
5.94633491865869e-02 1.00000000000000e+05 
5.97737212494283e-02 1.00000000000000e+05 
6.00839248647173e-02 1.00000000000000e+05 
6.03942248123274e-02 1.00000000000000e+05 
6.07043648434865e-02 1.00000000000000e+05 
6.10146025616369e-02 1.00000000000000e+05 
6.13246957055584e-02 1.00000000000000e+05 
6.16348935704271e-02 1.00000000000000e+05 
6.19449685810033e-02 1.00000000000000e+05 
6.22551582410628e-02 1.00000000000000e+05 
6.25652383611197e-02 1.00000000000000e+05 
6.28754254776108e-02 1.00000000000000e+05 
6.31854898637352e-02 1.00000000000000e+05 
6.34956305227475e-02 1.00000000000000e+05 
6.38056244671911e-02 1.00000000000000e+05 
6.41156682265333e-02 1.00000000000000e+05 
6.44255565797877e-02 1.00000000000000e+05 
6.47354880150488e-02 1.00000000000000e+05 
6.50452725149379e-02 1.00000000000000e+05 
6.53551034597172e-02 1.00000000000000e+05 
6.56647985736542e-02 1.00000000000000e+05 
6.59745373681723e-02 1.00000000000000e+05 
6.62841658641921e-02 1.00000000000000e+05 
6.65938557184152e-02 1.00000000000000e+05 
6.69034605757702e-02 1.00000000000000e+05 
6.72131381634727e-02 1.00000000000000e+05 
6.75227514201667e-02 1.00000000000000e+05 
6.78324448070691e-02 1.00000000000000e+05 
6.81420766459898e-02 1.00000000000000e+05 
6.84517740868834e-02 1.00000000000000e+05 
6.87613821352771e-02 1.00000000000000e+05 
6.90710164005701e-02 1.00000000000000e+05 
6.93805263356655e-02 1.00000000000000e+05 
6.96900283610277e-02 1.00000000000000e+05 
6.99993931763643e-02 1.00000000000000e+05 
7.03087408416575e-02 1.00000000000000e+05 
7.06179616257319e-02 1.00000000000000e+05 
7.09271717812124e-02 1.00000000000000e+05 
7.12362715066407e-02 1.00000000000000e+05 
7.15453711657498e-02 1.00000000000000e+05 
7.18543749220645e-02 1.00000000000000e+05 
7.21633936350729e-02 1.00000000000000e+05 
7.24723379373534e-02 1.00000000000000e+05 
7.27813161610884e-02 1.00000000000000e+05 
7.30902409243404e-02 1.00000000000000e+05 
7.33992127799283e-02 1.00000000000000e+05 
7.37081445119162e-02 1.00000000000000e+05 
7.40171307036337e-02 1.00000000000000e+05 
7.43260846905274e-02 1.00000000000000e+05 
7.46350947047729e-02 1.00000000000000e+05 
7.49440602337678e-02 1.00000000000000e+05 
7.52530589290731e-02 1.00000000000000e+05 
7.55619729747118e-02 1.00000000000000e+05 
7.58708788653670e-02 1.00000000000000e+05 
7.61796596316629e-02 1.00000000000000e+05 
7.64884123124558e-02 1.00000000000000e+05 
7.67970395174837e-02 1.00000000000000e+05 
7.71056163703525e-02 1.00000000000000e+05 
7.74140814888686e-02 1.00000000000000e+05 
7.77225076347104e-02 1.00000000000000e+05 
7.80308446983325e-02 1.00000000000000e+05 
7.83391603413753e-02 1.00000000000000e+05 
7.86473980350346e-02 1.00000000000000e+05 
7.89556201429639e-02 1.00000000000000e+05 
7.92637690916645e-02 1.00000000000000e+05 
7.95719059376576e-02 1.00000000000000e+05 
7.98799746161171e-02 1.00000000000000e+05 
8.01880367188831e-02 1.00000000000000e+05 
8.04960362484435e-02 1.00000000000000e+05 
8.08040338729781e-02 1.00000000000000e+05 
8.11119708273710e-02 1.00000000000000e+05 
8.14199045935002e-02 1.00000000000000e+05 
8.17277773830751e-02 1.00000000000000e+05 
8.20356469710911e-02 1.00000000000000e+05 
8.23434578297976e-02 1.00000000000000e+05 
8.26512665147273e-02 1.00000000000000e+05 
8.29590138534614e-02 1.00000000000000e+05 
8.32667497122500e-02 1.00000000000000e+05 
8.35744125963147e-02 1.00000000000000e+05 
8.38820467301374e-02 1.00000000000000e+05 
8.41895927877519e-02 1.00000000000000e+05 
8.44970936231411e-02 1.00000000000000e+05 
8.48044953789718e-02 1.00000000000000e+05 
8.51118452084736e-02 1.00000000000000e+05 
8.54190979441561e-02 1.00000000000000e+05 
8.57263098787831e-02 1.00000000000000e+05 
8.60334367711814e-02 1.00000000000000e+05 
8.63405287149901e-02 1.00000000000000e+05 
8.66475373220048e-02 1.00000000000000e+05 
8.69545110542483e-02 1.00000000000000e+05 
8.72614119956199e-02 1.00000000000000e+05 
8.75682949095659e-02 1.00000000000000e+05 
8.78751272168706e-02 1.00000000000000e+05 
8.81819601881020e-02 1.00000000000000e+05 
8.84887527765465e-02 1.00000000000000e+05 
8.87955441970692e-02 1.00000000000000e+05 
8.91022852884303e-02 1.00000000000000e+05 
8.94090067736584e-02 1.00000000000000e+05 
8.97156671088633e-02 1.00000000000000e+05 
9.00222796755642e-02 1.00000000000000e+05 
9.03287961298893e-02 1.00000000000000e+05 
9.06352720082198e-02 1.00000000000000e+05 
9.09416697630517e-02 1.00000000000000e+05 
9.12480524642025e-02 1.00000000000000e+05 
9.15543749216541e-02 1.00000000000000e+05 
9.18606955250376e-02 1.00000000000000e+05 
9.21669601917624e-02 1.00000000000000e+05 
9.24732235874702e-02 1.00000000000000e+05 
9.27794254691876e-02 1.00000000000000e+05 
9.30856192447588e-02 1.00000000000000e+05 
9.33917390208565e-02 1.00000000000000e+05 
9.36978376995347e-02 1.00000000000000e+05 
9.40038507664684e-02 1.00000000000000e+05 
9.43098376386767e-02 1.00000000000000e+05 
9.46157409649062e-02 1.00000000000000e+05 
9.49216283535885e-02 1.00000000000000e+05 
9.52274456888007e-02 1.00000000000000e+05 
9.55332634463819e-02 1.00000000000000e+05 
9.58390257399159e-02 1.00000000000000e+05 
9.61448001146599e-02 1.00000000000000e+05 
9.64505250382790e-02 1.00000000000000e+05 
9.67562609159507e-02 1.00000000000000e+05 
9.70619396328674e-02 1.00000000000000e+05 
9.73676178737432e-02 1.00000000000000e+05 
9.76732275312098e-02 1.00000000000000e+05 
9.79788282270440e-02 1.00000000000000e+05 
9.82843607997689e-02 1.00000000000000e+05 
9.85898889611633e-02 1.00000000000000e+05 
9.88953507690171e-02 1.00000000000000e+05 
9.92008047025994e-02 1.00000000000000e+05 
9.95061857640433e-02 1.00000000000000e+05 
9.98115546769146e-02 1.00000000000000e+05 
1.00116855727018e-01 1.00000000000000e+05 
1.00422154776331e-01 1.00000000000000e+05 
1.00727398229298e-01 1.00000000000000e+05 
1.01032649879163e-01 1.00000000000000e+05 
1.01337853490188e-01 1.00000000000000e+05 
1.01643068391581e-01 1.00000000000000e+05 
1.01948236632420e-01 1.00000000000000e+05 
1.02253413961767e-01 1.00000000000000e+05 
1.02558541811280e-01 1.00000000000000e+05 
1.02863672911959e-01 1.00000000000000e+05 
1.03168747590232e-01 1.00000000000000e+05 
1.03473816792037e-01 1.00000000000000e+05 
1.03778821287051e-01 1.00000000000000e+05 
1.04083813766036e-01 1.00000000000000e+05 
1.04388737290607e-01 1.00000000000000e+05 
1.04693648167203e-01 1.00000000000000e+05 
1.04998492168547e-01 1.00000000000000e+05 
1.05303328595505e-01 1.00000000000000e+05 
1.05608105218429e-01 1.00000000000000e+05 
1.05912881797745e-01 1.00000000000000e+05 
1.06217605801009e-01 1.00000000000000e+05 
1.06522334693281e-01 1.00000000000000e+05 
1.06827015254504e-01 1.00000000000000e+05 
1.07131703036364e-01 1.00000000000000e+05 
1.07436345174645e-01 1.00000000000000e+05 
1.07740996212454e-01 1.00000000000000e+05 
1.08045602850541e-01 1.00000000000000e+05 
1.08350218459885e-01 1.00000000000000e+05 
1.08654788414491e-01 1.00000000000000e+05 
1.08959365221428e-01 1.00000000000000e+05 
1.09263892614899e-01 1.00000000000000e+05 
1.09568422739067e-01 1.00000000000000e+05 
1.09872898478835e-01 1.00000000000000e+05 
1.10177372692750e-01 1.00000000000000e+05 
1.10481787178414e-01 1.00000000000000e+05 
1.10786194411271e-01 1.00000000000000e+05 
1.11090537784100e-01 1.00000000000000e+05 
1.11394875173482e-01 1.00000000000000e+05 
1.11699151655502e-01 1.00000000000000e+05 
1.12003426903382e-01 1.00000000000000e+05 
1.12307644286055e-01 1.00000000000000e+05 
1.12611865098832e-01 1.00000000000000e+05 
1.12916032471323e-01 1.00000000000000e+05 
1.13220210570262e-01 1.00000000000000e+05 
1.13524340355807e-01 1.00000000000000e+05 
1.13828486968390e-01 1.00000000000000e+05 
1.14132587427557e-01 1.00000000000000e+05 
1.14436706805248e-01 1.00000000000000e+05 
1.14740779403284e-01 1.00000000000000e+05 
1.15044870803268e-01 1.00000000000000e+05 
1.15348913789089e-01 1.00000000000000e+05 
1.15652974634899e-01 1.00000000000000e+05 
1.15956984708801e-01 1.00000000000000e+05 
1.16261011055900e-01 1.00000000000000e+05 
1.16564984476967e-01 1.00000000000000e+05 
1.16868973516361e-01 1.00000000000000e+05 
1.17172909862889e-01 1.00000000000000e+05 
1.17476863908504e-01 1.00000000000000e+05 
1.17780768095636e-01 1.00000000000000e+05 
1.18084692834645e-01 1.00000000000000e+05 
1.18388569579012e-01 1.00000000000000e+05 
1.18692466674112e-01 1.00000000000000e+05 
1.18996315200902e-01 1.00000000000000e+05 
1.19300181934002e-01 1.00000000000000e+05 
1.19603999591632e-01 1.00000000000000e+05 
1.19907834385135e-01 1.00000000000000e+05 
1.20203681159226e-01 1.00000000000000e+05 
1.20507483644077e-01 1.00000000000000e+05 
1.20811236478384e-01 1.00000000000000e+05 
1.21115002726374e-01 1.00000000000000e+05 
1.21418716818545e-01 1.00000000000000e+05 
1.21722439285091e-01 1.00000000000000e+05 
1.22026105657421e-01 1.00000000000000e+05 
1.22329776857948e-01 1.00000000000000e+05 
1.22633391797370e-01 1.00000000000000e+05 
1.22937013436508e-01 1.00000000000000e+05 
1.23240583087798e-01 1.00000000000000e+05 
1.23544162634038e-01 1.00000000000000e+05 
1.23847692676394e-01 1.00000000000000e+05 
1.24151236342071e-01 1.00000000000000e+05 
1.24454739169761e-01 1.00000000000000e+05 
1.24758273987686e-01 1.00000000000000e+05 
1.25061793971784e-01 1.00000000000000e+05 
1.25365390022904e-01 1.00000000000000e+05 
1.25669037652268e-01 1.00000000000000e+05 
1.25972855122275e-01 1.00000000000000e+05 
1.26276844206357e-01 1.00000000000000e+05 
1.26581131264758e-01 1.00000000000000e+05 
1.26885699225368e-01 1.00000000000000e+05 
1.27190616458720e-01 1.00000000000000e+05 
1.27495780320726e-01 1.00000000000000e+05 
1.27801144549186e-01 1.00000000000000e+05 
1.28106512485520e-01 1.00000000000000e+05 
1.28411760407412e-01 1.00000000000000e+05 
1.28716680772177e-01 1.00000000000000e+05 
1.29021172071210e-01 1.00000000000000e+05 
1.29325115000784e-01 1.00000000000000e+05 
1.29628514734398e-01 1.00000000000000e+05 
1.29931376083846e-01 1.00000000000000e+05 
1.30233826879094e-01 1.00000000000000e+05 
1.30535942185315e-01 1.00000000000000e+05 
1.30837892652179e-01 1.00000000000000e+05 
1.31139748120912e-01 1.00000000000000e+05 
1.31441661440209e-01 1.00000000000000e+05 
1.31743647273485e-01 1.00000000000000e+05 
1.32045806136467e-01 1.00000000000000e+05 
1.32348089331782e-01 1.00000000000000e+05 
1.32650542937939e-01 1.00000000000000e+05 
1.32953076285432e-01 1.00000000000000e+05 
1.33255706087848e-01 1.00000000000000e+05 
1.33558333003864e-01 1.00000000000000e+05 
1.33860973962066e-01 1.00000000000000e+05 
1.34163547822353e-01 1.00000000000000e+05 
1.34466086244716e-01 1.00000000000000e+05 
1.34768526054246e-01 1.00000000000000e+05 
1.35070913571862e-01 1.00000000000000e+05 
1.35373199460247e-01 1.00000000000000e+05 
1.35675438037927e-01 1.00000000000000e+05 
1.35977587921319e-01 1.00000000000000e+05 
1.36279703857267e-01 1.00000000000000e+05 
1.36581750023292e-01 1.00000000000000e+05 
1.36883779527417e-01 1.00182985898245e+05 
1.37185763534603e-01 1.01042351222754e+05 
1.37487751869949e-01 1.02905785114393e+05 
1.37789722761912e-01 1.06009742382053e+05 
1.38091720258768e-01 1.10105982291544e+05 
1.38393723748445e-01 1.14994757644554e+05 
1.38695768388763e-01 1.20233927694864e+05 
1.38997828044739e-01 1.25310746721716e+05 
1.39299927715515e-01 1.30074039996960e+05 
1.39602032583642e-01 1.33145404136306e+05 
1.39904159541332e-01 1.34980334599202e+05 
1.40206266314886e-01 1.35353702354342e+05 
1.40508367462369e-01 1.35298073996537e+05 
1.40810417496133e-01 1.35215431138238e+05 
1.41112436804157e-01 1.35008658943511e+05 
1.41414382476043e-01 1.34613771963700e+05 
1.41716288686842e-01 1.34159093757462e+05 
1.42018119757874e-01 1.33643587535218e+05 
1.42319926312276e-01 1.33115009404110e+05 
1.42621679946185e-01 1.32577212939763e+05 
1.42923443926372e-01 1.32055789566315e+05 
1.43225192831877e-01 1.31561573342629e+05 
1.43526993624796e-01 1.31104318936866e+05 
1.43828818441423e-01 1.30681975985677e+05 
1.44130727943574e-01 1.30294124427753e+05 
1.44432688238616e-01 1.29931701577432e+05 
1.44734748043296e-01 1.29589929932663e+05 
1.45036867081020e-01 1.29261705772014e+05 
1.45339081502430e-01 1.28942561180338e+05 
1.45641346447734e-01 1.28627079369436e+05 
1.45943688639851e-01 1.28311808093804e+05 
1.46246060973697e-01 1.27994410552801e+05 
1.46548486592045e-01 1.27673888350151e+05 
1.46850917227074e-01 1.27350077025133e+05 
1.47153378874217e-01 1.27022975136610e+05 
1.47455825512086e-01 1.26693172596734e+05 
1.47758286306756e-01 1.26361367480816e+05 
1.48060716803019e-01 1.26028598576839e+05 
1.48363150542658e-01 1.25695972972891e+05 
1.48665543486136e-01 1.25364685250104e+05 
1.48967932682362e-01 1.25035692325587e+05 
1.49270274768937e-01 1.24709942943812e+05 
1.49572609819906e-01 1.24388073457897e+05 
1.49874880879241e-01 1.24070631180014e+05 
1.50177126541683e-01 1.23757819189130e+05 
1.50479311160963e-01 1.23449716294372e+05 
1.50781479667238e-01 1.23146111869832e+05 
1.51083597593127e-01 1.22846802250049e+05 
1.51385712344516e-01 1.22551330171492e+05 
1.51687788365811e-01 1.22259399178819e+05 
1.51989872354069e-01 1.21970473240357e+05 
1.52291927517756e-01 1.21684287146645e+05 
1.52593999395183e-01 1.21400361451781e+05 
1.52896050494693e-01 1.21118537577551e+05 
1.53198125007645e-01 1.20838472491159e+05 
1.53500185095659e-01 1.20560133641885e+05 
1.53802273148999e-01 1.20283327001586e+05 
1.54104350571474e-01 1.20008123294960e+05 
1.54406457196699e-01 1.19734442405095e+05 
1.54708553032941e-01 1.19462414513509e+05 
1.55010675761172e-01 1.19192013117456e+05 
1.55312784501334e-01 1.18923383101782e+05 
1.55614916085269e-01 1.18656497134658e+05 
1.55917029675763e-01 1.18391486267641e+05 
1.56219161964155e-01 1.18128294357214e+05 
1.56521272578930e-01 1.17867026418427e+05 
1.56823398364863e-01 1.17607592843422e+05 
1.57125499337401e-01 1.17350066585349e+05 
1.57427612555902e-01 1.17094330128597e+05 
1.57729698174860e-01 1.16840418915400e+05 
1.58031793444988e-01 1.16588194118479e+05 
1.58333858738508e-01 1.16337652651644e+05 
1.58635931275227e-01 1.16088643330935e+05 
1.58937971735971e-01 1.15841137129345e+05 
1.59240016905855e-01 1.15594988175437e+05 
1.59542027735343e-01 1.15350171053611e+05 
1.59844040448418e-01 1.15106572654673e+05 
1.60146016327638e-01 1.14864208915678e+05 
1.60447991086138e-01 1.14623028192516e+05 
1.60749926062629e-01 1.14383116279872e+05 
1.61051856262663e-01 1.14144497647222e+05 
1.61353743337213e-01 1.13907328966036e+05 
1.61655622489182e-01 1.13671696987126e+05 
1.61957456722253e-01 1.13437796240302e+05 
1.62259282982964e-01 1.13205732731716e+05 
1.62561066360287e-01 1.12975683207865e+05 
1.62862845761709e-01 1.12747716980403e+05 
1.63164588058710e-01 1.12521938981288e+05 
1.63466332688689e-01 1.12298337616716e+05 
1.63768047082543e-01 1.12076918545819e+05 
1.64069769678849e-01 1.11857577131288e+05 
1.64371467465134e-01 1.11640231414730e+05 
1.64673177147100e-01 1.11424709899823e+05 
1.64974865266379e-01 1.11210887982219e+05 
1.65276567091482e-01 1.10998579982599e+05 
1.65578249178896e-01 1.10787676388186e+05 
1.65879945543227e-01 1.10578033160583e+05 
1.66181622530364e-01 1.10369601568065e+05 
1.66483312449359e-01 1.10162314482649e+05 
1.66784981085559e-01 1.09956199737798e+05 
1.67086659245726e-01 1.09751268771693e+05 
1.67388312479940e-01 1.09547609483448e+05 
1.67689971418889e-01 1.09345283853079e+05 
1.67991601832451e-01 1.09144403836443e+05 
1.68293235024196e-01 1.08945041550673e+05 
1.68594836946329e-01 1.08747296151833e+05 
1.68896439660386e-01 1.08551215577637e+05 
1.69198009480918e-01 1.08356862248688e+05 
1.69499579158563e-01 1.08164242494774e+05 
1.69801115443635e-01 1.07973375664000e+05 
1.70102651886325e-01 1.07784226256184e+05 
1.70404155314704e-01 1.07596777329613e+05 
1.70705660443440e-01 1.07410961247688e+05 
1.71007134084848e-01 1.07226735834562e+05 
1.71308612438985e-01 1.07044012522279e+05 
1.71610062760775e-01 1.06862732974753e+05 
1.71911522943302e-01 1.06682795951562e+05 
1.72212960105725e-01 1.06504134127936e+05 
1.72514412649321e-01 1.06326640620601e+05 
1.72815845876478e-01 1.06150247339612e+05 
1.73117297156822e-01 1.05974850656815e+05 
1.73418730073542e-01 1.05800392239772e+05 
1.73720181480491e-01 1.05626783360133e+05 
1.74021614607902e-01 1.05453988146772e+05 
1.74323066870134e-01 1.05281946089427e+05 
1.74624501198072e-01 1.05110655675915e+05 
1.74925955278299e-01 1.04940095098341e+05 
1.75227390077826e-01 1.04770302575979e+05 
1.75528843204538e-01 1.04601296099454e+05 
1.75830275716223e-01 1.04433145886938e+05 
1.76131725132765e-01 1.04265899060288e+05 
1.76433149696147e-01 1.04099643287944e+05 
1.76734591026119e-01 1.03934433408489e+05 
1.77036003352436e-01 1.03770355358726e+05 
1.77337432865832e-01 1.03607451091983e+05 
1.77638830120169e-01 1.03445788614567e+05 
1.77940245809989e-01 1.03285382872824e+05 
1.78241627976721e-01 1.03126276438067e+05 
1.78543029013786e-01 1.02968454918993e+05 
1.78844394817728e-01 1.02811938176020e+05 
1.79145777885932e-01 1.02656688990796e+05 
1.79447123441490e-01 1.02502712808942e+05 
1.79748484527779e-01 1.02349959905257e+05 
1.80049807050019e-01 1.02198430299250e+05 
1.80351145410621e-01 1.02048071111792e+05 
1.80652445963542e-01 1.01898882957142e+05 
1.80953764390735e-01 1.01750815037559e+05 
1.81255046631290e-01 1.01603869818567e+05 
1.81556349148726e-01 1.01457998980727e+05 
1.81857617175813e-01 1.01313204466894e+05 
1.82158907631212e-01 1.01169437858202e+05 
1.82460165314454e-01 1.01026697475894e+05 
1.82761447174151e-01 1.00884932049640e+05 
1.83062697603585e-01 1.00744134664549e+05 
1.83363972807100e-01 1.00604249630229e+05 
1.83665216497770e-01 1.00465264254293e+05 
1.83966483505321e-01 1.00327117063766e+05 
1.84267716872355e-01 1.00189787848907e+05 
1.84568970787698e-01 1.00053205745722e+05 
1.84870188864159e-01 9.99173378564183e+04 
1.85171426803983e-01 9.97820972211729e+04 
1.85472628614778e-01 9.96474307224352e+04 
1.85773850611668e-01 9.95132291390073e+04 
1.86075036060284e-01 9.93794130235239e+04 
1.86376240865866e-01 9.92458474488983e+04 
1.86677407828564e-01 9.91124260915888e+04 
1.86978593752500e-01 9.89789929013760e+04 
1.87279741522449e-01 9.88454233043238e+04 
1.87580909825785e-01 9.87115581018249e+04 
1.87882041717425e-01 9.85772815642617e+04 
1.88183195916317e-01 9.84424638175057e+04 
1.88484315080977e-01 9.83070347037300e+04 
1.88785457020638e-01 9.81709498663121e+04 
1.89086563716092e-01 9.80342444300895e+04 
1.89387692369310e-01 9.78969898888727e+04 
1.89688784910357e-01 9.77594398042441e+04 
1.89989898593996e-01 9.76218372002516e+04 
1.90290976093527e-01 9.74845787163457e+04 
1.90592075013972e-01 9.73483486448891e+04 
1.90893138710041e-01 9.72137089135586e+04 
1.91194224836666e-01 9.70814930583383e+04 
1.91495276987554e-01 9.69531586450994e+04 
1.91796352596430e-01 9.68293609260178e+04 
1.92097395221696e-01 9.67116631119803e+04 
1.92398461791387e-01 9.66020568588244e+04 
1.92699495955021e-01 9.65012566019849e+04 
1.93000553762655e-01 9.64124075785060e+04 
1.93301580051024e-01 9.63341667838421e+04 
1.93602628223274e-01 9.62723196911472e+04 
1.93903647182727e-01 9.62314133633423e+04 
1.94204688848784e-01 9.62066390575754e+04 
1.94505693757094e-01 9.62060238426126e+04 
1.94806704866793e-01 9.62049638348959e+04 
1.95107667770172e-01 9.62051721926880e+04 
1.95408637362612e-01 9.62221516239100e+04 
1.95709567237256e-01 9.62658645867609e+04 
1.96010518694257e-01 9.63458250334730e+04 
1.96311456890180e-01 9.64699896387544e+04 
1.96612443813197e-01 9.66302441842196e+04 
1.96913436632417e-01 9.68215812494933e+04 
1.97214478068753e-01 9.70427641044783e+04 
1.97515509501177e-01 9.72878249006026e+04 
1.97816571445542e-01 9.75491375238282e+04 
1.98117605615131e-01 9.78202641521634e+04 
1.98418662189776e-01 9.80930564520734e+04 
1.98719687226812e-01 9.83585725828220e+04 
1.99020736469384e-01 9.86128821524726e+04 
1.99321757948183e-01 9.88423281573246e+04 
1.99622807694222e-01 9.90405017824054e+04 
1.99923833405162e-01 9.92232004286696e+04 
2.00224889661212e-01 9.93460385739973e+04 
