# Liste des scalaires : TEMPS pmat 
0.00000000000000e+00 1.00000000000000e+05 
7.22956891292051e-05 1.00000000000000e+05 
1.39473830159786e-04 1.00000000000000e+05 
2.09658797050085e-04 1.00000000000000e+05 
2.76117114236718e-04 1.00000000000000e+05 
3.20638761908105e-04 1.00000000000000e+05 
3.55139419127650e-04 1.00000000000000e+05 
3.84466703006929e-04 1.00000000000000e+05 
4.10882456555331e-04 1.00000000000000e+05 
4.35440253196308e-04 1.00000000000000e+05 
4.62453829501383e-04 1.00000000000000e+05 
4.92168763436965e-04 1.00000000000000e+05 
5.24855190766106e-04 1.00000000000000e+05 
5.60810260828161e-04 1.00000000000000e+05 
6.00360837896421e-04 1.00000000000000e+05 
6.43866472671507e-04 1.00000000000000e+05 
6.91722670924102e-04 1.00000000000000e+05 
7.44364489001956e-04 1.00000000000000e+05 
8.02270488887595e-04 1.00000000000000e+05 
8.65967088761799e-04 1.00000000000000e+05 
9.36033348623423e-04 1.00000000000000e+05 
1.01310623447121e-03 1.00000000000000e+05 
1.09788640890377e-03 1.00000000000000e+05 
1.19114460077960e-03 1.00000000000000e+05 
1.28874595967988e-03 1.00000000000000e+05 
1.39427742078082e-03 1.00000000000000e+05 
1.50221628787617e-03 1.00000000000000e+05 
1.61553425737473e-03 1.00000000000000e+05 
1.73457348070825e-03 1.00000000000000e+05 
1.85733677968615e-03 1.00000000000000e+05 
1.98616223838873e-03 1.00000000000000e+05 
2.11872938704628e-03 1.00000000000000e+05 
2.25541689819663e-03 1.00000000000000e+05 
2.39772133018674e-03 1.00000000000000e+05 
2.54485627309092e-03 1.00000000000000e+05 
2.69657390129198e-03 1.00000000000000e+05 
2.85238267869168e-03 1.00000000000000e+05 
3.01245336052030e-03 1.00000000000000e+05 
3.17812497446085e-03 1.00000000000000e+05 
3.34903914085913e-03 1.00000000000000e+05 
3.52550659026275e-03 1.00000000000000e+05 
3.70726992321340e-03 1.00000000000000e+05 
3.89587589613545e-03 1.00000000000000e+05 
4.08975108537133e-03 1.00000000000000e+05 
4.28959471140169e-03 1.00000000000000e+05 
4.49516060408369e-03 1.00000000000000e+05 
4.70839016598705e-03 1.00000000000000e+05 
4.92856382960949e-03 1.00000000000000e+05 
5.15483884145713e-03 1.00000000000000e+05 
5.38810296190461e-03 1.00000000000000e+05 
5.62716630832442e-03 1.00000000000000e+05 
5.87020911792014e-03 1.00000000000000e+05 
6.12048301668645e-03 1.00000000000000e+05 
6.37286594506225e-03 1.00000000000000e+05 
6.63255281660159e-03 1.00000000000000e+05 
6.89402258475537e-03 1.00000000000000e+05 
7.16407888326952e-03 1.00000000000000e+05 
7.43688359574153e-03 1.00000000000000e+05 
7.71399396444482e-03 1.00000000000000e+05 
7.99382024823342e-03 1.00000000000000e+05 
8.27676476722743e-03 1.00000000000000e+05 
8.55486963386452e-03 1.00000000000000e+05 
8.82693129547623e-03 1.00000000000000e+05 
9.09434992258103e-03 1.00000000000000e+05 
9.35798204986452e-03 1.00000000000000e+05 
9.61828190541879e-03 1.00000000000000e+05 
9.87458790234710e-03 1.00000000000000e+05 
1.01275999953473e-02 1.00000000000000e+05 
1.03780906819504e-02 1.00000000000000e+05 
1.06260594935721e-02 1.00000000000000e+05 
1.08549555553739e-02 1.00000000000000e+05 
1.10600486680676e-02 1.00000000000000e+05 
1.12527948523265e-02 1.00000000000000e+05 
1.14376554258320e-02 1.00000000000000e+05 
1.16160612507521e-02 1.00000000000000e+05 
1.17894063979960e-02 1.00000000000000e+05 
1.19585737899820e-02 1.00000000000000e+05 
1.21239481481248e-02 1.00000000000000e+05 
1.22866263127847e-02 1.00000000000000e+05 
1.24468089537601e-02 1.00000000000000e+05 
1.26055542543789e-02 1.00000000000000e+05 
1.27631470205884e-02 1.00000000000000e+05 
1.29206084730733e-02 1.00000000000000e+05 
1.30781236634940e-02 1.00000000000000e+05 
1.32361994251682e-02 1.00000000000000e+05 
1.33950719536507e-02 1.00000000000000e+05 
1.35550962746397e-02 1.00000000000000e+05 
1.37170965435640e-02 1.00000000000000e+05 
1.38810982417738e-02 1.00000000000000e+05 
1.40478745420561e-02 1.00000000000000e+05 
1.42173487034742e-02 1.00000000000000e+05 
1.43901228978270e-02 1.00000000000000e+05 
1.45659907642291e-02 1.00000000000000e+05 
1.47453964003698e-02 1.00000000000000e+05 
1.49279912270327e-02 1.00807459032318e+05 
1.51140852418609e-02 1.07647469745721e+05 
1.53031952558846e-02 1.26648447243689e+05 
1.54955102084320e-02 1.63641605670139e+05 
1.56904870377790e-02 2.13008668634698e+05 
1.58880143471610e-02 2.72592178643064e+05 
1.60879204033134e-02 3.12776972968582e+05 
1.62896864213923e-02 3.33584607120207e+05 
1.64933789786655e-02 3.33044539964282e+05 
1.66983399131254e-02 3.30459235798898e+05 
1.69047266649511e-02 3.24945591160059e+05 
1.71118877103590e-02 3.15349511189937e+05 
1.73200486655187e-02 3.01876882665360e+05 
1.75285944990667e-02 2.87826671536929e+05 
1.77378353670858e-02 2.74369011589911e+05 
1.79472030919313e-02 2.62062513427077e+05 
1.81570726938347e-02 2.51245123600808e+05 
1.83669122074542e-02 2.42040478419746e+05 
1.85771377073296e-02 2.34288789104061e+05 
1.87872560328157e-02 2.27789749483501e+05 
1.89976953686148e-02 2.22216788416672e+05 
1.92079924872521e-02 2.17326250958111e+05 
1.94185787197515e-02 2.12903750446017e+05 
1.96290165370248e-02 2.08790004929590e+05 
1.98397351970750e-02 2.04854223059785e+05 
2.00503181252182e-02 2.01030700819136e+05 
2.02611838536938e-02 1.97273241772084e+05 
2.04719309991293e-02 1.93575338737407e+05 
2.06829586778385e-02 1.89914525547171e+05 
2.08938818331653e-02 1.86301053591773e+05 
2.11050799901578e-02 1.82742163860577e+05 
2.13161923066575e-02 1.79256510181165e+05 
2.15275768968085e-02 1.75847731630445e+05 
2.17388918319763e-02 1.72531285552321e+05 
2.19504658745865e-02 1.69308157590700e+05 
2.21619641426699e-02 1.66188119774501e+05 
2.23736819648725e-02 1.63169050655396e+05 
2.25852879223053e-02 1.60256797427757e+05 
2.27970517351640e-02 1.57446923310001e+05 
2.30086546555448e-02 1.54742117456792e+05 
2.32203570928694e-02 1.52136801546054e+05 
2.34318667314943e-02 1.49631490640377e+05 
2.36434489468974e-02 1.47220448766294e+05 
2.38548442278566e-02 1.44902811513566e+05 
2.40663242424795e-02 1.42672942011588e+05 
2.42776493362288e-02 1.40529388675465e+05 
2.44890877372903e-02 1.38466645150805e+05 
2.47004174878551e-02 1.36482830042188e+05 
2.49119013444491e-02 1.34572878462101e+05 
2.51233369887065e-02 1.32734529226497e+05 
2.53349821164922e-02 1.30963198220592e+05 
2.55466515068592e-02 1.29256268668916e+05 
2.57585989276236e-02 1.27609435693371e+05 
2.59706534817130e-02 1.26019943701823e+05 
2.61830650852239e-02 1.24483674422874e+05 
2.63956734057840e-02 1.22997888062805e+05 
2.66087198421358e-02 1.21558843962196e+05 
2.68220512395922e-02 1.20163856128308e+05 
2.70358942361304e-02 1.18809545973653e+05 
2.72501009410936e-02 1.17493928758363e+05 
2.74648796439518e-02 1.16213758265457e+05 
2.76800876281702e-02 1.14966805048854e+05 
2.78959150725710e-02 1.13751308052107e+05 
2.81122242706361e-02 1.12567531887404e+05 
2.83291884935979e-02 1.11412794006484e+05 
2.85466733279544e-02 1.10287336646682e+05 
2.87648351832264e-02 1.09193036257538e+05 
2.89835401028256e-02 1.08131734559339e+05 
2.92029277370018e-02 1.07098250695452e+05 
2.94228655285254e-02 1.06104066061716e+05 
2.96434797674054e-02 1.05155598090766e+05 
2.98646406266975e-02 1.04248706339324e+05 
3.00864581242691e-02 1.03365605882302e+05 
3.03088018051985e-02 1.02558296842407e+05 
3.05317630912488e-02 1.01813862456323e+05 
3.07552136622399e-02 1.01123537593335e+05 
3.09792288224807e-02 1.00523080825489e+05 
3.12036874967230e-02 9.99346748921460e+04 
3.14286517367724e-02 9.93568148629574e+04 
3.16540095134240e-02 9.88307838703820e+04 
3.18798093657392e-02 9.83987653088150e+04 
3.21059491701728e-02 9.80968575578340e+04 
3.23324573750978e-02 9.79485311345126e+04 
3.25592471883119e-02 9.79681415608942e+04 
3.27863207537239e-02 9.81075513031407e+04 
3.30136182064343e-02 9.83514520291161e+04 
3.32411076559677e-02 9.86829722296654e+04 
3.34687634815562e-02 9.90729567966263e+04 
3.36965169585812e-02 9.94876262804231e+04 
3.39243721621978e-02 9.99125577441372e+04 
3.41522358451391e-02 1.00298195743922e+05 
3.43795200143879e-02 1.00617739135940e+05 
3.46048571890774e-02 1.00830730613807e+05 
3.48283801808980e-02 1.01007894580850e+05 
3.50495631665345e-02 1.01002351849943e+05 
3.52684428261100e-02 1.00842604202592e+05 
3.54852589555712e-02 1.00575992709857e+05 
3.57001899414316e-02 1.00222608951228e+05 
3.59139348067100e-02 9.97692024353467e+04 
3.61266000341607e-02 9.93392193839235e+04 
3.63388239225621e-02 9.89502008995335e+04 
3.65506352435995e-02 9.85283508769088e+04 
3.67625731750574e-02 9.82019270824033e+04 
3.69745985366430e-02 9.79481819918127e+04 
3.71871518244888e-02 9.77642007230719e+04 
3.74001604204731e-02 9.77068622203849e+04 
3.76139887073751e-02 9.76385951316431e+04 
3.78285647138336e-02 9.75723708680627e+04 
3.80441965791610e-02 9.76330959170812e+04 
3.82608284467585e-02 9.79373210618084e+04 
3.84787179150701e-02 9.85977157203891e+04 
3.86978112057414e-02 9.96408269818252e+04 
3.89176714214655e-02 1.01131941683391e+05 
3.91375948441203e-02 1.02915466872569e+05 
3.93578433842645e-02 1.04911909134044e+05 
3.95783686033842e-02 1.06955344326636e+05 
3.97994172316740e-02 1.08885239595793e+05 
4.00209372218659e-02 1.10801446108446e+05 
4.02431269019556e-02 1.12350491104143e+05 
4.04659278756760e-02 1.13293796217747e+05 
4.06894996554205e-02 1.13821085447177e+05 
4.09137906194709e-02 1.13958535685641e+05 
4.11389319347592e-02 1.13642533660514e+05 
4.13648788158791e-02 1.13277366968113e+05 
4.15917429344193e-02 1.12834090387475e+05 
4.18194836378052e-02 1.12300707294944e+05 
4.20481990064293e-02 1.11681001895759e+05 
4.22778496908486e-02 1.10931005041346e+05 
4.25085216733461e-02 1.10057165651610e+05 
4.27401739508196e-02 1.09122153984218e+05 
4.29728755244484e-02 1.08148547854882e+05 
4.32065851605166e-02 1.07160909874180e+05 
4.34413559837091e-02 1.06190222868437e+05 
4.36771490031344e-02 1.05245203946340e+05 
4.39140053524798e-02 1.04358672353859e+05 
4.41518852660488e-02 1.03539920675050e+05 
4.43908300341388e-02 1.02749447333683e+05 
4.46308280482082e-02 1.02089187588561e+05 
4.48719180678702e-02 1.01537961972719e+05 
4.51140823486914e-02 1.01087617594301e+05 
4.53573375786625e-02 1.00769242395397e+05 
4.56012706421811e-02 1.00470963986321e+05 
4.58455654818607e-02 1.00177728623625e+05 
4.60903263226814e-02 9.99893250260046e+04 
4.63354819154794e-02 9.99675272577893e+04 
4.65811372883791e-02 1.00190475901410e+05 
4.68272309901158e-02 1.00689968465234e+05 
4.70738805699719e-02 1.01505345840453e+05 
4.73207581996806e-02 1.02585567041720e+05 
4.75677575996745e-02 1.03895849168318e+05 
4.78148799246182e-02 1.05420037089928e+05 
4.80621801574536e-02 1.07104473716414e+05 
4.83096754025054e-02 1.08876149346309e+05 
4.85574118883477e-02 1.10639500479562e+05 
4.88054239004134e-02 1.12283973170504e+05 
4.90537464910312e-02 1.13844755124600e+05 
4.93024156457509e-02 1.15028316909507e+05 
4.95514541309816e-02 1.15735812830995e+05 
4.98008901083883e-02 1.16045187830353e+05 
5.00504414220242e-02 1.15880487722340e+05 
5.03001456490656e-02 1.15658976461520e+05 
5.05499941036725e-02 1.15421485857263e+05 
5.08000360014808e-02 1.15086906690158e+05 
5.10502592816067e-02 1.14648976305123e+05 
5.13007125342301e-02 1.14095004947976e+05 
5.15513761828831e-02 1.13446070757124e+05 
5.18022990174468e-02 1.12730011630854e+05 
5.20534620557586e-02 1.11965257717096e+05 
5.23049549026483e-02 1.11161676898477e+05 
5.25567753266921e-02 1.10332714023201e+05 
5.28090278070954e-02 1.09493845780307e+05 
5.30616924317444e-02 1.08653137574705e+05 
5.33148836798844e-02 1.07817614215276e+05 
5.35685513107216e-02 1.06994429303216e+05 
5.38228063494678e-02 1.06188035877824e+05 
5.40775457103986e-02 1.05401096492470e+05 
5.43328763184985e-02 1.04637317735696e+05 
5.45886570371014e-02 1.03899089994036e+05 
5.48450079538060e-02 1.03187365652201e+05 
5.51017756284515e-02 1.02503591033739e+05 
5.53590925690236e-02 1.01847951657845e+05 
5.56168130176707e-02 1.01221173135967e+05 
5.58750637028359e-02 1.00622411364485e+05 
5.61336163058362e-02 1.00050450937624e+05 
5.63906202814261e-02 9.95063414540770e+04 
5.66458353429030e-02 9.89843846054278e+04 
5.68993638512914e-02 9.84771124475645e+04 
5.71516194724738e-02 9.79728364393955e+04 
5.74027168158744e-02 9.74678431533218e+04 
5.76530470831424e-02 9.69514431399860e+04 
5.79026595521787e-02 9.64385165785715e+04 
5.81518766442205e-02 9.59196438127224e+04 
5.84006896350072e-02 9.54551417539883e+04 
5.86493517781294e-02 9.50776195411762e+04 
5.88978219362399e-02 9.47805797950425e+04 
5.91462947046963e-02 9.46660744830798e+04 
5.93946841745374e-02 9.66899763383149e+04 
5.96431651568394e-02 1.02593973723910e+05 
5.98916380232995e-02 1.12560431591515e+05 
6.01402942805872e-02 1.25544705559549e+05 
6.03890314346635e-02 1.38791529213206e+05 
6.06380509127854e-02 1.50758960286113e+05 
6.08872392149447e-02 1.58232831908309e+05 
6.11367953336023e-02 1.60877216836226e+05 
6.13865928325425e-02 1.60152311949346e+05 
6.16365321103192e-02 1.59458381535778e+05 
6.18863561604270e-02 1.58039175854461e+05 
6.21362520441722e-02 1.56164006920733e+05 
6.23861035101502e-02 1.54189603942305e+05 
6.26361002455309e-02 1.52120510002656e+05 
6.28860990282795e-02 1.50125501762837e+05 
6.31362803186610e-02 1.48293171400142e+05 
6.33864873037920e-02 1.46642611596288e+05 
6.36369133301306e-02 1.45121497225635e+05 
6.38874208740722e-02 1.43703629985170e+05 
6.41382104557604e-02 1.42355912727899e+05 
6.43891510505900e-02 1.41045501650913e+05 
6.46404272179640e-02 1.39744612200186e+05 
6.48919088641412e-02 1.38435736327044e+05 
6.51437792865021e-02 1.37111021374358e+05 
6.53959160596322e-02 1.35767099729291e+05 
6.56485071708358e-02 1.34408603207239e+05 
6.59014301252957e-02 1.33039411560608e+05 
6.61548745953575e-02 1.31666407812770e+05 
6.64087225425555e-02 1.30293207483685e+05 
6.66631677817195e-02 1.28927769259980e+05 
6.69180949189191e-02 1.27571871789347e+05 
6.71736957778977e-02 1.26230553864031e+05 
6.74298471985905e-02 1.24902062986268e+05 
6.76867307515287e-02 1.23590142349854e+05 
6.79442136133507e-02 1.22297998374355e+05 
6.82024672347457e-02 1.21016099477054e+05 
6.84613561269915e-02 1.19763544009372e+05 
6.87210454789402e-02 1.18541024012613e+05 
6.89814032197091e-02 1.17340355270428e+05 
6.92425907158582e-02 1.16166472092503e+05 
6.95044776317980e-02 1.15008129106192e+05 
6.97672205945476e-02 1.13859471885812e+05 
7.00306892560036e-02 1.12736194999794e+05 
7.02950341545198e-02 1.11641094438761e+05 
7.05599559821035e-02 1.10578163937702e+05 
7.08255728631382e-02 1.09551280089341e+05 
7.10918156869819e-02 1.08556326514725e+05 
7.13588042126906e-02 1.07596212683434e+05 
7.16264650239252e-02 1.06670982196056e+05 
7.18949200568371e-02 1.05780616247609e+05 
7.21640785514342e-02 1.04922983821663e+05 
7.24340660785404e-02 1.04096808506851e+05 
7.27047718326797e-02 1.03300680978087e+05 
7.29763272327442e-02 1.02532949359527e+05 
7.32486048555086e-02 1.01792034991114e+05 
7.35217286037795e-02 1.01076018817849e+05 
7.37954787038820e-02 1.00383053042759e+05 
7.40699682909288e-02 9.97111956145983e+04 
7.43450697436759e-02 9.90589745644306e+04 
7.46208938755366e-02 9.84248226075365e+04 
7.48973102526879e-02 9.78074686389928e+04 
7.51740340454855e-02 9.72068389507612e+04 
7.54510200911194e-02 9.66224310597248e+04 
7.57281544172967e-02 9.60533053774557e+04 
7.60055187676983e-02 9.54990465669112e+04 
7.62830086372502e-02 9.49592242752229e+04 
7.65606952217640e-02 9.44335845856527e+04 
7.68384810542355e-02 9.39223270981472e+04 
7.71164290078332e-02 9.34254695757873e+04 
7.73944500859439e-02 9.29431565288830e+04 
7.76726049700429e-02 9.24755237616359e+04 
7.79508111468986e-02 9.20227544718037e+04 
7.82291285278095e-02 9.15849187861755e+04 
7.85074811862383e-02 9.11619549594173e+04 
7.87859293061598e-02 9.07535744478177e+04 
7.90643939852987e-02 9.03591198964950e+04 
7.93429338165510e-02 8.99775999024461e+04 
7.96214695221258e-02 8.96075586407382e+04 
7.99000724706894e-02 8.92470282224403e+04 
8.01786709650562e-02 8.88936332658708e+04 
8.04573134835347e-02 8.85444592752015e+04 
8.07359381435161e-02 8.81965226859724e+04 
8.10145410994186e-02 8.78461642175833e+04 
8.12931003275149e-02 8.74903412324701e+04 
8.15715416037446e-02 8.71256497165972e+04 
8.18498951377760e-02 8.67494194681325e+04 
8.21280303259125e-02 8.63598439364518e+04 
8.24060287611495e-02 8.59553266173692e+04 
8.26838180990386e-02 8.55355014484366e+04 
8.29603971728170e-02 8.51043079537335e+04 
8.32345865429136e-02 8.46643515019663e+04 
8.35066082182839e-02 8.42205291873382e+04 
8.37767445795632e-02 8.37780654134984e+04 
8.40454053880425e-02 8.33370919849498e+04 
8.43130103416749e-02 8.29107067419009e+04 
8.45798752593362e-02 8.25041025054153e+04 
8.48463511763892e-02 8.20988526886055e+04 
8.51126242867516e-02 8.17506741222613e+04 
8.53789580308062e-02 8.14459986850382e+04 
8.56454350415788e-02 8.11759837626769e+04 
8.59122056197828e-02 8.09679529302124e+04 
8.61792800861974e-02 8.07575911788650e+04 
8.64467386628807e-02 8.05523472182096e+04 
8.67145627720275e-02 8.03851518801951e+04 
8.69823169822411e-02 8.02538573121905e+04 
8.72509334357998e-02 8.01734582645782e+04 
8.75199577598487e-02 8.01455239000843e+04 
8.77888011999140e-02 8.01443348240723e+04 
8.80580296110919e-02 8.01664881478726e+04 
8.83272283082365e-02 8.01958802486976e+04 
8.85967713543739e-02 8.02138207983399e+04 
8.88663769186559e-02 8.02400004047611e+04 
8.91363666195485e-02 8.02186161125588e+04 
8.94065662800061e-02 8.01650715570657e+04 
8.96771624059866e-02 8.00896320450962e+04 
8.99480321917425e-02 7.99816680961024e+04 
9.02194143041108e-02 7.98961234939597e+04 
9.04907702040759e-02 7.98077561096057e+04 
9.07626848147278e-02 7.97057130892609e+04 
9.10347264108803e-02 7.95801005611291e+04 
9.13072174123297e-02 7.94111192719654e+04 
9.15798529527365e-02 7.92060693829996e+04 
9.18525132859182e-02 7.89685069645390e+04 
9.21252046632828e-02 7.86925234860921e+04 
9.23979229743939e-02 7.83811402104689e+04 
9.26707640295598e-02 7.80333193460748e+04 
9.29437312942903e-02 7.76500910708856e+04 
9.32169445901999e-02 7.72331415572503e+04 
9.34903882661321e-02 7.67879911712579e+04 
9.37641896075510e-02 7.63251915115988e+04 
9.40383181785912e-02 7.58649100797870e+04 
9.43128731814064e-02 7.54376389797615e+04 
9.45877803314212e-02 7.50861478267845e+04 
9.48629736422032e-02 7.48641026713080e+04 
9.51383608667618e-02 7.48365929235450e+04 
9.54139828021745e-02 7.50730632589241e+04 
9.56898408894966e-02 7.56375973474302e+04 
9.59659691214947e-02 7.65910035878206e+04 
9.62423415664753e-02 7.79405854237289e+04 
9.65189798547881e-02 7.96993192784585e+04 
9.67958261294323e-02 8.17810128168873e+04 
9.70729187189004e-02 8.40391763243899e+04 
9.73501904565886e-02 8.63966579885806e+04 
9.76277032858643e-02 8.85678292803679e+04 
9.79053844225301e-02 9.05685360470002e+04 
9.81833016228899e-02 9.20143668181051e+04 
9.84613711730883e-02 9.28420447095426e+04 
9.87396628454494e-02 9.30614486073601e+04 
9.90181001313179e-02 9.28331079276782e+04 
9.92967388347055e-02 9.26845746160309e+04 
9.95754949428982e-02 9.24977665740355e+04 
9.98544203585032e-02 9.22688572590886e+04 
1.00133422702588e-01 9.19563115677352e+04 
1.00412535764722e-01 9.16345408259203e+04 
1.00691663944855e-01 9.13296131399553e+04 
1.00970849403173e-01 9.10720943450043e+04 
1.01250029529262e-01 9.08459476137158e+04 
1.01529247725654e-01 9.06740654423608e+04 
1.01808464429369e-01 9.05356214978862e+04 
1.02087715684516e-01 9.04239142390844e+04 
1.02366974792552e-01 9.03401621460572e+04 
1.02646276448064e-01 9.02576106770084e+04 
1.02925619069423e-01 9.01746751147604e+04 
1.03205074722839e-01 9.00595065929182e+04 
1.03484659945643e-01 8.98933238858294e+04 
1.03764467408376e-01 8.97028128223931e+04 
1.04044497601121e-01 8.94893878709649e+04 
1.04324808572944e-01 8.92350356761683e+04 
1.04605372410062e-01 8.89164474461526e+04 
1.04886248216508e-01 8.85503895811045e+04 
1.05167405817065e-01 8.81445756171203e+04 
1.05448942287007e-01 8.77092892004153e+04 
1.05730772581814e-01 8.72487754134534e+04 
1.06012850662660e-01 8.67735775707242e+04 
1.06295126285854e-01 8.62838060149278e+04 
1.06577698038767e-01 8.57926680202156e+04 
1.06860491443208e-01 8.53097635715070e+04 
1.07143614103025e-01 8.48327150890299e+04 
1.07426997144865e-01 8.43669688094588e+04 
1.07710750700175e-01 8.39179610534731e+04 
1.07994797082696e-01 8.34909430213233e+04 
1.08279237431800e-01 8.30840234786057e+04 
1.08563992714406e-01 8.26967543600044e+04 
1.08849150883387e-01 8.23277491043587e+04 
1.09134630817611e-01 8.19778036801384e+04 
1.09420509431677e-01 8.16459156100962e+04 
1.09706706505689e-01 8.13322070163771e+04 
1.09993297701029e-01 8.10364901861921e+04 
1.10280210263871e-01 8.07592280836655e+04 
1.10567518091907e-01 8.04999557047217e+04 
1.10855158594042e-01 8.02598151277259e+04 
1.11143205882163e-01 8.00386702308152e+04 
1.11431606069885e-01 7.98364206908738e+04 
1.11720425869118e-01 7.96542548974461e+04 
1.12009615587435e-01 7.94914889955309e+04 
1.12299244237789e-01 7.93482572504611e+04 
1.12589258183863e-01 7.92240295218469e+04 
1.12879735468568e-01 7.91162736240513e+04 
1.13170611813166e-01 7.90275667391295e+04 
1.13461975200772e-01 7.89529360686821e+04 
1.13753739376052e-01 7.88885241121886e+04 
1.14046003962918e-01 7.88328794854474e+04 
1.14338664745328e-01 7.87817051483895e+04 
1.14631844801858e-01 7.87298707327321e+04 
1.14925431869120e-01 7.86739590869835e+04 
1.15219478210209e-01 7.86104814909461e+04 
1.15513511787757e-01 7.85362962151374e+04 
1.15807480526595e-01 7.84472918175072e+04 
1.16101401789468e-01 7.83423196636891e+04 
1.16395375024601e-01 7.82179156918871e+04 
1.16689242707817e-01 7.80734855795053e+04 
1.16983267260295e-01 7.79113498565878e+04 
1.17277204478766e-01 7.77201021834256e+04 
1.17571266462131e-01 7.75066233293345e+04 
1.17865339373335e-01 7.72663174093471e+04 
1.18159545239052e-01 7.70221652509764e+04 
1.18455890457411e-01 7.67745480569708e+04 
1.18752327999096e-01 7.65231835542262e+04 
1.19050334096930e-01 7.62652345272068e+04 
1.19348555444572e-01 7.60050576366833e+04 
1.19646978636500e-01 7.57430146103505e+04 
1.19945615332830e-01 7.54817044119940e+04 
1.20244446465717e-01 7.52233897399017e+04 
1.20543477069681e-01 7.49673582631997e+04 
1.20842684553860e-01 7.47191078243724e+04 
1.21141819970583e-01 7.44783398037506e+04 
1.21441391858464e-01 7.42476974114119e+04 
1.21740629289511e-01 7.40303002054779e+04 
1.22040351430787e-01 7.38203055544028e+04 
1.22339674517242e-01 7.36236754611240e+04 
1.22639480113623e-01 7.34375182663412e+04 
1.22938866386082e-01 7.32657687900102e+04 
1.23238686594686e-01 7.31251899457340e+04 
1.23538090828180e-01 7.30178385576101e+04 
1.23837813215835e-01 7.29299547179612e+04 
1.24137202019727e-01 7.28644623484745e+04 
1.24436824374834e-01 7.28224899385323e+04 
1.24736184970882e-01 7.28020941465453e+04 
1.25035719430103e-01 7.28049883231105e+04 
1.25335047581097e-01 7.28277857396210e+04 
1.25634502790933e-01 7.28670709804003e+04 
1.25933804087434e-01 7.29201776019769e+04 
1.26233183806117e-01 7.29840978574299e+04 
1.26532462388313e-01 7.30553712627460e+04 
1.26831759856590e-01 7.31297403183809e+04 
1.27131011010615e-01 7.32044988547727e+04 
1.27430224259861e-01 7.32765179463375e+04 
1.27729403259580e-01 7.33436030643394e+04 
1.28028477622847e-01 7.34036075890690e+04 
1.28327513185843e-01 7.34552647519497e+04 
1.28626439363941e-01 7.34975714223700e+04 
1.28925328730541e-01 7.35299550348419e+04 
1.29224106238378e-01 7.35527771336033e+04 
1.29522853939389e-01 7.35662305804693e+04 
1.29821489489433e-01 7.35708124464616e+04 
1.30120103717257e-01 7.35676755397514e+04 
1.30418607846795e-01 7.35577045564390e+04 
1.30717092969694e-01 7.35411360327948e+04 
1.31015392888452e-01 7.35191555959430e+04 
1.31313729627292e-01 7.34924723266494e+04 
1.31611923166321e-01 7.34625715249974e+04 
1.31910092584419e-01 7.34306513021022e+04 
1.32208117047271e-01 7.33982014975624e+04 
1.32506019905637e-01 7.33664566566959e+04 
1.32803860306186e-01 7.33368172411368e+04 
1.33101416975756e-01 7.33103528749436e+04 
1.33399003065012e-01 7.32884893468643e+04 
1.33696148466914e-01 7.32723773826843e+04 
1.33993419070967e-01 7.32633312988413e+04 
1.34290216140164e-01 7.32623847387289e+04 
1.34587084571658e-01 7.32706773241074e+04 
1.34883511555499e-01 7.32890038472947e+04 
1.35179980866179e-01 7.33180455469079e+04 
1.35476012385093e-01 7.33580910581623e+04 
1.35772103050245e-01 7.34089935400078e+04 
1.36067758828104e-01 7.34703421070103e+04 
1.36363550365097e-01 7.35413481243599e+04 
1.36658871905527e-01 7.36206186939936e+04 
1.36954450620842e-01 7.37069361127130e+04 
1.37249593110340e-01 7.37983755220217e+04 
1.37545044134458e-01 7.38934561898306e+04 
1.37840055204224e-01 7.39902643996371e+04 
1.38135454239271e-01 7.40878736618524e+04 
1.38430432034229e-01 7.41850413027370e+04 
1.38725805400571e-01 7.42818030777372e+04 
1.39020805223326e-01 7.43781893160788e+04 
1.39316191028740e-01 7.44753559554241e+04 
1.39611250013585e-01 7.45742336306844e+04 
1.39906683087649e-01 7.46774432069119e+04 
1.40201828670495e-01 7.47863598056732e+04 
1.40497318686142e-01 7.49033628409339e+04 
1.40792557590763e-01 7.50302567553900e+04 
1.41088099437215e-01 7.51693642753133e+04 
1.41383357429422e-01 7.53214817504748e+04 
1.41678930102768e-01 7.54891247408281e+04 
1.41974151538002e-01 7.56727782221971e+04 
1.42269636024096e-01 7.58720991454531e+04 
1.42564772208771e-01 7.60926469264165e+04 
1.42860118835161e-01 7.63325897677472e+04 
1.43155121428614e-01 7.65962450914886e+04 
1.43450289060153e-01 7.68782468733521e+04 
1.43745119518454e-01 7.71795482345094e+04 
1.44040055455015e-01 7.74987748999534e+04 
1.44334657255570e-01 7.78410621663117e+04 
1.44629264615367e-01 7.82122993112384e+04 
1.44923510070493e-01 7.86117126241627e+04 
1.45217595710875e-01 7.90469780013382e+04 
1.45511292634603e-01 7.95215993318547e+04 
1.45804781492253e-01 8.00371116454529e+04 
1.46097906983606e-01 8.05965615242323e+04 
1.46391196663182e-01 8.12140352281622e+04 
1.46684788372280e-01 8.18901821006416e+04 
1.46979008478674e-01 8.26277214562422e+04 
1.47273409436646e-01 8.34265505939277e+04 
1.47568085958245e-01 8.42832455282055e+04 
1.47862776949048e-01 8.51905620441172e+04 
1.48157596476286e-01 8.61305068907384e+04 
1.48452379088933e-01 8.70858880766269e+04 
1.48747243404362e-01 8.80355782814779e+04 
1.49042059323780e-01 8.89586573652093e+04 
1.49336964968577e-01 8.97939063544447e+04 
1.49631835643604e-01 9.05444302878271e+04 
1.49926822427166e-01 9.12253771749259e+04 
1.50221794835688e-01 9.17231341840981e+04 
1.50516977142085e-01 9.21136448732565e+04 
1.50812139850019e-01 9.23898326852033e+04 
1.51107460253094e-01 9.26157419561566e+04 
1.51402773910985e-01 9.28205995769396e+04 
1.51698261317909e-01 9.29923349106721e+04 
1.51993722568130e-01 9.31136572925234e+04 
1.52289342544162e-01 9.32127331149350e+04 
1.52584922857769e-01 9.32876645192326e+04 
1.52880632314481e-01 9.33479298139815e+04 
1.53176297466990e-01 9.33964479490933e+04 
1.53472514190764e-01 9.34354678999472e+04 
1.53768820221774e-01 9.34721656578698e+04 
1.54065125167551e-01 9.35086587330434e+04 
1.54361562557897e-01 9.35420572088247e+04 
1.54658069379739e-01 9.35738310546760e+04 
1.54954776319498e-01 9.36035809550549e+04 
1.55251559501048e-01 9.36301344504442e+04 
1.55548551531801e-01 9.36520237869814e+04 
1.55845599213422e-01 9.36673344236315e+04 
1.56142811353604e-01 9.36752989252183e+04 
1.56439992848188e-01 9.36752616661498e+04 
1.56737331590133e-01 9.36675166740095e+04 
1.57034733523489e-01 9.36527526952528e+04 
1.57332186050709e-01 9.36329821091778e+04 
1.57629636970942e-01 9.36106627157846e+04 
1.57927152261851e-01 9.35890460429921e+04 
1.58224654459563e-01 9.35709811099589e+04 
1.58522229490420e-01 9.35603583492361e+04 
1.58819801005901e-01 9.35604735686297e+04 
1.59117434867256e-01 9.35750427273875e+04 
1.59415036264595e-01 9.36073738633623e+04 
1.59712664635346e-01 9.36608324873808e+04 
1.60010691539225e-01 9.37383960850555e+04 
1.60308733140882e-01 9.38431741813843e+04 
1.60606889032908e-01 9.39760110870420e+04 
1.60905117586728e-01 9.41462176377648e+04 
1.61203318338962e-01 9.43574586385852e+04 
1.61501595642625e-01 9.46068161697614e+04 
1.61799844325744e-01 9.48883924712374e+04 
1.62098173830846e-01 9.52065007492647e+04 
1.62396472237619e-01 9.55612863952889e+04 
1.62694854644128e-01 9.59495743665678e+04 
1.62993196674069e-01 9.63650282318977e+04 
1.63291621161608e-01 9.68055392409713e+04 
1.63590011095907e-01 9.72669130206987e+04 
1.63888483590412e-01 9.77413527179325e+04 
1.64186917532026e-01 9.82219450646247e+04 
1.64485396114100e-01 9.87007365182676e+04 
1.64783867504129e-01 9.91743735205278e+04 
1.65082287335471e-01 9.96374917539045e+04 
1.65380724955411e-01 1.00087047664260e+05 
1.65679083549659e-01 1.00520966150599e+05 
1.65977446725062e-01 1.00938023607020e+05 
1.66275748675712e-01 1.01339384520287e+05 
1.66574037246209e-01 1.01725500590689e+05 
1.66872267837696e-01 1.02098867857517e+05 
1.67170465763214e-01 1.02461601243986e+05 
1.67468601985603e-01 1.02817381980297e+05 
1.67766683210719e-01 1.03168354837461e+05 
1.68064705774969e-01 1.03517137576154e+05 
1.68362640121800e-01 1.03865035387377e+05 
1.68660520196829e-01 1.04211600911418e+05 
1.68958295164333e-01 1.04555819607736e+05 
1.69256014965261e-01 1.04896230817210e+05 
1.69553621960697e-01 1.05227575230204e+05 
1.69851173785670e-01 1.05543443142618e+05 
1.70148612814345e-01 1.05840730544163e+05 
1.70445999707348e-01 1.06113841936797e+05 
1.70743276820474e-01 1.06358703053750e+05 
1.71040499690407e-01 1.06558100401600e+05 
1.71337612140091e-01 1.06708312337004e+05 
1.71634672230527e-01 1.06823552372942e+05 
1.71931622997112e-01 1.06881420917374e+05 
1.72228541289154e-01 1.06889995058917e+05 
1.72525365793595e-01 1.06846043403848e+05 
1.72822188254012e-01 1.06801618479644e+05 
1.73118919728527e-01 1.06750013619039e+05 
1.73415668373633e-01 1.06683327124695e+05 
1.73712327834683e-01 1.06585539007696e+05 
1.74009021222632e-01 1.06450585292583e+05 
1.74305616473075e-01 1.06287251183895e+05 
1.74602208608509e-01 1.06099225066327e+05 
1.74898630337309e-01 1.05888542258375e+05 
1.75194977769242e-01 1.05657210139096e+05 
1.75491164557465e-01 1.05405056381007e+05 
1.75787267155297e-01 1.05132142927496e+05 
1.76083225131004e-01 1.04838137421873e+05 
1.76379090343240e-01 1.04522673400573e+05 
1.76674829913751e-01 1.04185845657588e+05 
1.76970469420224e-01 1.03827660114712e+05 
1.77266008214063e-01 1.03449241935026e+05 
1.77561443737889e-01 1.03052293615626e+05 
1.77856781892077e-01 1.02639671869673e+05 
1.78151997713507e-01 1.02214610512882e+05 
1.78447121109870e-01 1.01781171523198e+05 
1.78742114993807e-01 1.01343238752866e+05 
1.79037033641143e-01 1.00905397611525e+05 
1.79331812530666e-01 1.00471189208824e+05 
1.79626532250511e-01 1.00045169613820e+05 
1.79921093029205e-01 9.96297292024943e+04 
1.80215602413955e-01 9.92313136174861e+04 
1.80509924139734e-01 9.88475893014898e+04 
1.80804194664514e-01 9.84919905944668e+04 
1.81098240967403e-01 9.81633752739914e+04 
1.81392230527324e-01 9.78615068624135e+04 
1.81685966847893e-01 9.75793054783277e+04 
1.81979639288675e-01 9.73149415498929e+04 
1.82273040660005e-01 9.70706363215862e+04 
1.82566372400712e-01 9.68486261755467e+04 
1.82859433124985e-01 9.66513044085835e+04 
1.83152428256478e-01 9.64772515858735e+04 
1.83445173875132e-01 9.63251256382920e+04 
1.83737870473509e-01 9.61946611410550e+04 
1.84030351833100e-01 9.60854483527509e+04 
1.84322812669465e-01 9.59964644378135e+04 
1.84615102164331e-01 9.59271584278923e+04 
1.84907407942819e-01 9.58763440148560e+04 
1.85199588965103e-01 9.58432474404920e+04 
1.85491824366550e-01 9.58266787357720e+04 
1.85783975836240e-01 9.58254022153800e+04 
1.86077322669069e-01 9.58383480066643e+04 
1.86370768750620e-01 9.58641547480579e+04 
1.86664357422249e-01 9.59015856854598e+04 
1.86958046315804e-01 9.59490466629949e+04 
1.87252204066403e-01 9.60048908741566e+04 
1.87546378232331e-01 9.60693910613579e+04 
1.87840610468412e-01 9.61401009846161e+04 
1.88134824992010e-01 9.62131725555672e+04 
1.88429083311806e-01 9.62875269485079e+04 
1.88723286777471e-01 9.63611995722970e+04 
1.89017522001410e-01 9.64325953970164e+04 
1.89311671517278e-01 9.65005948941776e+04 
1.89605849557548e-01 9.65647111310002e+04 
1.89899923590787e-01 9.66231038489056e+04 
1.90194034524758e-01 9.66749071843399e+04 
1.90488037162357e-01 9.67182308058740e+04 
1.90785396647749e-01 9.67534731179310e+04 
1.91082713765304e-01 9.67808094952502e+04 
1.91379970904834e-01 9.68009458558232e+04 
1.91677212209602e-01 9.68145171540440e+04 
1.91974438988277e-01 9.68234162427652e+04 
1.92271671093623e-01 9.68289089867857e+04 
1.92568890827282e-01 9.68342988986059e+04 
1.92866066109068e-01 9.68403051246124e+04 
1.93163251506635e-01 9.68492818879156e+04 
1.93460417925622e-01 9.68656931364905e+04 
1.93757617774449e-01 9.68884820289190e+04 
1.94055124719726e-01 9.69161611635936e+04 
1.94352547690579e-01 9.69578163286853e+04 
1.94650066741649e-01 9.70074481720828e+04 
1.94947531979056e-01 9.70638208825857e+04 
1.95245125910346e-01 9.71220615291958e+04 
1.95542694494378e-01 9.71825741374840e+04 
1.95840417415298e-01 9.72465170777936e+04 
1.96138152900953e-01 9.73153543519239e+04 
1.96436063729412e-01 9.73917496324633e+04 
1.96733990619894e-01 9.74725764918730e+04 
1.97032016448765e-01 9.75542773153158e+04 
1.97330071696851e-01 9.76323640704301e+04 
1.97628238027758e-01 9.77062493585851e+04 
1.97926444883664e-01 9.77742324364266e+04 
1.98224767172466e-01 9.78352882702545e+04 
1.98523144286401e-01 9.78906860173381e+04 
1.98821644536857e-01 9.79392956648663e+04 
1.99120211410652e-01 9.79818100805353e+04 
1.99419559838879e-01 9.80200562194247e+04 
1.99719011842595e-01 9.80554815503457e+04 
2.00018667570648e-01 9.80918479116664e+04 
2.00318445766691e-01 9.81277479820354e+04 
