# Liste des scalaires : TEMPS pmat 
0.00000000000000e+00 1.00000000000000e+05 
7.22956891292051e-05 1.00000000000000e+05 
1.30508755453404e-04 1.00000000000000e+05 
1.88879973092264e-04 1.00000000000000e+05 
2.48742211274467e-04 1.00000000000000e+05 
3.10669052979549e-04 1.00000000000000e+05 
3.75339376455717e-04 1.00000000000000e+05 
4.41380928850098e-04 1.00000000000000e+05 
5.07597684012305e-04 1.00000000000000e+05 
5.76123424355997e-04 1.00000000000000e+05 
6.48728471921279e-04 1.00000000000000e+05 
7.10391515724272e-04 1.00000000000000e+05 
7.71891683358102e-04 1.00000000000000e+05 
8.33223629400096e-04 1.00000000000000e+05 
9.00688770046290e-04 1.00000000000000e+05 
9.64614788002260e-04 1.00000000000000e+05 
1.02880039007271e-03 1.00000000000000e+05 
1.09282427744806e-03 1.00000000000000e+05 
1.15871886619744e-03 1.00000000000000e+05 
1.22609104838946e-03 1.00000000000000e+05 
1.29673196004181e-03 1.00000000000000e+05 
1.36369559227714e-03 1.00000000000000e+05 
1.43212000772837e-03 1.00000000000000e+05 
1.50127762661961e-03 1.00000000000000e+05 
1.57301783271489e-03 1.00000000000000e+05 
1.64305284532500e-03 1.00000000000000e+05 
1.71397839393846e-03 1.00000000000000e+05 
1.78498880854480e-03 1.00000000000000e+05 
1.85776872396721e-03 1.00000000000000e+05 
1.93140704863194e-03 1.00000000000000e+05 
2.00766364383210e-03 1.00000000000000e+05 
2.08609186134570e-03 1.00000000000000e+05 
2.16830318461678e-03 1.00000000000000e+05 
2.24334449681034e-03 1.00000000000000e+05 
2.32013935417037e-03 1.00000000000000e+05 
2.39774883651078e-03 1.00000000000000e+05 
2.47805053823960e-03 1.00000000000000e+05 
2.56037576560434e-03 1.00000000000000e+05 
2.64601263586178e-03 1.00000000000000e+05 
2.72539952968313e-03 1.00000000000000e+05 
2.80659343255412e-03 1.00000000000000e+05 
2.88887945843765e-03 1.00000000000000e+05 
2.97369428657901e-03 1.00000000000000e+05 
3.06042089471240e-03 1.00000000000000e+05 
3.15006076976596e-03 1.00000000000000e+05 
3.24390281601341e-03 1.00000000000000e+05 
3.34200657188159e-03 1.00000000000000e+05 
3.42930551784447e-03 1.00000000000000e+05 
3.51891953903515e-03 1.00000000000000e+05 
3.61028149617999e-03 1.00000000000000e+05 
3.70450419598819e-03 1.00000000000000e+05 
3.80111050901206e-03 1.00000000000000e+05 
3.90067167595485e-03 1.00000000000000e+05 
4.00460851669292e-03 1.00000000000000e+05 
4.11279508595749e-03 1.00000000000000e+05 
4.20859665291525e-03 1.00000000000000e+05 
4.30672265994861e-03 1.00000000000000e+05 
4.40655327116255e-03 1.00000000000000e+05 
4.50843324218536e-03 1.00000000000000e+05 
4.61287765269999e-03 1.00000000000000e+05 
4.72048562252457e-03 1.00000000000000e+05 
4.83179957366827e-03 1.00000000000000e+05 
4.94693204360355e-03 1.00000000000000e+05 
5.05074926313578e-03 1.00000000000000e+05 
5.15663252655204e-03 1.00000000000000e+05 
5.26408056521328e-03 1.00000000000000e+05 
5.37372395978721e-03 1.00000000000000e+05 
5.48503845234334e-03 1.00000000000000e+05 
5.59861237409593e-03 1.00000000000000e+05 
5.71393855646130e-03 1.00000000000000e+05 
5.83061306540297e-03 1.00000000000000e+05 
5.94916006193103e-03 1.00000000000000e+05 
6.07032243823828e-03 1.00000000000000e+05 
6.19425424204313e-03 1.00000000000000e+05 
6.32116266237676e-03 1.00000000000000e+05 
6.45118061345560e-03 1.00000000000000e+05 
6.58411071777763e-03 1.00000000000000e+05 
6.72013659319898e-03 1.00000000000000e+05 
6.85880823599784e-03 1.00000000000000e+05 
6.98253080692098e-03 1.00000000000000e+05 
7.10781534558240e-03 1.00000000000000e+05 
7.23433078024005e-03 1.00000000000000e+05 
7.36228298759732e-03 1.00000000000000e+05 
7.49134005079117e-03 1.00000000000000e+05 
7.62166175877663e-03 1.00000000000000e+05 
7.75300785725940e-03 1.00000000000000e+05 
7.88550839725785e-03 1.00000000000000e+05 
8.01899131419743e-03 1.00000000000000e+05 
8.15198965003749e-03 1.00000000000000e+05 
8.28508154134935e-03 1.00000000000000e+05 
8.41948275195835e-03 1.00000000000000e+05 
8.55488138212906e-03 1.00000000000000e+05 
8.69198821474844e-03 1.00000000000000e+05 
8.83024092826783e-03 1.00000000000000e+05 
8.96978059031129e-03 1.00000000000000e+05 
9.10985052847396e-03 1.00000000000000e+05 
9.25051607284396e-03 1.00000000000000e+05 
9.39089485562182e-03 1.00000000000000e+05 
9.53110193449543e-03 1.00000000000000e+05 
9.67108949857627e-03 1.00000000000000e+05 
9.81145826365521e-03 1.00000000000000e+05 
9.95217612007825e-03 1.00000000000000e+05 
1.00928229292757e-02 1.00000000000000e+05 
1.02334285319605e-02 1.00000000000000e+05 
1.03880946949139e-02 1.00000000000000e+05 
1.05282980082260e-02 1.00000000000000e+05 
1.06825216528694e-02 1.00000000000000e+05 
1.08222470234983e-02 1.00000000000000e+05 
1.09747282411317e-02 1.00000000000000e+05 
1.11140859182783e-02 1.00000000000000e+05 
1.12624044281900e-02 1.00000000000000e+05 
1.14015226559855e-02 1.00000000000000e+05 
1.15409520972218e-02 1.00000000000000e+05 
1.16807743446939e-02 1.00000000000000e+05 
1.18256391449932e-02 1.00000000000000e+05 
1.19654931190524e-02 1.00000000000000e+05 
1.21100291856416e-02 1.00000000000000e+05 
1.22546829198428e-02 1.00000000000000e+05 
1.23991287552508e-02 1.00000000000000e+05 
1.25434901541640e-02 1.00000000000000e+05 
1.26877096986485e-02 1.00000000000000e+05 
1.28309948776449e-02 1.00000000000000e+05 
1.29761703908249e-02 1.00000000000000e+05 
1.31221394236604e-02 1.00000000000000e+05 
1.32681391967292e-02 1.00000000000000e+05 
1.34129670230699e-02 1.00000000000000e+05 
1.35625953365471e-02 1.00000000000000e+05 
1.37079193460375e-02 1.00000000000000e+05 
1.38554135633814e-02 1.00000000000000e+05 
1.40010093317356e-02 1.00000000000000e+05 
1.41469511762148e-02 1.00000000000000e+05 
1.42919774198439e-02 1.00000000000000e+05 
1.44366499501500e-02 1.00000000000000e+05 
1.45806311629811e-02 1.00000000000000e+05 
1.47246625194608e-02 1.00000000000000e+05 
1.48688047648188e-02 1.00000000000000e+05 
1.50128895015053e-02 1.00000000000000e+05 
1.51567816248828e-02 1.00000000000000e+05 
1.53005271318440e-02 1.00000000000000e+05 
1.54440222536514e-02 1.00000000000000e+05 
1.55873950744130e-02 1.00000000000000e+05 
1.57305420941582e-02 1.00000000000000e+05 
1.58736552590936e-02 1.00000000000000e+05 
1.60166628467168e-02 1.00000000000000e+05 
1.61597228833848e-02 1.00000000000000e+05 
1.63027978227949e-02 1.00000000000000e+05 
1.64459903089835e-02 1.00000000000000e+05 
1.65847967994253e-02 1.00000000000000e+05 
1.67222351473162e-02 1.00000000000000e+05 
1.68672608578635e-02 1.00000000000000e+05 
1.70123557675260e-02 1.00000000000000e+05 
1.71573535107058e-02 1.00000000000000e+05 
1.73025544272635e-02 1.00000000000000e+05 
1.74472979349125e-02 1.00000000000000e+05 
1.75871357226939e-02 1.00000000000000e+05 
1.77200186215454e-02 1.00000000000000e+05 
1.78492793216088e-02 1.00000000000000e+05 
1.79739990326223e-02 1.00000000000000e+05 
1.81111907147373e-02 1.00000000000000e+05 
1.82550939070388e-02 1.00000000000000e+05 
1.83989205216307e-02 1.00000000000000e+05 
1.85424660531646e-02 1.00000000000000e+05 
1.86828951834314e-02 1.00000000000000e+05 
1.88155200744225e-02 1.00000000000000e+05 
1.89448587398802e-02 1.00000000000000e+05 
1.90691464653710e-02 1.00000000000000e+05 
1.91919883788138e-02 1.00000000000000e+05 
1.93117581381218e-02 1.00000000000000e+05 
1.94435048733606e-02 1.00000000000000e+05 
1.95613224692124e-02 1.00000000000000e+05 
1.96909218246494e-02 1.00000000000000e+05 
1.98334811156301e-02 1.00000000000000e+05 
1.99811223533148e-02 1.00000000000000e+05 
2.01143031167493e-02 1.00000000000000e+05 
2.02477516613174e-02 1.00000000000000e+05 
2.03810786631607e-02 1.00000000000000e+05 
2.05150582702830e-02 1.00000000000000e+05 
2.06469620388477e-02 1.00000000000000e+05 
2.07778590496066e-02 1.00000000000000e+05 
2.09059237003207e-02 1.00000000000000e+05 
2.10329355415514e-02 1.00000000000000e+05 
2.11583159175724e-02 1.00000000000000e+05 
2.12826901245867e-02 1.00000000000000e+05 
2.14061629474478e-02 1.00000000000000e+05 
2.15408174938115e-02 1.00000000000000e+05 
2.16761328220864e-02 1.00000000000000e+05 
2.18123105556726e-02 1.00000000000000e+05 
2.19502390595172e-02 1.00000000000000e+05 
2.20913197249750e-02 1.00000000000000e+05 
2.22180862825683e-02 1.00000000000000e+05 
2.23451421342392e-02 1.00000000000000e+05 
2.24720800725207e-02 1.00000000000000e+05 
2.25998982880866e-02 1.00000000000000e+05 
2.27280460607813e-02 1.00000000000000e+05 
2.28570252040254e-02 1.00000000000000e+05 
2.29851521750164e-02 1.00000000000000e+05 
2.31125868361078e-02 1.00000000000000e+05 
2.32394114947275e-02 1.00000000000000e+05 
2.33659547971427e-02 1.00000000000000e+05 
2.34922043822333e-02 1.00000000000000e+05 
2.36170359077678e-02 1.00000000000000e+05 
2.37412366466878e-02 1.00000000000000e+05 
2.38663462232432e-02 1.00000000000000e+05 
2.39921974656841e-02 1.00000000000000e+05 
2.41194477668309e-02 1.00000000000000e+05 
2.42483822721254e-02 1.00000000000000e+05 
2.43791738588104e-02 1.00000000000000e+05 
2.45055198885992e-02 1.00000000000000e+05 
2.46306251157753e-02 1.00000000000000e+05 
2.47550243968331e-02 1.00000000000000e+05 
2.48801732669131e-02 1.00000000000000e+05 
2.50057829698245e-02 1.00000000000000e+05 
2.51327487196449e-02 1.00000000000000e+05 
2.52607472684201e-02 1.00000000000000e+05 
2.53901337416631e-02 1.00000000000000e+05 
2.55214879227743e-02 1.00000000000000e+05 
2.56547460842070e-02 1.00000000000000e+05 
2.57822639776957e-02 1.00000000000000e+05 
2.59087056368310e-02 1.00000000000000e+05 
2.60346730287965e-02 1.00000000000000e+05 
2.61616354311411e-02 1.00000000000000e+05 
2.62893928936252e-02 1.00000000000000e+05 
2.64187284944508e-02 1.00000000000000e+05 
2.65494945085213e-02 1.00000000000000e+05 
2.66818567698728e-02 1.00000000000000e+05 
2.68166182654604e-02 1.00000000000000e+05 
2.69534674469922e-02 1.00000000000000e+05 
2.70829717289739e-02 1.00000000000000e+05 
2.72115063835987e-02 1.00000000000000e+05 
2.73398583951697e-02 1.00000000000000e+05 
2.74693670411741e-02 1.00000000000000e+05 
2.76000147549576e-02 1.00000000000000e+05 
2.77322201136674e-02 1.00000000000000e+05 
2.78663464201310e-02 1.00000000000000e+05 
2.80023868379407e-02 1.00000000000000e+05 
2.81342614847178e-02 1.00000000000000e+05 
2.82652972615328e-02 1.00000000000000e+05 
2.83960224920782e-02 1.00000000000000e+05 
2.85277010337737e-02 1.00000000000000e+05 
2.86601613167689e-02 1.00000000000000e+05 
2.87938135240206e-02 1.00000000000000e+05 
2.89287533290702e-02 1.00000000000000e+05 
2.90653005338274e-02 1.00000000000000e+05 
2.92037029409354e-02 1.00000000000000e+05 
2.93438164788845e-02 1.00000000000000e+05 
2.94793715312786e-02 1.00000000000000e+05 
2.96154996494418e-02 1.00000000000000e+05 
2.97515828554818e-02 1.00000000000000e+05 
2.98867736646580e-02 1.00000000000000e+05 
3.00218652352922e-02 1.00000000000000e+05 
3.01581635183971e-02 1.00000000000000e+05 
3.02956365197440e-02 1.00000000000000e+05 
3.04346026579699e-02 1.00000000000000e+05 
3.05752590692159e-02 1.00000000000000e+05 
3.07176667109412e-02 1.00000000000000e+05 
3.08607507030174e-02 1.00000000000000e+05 
3.10039928499157e-02 1.00000000000000e+05 
3.11438254793956e-02 1.00000000000000e+05 
3.12828512982207e-02 1.00000000000000e+05 
3.14216724519033e-02 1.00000000000000e+05 
3.15616352372267e-02 1.00000000000000e+05 
3.17025691424091e-02 1.00000000000000e+05 
3.18451093939512e-02 1.00000000000000e+05 
3.19889456763187e-02 1.00000000000000e+05 
3.21331496280344e-02 1.00000000000000e+05 
3.22774475701858e-02 1.00000000000000e+05 
3.24252984472452e-02 1.00000000000000e+05 
3.25749576212298e-02 1.00000000000000e+05 
3.27261326112503e-02 1.00000000000000e+05 
3.28712064713312e-02 1.00000000000000e+05 
3.30169281410182e-02 1.00000000000000e+05 
3.31628237951843e-02 1.00000000000000e+05 
3.33076329604542e-02 1.00000000000000e+05 
3.34521972651108e-02 1.00000000000000e+05 
3.35979345233732e-02 1.00000000000000e+05 
3.37447333539713e-02 1.00000000000000e+05 
3.38931923554097e-02 1.00000000000000e+05 
3.40430235294462e-02 1.00000000000000e+05 
3.41940107095915e-02 1.00000000000000e+05 
3.43462664486314e-02 1.00000000000000e+05 
3.44998917238830e-02 1.00000000000000e+05 
3.46550547417597e-02 1.00000000000000e+05 
3.48114960614641e-02 1.00000000000000e+05 
3.49696495020223e-02 1.00000000000000e+05 
3.51290471280490e-02 1.00000000000000e+05 
3.52807593359826e-02 1.00000000000000e+05 
3.54312694038268e-02 1.00000000000000e+05 
3.55812921799726e-02 1.00000000000000e+05 
3.57323243177289e-02 1.00000000000000e+05 
3.58841356436847e-02 1.00000000000000e+05 
3.60374445449940e-02 1.00000000000000e+05 
3.61918441331210e-02 1.00000000000000e+05 
3.63476023888569e-02 1.00000000000000e+05 
3.65043455882507e-02 1.00000000000000e+05 
3.66615183088934e-02 1.00000000000000e+05 
3.68151017842990e-02 1.00000000000000e+05 
3.69739546586842e-02 1.00000000000000e+05 
3.71281871322012e-02 1.00000000000000e+05 
3.72888403509241e-02 1.00000000000000e+05 
3.74435666951921e-02 1.00000000000000e+05 
3.76060375566970e-02 1.00000000000000e+05 
3.77696475675044e-02 1.00000000000000e+05 
3.79249120013442e-02 1.00000000000000e+05 
3.80793412821338e-02 1.00000000000000e+05 
3.82339788833095e-02 1.00000000000000e+05 
3.83886332427010e-02 1.00000000000000e+05 
3.85436923574728e-02 1.00000000000000e+05 
3.86989009991753e-02 1.00000000000000e+05 
3.88543430882412e-02 1.00000000000000e+05 
3.90098625527933e-02 1.00000000000000e+05 
3.91646932312037e-02 1.00000000000000e+05 
3.93191151375206e-02 1.00000000000000e+05 
3.94737886074798e-02 1.00000000000000e+05 
3.96285959909704e-02 1.00000000000000e+05 
3.97837060442544e-02 1.00000000000000e+05 
3.99390074307669e-02 1.00000000000000e+05 
4.00939583211214e-02 1.00000000000000e+05 
4.02488011692957e-02 1.00000000000000e+05 
4.04039316325315e-02 1.00000000000000e+05 
4.05593448036829e-02 1.00000000000000e+05 
4.07147382822684e-02 1.00000000000000e+05 
4.08703269371146e-02 1.00000000000000e+05 
4.10261172921984e-02 1.00000000000000e+05 
4.11822840266534e-02 1.00000000000000e+05 
4.13386544552629e-02 1.00000000000000e+05 
4.14954838425853e-02 1.00000000000000e+05 
4.16525633446966e-02 1.00000000000000e+05 
4.18102269539698e-02 1.00000000000000e+05 
4.19681587995831e-02 1.00000000000000e+05 
4.21268133123835e-02 1.00000000000000e+05 
4.22895236114033e-02 1.00000000000000e+05 
4.24376610993287e-02 1.00000000000000e+05 
4.25863076868527e-02 1.00000000000000e+05 
4.27352257314580e-02 1.00000000000000e+05 
4.28849265624219e-02 1.00000000000000e+05 
4.30351530017876e-02 1.00000000000000e+05 
4.31845777322076e-02 1.00000000000000e+05 
4.33337582085072e-02 1.00000000000000e+05 
4.34837582905103e-02 1.00000000000000e+05 
4.36344461324818e-02 1.00000000000000e+05 
4.37861622745682e-02 1.00000000000000e+05 
4.39387028441627e-02 1.00000000000000e+05 
4.40915754732540e-02 1.00000000000000e+05 
4.42450229139293e-02 1.00000000000000e+05 
4.43990989916122e-02 1.00000000000000e+05 
4.45540713357815e-02 1.00000000000000e+05 
4.47096506517061e-02 1.00000000000000e+05 
4.48663115979142e-02 1.00000000000000e+05 
4.50235959281219e-02 1.00000000000000e+05 
4.51720023378088e-02 1.00000000000000e+05 
4.53206302221300e-02 1.00000000000000e+05 
4.54691557281467e-02 1.00000000000000e+05 
4.56161735725367e-02 1.00000000000000e+05 
4.57625134757506e-02 1.00000000000000e+05 
4.59095967125683e-02 1.00000000000000e+05 
4.60572824968729e-02 1.00000000000000e+05 
4.62061970580817e-02 1.00000000000000e+05 
4.63560584026029e-02 1.00000000000000e+05 
4.65065338101758e-02 1.00000000000000e+05 
4.66577975880796e-02 1.00000000000000e+05 
4.68099780729361e-02 1.00000000000000e+05 
4.69633121428075e-02 1.00000000000000e+05 
4.71175155984599e-02 1.00000000000000e+05 
4.72731359498152e-02 1.00000000000000e+05 
4.74296202602726e-02 1.00000000000000e+05 
4.75767922518392e-02 1.00000000000000e+05 
4.77243181815597e-02 1.00000000000000e+05 
4.78718025745521e-02 1.00000000000000e+05 
4.80179812936156e-02 1.00000000000000e+05 
4.81637057451127e-02 1.00000000000000e+05 
4.83103738469349e-02 1.00000000000000e+05 
4.84579135138250e-02 1.00000000000000e+05 
4.86068596565456e-02 1.00000000000000e+05 
4.87570575046343e-02 1.00000000000000e+05 
4.89080586925982e-02 1.00000000000000e+05 
4.90603159142996e-02 1.00000000000000e+05 
4.92136657621773e-02 1.00000000000000e+05 
4.93594917728074e-02 1.00000000000000e+05 
4.95057519765207e-02 1.00000000000000e+05 
4.96519940423952e-02 1.00000000000000e+05 
4.97987171274727e-02 1.00000000000000e+05 
4.99454772203755e-02 1.00000000000000e+05 
5.00910624521828e-02 1.00000000000000e+05 
5.02364748122013e-02 1.00000000000000e+05 
5.03829902707258e-02 1.00000000000000e+05 
5.05307162839681e-02 1.00000000000000e+05 
5.06797018221189e-02 1.00000000000000e+05 
5.08303450089382e-02 1.00000000000000e+05 
5.09824668373537e-02 1.00000000000000e+05 
5.11271200501479e-02 1.00000000000000e+05 
5.12723443285449e-02 1.00000000000000e+05 
5.14176949085366e-02 1.00000000000000e+05 
5.15637558198110e-02 1.00000000000000e+05 
5.17100924085628e-02 1.00000000000000e+05 
5.18555183997753e-02 1.00000000000000e+05 
5.20010694835158e-02 1.00000000000000e+05 
5.21479779859841e-02 1.00000000000000e+05 
5.22962971492827e-02 1.00000000000000e+05 
5.24459900217950e-02 1.00000000000000e+05 
5.25968733116063e-02 1.00000000000000e+05 
5.27489942629958e-02 1.00000000000000e+05 
5.29018218763451e-02 1.00000000000000e+05 
5.30553558477666e-02 1.00000000000000e+05 
5.32087458804579e-02 1.00000000000000e+05 
5.33600436327088e-02 1.00000000000000e+05 
5.35082371811297e-02 1.00000000000000e+05 
5.36579311040594e-02 1.00000000000000e+05 
5.38077349232896e-02 1.00000000000000e+05 
5.39570443329647e-02 1.00000000000000e+05 
5.41047663738176e-02 1.00000000000000e+05 
5.42514577586839e-02 1.00000000000000e+05 
5.43966764611565e-02 1.00000000000000e+05 
5.45412849707919e-02 1.00000000000000e+05 
5.46849294789452e-02 1.00000000000000e+05 
5.48308064453970e-02 1.00000000000000e+05 
5.49785530686152e-02 1.00000000000000e+05 
5.51278817504460e-02 1.00000000000000e+05 
5.52771934190635e-02 1.00000000000000e+05 
5.54266235551751e-02 1.00000000000000e+05 
5.55753462788023e-02 1.00000000000000e+05 
5.57238936887741e-02 1.00000000000000e+05 
5.58717276346314e-02 1.00000000000000e+05 
5.60232100353744e-02 1.00000000000000e+05 
5.61767928375400e-02 1.00000000000000e+05 
5.63315253518735e-02 1.00000000000000e+05 
5.64861311715845e-02 1.00000000000000e+05 
5.66404803248758e-02 1.00000000000000e+05 
5.67939738763830e-02 1.00000000000000e+05 
5.69505095412271e-02 1.00000000000000e+05 
5.71100921635245e-02 1.00000000000000e+05 
5.72721676302652e-02 1.00000000000000e+05 
5.74348873670967e-02 1.00000000000000e+05 
5.75971470346770e-02 1.00153894441458e+05 
5.77579184663953e-02 1.00731455313075e+05 
5.79227028617273e-02 1.01948559760820e+05 
5.80895058196841e-02 1.04028780070635e+05 
5.82569180565009e-02 1.07240192190157e+05 
5.84237069756156e-02 1.11633649081015e+05 
5.85891194636670e-02 1.17073802403826e+05 
5.87523132087646e-02 1.23553864265613e+05 
5.89200918507339e-02 1.30937887252830e+05 
5.90903303870532e-02 1.38778769228671e+05 
5.92609116484056e-02 1.46539826511285e+05 
5.94308248027910e-02 1.54872114786578e+05 
5.95995129252532e-02 1.62384541146419e+05 
5.97662211687438e-02 1.68150871810335e+05 
5.99361749437798e-02 1.72618744300145e+05 
6.00797154051022e-02 1.75428008594196e+05 
6.02376099125568e-02 1.77476674895752e+05 
6.04106236354470e-02 1.77232258159016e+05 
6.05825396539484e-02 1.77060004037485e+05 
6.07529117693682e-02 1.76857537475610e+05 
6.09213673391994e-02 1.76542591130665e+05 
6.10873445179322e-02 1.76128987324286e+05 
6.12596976932294e-02 1.75525611016970e+05 
6.14038640316842e-02 1.74862517462918e+05 
6.15624470039844e-02 1.73989078118316e+05 
6.17067162901736e-02 1.73111389907031e+05 
6.18654125049818e-02 1.72077445237512e+05 
6.20399783412708e-02 1.70876930945584e+05 
6.22130507534795e-02 1.69648043877959e+05 
6.23838703619626e-02 1.68419267981133e+05 
6.25603637094321e-02 1.67158416565863e+05 
6.27054685270687e-02 1.66145233100481e+05 
6.28650838264689e-02 1.65063488246622e+05 
6.30103285132939e-02 1.64112651411676e+05 
6.31700976688015e-02 1.63106153883803e+05 
6.33153695763462e-02 1.62228008629795e+05 
6.34751686746453e-02 1.61301020951637e+05 
6.36509476827744e-02 1.60323957224209e+05 
6.38283147584375e-02 1.59378112183977e+05 
6.40038375063267e-02 1.58474416853331e+05 
6.41817559695565e-02 1.57585067356357e+05 
6.43282409657801e-02 1.56867792392707e+05 
6.44749651224515e-02 1.56159531886013e+05 
6.46218700843200e-02 1.55456874640519e+05 
6.47686477405444e-02 1.54758626578808e+05 
6.49156380582979e-02 1.54060552239305e+05 
6.50624543734190e-02 1.53362589260405e+05 
6.52094955558641e-02 1.52661273493106e+05 
6.53563999917720e-02 1.51957383367880e+05 
6.55035096130882e-02 1.51248682287596e+05 
6.56505348956523e-02 1.50536432028320e+05 
6.57977862449282e-02 1.49819270720636e+05 
6.59454943894158e-02 1.49096350095416e+05 
6.60931454986481e-02 1.48370844996941e+05 
6.62409870092153e-02 1.47642197758134e+05 
6.63889749555692e-02 1.46911609859516e+05 
6.65372684203771e-02 1.46179163242916e+05 
6.66857310520150e-02 1.45446684628956e+05 
6.68342201521470e-02 1.44715831823407e+05 
6.69829158152473e-02 1.43986884889542e+05 
6.71315032315453e-02 1.43262300282263e+05 
6.72803120788338e-02 1.42541533701922e+05 
6.74290375678031e-02 1.41826853121909e+05 
6.75779710592647e-02 1.41117752991744e+05 
6.77268515205487e-02 1.40416105116792e+05 
6.78759507144980e-02 1.39721331945424e+05 
6.80250223680658e-02 1.39035042547272e+05 
6.81743316215744e-02 1.38356531662699e+05 
6.83236380519711e-02 1.37687195782670e+05 
6.84730307447403e-02 1.37026964632206e+05 
6.86223358798512e-02 1.36376742229740e+05 
6.87715691973747e-02 1.35736618830035e+05 
6.89210786614164e-02 1.35105136228158e+05 
6.90707797738528e-02 1.34482750064212e+05 
6.92207033920612e-02 1.33869282522032e+05 
6.93707829067479e-02 1.33265008274896e+05 
6.95210374275688e-02 1.32669708646879e+05 
6.96714188434335e-02 1.32083517411526e+05 
6.98219362283643e-02 1.31506195137748e+05 
6.99725635960318e-02 1.30937741476204e+05 
7.01233146594737e-02 1.30377862150401e+05 
7.02741656006079e-02 1.29826528277378e+05 
7.04251419852360e-02 1.29283380435616e+05 
7.05761096040976e-02 1.28748769390298e+05 
7.07272347605174e-02 1.28221824376960e+05 
7.08783139727529e-02 1.27703126260536e+05 
7.10295461022991e-02 1.27191708778064e+05 
7.11807454763713e-02 1.26688081847731e+05 
7.13321055293111e-02 1.26191329084650e+05 
7.14834537209248e-02 1.25701914714439e+05 
7.16349764276580e-02 1.25218981294018e+05 
7.17865118461076e-02 1.24742960045631e+05 
7.19382368253277e-02 1.24273060549706e+05 
7.20900006656696e-02 1.23809682266823e+05 
7.22419687787327e-02 1.23352105570804e+05 
7.23940035563023e-02 1.22900692921023e+05 
7.25462568624698e-02 1.22454797377318e+05 
7.26986073618068e-02 1.22014735290991e+05 
7.28511905610843e-02 1.21579935183088e+05 
7.30039057057259e-02 1.21150655491218e+05 
7.31568680322097e-02 1.20726405152309e+05 
7.33099977914109e-02 1.20307384324496e+05 
7.34633910825271e-02 1.19893172845487e+05 
7.36169892645651e-02 1.19483913525811e+05 
7.37708708997707e-02 1.19079247420012e+05 
7.39250275572636e-02 1.18679186681591e+05 
7.40826624183352e-02 1.18275435081919e+05 
7.42434174919301e-02 1.17869205470162e+05 
7.44066756602405e-02 1.17462158725088e+05 
7.45712589815966e-02 1.17057379967442e+05 
7.47366735284854e-02 1.16656000755566e+05 
7.49024376215977e-02 1.16259201463002e+05 
7.50741389775472e-02 1.15853718882347e+05 
7.52223219986236e-02 1.15508270207910e+05 
7.53713433608834e-02 1.15164924094053e+05 
7.55204054623741e-02 1.14825531829882e+05 
7.56704407741988e-02 1.14487886237888e+05 
7.58205398169722e-02 1.14154057559425e+05 
7.59713719227047e-02 1.13822471207877e+05 
7.61221519101899e-02 1.13494868292906e+05 
7.62733675177366e-02 1.13170095809840e+05 
7.64245030518934e-02 1.12849271211971e+05 
7.65749220695674e-02 1.12533618711552e+05 
7.67249696830443e-02 1.12222379754727e+05 
7.68755708901024e-02 1.11913555014123e+05 
7.70263246131088e-02 1.11608006138270e+05 
7.71776436688856e-02 1.11304842028540e+05 
7.73291273933886e-02 1.11004913590707e+05 
7.74809816840260e-02 1.10707757817816e+05 
7.76329717850426e-02 1.10413882048758e+05 
7.77851690124399e-02 1.10123090429272e+05 
7.79375361300636e-02 1.09835504134284e+05 
7.80896749891527e-02 1.09551805532639e+05 
7.82420740324072e-02 1.09271127167649e+05 
7.83947627848349e-02 1.08993367727446e+05 
7.85479668967498e-02 1.08718190676247e+05 
7.87014059829883e-02 1.08446059539463e+05 
7.88554273173783e-02 1.08176435851881e+05 
7.90095148535994e-02 1.07910178976233e+05 
7.91643082634945e-02 1.07646261534708e+05 
7.93192351255307e-02 1.07385621365288e+05 
7.94736031331993e-02 1.07129461315908e+05 
7.96330883687907e-02 1.06868449255718e+05 
7.97973654251352e-02 1.06603521028557e+05 
7.99649497040198e-02 1.06337286641156e+05 
8.01375926475514e-02 1.06067332826128e+05 
8.03116973089661e-02 1.05799446741972e+05 
8.04877915434933e-02 1.05533011745323e+05 
8.06640132931723e-02 1.05270838553644e+05 
8.08163206287263e-02 1.05047893954249e+05 
8.09675531121916e-02 1.04829795470495e+05 
8.11188863559575e-02 1.04614853972145e+05 
8.12680169070223e-02 1.04406201870128e+05 
8.14175113406418e-02 1.04200213569964e+05 
8.15675919740420e-02 1.03996526693496e+05 
8.17179919383015e-02 1.03795539754122e+05 
8.18686568283546e-02 1.03597236918462e+05 
8.20193925552340e-02 1.03401862864681e+05 
8.21703028539475e-02 1.03209147047276e+05 
8.23210609674237e-02 1.03019451414810e+05 
8.24720469359773e-02 1.02832124940707e+05 
8.26229234786793e-02 1.02647488334032e+05 
8.27740958926956e-02 1.02464814359766e+05 
8.29247801285008e-02 1.02284876873990e+05 
8.30757669248319e-02 1.02106425960892e+05 
8.32262335548018e-02 1.01930222290208e+05 
8.33770971282810e-02 1.01754854938250e+05 
8.35273775802981e-02 1.01581162995414e+05 
8.36918125261525e-02 1.01391774329966e+05 
8.38418349782378e-02 1.01219224397382e+05 
8.39926119024367e-02 1.01045754597533e+05 
8.41429079590544e-02 1.00872337793731e+05 
8.42938750096959e-02 1.00697064026228e+05 
8.44445793612094e-02 1.00520554421415e+05 
8.45961822881473e-02 1.00341116299653e+05 
8.47477422088904e-02 1.00159668565837e+05 
8.49005773998183e-02 9.99748018366024e+04 
8.50536509540452e-02 9.97869003681359e+04 
8.52085313530220e-02 9.95937775449709e+04 
8.53640402707538e-02 9.93974273643354e+04 
8.55180144001872e-02 9.92013034059639e+04 
8.56718211995867e-02 9.90039285528646e+04 
8.58249394724270e-02 9.88025534511782e+04 
8.59779225316375e-02 9.86013596284695e+04 
8.61304643166282e-02 9.84045286478259e+04 
8.62832842887717e-02 9.82139656081649e+04 
8.64362473166008e-02 9.80308257775546e+04 
8.65897878961419e-02 9.78560957661615e+04 
8.67440959550000e-02 9.76637616355870e+04 
8.68993102692561e-02 9.74989905435689e+04 
8.70555656346107e-02 9.73574194939457e+04 
8.72128605413814e-02 9.72386035103480e+04 
8.73714465842374e-02 9.71397179603888e+04 
8.75313082822887e-02 9.70661691025557e+04 
8.76851465838305e-02 9.70575156155059e+04 
8.78356311419613e-02 9.70483135292997e+04 
8.79858064105542e-02 9.70375501875405e+04 
8.81358339104944e-02 9.70252092349553e+04 
8.82856377473527e-02 9.70135701961297e+04 
8.84356043316773e-02 9.70768433221672e+04 
8.85856809034737e-02 9.72483619375815e+04 
8.87361027047442e-02 9.75637016176163e+04 
8.88868677795469e-02 9.80625617490651e+04 
8.90382333430291e-02 9.87839086377904e+04 
8.91902945949540e-02 9.97553908281801e+04 
8.93432803429044e-02 1.01011319166280e+05 
8.94973718164135e-02 1.02493236766211e+05 
8.96432514792121e-02 1.04096123362611e+05 
8.97887656763668e-02 1.05866060693708e+05 
8.99340849295067e-02 1.07782579995822e+05 
9.00791684625112e-02 1.09830750647619e+05 
9.02242532862186e-02 1.12016181171041e+05 
9.03694548287566e-02 1.14271637176320e+05 
9.05152035836469e-02 1.16549292152296e+05 
9.06615947906090e-02 1.18784461039383e+05 
9.08088944011974e-02 1.20970762350026e+05 
9.09572914268644e-02 1.23113746205259e+05 
9.11069641003180e-02 1.25316161571382e+05 
9.12581527461087e-02 1.27340808037303e+05 
9.14011674047277e-02 1.28940560392952e+05 
9.15442568226174e-02 1.30291923366985e+05 
9.16875602180496e-02 1.31424399251574e+05 
9.18310661520626e-02 1.32305418453323e+05 
9.19749095491262e-02 1.33036439277106e+05 
9.21191482617178e-02 1.33362410073883e+05 
9.22639722836251e-02 1.33539470854736e+05 
9.24095307661908e-02 1.33726982886478e+05 
9.25559850732647e-02 1.33926765498266e+05 
9.27034037309547e-02 1.34111843534650e+05 
9.28518081003386e-02 1.34278272909665e+05 
9.30013370228859e-02 1.34412659084670e+05 
9.31438904889621e-02 1.34502399055780e+05 
9.32864881184381e-02 1.34534503382061e+05 
9.34292492112644e-02 1.34499405254778e+05 
9.35721239037767e-02 1.34410307976856e+05 
9.37152436455873e-02 1.34265886940958e+05 
9.38586263975673e-02 1.34068599333644e+05 
9.40024194511175e-02 1.33813349073957e+05 
9.41467450628332e-02 1.33533583519839e+05 
9.42918567858889e-02 1.33194878718282e+05 
9.44378574323296e-02 1.32803093487465e+05 
9.45848046985274e-02 1.32371534450904e+05 
9.47313507688593e-02 1.31906458593023e+05 
9.48804765816224e-02 1.31407404071542e+05 
9.50214251285023e-02 1.30905699504852e+05 
9.51627209142471e-02 1.30402201040044e+05 
9.53044286518267e-02 1.29896913777614e+05 
9.54465055144726e-02 1.29390391618806e+05 
9.55890143328775e-02 1.28886479791083e+05 
9.57319656592137e-02 1.28382030252406e+05 
9.58755407197953e-02 1.27874377821838e+05 
9.60198990804919e-02 1.27367720639516e+05 
9.61652310278553e-02 1.26863083690560e+05 
9.63115430124764e-02 1.26361772707183e+05 
9.64590682239117e-02 1.25861894994928e+05 
9.66077213358103e-02 1.25364554593065e+05 
9.67494175069759e-02 1.24896380851613e+05 
9.68913680577597e-02 1.24433798084655e+05 
9.70334664385401e-02 1.23977425048876e+05 
9.71758320747265e-02 1.23526904359473e+05 
9.73184133920282e-02 1.23082629106503e+05 
9.74613412486194e-02 1.22643754979371e+05 
9.76046546017201e-02 1.22210242213688e+05 
9.77484759657301e-02 1.21781249290914e+05 
9.78929719312288e-02 1.21356184216965e+05 
9.80383866415788e-02 1.20933779424888e+05 
9.81848834202083e-02 1.20513060202924e+05 
9.83324927014659e-02 1.20093133162565e+05 
9.84791228985988e-02 1.19679796344604e+05 
9.86207343710075e-02 1.19284175718616e+05 
9.87629273691932e-02 1.18890360533849e+05 
9.89057303773409e-02 1.18498037996715e+05 
9.90488697052416e-02 1.18106651908361e+05 
9.91924391965281e-02 1.17714796673502e+05 
9.93362910100471e-02 1.17322642133773e+05 
9.94805607823700e-02 1.16932817225149e+05 
9.96252315649999e-02 1.16545205222416e+05 
9.97704488233075e-02 1.16159375985251e+05 
9.99163261757778e-02 1.15774797265372e+05 
1.00063100722167e-01 1.15390544118863e+05 
1.00210261182437e-01 1.15008731334027e+05 
1.00359026521561e-01 1.14627104071196e+05 
1.00507390443579e-01 1.14251746341888e+05 
1.00658494871188e-01 1.13871135426693e+05 
1.00808057405409e-01 1.13495236094410e+05 
1.00950848624151e-01 1.13136041156947e+05 
1.01094355907693e-01 1.12773443128488e+05 
1.01238461302523e-01 1.12442922951880e+05 
1.01383093186111e-01 1.12164893653176e+05 
1.01528211154189e-01 1.11952940878707e+05 
1.01673850869084e-01 1.11819987930894e+05 
1.01820077478169e-01 1.11781198130620e+05 
1.01966955206081e-01 1.11851520776627e+05 
1.02114579428608e-01 1.12047769591996e+05 
1.02262515491438e-01 1.12383381319523e+05 
1.02411763102460e-01 1.12853683866966e+05 
1.02561400282606e-01 1.13441379476629e+05 
1.02712303666778e-01 1.14153781119754e+05 
1.02864126056407e-01 1.14989030898237e+05 
1.03016868646410e-01 1.15940415370976e+05 
1.03167646951889e-01 1.16977791864583e+05 
1.03311373558117e-01 1.18042362549983e+05 
1.03455568116110e-01 1.19170769720310e+05 
1.03600142632627e-01 1.20386994834645e+05 
1.03745136228934e-01 1.21653899887975e+05 
1.03890507526914e-01 1.22938552737551e+05 
1.04036347921562e-01 1.24211996377329e+05 
1.04182669597518e-01 1.25446281888683e+05 
1.04329637152893e-01 1.26619293165669e+05 
1.04477296734754e-01 1.27710300989582e+05 
1.04625678265302e-01 1.28976957165852e+05 
1.04774747876512e-01 1.30005291659908e+05 
1.04924543186527e-01 1.30821122307672e+05 
1.05075061686371e-01 1.31435413700628e+05 
1.05226347933404e-01 1.31869531441980e+05 
1.05378437659750e-01 1.32143896170017e+05 
1.05531365001558e-01 1.32263665334056e+05 
1.05685225973689e-01 1.32243677054794e+05 
1.05830203725372e-01 1.31882312303266e+05 
1.05975315333112e-01 1.31521840158661e+05 
1.06120475637611e-01 1.31153794123314e+05 
1.06265796605213e-01 1.30769471780494e+05 
1.06411227464512e-01 1.30353111578773e+05 
1.06556899673652e-01 1.29920334279014e+05 
1.06702768850431e-01 1.29468912356567e+05 
1.06848960734430e-01 1.28998454987358e+05 
1.06995484518816e-01 1.28492397129356e+05 
1.07142631040748e-01 1.27942859090466e+05 
1.07290334129699e-01 1.27350801380197e+05 
1.07438716588295e-01 1.26729247430973e+05 
1.07587662452267e-01 1.26083829707141e+05 
1.07737314413664e-01 1.25414446016913e+05 
1.07887544302404e-01 1.24727182462388e+05 
1.08038537584843e-01 1.24025088344778e+05 
1.08190196456616e-01 1.23312405747633e+05 
1.08342734517789e-01 1.22591830789504e+05 
1.08496210732528e-01 1.21866646316970e+05 
1.08650850989688e-01 1.21139322462613e+05 
1.08800622771856e-01 1.20440329140057e+05 
1.08957198557718e-01 1.19717014511976e+05 
1.09109472864697e-01 1.19022223379907e+05 
1.09268769920442e-01 1.18305958568268e+05 
1.09414683311518e-01 1.17660539187802e+05 
1.09560692502454e-01 1.17025879014394e+05 
1.09706656475080e-01 1.16403285580991e+05 
1.09852854125456e-01 1.15792118336823e+05 
1.09999103848344e-01 1.15193493466884e+05 
1.10145742061060e-01 1.14606297661323e+05 
1.10292564910906e-01 1.14031434024476e+05 
1.10439788412632e-01 1.13467889801686e+05 
1.10587262576977e-01 1.12915996259048e+05 
1.10735203298517e-01 1.12374573086114e+05 
1.10883486328432e-01 1.11843742395885e+05 
1.11032309391157e-01 1.11322343007296e+05 
1.11181549226503e-01 1.10810449412019e+05 
1.11331388214184e-01 1.10306965729142e+05 
1.11481714324463e-01 1.09811938935372e+05 
1.11632153899814e-01 1.09326099704078e+05 
1.11782944314237e-01 1.08848291109169e+05 
1.11934076941310e-01 1.08378040662525e+05 
1.12085982487094e-01 1.07913648790536e+05 
1.12238554505030e-01 1.07455037313080e+05 
1.12392338661206e-01 1.07000278071228e+05 
1.12546974841915e-01 1.06550115420074e+05 
1.12703152343705e-01 1.06102327871810e+05 
1.12860736768355e-01 1.05657087017950e+05 
1.13020288205115e-01 1.05212710454452e+05 
1.13181627576589e-01 1.04769589825006e+05 
1.13345350795743e-01 1.04326132200872e+05 
1.13511183104050e-01 1.03882981435805e+05 
1.13679818243504e-01 1.03438388032804e+05 
1.13850340879455e-01 1.02994729727613e+05 
1.14022829061504e-01 1.02551870366991e+05 
1.14196560677399e-01 1.02111577796260e+05 
1.14372026257848e-01 1.01672653843382e+05 
1.14548663147835e-01 1.01236449135418e+05 
1.14727162277117e-01 1.00801322879275e+05 
1.14907690894392e-01 1.00366904845486e+05 
1.15061809790512e-01 1.00000474955580e+05 
1.15226095068237e-01 9.96142757243685e+04 
1.15385895708895e-01 9.92429475490591e+04 
1.15556866394462e-01 9.88502897669756e+04 
1.15722052107123e-01 9.84754754866951e+04 
1.15894046904058e-01 9.80898329780022e+04 
1.16042500196146e-01 9.77608075257225e+04 
1.16191263531829e-01 9.74343374396212e+04 
1.16340377849576e-01 9.71105335333356e+04 
1.16489875185705e-01 9.67893227428480e+04 
1.16639732120681e-01 9.64707507849620e+04 
1.16789929990843e-01 9.61548681648556e+04 
1.16940418626401e-01 9.58417648188050e+04 
1.17091172622308e-01 9.55315083457632e+04 
1.17242146910397e-01 9.52241762270296e+04 
1.17393335136276e-01 9.49197968223108e+04 
1.17544704994269e-01 9.46184673266812e+04 
1.17696270873319e-01 9.43201933823349e+04 
1.17848010100477e-01 9.40250455457975e+04 
1.17999951147146e-01 9.37330519525408e+04 
1.18152076888191e-01 9.34443605452468e+04 
1.18304423359918e-01 9.31590585497233e+04 
1.18456976712444e-01 9.28772410807602e+04 
1.18609775285582e-01 9.25991085654285e+04 
1.18762807952114e-01 9.23248230590953e+04 
1.18916112463915e-01 9.20546412716586e+04 
1.19069681935399e-01 9.17884302374700e+04 
1.19223554164223e-01 9.15265990595768e+04 
1.19377732032136e-01 9.12702212924832e+04 
1.19532257255358e-01 9.10193952649830e+04 
1.19687351104772e-01 9.07745134248530e+04 
1.19843180345061e-01 9.05313806284334e+04 
1.20000060429003e-01 9.02959723417602e+04 
1.20158000776961e-01 9.00682298451504e+04 
1.20317193883543e-01 8.98465877060210e+04 
1.20477628558591e-01 8.96307577621390e+04 
1.20639529222294e-01 8.94212868939222e+04 
1.20802919150090e-01 8.92201752644343e+04 
1.20959374503621e-01 8.90316963982216e+04 
1.21123631682789e-01 8.88390790308407e+04 
1.21287564226706e-01 8.86534961646762e+04 
1.21456056564433e-01 8.84730715995925e+04 
1.21627509906004e-01 8.82995820741778e+04 
1.21801595166727e-01 8.81371285136530e+04 
1.21978844685487e-01 8.79873698206120e+04 
1.22158271440006e-01 8.78516940938280e+04 
1.22340613188096e-01 8.77293254064370e+04 
1.22524534830271e-01 8.76188041605630e+04 
1.22674854276751e-01 8.75411691944230e+04 
1.22825382475320e-01 8.74725626602468e+04 
1.22976024203739e-01 8.74125990010585e+04 
1.23126787152359e-01 8.73604953714058e+04 
1.23277591470239e-01 8.73156244736174e+04 
1.23428491771679e-01 8.72771533433238e+04 
1.23579411646864e-01 8.72443628746476e+04 
1.23730433276591e-01 8.72163511840326e+04 
1.23881477562875e-01 8.71922516452661e+04 
1.24032643905779e-01 8.71711584807411e+04 
1.24183848334770e-01 8.71522266515298e+04 
1.24335200661195e-01 8.71344859974719e+04 
1.24486611973262e-01 8.71169984488316e+04 
1.24638198518345e-01 8.70988261425167e+04 
1.24789867846577e-01 8.70793272711794e+04 
1.24941740061013e-01 8.70572343514280e+04 
1.25093721638540e-01 8.70320948468692e+04 
1.25245933985655e-01 8.70039320455204e+04 
1.25398285973193e-01 8.69726141232256e+04 
1.25550897662026e-01 8.69367291009786e+04 
1.25703684912029e-01 8.68948487374897e+04 
1.25856764074439e-01 8.68466911163579e+04 
1.26010063954860e-01 8.67930832588164e+04 
1.26163698425499e-01 8.67382196009901e+04 
1.26317619449477e-01 8.66747212451619e+04 
1.26471939105733e-01 8.66040622762081e+04 
1.26626646092835e-01 8.65273586006908e+04 
1.26781850299372e-01 8.64470485752901e+04 
1.26937881622943e-01 8.63619527424355e+04 
1.27094930362844e-01 8.62722967036323e+04 
1.27251377002972e-01 8.61850687070357e+04 
1.27409265808123e-01 8.60978785864565e+04 
1.27570063749376e-01 8.60100734361024e+04 
1.27733929230714e-01 8.59213940119369e+04 
1.27901781091469e-01 8.58318029034233e+04 
1.28072737897242e-01 8.57377823453087e+04 
1.28218185705280e-01 8.56597164354252e+04 
1.28363977920864e-01 8.55835475451554e+04 
1.28509971275683e-01 8.55095059638552e+04 
1.28656202077057e-01 8.54373605181867e+04 
1.28802517702585e-01 8.53672809313301e+04 
1.28949004197496e-01 8.53019838986515e+04 
1.29095516417383e-01 8.52372363476024e+04 
1.29242188033629e-01 8.51735851944551e+04 
1.29388887271321e-01 8.51108302660557e+04 
1.29535756866757e-01 8.50496482381113e+04 
1.29682684153811e-01 8.49899230268665e+04 
1.29829836348468e-01 8.49320868154666e+04 
1.29977121078145e-01 8.48758138329259e+04 
1.30124720645797e-01 8.48216750503228e+04 
1.30272564515054e-01 8.47691558682929e+04 
1.30420831306060e-01 8.47189097366258e+04 
1.30569479879183e-01 8.46702881503295e+04 
1.30718672174336e-01 8.46239431063349e+04 
1.30868409793429e-01 8.45791568960857e+04 
1.31018835663459e-01 8.45362643043393e+04 
1.31170025018926e-01 8.44949066461868e+04 
1.31322126572725e-01 8.44546548559921e+04 
1.31475309820687e-01 8.44157753408973e+04 
1.31629732753712e-01 8.43779797842332e+04 
1.31780134113893e-01 8.43425967117909e+04 
1.31934935652484e-01 8.43074155558467e+04 
1.32092186076007e-01 8.42738417938207e+04 
1.32252255772144e-01 8.42409905906993e+04 
1.32415982217274e-01 8.42080288808975e+04 
1.32582766305005e-01 8.41752524907072e+04 
1.32753118679738e-01 8.41422015406533e+04 
1.32925790714862e-01 8.41091026156051e+04 
1.33068055658640e-01 8.40818995474490e+04 
1.33210681381290e-01 8.40551362313283e+04 
1.33353562479215e-01 8.40394710049756e+04 
1.33496718064093e-01 8.40381575872286e+04 
1.33640055331951e-01 8.40540934825059e+04 
1.33783631371720e-01 8.40911913455558e+04 
1.33927369582914e-01 8.41528315336474e+04 
1.34071327654949e-01 8.42436239428863e+04 
1.34215445482811e-01 8.43675817844787e+04 
1.34359788452022e-01 8.45297599553190e+04 
1.34504308065851e-01 8.47275380121279e+04 
1.34649077038755e-01 8.49585294151168e+04 
1.34794056816306e-01 8.52240218938812e+04 
1.34939321130115e-01 8.55252771916179e+04 
1.35084841776250e-01 8.58629830303168e+04 
1.35230686785261e-01 8.62373787663319e+04 
1.35376839860024e-01 8.66476057709386e+04 
1.35523359905625e-01 8.70923030081615e+04 
1.35670245294483e-01 8.75678511325236e+04 
1.35817546758671e-01 8.80735303617961e+04 
1.35965285818207e-01 8.86065117125238e+04 
1.36113511697788e-01 8.91624780661577e+04 
1.36262272723307e-01 8.97359784515208e+04 
1.36411614873409e-01 9.03211740277739e+04 
1.36561618990402e-01 9.09123944538269e+04 
1.36712327969785e-01 9.15115904335141e+04 
1.36863864246470e-01 9.21046069071349e+04 
1.37016270850456e-01 9.26780393560081e+04 
1.37169724797526e-01 9.32217057482337e+04 
1.37324275489488e-01 9.37249109607925e+04 
1.37480172484778e-01 9.41810551601468e+04 
1.37637482939362e-01 9.46529317096086e+04 
1.37787483870108e-01 9.50263857487418e+04 
1.37945665778121e-01 9.53290421100842e+04 
1.38102480452158e-01 9.55516728663728e+04 
1.38264177299690e-01 9.57109299312687e+04 
1.38427463888067e-01 9.58109305464835e+04 
1.38594161747005e-01 9.58330705444422e+04 
1.38762551230683e-01 9.57307468170768e+04 
1.38933780872203e-01 9.56349559250288e+04 
1.39106357883108e-01 9.55369549666241e+04 
1.39281165845738e-01 9.54361110215089e+04 
1.39457302353472e-01 9.53249346627480e+04 
1.39635094768872e-01 9.52069081247244e+04 
1.39779525542537e-01 9.51129094530702e+04 
1.39924084627284e-01 9.50022750684479e+04 
1.40068752928810e-01 9.48670540183360e+04 
1.40213496973272e-01 9.47054671632612e+04 
1.40358312610683e-01 9.45290077694105e+04 
1.40503198706202e-01 9.43350139931283e+04 
1.40648157805500e-01 9.41370764303790e+04 
1.40793203089778e-01 9.39543550860062e+04 
1.40938337565901e-01 9.37896466309402e+04 
1.41083578398173e-01 9.36535049136189e+04 
1.41228925663494e-01 9.35574578492578e+04 
1.41374398192608e-01 9.35090344865852e+04 
1.41519995199253e-01 9.35151977119854e+04 
1.41665736708092e-01 9.35830030989591e+04 
1.41811622243764e-01 9.37163699140661e+04 
1.41957671391362e-01 9.39028961420922e+04 
1.42103884745922e-01 9.41366363737403e+04 
1.42250280415801e-01 9.44201217013260e+04 
1.42396861225241e-01 9.47536501464313e+04 
1.42543642698959e-01 9.51316672223466e+04 
1.42690630962972e-01 9.55508153743409e+04 
1.42837838548839e-01 9.60064108027787e+04 
1.42985276952189e-01 9.64923427451709e+04 
1.43132958505894e-01 9.70041637431945e+04 
1.43280902389712e-01 9.75461053313637e+04 
1.43429120233272e-01 9.80999372501012e+04 
1.43577639892532e-01 9.86510418684346e+04 
1.43726471467723e-01 9.91902642179800e+04 
1.43875653361851e-01 9.97081965022059e+04 
1.44025193399841e-01 1.00194044816122e+05 
1.44175143141220e-01 1.00650698508074e+05 
1.44325507524366e-01 1.01168682616052e+05 
1.44476355022449e-01 1.01588277263724e+05 
1.44627686686373e-01 1.01914388540986e+05 
1.44779592684699e-01 1.02161021100773e+05 
1.44932076291341e-01 1.02326664820272e+05 
1.45085242902595e-01 1.02429395549885e+05 
1.45239095453968e-01 1.02462082934967e+05 
1.45393725288008e-01 1.02416702811214e+05 
1.45549169275298e-01 1.02214722197964e+05 
1.45705510870472e-01 1.02029952296838e+05 
1.45862828590322e-01 1.01849717223544e+05 
1.46021196194470e-01 1.01665465001733e+05 
1.46180744947749e-01 1.01473925190226e+05 
1.46341200695222e-01 1.01267912747873e+05 
1.46502945399104e-01 1.01048764990756e+05 
1.46666316939937e-01 1.00814173666103e+05 
1.46831716956637e-01 1.00550791544838e+05 
1.46983207597553e-01 1.00289470243798e+05 
1.47144286152809e-01 9.99871205227556e+04 
1.47311798996254e-01 9.96584559631355e+04 
1.47473523361398e-01 9.93276146699996e+04 
1.47643845852212e-01 9.89679949012764e+04 
1.47810134467159e-01 9.86077720497615e+04 
1.47974118993319e-01 9.82446519932672e+04 
1.48143448448422e-01 9.78638508825654e+04 
1.48311832410971e-01 9.74813893528451e+04 
1.48484679442208e-01 9.70877063677298e+04 
1.48656173356730e-01 9.66972236844840e+04 
1.48831774349202e-01 9.63000482214322e+04 
1.49005603084057e-01 9.59108422723794e+04 
1.49182930348242e-01 9.55198526315428e+04 
1.49358523889552e-01 9.51401146324836e+04 
1.49536764833514e-01 9.47634760962368e+04 
1.49713524162817e-01 9.43996335203362e+04 
1.49892669767227e-01 9.40416263632181e+04 
1.50070467364320e-01 9.36976413255152e+04 
1.50250587477898e-01 9.33611327386324e+04 
1.50429487948352e-01 9.30390699645666e+04 
1.50610662403219e-01 9.27259768474210e+04 
1.50790730377512e-01 9.24267925947331e+04 
1.50973017915041e-01 9.21377115458675e+04 
1.51121034817183e-01 9.19130138539677e+04 
1.51269030701827e-01 9.16965095633560e+04 
1.51417116621261e-01 9.14897849094082e+04 
1.51565190772030e-01 9.12922239154821e+04 
1.51713371903284e-01 9.11047388160500e+04 
1.51861558189025e-01 9.09258317796932e+04 
1.52009839633007e-01 9.07534402893536e+04 
1.52158112283180e-01 9.05922809605771e+04 
1.52306451077418e-01 9.04413846394946e+04 
1.52454822543990e-01 9.02989831034058e+04 
1.52603205058632e-01 9.01652522825660e+04 
1.52751623372456e-01 9.00379261014829e+04 
1.52900051903446e-01 8.99209597174191e+04 
1.53048515275269e-01 8.98067037580599e+04 
1.53196988590357e-01 8.96964897330869e+04 
1.53345496935396e-01 8.95905126848927e+04 
1.53494016242445e-01 8.94883859185608e+04 
1.53642571396870e-01 8.93919430632571e+04 
1.53791138141439e-01 8.92999170210529e+04 
1.53939741039701e-01 8.92139104060346e+04 
1.54088354894094e-01 8.91342042512222e+04 
1.54237004905113e-01 8.90597718498450e+04 
1.54385666109714e-01 8.89899165459318e+04 
1.54534363748048e-01 8.89243227289003e+04 
1.54683072475248e-01 8.88632856196253e+04 
1.54831817564053e-01 8.88063873090601e+04 
1.54995437161740e-01 8.87484180384174e+04 
1.55175418719195e-01 8.86896503054807e+04 
1.55370930502277e-01 8.86311502856848e+04 
1.55566660239426e-01 8.85775506780031e+04 
1.55763480489606e-01 8.85277238590703e+04 
1.55960422402041e-01 8.84816600514086e+04 
1.56158437825571e-01 8.84384186764772e+04 
1.56356627011498e-01 8.83977637174400e+04 
1.56555864812905e-01 8.83590427243797e+04 
1.56755247622800e-01 8.83220402118619e+04 
1.56955645319310e-01 8.82862518280164e+04 
1.57156146396039e-01 8.82515263100820e+04 
1.57357638000257e-01 8.82174201506328e+04 
1.57559182888121e-01 8.81837271923639e+04 
1.57761694253071e-01 8.81496431207736e+04 
1.57964197200172e-01 8.81153159968354e+04 
1.58167644092398e-01 8.80807996509183e+04 
1.58371010221914e-01 8.80462238859062e+04 
1.58575302673036e-01 8.80112348448431e+04 
1.58779434736614e-01 8.79743157631949e+04 
1.58984479801024e-01 8.79385119394832e+04 
1.59189277860034e-01 8.79040248601365e+04 
1.59394980249618e-01 8.78693738341081e+04 
1.59600345618015e-01 8.78353720246316e+04 
1.59806612877252e-01 8.77991117332170e+04 
1.60012452638369e-01 8.77590014756170e+04 
1.60219197669466e-01 8.77175166528780e+04 
1.60425427968209e-01 8.76762862502323e+04 
1.60632571222776e-01 8.76358123459504e+04 
1.60839117841607e-01 8.75982108536745e+04 
1.61046586021781e-01 8.75635161354613e+04 
1.61253383241671e-01 8.75323111183126e+04 
1.61461109166707e-01 8.75051397411513e+04 
1.61668096997856e-01 8.74831930276276e+04 
1.61876014544626e-01 8.74670653102304e+04 
1.62083137372674e-01 8.74579776746784e+04 
1.62291176348560e-01 8.74567678980030e+04 
1.62498372435728e-01 8.74644816260892e+04 
1.62706450785256e-01 8.74821246632487e+04 
1.62913652319982e-01 8.75106081195205e+04 
1.63121683991122e-01 8.75510629497223e+04 
1.63328822269634e-01 8.76041119537569e+04 
1.63536720620202e-01 8.76710264047206e+04 
1.63743722759172e-01 8.77520628474179e+04 
1.63951402772465e-01 8.78484213921252e+04 
1.64158190688002e-01 8.79597640900032e+04 
1.64365570713011e-01 8.80868309367589e+04 
1.64572062204977e-01 8.82286070870040e+04 
1.64779028638574e-01 8.83854469345128e+04 
1.64985147213083e-01 8.85557229025593e+04 
1.65191348062601e-01 8.87390620831627e+04 
1.65397025294409e-01 8.89336022700239e+04 
1.65602394963118e-01 8.91378031035341e+04 
1.65807354778013e-01 8.93496175861380e+04 
1.66011859971630e-01 8.95667983613905e+04 
1.66215949206841e-01 8.97868880947468e+04 
1.66419591176969e-01 9.00073969701437e+04 
1.66622825814002e-01 9.02256432498013e+04 
1.66825637246623e-01 9.04390555823739e+04 
1.67028062257024e-01 9.06449171160392e+04 
1.67230101103572e-01 9.08406024945412e+04 
1.67431782603714e-01 9.10239529927166e+04 
1.67633090257463e-01 9.11928120637829e+04 
1.67834047017392e-01 9.13457515231041e+04 
1.68034659833812e-01 9.14813140688130e+04 
1.68234955594441e-01 9.15993418547998e+04 
1.68398118574792e-01 9.16819976101427e+04 
1.68571835162047e-01 9.17542731644196e+04 
1.68752004595346e-01 9.18124224783159e+04 
1.68936796472158e-01 9.18632554516630e+04 
1.69102756460797e-01 9.18880050984606e+04 
1.69276662030323e-01 9.18977172401929e+04 
1.69455036768205e-01 9.18926532549988e+04 
1.69633858221613e-01 9.18765275672053e+04 
1.69819474883879e-01 9.18410535948735e+04 
1.70009757072568e-01 9.18034233750668e+04 
1.70203031733853e-01 9.17640732300191e+04 
1.70397600213762e-01 9.17223961533177e+04 
1.70593870909914e-01 9.16785292706958e+04 
1.70791218318713e-01 9.16324310446639e+04 
1.70989882531272e-01 9.15838243049899e+04 
1.71189146856316e-01 9.15346753905181e+04 
1.71389565586749e-01 9.14849074748898e+04 
1.71590313833808e-01 9.14350908809171e+04 
1.71790609694667e-01 9.13853859736426e+04 
1.71990737761255e-01 9.13354324178818e+04 
1.72190693710621e-01 9.12858887749248e+04 
1.72390670225695e-01 9.12371978007121e+04 
1.72590636850986e-01 9.11879746185621e+04 
1.72790532957937e-01 9.11412041212054e+04 
1.72990383307793e-01 9.10979523970106e+04 
1.73190170117495e-01 9.10590004569657e+04 
1.73389949258268e-01 9.10209486674966e+04 
1.73589690358401e-01 9.09825024674085e+04 
1.73789432722968e-01 9.09516099258188e+04 
1.73989145809028e-01 9.09283833634816e+04 
1.74188860274641e-01 9.09114638814331e+04 
1.74388544723570e-01 9.08986775711844e+04 
1.74588228535500e-01 9.08934485066560e+04 
1.74787878657780e-01 9.08878267722744e+04 
1.74987529317406e-01 9.08824614288276e+04 
1.75187146965074e-01 9.08805540397095e+04 
1.75386773128675e-01 9.08845580182368e+04 
1.75586371719579e-01 9.08943729578389e+04 
1.75785990782588e-01 9.09142253553241e+04 
1.75985589320170e-01 9.09437979201553e+04 
1.76185220091642e-01 9.09840636790156e+04 
1.76384835073194e-01 9.10336210561776e+04 
1.76584494806855e-01 9.10887100757326e+04 
1.76783793498621e-01 9.11530156416209e+04 
1.76983189340360e-01 9.12244238944422e+04 
1.77182150786658e-01 9.13044710724745e+04 
1.77381274672461e-01 9.13897722356048e+04 
1.77579865995963e-01 9.14820734571405e+04 
1.77778716460954e-01 9.15804437655786e+04 
1.77976893612309e-01 9.16812513724395e+04 
1.78175456218344e-01 9.17836703010278e+04 
1.78373164390039e-01 9.18859421864774e+04 
1.78571413889347e-01 9.19882974238214e+04 
1.78768589677186e-01 9.20857117048574e+04 
1.78966493782582e-01 9.21811915259060e+04 
1.79163067849973e-01 9.22682606046270e+04 
1.79360591594596e-01 9.23580673998510e+04 
1.79556491170706e-01 9.24342358356809e+04 
1.79753599639831e-01 9.24988114075477e+04 
1.79948749268661e-01 9.25525668523630e+04 
1.80145409804212e-01 9.25948463650911e+04 
1.80339732290057e-01 9.26292077916930e+04 
1.80535771614362e-01 9.26498483528635e+04 
1.80729188865180e-01 9.26714287528900e+04 
1.80924218580352e-01 9.26933983570036e+04 
1.81116651597880e-01 9.27118554145909e+04 
1.81310578858600e-01 9.27236659817210e+04 
1.81501945374935e-01 9.27299976519519e+04 
1.81694675008594e-01 9.27273975373013e+04 
1.81884889018674e-01 9.27161626790763e+04 
1.82076319527969e-01 9.26952513408693e+04 
1.82265289425748e-01 9.26671675690985e+04 
1.82455316561554e-01 9.26337981302510e+04 
1.82642950012443e-01 9.25953034477874e+04 
1.82831471320670e-01 9.25522692232335e+04 
1.83017676370825e-01 9.25051127232687e+04 
1.83204591651782e-01 9.24567198708651e+04 
1.83389276165868e-01 9.24067466418182e+04 
1.83574488622443e-01 9.23556758470772e+04 
1.83757562140836e-01 9.23060961257120e+04 
1.83940981716839e-01 9.22575752179085e+04 
1.84122359516664e-01 9.22140851825424e+04 
1.84303907220729e-01 9.21746171403305e+04 
1.84483514472526e-01 9.21403786833495e+04 
1.84663125660675e-01 9.21129083734484e+04 
1.84840900845643e-01 9.20936934243355e+04 
1.85018528721414e-01 9.20825577987087e+04 
1.85194427188294e-01 9.20718171324677e+04 
1.85370045647040e-01 9.20749632606085e+04 
1.85544043091618e-01 9.20908135521020e+04 
1.85717649282925e-01 9.21175934114472e+04 
1.85889743572686e-01 9.21545601700966e+04 
1.86061358248481e-01 9.21998454676873e+04 
1.86231569812631e-01 9.22619404231671e+04 
1.86401236513699e-01 9.23275102501341e+04 
1.86569607394299e-01 9.23961104155954e+04 
1.86737390106103e-01 9.24696724532845e+04 
1.86903981557398e-01 9.25478306958958e+04 
1.87069961348861e-01 9.26332840841880e+04 
1.87234850551851e-01 9.27202869429507e+04 
1.87399121623083e-01 9.28184878025256e+04 
1.87562397837150e-01 9.29284968612448e+04 
1.87725063120800e-01 9.30493807410937e+04 
1.87887100906617e-01 9.31815899538529e+04 
1.88048858665254e-01 9.33223610486245e+04 
1.88210487951393e-01 9.34708398696058e+04 
1.88372137215986e-01 9.36271769558263e+04 
1.88533714286314e-01 9.37955671956793e+04 
1.88695314683850e-01 9.39666578270556e+04 
1.88856829883939e-01 9.41391414768542e+04 
1.89018352830408e-01 9.43126941099224e+04 
1.89179780600899e-01 9.44875101285617e+04 
1.89341207279334e-01 9.46667960706473e+04 
1.89502531549723e-01 9.48501218682123e+04 
1.89663849230638e-01 9.50389976368387e+04 
1.89825056089788e-01 9.52346072030208e+04 
1.89986250992463e-01 9.54370806539296e+04 
1.90147325851707e-01 9.56456653484957e+04 
1.90308383488141e-01 9.58581148996547e+04 
1.90469310827225e-01 9.60717900737521e+04 
1.90630215318512e-01 9.62864257133996e+04 
1.90790978267226e-01 9.65022457118768e+04 
1.90951712220015e-01 9.67179064659910e+04 
1.91112257586100e-01 9.69315570924660e+04 
1.91273147352045e-01 9.71427718996549e+04 
1.91433993064079e-01 9.73494900821369e+04 
1.91594846366427e-01 9.75518267708059e+04 
1.91755536404749e-01 9.77545215631158e+04 
1.91916185641973e-01 9.79531726202083e+04 
1.92076612316609e-01 9.81370197383217e+04 
1.92237364910122e-01 9.83076938751526e+04 
1.92398039344864e-01 9.84664122205369e+04 
1.92558705617849e-01 9.86127073225430e+04 
1.92719139665322e-01 9.87459129029037e+04 
1.92879894112087e-01 9.88714913242528e+04 
1.93040552406135e-01 9.89816284350473e+04 
1.93201186257599e-01 9.90814413372982e+04 
1.93361570172639e-01 9.91722148890130e+04 
1.93522256725520e-01 9.92543447942259e+04 
1.93682834340743e-01 9.93266452222464e+04 
1.93843369843988e-01 9.94008737998579e+04 
1.94003643506731e-01 9.94567875782360e+04 
1.94164202295940e-01 9.94967061424629e+04 
1.94324644044836e-01 9.95215752631475e+04 
1.94485026252064e-01 9.95327766138315e+04 
1.94645139687502e-01 9.95303065139168e+04 
1.94805519441906e-01 9.95144244231420e+04 
1.94965778698870e-01 9.94746898030342e+04 
1.95125960604222e-01 9.94273153440005e+04 
1.95285872055347e-01 9.93732722051191e+04 
1.95446029726887e-01 9.93138039558935e+04 
1.95606000746982e-01 9.92480444213796e+04 
1.95765923838021e-01 9.91745590615396e+04 
1.95925560611115e-01 9.90936063610881e+04 
1.96085524020020e-01 9.90037556722355e+04 
1.96245367984043e-01 9.89046307412724e+04 
1.96405209963052e-01 9.87959279177419e+04 
1.96564810022641e-01 9.86775145728179e+04 
1.96724363475967e-01 9.85510839505574e+04 
1.96883617651883e-01 9.84176767464147e+04 
1.97043325672700e-01 9.82767790182216e+04 
1.97202703917897e-01 9.81297962688473e+04 
1.97362072575180e-01 9.79767410881406e+04 
1.97521204909508e-01 9.78185511103228e+04 
1.97680846036744e-01 9.76548504859927e+04 
1.97840188214153e-01 9.74870498564179e+04 
1.97999542485665e-01 9.73152628852889e+04 
1.98158704345276e-01 9.71405310674651e+04 
1.98318008801224e-01 9.69627999718103e+04 
1.98476887392116e-01 9.67831752161626e+04 
1.98635737158044e-01 9.66015447137421e+04 
1.98794354848082e-01 9.64185554520343e+04 
1.98953489435308e-01 9.62336416255184e+04 
1.99112344561867e-01 9.60481356177118e+04 
1.99271233681150e-01 9.58619486195013e+04 
1.99429960782274e-01 9.56755148025624e+04 
1.99588861433257e-01 9.54890868281281e+04 
1.99747375001546e-01 9.53035764571896e+04 
1.99905903691310e-01 9.51186999440449e+04 
2.00064285925993e-01 9.49346908149687e+04 
2.00222868739081e-01 9.47515255957432e+04 
