# Liste des scalaires : TEMPS pmat 
0.00000000000000e+00 1.00000000000000e+05 
7.22956891292051e-05 1.00000000000000e+05 
1.30508755453404e-04 1.00000000000000e+05 
1.88879973092264e-04 1.00000000000000e+05 
2.48742211274467e-04 1.00000000000000e+05 
3.10669052979549e-04 1.00000000000000e+05 
3.75339376455717e-04 1.00000000000000e+05 
4.41380928850098e-04 1.00000000000000e+05 
5.07597684012305e-04 1.00000000000000e+05 
5.76123424355997e-04 1.00000000000000e+05 
6.48728471921279e-04 1.00000000000000e+05 
7.10391515724272e-04 1.00000000000000e+05 
7.71891683358102e-04 1.00000000000000e+05 
8.33223629400096e-04 1.00000000000000e+05 
9.00688770046290e-04 1.00000000000000e+05 
9.64614788002260e-04 1.00000000000000e+05 
1.02880039007271e-03 1.00000000000000e+05 
1.09282427744806e-03 1.00000000000000e+05 
1.15871886619744e-03 1.00000000000000e+05 
1.22609104838946e-03 1.00000000000000e+05 
1.29673196004181e-03 1.00000000000000e+05 
1.36369559227714e-03 1.00000000000000e+05 
1.43212000772837e-03 1.00000000000000e+05 
1.50127762661961e-03 1.00000000000000e+05 
1.57301783271489e-03 1.00000000000000e+05 
1.64305284532500e-03 1.00000000000000e+05 
1.71397839393846e-03 1.00000000000000e+05 
1.78498880854480e-03 1.00000000000000e+05 
1.85776872396721e-03 1.00000000000000e+05 
1.93140704863194e-03 1.00000000000000e+05 
2.00766364383210e-03 1.00000000000000e+05 
2.08609186134570e-03 1.00000000000000e+05 
2.16830318461678e-03 1.00000000000000e+05 
2.24334449681034e-03 1.00000000000000e+05 
2.32013935417037e-03 1.00000000000000e+05 
2.39774883651078e-03 1.00000000000000e+05 
2.47805053823960e-03 1.00000000000000e+05 
2.56037576560434e-03 1.00000000000000e+05 
2.64601263586178e-03 1.00000000000000e+05 
2.72539952968313e-03 1.00000000000000e+05 
2.80659343255412e-03 1.00000000000000e+05 
2.88887945843765e-03 1.00000000000000e+05 
2.97369428657901e-03 1.00000000000000e+05 
3.06042089471240e-03 1.00000000000000e+05 
3.15006076976596e-03 1.00000000000000e+05 
3.24390281601341e-03 1.00000000000000e+05 
3.34200657188159e-03 1.00000000000000e+05 
3.42930551784447e-03 1.00000000000000e+05 
3.51891953903515e-03 1.00000000000000e+05 
3.61028149617999e-03 1.00000000000000e+05 
3.70450419598819e-03 1.00000000000000e+05 
3.80111050901206e-03 1.00000000000000e+05 
3.90067167595485e-03 1.00000000000000e+05 
4.00460851669292e-03 1.00000000000000e+05 
4.11279508595749e-03 1.00000000000000e+05 
4.20859665291525e-03 1.00000000000000e+05 
4.30672265994861e-03 1.00000000000000e+05 
4.40655327116255e-03 1.00000000000000e+05 
4.50843324218536e-03 1.00000000000000e+05 
4.61287765269999e-03 1.00000000000000e+05 
4.72048562252457e-03 1.00000000000000e+05 
4.83179957366827e-03 1.00000000000000e+05 
4.94693204360355e-03 1.00000000000000e+05 
5.05074926313578e-03 1.00000000000000e+05 
5.15663252655204e-03 1.00000000000000e+05 
5.26408056521328e-03 1.00000000000000e+05 
5.37372395978721e-03 1.00000000000000e+05 
5.48503845234334e-03 1.00000000000000e+05 
5.59861237409593e-03 1.00000000000000e+05 
5.71393855646130e-03 1.00000000000000e+05 
5.83061306540297e-03 1.00000000000000e+05 
5.94916006193103e-03 1.00000000000000e+05 
6.07032243823828e-03 1.00000000000000e+05 
6.19425424204313e-03 1.00000000000000e+05 
6.32116266237676e-03 1.00000000000000e+05 
6.45118061345560e-03 1.00000000000000e+05 
6.58411071777763e-03 1.00000000000000e+05 
6.72013659319898e-03 1.00000000000000e+05 
6.85880823599784e-03 1.00000000000000e+05 
6.98253080692098e-03 1.00000000000000e+05 
7.10781534558240e-03 1.00000000000000e+05 
7.23433078024005e-03 1.00000000000000e+05 
7.36228298759732e-03 1.00000000000000e+05 
7.49134005079117e-03 1.00000000000000e+05 
7.62166175877663e-03 1.00000000000000e+05 
7.75300785725940e-03 1.00000000000000e+05 
7.88550839725785e-03 1.00000000000000e+05 
8.01899131419743e-03 1.00000000000000e+05 
8.15198965003749e-03 1.00000000000000e+05 
8.28508154134935e-03 1.00000000000000e+05 
8.41948275195835e-03 1.00000000000000e+05 
8.55488138212906e-03 1.00000000000000e+05 
8.69198821474844e-03 1.00000000000000e+05 
8.83024092826783e-03 1.00000000000000e+05 
8.96978059031129e-03 1.00000000000000e+05 
9.10985052847396e-03 1.00000000000000e+05 
9.25051607284396e-03 1.00000000000000e+05 
9.39089485562182e-03 1.00000000000000e+05 
9.53110193449543e-03 1.00000000000000e+05 
9.67108949857627e-03 1.00000000000000e+05 
9.81145826365521e-03 1.00000000000000e+05 
9.95217612007825e-03 1.00000000000000e+05 
1.00928229292757e-02 1.00000000000000e+05 
1.02334285319605e-02 1.00000000000000e+05 
1.03880946949139e-02 1.00000000000000e+05 
1.05282980082260e-02 1.00000000000000e+05 
1.06825216528694e-02 1.00000000000000e+05 
1.08222470234983e-02 1.00000000000000e+05 
1.09747282411317e-02 1.00000000000000e+05 
1.11140859182783e-02 1.00000000000000e+05 
1.12624044281900e-02 1.00000000000000e+05 
1.14015226559855e-02 1.00000000000000e+05 
1.15409520972218e-02 1.00000000000000e+05 
1.16807743446939e-02 1.00000000000000e+05 
1.18256391449932e-02 1.00000000000000e+05 
1.19654931190524e-02 1.00000000000000e+05 
1.21100291856416e-02 1.00000000000000e+05 
1.22546829198428e-02 1.00000000000000e+05 
1.23991287552508e-02 1.00000000000000e+05 
1.25434901541640e-02 1.00000000000000e+05 
1.26877096986485e-02 1.00000000000000e+05 
1.28309948776449e-02 1.00000000000000e+05 
1.29761703908249e-02 1.00000000000000e+05 
1.31221394236604e-02 1.00000000000000e+05 
1.32681391967292e-02 1.00000000000000e+05 
1.34129670230699e-02 1.00000000000000e+05 
1.35625953365471e-02 1.00000000000000e+05 
1.37079193460375e-02 1.00000000000000e+05 
1.38554135633814e-02 1.00000000000000e+05 
1.40010093317356e-02 1.00000000000000e+05 
1.41469511762148e-02 1.00000000000000e+05 
1.42919774198439e-02 1.00000000000000e+05 
1.44366499501500e-02 1.00000000000000e+05 
1.45806311629811e-02 1.00000000000000e+05 
1.47246625194608e-02 1.00000000000000e+05 
1.48688047648188e-02 1.00000000000000e+05 
1.50128895015053e-02 1.00000000000000e+05 
1.51567816248828e-02 1.00000000000000e+05 
1.53005271318440e-02 1.00000000000000e+05 
1.54440222536514e-02 1.00000000000000e+05 
1.55873950744130e-02 1.00000000000000e+05 
1.57305420941582e-02 1.00000000000000e+05 
1.58736552590936e-02 1.00000000000000e+05 
1.60166628467168e-02 1.00000000000000e+05 
1.61597228833848e-02 1.00000000000000e+05 
1.63027978227949e-02 1.00000000000000e+05 
1.64459903089835e-02 1.00000000000000e+05 
1.65847967994253e-02 1.00000000000000e+05 
1.67222351473162e-02 1.00000000000000e+05 
1.68672608578635e-02 1.00000000000000e+05 
1.70123557675260e-02 1.00000000000000e+05 
1.71573535107058e-02 1.00000000000000e+05 
1.73025544272635e-02 1.00000000000000e+05 
1.74472979349125e-02 1.00000000000000e+05 
1.75871357226939e-02 1.00000000000000e+05 
1.77200186215454e-02 1.00000000000000e+05 
1.78492793216088e-02 1.00000000000000e+05 
1.79739990326223e-02 1.00000000000000e+05 
1.81111907147373e-02 1.00000000000000e+05 
1.82550939070388e-02 1.00000000000000e+05 
1.83989205216307e-02 1.00000000000000e+05 
1.85424660531646e-02 1.00000000000000e+05 
1.86828951834314e-02 1.00000000000000e+05 
1.88155200744225e-02 1.00000000000000e+05 
1.89448587398802e-02 1.00000000000000e+05 
1.90691464653710e-02 1.00000000000000e+05 
1.91919883788138e-02 1.00000000000000e+05 
1.93117581381218e-02 1.00000000000000e+05 
1.94435048733606e-02 1.00000000000000e+05 
1.95613224692124e-02 1.00000000000000e+05 
1.96909218246494e-02 1.00000000000000e+05 
1.98334811156301e-02 1.00000000000000e+05 
1.99811223533148e-02 1.00000000000000e+05 
2.01143031167493e-02 1.00000000000000e+05 
2.02477516613174e-02 1.00000000000000e+05 
2.03810786631607e-02 1.00000000000000e+05 
2.05150582702830e-02 1.00000000000000e+05 
2.06469620388477e-02 1.00000000000000e+05 
2.07778590496066e-02 1.00000000000000e+05 
2.09059237003207e-02 1.00000000000000e+05 
2.10329355415514e-02 1.00000000000000e+05 
2.11583159175724e-02 1.00000000000000e+05 
2.12826901245867e-02 1.00000000000000e+05 
2.14061629474478e-02 1.00000000000000e+05 
2.15408174938115e-02 1.00000000000000e+05 
2.16761328220864e-02 1.00000000000000e+05 
2.18123105556726e-02 1.00000000000000e+05 
2.19502390595172e-02 1.00000000000000e+05 
2.20913197249750e-02 1.00000000000000e+05 
2.22180862825683e-02 1.00000000000000e+05 
2.23451421342392e-02 1.00000000000000e+05 
2.24720800725207e-02 1.00000000000000e+05 
2.25998982880866e-02 1.00000000000000e+05 
2.27280460607813e-02 1.00000000000000e+05 
2.28570252040254e-02 1.00000000000000e+05 
2.29851521750164e-02 1.00000000000000e+05 
2.31125868361078e-02 1.00000000000000e+05 
2.32394114947275e-02 1.00000000000000e+05 
2.33659547971427e-02 1.00000000000000e+05 
2.34922043822333e-02 1.00000000000000e+05 
2.36170359077678e-02 1.00000000000000e+05 
2.37412366466878e-02 1.00000000000000e+05 
2.38663462232432e-02 1.00000000000000e+05 
2.39921974656841e-02 1.00000000000000e+05 
2.41194477668309e-02 1.00000000000000e+05 
2.42483822721254e-02 1.00000000000000e+05 
2.43791738588104e-02 1.00000000000000e+05 
2.45055198885992e-02 1.00000000000000e+05 
2.46306251157753e-02 1.00000000000000e+05 
2.47550243968331e-02 1.00000000000000e+05 
2.48801732669131e-02 1.00000000000000e+05 
2.50057829698245e-02 1.00000000000000e+05 
2.51327487196449e-02 1.00000000000000e+05 
2.52607472684201e-02 1.00000000000000e+05 
2.53901337416631e-02 1.00000000000000e+05 
2.55214879227743e-02 1.00000000000000e+05 
2.56547460842070e-02 1.00000000000000e+05 
2.57822639776957e-02 1.00000000000000e+05 
2.59087056368310e-02 1.00000000000000e+05 
2.60346730287965e-02 1.00000000000000e+05 
2.61616354311411e-02 1.00000000000000e+05 
2.62893928936252e-02 1.00000000000000e+05 
2.64187284944508e-02 1.00000000000000e+05 
2.65494945085213e-02 1.00000000000000e+05 
2.66818567698728e-02 1.00000000000000e+05 
2.68166182654604e-02 1.00000000000000e+05 
2.69534674469922e-02 1.00000000000000e+05 
2.70829717289739e-02 1.00000000000000e+05 
2.72115063835987e-02 1.00000000000000e+05 
2.73398583951697e-02 1.00000000000000e+05 
2.74693670411741e-02 1.00000000000000e+05 
2.76000147549576e-02 1.00000000000000e+05 
2.77322201136674e-02 1.00000000000000e+05 
2.78663464201310e-02 1.00000000000000e+05 
2.80023868379407e-02 1.00000000000000e+05 
2.81342614847178e-02 1.00000000000000e+05 
2.82652972615328e-02 1.00000000000000e+05 
2.83960224920782e-02 1.00000000000000e+05 
2.85277010337737e-02 1.00000000000000e+05 
2.86601613167689e-02 1.00000000000000e+05 
2.87938135240206e-02 1.00000000000000e+05 
2.89287533290702e-02 1.00000000000000e+05 
2.90653005338274e-02 1.00000000000000e+05 
2.92037029409354e-02 1.00000000000000e+05 
2.93438164788845e-02 1.00000000000000e+05 
2.94793715312786e-02 1.00000000000000e+05 
2.96154996494418e-02 1.00000000000000e+05 
2.97515828554818e-02 1.00000000000000e+05 
2.98867736646580e-02 1.00000000000000e+05 
3.00218652352922e-02 1.00000000000000e+05 
3.01581635183971e-02 1.00000000000000e+05 
3.02956365197440e-02 1.00000000000000e+05 
3.04346026579699e-02 1.00000000000000e+05 
3.05752590692159e-02 1.00000000000000e+05 
3.07176667109412e-02 1.00000000000000e+05 
3.08607507030174e-02 1.00000000000000e+05 
3.10039928499157e-02 1.00000000000000e+05 
3.11438254793956e-02 1.00000000000000e+05 
3.12828512982207e-02 1.00000000000000e+05 
3.14216724519033e-02 1.00000000000000e+05 
3.15616352372267e-02 1.00000000000000e+05 
3.17025691424091e-02 1.00000000000000e+05 
3.18451093939512e-02 1.00000000000000e+05 
3.19889456763187e-02 1.00000000000000e+05 
3.21331496280344e-02 1.00000000000000e+05 
3.22774475701858e-02 1.00000000000000e+05 
3.24252984472452e-02 1.00000000000000e+05 
3.25749576212298e-02 1.00000000000000e+05 
3.27261326112503e-02 1.00000000000000e+05 
3.28712064713312e-02 1.00000000000000e+05 
3.30169281410182e-02 1.00000000000000e+05 
3.31628237951843e-02 1.00000000000000e+05 
3.33076329604542e-02 1.00000000000000e+05 
3.34521972651108e-02 1.00000000000000e+05 
3.35979345233732e-02 1.00000000000000e+05 
3.37447333539713e-02 1.00000000000000e+05 
3.38931923554097e-02 1.00000000000000e+05 
3.40430235294462e-02 1.00000000000000e+05 
3.41940107095915e-02 1.00000000000000e+05 
3.43462664486314e-02 1.00000000000000e+05 
3.44998917238830e-02 1.00000000000000e+05 
3.46550547417597e-02 1.00000000000000e+05 
3.48114960614641e-02 1.00000000000000e+05 
3.49696495020223e-02 1.00000000000000e+05 
3.51290471280490e-02 1.00000000000000e+05 
3.52807593359826e-02 1.00000000000000e+05 
3.54312694038268e-02 1.00000000000000e+05 
3.55812921799726e-02 1.00000000000000e+05 
3.57323243177289e-02 1.00000000000000e+05 
3.58841356436847e-02 1.00000000000000e+05 
3.60374445449940e-02 1.00000000000000e+05 
3.61918441331210e-02 1.00000000000000e+05 
3.63476023888569e-02 1.00000000000000e+05 
3.65043455882507e-02 1.00000000000000e+05 
3.66615183088934e-02 1.00000000000000e+05 
3.68151017842990e-02 1.00000000000000e+05 
3.69739546586842e-02 1.00000000000000e+05 
3.71281871322012e-02 1.00000000000000e+05 
3.72888403509241e-02 1.00000000000000e+05 
3.74435666951921e-02 1.00000000000000e+05 
3.76060375566970e-02 1.00000000000000e+05 
3.77696475675044e-02 1.00000000000000e+05 
3.79249120013442e-02 1.00000000000000e+05 
3.80793412821338e-02 1.00000000000000e+05 
3.82339788833095e-02 1.00000000000000e+05 
3.83886332427010e-02 1.00000000000000e+05 
3.85436923574728e-02 1.00000000000000e+05 
3.86989009991753e-02 1.00000000000000e+05 
3.88543430882412e-02 1.00000000000000e+05 
3.90098625527933e-02 1.00000000000000e+05 
3.91646932312037e-02 1.00000000000000e+05 
3.93191151375206e-02 1.00000000000000e+05 
3.94737886074798e-02 1.00000000000000e+05 
3.96285959909704e-02 1.00000000000000e+05 
3.97837060442544e-02 1.00000000000000e+05 
3.99390074307669e-02 1.00000000000000e+05 
4.00939583211214e-02 1.00000000000000e+05 
4.02488011692957e-02 1.00000000000000e+05 
4.04039316325315e-02 1.00000000000000e+05 
4.05593448036829e-02 1.00000000000000e+05 
4.07147382822684e-02 1.00000000000000e+05 
4.08703269371146e-02 1.00000000000000e+05 
4.10261172921984e-02 1.00000000000000e+05 
4.11822840266534e-02 1.00000000000000e+05 
4.13386544552629e-02 1.00000000000000e+05 
4.14954838425853e-02 1.00000000000000e+05 
4.16525633446966e-02 1.00000000000000e+05 
4.18102269539698e-02 1.00000000000000e+05 
4.19681587995831e-02 1.00000000000000e+05 
4.21268133123835e-02 1.00000000000000e+05 
4.22895236114033e-02 1.00000000000000e+05 
4.24376610993287e-02 1.00000000000000e+05 
4.25863076868527e-02 1.00000000000000e+05 
4.27352257314580e-02 1.00000000000000e+05 
4.28849265624219e-02 1.00000000000000e+05 
4.30351530017876e-02 1.00000000000000e+05 
4.31845777322076e-02 1.00000000000000e+05 
4.33337582085072e-02 1.00000000000000e+05 
4.34837582905103e-02 1.00000000000000e+05 
4.36344461324818e-02 1.00000000000000e+05 
4.37861622745682e-02 1.00000000000000e+05 
4.39387028441627e-02 1.00000000000000e+05 
4.40915754732540e-02 1.00000000000000e+05 
4.42450229139293e-02 1.00000000000000e+05 
4.43990989916122e-02 1.00000000000000e+05 
4.45540713357815e-02 1.00000000000000e+05 
4.47096506517061e-02 1.00000000000000e+05 
4.48663115979142e-02 1.00000000000000e+05 
4.50235959281219e-02 1.00000000000000e+05 
4.51720023378088e-02 1.00000000000000e+05 
4.53206302221300e-02 1.00000000000000e+05 
4.54691557281467e-02 1.00000000000000e+05 
4.56161735725367e-02 1.00000000000000e+05 
4.57625134757506e-02 1.00000000000000e+05 
4.59095967125683e-02 1.00000000000000e+05 
4.60572824968729e-02 1.00000000000000e+05 
4.62061970580817e-02 1.00000000000000e+05 
4.63560584026029e-02 1.00000000000000e+05 
4.65065338101758e-02 1.00000000000000e+05 
4.66577975880796e-02 1.00000000000000e+05 
4.68099780729361e-02 1.00000000000000e+05 
4.69633121428075e-02 1.00000000000000e+05 
4.71175155984599e-02 1.00000000000000e+05 
4.72731359498152e-02 1.00000000000000e+05 
4.74296202602726e-02 1.00000000000000e+05 
4.75767922518392e-02 1.00000000000000e+05 
4.77243181815597e-02 1.00000000000000e+05 
4.78718025745521e-02 1.00000000000000e+05 
4.80179812936156e-02 1.00000000000000e+05 
4.81637057451127e-02 1.00000000000000e+05 
4.83103738469349e-02 1.00000000000000e+05 
4.84579135138250e-02 1.00000000000000e+05 
4.86068596565456e-02 1.00000000000000e+05 
4.87570575046343e-02 1.00000000000000e+05 
4.89080586925982e-02 1.00000000000000e+05 
4.90603159142996e-02 1.00000000000000e+05 
4.92136657621773e-02 1.00000000000000e+05 
4.93594917728074e-02 1.00000000000000e+05 
4.95057519765207e-02 1.00000000000000e+05 
4.96519940423952e-02 1.00000000000000e+05 
4.97987171274727e-02 1.00000000000000e+05 
4.99454772203755e-02 1.00000000000000e+05 
5.00910624521828e-02 1.00000000000000e+05 
5.02364748122013e-02 1.00000000000000e+05 
5.03829902707258e-02 1.00000000000000e+05 
5.05307162839681e-02 1.00000000000000e+05 
5.06797018221189e-02 1.00000000000000e+05 
5.08303450089382e-02 1.00000000000000e+05 
5.09824668373537e-02 1.00000000000000e+05 
5.11271200501479e-02 1.00000000000000e+05 
5.12723443285449e-02 1.00000000000000e+05 
5.14176949085366e-02 1.00000000000000e+05 
5.15637558198110e-02 1.00000000000000e+05 
5.17100924085628e-02 1.00000000000000e+05 
5.18555183997753e-02 1.00000000000000e+05 
5.20010694835158e-02 1.00000000000000e+05 
5.21479779859841e-02 1.00000000000000e+05 
5.22962971492827e-02 1.00000000000000e+05 
5.24459900217950e-02 1.00000000000000e+05 
5.25968733116063e-02 1.00000000000000e+05 
5.27489942629958e-02 1.00000000000000e+05 
5.29018218763451e-02 1.00000000000000e+05 
5.30553558477666e-02 1.00000000000000e+05 
5.32087458804579e-02 1.00000000000000e+05 
5.33600436327088e-02 1.00000000000000e+05 
5.35082371811297e-02 1.00000000000000e+05 
5.36579311040594e-02 1.00000000000000e+05 
5.38077349232896e-02 1.00000000000000e+05 
5.39570443329647e-02 1.00000000000000e+05 
5.41047663738176e-02 1.00000000000000e+05 
5.42514577586839e-02 1.00000000000000e+05 
5.43966764611565e-02 1.00000000000000e+05 
5.45412849707919e-02 1.00000000000000e+05 
5.46849294789452e-02 1.00000000000000e+05 
5.48308064453970e-02 1.00000000000000e+05 
5.49785530686152e-02 1.00000000000000e+05 
5.51278817504460e-02 1.00000000000000e+05 
5.52771934190635e-02 1.00000000000000e+05 
5.54266235551751e-02 1.00000000000000e+05 
5.55753462788023e-02 1.00000000000000e+05 
5.57238936887741e-02 1.00000000000000e+05 
5.58717276346314e-02 1.00000000000000e+05 
5.60232100353744e-02 1.00000000000000e+05 
5.61767928375400e-02 1.00000000000000e+05 
5.63315253518735e-02 1.00000000000000e+05 
5.64861311715845e-02 1.00000000000000e+05 
5.66404803248758e-02 1.00000000000000e+05 
5.67939738763830e-02 1.00000000000000e+05 
5.69505095412271e-02 1.00000000000000e+05 
5.71100921635245e-02 1.00000000000000e+05 
5.72721676302652e-02 1.00000000000000e+05 
5.74348873670967e-02 1.00000000000000e+05 
5.75971470346770e-02 1.00000000000000e+05 
5.77579184663953e-02 1.00000000000000e+05 
5.79227028617273e-02 1.00000000000000e+05 
5.80895058196841e-02 1.00000000000000e+05 
5.82569180565009e-02 1.00000000000000e+05 
5.84237069756156e-02 1.00000000000000e+05 
5.85891194636670e-02 1.00000000000000e+05 
5.87523132087646e-02 1.00000000000000e+05 
5.89200918507339e-02 1.00000000000000e+05 
5.90903303870532e-02 1.00000000000000e+05 
5.92609116484056e-02 1.00000000000000e+05 
5.94308248027910e-02 1.00000000000000e+05 
5.95995129252532e-02 1.00000000000000e+05 
5.97662211687438e-02 1.00000000000000e+05 
5.99361749437798e-02 1.00000000000000e+05 
6.00797154051022e-02 1.00000000000000e+05 
6.02376099125568e-02 1.00000000000000e+05 
6.04106236354470e-02 1.00000000000000e+05 
6.05825396539484e-02 1.00000000000000e+05 
6.07529117693682e-02 1.00000000000000e+05 
6.09213673391994e-02 1.00000000000000e+05 
6.10873445179322e-02 1.00000000000000e+05 
6.12596976932294e-02 1.00000000000000e+05 
6.14038640316842e-02 1.00000000000000e+05 
6.15624470039844e-02 1.00000000000000e+05 
6.17067162901736e-02 1.00000000000000e+05 
6.18654125049818e-02 1.00000000000000e+05 
6.20399783412708e-02 1.00000000000000e+05 
6.22130507534795e-02 1.00000000000000e+05 
6.23838703619626e-02 1.00000000000000e+05 
6.25603637094321e-02 1.00000000000000e+05 
6.27054685270687e-02 1.00000000000000e+05 
6.28650838264689e-02 1.00000000000000e+05 
6.30103285132939e-02 1.00000000000000e+05 
6.31700976688015e-02 1.00000000000000e+05 
6.33153695763462e-02 1.00000000000000e+05 
6.34751686746453e-02 1.00000000000000e+05 
6.36509476827744e-02 1.00000000000000e+05 
6.38283147584375e-02 1.00000000000000e+05 
6.40038375063267e-02 1.00000000000000e+05 
6.41817559695565e-02 1.00000000000000e+05 
6.43282409657801e-02 1.00000000000000e+05 
6.44749651224515e-02 1.00000000000000e+05 
6.46218700843200e-02 1.00000000000000e+05 
6.47686477405444e-02 1.00000000000000e+05 
6.49156380582979e-02 1.00000000000000e+05 
6.50624543734190e-02 1.00000000000000e+05 
6.52094955558641e-02 1.00000000000000e+05 
6.53563999917720e-02 1.00000000000000e+05 
6.55035096130882e-02 1.00000000000000e+05 
6.56505348956523e-02 1.00000000000000e+05 
6.57977862449282e-02 1.00000000000000e+05 
6.59454943894158e-02 1.00000000000000e+05 
6.60931454986481e-02 1.00000000000000e+05 
6.62409870092153e-02 1.00000000000000e+05 
6.63889749555692e-02 1.00000000000000e+05 
6.65372684203771e-02 1.00000000000000e+05 
6.66857310520150e-02 1.00000000000000e+05 
6.68342201521470e-02 1.00000000000000e+05 
6.69829158152473e-02 1.00000000000000e+05 
6.71315032315453e-02 1.00000000000000e+05 
6.72803120788338e-02 1.00000000000000e+05 
6.74290375678031e-02 1.00000000000000e+05 
6.75779710592647e-02 1.00000000000000e+05 
6.77268515205487e-02 1.00000000000000e+05 
6.78759507144980e-02 1.00000000000000e+05 
6.80250223680658e-02 1.00000000000000e+05 
6.81743316215744e-02 1.00000000000000e+05 
6.83236380519711e-02 1.00000000000000e+05 
6.84730307447403e-02 1.00000000000000e+05 
6.86223358798512e-02 1.00000000000000e+05 
6.87715691973747e-02 1.00000000000000e+05 
6.89210786614164e-02 1.00000000000000e+05 
6.90707797738528e-02 1.00000000000000e+05 
6.92207033920612e-02 1.00000000000000e+05 
6.93707829067479e-02 1.00000000000000e+05 
6.95210374275688e-02 1.00000000000000e+05 
6.96714188434335e-02 1.00000000000000e+05 
6.98219362283643e-02 1.00000000000000e+05 
6.99725635960318e-02 1.00000000000000e+05 
7.01233146594737e-02 1.00000000000000e+05 
7.02741656006079e-02 1.00000000000000e+05 
7.04251419852360e-02 1.00000000000000e+05 
7.05761096040976e-02 1.00000000000000e+05 
7.07272347605174e-02 1.00000000000000e+05 
7.08783139727529e-02 1.00000000000000e+05 
7.10295461022991e-02 1.00000000000000e+05 
7.11807454763713e-02 1.00000000000000e+05 
7.13321055293111e-02 1.00000000000000e+05 
7.14834537209248e-02 1.00000000000000e+05 
7.16349764276580e-02 1.00000000000000e+05 
7.17865118461076e-02 1.00000000000000e+05 
7.19382368253277e-02 1.00000000000000e+05 
7.20900006656696e-02 1.00000000000000e+05 
7.22419687787327e-02 1.00000000000000e+05 
7.23940035563023e-02 1.00000000000000e+05 
7.25462568624698e-02 1.00000000000000e+05 
7.26986073618068e-02 1.00000000000000e+05 
7.28511905610843e-02 1.00000000000000e+05 
7.30039057057259e-02 1.00000000000000e+05 
7.31568680322097e-02 1.00000000000000e+05 
7.33099977914109e-02 1.00000000000000e+05 
7.34633910825271e-02 1.00000000000000e+05 
7.36169892645651e-02 1.00000000000000e+05 
7.37708708997707e-02 1.00000000000000e+05 
7.39250275572636e-02 1.00000000000000e+05 
7.40826624183352e-02 1.00000000000000e+05 
7.42434174919301e-02 1.00000000000000e+05 
7.44066756602405e-02 1.00000000000000e+05 
7.45712589815966e-02 1.00000000000000e+05 
7.47366735284854e-02 1.00000000000000e+05 
7.49024376215977e-02 1.00000000000000e+05 
7.50741389775472e-02 1.00000000000000e+05 
7.52223219986236e-02 1.00000000000000e+05 
7.53713433608834e-02 1.00000000000000e+05 
7.55204054623741e-02 1.00000000000000e+05 
7.56704407741988e-02 1.00000000000000e+05 
7.58205398169722e-02 1.00000000000000e+05 
7.59713719227047e-02 1.00000000000000e+05 
7.61221519101899e-02 1.00000000000000e+05 
7.62733675177366e-02 1.00000000000000e+05 
7.64245030518934e-02 1.00000000000000e+05 
7.65749220695674e-02 1.00000000000000e+05 
7.67249696830443e-02 1.00000000000000e+05 
7.68755708901024e-02 1.00000000000000e+05 
7.70263246131088e-02 1.00000000000000e+05 
7.71776436688856e-02 1.00000000000000e+05 
7.73291273933886e-02 1.00000000000000e+05 
7.74809816840260e-02 1.00000000000000e+05 
7.76329717850426e-02 1.00000000000000e+05 
7.77851690124399e-02 1.00000000000000e+05 
7.79375361300636e-02 1.00000000000000e+05 
7.80896749891527e-02 1.00000000000000e+05 
7.82420740324072e-02 1.00000000000000e+05 
7.83947627848349e-02 1.00000000000000e+05 
7.85479668967498e-02 1.00000000000000e+05 
7.87014059829883e-02 1.00000000000000e+05 
7.88554273173783e-02 1.00000000000000e+05 
7.90095148535994e-02 1.00000000000000e+05 
7.91643082634945e-02 1.00000000000000e+05 
7.93192351255307e-02 1.00000000000000e+05 
7.94736031331993e-02 1.00000000000000e+05 
7.96330883687907e-02 1.00000000000000e+05 
7.97973654251352e-02 1.00000000000000e+05 
7.99649497040198e-02 1.00000000000000e+05 
8.01375926475514e-02 1.00000000000000e+05 
8.03116973089661e-02 1.00000000000000e+05 
8.04877915434933e-02 1.00000000000000e+05 
8.06640132931723e-02 1.00000000000000e+05 
8.08163206287263e-02 1.00000000000000e+05 
8.09675531121916e-02 1.00000000000000e+05 
8.11188863559575e-02 1.00000000000000e+05 
8.12680169070223e-02 1.00000000000000e+05 
8.14175113406418e-02 1.00000000000000e+05 
8.15675919740420e-02 1.00000000000000e+05 
8.17179919383015e-02 1.00000000000000e+05 
8.18686568283546e-02 1.00000000000000e+05 
8.20193925552340e-02 1.00000000000000e+05 
8.21703028539475e-02 1.00000000000000e+05 
8.23210609674237e-02 1.00000000000000e+05 
8.24720469359773e-02 1.00000000000000e+05 
8.26229234786793e-02 1.00000000000000e+05 
8.27740958926956e-02 1.00000000000000e+05 
8.29247801285008e-02 1.00000000000000e+05 
8.30757669248319e-02 1.00000000000000e+05 
8.32262335548018e-02 1.00000000000000e+05 
8.33770971282810e-02 1.00000000000000e+05 
8.35273775802981e-02 1.00000000000000e+05 
8.36918125261525e-02 1.00000000000000e+05 
8.38418349782378e-02 1.00000000000000e+05 
8.39926119024367e-02 1.00000000000000e+05 
8.41429079590544e-02 1.00000000000000e+05 
8.42938750096959e-02 1.00000000000000e+05 
8.44445793612094e-02 1.00000000000000e+05 
8.45961822881473e-02 1.00000000000000e+05 
8.47477422088904e-02 1.00000000000000e+05 
8.49005773998183e-02 1.00000000000000e+05 
8.50536509540452e-02 1.00000000000000e+05 
8.52085313530220e-02 1.00000000000000e+05 
8.53640402707538e-02 1.00000000000000e+05 
8.55180144001872e-02 1.00000000000000e+05 
8.56718211995867e-02 1.00000000000000e+05 
8.58249394724270e-02 1.00000000000000e+05 
8.59779225316375e-02 1.00000000000000e+05 
8.61304643166282e-02 1.00000000000000e+05 
8.62832842887717e-02 1.00000000000000e+05 
8.64362473166008e-02 1.00000000000000e+05 
8.65897878961419e-02 1.00000000000000e+05 
8.67440959550000e-02 1.00000000000000e+05 
8.68993102692561e-02 1.00000000000000e+05 
8.70555656346107e-02 1.00000000000000e+05 
8.72128605413814e-02 1.00000000000000e+05 
8.73714465842374e-02 1.00000000000000e+05 
8.75313082822887e-02 1.00000000000000e+05 
8.76851465838305e-02 1.00000000000000e+05 
8.78356311419613e-02 1.00000000000000e+05 
8.79858064105542e-02 1.00000000000000e+05 
8.81358339104944e-02 1.00000000000000e+05 
8.82856377473527e-02 1.00000000000000e+05 
8.84356043316773e-02 1.00000000000000e+05 
8.85856809034737e-02 1.00000000000000e+05 
8.87361027047442e-02 1.00000000000000e+05 
8.88868677795469e-02 1.00000000000000e+05 
8.90382333430291e-02 1.00000000000000e+05 
8.91902945949540e-02 1.00000000000000e+05 
8.93432803429044e-02 1.00000000000000e+05 
8.94973718164135e-02 1.00000000000000e+05 
8.96432514792121e-02 1.00000000000000e+05 
8.97887656763668e-02 1.00000000000000e+05 
8.99340849295067e-02 1.00000000000000e+05 
9.00791684625112e-02 1.00000000000000e+05 
9.02242532862186e-02 1.00000000000000e+05 
9.03694548287566e-02 1.00000000000000e+05 
9.05152035836469e-02 1.00000000000000e+05 
9.06615947906090e-02 1.00000000000000e+05 
9.08088944011974e-02 1.00000000000000e+05 
9.09572914268644e-02 1.00000000000000e+05 
9.11069641003180e-02 1.00000000000000e+05 
9.12581527461087e-02 1.00000000000000e+05 
9.14011674047277e-02 1.00000000000000e+05 
9.15442568226174e-02 1.00000000000000e+05 
9.16875602180496e-02 1.00000000000000e+05 
9.18310661520626e-02 1.00000000000000e+05 
9.19749095491262e-02 1.00000000000000e+05 
9.21191482617178e-02 1.00000000000000e+05 
9.22639722836251e-02 1.00000000000000e+05 
9.24095307661908e-02 1.00000000000000e+05 
9.25559850732647e-02 1.00000000000000e+05 
9.27034037309547e-02 1.00000000000000e+05 
9.28518081003386e-02 1.00000000000000e+05 
9.30013370228859e-02 1.00000000000000e+05 
9.31438904889621e-02 1.00000000000000e+05 
9.32864881184381e-02 1.00000000000000e+05 
9.34292492112644e-02 1.00000000000000e+05 
9.35721239037767e-02 1.00000000000000e+05 
9.37152436455873e-02 1.00000000000000e+05 
9.38586263975673e-02 1.00000000000000e+05 
9.40024194511175e-02 1.00000000000000e+05 
9.41467450628332e-02 1.00000000000000e+05 
9.42918567858889e-02 1.00000000000000e+05 
9.44378574323296e-02 1.00000000000000e+05 
9.45848046985274e-02 1.00000000000000e+05 
9.47313507688593e-02 1.00000000000000e+05 
9.48804765816224e-02 1.00000000000000e+05 
9.50214251285023e-02 1.00000000000000e+05 
9.51627209142471e-02 1.00000000000000e+05 
9.53044286518267e-02 1.00000000000000e+05 
9.54465055144726e-02 1.00000000000000e+05 
9.55890143328775e-02 1.00000000000000e+05 
9.57319656592137e-02 1.00000000000000e+05 
9.58755407197953e-02 1.00000000000000e+05 
9.60198990804919e-02 1.00000000000000e+05 
9.61652310278553e-02 1.00000000000000e+05 
9.63115430124764e-02 1.00000000000000e+05 
9.64590682239117e-02 1.00000000000000e+05 
9.66077213358103e-02 1.00000000000000e+05 
9.67494175069759e-02 1.00000000000000e+05 
9.68913680577597e-02 1.00000000000000e+05 
9.70334664385401e-02 1.00000000000000e+05 
9.71758320747265e-02 1.00000000000000e+05 
9.73184133920282e-02 1.00000000000000e+05 
9.74613412486194e-02 1.00000000000000e+05 
9.76046546017201e-02 1.00000000000000e+05 
9.77484759657301e-02 1.00000000000000e+05 
9.78929719312288e-02 1.00000000000000e+05 
9.80383866415788e-02 1.00000000000000e+05 
9.81848834202083e-02 1.00000000000000e+05 
9.83324927014659e-02 1.00000000000000e+05 
9.84791228985988e-02 1.00000000000000e+05 
9.86207343710075e-02 1.00000000000000e+05 
9.87629273691932e-02 1.00000000000000e+05 
9.89057303773409e-02 1.00000000000000e+05 
9.90488697052416e-02 1.00000000000000e+05 
9.91924391965281e-02 1.00000000000000e+05 
9.93362910100471e-02 1.00000000000000e+05 
9.94805607823700e-02 1.00000000000000e+05 
9.96252315649999e-02 1.00000000000000e+05 
9.97704488233075e-02 1.00000000000000e+05 
9.99163261757778e-02 1.00000000000000e+05 
1.00063100722167e-01 1.00000000000000e+05 
1.00210261182437e-01 1.00000000000000e+05 
1.00359026521561e-01 1.00000000000000e+05 
1.00507390443579e-01 1.00000000000000e+05 
1.00658494871188e-01 1.00000000000000e+05 
1.00808057405409e-01 1.00000000000000e+05 
1.00950848624151e-01 1.00000000000000e+05 
1.01094355907693e-01 1.00000000000000e+05 
1.01238461302523e-01 1.00000000000000e+05 
1.01383093186111e-01 1.00000000000000e+05 
1.01528211154189e-01 1.00000000000000e+05 
1.01673850869084e-01 1.00000000000000e+05 
1.01820077478169e-01 1.00000000000000e+05 
1.01966955206081e-01 1.00000000000000e+05 
1.02114579428608e-01 1.00000000000000e+05 
1.02262515491438e-01 1.00000000000000e+05 
1.02411763102460e-01 1.00000000000000e+05 
1.02561400282606e-01 1.00000000000000e+05 
1.02712303666778e-01 1.00000000000000e+05 
1.02864126056407e-01 1.00000000000000e+05 
1.03016868646410e-01 1.00000000000000e+05 
1.03167646951889e-01 1.00000000000000e+05 
1.03311373558117e-01 1.00000000000000e+05 
1.03455568116110e-01 1.00000000000000e+05 
1.03600142632627e-01 1.00000000000000e+05 
1.03745136228934e-01 1.00000000000000e+05 
1.03890507526914e-01 1.00000000000000e+05 
1.04036347921562e-01 1.00000000000000e+05 
1.04182669597518e-01 1.00000000000000e+05 
1.04329637152893e-01 1.00000000000000e+05 
1.04477296734754e-01 1.00000000000000e+05 
1.04625678265302e-01 1.00000000000000e+05 
1.04774747876512e-01 1.00000000000000e+05 
1.04924543186527e-01 1.00000000000000e+05 
1.05075061686371e-01 1.00000000000000e+05 
1.05226347933404e-01 1.00000000000000e+05 
1.05378437659750e-01 1.00000000000000e+05 
1.05531365001558e-01 1.00000000000000e+05 
1.05685225973689e-01 1.00000000000000e+05 
1.05830203725372e-01 1.00000000000000e+05 
1.05975315333112e-01 1.00000000000000e+05 
1.06120475637611e-01 1.00000000000000e+05 
1.06265796605213e-01 1.00000000000000e+05 
1.06411227464512e-01 1.00000000000000e+05 
1.06556899673652e-01 1.00000000000000e+05 
1.06702768850431e-01 1.00000000000000e+05 
1.06848960734430e-01 1.00000000000000e+05 
1.06995484518816e-01 1.00000000000000e+05 
1.07142631040748e-01 1.00000000000000e+05 
1.07290334129699e-01 1.00000000000000e+05 
1.07438716588295e-01 1.00000000000000e+05 
1.07587662452267e-01 1.00000000000000e+05 
1.07737314413664e-01 1.00000000000000e+05 
1.07887544302404e-01 1.00000000000000e+05 
1.08038537584843e-01 1.00000000000000e+05 
1.08190196456616e-01 1.00000000000000e+05 
1.08342734517789e-01 1.00000000000000e+05 
1.08496210732528e-01 1.00000000000000e+05 
1.08650850989688e-01 1.00000000000000e+05 
1.08800622771856e-01 1.00000000000000e+05 
1.08957198557718e-01 1.00000000000000e+05 
1.09109472864697e-01 1.00000000000000e+05 
1.09268769920442e-01 1.00000000000000e+05 
1.09414683311518e-01 1.00000000000000e+05 
1.09560692502454e-01 1.00000000000000e+05 
1.09706656475080e-01 1.00000000000000e+05 
1.09852854125456e-01 1.00000000000000e+05 
1.09999103848344e-01 1.00000000000000e+05 
1.10145742061060e-01 1.00000000000000e+05 
1.10292564910906e-01 1.00000000000000e+05 
1.10439788412632e-01 1.00000000000000e+05 
1.10587262576977e-01 1.00000000000000e+05 
1.10735203298517e-01 1.00000000000000e+05 
1.10883486328432e-01 1.00000000000000e+05 
1.11032309391157e-01 1.00000000000000e+05 
1.11181549226503e-01 1.00000000000000e+05 
1.11331388214184e-01 1.00000000000000e+05 
1.11481714324463e-01 1.00000000000000e+05 
1.11632153899814e-01 1.00000000000000e+05 
1.11782944314237e-01 1.00000000000000e+05 
1.11934076941310e-01 1.00000000000000e+05 
1.12085982487094e-01 1.00000000000000e+05 
1.12238554505030e-01 1.00000000000000e+05 
1.12392338661206e-01 1.00000000000000e+05 
1.12546974841915e-01 1.00000000000000e+05 
1.12703152343705e-01 1.00000000000000e+05 
1.12860736768355e-01 1.00000000000000e+05 
1.13020288205115e-01 1.00000000000000e+05 
1.13181627576589e-01 1.00000000000000e+05 
1.13345350795743e-01 1.00000000000000e+05 
1.13511183104050e-01 1.00000000000000e+05 
1.13679818243504e-01 1.00000000000000e+05 
1.13850340879455e-01 1.00000000000000e+05 
1.14022829061504e-01 1.00000000000000e+05 
1.14196560677399e-01 1.00000000000000e+05 
1.14372026257848e-01 1.00000000000000e+05 
1.14548663147835e-01 1.00000000000000e+05 
1.14727162277117e-01 1.00000000000000e+05 
1.14907690894392e-01 1.00000000000000e+05 
1.15061809790512e-01 1.00000000000000e+05 
1.15226095068237e-01 1.00000000000000e+05 
1.15385895708895e-01 1.00000000000000e+05 
1.15556866394462e-01 1.00000000000000e+05 
1.15722052107123e-01 1.00000000000000e+05 
1.15894046904058e-01 1.00000000000000e+05 
1.16042500196146e-01 1.00000000000000e+05 
1.16191263531829e-01 1.00000000000000e+05 
1.16340377849576e-01 1.00000000000000e+05 
1.16489875185705e-01 1.00000000000000e+05 
1.16639732120681e-01 1.00000000000000e+05 
1.16789929990843e-01 1.00000000000000e+05 
1.16940418626401e-01 1.00000000000000e+05 
1.17091172622308e-01 1.00000000000000e+05 
1.17242146910397e-01 1.00000000000000e+05 
1.17393335136276e-01 1.00000000000000e+05 
1.17544704994269e-01 1.00000000000000e+05 
1.17696270873319e-01 1.00000000000000e+05 
1.17848010100477e-01 1.00000000000000e+05 
1.17999951147146e-01 1.00000000000000e+05 
1.18152076888191e-01 1.00000000000000e+05 
1.18304423359918e-01 1.00000000000000e+05 
1.18456976712444e-01 1.00000000000000e+05 
1.18609775285582e-01 1.00000000000000e+05 
1.18762807952114e-01 1.00000000000000e+05 
1.18916112463915e-01 1.00000000000000e+05 
1.19069681935399e-01 1.00000000000000e+05 
1.19223554164223e-01 1.00000000000000e+05 
1.19377732032136e-01 1.00000000000000e+05 
1.19532257255358e-01 1.00000000000000e+05 
1.19687351104772e-01 1.00000000000000e+05 
1.19843180345061e-01 1.00000000000000e+05 
1.20000060429003e-01 1.00000000000000e+05 
1.20158000776961e-01 1.00000000000000e+05 
1.20317193883543e-01 1.00000000000000e+05 
1.20477628558591e-01 1.00000000000000e+05 
1.20639529222294e-01 1.00000000000000e+05 
1.20802919150090e-01 1.00000000000000e+05 
1.20959374503621e-01 1.00000000000000e+05 
1.21123631682789e-01 1.00000000000000e+05 
1.21287564226706e-01 1.00000000000000e+05 
1.21456056564433e-01 1.00000000000000e+05 
1.21627509906004e-01 1.00000000000000e+05 
1.21801595166727e-01 1.00000000000000e+05 
1.21978844685487e-01 1.00000000000000e+05 
1.22158271440006e-01 1.00000000000000e+05 
1.22340613188096e-01 1.00000000000000e+05 
1.22524534830271e-01 1.00000000000000e+05 
1.22674854276751e-01 1.00000000000000e+05 
1.22825382475320e-01 1.00000000000000e+05 
1.22976024203739e-01 1.00000000000000e+05 
1.23126787152359e-01 1.00000000000000e+05 
1.23277591470239e-01 1.00000000000000e+05 
1.23428491771679e-01 1.00000000000000e+05 
1.23579411646864e-01 1.00000000000000e+05 
1.23730433276591e-01 1.00000000000000e+05 
1.23881477562875e-01 1.00000000000000e+05 
1.24032643905779e-01 1.00000000000000e+05 
1.24183848334770e-01 1.00000000000000e+05 
1.24335200661195e-01 1.00000000000000e+05 
1.24486611973262e-01 1.00000000000000e+05 
1.24638198518345e-01 1.00000000000000e+05 
1.24789867846577e-01 1.00000000000000e+05 
1.24941740061013e-01 1.00000000000000e+05 
1.25093721638540e-01 1.00000000000000e+05 
1.25245933985655e-01 1.00000000000000e+05 
1.25398285973193e-01 1.00000000000000e+05 
1.25550897662026e-01 1.00000000000000e+05 
1.25703684912029e-01 1.00000000000000e+05 
1.25856764074439e-01 1.00000000000000e+05 
1.26010063954860e-01 1.00000000000000e+05 
1.26163698425499e-01 1.00000000000000e+05 
1.26317619449477e-01 1.00000000000000e+05 
1.26471939105733e-01 1.00000000000000e+05 
1.26626646092835e-01 1.00000000000000e+05 
1.26781850299372e-01 1.00000000000000e+05 
1.26937881622943e-01 1.00000000000000e+05 
1.27094930362844e-01 1.00000000000000e+05 
1.27251377002972e-01 1.00000000000000e+05 
1.27409265808123e-01 1.00000000000000e+05 
1.27570063749376e-01 1.00000000000000e+05 
1.27733929230714e-01 1.00000000000000e+05 
1.27901781091469e-01 1.00000000000000e+05 
1.28072737897242e-01 1.00000000000000e+05 
1.28218185705280e-01 1.00000000000000e+05 
1.28363977920864e-01 1.00000000000000e+05 
1.28509971275683e-01 1.00000000000000e+05 
1.28656202077057e-01 1.00000000000000e+05 
1.28802517702585e-01 1.00000000000000e+05 
1.28949004197496e-01 1.00000000000000e+05 
1.29095516417383e-01 1.00000000000000e+05 
1.29242188033629e-01 1.00000000000000e+05 
1.29388887271321e-01 1.00000000000000e+05 
1.29535756866757e-01 1.00000000000000e+05 
1.29682684153811e-01 1.00000000000000e+05 
1.29829836348468e-01 1.00000000000000e+05 
1.29977121078145e-01 1.00000000000000e+05 
1.30124720645797e-01 1.00000000000000e+05 
1.30272564515054e-01 1.00000000000000e+05 
1.30420831306060e-01 1.00000000000000e+05 
1.30569479879183e-01 1.00000000000000e+05 
1.30718672174336e-01 1.00000000000000e+05 
1.30868409793429e-01 1.00000000000000e+05 
1.31018835663459e-01 1.00000000000000e+05 
1.31170025018926e-01 1.00000000000000e+05 
1.31322126572725e-01 1.00000000000000e+05 
1.31475309820687e-01 1.00000000000000e+05 
1.31629732753712e-01 1.00000000000000e+05 
1.31780134113893e-01 1.00000000000000e+05 
1.31934935652484e-01 1.00000000000000e+05 
1.32092186076007e-01 1.00000000000000e+05 
1.32252255772144e-01 1.00000000000000e+05 
1.32415982217274e-01 1.00000000000000e+05 
1.32582766305005e-01 1.00000000000000e+05 
1.32753118679738e-01 1.00000000000000e+05 
1.32925790714862e-01 1.00000000000000e+05 
1.33068055658640e-01 1.00000000000000e+05 
1.33210681381290e-01 1.00000000000000e+05 
1.33353562479215e-01 1.00000000000000e+05 
1.33496718064093e-01 1.00000000000000e+05 
1.33640055331951e-01 1.00000000000000e+05 
1.33783631371720e-01 1.00000000000000e+05 
1.33927369582914e-01 1.00000000000000e+05 
1.34071327654949e-01 1.00000000000000e+05 
1.34215445482811e-01 1.00000000000000e+05 
1.34359788452022e-01 1.00000000000000e+05 
1.34504308065851e-01 1.00000000000000e+05 
1.34649077038755e-01 1.00000000000000e+05 
1.34794056816306e-01 1.00000000000000e+05 
1.34939321130115e-01 1.00000000000000e+05 
1.35084841776250e-01 1.00000000000000e+05 
1.35230686785261e-01 1.00000000000000e+05 
1.35376839860024e-01 1.00000000000000e+05 
1.35523359905625e-01 1.00000000000000e+05 
1.35670245294483e-01 1.00000000000000e+05 
1.35817546758671e-01 1.00000000000000e+05 
1.35965285818207e-01 1.00000000000000e+05 
1.36113511697788e-01 1.00000000000000e+05 
1.36262272723307e-01 1.00000000000000e+05 
1.36411614873409e-01 1.00000000000000e+05 
1.36561618990402e-01 1.00000000000000e+05 
1.36712327969785e-01 1.00000000000000e+05 
1.36863864246470e-01 1.00000000000000e+05 
1.37016270850456e-01 1.00000000000000e+05 
1.37169724797526e-01 1.00000000000000e+05 
1.37324275489488e-01 1.00000000000000e+05 
1.37480172484778e-01 1.00000000000000e+05 
1.37637482939362e-01 1.00000000000000e+05 
1.37787483870108e-01 1.00000000000000e+05 
1.37945665778121e-01 1.00000000000000e+05 
1.38102480452158e-01 1.00000000000000e+05 
1.38264177299690e-01 1.00000000000000e+05 
1.38427463888067e-01 1.00000000000000e+05 
1.38594161747005e-01 1.00000000000000e+05 
1.38762551230683e-01 1.00000000000000e+05 
1.38933780872203e-01 1.00000000000000e+05 
1.39106357883108e-01 1.00000000000000e+05 
1.39281165845738e-01 1.00000000000000e+05 
1.39457302353472e-01 1.00000000000000e+05 
1.39635094768872e-01 1.00000000000000e+05 
1.39779525542537e-01 1.00000000000000e+05 
1.39924084627284e-01 1.00000000000000e+05 
1.40068752928810e-01 1.00000000000000e+05 
1.40213496973272e-01 1.00000000000000e+05 
1.40358312610683e-01 1.00000000000000e+05 
1.40503198706202e-01 1.00000000000000e+05 
1.40648157805500e-01 1.00000000000000e+05 
1.40793203089778e-01 1.00000000000000e+05 
1.40938337565901e-01 1.00000000000000e+05 
1.41083578398173e-01 1.00000000000000e+05 
1.41228925663494e-01 1.00000000000000e+05 
1.41374398192608e-01 1.00000000000000e+05 
1.41519995199253e-01 1.00000000000000e+05 
1.41665736708092e-01 1.00000000000000e+05 
1.41811622243764e-01 1.00000000000000e+05 
1.41957671391362e-01 1.00000000000000e+05 
1.42103884745922e-01 1.00000000000000e+05 
1.42250280415801e-01 1.00000000000000e+05 
1.42396861225241e-01 1.00000000000000e+05 
1.42543642698959e-01 1.00000000000000e+05 
1.42690630962972e-01 1.00000000000000e+05 
1.42837838548839e-01 1.00000000000000e+05 
1.42985276952189e-01 1.00000000000000e+05 
1.43132958505894e-01 1.00000000000000e+05 
1.43280902389712e-01 1.00000000000000e+05 
1.43429120233272e-01 1.00000000000000e+05 
1.43577639892532e-01 1.00000000000000e+05 
1.43726471467723e-01 1.00000000000000e+05 
1.43875653361851e-01 1.00000000000000e+05 
1.44025193399841e-01 1.00000000000000e+05 
1.44175143141220e-01 1.00000000000000e+05 
1.44325507524366e-01 1.00000000000000e+05 
1.44476355022449e-01 1.00000000000000e+05 
1.44627686686373e-01 1.00000000000000e+05 
1.44779592684699e-01 1.00000000000000e+05 
1.44932076291341e-01 1.00000000000000e+05 
1.45085242902595e-01 1.00000000000000e+05 
1.45239095453968e-01 1.00000000000000e+05 
1.45393725288008e-01 1.00000000000000e+05 
1.45549169275298e-01 1.00000000000000e+05 
1.45705510870472e-01 1.00000000000000e+05 
1.45862828590322e-01 1.00000000000000e+05 
1.46021196194470e-01 1.00000000000000e+05 
1.46180744947749e-01 1.00000000000000e+05 
1.46341200695222e-01 1.00000000000000e+05 
1.46502945399104e-01 1.00000000000000e+05 
1.46666316939937e-01 1.00000000000000e+05 
1.46831716956637e-01 1.00000000000000e+05 
1.46983207597553e-01 1.00000000000000e+05 
1.47144286152809e-01 1.00000000000000e+05 
1.47311798996254e-01 1.00000000000000e+05 
1.47473523361398e-01 1.00000000000000e+05 
1.47643845852212e-01 1.00000000000000e+05 
1.47810134467159e-01 1.00000000000000e+05 
1.47974118993319e-01 1.00000000000000e+05 
1.48143448448422e-01 1.00000000000000e+05 
1.48311832410971e-01 1.00000000000000e+05 
1.48484679442208e-01 1.00000000000000e+05 
1.48656173356730e-01 1.00000000000000e+05 
1.48831774349202e-01 1.00000000000000e+05 
1.49005603084057e-01 1.00000000000000e+05 
1.49182930348242e-01 1.00000000000000e+05 
1.49358523889552e-01 1.00000000000000e+05 
1.49536764833514e-01 1.00000000000000e+05 
1.49713524162817e-01 1.00000000000000e+05 
1.49892669767227e-01 1.00000000000000e+05 
1.50070467364320e-01 1.00000000000000e+05 
1.50250587477898e-01 1.00000000000001e+05 
1.50429487948352e-01 1.00000000000001e+05 
1.50610662403219e-01 1.00000000000001e+05 
1.50790730377512e-01 1.00000000000001e+05 
1.50973017915041e-01 1.00000000000001e+05 
1.51121034817183e-01 1.00000000000001e+05 
1.51269030701827e-01 1.00000000000031e+05 
1.51417116621261e-01 1.00000000000097e+05 
1.51565190772030e-01 1.00000000000634e+05 
1.51713371903284e-01 1.00000000001867e+05 
1.51861558189025e-01 1.00000000015772e+05 
1.52009839633007e-01 1.00000000043982e+05 
1.52158112283180e-01 1.00000000103352e+05 
1.52306451077418e-01 1.00000000201634e+05 
1.52454822543990e-01 1.00000000367748e+05 
1.52603205058632e-01 1.00000000604732e+05 
1.52751623372456e-01 1.00000000955693e+05 
1.52900051903446e-01 1.00000001464078e+05 
1.53048515275269e-01 1.00000002182490e+05 
1.53196988590357e-01 1.00000003204818e+05 
1.53345496935396e-01 1.00000003219963e+05 
1.53494016242445e-01 1.00000003222947e+05 
1.53642571396870e-01 1.00000003200190e+05 
1.53791138141439e-01 1.00000003140650e+05 
1.53939741039701e-01 1.00000003044308e+05 
1.54088354894094e-01 1.00000002930801e+05 
1.54237004905113e-01 1.00000002788567e+05 
1.54385666109714e-01 1.00000002642838e+05 
1.54534363748048e-01 1.00000002469869e+05 
1.54683072475248e-01 1.00000002306528e+05 
1.54831817564053e-01 1.00000002116839e+05 
1.54995437161740e-01 1.00000001934299e+05 
1.55175418719195e-01 1.00000001699074e+05 
1.55370930502277e-01 1.00000001504313e+05 
1.55566660239426e-01 1.00000001273919e+05 
1.55763480489606e-01 1.00000001141238e+05 
1.55960422402041e-01 1.00000000947137e+05 
1.56158437825571e-01 1.00000000840243e+05 
1.56356627011498e-01 1.00000000723881e+05 
1.56555864812905e-01 1.00000000636960e+05 
1.56755247622800e-01 1.00000000557955e+05 
1.56955645319310e-01 1.00000000489083e+05 
1.57156146396039e-01 1.00000000438210e+05 
1.57357638000257e-01 1.00000000370625e+05 
1.57559182888121e-01 1.00000000310573e+05 
1.57761694253071e-01 1.00000000270284e+05 
1.57964197200172e-01 1.00000000212426e+05 
1.58167644092398e-01 1.00000000174738e+05 
1.58371010221914e-01 1.00000000127299e+05 
1.58575302673036e-01 1.00000000141803e+05 
1.58779434736614e-01 1.00000004587805e+05 
1.58984479801024e-01 1.00000043724113e+05 
1.59189277860034e-01 1.00000154686189e+05 
1.59394980249618e-01 1.00000359149326e+05 
1.59600345618015e-01 1.00000717729479e+05 
1.59806612877252e-01 1.00001282918661e+05 
1.60012452638369e-01 1.00002187638500e+05 
1.60219197669466e-01 1.00003497533582e+05 
1.60425427968209e-01 1.00005478864001e+05 
1.60632571222776e-01 1.00008246136348e+05 
1.60839117841607e-01 1.00012122679321e+05 
1.61046586021781e-01 1.00017205704772e+05 
1.61253383241671e-01 1.00023813968844e+05 
1.61461109166707e-01 1.00032320051778e+05 
1.61668096997856e-01 1.00043040617591e+05 
1.61876014544626e-01 1.00056608174071e+05 
1.62083137372674e-01 1.00073425368564e+05 
1.62291176348560e-01 1.00094317108775e+05 
1.62498372435728e-01 1.00119903873079e+05 
1.62706450785256e-01 1.00151328094815e+05 
1.62913652319982e-01 1.00189520632949e+05 
1.63121683991122e-01 1.00236218175003e+05 
1.63328822269634e-01 1.00292781578468e+05 
1.63536720620202e-01 1.00361790792303e+05 
1.63743722759172e-01 1.00445226733236e+05 
1.63951402772465e-01 1.00546872017341e+05 
1.64158190688002e-01 1.00669465723840e+05 
1.64365570713011e-01 1.00818286486231e+05 
1.64572062204977e-01 1.00996816780439e+05 
1.64779028638574e-01 1.01211851522959e+05 
1.64985147213083e-01 1.01467354434281e+05 
1.65191348062601e-01 1.01770717995211e+05 
1.65397025294409e-01 1.02126465476927e+05 
1.65602394963118e-01 1.02540597442412e+05 
1.65807354778013e-01 1.03016710322230e+05 
1.66011859971630e-01 1.03558123821996e+05 
1.66215949206841e-01 1.04165083589882e+05 
1.66419591176969e-01 1.04836243270956e+05 
1.66622825814002e-01 1.05567361367142e+05 
1.66825637246623e-01 1.06350917896335e+05 
1.67028062257024e-01 1.07175227173218e+05 
1.67230101103572e-01 1.08028649082252e+05 
1.67431782603714e-01 1.08894328068724e+05 
1.67633090257463e-01 1.09749971543782e+05 
1.67834047017392e-01 1.10590304151019e+05 
1.68034659833812e-01 1.11375313795865e+05 
1.68234955594441e-01 1.12089964431680e+05 
1.68398118574792e-01 1.12629260592572e+05 
1.68571835162047e-01 1.13139749352367e+05 
1.68752004595346e-01 1.13575785548484e+05 
1.68936796472158e-01 1.13931550622690e+05 
1.69102756460797e-01 1.14186846073879e+05 
1.69276662030323e-01 1.14386097982841e+05 
1.69455036768205e-01 1.14521249696735e+05 
1.69633858221613e-01 1.14636625742995e+05 
1.69819474883879e-01 1.14726001730906e+05 
1.70009757072568e-01 1.14789910045646e+05 
1.70203031733853e-01 1.14827945396287e+05 
1.70397600213762e-01 1.14825410474356e+05 
1.70593870909914e-01 1.14791331033614e+05 
1.70791218318713e-01 1.14728797645089e+05 
1.70989882531272e-01 1.14649473919934e+05 
1.71189146856316e-01 1.14556109807709e+05 
1.71389565586749e-01 1.14444185110354e+05 
1.71590313833808e-01 1.14319499620641e+05 
1.71790609694667e-01 1.14191375544439e+05 
1.71990737761255e-01 1.14060465510076e+05 
1.72190693710621e-01 1.13929324878433e+05 
1.72390670225695e-01 1.13801366898193e+05 
1.72590636850986e-01 1.13673834383664e+05 
1.72790532957937e-01 1.13550627072380e+05 
1.72990383307793e-01 1.13430270815420e+05 
1.73190170117495e-01 1.13312787345154e+05 
1.73389949258268e-01 1.13197537792697e+05 
1.73589690358401e-01 1.13084502705595e+05 
1.73789432722968e-01 1.12973990376072e+05 
1.73989145809028e-01 1.12864781509284e+05 
1.74188860274641e-01 1.12755163068367e+05 
1.74388544723570e-01 1.12643819349483e+05 
1.74588228535500e-01 1.12529728297785e+05 
1.74787878657780e-01 1.12412061748984e+05 
1.74987529317406e-01 1.12291409086024e+05 
1.75187146965074e-01 1.12168104522620e+05 
1.75386773128675e-01 1.12042199150085e+05 
1.75586371719579e-01 1.11914003655865e+05 
1.75785990782588e-01 1.11783799133398e+05 
1.75985589320170e-01 1.11652022560161e+05 
1.76185220091642e-01 1.11519049681768e+05 
1.76384835073194e-01 1.11385317317668e+05 
1.76584494806855e-01 1.11251200633721e+05 
1.76783793498621e-01 1.11117345492136e+05 
1.76983189340360e-01 1.10983783120955e+05 
1.77182150786658e-01 1.10851128647524e+05 
1.77381274672461e-01 1.10719236942325e+05 
1.77579865995963e-01 1.10588714866755e+05 
1.77778716460954e-01 1.10459187329470e+05 
1.77976893612309e-01 1.10331326104963e+05 
1.78175456218344e-01 1.10204505958827e+05 
1.78373164390039e-01 1.10079521345099e+05 
1.78571413889347e-01 1.09955474237404e+05 
1.78768589677186e-01 1.09833337316453e+05 
1.78966493782582e-01 1.09711936139787e+05 
1.79163067849973e-01 1.09592471672763e+05 
1.79360591594596e-01 1.09473485959904e+05 
1.79556491170706e-01 1.09356458718156e+05 
1.79753599639831e-01 1.09239628559115e+05 
1.79948749268661e-01 1.09124804554600e+05 
1.80145409804212e-01 1.09009889263352e+05 
1.80339732290057e-01 1.08897073595277e+05 
1.80535771614362e-01 1.08783964384477e+05 
1.80729188865180e-01 1.08673021999611e+05 
1.80924218580352e-01 1.08561797673532e+05 
1.81116651597880e-01 1.08452665169230e+05 
1.81310578858600e-01 1.08343302329182e+05 
1.81501945374935e-01 1.08235981321787e+05 
1.81694675008594e-01 1.08128512238994e+05 
1.81884889018674e-01 1.08023053463763e+05 
1.82076319527969e-01 1.07917557049960e+05 
1.82265289425748e-01 1.07814050504070e+05 
1.82455316561554e-01 1.07710633120351e+05 
1.82642950012443e-01 1.07609183051949e+05 
1.82831471320670e-01 1.07507951291057e+05 
1.83017676370825e-01 1.07408655212486e+05 
1.83204591651782e-01 1.07309702238215e+05 
1.83389276165868e-01 1.07212643801635e+05 
1.83574488622443e-01 1.07116046299628e+05 
1.83757562140836e-01 1.07021298664381e+05 
1.83940981716839e-01 1.06927114990257e+05 
1.84122359516664e-01 1.06834723229495e+05 
1.84303907220729e-01 1.06742995092891e+05 
1.84483514472526e-01 1.06652995992144e+05 
1.84663125660675e-01 1.06563751778045e+05 
1.84840900845643e-01 1.06476172432233e+05 
1.85018528721414e-01 1.06389424584809e+05 
1.85194427188294e-01 1.06304273666672e+05 
1.85370045647040e-01 1.06220014152208e+05 
1.85544043091618e-01 1.06137278338419e+05 
1.85717649282925e-01 1.06055476444292e+05 
1.85889743572686e-01 1.05975123033020e+05 
1.86061358248481e-01 1.05895728236847e+05 
1.86231569812631e-01 1.05817704587997e+05 
1.86401236513699e-01 1.05740647606984e+05 
1.86569607394299e-01 1.05664883446885e+05 
1.86737390106103e-01 1.05590080130858e+05 
1.86903981557398e-01 1.05516491878370e+05 
1.87069961348861e-01 1.05443849302402e+05 
1.87234850551851e-01 1.05372344708357e+05 
1.87399121623083e-01 1.05301762970830e+05 
1.87562397837150e-01 1.05232242610685e+05 
1.87725063120800e-01 1.05163611098371e+05 
1.87887100906617e-01 1.05095860304414e+05 
1.88048858665254e-01 1.05028835671695e+05 
1.88210487951393e-01 1.04962469704595e+05 
1.88372137215986e-01 1.04896690179992e+05 
1.88533714286314e-01 1.04831536002204e+05 
1.88695314683850e-01 1.04766960863539e+05 
1.88856829883939e-01 1.04703012109358e+05 
1.89018352830408e-01 1.04639646397382e+05 
1.89179780600899e-01 1.04576908426802e+05 
1.89341207279334e-01 1.04514756633906e+05 
1.89502531549723e-01 1.04453233342126e+05 
1.89663849230638e-01 1.04392297485795e+05 
1.89825056089788e-01 1.04331989904608e+05 
1.89986250992463e-01 1.04272268812479e+05 
1.90147325851707e-01 1.04213173783082e+05 
1.90308383488141e-01 1.04154661498278e+05 
1.90469310827225e-01 1.04096770622079e+05 
1.90630215318512e-01 1.04039455616237e+05 
1.90790978267226e-01 1.03982755620851e+05 
1.90951712220015e-01 1.03926622541656e+05 
1.91112257586100e-01 1.03871108858568e+05 
1.91273147352045e-01 1.03816021756813e+05 
1.91433993064079e-01 1.03761494276071e+05 
1.91594846366427e-01 1.03707496825796e+05 
1.91755536404749e-01 1.03654085117080e+05 
1.91916185641973e-01 1.03601203013549e+05 
1.92076612316609e-01 1.03548908523854e+05 
1.92237364910122e-01 1.03497006555700e+05 
1.92398039344864e-01 1.03445627938355e+05 
1.92558705617849e-01 1.03394730855564e+05 
1.92719139665322e-01 1.03344383814914e+05 
1.92879894112087e-01 1.03294392916112e+05 
1.93040552406135e-01 1.03244886670474e+05 
1.93201186257599e-01 1.03195820367092e+05 
1.93361570172639e-01 1.03147259355758e+05 
1.93522256725520e-01 1.03099013839781e+05 
1.93682834340743e-01 1.03051205708063e+05 
1.93843369843988e-01 1.03003791470824e+05 
1.94003643506731e-01 1.02956833021582e+05 
1.94164202295940e-01 1.02910147246672e+05 
1.94324644044836e-01 1.02863850725105e+05 
1.94485026252064e-01 1.02817903795233e+05 
1.94645139687502e-01 1.02772365764133e+05 
1.94805519441906e-01 1.02727062634677e+05 
1.94965778698870e-01 1.02682105873946e+05 
1.95125960604222e-01 1.02637461825794e+05 
1.95285872055347e-01 1.02593186515732e+05 
1.95446029726887e-01 1.02549116680051e+05 
1.95606000746982e-01 1.02505375523677e+05 
1.95765923838021e-01 1.02461906440766e+05 
1.95925560611115e-01 1.02418776515609e+05 
1.96085524020020e-01 1.02375806610687e+05 
1.96245367984043e-01 1.02333120335888e+05 
1.96405209963052e-01 1.02290655455613e+05 
1.96564810022641e-01 1.02248503187565e+05 
1.96724363475967e-01 1.02206568334811e+05 
1.96883617651883e-01 1.02164950317883e+05 
1.97043325672700e-01 1.02123417454575e+05 
1.97202703917897e-01 1.02082202486593e+05 
1.97362072575180e-01 1.02041193711047e+05 
1.97521204909508e-01 1.02000476410214e+05 
1.97680846036744e-01 1.01959829624642e+05 
1.97840188214153e-01 1.01919471911685e+05 
1.97999542485665e-01 1.01879309923959e+05 
1.98158704345276e-01 1.01839404332662e+05 
1.98318008801224e-01 1.01799656988966e+05 
1.98476887392116e-01 1.01760217205573e+05 
1.98635737158044e-01 1.01720973119322e+05 
1.98794354848082e-01 1.01681988678191e+05 
1.98953489435308e-01 1.01643059469754e+05 
1.99112344561867e-01 1.01604398499343e+05 
1.99271233681150e-01 1.01565906782636e+05 
1.99429960782274e-01 1.01527649033462e+05 
1.99588861433257e-01 1.01489521573522e+05 
1.99747375001546e-01 1.01451676248450e+05 
1.99905903691310e-01 1.01413994022570e+05 
2.00064285925993e-01 1.01376532291791e+05 
2.00222868739081e-01 1.01339187861024e+05 
