# Liste des scalaires : TEMPS pmat 
0.00000000000000e+00 1.00000000000000e+05 
7.22956891292051e-05 1.00000000000000e+05 
1.30508755453404e-04 1.00000000000000e+05 
1.88879973092264e-04 1.00000000000000e+05 
2.48742211274467e-04 1.00000000000000e+05 
3.10669052979549e-04 1.00000000000000e+05 
3.75339376455717e-04 1.00000000000000e+05 
4.41380928850098e-04 1.00000000000000e+05 
5.07597684012305e-04 1.00000000000000e+05 
5.76123424355997e-04 1.00000000000000e+05 
6.48728471921279e-04 1.00000000000000e+05 
7.10391515724272e-04 1.00000000000000e+05 
7.71891683358102e-04 1.00000000000000e+05 
8.33223629400096e-04 1.00000000000000e+05 
9.00688770046290e-04 1.00000000000000e+05 
9.64614788002260e-04 1.00000000000000e+05 
1.02880039007271e-03 1.00000000000000e+05 
1.09282427744806e-03 1.00000000000000e+05 
1.15871886619744e-03 1.00000000000000e+05 
1.22609104838946e-03 1.00000000000000e+05 
1.29673196004181e-03 1.00000000000000e+05 
1.36369559227714e-03 1.00000000000000e+05 
1.43212000772837e-03 1.00000000000000e+05 
1.50127762661961e-03 1.00000000000000e+05 
1.57301783271489e-03 1.00000000000000e+05 
1.64305284532500e-03 1.00000000000000e+05 
1.71397839393846e-03 1.00000000000000e+05 
1.78498880854480e-03 1.00000000000000e+05 
1.85776872396721e-03 1.00000000000000e+05 
1.93140704863194e-03 1.00000000000000e+05 
2.00766364383210e-03 1.00000000000000e+05 
2.08609186134570e-03 1.00000000000000e+05 
2.16830318461678e-03 1.00000000000000e+05 
2.24334449681034e-03 1.00000000000000e+05 
2.32013935417037e-03 1.00000000000000e+05 
2.39774883651078e-03 1.00000000000000e+05 
2.47805053823960e-03 1.00000000000000e+05 
2.56037576560434e-03 1.00000000000000e+05 
2.64601263586178e-03 1.00000000000000e+05 
2.72539952968313e-03 1.00000000000000e+05 
2.80659343255412e-03 1.00000000000000e+05 
2.88887945843765e-03 1.00000000000000e+05 
2.97369428657901e-03 1.00000000000000e+05 
3.06042089471240e-03 1.00000000000000e+05 
3.15006076976596e-03 1.00000000000000e+05 
3.24390281601341e-03 1.00000000000000e+05 
3.34200657188159e-03 1.00000000000000e+05 
3.42930551784447e-03 1.00000000000000e+05 
3.51891953903515e-03 1.00000000000000e+05 
3.61028149617999e-03 1.00000000000000e+05 
3.70450419598819e-03 1.00000000000000e+05 
3.80111050901206e-03 1.00000000000000e+05 
3.90067167595485e-03 1.00000000000000e+05 
4.00460851669292e-03 1.00000000000000e+05 
4.11279508595749e-03 1.00000000000000e+05 
4.20859665291525e-03 1.00000000000000e+05 
4.30672265994861e-03 1.00000000000000e+05 
4.40655327116255e-03 1.00000000000000e+05 
4.50843324218536e-03 1.00000000000000e+05 
4.61287765269999e-03 1.00000000000000e+05 
4.72048562252457e-03 1.00000000000000e+05 
4.83179957366827e-03 1.00000000000000e+05 
4.94693204360355e-03 1.00000000000000e+05 
5.05074926313578e-03 1.00000000000000e+05 
5.15663252655204e-03 1.00000000000000e+05 
5.26408056521328e-03 1.00000000000000e+05 
5.37372395978721e-03 1.00000000000000e+05 
5.48503845234334e-03 1.00000000000000e+05 
5.59861237409593e-03 1.00000000000000e+05 
5.71393855646130e-03 1.00000000000000e+05 
5.83061306540297e-03 1.00000000000000e+05 
5.94916006193103e-03 1.00000000000000e+05 
6.07032243823828e-03 1.00000000000000e+05 
6.19425424204313e-03 1.00000000000000e+05 
6.32116266237676e-03 1.00000000000000e+05 
6.45118061345560e-03 1.00000000000000e+05 
6.58411071777763e-03 1.00000000000000e+05 
6.72013659319898e-03 1.00000000000000e+05 
6.85880823599784e-03 1.00000000000000e+05 
6.98253080692098e-03 1.00000000000000e+05 
7.10781534558240e-03 1.00000000000000e+05 
7.23433078024005e-03 1.00000000000000e+05 
7.36228298759732e-03 1.00000000000000e+05 
7.49134005079117e-03 1.00000000000000e+05 
7.62166175877663e-03 1.00000000000000e+05 
7.75300785725940e-03 1.00000000000000e+05 
7.88550839725785e-03 1.00000000000000e+05 
8.01899131419743e-03 1.00000000000000e+05 
8.15198965003749e-03 1.00000000000000e+05 
8.28508154134935e-03 1.00000000000000e+05 
8.41948275195835e-03 1.00000000000000e+05 
8.55488138212906e-03 1.00000000000000e+05 
8.69198821474844e-03 1.00000000000000e+05 
8.83024092826783e-03 1.00000000000000e+05 
8.96978059031129e-03 1.00000000000000e+05 
9.10985052847396e-03 1.00000000000000e+05 
9.25051607284396e-03 1.00000000000000e+05 
9.39089485562182e-03 1.00000000000000e+05 
9.53110193449543e-03 1.00000000000000e+05 
9.67108949857627e-03 1.00000000000000e+05 
9.81145826365521e-03 1.00000000000000e+05 
9.95217612007825e-03 1.00000000000000e+05 
1.00928229292757e-02 1.00000000000000e+05 
1.02334285319605e-02 1.00000000000000e+05 
1.03880946949139e-02 1.00000000000000e+05 
1.05282980082260e-02 1.00000000000000e+05 
1.06825216528694e-02 1.00000000000000e+05 
1.08222470234983e-02 1.00000000000000e+05 
1.09747282411317e-02 1.00000000000000e+05 
1.11140859182783e-02 1.00000000000000e+05 
1.12624044281900e-02 1.00000000000000e+05 
1.14015226559855e-02 1.00000000000000e+05 
1.15409520972218e-02 1.00000000000000e+05 
1.16807743446939e-02 1.00000000000000e+05 
1.18256391449932e-02 1.00000000000000e+05 
1.19654931190524e-02 1.00000000000000e+05 
1.21100291856416e-02 1.00000000000000e+05 
1.22546829198428e-02 1.00000000000000e+05 
1.23991287552508e-02 1.00000000000000e+05 
1.25434901541640e-02 1.00000000000000e+05 
1.26877096986485e-02 1.00000000000000e+05 
1.28309948776449e-02 1.00000000000000e+05 
1.29761703908249e-02 1.00000000000000e+05 
1.31221394236604e-02 1.00000000000000e+05 
1.32681391967292e-02 1.00000000000000e+05 
1.34129670230699e-02 1.00000000000000e+05 
1.35625953365471e-02 1.00000000000000e+05 
1.37079193460375e-02 1.00000000000000e+05 
1.38554135633814e-02 1.00000000000000e+05 
1.40010093317356e-02 1.00000000000000e+05 
1.41469511762148e-02 1.00000000000000e+05 
1.42919774198439e-02 1.00000000000000e+05 
1.44366499501500e-02 1.00000000000000e+05 
1.45806311629811e-02 1.00000000000000e+05 
1.47246625194608e-02 1.00000000000000e+05 
1.48688047648188e-02 1.00000000000000e+05 
1.50128895015053e-02 1.00000000000000e+05 
1.51567816248828e-02 1.00000000000000e+05 
1.53005271318440e-02 1.00000000000000e+05 
1.54440222536514e-02 1.00000000000000e+05 
1.55873950744130e-02 1.00000000000000e+05 
1.57305420941582e-02 1.00000000000000e+05 
1.58736552590936e-02 1.00000000000000e+05 
1.60166628467168e-02 1.00000000000000e+05 
1.61597228833848e-02 1.00000000000000e+05 
1.63027978227949e-02 1.00000000000000e+05 
1.64459903089835e-02 1.00000000000000e+05 
1.65847967994253e-02 1.00000000000000e+05 
1.67222351473162e-02 1.00000000000000e+05 
1.68672608578635e-02 1.00000000000000e+05 
1.70123557675260e-02 1.00000000000000e+05 
1.71573535107058e-02 1.00000000000000e+05 
1.73025544272635e-02 1.00000000000000e+05 
1.74472979349125e-02 1.00000000000000e+05 
1.75871357226939e-02 1.00000000000000e+05 
1.77200186215454e-02 1.00000000000000e+05 
1.78492793216088e-02 1.00000000000000e+05 
1.79739990326223e-02 1.00000000000000e+05 
1.81111907147373e-02 1.00000000000000e+05 
1.82550939070388e-02 1.00000000000000e+05 
1.83989205216307e-02 1.00000000000000e+05 
1.85424660531646e-02 1.00000000000000e+05 
1.86828951834314e-02 1.00000000000000e+05 
1.88155200744225e-02 1.00000000000000e+05 
1.89448587398802e-02 1.00000000000000e+05 
1.90691464653710e-02 1.00000000000000e+05 
1.91919883788138e-02 1.00000000000000e+05 
1.93117581381218e-02 1.00000000000000e+05 
1.94435048733606e-02 1.00000000000000e+05 
1.95613224692124e-02 1.00000000000000e+05 
1.96909218246494e-02 1.00000000000000e+05 
1.98334811156301e-02 1.00000000000000e+05 
1.99811223533148e-02 1.00000000000000e+05 
2.01143031167493e-02 1.00000000000000e+05 
2.02477516613174e-02 1.00000000000000e+05 
2.03810786631607e-02 1.00000000000000e+05 
2.05150582702830e-02 1.00000000000000e+05 
2.06469620388477e-02 1.00000000000000e+05 
2.07778590496066e-02 1.00000000000000e+05 
2.09059237003207e-02 1.00000000000000e+05 
2.10329355415514e-02 1.00000000000000e+05 
2.11583159175724e-02 1.00000000000000e+05 
2.12826901245867e-02 1.00000000000000e+05 
2.14061629474478e-02 1.00000000000000e+05 
2.15408174938115e-02 1.00000000000000e+05 
2.16761328220864e-02 1.00000000000000e+05 
2.18123105556726e-02 1.00000000000000e+05 
2.19502390595172e-02 1.00000000000000e+05 
2.20913197249750e-02 1.00000000000000e+05 
2.22180862825683e-02 1.00000000000000e+05 
2.23451421342392e-02 1.00000000000000e+05 
2.24720800725207e-02 1.00000000000000e+05 
2.25998982880866e-02 1.00000000000000e+05 
2.27280460607813e-02 1.00000000000000e+05 
2.28570252040254e-02 1.00000000000000e+05 
2.29851521750164e-02 1.00000000000000e+05 
2.31125868361078e-02 1.00000000000000e+05 
2.32394114947275e-02 1.00000000000000e+05 
2.33659547971427e-02 1.00000000000000e+05 
2.34922043822333e-02 1.00000000000000e+05 
2.36170359077678e-02 1.00000000000000e+05 
2.37412366466878e-02 1.00000000000000e+05 
2.38663462232432e-02 1.00000000000000e+05 
2.39921974656841e-02 1.00000000000000e+05 
2.41194477668309e-02 1.00000000000000e+05 
2.42483822721254e-02 1.00000000000000e+05 
2.43791738588104e-02 1.00000000000000e+05 
2.45055198885992e-02 1.00000000000000e+05 
2.46306251157753e-02 1.00000000000000e+05 
2.47550243968331e-02 1.00000000000000e+05 
2.48801732669131e-02 1.00000000000000e+05 
2.50057829698245e-02 1.00000000000000e+05 
2.51327487196449e-02 1.00000000000000e+05 
2.52607472684201e-02 1.00000000000000e+05 
2.53901337416631e-02 1.00000000000000e+05 
2.55214879227743e-02 1.00000000000000e+05 
2.56547460842070e-02 1.00000000000000e+05 
2.57822639776957e-02 1.00000000000000e+05 
2.59087056368310e-02 1.00000000000000e+05 
2.60346730287965e-02 1.00000000000000e+05 
2.61616354311411e-02 1.00000000000000e+05 
2.62893928936252e-02 1.00000000000000e+05 
2.64187284944508e-02 1.00000000000000e+05 
2.65494945085213e-02 1.00000000000000e+05 
2.66818567698728e-02 1.00000000000000e+05 
2.68166182654604e-02 1.00000000000000e+05 
2.69534674469922e-02 1.00000000000000e+05 
2.70829717289739e-02 1.00000000000000e+05 
2.72115063835987e-02 1.00000000000000e+05 
2.73398583951697e-02 1.00000000000000e+05 
2.74693670411741e-02 1.00000000000000e+05 
2.76000147549576e-02 1.00000000000000e+05 
2.77322201136674e-02 1.00000000000000e+05 
2.78663464201310e-02 1.00000000000000e+05 
2.80023868379407e-02 1.00000000000000e+05 
2.81342614847178e-02 1.00000000000000e+05 
2.82652972615328e-02 1.00000000000000e+05 
2.83960224920782e-02 1.00000000000000e+05 
2.85277010337737e-02 1.00000000000000e+05 
2.86601613167689e-02 1.00000000000000e+05 
2.87938135240206e-02 1.00000000000000e+05 
2.89287533290702e-02 1.00000000000000e+05 
2.90653005338274e-02 1.00000000000000e+05 
2.92037029409354e-02 1.00000000000000e+05 
2.93438164788845e-02 1.00000000000000e+05 
2.94793715312786e-02 1.00000000000000e+05 
2.96154996494418e-02 1.00000000000000e+05 
2.97515828554818e-02 1.00000000000000e+05 
2.98867736646580e-02 1.00000000000000e+05 
3.00218652352922e-02 1.00000000000000e+05 
3.01581635183971e-02 1.00000000000000e+05 
3.02956365197440e-02 1.00000000000000e+05 
3.04346026579699e-02 1.00000000000000e+05 
3.05752590692159e-02 1.00000000000000e+05 
3.07176667109412e-02 1.00000000000000e+05 
3.08607507030174e-02 1.00000000000000e+05 
3.10039928499157e-02 1.00000000000000e+05 
3.11438254793956e-02 1.00000000000000e+05 
3.12828512982207e-02 1.00000000000000e+05 
3.14216724519033e-02 1.00000000000000e+05 
3.15616352372267e-02 1.00000000000000e+05 
3.17025691424091e-02 1.00000000000000e+05 
3.18451093939512e-02 1.00000000000000e+05 
3.19889456763187e-02 1.00000000000000e+05 
3.21331496280344e-02 1.00000000000000e+05 
3.22774475701858e-02 1.00000000000000e+05 
3.24252984472452e-02 1.00000000000000e+05 
3.25749576212298e-02 1.00000000000000e+05 
3.27261326112503e-02 1.00000000000000e+05 
3.28712064713312e-02 1.00000000000000e+05 
3.30169281410182e-02 1.00000000000000e+05 
3.31628237951843e-02 1.00000000000000e+05 
3.33076329604542e-02 1.00000000000000e+05 
3.34521972651108e-02 1.00000000000000e+05 
3.35979345233732e-02 1.00000000000000e+05 
3.37447333539713e-02 1.00000000000000e+05 
3.38931923554097e-02 1.00000000000000e+05 
3.40430235294462e-02 1.00000000000000e+05 
3.41940107095915e-02 1.00000000000000e+05 
3.43462664486314e-02 1.00000000000000e+05 
3.44998917238830e-02 1.00000000000000e+05 
3.46550547417597e-02 1.00000000000000e+05 
3.48114960614641e-02 1.00000000000000e+05 
3.49696495020223e-02 1.00000000000000e+05 
3.51290471280490e-02 1.00000000000000e+05 
3.52807593359826e-02 1.00000000000000e+05 
3.54312694038268e-02 1.00000000000000e+05 
3.55812921799726e-02 1.00000000000000e+05 
3.57323243177289e-02 1.00000000000000e+05 
3.58841356436847e-02 1.00000000000000e+05 
3.60374445449940e-02 1.00000000000000e+05 
3.61918441331210e-02 1.00000000000000e+05 
3.63476023888569e-02 1.00000000000000e+05 
3.65043455882507e-02 1.00000000000000e+05 
3.66615183088934e-02 1.00000000000000e+05 
3.68151017842990e-02 1.00000000000000e+05 
3.69739546586842e-02 1.00000000000000e+05 
3.71281871322012e-02 1.00000000000000e+05 
3.72888403509241e-02 1.00000000000000e+05 
3.74435666951921e-02 1.00000000000000e+05 
3.76060375566970e-02 1.00000000000000e+05 
3.77696475675044e-02 1.00000000000000e+05 
3.79249120013442e-02 1.00000000000000e+05 
3.80793412821338e-02 1.00000000000000e+05 
3.82339788833095e-02 1.00000000000000e+05 
3.83886332427010e-02 1.00000000000000e+05 
3.85436923574728e-02 1.00000000000000e+05 
3.86989009991753e-02 1.00000000000000e+05 
3.88543430882412e-02 1.00000000000000e+05 
3.90098625527933e-02 1.00000000000000e+05 
3.91646932312037e-02 1.00000000000000e+05 
3.93191151375206e-02 1.00000000000000e+05 
3.94737886074798e-02 1.00000000000000e+05 
3.96285959909704e-02 1.00000000000000e+05 
3.97837060442544e-02 1.00000000000000e+05 
3.99390074307669e-02 1.00000000000000e+05 
4.00939583211214e-02 1.00000000000000e+05 
4.02488011692957e-02 1.00000000000000e+05 
4.04039316325315e-02 1.00000000000000e+05 
4.05593448036829e-02 1.00000000000000e+05 
4.07147382822684e-02 1.00000000000000e+05 
4.08703269371146e-02 1.00000000000000e+05 
4.10261172921984e-02 1.00000000000000e+05 
4.11822840266534e-02 1.00000000000000e+05 
4.13386544552629e-02 1.00000000000000e+05 
4.14954838425853e-02 1.00000000000000e+05 
4.16525633446966e-02 1.00000000000000e+05 
4.18102269539698e-02 1.00000000000000e+05 
4.19681587995831e-02 1.00000000000000e+05 
4.21268133123835e-02 1.00000000000000e+05 
4.22895236114033e-02 1.00000000000000e+05 
4.24376610993287e-02 1.00000000000000e+05 
4.25863076868527e-02 1.00000000000000e+05 
4.27352257314580e-02 1.00000000000000e+05 
4.28849265624219e-02 1.00000000000000e+05 
4.30351530017876e-02 1.00000000000000e+05 
4.31845777322076e-02 1.00000000000000e+05 
4.33337582085072e-02 1.00000000000000e+05 
4.34837582905103e-02 1.00000000000000e+05 
4.36344461324818e-02 1.00000000000000e+05 
4.37861622745682e-02 1.00000000000000e+05 
4.39387028441627e-02 1.00000000000000e+05 
4.40915754732540e-02 1.00000000000000e+05 
4.42450229139293e-02 1.00000000000000e+05 
4.43990989916122e-02 1.00000000000000e+05 
4.45540713357815e-02 1.00000000000000e+05 
4.47096506517061e-02 1.00000000000000e+05 
4.48663115979142e-02 1.00000000000000e+05 
4.50235959281219e-02 1.00000000000000e+05 
4.51720023378088e-02 1.00000000000000e+05 
4.53206302221300e-02 1.00000000000000e+05 
4.54691557281467e-02 1.00000000000000e+05 
4.56161735725367e-02 1.00000000000000e+05 
4.57625134757506e-02 1.00000000000000e+05 
4.59095967125683e-02 1.00000000000000e+05 
4.60572824968729e-02 1.00000000000000e+05 
4.62061970580817e-02 1.00000000000000e+05 
4.63560584026029e-02 1.00000000000000e+05 
4.65065338101758e-02 1.00000000000000e+05 
4.66577975880796e-02 1.00000000000000e+05 
4.68099780729361e-02 1.00000000000000e+05 
4.69633121428075e-02 1.00000000000000e+05 
4.71175155984599e-02 1.00000000000000e+05 
4.72731359498152e-02 1.00000000000000e+05 
4.74296202602726e-02 1.00000000000000e+05 
4.75767922518392e-02 1.00000000000000e+05 
4.77243181815597e-02 1.00000000000000e+05 
4.78718025745521e-02 1.00000000000000e+05 
4.80179812936156e-02 1.00000000000000e+05 
4.81637057451127e-02 1.00000000000000e+05 
4.83103738469349e-02 1.00000000000000e+05 
4.84579135138250e-02 1.00000000000000e+05 
4.86068596565456e-02 1.00000000000000e+05 
4.87570575046343e-02 1.00000000000000e+05 
4.89080586925982e-02 1.00000000000000e+05 
4.90603159142996e-02 1.00000000000000e+05 
4.92136657621773e-02 1.00000000000000e+05 
4.93594917728074e-02 1.00000000000000e+05 
4.95057519765207e-02 1.00000000000000e+05 
4.96519940423952e-02 1.00000000000000e+05 
4.97987171274727e-02 1.00000000000000e+05 
4.99454772203755e-02 1.00000000000000e+05 
5.00910624521828e-02 1.00000000000000e+05 
5.02364748122013e-02 1.00000000000000e+05 
5.03829902707258e-02 1.00000000000000e+05 
5.05307162839681e-02 1.00000000000000e+05 
5.06797018221189e-02 1.00000000000000e+05 
5.08303450089382e-02 1.00000000000000e+05 
5.09824668373537e-02 1.00000000000000e+05 
5.11271200501479e-02 1.00000000000000e+05 
5.12723443285449e-02 1.00000000000000e+05 
5.14176949085366e-02 1.00000000000000e+05 
5.15637558198110e-02 1.00000000000000e+05 
5.17100924085628e-02 1.00000000000000e+05 
5.18555183997753e-02 1.00000000000000e+05 
5.20010694835158e-02 1.00000000000000e+05 
5.21479779859841e-02 1.00000000000000e+05 
5.22962971492827e-02 1.00000000000000e+05 
5.24459900217950e-02 1.00000000000000e+05 
5.25968733116063e-02 1.00000000000000e+05 
5.27489942629958e-02 1.00000000000000e+05 
5.29018218763451e-02 1.00000000000000e+05 
5.30553558477666e-02 1.00000000000000e+05 
5.32087458804579e-02 1.00000000000000e+05 
5.33600436327088e-02 1.00000000000000e+05 
5.35082371811297e-02 1.00000000000000e+05 
5.36579311040594e-02 1.00000000000000e+05 
5.38077349232896e-02 1.00000000000000e+05 
5.39570443329647e-02 1.00000000000000e+05 
5.41047663738176e-02 1.00000000000000e+05 
5.42514577586839e-02 1.00000000000001e+05 
5.43966764611565e-02 1.00000000000001e+05 
5.45412849707919e-02 1.00000000000002e+05 
5.46849294789452e-02 1.00000000000002e+05 
5.48308064453970e-02 1.00000000000003e+05 
5.49785530686152e-02 1.00000000000004e+05 
5.51278817504460e-02 1.00000000000006e+05 
5.52771934190635e-02 1.00000000000008e+05 
5.54266235551751e-02 1.00000000000012e+05 
5.55753462788023e-02 1.00000000000016e+05 
5.57238936887741e-02 1.00000000000028e+05 
5.58717276346314e-02 1.00000000000040e+05 
5.60232100353744e-02 1.00000000000071e+05 
5.61767928375400e-02 1.00000000000096e+05 
5.63315253518735e-02 1.00000000000132e+05 
5.64861311715845e-02 1.00000000000185e+05 
5.66404803248758e-02 1.00000000000280e+05 
5.67939738763830e-02 1.00000000000626e+05 
5.69505095412271e-02 1.00000000001498e+05 
5.71100921635245e-02 1.00000000002828e+05 
5.72721676302652e-02 1.00000000005019e+05 
5.74348873670967e-02 1.00000000007979e+05 
5.75971470346770e-02 1.00000000012439e+05 
5.77579184663953e-02 1.00000000031186e+05 
5.79227028617273e-02 1.00000000056979e+05 
5.80895058196841e-02 1.00000000088978e+05 
5.82569180565009e-02 1.00000000132367e+05 
5.84237069756156e-02 1.00000000185628e+05 
5.85891194636670e-02 1.00000000237077e+05 
5.87523132087646e-02 1.00000000319937e+05 
5.89200918507339e-02 1.00000000389315e+05 
5.90903303870532e-02 1.00000000546164e+05 
5.92609116484056e-02 1.00000000798697e+05 
5.94308248027910e-02 1.00000001048014e+05 
5.95995129252532e-02 1.00000001858045e+05 
5.97662211687438e-02 1.00000002272295e+05 
5.99361749437798e-02 1.00000003898295e+05 
6.00797154051022e-02 1.00000004783318e+05 
6.02376099125568e-02 1.00000008662266e+05 
6.04106236354470e-02 1.00000017055850e+05 
6.05825396539484e-02 1.00000030282154e+05 
6.07529117693682e-02 1.00000048894587e+05 
6.09213673391994e-02 1.00000072435814e+05 
6.10873445179322e-02 1.00000099987310e+05 
6.12596976932294e-02 1.00000135643230e+05 
6.14038640316842e-02 1.00000168915332e+05 
6.15624470039844e-02 1.00000213421548e+05 
6.17067162901736e-02 1.00000262054520e+05 
6.18654125049818e-02 1.00000326603599e+05 
6.20399783412708e-02 1.00000409036004e+05 
6.22130507534795e-02 1.00000508393784e+05 
6.23838703619626e-02 1.00000619003000e+05 
6.25603637094321e-02 1.00000760058396e+05 
6.27054685270687e-02 1.00000887982905e+05 
6.28650838264689e-02 1.00001059234906e+05 
6.30103285132939e-02 1.00001233887602e+05 
6.31700976688015e-02 1.00001466276722e+05 
6.33153695763462e-02 1.00001703522845e+05 
6.34751686746453e-02 1.00002016420657e+05 
6.36509476827744e-02 1.00002421291203e+05 
6.38283147584375e-02 1.00002910683933e+05 
6.40038375063267e-02 1.00003471784509e+05 
6.41817559695565e-02 1.00004148335092e+05 
6.43282409657801e-02 1.00005037961586e+05 
6.44749651224515e-02 1.00006089179356e+05 
6.46218700843200e-02 1.00007322125163e+05 
6.47686477405444e-02 1.00008665888644e+05 
6.49156380582979e-02 1.00010175931804e+05 
6.50624543734190e-02 1.00011784389219e+05 
6.52094955558641e-02 1.00013598401517e+05 
6.53563999917720e-02 1.00015522865964e+05 
6.55035096130882e-02 1.00017698107457e+05 
6.56505348956523e-02 1.00020089926065e+05 
6.57977862449282e-02 1.00022755165446e+05 
6.59454943894158e-02 1.00025675704161e+05 
6.60931454986481e-02 1.00028875077811e+05 
6.62409870092153e-02 1.00032354663522e+05 
6.63889749555692e-02 1.00036147655962e+05 
6.65372684203771e-02 1.00040254508257e+05 
6.66857310520150e-02 1.00044708230377e+05 
6.68342201521470e-02 1.00049480896692e+05 
6.69829158152473e-02 1.00054614614865e+05 
6.71315032315453e-02 1.00060073266609e+05 
6.72803120788338e-02 1.00065932940887e+05 
6.74290375678031e-02 1.00072193055024e+05 
6.75779710592647e-02 1.00078901039592e+05 
6.77268515205487e-02 1.00086049184632e+05 
6.78759507144980e-02 1.00093753489011e+05 
6.80250223680658e-02 1.00101919043914e+05 
6.81743316215744e-02 1.00110813735882e+05 
6.83236380519711e-02 1.00120192794965e+05 
6.84730307447403e-02 1.00130536326582e+05 
6.86223358798512e-02 1.00141762559496e+05 
6.87715691973747e-02 1.00154054502670e+05 
6.89210786614164e-02 1.00167792959988e+05 
6.90707797738528e-02 1.00182932165278e+05 
6.92207033920612e-02 1.00200186831070e+05 
6.93707829067479e-02 1.00219407109238e+05 
6.95210374275688e-02 1.00241330312407e+05 
6.96714188434335e-02 1.00266332496293e+05 
6.98219362283643e-02 1.00294491454117e+05 
6.99725635960318e-02 1.00327474272731e+05 
7.01233146594737e-02 1.00364845096772e+05 
7.02741656006079e-02 1.00408244432426e+05 
7.04251419852360e-02 1.00456981750011e+05 
7.05761096040976e-02 1.00513303184575e+05 
7.07272347605174e-02 1.00576564313342e+05 
7.08783139727529e-02 1.00649218707582e+05 
7.10295461022991e-02 1.00730900639792e+05 
7.11807454763713e-02 1.00824197114805e+05 
7.13321055293111e-02 1.00929025535205e+05 
7.14834537209248e-02 1.01047256597916e+05 
7.16349764276580e-02 1.01178677757548e+05 
7.17865118461076e-02 1.01325073799910e+05 
7.19382368253277e-02 1.01488834079421e+05 
7.20900006656696e-02 1.01670627480424e+05 
7.22419687787327e-02 1.01871972264917e+05 
7.23940035563023e-02 1.02095730880848e+05 
7.25462568624698e-02 1.02339027663296e+05 
7.26986073618068e-02 1.02607642969866e+05 
7.28511905610843e-02 1.02896677891887e+05 
7.30039057057259e-02 1.03213113790670e+05 
7.31568680322097e-02 1.03557939731718e+05 
7.33099977914109e-02 1.03929318271462e+05 
7.34633910825271e-02 1.04324511846418e+05 
7.36169892645651e-02 1.04745574130724e+05 
7.37708708997707e-02 1.05188852617778e+05 
7.39250275572636e-02 1.05655936833233e+05 
7.40826624183352e-02 1.06151874678081e+05 
7.42434174919301e-02 1.06676084377673e+05 
7.44066756602405e-02 1.07221149183834e+05 
7.45712589815966e-02 1.07783355083273e+05 
7.47366735284854e-02 1.08353607258528e+05 
7.49024376215977e-02 1.08928967494324e+05 
7.50741389775472e-02 1.09519429485704e+05 
7.52223219986236e-02 1.10023674997965e+05 
7.53713433608834e-02 1.10518444902666e+05 
7.55204054623741e-02 1.10998826712061e+05 
7.56704407741988e-02 1.11460323366841e+05 
7.58205398169722e-02 1.11897578530508e+05 
7.59713719227047e-02 1.12310738706261e+05 
7.61221519101899e-02 1.12701487284071e+05 
7.62733675177366e-02 1.13055507778799e+05 
7.64245030518934e-02 1.13364419426982e+05 
7.65749220695674e-02 1.13653928603708e+05 
7.67249696830443e-02 1.13897263607605e+05 
7.68755708901024e-02 1.14075552612519e+05 
7.70263246131088e-02 1.14198893503351e+05 
7.71776436688856e-02 1.14263154549773e+05 
7.73291273933886e-02 1.14291382802360e+05 
7.74809816840260e-02 1.14241333591216e+05 
7.76329717850426e-02 1.14170697398235e+05 
7.77851690124399e-02 1.14101401848392e+05 
7.79375361300636e-02 1.14030677742990e+05 
7.80896749891527e-02 1.13951936362804e+05 
7.82420740324072e-02 1.13869706125802e+05 
7.83947627848349e-02 1.13779116636462e+05 
7.85479668967498e-02 1.13679400049169e+05 
7.87014059829883e-02 1.13571060544700e+05 
7.88554273173783e-02 1.13459382229222e+05 
7.90095148535994e-02 1.13343613801225e+05 
7.91643082634945e-02 1.13225568423526e+05 
7.93192351255307e-02 1.13105307833926e+05 
7.94736031331993e-02 1.12984828394527e+05 
7.96330883687907e-02 1.12859115370903e+05 
7.97973654251352e-02 1.12729189331358e+05 
7.99649497040198e-02 1.12596707828654e+05 
8.01375926475514e-02 1.12460970507512e+05 
8.03116973089661e-02 1.12325068136938e+05 
8.04877915434933e-02 1.12189311941544e+05 
8.06640132931723e-02 1.12055174881663e+05 
8.08163206287263e-02 1.11941026402159e+05 
8.09675531121916e-02 1.11828983392529e+05 
8.11188863559575e-02 1.11718488064567e+05 
8.12680169070223e-02 1.11610633620299e+05 
8.14175113406418e-02 1.11503894595810e+05 
8.15675919740420e-02 1.11397590704707e+05 
8.17179919383015e-02 1.11292374815324e+05 
8.18686568283546e-02 1.11187725563153e+05 
8.20193925552340e-02 1.11084294402507e+05 
8.21703028539475e-02 1.10981460033163e+05 
8.23210609674237e-02 1.10879915207217e+05 
8.24720469359773e-02 1.10778874685793e+05 
8.26229234786793e-02 1.10678962975359e+05 
8.27740958926956e-02 1.10579426763566e+05 
8.29247801285008e-02 1.10481075596657e+05 
8.30757669248319e-02 1.10382992614364e+05 
8.32262335548018e-02 1.10285932987668e+05 
8.33770971282810e-02 1.10189011290765e+05 
8.35273775802981e-02 1.10093032101801e+05 
8.36918125261525e-02 1.09988447904362e+05 
8.38418349782378e-02 1.09893555648368e+05 
8.39926119024367e-02 1.09798604844289e+05 
8.41429079590544e-02 1.09704437433574e+05 
8.42938750096959e-02 1.09610319880303e+05 
8.44445793612094e-02 1.09516830011268e+05 
8.45961822881473e-02 1.09423300762625e+05 
8.47477422088904e-02 1.09330252815070e+05 
8.49005773998183e-02 1.09236990321811e+05 
8.50536509540452e-02 1.09144047537616e+05 
8.52085313530220e-02 1.09050635359319e+05 
8.53640402707538e-02 1.08957337290952e+05 
8.55180144001872e-02 1.08865633536320e+05 
8.56718211995867e-02 1.08774505717514e+05 
8.58249394724270e-02 1.08684457152431e+05 
8.59779225316375e-02 1.08594967097328e+05 
8.61304643166282e-02 1.08506493270212e+05 
8.62832842887717e-02 1.08418278811898e+05 
8.64362473166008e-02 1.08330634934246e+05 
8.65897878961419e-02 1.08242403830911e+05 
8.67440959550000e-02 1.08154659185177e+05 
8.68993102692561e-02 1.08065955537873e+05 
8.70555656346107e-02 1.07977886724627e+05 
8.72128605413814e-02 1.07889266417436e+05 
8.73714465842374e-02 1.07801207079023e+05 
8.75313082822887e-02 1.07712826288627e+05 
8.76851465838305e-02 1.07628906242933e+05 
8.78356311419613e-02 1.07547218205055e+05 
8.79858064105542e-02 1.07465806534295e+05 
8.81358339104944e-02 1.07385401020586e+05 
8.82856377473527e-02 1.07305654075076e+05 
8.84356043316773e-02 1.07226989554680e+05 
8.85856809034737e-02 1.07149012186352e+05 
8.87361027047442e-02 1.07072121089731e+05 
8.88868677795469e-02 1.06995716779309e+05 
8.90382333430291e-02 1.06920307962766e+05 
8.91902945949540e-02 1.06845320239360e+05 
8.93432803429044e-02 1.06771109818925e+05 
8.94973718164135e-02 1.06697178874561e+05 
8.96432514792121e-02 1.06628280827280e+05 
8.97887656763668e-02 1.06560334526637e+05 
8.99340849295067e-02 1.06493248415192e+05 
9.00791684625112e-02 1.06427174851523e+05 
9.02242532862186e-02 1.06361909715943e+05 
9.03694548287566e-02 1.06297768208903e+05 
9.05152035836469e-02 1.06234368263693e+05 
9.06615947906090e-02 1.06166382032889e+05 
9.08088944011974e-02 1.06104504483939e+05 
9.09572914268644e-02 1.06042132468997e+05 
9.11069641003180e-02 1.05981120307495e+05 
9.12581527461087e-02 1.05924072856253e+05 
9.14011674047277e-02 1.05871012889297e+05 
9.15442568226174e-02 1.05821184181852e+05 
9.16875602180496e-02 1.05771746529554e+05 
9.18310661520626e-02 1.05724168755035e+05 
9.19749095491262e-02 1.05677063937577e+05 
9.21191482617178e-02 1.05632775803916e+05 
9.22639722836251e-02 1.05589931990335e+05 
9.24095307661908e-02 1.05550274593366e+05 
9.25559850732647e-02 1.05513000987883e+05 
9.27034037309547e-02 1.05481110829401e+05 
9.28518081003386e-02 1.05450230742005e+05 
9.30013370228859e-02 1.05418492843851e+05 
9.31438904889621e-02 1.05389564877281e+05 
9.32864881184381e-02 1.05361754565680e+05 
9.34292492112644e-02 1.05335020697885e+05 
9.35721239037767e-02 1.05312818276459e+05 
9.37152436455873e-02 1.05295349668823e+05 
9.38586263975673e-02 1.05282570680026e+05 
9.40024194511175e-02 1.05275206863088e+05 
9.41467450628332e-02 1.05275434985033e+05 
9.42918567858889e-02 1.05283451172501e+05 
9.44378574323296e-02 1.05301096599301e+05 
9.45848046985274e-02 1.05328816049036e+05 
9.47313507688593e-02 1.05368353086199e+05 
9.48804765816224e-02 1.05418015031995e+05 
9.50214251285023e-02 1.05472878480869e+05 
9.51627209142471e-02 1.05535169585421e+05 
9.53044286518267e-02 1.05605095136883e+05 
9.54465055144726e-02 1.05682203248057e+05 
9.55890143328775e-02 1.05766601639004e+05 
9.57319656592137e-02 1.05857474717662e+05 
9.58755407197953e-02 1.05954912529606e+05 
9.60198990804919e-02 1.06058046961697e+05 
9.61652310278553e-02 1.06166890612325e+05 
9.63115430124764e-02 1.06280315083048e+05 
9.64590682239117e-02 1.06398370547985e+05 
9.66077213358103e-02 1.06519626473759e+05 
9.67494175069759e-02 1.06637096321130e+05 
9.68913680577597e-02 1.06755096303362e+05 
9.70334664385401e-02 1.06873496341544e+05 
9.71758320747265e-02 1.06990619504378e+05 
9.73184133920282e-02 1.07106711035613e+05 
9.74613412486194e-02 1.07219947343991e+05 
9.76046546017201e-02 1.07330492776768e+05 
9.77484759657301e-02 1.07436574537505e+05 
9.78929719312288e-02 1.07538684923369e+05 
9.80383866415788e-02 1.07638659187107e+05 
9.81848834202083e-02 1.07734010139733e+05 
9.83324927014659e-02 1.07822191879909e+05 
9.84791228985988e-02 1.07903675934664e+05 
9.86207343710075e-02 1.07971959303386e+05 
9.87629273691932e-02 1.08034630635681e+05 
9.89057303773409e-02 1.08086769404062e+05 
9.90488697052416e-02 1.08127975463157e+05 
9.91924391965281e-02 1.08166359233333e+05 
9.93362910100471e-02 1.08192391362896e+05 
9.94805607823700e-02 1.08205857011654e+05 
9.96252315649999e-02 1.08207297288173e+05 
9.97704488233075e-02 1.08196890508278e+05 
9.99163261757778e-02 1.08168285542995e+05 
1.00063100722167e-01 1.08136116591192e+05 
1.00210261182437e-01 1.08103113796673e+05 
1.00359026521561e-01 1.08066279274050e+05 
1.00507390443579e-01 1.08026519630103e+05 
1.00658494871188e-01 1.07981503317411e+05 
1.00808057405409e-01 1.07932878660825e+05 
1.00950848624151e-01 1.07878775010572e+05 
1.01094355907693e-01 1.07817164276029e+05 
1.01238461302523e-01 1.07747983976376e+05 
1.01383093186111e-01 1.07674290597003e+05 
1.01528211154189e-01 1.07595374271539e+05 
1.01673850869084e-01 1.07512052986060e+05 
1.01820077478169e-01 1.07423900367333e+05 
1.01966955206081e-01 1.07331633992876e+05 
1.02114579428608e-01 1.07235380594913e+05 
1.02262515491438e-01 1.07136285522282e+05 
1.02411763102460e-01 1.07033813351674e+05 
1.02561400282606e-01 1.06929698677407e+05 
1.02712303666778e-01 1.06822918081260e+05 
1.02864126056407e-01 1.06714639438348e+05 
1.03016868646410e-01 1.06604805066247e+05 
1.03167646951889e-01 1.06495963157404e+05 
1.03311373558117e-01 1.06391917683776e+05 
1.03455568116110e-01 1.06287622561277e+05 
1.03600142632627e-01 1.06183233248875e+05 
1.03745136228934e-01 1.06079034294279e+05 
1.03890507526914e-01 1.05975205480418e+05 
1.04036347921562e-01 1.05871901563908e+05 
1.04182669597518e-01 1.05768247042785e+05 
1.04329637152893e-01 1.05665518001695e+05 
1.04477296734754e-01 1.05562404759538e+05 
1.04625678265302e-01 1.05460943507878e+05 
1.04774747876512e-01 1.05359454399935e+05 
1.04924543186527e-01 1.05260190362112e+05 
1.05075061686371e-01 1.05161424577748e+05 
1.05226347933404e-01 1.05065221698955e+05 
1.05378437659750e-01 1.04969814959690e+05 
1.05531365001558e-01 1.04877364754355e+05 
1.05685225973689e-01 1.04785600108036e+05 
1.05830203725372e-01 1.04702816899148e+05 
1.05975315333112e-01 1.04620996303846e+05 
1.06120475637611e-01 1.04542689834411e+05 
1.06265796605213e-01 1.04465135654187e+05 
1.06411227464512e-01 1.04388925635253e+05 
1.06556899673652e-01 1.04313994828006e+05 
1.06702768850431e-01 1.04239770773712e+05 
1.06848960734430e-01 1.04166983990798e+05 
1.06995484518816e-01 1.04094934621455e+05 
1.07142631040748e-01 1.04024306876475e+05 
1.07290334129699e-01 1.03954265147432e+05 
1.07438716588295e-01 1.03885662145079e+05 
1.07587662452267e-01 1.03817542427086e+05 
1.07737314413664e-01 1.03750747483717e+05 
1.07887544302404e-01 1.03684273115790e+05 
1.08038537584843e-01 1.03618987821064e+05 
1.08190196456616e-01 1.03553813054265e+05 
1.08342734517789e-01 1.03489678643930e+05 
1.08496210732528e-01 1.03425372581997e+05 
1.08650850989688e-01 1.03361877412168e+05 
1.08800622771856e-01 1.03300419700590e+05 
1.08957198557718e-01 1.03237321815041e+05 
1.09109472864697e-01 1.03175905665635e+05 
1.09268769920442e-01 1.03112693074809e+05 
1.09414683311518e-01 1.03054627039927e+05 
1.09560692502454e-01 1.02997398361132e+05 
1.09706656475080e-01 1.02940097630021e+05 
1.09852854125456e-01 1.02883626162353e+05 
1.09999103848344e-01 1.02826640979020e+05 
1.10145742061060e-01 1.02770881567215e+05 
1.10292564910906e-01 1.02713944880179e+05 
1.10439788412632e-01 1.02658929380843e+05 
1.10587262576977e-01 1.02602034176866e+05 
1.10735203298517e-01 1.02547511907380e+05 
1.10883486328432e-01 1.02490643937449e+05 
1.11032309391157e-01 1.02436237302032e+05 
1.11181549226503e-01 1.02381530162432e+05 
1.11331388214184e-01 1.02327135124152e+05 
1.11481714324463e-01 1.02274655053283e+05 
1.11632153899814e-01 1.02220396956365e+05 
1.11782944314237e-01 1.02169619388571e+05 
1.11934076941310e-01 1.02118468959875e+05 
1.12085982487094e-01 1.02068397767786e+05 
1.12238554505030e-01 1.02017618315517e+05 
1.12392338661206e-01 1.01967684471372e+05 
1.12546974841915e-01 1.01916810288823e+05 
1.12703152343705e-01 1.01866647164135e+05 
1.12860736768355e-01 1.01815227599541e+05 
1.13020288205115e-01 1.01764412464725e+05 
1.13181627576589e-01 1.01712093438576e+05 
1.13345350795743e-01 1.01660322238404e+05 
1.13511183104050e-01 1.01606819385528e+05 
1.13679818243504e-01 1.01553821457472e+05 
1.13850340879455e-01 1.01499038207842e+05 
1.14022829061504e-01 1.01445089487020e+05 
1.14196560677399e-01 1.01389472171793e+05 
1.14372026257848e-01 1.01334805551759e+05 
1.14548663147835e-01 1.01278440811839e+05 
1.14727162277117e-01 1.01223022276848e+05 
1.14907690894392e-01 1.01164677628106e+05 
1.15061809790512e-01 1.01116808324029e+05 
1.15226095068237e-01 1.01064167007267e+05 
1.15385895708895e-01 1.01014861287483e+05 
1.15556866394462e-01 1.00959360633703e+05 
1.15722052107123e-01 1.00908784905974e+05 
1.15894046904058e-01 1.00852448816460e+05 
1.16042500196146e-01 1.00807322685563e+05 
1.16191263531829e-01 1.00759908990819e+05 
1.16340377849576e-01 1.00715125392340e+05 
1.16489875185705e-01 1.00669090827460e+05 
1.16639732120681e-01 1.00624529957587e+05 
1.16789929990843e-01 1.00579248526508e+05 
1.16940418626401e-01 1.00535143403054e+05 
1.17091172622308e-01 1.00489510882046e+05 
1.17242146910397e-01 1.00446144858031e+05 
1.17393335136276e-01 1.00402689072490e+05 
1.17544704994269e-01 1.00361285370247e+05 
1.17696270873319e-01 1.00319960322000e+05 
1.17848010100477e-01 1.00281002673897e+05 
1.17999951147146e-01 1.00242073676581e+05 
1.18152076888191e-01 1.00203254174650e+05 
1.18304423359918e-01 1.00164894244169e+05 
1.18456976712444e-01 1.00127661409276e+05 
1.18609775285582e-01 1.00090593341973e+05 
1.18762807952114e-01 1.00054332464276e+05 
1.18916112463915e-01 1.00017819282860e+05 
1.19069681935399e-01 9.99822571512328e+04 
1.19223554164223e-01 9.99475339166534e+04 
1.19377732032136e-01 9.99155473563197e+04 
1.19532257255358e-01 9.98859903454970e+04 
1.19687351104772e-01 9.98609783635617e+04 
1.19843180345061e-01 9.98400288947586e+04 
1.20000060429003e-01 9.98256066797760e+04 
1.20158000776961e-01 9.98176453737757e+04 
1.20317193883543e-01 9.98180218355234e+04 
1.20477628558591e-01 9.98273547117171e+04 
1.20639529222294e-01 9.98468304507229e+04 
1.20802919150090e-01 9.98769999470313e+04 
1.20959374503621e-01 9.99164697222637e+04 
1.21123631682789e-01 9.99688311634479e+04 
1.21287564226706e-01 1.00032582759857e+05 
1.21456056564433e-01 1.00111734192388e+05 
1.21627509906004e-01 1.00209885177063e+05 
1.21801595166727e-01 1.00325170495315e+05 
1.21978844685487e-01 1.00461848209402e+05 
1.22158271440006e-01 1.00616927485159e+05 
1.22340613188096e-01 1.00794078255811e+05 
1.22524534830271e-01 1.00989788068673e+05 
1.22674854276751e-01 1.01163875334259e+05 
1.22825382475320e-01 1.01348652012205e+05 
1.22976024203739e-01 1.01545384858987e+05 
1.23126787152359e-01 1.01751460473829e+05 
1.23277591470239e-01 1.01967992424306e+05 
1.23428491771679e-01 1.02192152042239e+05 
1.23579411646864e-01 1.02424926321058e+05 
1.23730433276591e-01 1.02663244159357e+05 
1.23881477562875e-01 1.02908085665095e+05 
1.24032643905779e-01 1.03155979703750e+05 
1.24183848334770e-01 1.03407858738313e+05 
1.24335200661195e-01 1.03660190837053e+05 
1.24486611973262e-01 1.03913712678137e+05 
1.24638198518345e-01 1.04164820450791e+05 
1.24789867846577e-01 1.04414998092013e+05 
1.24941740061013e-01 1.04660595279727e+05 
1.25093721638540e-01 1.04902539821526e+05 
1.25245933985655e-01 1.05136683976851e+05 
1.25398285973193e-01 1.05364069672691e+05 
1.25550897662026e-01 1.05584722514636e+05 
1.25703684912029e-01 1.05797635342014e+05 
1.25856764074439e-01 1.05997272928011e+05 
1.26010063954860e-01 1.06183881748059e+05 
1.26163698425499e-01 1.06353505005963e+05 
1.26317619449477e-01 1.06508110087127e+05 
1.26471939105733e-01 1.06644267721250e+05 
1.26626646092835e-01 1.06777996029680e+05 
1.26781850299372e-01 1.06902225763014e+05 
1.26937881622943e-01 1.07000269955873e+05 
1.27094930362844e-01 1.07070051804417e+05 
1.27251377002972e-01 1.07119721986505e+05 
1.27409265808123e-01 1.07147744326994e+05 
1.27570063749376e-01 1.07161674467095e+05 
1.27733929230714e-01 1.07157979916299e+05 
1.27901781091469e-01 1.07142962835017e+05 
1.28072737897242e-01 1.07110350366690e+05 
1.28218185705280e-01 1.07077561257525e+05 
1.28363977920864e-01 1.07018072419527e+05 
1.28509971275683e-01 1.06975672427985e+05 
1.28656202077057e-01 1.06916076192596e+05 
1.28802517702585e-01 1.06867284862866e+05 
1.28949004197496e-01 1.06808226910405e+05 
1.29095516417383e-01 1.06755187092628e+05 
1.29242188033629e-01 1.06696658906641e+05 
1.29388887271321e-01 1.06637662410942e+05 
1.29535756866757e-01 1.06579473529865e+05 
1.29682684153811e-01 1.06519837120772e+05 
1.29829836348468e-01 1.06460863570870e+05 
1.29977121078145e-01 1.06398163254555e+05 
1.30124720645797e-01 1.06336621173932e+05 
1.30272564515054e-01 1.06272687706313e+05 
1.30420831306060e-01 1.06209015489351e+05 
1.30569479879183e-01 1.06142705958412e+05 
1.30718672174336e-01 1.06075026791929e+05 
1.30868409793429e-01 1.06004978420409e+05 
1.31018835663459e-01 1.05933544590361e+05 
1.31170025018926e-01 1.05860130162031e+05 
1.31322126572725e-01 1.05785294853288e+05 
1.31475309820687e-01 1.05708751134859e+05 
1.31629732753712e-01 1.05630873757747e+05 
1.31780134113893e-01 1.05554323126249e+05 
1.31934935652484e-01 1.05475100453173e+05 
1.32092186076007e-01 1.05394218411687e+05 
1.32252255772144e-01 1.05311704531583e+05 
1.32415982217274e-01 1.05227069730945e+05 
1.32582766305005e-01 1.05140945543350e+05 
1.32753118679738e-01 1.05052662143268e+05 
1.32925790714862e-01 1.04963741086186e+05 
1.33068055658640e-01 1.04889549799013e+05 
1.33210681381290e-01 1.04816334313297e+05 
1.33353562479215e-01 1.04741415140568e+05 
1.33496718064093e-01 1.04667927075658e+05 
1.33640055331951e-01 1.04592552842049e+05 
1.33783631371720e-01 1.04519083161125e+05 
1.33927369582914e-01 1.04443635846810e+05 
1.34071327654949e-01 1.04370336364987e+05 
1.34215445482811e-01 1.04297424131600e+05 
1.34359788452022e-01 1.04224252809912e+05 
1.34504308065851e-01 1.04152227050845e+05 
1.34649077038755e-01 1.04079375029782e+05 
1.34794056816306e-01 1.04008144903414e+05 
1.34939321130115e-01 1.03935837979368e+05 
1.35084841776250e-01 1.03865399671487e+05 
1.35230686785261e-01 1.03793861740814e+05 
1.35376839860024e-01 1.03724259881022e+05 
1.35523359905625e-01 1.03653662291521e+05 
1.35670245294483e-01 1.03584977668456e+05 
1.35817546758671e-01 1.03515638401015e+05 
1.35965285818207e-01 1.03448057966500e+05 
1.36113511697788e-01 1.03380115663438e+05 
1.36262272723307e-01 1.03313743979784e+05 
1.36411614873409e-01 1.03247333801723e+05 
1.36561618990402e-01 1.03181771348916e+05 
1.36712327969785e-01 1.03117171894548e+05 
1.36863864246470e-01 1.03052978839193e+05 
1.37016270850456e-01 1.02990430050471e+05 
1.37169724797526e-01 1.02928376518878e+05 
1.37324275489488e-01 1.02868043875511e+05 
1.37480172484778e-01 1.02808393822864e+05 
1.37637482939362e-01 1.02750292172049e+05 
1.37787483870108e-01 1.02695903330324e+05 
1.37945665778121e-01 1.02641857123069e+05 
1.38102480452158e-01 1.02588836687905e+05 
1.38264177299690e-01 1.02539325589590e+05 
1.38427463888067e-01 1.02487542960473e+05 
1.38594161747005e-01 1.02439583208253e+05 
1.38762551230683e-01 1.02389854434615e+05 
1.38933780872203e-01 1.02343361773646e+05 
1.39106357883108e-01 1.02296394274310e+05 
1.39281165845738e-01 1.02251986917965e+05 
1.39457302353472e-01 1.02211554569973e+05 
1.39635094768872e-01 1.02169405287153e+05 
1.39779525542537e-01 1.02137976128121e+05 
1.39924084627284e-01 1.02105599965250e+05 
1.40068752928810e-01 1.02075807058601e+05 
1.40213496973272e-01 1.02045088609188e+05 
1.40358312610683e-01 1.02015995734116e+05 
1.40503198706202e-01 1.01986884970654e+05 
1.40648157805500e-01 1.01958157390410e+05 
1.40793203089778e-01 1.01930864195690e+05 
1.40938337565901e-01 1.01903549055780e+05 
1.41083578398173e-01 1.01878033204637e+05 
1.41228925663494e-01 1.01852292240026e+05 
1.41374398192608e-01 1.01827994441977e+05 
1.41519995199253e-01 1.01803364922803e+05 
1.41665736708092e-01 1.01779882603298e+05 
1.41811622243764e-01 1.01755957186038e+05 
1.41957671391362e-01 1.01732834330607e+05 
1.42103884745922e-01 1.01709239834172e+05 
1.42250280415801e-01 1.01686327097996e+05 
1.42396861225241e-01 1.01662870126787e+05 
1.42543642698959e-01 1.01640046482272e+05 
1.42690630962972e-01 1.01616676102392e+05 
1.42837838548839e-01 1.01593650163898e+05 
1.42985276952189e-01 1.01570227794870e+05 
1.43132958505894e-01 1.01546478976821e+05 
1.43280902389712e-01 1.01522889808072e+05 
1.43429120233272e-01 1.01498329280913e+05 
1.43577639892532e-01 1.01474122237257e+05 
1.43726471467723e-01 1.01448739742767e+05 
1.43875653361851e-01 1.01423787341808e+05 
1.44025193399841e-01 1.01397659311633e+05 
1.44175143141220e-01 1.01371967082846e+05 
1.44325507524366e-01 1.01345069368012e+05 
1.44476355022449e-01 1.01318547033979e+05 
1.44627686686373e-01 1.01290756596195e+05 
1.44779592684699e-01 1.01263211187596e+05 
1.44932076291341e-01 1.01234288137637e+05 
1.45085242902595e-01 1.01205471943629e+05 
1.45239095453968e-01 1.01175153278499e+05 
1.45393725288008e-01 1.01144817595200e+05 
1.45549169275298e-01 1.01112812602243e+05 
1.45705510870472e-01 1.01080728563334e+05 
1.45862828590322e-01 1.01046781149637e+05 
1.46021196194470e-01 1.01012689513541e+05 
1.46180744947749e-01 1.00976549122159e+05 
1.46341200695222e-01 1.00940171932400e+05 
1.46502945399104e-01 1.00901605265973e+05 
1.46666316939937e-01 1.00862540089013e+05 
1.46831716956637e-01 1.00820998596700e+05 
1.46983207597553e-01 1.00782811680002e+05 
1.47144286152809e-01 1.00740420449322e+05 
1.47311798996254e-01 1.00696238963183e+05 
1.47473523361398e-01 1.00651724883880e+05 
1.47643845852212e-01 1.00604817637345e+05 
1.47810134467159e-01 1.00557162409237e+05 
1.47974118993319e-01 1.00510253829654e+05 
1.48143448448422e-01 1.00460080200090e+05 
1.48311832410971e-01 1.00410461833954e+05 
1.48484679442208e-01 1.00357837912400e+05 
1.48656173356730e-01 1.00306174835575e+05 
1.48831774349202e-01 1.00251727856320e+05 
1.49005603084057e-01 1.00198676047998e+05 
1.49182930348242e-01 1.00143273673850e+05 
1.49358523889552e-01 1.00089464252164e+05 
1.49536764833514e-01 1.00033926966559e+05 
1.49713524162817e-01 9.99793651006834e+04 
1.49892669767227e-01 9.99250218867703e+04 
1.50070467364320e-01 9.98739347021880e+04 
1.50250587477898e-01 9.98216078565963e+04 
1.50429487948352e-01 9.97749875708203e+04 
1.50610662403219e-01 9.97269180869318e+04 
1.50790730377512e-01 9.96849043144425e+04 
1.50973017915041e-01 9.96414455218547e+04 
1.51121034817183e-01 9.96083035100995e+04 
1.51269030701827e-01 9.95757458110444e+04 
1.51417116621261e-01 9.95466223456172e+04 
1.51565190772030e-01 9.95164749951518e+04 
1.51713371903284e-01 9.94904676354940e+04 
1.51861558189025e-01 9.94658254718487e+04 
1.52009839633007e-01 9.94449231734804e+04 
1.52158112283180e-01 9.94255102589926e+04 
1.52306451077418e-01 9.94111380391157e+04 
1.52454822543990e-01 9.93964305965429e+04 
1.52603205058632e-01 9.93854493786598e+04 
1.52751623372456e-01 9.93755071904239e+04 
1.52900051903446e-01 9.93705624148963e+04 
1.53048515275269e-01 9.93680880208238e+04 
1.53196988590357e-01 9.93715851075382e+04 
1.53345496935396e-01 9.93783028823796e+04 
1.53494016242445e-01 9.93914924112110e+04 
1.53642571396870e-01 9.94069333016869e+04 
1.53791138141439e-01 9.94295136460806e+04 
1.53939741039701e-01 9.94543746815751e+04 
1.54088354894094e-01 9.94861646995014e+04 
1.54237004905113e-01 9.95198405315455e+04 
1.54385666109714e-01 9.95556011769258e+04 
1.54534363748048e-01 9.95975186433840e+04 
1.54683072475248e-01 9.96396439023476e+04 
1.54831817564053e-01 9.96859549592742e+04 
1.54995437161740e-01 9.97393980850534e+04 
1.55175418719195e-01 9.98033098800414e+04 
1.55370930502277e-01 9.98756068461832e+04 
1.55566660239426e-01 9.99551275338217e+04 
1.55763480489606e-01 1.00034299940319e+05 
1.55960422402041e-01 1.00120430592256e+05 
1.56158437825571e-01 1.00203479994869e+05 
1.56356627011498e-01 1.00291141787925e+05 
1.56555864812905e-01 1.00374930980926e+05 
1.56755247622800e-01 1.00460646056490e+05 
1.56955645319310e-01 1.00545580682703e+05 
1.57156146396039e-01 1.00624889861737e+05 
1.57357638000257e-01 1.00701922705692e+05 
1.57559182888121e-01 1.00769255668706e+05 
1.57761694253071e-01 1.00831776777375e+05 
1.57964197200172e-01 1.00890735121769e+05 
1.58167644092398e-01 1.00948753768930e+05 
1.58371010221914e-01 1.01001523028748e+05 
1.58575302673036e-01 1.01052191906641e+05 
1.58779434736614e-01 1.01094932325098e+05 
1.58984479801024e-01 1.01136074668395e+05 
1.59189277860034e-01 1.01170766439385e+05 
1.59394980249618e-01 1.01204338765081e+05 
1.59600345618015e-01 1.01231766990213e+05 
1.59806612877252e-01 1.01258589960668e+05 
1.60012452638369e-01 1.01279357683037e+05 
1.60219197669466e-01 1.01299730933218e+05 
1.60425427968209e-01 1.01314206868160e+05 
1.60632571222776e-01 1.01328476860337e+05 
1.60839117841607e-01 1.01337178433296e+05 
1.61046586021781e-01 1.01346076310398e+05 
1.61253383241671e-01 1.01349855891940e+05 
1.61461109166707e-01 1.01354262295238e+05 
1.61668096997856e-01 1.01354050728525e+05 
1.61876014544626e-01 1.01354847643957e+05 
1.62083137372674e-01 1.01354203254947e+05 
1.62291176348560e-01 1.01355223710224e+05 
1.62498372435728e-01 1.01351292355932e+05 
1.62706450785256e-01 1.01347202791460e+05 
1.62913652319982e-01 1.01339433014693e+05 
1.63121683991122e-01 1.01332753001406e+05 
1.63328822269634e-01 1.01323115332019e+05 
1.63536720620202e-01 1.01315259290021e+05 
1.63743722759172e-01 1.01305521672174e+05 
1.63951402772465e-01 1.01299409774666e+05 
1.64158190688002e-01 1.01290336685059e+05 
1.64365570713011e-01 1.01283164802503e+05 
1.64572062204977e-01 1.01274764094946e+05 
1.64779028638574e-01 1.01268945589451e+05 
1.64985147213083e-01 1.01262165000942e+05 
1.65191348062601e-01 1.01258990989997e+05 
1.65397025294409e-01 1.01254886504947e+05 
1.65602394963118e-01 1.01254282205693e+05 
1.65807354778013e-01 1.01252696010685e+05 
1.66011859971630e-01 1.01254764070587e+05 
1.66215949206841e-01 1.01255565977948e+05 
1.66419591176969e-01 1.01260100848460e+05 
1.66622825814002e-01 1.01263462540083e+05 
1.66825637246623e-01 1.01270296477040e+05 
1.67028062257024e-01 1.01275781437076e+05 
1.67230101103572e-01 1.01284302946548e+05 
1.67431782603714e-01 1.01291011069336e+05 
1.67633090257463e-01 1.01300039823656e+05 
1.67834047017392e-01 1.01306687160910e+05 
1.68034659833812e-01 1.01314831395074e+05 
1.68234955594441e-01 1.01320032734266e+05 
1.68398118574792e-01 1.01324766191268e+05 
1.68571835162047e-01 1.01327434993176e+05 
1.68752004595346e-01 1.01330137015273e+05 
1.68936796472158e-01 1.01329716963740e+05 
1.69102756460797e-01 1.01330180810410e+05 
1.69276662030323e-01 1.01328687770632e+05 
1.69455036768205e-01 1.01325590237045e+05 
1.69633858221613e-01 1.01316558814520e+05 
1.69819474883879e-01 1.01306372954746e+05 
1.70009757072568e-01 1.01289629810834e+05 
1.70203031733853e-01 1.01272173055767e+05 
1.70397600213762e-01 1.01247712372585e+05 
1.70593870909914e-01 1.01222244634511e+05 
1.70791218318713e-01 1.01189806965357e+05 
1.70989882531272e-01 1.01156423818811e+05 
1.71189146856316e-01 1.01116523254676e+05 
1.71389565586749e-01 1.01075827846972e+05 
1.71590313833808e-01 1.01029211686830e+05 
1.71790609694667e-01 1.00982745965768e+05 
1.71990737761255e-01 1.00930765064975e+05 
1.72190693710621e-01 1.00879120509667e+05 
1.72390670225695e-01 1.00822493702923e+05 
1.72590636850986e-01 1.00766542531927e+05 
1.72790532957937e-01 1.00706152135455e+05 
1.72990383307793e-01 1.00646751357114e+05 
1.73190170117495e-01 1.00583022495546e+05 
1.73389949258268e-01 1.00520884057480e+05 
1.73589690358401e-01 1.00454828557635e+05 
1.73789432722968e-01 1.00390607349862e+05 
1.73989145809028e-01 1.00321563014993e+05 
1.74188860274641e-01 1.00255969329536e+05 
1.74388544723570e-01 1.00185540749622e+05 
1.74588228535500e-01 1.00118824566834e+05 
1.74787878657780e-01 1.00047437189948e+05 
1.74987529317406e-01 9.99798198396862e+04 
1.75187146965074e-01 9.99078207565899e+04 
1.75386773128675e-01 9.98395073813514e+04 
1.75586371719579e-01 9.97670106066413e+04 
1.75785990782588e-01 9.96981217829630e+04 
1.75985589320170e-01 9.96253770004772e+04 
1.76185220091642e-01 9.95560669162920e+04 
1.76384835073194e-01 9.94835738668434e+04 
1.76584494806855e-01 9.94138897855824e+04 
1.76783793498621e-01 9.93418273559013e+04 
1.76983189340360e-01 9.92722717716516e+04 
1.77182150786658e-01 9.92005387825551e+04 
1.77381274672461e-01 9.91318048839512e+04 
1.77579865995963e-01 9.90610095788998e+04 
1.77778716460954e-01 9.89937065502788e+04 
1.77976893612309e-01 9.89247734464968e+04 
1.78175456218344e-01 9.88602201091705e+04 
1.78373164390039e-01 9.87948168071640e+04 
1.78571413889347e-01 9.87330224573507e+04 
1.78768589677186e-01 9.86717538966617e+04 
1.78966493782582e-01 9.86144862021853e+04 
1.79163067849973e-01 9.85591177314411e+04 
1.79360591594596e-01 9.85083813585264e+04 
1.79556491170706e-01 9.84604813827867e+04 
1.79753599639831e-01 9.84179729820966e+04 
1.79948749268661e-01 9.83787232672006e+04 
1.80145409804212e-01 9.83458974075008e+04 
1.80339732290057e-01 9.83167839721550e+04 
1.80535771614362e-01 9.82952417193065e+04 
1.80729188865180e-01 9.82783546065215e+04 
1.80924218580352e-01 9.82700893846306e+04 
1.81116651597880e-01 9.82694794497410e+04 
1.81310578858600e-01 9.82778404325501e+04 
1.81501945374935e-01 9.82966472633181e+04 
1.81694675008594e-01 9.83260088905901e+04 
1.81884889018674e-01 9.83641745637181e+04 
1.82076319527969e-01 9.84106517997560e+04 
1.82265289425748e-01 9.84634560991598e+04 
1.82455316561554e-01 9.85240190683738e+04 
1.82642950012443e-01 9.85913277015100e+04 
1.82831471320670e-01 9.86654636234450e+04 
1.83017676370825e-01 9.87490427333753e+04 
1.83204591651782e-01 9.88388603626353e+04 
1.83389276165868e-01 9.89303944007111e+04 
1.83574488622443e-01 9.90269459707706e+04 
1.83757562140836e-01 9.91276476358002e+04 
1.83940981716839e-01 9.92322955949123e+04 
1.84122359516664e-01 9.93393622951131e+04 
1.84303907220729e-01 9.94495325528088e+04 
1.84483514472526e-01 9.95609342245778e+04 
1.84663125660675e-01 9.96740306139739e+04 
1.84840900845643e-01 9.97865689565766e+04 
1.85018528721414e-01 9.99019191179350e+04 
1.85194427188294e-01 1.00013819335010e+05 
1.85370045647040e-01 1.00123643071799e+05 
1.85544043091618e-01 1.00229900063893e+05 
1.85717649282925e-01 1.00333545969879e+05 
1.85889743572686e-01 1.00432996501139e+05 
1.86061358248481e-01 1.00529507528916e+05 
1.86231569812631e-01 1.00621529574181e+05 
1.86401236513699e-01 1.00710358987717e+05 
1.86569607394299e-01 1.00791396290833e+05 
1.86737390106103e-01 1.00872009501809e+05 
1.86903981557398e-01 1.00947357317914e+05 
1.87069961348861e-01 1.01018404761746e+05 
1.87234850551851e-01 1.01087685318905e+05 
1.87399121623083e-01 1.01152528224903e+05 
1.87562397837150e-01 1.01215187765971e+05 
1.87725063120800e-01 1.01273442164140e+05 
1.87887100906617e-01 1.01328255913799e+05 
1.88048858665254e-01 1.01378713212559e+05 
1.88210487951393e-01 1.01426031101967e+05 
1.88372137215986e-01 1.01469368659100e+05 
1.88533714286314e-01 1.01509853976854e+05 
1.88695314683850e-01 1.01546609787833e+05 
1.88856829883939e-01 1.01580692061083e+05 
1.89018352830408e-01 1.01611434269796e+05 
1.89179780600899e-01 1.01639360180165e+05 
1.89341207279334e-01 1.01665082986015e+05 
1.89502531549723e-01 1.01687681934402e+05 
1.89663849230638e-01 1.01708391539123e+05 
1.89825056089788e-01 1.01726145053226e+05 
1.89986250992463e-01 1.01742268208100e+05 
1.90147325851707e-01 1.01755968894000e+05 
1.90308383488141e-01 1.01768920893291e+05 
1.90469310827225e-01 1.01780993688322e+05 
1.90630215318512e-01 1.01792865417967e+05 
1.90790978267226e-01 1.01804158803560e+05 
1.90951712220015e-01 1.01815759122008e+05 
1.91112257586100e-01 1.01827127808319e+05 
1.91273147352045e-01 1.01839194993129e+05 
1.91433993064079e-01 1.01851342290665e+05 
1.91594846366427e-01 1.01864399196879e+05 
1.91755536404749e-01 1.01877769334481e+05 
1.91916185641973e-01 1.01892133091230e+05 
1.92076612316609e-01 1.01907391159696e+05 
1.92237364910122e-01 1.01923475047008e+05 
1.92398039344864e-01 1.01940225592291e+05 
1.92558705617849e-01 1.01957617034261e+05 
1.92719139665322e-01 1.01975431794854e+05 
1.92879894112087e-01 1.01994202722108e+05 
1.93040552406135e-01 1.02013075008253e+05 
1.93201186257599e-01 1.02032524851621e+05 
1.93361570172639e-01 1.02051858058134e+05 
1.93522256725520e-01 1.02071691052016e+05 
1.93682834340743e-01 1.02091323456527e+05 
1.93843369843988e-01 1.02111369159930e+05 
1.94003643506731e-01 1.02131096102931e+05 
1.94164202295940e-01 1.02151340629497e+05 
1.94324644044836e-01 1.02171106602488e+05 
1.94485026252064e-01 1.02191122551174e+05 
1.94645139687502e-01 1.02210282604403e+05 
1.94805519441906e-01 1.02229379770747e+05 
1.94965778698870e-01 1.02247382656525e+05 
1.95125960604222e-01 1.02267673090333e+05 
1.95285872055347e-01 1.02285891443672e+05 
1.95446029726887e-01 1.02301578084407e+05 
1.95606000746982e-01 1.02316104171753e+05 
1.95765923838021e-01 1.02328495565180e+05 
1.95925560611115e-01 1.02340163493101e+05 
1.96085524020020e-01 1.02349967652885e+05 
1.96245367984043e-01 1.02358858047089e+05 
1.96405209963052e-01 1.02365839865815e+05 
1.96564810022641e-01 1.02371767683783e+05 
1.96724363475967e-01 1.02373934760444e+05 
1.96883617651883e-01 1.02375850856511e+05 
1.97043325672700e-01 1.02378101866191e+05 
1.97202703917897e-01 1.02379883856118e+05 
1.97362072575180e-01 1.02381410224194e+05 
1.97521204909508e-01 1.02381529307641e+05 
1.97680846036744e-01 1.02379689576464e+05 
1.97840188214153e-01 1.02375868925350e+05 
1.97999542485665e-01 1.02370091411731e+05 
1.98158704345276e-01 1.02362304019758e+05 
1.98318008801224e-01 1.02351850494222e+05 
1.98476887392116e-01 1.02339098875539e+05 
1.98635737158044e-01 1.02323786596943e+05 
1.98794354848082e-01 1.02305760357935e+05 
1.98953489435308e-01 1.02286528054015e+05 
1.99112344561867e-01 1.02265331191014e+05 
1.99271233681150e-01 1.02243240106262e+05 
1.99429960782274e-01 1.02219290533117e+05 
1.99588861433257e-01 1.02194556800774e+05 
1.99747375001546e-01 1.02168225597159e+05 
1.99905903691310e-01 1.02141290534079e+05 
2.00064285925993e-01 1.02113400326492e+05 
2.00222868739081e-01 1.02085271040598e+05 
