# Liste des scalaires : TEMPS pmat 
0.00000000000000e+00 1.00000000000000e+05 
7.22956891292051e-05 1.00000000000000e+05 
1.39473830159791e-04 1.00000000000000e+05 
2.09658797050095e-04 1.00000000000000e+05 
2.76117114236753e-04 1.00000000000000e+05 
3.20638761908151e-04 1.00000000000000e+05 
3.55139419127702e-04 1.00000000000000e+05 
3.84466703006984e-04 1.00000000000000e+05 
4.10882456555388e-04 1.00000000000000e+05 
4.35440253196366e-04 1.00000000000000e+05 
4.62453829501442e-04 1.00000000000000e+05 
4.92168763437026e-04 1.00000000000000e+05 
5.24855190766167e-04 1.00000000000000e+05 
5.60810260828224e-04 1.00000000000000e+05 
6.00360837896485e-04 1.00000000000000e+05 
6.43866472671573e-04 1.00000000000000e+05 
6.91722670924170e-04 1.00000000000000e+05 
7.44364489002026e-04 1.00000000000000e+05 
8.02270488887668e-04 1.00000000000000e+05 
8.65967088761874e-04 1.00000000000000e+05 
9.36033348623501e-04 1.00000000000000e+05 
1.01310623447129e-03 1.00000000000000e+05 
1.09788640890386e-03 1.00000000000000e+05 
1.19114460077968e-03 1.00000000000000e+05 
1.28729236413099e-03 1.00000000000000e+05 
1.39278398171141e-03 1.00000000000000e+05 
1.50025493326702e-03 1.00000000000000e+05 
1.61148313974194e-03 1.00000000000000e+05 
1.72539386525275e-03 1.00000000000000e+05 
1.78558613473584e-03 1.00000000000000e+05 
1.84627305820757e-03 1.00000000000000e+05 
1.90635435546604e-03 1.00000000000000e+05 
1.96620931457069e-03 1.00000000000000e+05 
2.02653297821869e-03 1.00000000000000e+05 
2.08658227871053e-03 1.00000000000000e+05 
2.14650472301587e-03 1.00000000000000e+05 
2.20662247694339e-03 1.00000000000000e+05 
2.26747317219812e-03 1.00000000000000e+05 
2.32835107907083e-03 1.00000000000000e+05 
2.38921554294654e-03 1.00000000000000e+05 
2.45034169344826e-03 1.00000000000000e+05 
2.51228118018012e-03 1.00000000000000e+05 
2.57520698368471e-03 1.00000000000000e+05 
2.63958342360378e-03 1.00000000000000e+05 
2.70597335028180e-03 1.00000000000000e+05 
2.77520893861742e-03 1.00000000000000e+05 
2.84862957463574e-03 1.00000000000000e+05 
2.92752753144638e-03 1.00000000000000e+05 
3.01377822474432e-03 1.00000000000000e+05 
3.10165423742467e-03 1.00000000000000e+05 
3.17397997653898e-03 1.00000000000000e+05 
3.24886430454024e-03 1.00000000000000e+05 
3.32786023364224e-03 1.00000000000000e+05 
3.41210341430205e-03 1.00000000000000e+05 
3.50007807829034e-03 1.00000000000000e+05 
3.58831210687740e-03 1.00000000000000e+05 
3.67675078092048e-03 1.00000000000000e+05 
3.75712080215671e-03 1.00000000000000e+05 
3.84034386480132e-03 1.00000000000000e+05 
3.92747476792600e-03 1.00000000000000e+05 
4.01783918821262e-03 1.00000000000000e+05 
4.10889501267468e-03 1.00000000000000e+05 
4.20052417140016e-03 1.00000000000000e+05 
4.29284550377359e-03 1.00000000000000e+05 
4.38016364634150e-03 1.00000000000000e+05 
4.46991077214263e-03 1.00000000000000e+05 
4.56277277551788e-03 1.00000000000000e+05 
4.65773457880626e-03 1.00000000000000e+05 
4.75337573093268e-03 1.00000000000000e+05 
4.84988102980499e-03 1.00000000000000e+05 
4.94713869833119e-03 1.00000000000000e+05 
5.04534950141931e-03 1.00000000000000e+05 
5.14080736628516e-03 1.00000000000000e+05 
5.23857144098582e-03 1.00000000000000e+05 
5.33894025601961e-03 1.00000000000000e+05 
5.44087885883492e-03 1.00000000000000e+05 
5.54376342986565e-03 1.00000000000000e+05 
5.64785863270300e-03 1.00000000000000e+05 
5.75302280949968e-03 1.00000000000000e+05 
5.85475293573983e-03 1.00000000000000e+05 
5.95904897713771e-03 1.00000000000000e+05 
6.06311636497088e-03 1.00000000000000e+05 
6.16907328904473e-03 1.00000000000000e+05 
6.27720964571865e-03 1.00000000000000e+05 
6.38786841200429e-03 1.00000000000000e+05 
6.50156579378232e-03 1.00000000000000e+05 
6.61145240877228e-03 1.00000000000000e+05 
6.72353653624395e-03 1.00000000000000e+05 
6.83801866244925e-03 1.00000000000000e+05 
6.95605776903764e-03 1.00000000000000e+05 
7.06179729051706e-03 1.00000000000000e+05 
7.17034889010783e-03 1.00000000000000e+05 
7.28041847923626e-03 1.00000000000000e+05 
7.39479483653134e-03 1.00000000000000e+05 
7.50019462034772e-03 1.00000000000000e+05 
7.60647510452839e-03 1.00000000000000e+05 
7.71380768450443e-03 1.00000000000000e+05 
7.82272753524186e-03 1.00000000000000e+05 
7.93327883909359e-03 1.00000000000000e+05 
8.04591303288879e-03 1.00000000000000e+05 
8.16068409455713e-03 1.00000000000000e+05 
8.27792749123481e-03 1.00000000000000e+05 
8.39783337811085e-03 1.00000000000000e+05 
8.52041600322999e-03 1.00000000000000e+05 
8.64602744491633e-03 1.00000000000000e+05 
8.77436186188056e-03 1.00000000000000e+05 
8.90602117031416e-03 1.00000000000000e+05 
9.04061227395959e-03 1.00000000000000e+05 
9.17889648671252e-03 1.00000000000000e+05 
9.30700552272170e-03 1.00000000000000e+05 
9.42699482775821e-03 1.00000000000000e+05 
9.54765769570818e-03 1.00000000000000e+05 
9.66888361764227e-03 1.00000000000000e+05 
9.79083750617112e-03 1.00000000000000e+05 
9.91343143779626e-03 1.00000000000000e+05 
1.00367511324580e-02 1.00000000000000e+05 
1.01605518110632e-02 1.00000000000000e+05 
1.02849191662086e-02 1.00000000000000e+05 
1.04099320820553e-02 1.00000000000000e+05 
1.05357315381372e-02 1.00000000000000e+05 
1.06624422802735e-02 1.00000000000000e+05 
1.07888847172425e-02 1.00000000000000e+05 
1.09158031382482e-02 1.00000000000000e+05 
1.10409617613069e-02 1.00000000000000e+05 
1.11689276322459e-02 1.00000000000000e+05 
1.12898485271800e-02 1.00000000000000e+05 
1.14106520638937e-02 1.00000000000000e+05 
1.15315577310962e-02 1.00000000000000e+05 
1.16527021764998e-02 1.00000000000000e+05 
1.17725901789559e-02 1.00000000000000e+05 
1.18949025973829e-02 1.00000000000000e+05 
1.20182471886472e-02 1.00000000000000e+05 
1.21429404187598e-02 1.00000000000000e+05 
1.22695377085258e-02 1.00000000000000e+05 
1.23886949659746e-02 1.00000000000000e+05 
1.25075836051706e-02 1.00000000000000e+05 
1.26264391627033e-02 1.00000000000000e+05 
1.27456648452664e-02 1.00000000000000e+05 
1.28655484756827e-02 1.00000000000000e+05 
1.29864780560813e-02 1.00000000000000e+05 
1.31087828000062e-02 1.00000000000000e+05 
1.32329760651204e-02 1.00000000000000e+05 
1.33509231221845e-02 1.00000000000000e+05 
1.34686098973348e-02 1.00000000000000e+05 
1.35862555129627e-02 1.00000000000000e+05 
1.37042364277036e-02 1.00000000000000e+05 
1.38228258635874e-02 1.00000000000000e+05 
1.39424026110049e-02 1.00000000000000e+05 
1.40632832822242e-02 1.00000000000000e+05 
1.41797389466819e-02 1.00000000000000e+05 
1.42956468176060e-02 1.00000000000000e+05 
1.44110635866656e-02 1.00000000000000e+05 
1.45261692840744e-02 1.00000000000000e+05 
1.46412188398492e-02 1.00000000000000e+05 
1.47563362583733e-02 1.00000000000000e+05 
1.48717086689366e-02 1.00000000000000e+05 
1.49874973788984e-02 1.00000000000000e+05 
1.50991693152874e-02 1.00000000000000e+05 
1.52098974346923e-02 1.00000000000000e+05 
1.53197222600680e-02 1.00000000000000e+05 
1.54288801472334e-02 1.00000000000000e+05 
1.55375964756612e-02 1.00000000000000e+05 
1.56460859232598e-02 1.00000000000000e+05 
1.57545267798414e-02 1.00000000000000e+05 
1.58630579709513e-02 1.00000000000000e+05 
1.59717910162971e-02 1.00000000000000e+05 
1.60802297835549e-02 1.00000000000000e+05 
1.61881714758176e-02 1.00000000000000e+05 
1.62956997257937e-02 1.00000000000000e+05 
1.64027855139775e-02 1.00000000000000e+05 
1.65095428004099e-02 1.00000000000000e+05 
1.66159385850554e-02 1.00000000000000e+05 
1.67221097530576e-02 1.00000000000000e+05 
1.68280130651391e-02 1.00000000000000e+05 
1.69337968756657e-02 1.00000000000000e+05 
1.70396748887153e-02 1.00000000000000e+05 
1.71453910775374e-02 1.00000000000000e+05 
1.72517271347653e-02 1.00000000000000e+05 
1.73571509917293e-02 1.00000000000000e+05 
1.74641344989225e-02 1.00000000000000e+05 
1.75696261489440e-02 1.00000000000000e+05 
1.76764335433754e-02 1.00000000000000e+05 
1.77823098958043e-02 1.00000000000000e+05 
1.78897751596296e-02 1.00000000000000e+05 
1.79963048417178e-02 1.00000000000000e+05 
1.81047128688966e-02 1.00000000000000e+05 
1.82121375283317e-02 1.00000000000000e+05 
1.83217619322001e-02 1.00000000000000e+05 
1.84299763964636e-02 1.00000000000000e+05 
1.85411118352715e-02 1.00000000000000e+05 
1.86509974307377e-02 1.00000000000000e+05 
1.87638566126038e-02 1.00000000000000e+05 
1.88752315315491e-02 1.00000000000000e+05 
1.89900539378763e-02 1.00000000000000e+05 
1.91032501803254e-02 1.00000000000000e+05 
1.92206053286990e-02 1.00000000000000e+05 
1.93360502913419e-02 1.00000000000000e+05 
1.94542200385051e-02 1.00000000000000e+05 
1.95727007550566e-02 1.00000000000000e+05 
1.96937524885532e-02 1.00000000000000e+05 
1.98147115125048e-02 1.00000000000000e+05 
1.99380549444649e-02 1.00000000000000e+05 
2.00610528520790e-02 1.00000000000000e+05 
2.01864542168563e-02 1.00000000000000e+05 
2.03115025243909e-02 1.00000000000000e+05 
2.04390048093802e-02 1.00000000000000e+05 
2.05662087441028e-02 1.00000000000000e+05 
2.06959326369964e-02 1.00000000000000e+05 
2.08254029093811e-02 1.00000000000000e+05 
2.09564544865970e-02 1.00000000000000e+05 
2.10873194343793e-02 1.00000000000000e+05 
2.12185102207873e-02 1.00000000000000e+05 
2.13494846486795e-02 1.00000000000000e+05 
2.14804738380716e-02 1.00000000000000e+05 
2.16110789149179e-02 1.00000000000000e+05 
2.17418428686872e-02 1.00000000000000e+05 
2.18723074305969e-02 1.00000000000000e+05 
2.20029616050767e-02 1.00000000000000e+05 
2.21333423344723e-02 1.00000000000000e+05 
2.22639195046985e-02 1.00000000000000e+05 
2.23942380405340e-02 1.00000000000000e+05 
2.25247570777691e-02 1.00000000000000e+05 
2.26550307810937e-02 1.00000000000000e+05 
2.27855159704956e-02 1.00000000000000e+05 
2.29157643849007e-02 1.00000000000000e+05 
2.30462327921794e-02 1.00000000000000e+05 
2.31764784341027e-02 1.00000000000000e+05 
2.33069542173940e-02 1.00000000000000e+05 
2.34372211968686e-02 1.00000000000000e+05 
2.35677317104337e-02 1.00000000000000e+05 
2.36980369422493e-02 1.00000000000000e+05 
2.38285983084138e-02 1.00000000000000e+05 
2.39373710398968e-02 1.00000000000000e+05 
2.40517160994933e-02 1.00000000000000e+05 
2.41715925411711e-02 1.00000000000000e+05 
2.42972749213989e-02 1.00000000000000e+05 
2.44079147848986e-02 1.00000000000000e+05 
2.45250124573316e-02 1.00000000000000e+05 
2.46484422118812e-02 1.00000000000000e+05 
2.47780094785850e-02 1.00000000000000e+05 
2.48896569548074e-02 1.00000000000000e+05 
2.50075671879916e-02 1.00000000000000e+05 
2.51329525250789e-02 1.00000000000000e+05 
2.52648183659900e-02 1.00000000000000e+05 
2.53783327587930e-02 1.00000000000000e+05 
2.54974223498239e-02 1.00000000000000e+05 
2.56203593450988e-02 1.00000000000000e+05 
2.57456399422523e-02 1.00000000000000e+05 
2.58693485399562e-02 1.00000000000000e+05 
2.59982930080605e-02 1.00000000000000e+05 
2.61299477512880e-02 1.00000000000000e+05 
2.62633726514992e-02 1.00000000000000e+05 
2.63971129754913e-02 1.00000000000000e+05 
2.65313764055088e-02 1.00000000000000e+05 
2.66659217176220e-02 1.00000000000000e+05 
2.68011010897048e-02 1.00000000000000e+05 
2.69366662056425e-02 1.00000000000000e+05 
2.70729785897626e-02 1.00000000000000e+05 
2.72097665414904e-02 1.00000000000000e+05 
2.73473992911719e-02 1.00000000000000e+05 
2.74822665623225e-02 1.00000000000000e+05 
2.76186310746417e-02 1.00000000000000e+05 
2.77532324174286e-02 1.00000000000000e+05 
2.78878033822955e-02 1.00000000000000e+05 
2.80210424907902e-02 1.00000000000000e+05 
2.81553253044283e-02 1.00000000000000e+05 
2.82881169991864e-02 1.00000000000000e+05 
2.84219648269912e-02 1.00000000000000e+05 
2.85545576142208e-02 1.00000000000000e+05 
2.86862492150304e-02 1.00000000000000e+05 
2.88172023732805e-02 1.00000000000000e+05 
2.89476254033158e-02 1.00000000000000e+05 
2.90776631403497e-02 1.00000000000000e+05 
2.92075399095270e-02 1.00000000000000e+05 
2.93374355493996e-02 1.00000000000000e+05 
2.94676176875737e-02 1.00000000000000e+05 
2.95982773538588e-02 1.00000000000000e+05 
2.97213733417634e-02 1.00000000000000e+05 
2.98417658368180e-02 1.00000000000000e+05 
2.99650451231761e-02 1.00000000000000e+05 
3.00860531866426e-02 1.00000000000000e+05 
3.02094920974239e-02 1.00000000000000e+05 
3.03311346720053e-02 1.00000000000000e+05 
3.04547330078036e-02 1.00000000000000e+05 
3.05771098398659e-02 1.00000000000000e+05 
3.07008650764152e-02 1.00000000000000e+05 
3.08241608503350e-02 1.00000000000000e+05 
3.09480735061448e-02 1.00000000000000e+05 
3.10720507633849e-02 1.00000000000000e+05 
3.11960964513602e-02 1.00000000000000e+05 
3.13202086334412e-02 1.00000000000000e+05 
3.14443921248154e-02 1.00000000000000e+05 
3.15686459595582e-02 1.00000000000000e+05 
3.16929761349717e-02 1.00000000000000e+05 
3.18173823767373e-02 1.00000000000000e+05 
3.19418716259805e-02 1.00000000000000e+05 
3.20664393329171e-02 1.00000000000000e+05 
3.21911011452299e-02 1.00000000000000e+05 
3.23158647827095e-02 1.00000000000000e+05 
3.24407604802851e-02 1.00000000000000e+05 
3.25657690488354e-02 1.00000000000000e+05 
3.26909459947756e-02 1.00000000000000e+05 
3.28162573928343e-02 1.00000000000000e+05 
3.29417656462059e-02 1.00000000000000e+05 
3.30674168801179e-02 1.00000000000000e+05 
3.31932749077666e-02 1.00000000000000e+05 
3.33192780857663e-02 1.00000000000000e+05 
3.34454969303761e-02 1.00000000000000e+05 
3.35718655228713e-02 1.00000000000000e+05 
3.36984656773449e-02 1.00000000000000e+05 
3.38252273282624e-02 1.00000000000000e+05 
3.39522454677123e-02 1.00000000000000e+05 
3.40794436607300e-02 1.00000000000000e+05 
3.42069307781093e-02 1.00000000000000e+05 
3.43346238665831e-02 1.00000000000000e+05 
3.44626497093725e-02 1.00000000000000e+05 
3.45909163334704e-02 1.00000000000000e+05 
3.47195715479688e-02 1.00000000000000e+05 
3.48485117048110e-02 1.00000000000000e+05 
3.49779109405663e-02 1.00000000000000e+05 
3.51076519292492e-02 1.00000000000000e+05 
3.52379428917475e-02 1.00000000000000e+05 
3.53686503585979e-02 1.00000000000000e+05 
3.55000270477507e-02 1.00000000000000e+05 
3.56319219826473e-02 1.00000000000000e+05 
3.57646438894481e-02 1.00000000000000e+05 
3.58980239907687e-02 1.00000000000000e+05 
3.60324484856186e-02 1.00000000000000e+05 
3.61677282236115e-02 1.00000000000000e+05 
3.63036565505189e-02 1.00000000000000e+05 
3.64399997633590e-02 1.00000000000000e+05 
3.65766943095755e-02 1.00000000000000e+05 
3.67137893868713e-02 1.00000000000000e+05 
3.68512141741907e-02 1.00000000000000e+05 
3.69890376966855e-02 1.00000000000000e+05 
3.71271842739229e-02 1.00000000000000e+05 
3.72657438035644e-02 1.00000000000000e+05 
3.74047262735153e-02 1.00000000000000e+05 
3.75442697463269e-02 1.00000000000000e+05 
3.76844601314094e-02 1.00000000000000e+05 
3.78253361365424e-02 1.00000000000000e+05 
3.79668913172041e-02 1.00000000000000e+05 
3.80938451980518e-02 1.00000000000000e+05 
3.82300768325424e-02 1.00000000000000e+05 
3.83724948921553e-02 1.00000000000000e+05 
3.85083063433201e-02 1.00000000000000e+05 
3.86450935516395e-02 1.00000000000000e+05 
3.87863105151819e-02 1.00000000000000e+05 
3.89271629606813e-02 1.00000000000000e+05 
3.90694968467629e-02 1.00000000000000e+05 
3.92118170616572e-02 1.00000000000000e+05 
3.93541369526582e-02 1.00000000000000e+05 
3.94964483619671e-02 1.00000000000000e+05 
3.96387634870533e-02 1.00000000000000e+05 
3.97810742830531e-02 1.00000000000000e+05 
3.99233925564583e-02 1.00000000000000e+05 
4.00657101115094e-02 1.00000000000000e+05 
4.02080388328553e-02 1.00000000000000e+05 
4.03503703976385e-02 1.00000000000000e+05 
4.04927169410427e-02 1.00000000000000e+05 
4.06350699634598e-02 1.00000000000000e+05 
4.07774420372782e-02 1.00000000000000e+05 
4.09198241837480e-02 1.00000000000000e+05 
4.10622296693970e-02 1.00000000000000e+05 
4.12046489943392e-02 1.00000000000000e+05 
4.13470963715926e-02 1.00000000000000e+05 
4.14895615372376e-02 1.00000000000000e+05 
4.16320599490591e-02 1.00000000000000e+05 
4.17745804092736e-02 1.00000000000000e+05 
4.19171397737621e-02 1.00000000000000e+05 
4.20597259596170e-02 1.00000000000000e+05 
4.22023572890867e-02 1.00000000000000e+05 
4.23450209294494e-02 1.00000000000000e+05 
4.24877367526646e-02 1.00000000000000e+05 
4.26304910588655e-02 1.00000000000000e+05 
4.27733055878021e-02 1.00000000000000e+05 
4.29161657961780e-02 1.00000000000000e+05 
4.30590958133546e-02 1.00000000000000e+05 
4.32020801342835e-02 1.00000000000000e+05 
4.33451456086755e-02 1.00000000000000e+05 
4.34882761106564e-02 1.00000000000000e+05 
4.36315008297549e-02 1.00000000000000e+05 
4.37748024953045e-02 1.00000000000000e+05 
4.39182132508328e-02 1.00000000000000e+05 
4.40617142796629e-02 1.00000000000000e+05 
4.42053423688994e-02 1.00000000000000e+05 
4.43490775293859e-02 1.00000000000000e+05 
4.44929622806425e-02 1.00000000000000e+05 
4.46369752849060e-02 1.00000000000000e+05 
4.47811662178036e-02 1.00000000000000e+05 
4.49255123651763e-02 1.00000000000000e+05 
4.50700724587750e-02 1.00000000000000e+05 
4.52148223953648e-02 1.00000000000000e+05 
4.53598324936391e-02 1.00000000000000e+05 
4.55050771778290e-02 1.00000000000000e+05 
4.56223813192038e-02 1.00000000000000e+05 
4.57458390339484e-02 1.00000000000000e+05 
4.58752724131387e-02 1.00000000000000e+05 
4.59923730828125e-02 1.00000000000000e+05 
4.61128288743879e-02 1.00000000000000e+05 
4.62344403004303e-02 1.00000000000000e+05 
4.63550761390879e-02 1.00000000000000e+05 
4.64822417889387e-02 1.00000000000000e+05 
4.66167564525929e-02 1.00000000000000e+05 
4.67585087333914e-02 1.00000000000000e+05 
4.69043400772167e-02 1.00000000000000e+05 
4.70505116985988e-02 1.00000000000000e+05 
4.72005203277341e-02 1.00000000000000e+05 
4.73506657690677e-02 1.00000000000000e+05 
4.75050228070448e-02 1.00000000000000e+05 
4.76568578482932e-02 1.00000000000000e+05 
4.78127044118768e-02 1.00000000000000e+05 
4.79661877376406e-02 1.00000000000000e+05 
4.81226451063392e-02 1.00000000000000e+05 
4.82778892989285e-02 1.00000000000000e+05 
4.84342374524151e-02 1.00000000000000e+05 
4.85904359681332e-02 1.00000000000000e+05 
4.87464892756747e-02 1.00000000000000e+05 
4.89023530738523e-02 1.00000000000000e+05 
4.90580506824475e-02 1.00000000000000e+05 
4.92135493857621e-02 1.00000000000000e+05 
4.93688798591014e-02 1.00000000000000e+05 
4.95240136987246e-02 1.00000000000000e+05 
4.96789838161180e-02 1.00000000000000e+05 
4.98337633328929e-02 1.00000000000000e+05 
4.99883850813840e-02 1.00000000000000e+05 
5.01428229083051e-02 1.00000000000000e+05 
5.02974234266564e-02 1.00000000000000e+05 
5.04520410155270e-02 1.00000000000000e+05 
5.06066320890100e-02 1.00000000000000e+05 
5.07611204218630e-02 1.00000000000000e+05 
5.09155066306330e-02 1.00000000000000e+05 
5.10697430867284e-02 1.00000000000000e+05 
5.12241559799575e-02 1.00000000000000e+05 
5.13780523730329e-02 1.00000000000000e+05 
5.15311344409044e-02 1.00000000000000e+05 
5.16838088998173e-02 1.00000000000000e+05 
5.18362944292104e-02 1.00000000000000e+05 
5.19742384405922e-02 1.00000000000000e+05 
5.21157905261394e-02 1.00000000000000e+05 
5.22545955699614e-02 1.00000000000000e+05 
5.23951913607742e-02 1.00000000000000e+05 
5.25344049324905e-02 1.00000000000000e+05 
5.26753175059941e-02 1.00000000000000e+05 
5.28147393282322e-02 1.00000000000000e+05 
5.29558297854171e-02 1.00000000000000e+05 
5.30953781962988e-02 1.00000000000000e+05 
5.32365945259258e-02 1.00000000000000e+05 
5.33762434945887e-02 1.00000000000000e+05 
5.35175752964887e-02 1.00000000000000e+05 
5.36573234938848e-02 1.00000000000000e+05 
5.37987765232981e-02 1.00000000000000e+05 
5.39386314496141e-02 1.00000000000000e+05 
5.40802190644524e-02 1.00000000000000e+05 
5.42201944245668e-02 1.00000000000000e+05 
5.43619354596172e-02 1.00000000000000e+05 
5.45020478728293e-02 1.00000000000000e+05 
5.46439650347071e-02 1.00000000000000e+05 
5.47842354237473e-02 1.00000000000000e+05 
5.49263556548860e-02 1.00000000000000e+05 
5.50668070439138e-02 1.00000000000000e+05 
5.52091605278241e-02 1.00000000000000e+05 
5.53498200945680e-02 1.00000000000000e+05 
5.54924417216187e-02 1.00000000000000e+05 
5.56333395925748e-02 1.00000000000000e+05 
5.57755559783335e-02 1.00000000000000e+05 
5.59167280451836e-02 1.00000000000000e+05 
5.60586261158290e-02 1.00000000000000e+05 
5.61999666648858e-02 1.00000000000000e+05 
5.63416344383612e-02 1.00000000000000e+05 
5.64831818944210e-02 1.00000000000000e+05 
5.66246948417561e-02 1.00000000000000e+05 
5.67661242943244e-02 1.00000000000000e+05 
5.69075364570289e-02 1.00000000000000e+05 
5.70489076065703e-02 1.00000000000000e+05 
5.71902780398000e-02 1.00000000000000e+05 
5.73316391926380e-02 1.00000000000000e+05 
5.74730079126814e-02 1.00000000000000e+05 
5.76143951357483e-02 1.00000000000000e+05 
5.77557969885968e-02 1.00000000000000e+05 
5.78972474247671e-02 1.00000000000000e+05 
5.80387280357974e-02 1.00000000000000e+05 
5.81802860853422e-02 1.00000000000000e+05 
5.83218912033702e-02 1.00000000000000e+05 
5.84635919071962e-02 1.00000000000000e+05 
5.86053593904157e-02 1.00000000000000e+05 
5.87454048713030e-02 1.00000000000000e+05 
5.88874223427566e-02 1.00000000000000e+05 
5.90261447474261e-02 1.00000000000000e+05 
5.91674094896259e-02 1.00000000000000e+05 
5.93048980803990e-02 1.00000000000000e+05 
5.94444852809338e-02 1.00000000000000e+05 
5.95871705127786e-02 1.00000000000000e+05 
5.97306408307278e-02 1.00000000000000e+05 
5.98745562552762e-02 1.00000000000000e+05 
6.00182518032362e-02 1.00000000000000e+05 
6.01619866441366e-02 1.00000000000000e+05 
6.03056103365659e-02 1.00000000000000e+05 
6.04493668678506e-02 1.00000000000000e+05 
6.05930132178083e-02 1.00000000000000e+05 
6.07366308064962e-02 1.00000000000000e+05 
6.08800015108876e-02 1.00000000000000e+05 
6.10234176313907e-02 1.00000000000000e+05 
6.11666806828826e-02 1.00000000000000e+05 
6.13100600097804e-02 1.00000000000000e+05 
6.14533863218219e-02 1.00000000000000e+05 
6.15969099257704e-02 1.00000000000000e+05 
6.17404788571438e-02 1.00000000000000e+05 
6.18843133693299e-02 1.00000000000000e+05 
6.20282638913232e-02 1.00000000000000e+05 
6.21725173691140e-02 1.00000000000000e+05 
6.23168094248492e-02 1.00000000000000e+05 
6.24612409294616e-02 1.00000000000000e+05 
6.26056470043833e-02 1.00000000000000e+05 
6.27502228791546e-02 1.00000000000000e+05 
6.28948194432419e-02 1.00000000000000e+05 
6.30396180310012e-02 1.00000000000000e+05 
6.31844891920418e-02 1.00000000000000e+05 
6.33296041617430e-02 1.00000000000000e+05 
6.34748481000790e-02 1.00000000000000e+05 
6.36203829708212e-02 1.00000000000000e+05 
6.37661014167889e-02 1.00000000000000e+05 
6.39121561257380e-02 1.00000000000000e+05 
6.40584427480060e-02 1.00000000000000e+05 
6.42051046018153e-02 1.00000000000000e+05 
6.43519512322071e-02 1.00000000000000e+05 
6.44942401802397e-02 1.00000000000000e+05 
6.46366803403823e-02 1.00000000000000e+05 
6.47793331452013e-02 1.00000000000000e+05 
6.49220628101111e-02 1.00000000000000e+05 
6.50647021427952e-02 1.00000000000000e+05 
6.52072601816360e-02 1.00000000000000e+05 
6.53495144003994e-02 1.00000000000000e+05 
6.54914787584519e-02 1.00000000000000e+05 
6.56332308892591e-02 1.00000000000000e+05 
6.57748168020260e-02 1.00000000000000e+05 
6.59163314219931e-02 1.00000000000000e+05 
6.60578644385348e-02 1.00000000000000e+05 
6.61995285060361e-02 1.00000000000000e+05 
6.63414751972489e-02 1.00000000000000e+05 
6.64838365952948e-02 1.00000000000000e+05 
6.66268578632407e-02 1.00000000000000e+05 
6.67706945545943e-02 1.00000000000000e+05 
6.69157482643022e-02 1.00000000000000e+05 
6.70572259194323e-02 1.00000000000000e+05 
6.71945776456529e-02 1.00000000000000e+05 
6.73313923618230e-02 1.00000000000000e+05 
6.74678829479192e-02 1.00000000000000e+05 
6.76041921360817e-02 1.00000000000000e+05 
6.77404835335225e-02 1.00000000000000e+05 
6.78768004641760e-02 1.00000000000000e+05 
6.80132274680071e-02 1.00000000000000e+05 
6.81497800927224e-02 1.00000000000000e+05 
6.82865221416532e-02 1.00000000000000e+05 
6.84234773907614e-02 1.00000000000000e+05 
6.85607280290678e-02 1.00000000000000e+05 
6.86983244666459e-02 1.00000000000000e+05 
6.88363953176600e-02 1.00000000000000e+05 
6.89750142987772e-02 1.00000000000000e+05 
6.91143838241770e-02 1.00000000000000e+05 
6.92546084904436e-02 1.00000000000000e+05 
6.93959983618227e-02 1.00000000000000e+05 
6.95315281627089e-02 1.00000000000000e+05 
6.96666795338559e-02 1.00000000000000e+05 
6.98016080445978e-02 1.00000000000000e+05 
6.99363855946169e-02 1.00000000000000e+05 
7.00712298028961e-02 1.00000000000000e+05 
7.02062824818795e-02 1.00000000000000e+05 
7.03416256162232e-02 1.00000000000000e+05 
7.04772933437896e-02 1.00000000000000e+05 
7.06133233808131e-02 1.00000000000000e+05 
7.07497073414356e-02 1.00000000000000e+05 
7.08862409177490e-02 1.00000000000000e+05 
7.10233743847668e-02 1.00000000000000e+05 
7.11596676313447e-02 1.00000000000000e+05 
7.12976235771309e-02 1.00000000000000e+05 
7.14344357633109e-02 1.00000000000000e+05 
7.15733548978438e-02 1.00000000000000e+05 
7.17100353017673e-02 1.00000000000000e+05 
7.18500385847450e-02 1.00000000000000e+05 
7.19906413606403e-02 1.00000000000000e+05 
7.21319254792305e-02 1.00000000000000e+05 
7.22688700063916e-02 1.00000000000000e+05 
7.24093897513169e-02 1.00031576478730e+05 
7.25460695851612e-02 1.00362475527518e+05 
7.26863173353069e-02 1.01303996160456e+05 
7.28232129571448e-02 1.02932332681938e+05 
7.29631748559108e-02 1.05634752029525e+05 
7.31005737919478e-02 1.09462898701022e+05 
7.32411210288335e-02 1.14388524427658e+05 
7.33788584757047e-02 1.20314668371748e+05 
7.35181645166220e-02 1.27035404358470e+05 
7.36560865742067e-02 1.34052564493945e+05 
7.37971546844494e-02 1.41254961759167e+05 
7.39404808509057e-02 1.48864194684445e+05 
7.40843111547512e-02 1.55485568501496e+05 
7.42286761409104e-02 1.61365540903883e+05 
7.43735566995261e-02 1.65453141537800e+05 
7.45189840651537e-02 1.68169213479686e+05 
7.46649408601151e-02 1.68931562935269e+05 
7.48114771857371e-02 1.68950495645517e+05 
7.49585896660647e-02 1.68563568249321e+05 
7.51063403632608e-02 1.68156284098818e+05 
7.52547532880127e-02 1.67688327765744e+05 
7.54039006134419e-02 1.66934201164455e+05 
7.55538295668726e-02 1.66034265796240e+05 
7.57046517405590e-02 1.64996115068861e+05 
7.58564871714665e-02 1.63941654534063e+05 
7.60094723020312e-02 1.62913144340823e+05 
7.61632658322923e-02 1.61919875967650e+05 
7.63169799935647e-02 1.61008136564976e+05 
7.64705285770148e-02 1.60182242712364e+05 
7.66240660249751e-02 1.59427026426086e+05 
7.67775212614130e-02 1.58756379056341e+05 
7.69311953859914e-02 1.58156878879826e+05 
7.70749173403870e-02 1.57653112985824e+05 
7.72172315569790e-02 1.57204061455407e+05 
7.73607089410244e-02 1.56785974640885e+05 
7.75028515891165e-02 1.56398806915503e+05 
7.76461701243577e-02 1.56021107863747e+05 
7.77881827440263e-02 1.55654152921690e+05 
7.79319533948364e-02 1.55284277389167e+05 
7.80739330178666e-02 1.54912559486804e+05 
7.82180847297458e-02 1.54526186041499e+05 
7.83601372957735e-02 1.54131317760104e+05 
7.85044884508553e-02 1.53716745588398e+05 
7.86467372563392e-02 1.53292554484458e+05 
7.87913472561623e-02 1.52847693688674e+05 
7.89339374505459e-02 1.52398461726234e+05 
7.90789647807163e-02 1.51932217618099e+05 
7.92220745885019e-02 1.51465249948366e+05 
7.93677460518667e-02 1.50985928941040e+05 
7.95115941988915e-02 1.50510482712509e+05 
7.96582057164107e-02 1.50027287775193e+05 
7.98030641340084e-02 1.49552483320791e+05 
7.99509966633076e-02 1.49073207215589e+05 
8.00972143494217e-02 1.48605698554740e+05 
8.02469689970118e-02 1.48135395633148e+05 
8.03950051075455e-02 1.47678948472543e+05 
8.05472609624554e-02 1.47218991729078e+05 
8.06977362061389e-02 1.46773320075593e+05 
8.08565506580800e-02 1.46312708843312e+05 
8.10015303195967e-02 1.45900050790627e+05 
8.11465906467402e-02 1.45494351033017e+05 
8.12918121988201e-02 1.45094580258433e+05 
8.14371309484160e-02 1.44700538924077e+05 
8.15826333544641e-02 1.44311104748623e+05 
8.17282570774730e-02 1.43926096889660e+05 
8.18741067316938e-02 1.43544453583589e+05 
8.20201216634569e-02 1.43166100432600e+05 
8.21617683914847e-02 1.42802006320044e+05 
8.23082461911063e-02 1.42428447034814e+05 
8.24503262353968e-02 1.42068495503029e+05 
8.25969194683519e-02 1.41699651795033e+05 
8.27394190207520e-02 1.41343173375203e+05 
8.28856188411712e-02 1.40979676612594e+05 
8.30286864399427e-02 1.40625899836944e+05 
8.31751334008749e-02 1.40265917137543e+05 
8.33190094881726e-02 1.39914160365319e+05 
8.34662339191767e-02 1.39556356773195e+05 
8.36112408867476e-02 1.39205868581653e+05 
8.37593028328173e-02 1.38850134573394e+05 
8.39058659902553e-02 1.38499948248542e+05 
8.40543690321289e-02 1.38147240368113e+05 
8.42027618534014e-02 1.37796733613367e+05 
8.43518878345150e-02 1.37446555027619e+05 
8.45014994215091e-02 1.37097116125628e+05 
8.46505631686114e-02 1.36750909318613e+05 
8.47991561191539e-02 1.36407538361460e+05 
8.49487357440312e-02 1.36063672814959e+05 
8.50992887630916e-02 1.35719229471758e+05 
8.52498440575040e-02 1.35376492633382e+05 
8.54001343822294e-02 1.35035897228307e+05 
8.55521253757033e-02 1.34693069196618e+05 
8.57056927929729e-02 1.34348194631485e+05 
8.58603449979640e-02 1.34002502317737e+05 
8.60018515690807e-02 1.33687512447099e+05 
8.61541435425510e-02 1.33350014904959e+05 
8.62960149574276e-02 1.33036935017122e+05 
8.64440129155111e-02 1.32711801173523e+05 
8.65863550529177e-02 1.32400455199346e+05 
8.67331705843865e-02 1.32080836102922e+05 
8.68762797229235e-02 1.31770728857806e+05 
8.70232920873861e-02 1.31453762057508e+05 
8.71675557349414e-02 1.31144266647164e+05 
8.73156347074687e-02 1.30828288182995e+05 
8.74578433811377e-02 1.30526425959918e+05 
8.76097757185658e-02 1.30205742412349e+05 
8.77520255101111e-02 1.29907156410634e+05 
8.79065751818286e-02 1.29584650069980e+05 
8.80488728356458e-02 1.29289416741543e+05 
8.82006718646761e-02 1.28976290583692e+05 
8.83430307574119e-02 1.28684310503874e+05 
8.84919878292752e-02 1.28380500550827e+05 
8.86344210821892e-02 1.28091588224204e+05 
8.87819061992758e-02 1.27794004937754e+05 
8.89244246225918e-02 1.27507933046068e+05 
8.90710286562213e-02 1.27215088490361e+05 
8.92136402380450e-02 1.26931568903951e+05 
8.93596741943744e-02 1.26642529047008e+05 
8.95023843547298e-02 1.26361269432321e+05 
8.96465444977007e-02 1.26078276779453e+05 
8.97899458296301e-02 1.25797828787848e+05 
8.99342162476478e-02 1.25516667792491e+05 
9.00797383289289e-02 1.25233967263827e+05 
9.02242401016465e-02 1.24954112177046e+05 
9.03709315673906e-02 1.24670776096475e+05 
9.05157726115242e-02 1.24391763838400e+05 
9.06595030176443e-02 1.24115506012482e+05 
9.08050423871092e-02 1.23836412519149e+05 
9.09488704832283e-02 1.23561126794827e+05 
9.10953264719882e-02 1.23281381473887e+05 
9.12392521778267e-02 1.23006905328666e+05 
9.13870057260117e-02 1.22725634504629e+05 
9.15310338879906e-02 1.22451873186288e+05 
9.16803501910887e-02 1.22168517264104e+05 
9.18244860926409e-02 1.21895406255754e+05 
9.19730455926824e-02 1.21614365947457e+05 
9.21172922809659e-02 1.21341923241688e+05 
9.22713221261375e-02 1.21051513527447e+05 
9.24276431547034e-02 1.20757347734835e+05 
9.25807707539731e-02 1.20469791012395e+05 
9.27374604668334e-02 1.20176210189425e+05 
9.28921115263776e-02 1.19887161277111e+05 
9.30492477111043e-02 1.19594264737380e+05 
9.32052649880071e-02 1.19304300198919e+05 
9.33527323655353e-02 1.19031082288863e+05 
9.35102448764578e-02 1.18740214212215e+05 
9.36578300369385e-02 1.18468674513052e+05 
9.38161636338061e-02 1.18178459334516e+05 
9.39638741005533e-02 1.17908848627864e+05 
9.41187011172696e-02 1.17627440392445e+05 
9.42665440348342e-02 1.17359994075871e+05 
9.44197201827091e-02 1.17084181941105e+05 
9.45677267236081e-02 1.16819082009825e+05 
9.47200819455122e-02 1.16547586924056e+05 
9.48682926493583e-02 1.16285003488292e+05 
9.50201960485946e-02 1.16017393637195e+05 
9.51685089398281e-02 1.15757701157764e+05 
9.53200726974228e-02 1.15493964812514e+05 
9.54684595772595e-02 1.15237464898652e+05 
9.56196894766626e-02 1.14977797586425e+05 
9.57681466869072e-02 1.14724709301099e+05 
9.59191389980422e-02 1.14469107979305e+05 
9.60676702478843e-02 1.14219581169536e+05 
9.62185034713582e-02 1.13968015009344e+05 
9.63671168845169e-02 1.13722051159116e+05 
9.65178554102389e-02 1.13474413694384e+05 
9.66665614468538e-02 1.13232011289453e+05 
9.68172581954290e-02 1.12988176121018e+05 
9.69660684829209e-02 1.12749236215878e+05 
9.71167655356988e-02 1.12509011136930e+05 
9.72656923192335e-02 1.12273348342213e+05 
9.74164251151608e-02 1.12036449321065e+05 
9.75654812443607e-02 1.11803750084061e+05 
9.77162814826200e-02 1.11569793193656e+05 
9.78654807045669e-02 1.11339699035028e+05 
9.80163782036109e-02 1.11108227074411e+05 
9.81657355968346e-02 1.10880251081197e+05 
9.83167596698013e-02 1.10650689197934e+05 
9.84662921792864e-02 1.10424225728593e+05 
9.86174727425940e-02 1.10195902684202e+05 
9.87671998218703e-02 1.09970286447429e+05 
9.89185685826960e-02 1.09742499645423e+05 
9.90685129031298e-02 1.09517006346559e+05 
9.92201046184692e-02 1.09289029548031e+05 
9.93702824241631e-02 1.09063015321448e+05 
9.95221239291331e-02 1.08834445638401e+05 
9.96725325882988e-02 1.08607516844235e+05 
9.98246572959294e-02 1.08377804295589e+05 
9.99753302461469e-02 1.08150072375805e+05 
1.00129884177215e-01 1.07916238740145e+05 
1.00290503821029e-01 1.07673740671097e+05 
1.00458177323001e-01 1.07421397772118e+05 
1.00614793737143e-01 1.07187992716431e+05 
1.00779549558945e-01 1.06942930514300e+05 
1.00935441697111e-01 1.06715169955320e+05 
1.01089789530870e-01 1.06495968360719e+05 
1.01245562833076e-01 1.06282920906299e+05 
1.01399883646115e-01 1.06084765303999e+05 
1.01555564975434e-01 1.05879517659365e+05 
1.01709756326364e-01 1.05691183413450e+05 
1.01865294680482e-01 1.05518077027597e+05 
1.02019362196929e-01 1.05361184172908e+05 
1.02174778054344e-01 1.05224587732940e+05 
1.02328743710562e-01 1.05116463637200e+05 
1.02484032523843e-01 1.05019417940056e+05 
1.02643406860029e-01 1.04924806029340e+05 
1.02801480501176e-01 1.04843538667691e+05 
1.02961086348130e-01 1.04814658604287e+05 
1.03119373785846e-01 1.04837567428263e+05 
1.03279197755343e-01 1.04947414705987e+05 
1.03437709957207e-01 1.05162671733671e+05 
1.03597763293004e-01 1.05489235559407e+05 
1.03756511522405e-01 1.05917313875147e+05 
1.03916805555256e-01 1.06439198016228e+05 
1.04075800984496e-01 1.07064553861828e+05 
1.04236347000240e-01 1.07778996520636e+05 
1.04395600751036e-01 1.08551524183925e+05 
1.04556410083594e-01 1.09402874598332e+05 
1.04715933355343e-01 1.10293166059370e+05 
1.04876993173251e-01 1.11226966284452e+05 
1.05036746080946e-01 1.12156867448547e+05 
1.05198026000024e-01 1.13101316354658e+05 
1.05358005963263e-01 1.13998594095866e+05 
1.05519515865931e-01 1.14834025872049e+05 
1.05679732821444e-01 1.15588362594057e+05 
1.05841483198689e-01 1.16291654091366e+05 
1.06001947530604e-01 1.16812736548877e+05 
1.06163949274675e-01 1.17186722818340e+05 
1.06324671578625e-01 1.17433895417789e+05 
1.06486935301149e-01 1.17564286144688e+05 
1.06647925788709e-01 1.17564726497945e+05 
1.06810461780817e-01 1.17549569637399e+05 
1.06971730499397e-01 1.17490524877840e+05 
1.07134549205299e-01 1.17381376748705e+05 
1.07296106507290e-01 1.17241590897152e+05 
1.07459218927527e-01 1.17055580473291e+05 
1.07621075736102e-01 1.16840368314109e+05 
1.07784493522259e-01 1.16612092369540e+05 
1.07946661374243e-01 1.16367987402675e+05 
1.08110396829828e-01 1.16104544416853e+05 
1.08272887823922e-01 1.15827404815669e+05 
1.08436953675292e-01 1.15536551915423e+05 
1.08599780012344e-01 1.15240055499659e+05 
1.08764189132357e-01 1.14937772273328e+05 
1.08927363155255e-01 1.14637772558054e+05 
1.09092128751483e-01 1.14336300500315e+05 
1.09255663147786e-01 1.14039902365958e+05 
1.09420798941586e-01 1.13744107684489e+05 
1.09584706871160e-01 1.13454641296687e+05 
1.09750227178569e-01 1.13167395362880e+05 
1.09914522289123e-01 1.12887357958495e+05 
1.10080442000523e-01 1.12610321417234e+05 
1.10245138382234e-01 1.12340653254328e+05 
1.10411472859175e-01 1.12073802326591e+05 
1.10576584894990e-01 1.11813878967022e+05 
1.10743349809918e-01 1.11556122314978e+05 
1.10908892038656e-01 1.11304489664871e+05 
1.11076103274207e-01 1.11054248952194e+05 
1.11242090388874e-01 1.10809209347985e+05 
1.11409764139576e-01 1.10564767348417e+05 
1.11576211040535e-01 1.10324693881048e+05 
1.11744363816224e-01 1.10084486185806e+05 
1.11911285589877e-01 1.09847948169511e+05 
1.12079934256012e-01 1.09610661883732e+05 
1.12247346408004e-01 1.09376497364948e+05 
1.12416508446350e-01 1.09141123825103e+05 
1.12584426939468e-01 1.08908499188804e+05 
1.12754120448275e-01 1.08674358961509e+05 
1.12922561735285e-01 1.08442755135154e+05 
1.13092805536380e-01 1.08209452617642e+05 
1.13261786692610e-01 1.07978590952952e+05 
1.13432600985163e-01 1.07745934361028e+05 
1.13602142325969e-01 1.07515696725428e+05 
1.13757520894557e-01 1.07305302274053e+05 
1.13922652082055e-01 1.07082342188326e+05 
1.14094593310401e-01 1.06850898577968e+05 
1.14259904084930e-01 1.06629080309575e+05 
1.14432471054214e-01 1.06398267714938e+05 
1.14603778342289e-01 1.06169907592456e+05 
1.14765980234592e-01 1.05954398735919e+05 
1.14937920666003e-01 1.05726717385905e+05 
1.15111885969665e-01 1.05497159890240e+05 
1.15284498841690e-01 1.05270192994126e+05 
1.15459189233230e-01 1.05041317375294e+05 
1.15632503527945e-01 1.04815066143177e+05 
1.15807953320309e-01 1.04586873569504e+05 
1.15981998992670e-01 1.04361355957840e+05 
1.16158243581990e-01 1.04133877206738e+05 
1.16333051233107e-01 1.03909154487436e+05 
1.16510128283123e-01 1.03682475077463e+05 
1.16685731450104e-01 1.03458673194154e+05 
1.16843090515628e-01 1.03259018907481e+05 
1.17013628229166e-01 1.03043645834308e+05 
1.17192379860793e-01 1.02819095267672e+05 
1.17360864323575e-01 1.02608628891833e+05 
1.17534341385452e-01 1.02393225053646e+05 
1.17712508539189e-01 1.02173454123723e+05 
1.17893340633664e-01 1.01952020686581e+05 
1.18072514827113e-01 1.01734325220968e+05 
1.18254501331250e-01 1.01515075610917e+05 
1.18434765073514e-01 1.01299842131277e+05 
1.18597492612378e-01 1.01107308460410e+05 
1.18769773402842e-01 1.00905347086293e+05 
1.18947719109172e-01 1.00698857482370e+05 
1.19129679417279e-01 1.00489978463119e+05 
1.19302124918613e-01 1.00294210516052e+05 
1.19480524416291e-01 1.00093932370193e+05 
1.19655515483710e-01 9.98997400046349e+04 
1.19835105217452e-01 9.97027436807431e+04 
1.20010232893442e-01 9.95128828477947e+04 
1.20189697730497e-01 9.93205424274055e+04 
1.20364477500855e-01 9.91353393981833e+04 
1.20543473512921e-01 9.89477160408994e+04 
1.20717782827433e-01 9.87669049979141e+04 
1.20896221317751e-01 9.85836100880779e+04 
1.21070036362314e-01 9.84066956527379e+04 
1.21237844896682e-01 9.82372757379338e+04 
1.21411223389838e-01 9.80635074295489e+04 
1.21588572812773e-01 9.78869296968674e+04 
1.21761480507765e-01 9.77157567197142e+04 
1.21938330651831e-01 9.75415433582833e+04 
1.22110867654594e-01 9.73722553171160e+04 
1.22287286434000e-01 9.71997764009230e+04 
1.22459469614430e-01 9.70319476342489e+04 
1.22635468721490e-01 9.68608265354050e+04 
1.22807298320854e-01 9.66940317242468e+04 
1.22982877833931e-01 9.65238957306467e+04 
1.23154354210415e-01 9.63580306318989e+04 
1.23330006040066e-01 9.61889766117008e+04 
1.23501721435158e-01 9.60243388326525e+04 
1.23677276198897e-01 9.58572751048906e+04 
1.23848766861768e-01 9.56955902292976e+04 
1.24024489073485e-01 9.55323735960552e+04 
1.24196264976068e-01 9.53756529824463e+04 
1.24371924592836e-01 9.52176114997773e+04 
1.24543490828309e-01 9.50687621171190e+04 
1.24718833524163e-01 9.49217032164059e+04 
1.24890095043775e-01 9.47853877590420e+04 
1.25065546028903e-01 9.46457596577828e+04 
1.25237062929062e-01 9.45214788385725e+04 
1.25412427964476e-01 9.44103169831918e+04 
1.25583724071761e-01 9.43137509199789e+04 
1.25759252935325e-01 9.42273514823638e+04 
1.25930799203889e-01 9.41555447779848e+04 
1.26106197315654e-01 9.40992297808450e+04 
1.26277492431398e-01 9.40489691857692e+04 
1.26452526139474e-01 9.39984927773817e+04 
1.26623460538501e-01 9.39602784717292e+04 
1.26798554540026e-01 9.39498719509930e+04 
1.26969714051855e-01 9.39726003830491e+04 
1.27144706945658e-01 9.40432545314922e+04 
1.27315648626059e-01 9.41608650332176e+04 
1.27490630835840e-01 9.43378189209834e+04 
1.27661856999959e-01 9.45751897359528e+04 
1.27836489582377e-01 9.48706247307458e+04 
1.28007519009576e-01 9.52120959714897e+04 
1.28181833622815e-01 9.56146897580962e+04 
1.28353130692284e-01 9.60599937802951e+04 
1.28527166213805e-01 9.65658793944574e+04 
1.28698296519900e-01 9.71027895529160e+04 
1.28872095471186e-01 9.76842952004453e+04 
1.29043561412148e-01 9.82901553187520e+04 
1.29217166490326e-01 9.89402366598742e+04 
1.29388473696582e-01 9.96237226797119e+04 
1.29561928849789e-01 1.00364441113393e+05 
1.29732983837287e-01 1.01151131938535e+05 
1.29906333810246e-01 1.01999367435522e+05 
1.30077691598861e-01 1.02890982958011e+05 
1.30250983050665e-01 1.03846565056084e+05 
1.30422185768327e-01 1.04847802256985e+05 
1.30595467460639e-01 1.05922336063409e+05 
1.30767040587597e-01 1.07046534669272e+05 
1.30940345173979e-01 1.08244947740189e+05 
1.31111762259756e-01 1.09491892569657e+05 
1.31284960980451e-01 1.10810914960298e+05 
1.31456713203507e-01 1.12171473454583e+05 
1.31629850709424e-01 1.13586567825407e+05 
1.31801457037439e-01 1.15025374551919e+05 
1.31974576862220e-01 1.16496233830913e+05 
1.32145929590305e-01 1.17954462006782e+05 
1.32319073108047e-01 1.19409862118016e+05 
1.32490816580607e-01 1.20827712544110e+05 
1.32664023361118e-01 1.22232178033100e+05 
1.32835651216635e-01 1.23506157991865e+05 
1.33008957141202e-01 1.24660668146053e+05 
1.33180374535681e-01 1.25786050934730e+05 
1.33353810015522e-01 1.26681304742409e+05 
1.33525586745571e-01 1.27403121150963e+05 
1.33699178311118e-01 1.27985918946662e+05 
1.33870856254968e-01 1.28430519419587e+05 
1.34044626287929e-01 1.28761578362306e+05 
1.34216737929411e-01 1.28895440860730e+05 
1.34390598757037e-01 1.29000077797372e+05 
1.34562677008159e-01 1.29043990488571e+05 
1.34736593618968e-01 1.29028300664441e+05 
1.34908484857625e-01 1.28965721551932e+05 
1.35082470629844e-01 1.28859318190851e+05 
1.35254177209675e-01 1.28695867717562e+05 
1.35428242361946e-01 1.28467243974338e+05 
1.35600357743522e-01 1.28202933766155e+05 
1.35774510248349e-01 1.27899204239451e+05 
1.35946589246043e-01 1.27565980209970e+05 
1.36120834143005e-01 1.27197716750622e+05 
1.36292775508984e-01 1.26805845271168e+05 
1.36467114756780e-01 1.26384653625568e+05 
1.36639511147818e-01 1.25948638429032e+05 
1.36813944987132e-01 1.25492034482625e+05 
1.36986308913297e-01 1.25028597686672e+05 
1.37160834853223e-01 1.24550477199190e+05 
1.37333026297812e-01 1.24072086002297e+05 
1.37507639124135e-01 1.23587320168525e+05 
1.37679665323012e-01 1.23103059168561e+05 
1.37854358550503e-01 1.22610230531733e+05 
1.38026784585714e-01 1.22122468824001e+05 
1.38201551327564e-01 1.21627673597307e+05 
1.38373933278985e-01 1.21133486875853e+05 
1.38548649687227e-01 1.20637478864522e+05 
1.38720901030113e-01 1.20153096877805e+05 
1.38895553477876e-01 1.19669342539134e+05 
1.39068203042395e-01 1.19196385444577e+05 
1.39242780761429e-01 1.18723746653134e+05 
1.39415375783345e-01 1.18260712931673e+05 
1.39589868853225e-01 1.17796577851798e+05 
1.39762296376318e-01 1.17341737804266e+05 
1.39936696123813e-01 1.16886518692666e+05 
1.40109558317763e-01 1.16439740661827e+05 
1.40283858139075e-01 1.15993876630919e+05 
1.40456671159942e-01 1.15556715324697e+05 
1.40630866581413e-01 1.15121948768651e+05 
1.40803514574052e-01 1.14695798085165e+05 
1.40977603558380e-01 1.14269449342977e+05 
1.41150004395255e-01 1.13850688736778e+05 
1.41323987024893e-01 1.13431379986552e+05 
1.41496783833153e-01 1.13018304983651e+05 
1.41670661969868e-01 1.12609001262117e+05 
1.41843359974309e-01 1.12211497349166e+05 
1.42017139309024e-01 1.11820847603470e+05 
1.42190272602114e-01 1.11443348701164e+05 
1.42363963436868e-01 1.11077058882025e+05 
1.42537036418119e-01 1.10725951240155e+05 
1.42710532302089e-01 1.10388453305107e+05 
1.42883388339361e-01 1.10067766269428e+05 
1.43056674226457e-01 1.09758327004951e+05 
1.43229830825531e-01 1.09461596040955e+05 
1.43402922985928e-01 1.09177788137822e+05 
1.43575895426242e-01 1.08907079270929e+05 
1.43748814691530e-01 1.08649473579964e+05 
1.43921625026112e-01 1.08405126015509e+05 
1.44094395263813e-01 1.08173740503600e+05 
1.44267068713475e-01 1.07955256916313e+05 
1.44439716489790e-01 1.07749322546786e+05 
1.44612281059812e-01 1.07555853463827e+05 
1.44784835592771e-01 1.07374432259767e+05 
1.44957321824316e-01 1.07204786898239e+05 
1.45129814524951e-01 1.07046367900886e+05 
1.45302255188254e-01 1.06898722050263e+05 
1.45474719219673e-01 1.06761224619200e+05 
1.45647147828652e-01 1.06633255411532e+05 
1.45819590385633e-01 1.06513981472247e+05 
1.45991933347781e-01 1.06402531152007e+05 
1.46164242178332e-01 1.06297986740798e+05 
1.46336464552758e-01 1.06199441711012e+05 
1.46508667318144e-01 1.06105862063178e+05 
1.46680796217066e-01 1.06016083275265e+05 
1.46852919509851e-01 1.05928357818253e+05 
1.47024981319921e-01 1.05842295660254e+05 
1.47197051082104e-01 1.05756870024688e+05 
1.47369071554131e-01 1.05670611859057e+05 
1.47541112533496e-01 1.05581870423880e+05 
1.47713115870562e-01 1.05488881755592e+05 
1.47885151168896e-01 1.05390118688880e+05 
1.48057159562039e-01 1.05287508040747e+05 
1.48229211105225e-01 1.05177656178828e+05 
1.48401245877688e-01 1.05057947282117e+05 
1.48573335288586e-01 1.04926137221275e+05 
1.48745418079655e-01 1.04781049179581e+05 
1.48917567458253e-01 1.04622974003266e+05 
1.49089673611111e-01 1.04472305461226e+05 
1.49261775334278e-01 1.04296262161051e+05 
1.49433811887807e-01 1.04098240437559e+05 
1.49605855295960e-01 1.03882697350712e+05 
1.49777843845651e-01 1.03651839816800e+05 
1.49949849923380e-01 1.03408165238779e+05 
1.50121811243120e-01 1.03153233508639e+05 
1.50293800475779e-01 1.02873522416813e+05 
1.50465755338497e-01 1.02588411205617e+05 
1.50637748689445e-01 1.02304292304384e+05 
1.50809717597140e-01 1.02022421665526e+05 
1.50981734687144e-01 1.01740255259682e+05 
1.51153736014474e-01 1.01455241528206e+05 
1.51322525309535e-01 1.01172628948810e+05 
1.51494578041257e-01 1.00881517967010e+05 
1.51666697837966e-01 1.00584580372254e+05 
1.51838818845150e-01 1.00281672848618e+05 
1.52011015988152e-01 9.99722613788582e+04 
1.52183222770556e-01 9.96568668219975e+04 
1.52355470456224e-01 9.93380371619455e+04 
1.52527655390737e-01 9.90164683192407e+04 
1.52699844632526e-01 9.86924222775192e+04 
1.52871979056730e-01 9.83665148019342e+04 
1.53044132498008e-01 9.80391431253647e+04 
1.53216239029770e-01 9.77110473328753e+04 
1.53388386715525e-01 9.73826519490888e+04 
1.53560502346504e-01 9.70546998000411e+04 
1.53732673458484e-01 9.67275357440521e+04 
1.53904827976634e-01 9.64017845958644e+04 
1.54077042322568e-01 9.60777703438485e+04 
1.54249250621128e-01 9.57558768061687e+04 
1.54421522162751e-01 9.54365155500362e+04 
1.54593794555576e-01 9.51202210411285e+04 
1.54766136174514e-01 9.48064701189642e+04 
1.54938483505994e-01 9.44970957903251e+04 
1.55110907672738e-01 9.41921789048551e+04 
1.55283341795500e-01 9.38917953661481e+04 
1.55455860791519e-01 9.35959444803894e+04 
1.55628382682403e-01 9.33057018224923e+04 
1.55800895319349e-01 9.30195670357671e+04 
1.55973345070143e-01 9.27376529313680e+04 
1.56145793167670e-01 9.24599520021202e+04 
1.56318184131136e-01 9.21870922501671e+04 
1.56490580784312e-01 9.19189739445033e+04 
1.56662926161823e-01 9.16557713995510e+04 
1.56835285074290e-01 9.13975929834158e+04 
1.57007599349818e-01 9.11445211623870e+04 
1.57179936352031e-01 9.08966817648966e+04 
1.57352236784581e-01 9.06537290103587e+04 
1.57524570680975e-01 9.04154072840433e+04 
1.57696877376824e-01 9.01816470356247e+04 
1.57869229112179e-01 8.99521967353799e+04 
1.58041563418081e-01 8.97269498667494e+04 
1.58213954169854e-01 8.95056099426593e+04 
1.58386336813355e-01 8.92880675004807e+04 
1.58558786723837e-01 8.90740066918073e+04 
1.58731237236801e-01 8.88633143847444e+04 
1.58903765187297e-01 8.86556559184640e+04 
1.59076301942364e-01 8.84509141689489e+04 
1.59248822357148e-01 8.82488722677138e+04 
1.59421268907506e-01 8.80493971814011e+04 
1.59593702059333e-01 8.78521783128439e+04 
1.59766068284371e-01 8.76570843284865e+04 
1.59938430053648e-01 8.74638227298740e+04 
1.60110732361009e-01 8.72722746734204e+04 
1.60283039730629e-01 8.70821714085864e+04 
1.60455295637595e-01 8.68934111593240e+04 
1.60627566758506e-01 8.67057503246553e+04 
1.60799795110997e-01 8.65191061415665e+04 
1.60972049496808e-01 8.63332601891337e+04 
1.61144270644770e-01 8.61481474084872e+04 
1.61316529409381e-01 8.59635764175727e+04 
1.61488765179589e-01 8.57795033380932e+04 
1.61661051053783e-01 8.55957564179693e+04 
1.61833325086572e-01 8.54123133950235e+04 
1.62005662376590e-01 8.52290184284964e+04 
1.62178000349563e-01 8.50458691082545e+04 
1.62350414657605e-01 8.48627225776394e+04 
1.62522842612353e-01 8.46795931180766e+04 
1.62695321707675e-01 8.44963899963753e+04 
1.62867720559615e-01 8.43132143605023e+04 
1.63040090123717e-01 8.41299697906970e+04 
1.63212392691992e-01 8.39466673699768e+04 
1.63384675540881e-01 8.37632236033230e+04 
1.63556903912590e-01 8.35796537246637e+04 
1.63703578391469e-01 8.34231519428181e+04 
1.63857738869629e-01 8.32584872598758e+04 
1.64020390892170e-01 8.30845420118184e+04 
1.64192553759365e-01 8.29001814468864e+04 
1.64340284629409e-01 8.27417676980169e+04 
1.64494832593951e-01 8.25758320952145e+04 
1.64657078253823e-01 8.24013942847634e+04 
1.64808104938554e-01 8.22388014883030e+04 
1.64951836427596e-01 8.20838699926749e+04 
1.65107545105011e-01 8.19158295480764e+04 
1.65251626315022e-01 8.17601575176663e+04 
1.65405421777148e-01 8.15938186444027e+04 
1.65549933483817e-01 8.14373731194568e+04 
1.65701953509614e-01 8.12726717680930e+04 
1.65846899576196e-01 8.11155363202601e+04 
1.65999485186435e-01 8.09500474423023e+04 
1.66144867480050e-01 8.07923281176223e+04 
1.66297087042302e-01 8.06271882897615e+04 
1.66457062906392e-01 8.04536763444576e+04 
1.66607794497296e-01 8.02902700237782e+04 
1.66765420050145e-01 8.01195143416093e+04 
1.66929809015888e-01 7.99416233903627e+04 
1.67072824968446e-01 7.97870301342964e+04 
1.67230142516260e-01 7.96172642436785e+04 
1.67367788574934e-01 7.94690117468354e+04 
1.67509063135346e-01 7.93171702285328e+04 
1.67653893071494e-01 7.91618993746476e+04 
1.67794047388627e-01 7.90120564640559e+04 
1.67937433248208e-01 7.88592741488669e+04 
1.68077770495774e-01 7.87103366215744e+04 
1.68216622745572e-01 7.85638626655474e+04 
1.68358547379096e-01 7.84150056947549e+04 
1.68497461066039e-01 7.82701734621162e+04 
1.68639430289362e-01 7.81232710164969e+04 
1.68778378382604e-01 7.79807946948871e+04 
1.68920384642361e-01 7.78368723184616e+04 
1.69059361238574e-01 7.76981542217606e+04 
1.69201402890798e-01 7.75589912533639e+04 
1.69340406411470e-01 7.74241968623862e+04 
1.69482482998191e-01 7.72891854947713e+04 
1.69621283211412e-01 7.71605918456022e+04 
1.69763388735904e-01 7.70329235187880e+04 
1.69902445660545e-01 7.69129234411688e+04 
1.70044597978399e-01 7.67953715544490e+04 
1.70182323677835e-01 7.66877237813107e+04 
1.70324491666923e-01 7.65705260989886e+04 
1.70462269242839e-01 7.64684678230090e+04 
1.70603040881150e-01 7.63764330253664e+04 
1.70740852140904e-01 7.62957643133458e+04 
1.70880695624123e-01 7.62234374540577e+04 
1.71018568469500e-01 7.61581520865233e+04 
1.71158413512290e-01 7.61010077391466e+04 
1.71296371914059e-01 7.60497109463932e+04 
1.71436255585305e-01 7.60100605980545e+04 
1.71574314911363e-01 7.59700254708706e+04 
1.71716979106816e-01 7.59272031724036e+04 
1.71855162017205e-01 7.58854942868251e+04 
1.71996690984334e-01 7.58423350277362e+04 
1.72135015940011e-01 7.58105937954300e+04 
1.72277472885578e-01 7.57900547053204e+04 
1.72415942590865e-01 7.57919417057581e+04 
1.72559077213008e-01 7.58243612934103e+04 
1.72697657054763e-01 7.58862607149406e+04 
1.72842516390014e-01 7.59959724203949e+04 
1.72981209774267e-01 7.61507625144925e+04 
1.73126430089363e-01 7.63608227613294e+04 
1.73280878753423e-01 7.66360209673630e+04 
1.73444281906376e-01 7.69768477505603e+04 
1.73607700825751e-01 7.73792507042038e+04 
1.73771072833798e-01 7.78364668716509e+04 
1.73934484305614e-01 7.83404951127114e+04 
1.74097918194798e-01 7.88963942488764e+04 
1.74261428126395e-01 7.94908044075332e+04 
1.74418990702000e-01 8.01109389304330e+04 
1.74582734051138e-01 8.07901877049921e+04 
1.74740259745344e-01 8.14680214799379e+04 
1.74904380885438e-01 8.21772821934631e+04 
1.75061920382545e-01 8.28577224271960e+04 
1.75225354301904e-01 8.36180221485857e+04 
1.75382972076503e-01 8.42950171226445e+04 
1.75545105955640e-01 8.49419267378034e+04 
1.75702802168392e-01 8.55227873467595e+04 
1.75864256317564e-01 8.60846260498654e+04 
1.76022085828695e-01 8.66048853615915e+04 
1.76183249493012e-01 8.70661211501146e+04 
1.76341324223731e-01 8.74910314772988e+04 
1.76502502479651e-01 8.79352155433359e+04 
1.76660959976271e-01 8.83707081547287e+04 
1.76822436510991e-01 8.88031627413715e+04 
1.76981447600599e-01 8.92065354966043e+04 
1.77143522277465e-01 8.96003140177036e+04 
1.77303304056297e-01 8.99501732082670e+04 
1.77466327618726e-01 9.02606350706299e+04 
1.77627160412223e-01 9.05358979538573e+04 
1.77793954789483e-01 9.07860865605200e+04 
1.77955938230375e-01 9.09910511753385e+04 
1.78124736747152e-01 9.11597299101883e+04 
1.78288335995782e-01 9.12800813221320e+04 
1.78459859788907e-01 9.13638594325773e+04 
1.78625612842179e-01 9.14067590052072e+04 
1.78800195480857e-01 9.14488047766620e+04 
1.78974629119683e-01 9.14406128226110e+04 
1.79149272924252e-01 9.13891746934417e+04 
1.79323776032412e-01 9.13069974801195e+04 
1.79498507131779e-01 9.11961762873315e+04 
1.79661306561207e-01 9.10749628941473e+04 
1.79824276636764e-01 9.09363425241208e+04 
1.79987275432672e-01 9.07680383804950e+04 
1.80150387944067e-01 9.05917012870292e+04 
1.80308731788804e-01 9.04231151453990e+04 
1.80471623143757e-01 9.02543911929772e+04 
1.80630026017152e-01 9.00932153195755e+04 
1.80792277776671e-01 8.99266517014174e+04 
1.80950779275573e-01 8.97609044112883e+04 
1.81112748010201e-01 8.95876541532861e+04 
1.81271520282121e-01 8.94099266373082e+04 
1.81433609863940e-01 8.92209515038635e+04 
1.81592897921752e-01 8.90260358724584e+04 
1.81755538955800e-01 8.88154893835157e+04 
1.81915647152452e-01 8.86005130675633e+04 
1.82079322069263e-01 8.83728832867597e+04 
1.82240629673757e-01 8.81395123788971e+04 
1.82405752103983e-01 8.78908336288901e+04 
1.82568425280707e-01 8.76380013028345e+04 
1.82734446905928e-01 8.73726294218989e+04 
1.82899070471681e-01 8.71031345945916e+04 
1.83066161687811e-01 8.68236316652817e+04 
1.83233390700515e-01 8.65393581202124e+04 
1.83401834486828e-01 8.62488281359652e+04 
1.83571643018987e-01 8.59528221043963e+04 
1.83741868614101e-01 8.56533350554118e+04 
1.83913861671607e-01 8.53500409364112e+04 
1.84087265813509e-01 8.50453528830904e+04 
1.84262015149223e-01 8.47382765320897e+04 
1.84437476003999e-01 8.44304351147718e+04 
1.84612352042499e-01 8.41257241544058e+04 
1.84787833738145e-01 8.38228470652202e+04 
1.84962877032532e-01 8.35242264530059e+04 
1.85138306566489e-01 8.32290230770373e+04 
1.85296963840409e-01 8.29659784875809e+04 
1.85461149398828e-01 8.26981271880137e+04 
1.85621099555067e-01 8.24417465598312e+04 
1.85784605608606e-01 8.21846605908797e+04 
1.85945556045185e-01 8.19367608628248e+04 
1.86110223675558e-01 8.16886419165078e+04 
1.86272251369065e-01 8.14501230101078e+04 
1.86434161453124e-01 8.12174583781267e+04 
1.86595798910215e-01 8.09909492522669e+04 
1.86757224693017e-01 8.07705029331958e+04 
1.86918459088271e-01 8.05561232609186e+04 
1.87079463328678e-01 8.03478308039095e+04 
1.87240394052349e-01 8.01454021721166e+04 
1.87401133725802e-01 7.99488132327191e+04 
1.87561939090306e-01 7.97576947625417e+04 
1.87722616009357e-01 7.95721459781390e+04 
1.87883481662157e-01 7.93917424183528e+04 
1.88044644857868e-01 7.92162298234239e+04 
1.88206209589945e-01 7.90454175972806e+04 
1.88368192688247e-01 7.88791159596272e+04 
1.88530589271948e-01 7.87171729107735e+04 
1.88693359850885e-01 7.85593683697434e+04 
1.88856472745293e-01 7.84053312565565e+04 
1.89019891013776e-01 7.82550453079311e+04 
1.89183634299083e-01 7.81078928841429e+04 
1.89347946290500e-01 7.79634616121552e+04 
1.89513849448827e-01 7.78207731002364e+04 
1.89681236547926e-01 7.76796874701629e+04 
1.89850643026441e-01 7.75395003308814e+04 
1.90021864850058e-01 7.74000653336493e+04 
1.90195451277683e-01 7.72607142793946e+04 
1.90371367729208e-01 7.71208765886025e+04 
1.90530564477264e-01 7.69955886450500e+04 
1.90697353313937e-01 7.68634854485153e+04 
1.90860098744185e-01 7.67360054962539e+04 
1.91031036449257e-01 7.66034684402015e+04 
1.91196845090829e-01 7.64759056069198e+04 
1.91372417780767e-01 7.63412156708229e+04 
1.91541809224806e-01 7.62128180798322e+04 
1.91718678235370e-01 7.60782651196864e+04 
1.91879876710754e-01 7.59536136351428e+04 
1.92040924075033e-01 7.58280153954388e+04 
1.92201886745446e-01 7.57006428818107e+04 
1.92362961076848e-01 7.55729551336728e+04 
1.92524102195651e-01 7.54451531931327e+04 
1.92685502368684e-01 7.53174923373989e+04 
1.92847035032623e-01 7.51908649006838e+04 
1.93008842859566e-01 7.50649815917944e+04 
1.93170763545533e-01 7.49398595918397e+04 
1.93332921396550e-01 7.48156178104868e+04 
1.93495152892462e-01 7.46925247979638e+04 
1.93657588073242e-01 7.45707224619159e+04 
1.93820076048803e-01 7.44505208987809e+04 
1.93982753307654e-01 7.43320207708627e+04 
1.94145494296504e-01 7.42156481431273e+04 
1.94308399918065e-01 7.41013601801149e+04 
1.94471378698179e-01 7.39894291849812e+04 
1.94634530929056e-01 7.38799710008926e+04 
1.94798276549260e-01 7.37731289013376e+04 
1.94962905629733e-01 7.36689241852233e+04 
1.95129165503261e-01 7.35666919602552e+04 
1.95296943527071e-01 7.34671424016948e+04 
1.95457714653600e-01 7.33755991793873e+04 
1.95627554977999e-01 7.32839155796627e+04 
1.95793826414049e-01 7.31990821806098e+04 
1.95967841404748e-01 7.31162270643873e+04 
1.96140229644516e-01 7.30371356763325e+04 
1.96318275835949e-01 7.29613569273985e+04 
1.96496526454502e-01 7.28946444862734e+04 
1.96675096413539e-01 7.28352527202897e+04 
1.96853552643770e-01 7.27829910321330e+04 
1.97032315161776e-01 7.27366572735626e+04 
1.97210961185738e-01 7.26954647757233e+04 
1.97389919066887e-01 7.26651528407110e+04 
1.97553731067069e-01 7.26383556700055e+04 
1.97717695632903e-01 7.26133261711076e+04 
1.97881640303179e-01 7.25904707251438e+04 
1.98045691650818e-01 7.25719384603362e+04 
1.98209691947829e-01 7.25583544896009e+04 
1.98373815137299e-01 7.25492515672309e+04 
1.98537905721593e-01 7.25462420048642e+04 
1.98702158946008e-01 7.25497092696594e+04 
1.98866417496519e-01 7.25600263545469e+04 
1.99030881868698e-01 7.25780055948900e+04 
1.99195394385251e-01 7.26019373090182e+04 
1.99360150100668e-01 7.26322052825162e+04 
1.99524994869477e-01 7.26670425010474e+04 
1.99690109968321e-01 7.27077716087932e+04 
1.99855352288550e-01 7.27542667203712e+04 
2.00020889038554e-01 7.28065002768370e+04 
2.00186599442350e-01 7.28643428966563e+04 
